18.8975
1.79603
1.80958
1.82111
1.85802
1.86533
1.90202
1.92352
1.94596
1.95923
1.9716
2.03521
2.0612
2.06965
2.09635
2.12999
2.14913
2.16548
2.19987
2.20355
2.2219
2.22789
2.26684
2.32311
2.34242
2.36543
2.36377
2.38849
2.38423
2.41648
2.44533
2.46842
2.50293
2.52937
2.56557
2.5628
2.58128
2.60521
2.60118
2.62485
2.64207
2.66976
2.68482
2.7123
2.73082
2.75031
2.76528
2.7896
2.78814
2.82285
2.81338
2.81022
2.85341
2.83198
2.87957
2.87916
2.90344
2.91665
2.91266
2.92226
2.91153
2.91804
2.92235
2.94605
2.95444
2.97527
2.99575
2.99025
3.00351
3.02348
3.02427
3.00294
3.04679
3.00731
3.03405
3.04674
3.04596
3.05292
3.09041
3.06843
3.084
3.09253
3.13005
3.10825
3.10599
3.10807
3.11586
3.12994
3.10439
3.13202
3.16282
3.15092
3.15686
3.15065
3.13321
3.13216
3.18303
3.17014
3.17096
3.18805
3.17512
3.20191
3.19502
3.19258
3.22104
3.22332
3.23063
3.23711
3.23632
3.22724
3.23425
3.24676
3.23931
3.23367
3.24336
3.2543
3.26079
3.24033
3.25618
3.26098
3.25065
3.25388
3.28015
3.25494
3.27151
3.28034
3.2991
3.28827
3.26539
3.2908
3.29219
3.32243
3.292
3.27525
3.30615
3.3038
3.29463
3.30507
3.31368
3.31148
3.30416
3.29613
3.31006
3.29242
3.31941
3.31224
3.29514
3.29604
3.31467
3.31135
3.30291
3.33092
3.33906
3.33095
3.34648
3.30751
3.32946
3.32782
3.31976
3.3383
3.34148
3.34223
3.32334
3.34294
3.34508
3.35606
3.3593
3.32565
3.35507
3.33704
3.35114
3.34254
3.34718
3.33375
3.33111
3.33593
3.316
3.33865
3.35287
3.33632
3.34189
3.36006
3.35184
3.33698
3.31803
3.33954
3.33735
3.34218
3.3531
3.36657
3.36261
3.37415
3.36524
3.35824
3.34102
3.36373
3.33827
3.36141
3.37449
3.35996
3.39088
3.35754
3.36323
3.3788
3.37446
3.36971
3.37031
3.35305
3.36979
3.35326
3.38608
3.36744
3.36853
3.35334
3.36611
3.37999
3.3646
3.37805
3.3649
3.38095
3.39679
3.36858
3.38373
3.3869
3.38983
3.36184
3.38422
3.39009
3.37777
3.39966
3.38106
3.38178
3.42148
3.3987
3.36423
3.36988
3.36781
3.41414
3.38873
3.37955
3.40894
3.36897
3.40788
3.38491
3.38909
3.37225
3.36979
3.38395
3.39822
3.392
3.39234
3.37407
3.38032
3.40551
3.38045
3.38272
3.39424
3.4046
3.41144
3.39124
3.37476
3.3776
3.39529
3.38536
3.43036
3.39083
3.40179
3.40781
3.38582
3.37984
3.41241
3.39361
3.41018
3.38534
3.37661
3.41918
3.39443
3.39386
3.41118
3.39566
3.3993
3.39119
3.38546
3.41792
3.42329
3.39496
3.413
3.39886
3.41256
3.40572
3.39699
3.38676
3.37921
3.38987
3.39536
3.40991
3.41205
3.38522
3.38269
3.392
3.40519
3.39536
3.41795
3.40573
3.3971
3.40178
3.41324
3.37376
3.40869
3.38424
3.39828
3.40127
3.40316
3.41688
3.40845
3.37715
3.40436
3.39835
3.42465
3.41428
3.41838
3.40984
3.40938
3.40058
3.40039
3.40613
3.37928
3.39676
3.4088
3.41352
3.41466
3.39491
3.39526
3.37552
3.41547
3.40095
3.38257
3.41877
3.39246
3.41755
3.39932
3.41121
3.39808
3.38986
3.42495
3.40379
3.40143
3.40427
3.38692
3.42533
3.39021
3.40546
3.38485
3.40217
3.42879
3.41118
3.40955
3.41656
3.38372
3.40448
3.41644
3.41798
3.40426
3.43591
3.39523
3.42531
3.38055
3.41046
3.41679
3.41719
3.39739
3.38297
3.38604
3.42143
3.42072
3.39586
3.40098
3.38781
3.38926
3.37534
3.40899
3.41912
3.40798
3.3989
3.39947
3.40498
3.39838
3.4134
3.40604
3.39509
3.41322
3.40632
3.39938
3.38367
3.40259
3.404
3.41418
3.38744
3.38827
3.40606
3.40372
3.40622
3.40078
3.39755
3.40872
3.40382
3.39344
3.40196
3.41261
3.44353
3.38393
3.40841
3.38901
3.3979
3.41185
3.39495
3.41317
3.38927
3.41273
3.40289
3.39949
3.38416
3.39167
3.38376
3.43266
3.40941
3.40975
3.39462
3.38211
3.39809
3.40982
3.41582
3.4066
3.40809
3.38908
3.42009
3.39964
3.40497
3.38889
3.38106
3.38637
3.41667
3.41034
3.38784
3.42307
3.41285
3.38621
3.40932
3.40218
3.40181
3.42256
3.39329
3.41642
3.40056
3.40748
3.42206
3.41054
3.41156
3.4032
3.387
3.39947
3.4
3.39911
3.39
3.40937
3.4104
3.38876
3.41108
3.39945
3.38367
3.42227
3.3967
3.40218
3.42177
3.41995
3.40852
3.38746
3.41882
3.39302
3.40405
3.41567
3.40637
3.42763
3.39077
3.41243
3.41248
3.40652
3.39282
3.404
3.39774
3.40377
3.40571
3.40948
3.41485
3.43101
3.42753
3.3976
3.41328
3.39184
3.40898
3.42266
3.41136
3.42549
3.40635
3.39234
3.40128
3.42244
3.3834
3.40167
3.43764
3.41326
3.4025
3.38235
3.40056
3.40764
3.40162
3.41323
3.42637
3.39919
3.42092
3.41234
3.41518
3.43335
3.39622
3.4294
3.39109
3.39335
3.40854
3.40965
3.39558
3.40379
3.41435
3.40789
3.41578
3.43159
3.40046
3.40667
3.42246
3.40864
3.41284
3.41788
3.41264
3.38842
3.39709
3.39346
3.40499
3.41113
3.39712
3.39542
3.40576
3.4035
3.3962
3.38363
3.40915
3.41086
3.4324
3.40431
3.42132
3.42994
3.40197
3.38506
3.41541
3.39178
3.40226
3.3918
3.3968
3.41057
3.40858
3.4038
3.4286
3.40581
3.41158
3.41789
3.39439
3.4125
3.41683
3.39615
3.40529
3.40688
3.40853
3.42273
3.39487
3.40874
3.4054
3.38749
3.41091
3.41682
3.38846
3.39935
3.39834
3.36704
3.44439
3.41298
3.38796
3.39974
3.38427
3.40425
3.3977
3.39205
3.38162
3.43851
3.40125
3.39206
3.38976
3.41329
3.40133
3.40363
3.39906
3.41163
3.40875
3.37168
3.42072
3.40495
3.42576
3.42609
3.39632
3.42184
3.42441
3.37907
3.40154
3.39513
3.4201
3.41597
3.42658
3.40303
3.41303
3.39654
3.39579
3.43328
3.38939
3.40136
3.39841
3.39214
3.39113
3.40475
3.41488
3.41633
3.39679
3.39693
3.40178
3.40654
3.39417
3.39349
3.38543
3.40929
3.39709
3.40372
3.43203
3.41565
3.40081
3.39786
3.40471
3.43297
3.40141
3.41334
3.38766
3.41404
3.43062
3.41252
3.40847
3.42649
3.39504
3.42828
3.41304
3.40498
3.40172
3.40828
3.40046
3.39359
3.41277
3.40452
3.41175
3.403
3.38489
3.39074
3.4022
3.41657
3.39708
3.40992
3.41299
3.39429
3.38201
3.39275
3.41422
3.41103
3.3866
3.39946
3.41127
3.41997
3.41189
3.42032
3.39533
3.40335
3.43369
3.4172
3.40055
3.38655
3.415
3.4023
3.37894
3.4016
3.40888
3.39
3.39961
3.4
3.40012
3.41343
3.42099
3.39769
3.41411
3.39621
3.41562
3.40795
3.41008
3.41996
3.39864
3.38338
3.42822
3.39869
3.39715
3.40803
3.37244
3.39544
3.4251
3.41146
3.40392
3.40467
3.40166
3.39818
3.39767
3.40803
3.41584
3.41001
3.39672
3.41517
3.39495
3.4027
3.4328
3.40249
3.39077
3.39961
3.39579
3.4149
3.39942
3.37685
3.41275
3.41318
3.40133
3.41435
3.41695
3.4015
3.40192
3.3864
3.41022
3.40968
3.42035
3.40915
3.40261
3.41588
3.39937
3.39942
3.39962
3.4108
3.39566
3.40604
3.40173
3.39959
3.39868
3.40305
3.40338
3.39646
3.39512
3.40817
3.39985
3.39758
3.37241
3.40788
3.43023
3.40609
3.38104
3.41389
3.40846
3.41221
3.41958
3.41673
3.424
3.40256
3.40808
3.38222
3.42365
3.40092
3.39226
3.38556
3.41718
3.39777
3.3799
3.39896
3.38283
3.39451
3.40552
3.40612
3.42279
3.40364
3.41791
3.39228
3.42042
3.42461
3.39488
3.41746
3.4028
3.42278
3.40083
3.41061
3.41983
3.42318
3.408
3.39225
3.40577
3.4097
3.38784
3.40621
3.39801
3.4329
3.40815
3.43849
3.39676
3.40145
3.41189
3.40688
3.39936
3.40748
3.41765
3.39476
3.41907
3.39843
3.41449
3.39013
3.39372
3.39505
3.38281
3.3969
3.41028
3.39728
3.42223
3.42673
3.39864
3.40533
3.40364
3.39072
3.39284
3.39166
3.3908
3.42618
3.41464
3.43021
3.39821
3.41627
3.39194
3.41654
3.40247
3.3968
3.39252
3.39736
3.40372
3.43773
3.40589
3.41294
3.41916
3.41433
3.38044
3.43885
3.41337
3.41038
3.40426
3.40962
3.42231
3.43509
3.42111
3.40106
3.41138
3.39392
3.4
3.39824
3.43116
3.40549
3.38991
3.40671
3.42937
3.41255
3.40708
3.44229
3.39672
3.4058
3.4077
3.3876
3.419
3.3965
3.42843
3.43818
3.41285
3.41508
3.38421
3.39741
3.3861
3.41249
3.37578
3.43595
3.40918
3.40012
3.40841
3.41372
3.41267
3.42756
3.43115
3.42237
3.40431
3.40555
3.41153
3.43185
3.4113
3.41389
3.42935
3.41143
3.41615
3.41861
3.40017
3.40818
3.41468
3.42035
3.4013
3.40792
3.39303
3.38645
3.42067
3.39376
3.4277
3.39886
3.39066
3.40897
3.42037
3.41689
3.3812
3.40607
3.39539
3.41151
3.39998
3.39243
3.40383
3.41831
3.41275
3.38494
3.41128
3.39587
3.40804
3.4133
3.40016
3.40593
3.42638
3.40566
3.40904
3.39439
3.3874
3.39908
3.40008
3.38909
3.39647
3.43064
3.40121
3.42535
3.38567
3.41398
3.41699
3.39199
3.43133
3.40351
3.39385
3.39156
3.42277
3.3846
3.40089
3.38473
3.42974
3.42171
3.42092
3.40903
3.40807
3.39261
3.40882
3.4089
3.39579
3.40153
3.43033
3.42517
3.39584
3.40821
3.39851
3.39835
3.39293
3.38856
3.40844
3.39574
3.4187
3.38903
3.39436
3.41702
3.393
3.39656
3.40255
3.40478
3.41523
3.42313
3.39529
3.38725
3.42664
3.42113
3.3848
3.38651
3.39343
3.40888
3.39891
3.39714
3.39923
3.4044
3.42609
3.39619
3.4392
3.40146
3.39076
3.39723
3.39951
3.4221
3.40805
3.41322
3.38448
3.44622
3.3747
3.40191
3.40599
3.42401
3.40278
3.40492
3.40834
3.39481
3.40731
3.39334
3.40334
3.39361
3.41189
3.40144
3.4124
3.40058
3.4108
3.43852
3.38225
3.41903
3.38374
3.41771
3.42654
3.39671
3.4185
3.3938
3.41812
3.40392
3.42673
3.42527
3.38958
3.38042
3.41641
3.3944
3.41554
3.40937
3.3937
3.41703
3.41143
3.40764
3.40688
3.41182
3.4245
3.40919
3.41568
3.41822
3.4274
3.38836
3.40254
3.41824
3.41855
3.38101
3.40847
3.39763
3.39836
3.38808
3.40334
3.41156
3.38108
3.40072
3.43737
3.41659
3.40338
3.41552
3.39
3.40348
3.41737
3.41997
3.39737
3.3933
3.36917
3.38976
3.39133
3.40215
3.40924
3.38886
3.42126
3.41343
3.38871
3.4308
3.40109
3.40176
3.41193
3.4029
3.4155
3.39243
3.40435
3.41841
3.40139
3.40043
3.41363
3.38268
3.40822
3.41058
3.4162
3.41365
3.42923
3.42457
3.41731
3.39994
3.41855
3.39672
3.41421
3.39882
3.38135
3.40347
3.41959
3.40235
3.40405
3.41315
3.40221
3.40318
3.40745
3.40684
3.40371
3.40609
3.39197
3.40904
3.42765
3.43406
3.41036
3.40659
3.40322
3.40281
3.40389
3.39697
3.4067
3.38418
3.37868
3.3883
3.37853
3.41387
3.38889
3.42188
3.41629
3.43138
3.39742
3.42964
3.40992
3.39312
3.40127
3.41528
3.4048
3.39687
3.40478
3.39606
3.40904
3.41062
3.42641
3.42535
3.42103
3.43408
3.40247
3.41234
3.39925
3.42326
3.39797
3.40176
3.40022
3.41899
3.40966
3.42569
3.41744
3.42218
3.41882
3.38371
3.41304
3.39288
3.44071
3.4083
3.44574
3.40642
3.41443
3.39565
3.40896
3.40565
3.44801
3.39444
3.40642
3.39781
3.42182
3.38383
3.39982
3.38866
3.41386
3.39508
3.42341
3.43535
3.38509
3.41422
3.40365
3.40142
3.41178
3.39939
3.39689
3.40743
3.40022
3.40962
3.38146
3.41001
3.42935
3.40346
3.40685
3.43582
3.38063
3.40995
3.38564
3.4171
3.40187
3.39227
3.39493
3.41419
3.41569
3.4163
3.41897
3.41057
3.41214
3.39871
3.41802
3.42901
3.41711
3.41122
3.42465
3.39458
3.39021
3.40104
3.37876
3.39353
3.41184
3.42091
3.40741
3.39648
3.39131
3.39643
3.4076
3.39954
3.38886
3.40954
3.41269
3.40215
3.40302
3.4124
3.41142
3.41931
3.40409
3.39266
3.41133
3.38967
3.39769
3.38685
3.39619
3.40036
3.3998
3.39859
3.4107
3.40236
3.3852
3.40633
3.41455
3.38438
3.41694
3.41069
3.39553
3.38153
3.39713
3.40581
3.42084
3.43073
3.41446
3.39478
3.39882
3.42575
3.41064
3.38521
3.40343
3.41054
3.4039
3.40655
3.41373
3.39517
3.40759
3.40298
3.39239
3.40102
3.42791
3.42802
3.40665
3.39677
3.43518
3.39804
3.4075
3.41863
3.39712
3.38648
3.40653
3.4025
3.41209
3.39598
3.41116
3.4011
3.40343
3.39105
3.44031
3.39517
3.40563
3.42607
3.40122
3.40948
3.40303
3.40609
3.39737
3.39841
3.4103
3.40891
3.41718
3.37956
3.41224
3.41778
3.41786
3.41917
3.40136
3.40634
3.4087
3.39509
3.41176
3.412
3.40005
3.39252
3.39553
3.40837
3.40464
3.41026
3.41904
3.42811
3.40473
3.39761
3.40103
3.42663
3.40691
3.41194
3.40235
3.41218
3.39355
3.40812
3.39604
3.38191
3.40226
3.4061
3.39785
3.39711
3.41709
3.40187
3.40073
3.42895
3.41217
3.41989
3.40275
3.41791
3.41656
3.40739
3.40973
3.39644
3.39276
3.42199
3.41692
3.41734
3.38163
3.41492
3.40246
3.44222
3.43029
3.39281
3.39138
3.39663
3.41163
3.39316
3.41049
3.39689
3.40438
3.39396
3.42052
3.39558
3.39744
3.41602
3.38629
3.41148
3.38355
3.38754
3.40732
3.39777
3.41015
3.392
3.42287
3.4097
3.4066
3.40716
3.4043
3.40515
3.40193
3.39169
3.40231
3.41725
3.38517
3.40343
3.40794
3.42068
3.41536
3.41668
3.38574
3.42817
3.41468
3.38594
3.39526
3.40476
3.39652
3.43115
3.40678
3.38326
3.4062
3.39068
3.4193
3.40063
3.40565
3.41345
3.38993
3.42688
3.39542
3.41665
3.40621
3.41742
3.4271
3.41196
3.39674
3.39956
3.42542
3.3993
3.39954
3.4017
3.39356
3.40524
3.41574
3.42636
3.42889
3.42113
3.41976
3.39718
3.39836
3.41566
3.4111
3.39321
3.38948
3.3941
3.42532
3.40313
3.41101
3.41405
3.40715
3.41483
3.41285
3.41323
3.40521
3.42308
3.38956
3.40459
3.39942
3.40316
3.41542
3.40161
3.38601
3.39746
3.43227
3.39629
3.40598
3.38156
3.40713
3.40813
3.41951
3.40782
3.40272
3.42137
3.38941
3.39352
3.4055
3.41743
3.39087
3.38791
3.4061
3.42488
3.42991
3.39373
3.40472
3.41037
3.39796
3.37304
3.40662
3.41388
3.40847
3.43183
3.40797
3.43869
3.38722
3.39084
3.40289
3.39309
3.41001
3.394
3.42842
3.41397
3.40608
3.41213
3.40661
3.40802
3.39716
3.41259
3.3972
3.39485
3.39448
3.4065
3.40126
3.42163
3.41298
3.40249
3.40277
3.39634
3.42194
3.41734
3.41141
3.4131
3.39526
3.41573
3.41991
3.41174
3.39473
3.39486
3.39623
3.40167
3.3985
3.41444
3.42244
3.38846
3.41205
3.41382
3.39123
3.40057
3.39551
3.41038
3.40247
3.43376
3.38708
3.39429
3.39211
3.39071
3.38829
3.40845
3.423
3.4292
3.39161
3.41427
3.40258
3.42629
3.43134
3.40546
3.41499
3.40705
3.41159
3.38621
3.43668
3.3982
3.40676
3.40068
3.40681
3.41655
3.40792
3.39289
3.40217
3.41247
3.384
3.38437
3.42274
3.37571
3.38549
3.40826
3.40168
3.40248
3.41006
3.41362
3.4126
3.4214
3.41719
3.43457
3.4224
3.41927
3.43402
3.41012
3.40455
3.39597
3.39161
3.39884
3.40407
3.40916
3.40012
3.41197
3.39956
3.39402
3.4028
3.39451
3.40268
3.39626
3.39302
3.4048
3.40991
3.40962
3.40377
3.38897
3.39405
3.41992
3.43041
3.40625
3.40265
3.41324
3.38341
3.39961
3.38955
3.42383
3.39632
3.39146
3.4123
3.39847
3.38951
3.39291
3.39502
3.40841
3.41921
3.39612
3.40247
3.40302
3.38616
3.40979
3.42364
3.40015
3.42138
3.37306
3.41172
3.42022
3.42113
3.42896
3.41877
3.41266
3.42441
3.40663
3.41675
3.38807
3.40071
3.40018
3.40234
3.40445
3.40096
3.40814
3.40221
3.38464
3.40561
3.42501
3.40866
3.39355
3.39749
3.38815
3.39799
3.40737
3.39949
3.38751
3.40027
3.42744
3.40105
3.40616
3.42179
3.39923
3.38168
3.42463
3.42989
3.41099
3.41194
3.41269
3.38826
3.40879
3.41086
3.39902
3.40275
3.42146
3.38973
3.41307
3.39346
3.40998
3.41933
3.40849
3.40349
3.37189
3.41763
3.42718
3.4138
3.43526
3.41725
3.40369
3.4077
3.39808
3.40866
3.40058
3.40393
3.36679
3.39503
3.41804
3.41897
3.39549
3.42218
3.39707
3.41605
3.38864
3.40377
3.42152
3.39005
3.41844
3.40734
3.43773
3.38917
3.39847
3.41449
3.4011
3.40228
3.39781
3.42486
3.38482
3.39635
3.41504
3.39321
3.40533
3.4027
3.40237
3.38641
3.4166
3.39023
3.41061
3.40592
3.43569
3.41943
3.41423
3.4251
3.41605
3.42398
3.39669
3.40045
3.3914
3.43029
3.41084
3.38805
3.41785
3.42479
3.38993
3.42258
3.41143
3.41922
3.37804
3.39691
3.40719
3.39606
3.38682
3.40374
3.40054
3.39896
3.40289
3.43769
3.40047
3.41257
3.39005
3.41437
3.39077
3.43174
3.41273
3.41492
3.40923
3.38046
3.40941
3.39174
3.42313
3.39636
3.40231
3.41383
3.42018
3.39162
3.42777
3.40461
3.39795
3.43766
3.39295
3.40481
3.39727
3.41329
3.41246
3.41503
3.39345
3.39006
3.38986
3.40557
3.41
3.40187
3.40742
3.40847
3.40236
3.43042
3.43023
3.38581
3.38236
3.40164
3.41318
3.38957
3.39284
3.39293
3.43096
3.41131
3.42592
3.3869
3.38754
3.40281
3.39048
3.4147
3.41047
3.4041
3.40397
3.43975
3.4017
3.39961
3.40718
3.40071
3.3786
3.41103
3.37921
3.38991
3.42419
3.41107
3.405
3.38464
3.44496
3.40001
3.42782
3.40949
3.39962
3.40756
3.39442
3.40637
3.42906
3.41809
3.39781
3.43969
3.40903
3.40221
3.38274
3.40836
3.41759
3.41418
3.4019
3.41813
3.39837
3.41905
3.40178
3.39211
3.38632
3.39315
3.40372
3.42751
3.39069
3.39202
3.39382
3.42568
3.40437
3.39471
3.40895
3.39923
3.41707
3.41547
3.40393
3.42577
3.40343
3.40668
3.40769
3.40388
3.38375
3.42571
3.39656
3.39632
3.3896
3.41224
3.40544
3.39842
3.41055
3.39649
3.39606
3.41679
3.4045
3.38371
3.41232
3.40096
3.39415
3.42916
3.41932
3.4337
3.38754
3.41488
3.40345
3.39236
3.41261
3.40077
3.39183
3.40269
3.39639
3.40085
3.42583
3.40919
3.40752
3.38416
3.39063
3.40114
3.38907
3.38352
3.41688
3.41405
3.41177
3.37684
3.40106
3.41302
3.40923
3.38493
3.40763
3.39931
3.42978
3.39949
3.41876
3.37222
3.39322
3.41512
3.4237
3.42361
3.41656
3.40205
3.41468
3.4172
3.41976
3.39044
3.41182
3.38125
3.41717
3.4061
3.39303
3.38653
3.3817
3.41108
3.41719
3.38323
3.42496
3.39012
3.38463
3.40485
3.39967
3.39815
3.39483
3.41189
3.41861
3.42315
3.40278
3.42687
3.38335
3.39527
3.41655
3.41012
3.37418
3.38383
3.42378
3.4085
3.41556
3.40161
3.40855
3.38602
3.40951
3.38131
3.41984
3.41052
3.39534
3.41101
3.40725
3.4139
3.39848
3.41595
3.3974
3.4106
3.38451
3.41721
3.40389
3.37901
3.40612
3.41284
3.42245
3.40064
3.39638
3.41277
3.38362
3.36871
3.41351
3.44102
3.40682
3.40619
3.41877
3.39031
3.42154
3.40388
3.39763
3.41882
3.41889
3.39885
3.42647
3.41196
3.42118
3.4315
3.39363
3.40066
3.39435
3.41667
3.42412
3.40497
3.42059
3.37963
3.40174
3.40042
3.40048
3.38176
3.40069
3.39177
3.37953
3.39187
3.39511
3.4019
3.42263
3.40714
3.40837
3.42424
3.39579
3.39752
3.40815
3.41304
3.41259
3.40713
3.40471
3.40191
3.41081
3.38635
3.43037
3.43212
3.42551
3.41926
3.43462
3.40741
3.39964
3.40167
3.42223
3.38976
3.42841
3.42096
3.39681
3.42887
3.38443
3.40561
3.38738
3.41035
3.40118
3.41395
3.41054
3.36579
3.39571
3.42786
3.40794
3.40942
3.41788
3.41298
3.38508
3.39892
3.4312
3.38897
3.39965
3.39166
3.40018
3.40604
3.42718
3.39887
3.42125
3.41942
3.40388
3.41654
3.40331
3.40537
3.40905
3.39364
3.36936
3.39332
3.4207
3.40602
3.39886
3.4066
3.40416
3.39593
3.39983
3.41455
3.41622
3.41659
3.40211
3.40516
3.405
3.40496
3.38638
3.41206
3.4152
3.3779
3.40514
3.40021
3.38978
3.41391
3.42225
3.4055
3.3898
3.40518
3.41557
3.39747
3.41466
3.42426
3.40729
3.3923
3.39628
3.39809
3.41198
3.40458
3.42222
3.40176
3.41358
3.40234
3.41335
3.40871
3.41898
3.38312
3.39867
3.40885
3.40619
3.40476
3.4054
3.39859
3.40052
3.42299
3.39415
3.41407
3.39706
3.40544
3.41442
3.40842
3.41246
3.3945
3.37505
3.39434
3.38406
3.39977
3.42202
3.41849
3.37738
3.39297
3.38673
3.38842
3.40413
3.4161
3.44108
3.42495
3.41873
3.41261
3.41215
3.40225
3.41769
3.42324
3.41933
3.39166
3.38257
3.40635
3.42593
3.40423
3.41272
3.42913
3.41269
3.4259
3.39391
3.43468
3.40758
3.39321
3.3909
3.41374
3.40568
3.39567
3.4039
3.40559
3.40202
3.39599
3.41329
3.40188
3.39217
3.39084
3.41189
3.4038
3.41088
3.39571
3.39697
3.40368
3.405
3.39538
3.40615
3.39911
3.41103
3.40358
3.43194
3.42338
3.397
3.39477
3.40477
3.42499
3.39405
3.41914
3.4
3.38872
3.39437
3.41178
3.40016
3.37521
3.41028
3.39731
3.4457
3.40545
3.40848
3.41432
3.40342
3.41651
3.41343
3.38956
3.3945
3.43598
3.42222
3.3999
3.39113
3.42051
3.41466
3.40201
3.39718
3.39509
3.4059
3.39996
3.4159
3.39788
3.39445
3.40467
3.4174
3.40524
3.4052
3.41146
3.4027
3.4119
3.40255
3.43065
3.38899
3.40254
3.37469
3.39136
3.40705
3.38801
3.40676
3.39076
3.40732
3.41371
3.41004
3.42018
3.40382
3.41023
3.40874
3.40492
3.38201
3.40253
3.4303
3.43088
3.41248
3.41133
3.38749
3.40324
3.42743
3.40405
3.39454
3.41569
3.40297
3.38887
3.38493
3.41538
3.39921
3.39773
3.41661
3.41958
3.41079
3.40135
3.41562
3.40577
3.40271
3.40341
3.40816
3.39157
3.38868
3.41555
3.39952
3.41577
3.40379
3.39058
3.4271
3.40049
3.41789
3.40247
3.42203
3.40323
3.40367
3.40228
3.41837
3.41782
3.40498
3.43294
3.40223
3.38328
3.40659
3.40802
3.3985
3.40478
3.43083
3.42463
3.40093
3.3899
3.41498
3.38044
3.43178
3.42097
3.40943
3.39084
3.41013
3.39536
3.38641
3.40809
3.41502
3.41287
3.38742
3.36682
3.41618
3.39451
3.41356
3.38739
3.41477
3.4228
3.42371
3.40103
3.39462
3.41757
3.38879
3.37795
3.38524
3.40312
3.39617
3.41453
3.40209
3.40814
3.39406
3.39916
3.40501
3.39391
3.39502
3.41683
3.41008
3.42506
3.41269
3.40799
3.40919
3.40648
3.41147
3.41113
3.40122
3.40084
3.38878
3.38744
3.38585
3.40624
3.42154
3.39008
3.40224
3.38687
3.41387
3.38825
3.40209
3.44461
3.40787
3.41317
3.37784
3.38866
3.40582
3.39385
3.40963
3.41605
3.4166
3.39397
3.42028
3.42064
3.37519
3.40274
3.40393
3.41202
3.39778
3.41308
3.42653
3.39635
3.39416
3.41981
3.41056
3.40151
3.39867
3.42322
3.43472
3.39481
3.40859
3.41414
3.40369
3.41317
3.39885
3.4078
3.39883
3.40882
3.4259
3.37037
3.41773
3.42904
3.40872
3.39599
3.39016
3.3896
3.39363
3.41202
3.38704
3.40896
3.39873
3.41848
3.43859
3.41231
3.39755
3.40298
3.40662
3.41636
3.4201
3.38869
3.39776
3.37945
3.43993
3.38555
3.41475
3.37723
3.41149
3.40999
3.3983
3.41731
3.4143
3.42252
3.3954
3.41521
3.38134
3.40741
3.42465
3.4049
3.43922
3.40509
3.39098
3.40284
3.44827
3.41353
3.39428
3.41989
3.41224
3.38882
3.39318
3.39225
3.40069
3.41891
3.42023
3.41352
3.41152
3.39674
3.40155
3.40942
3.39643
3.41697
3.40805
3.3992
3.41133
3.39754
3.39871
3.38835
3.39564
3.38044
3.384
3.40954
3.38839
3.39064
3.39039
3.40931
3.40817
3.40245
3.41119
3.41471
3.40142
3.41493
3.43027
3.39992
3.40624
3.39654
3.41998
3.40936
3.40436
3.40505
3.41515
3.41541
3.38381
3.39595
3.41386
3.41006
3.40266
3.40444
3.39482
3.39308
3.40358
3.417
3.41878
3.38515
3.38534
3.3996
3.41656
3.41623
3.40972
3.40377
3.42204
3.39981
3.39929
3.40014
3.392
3.40071
3.4146
3.4137
3.39297
3.40222
3.41416
3.39518
3.3991
3.4065
3.38387
3.39959
3.39032
3.41233
3.39372
3.41435
3.41192
3.41574
3.41822
3.40564
3.38653
3.39647
3.42305
3.43369
3.39148
3.42002
3.3897
3.38803
3.40198
3.41952
3.40608
3.39924
3.39413
3.41137
3.41249
3.4032
3.40369
3.39533
3.42815
3.39052
3.41084
3.42129
3.39945
3.40266
3.40321
3.41081
3.39639
3.40097
3.42471
3.39972
3.39342
3.43735
3.39028
3.42078
3.40488
3.39646
3.41047
3.40679
3.38083
3.4419
3.38698
3.41151
3.39497
3.39442
3.43412
3.40737
3.39888
3.39684
3.41263
3.43325
3.3889
3.38168
3.39965
3.39464
3.42338
3.3782
3.42117
3.38283
3.42365
3.39833
3.40306
3.41679
3.41953
3.39839
3.39466
3.40218
3.40763
3.40734
3.40742
3.39783
3.42067
3.4168
3.43189
3.39464
3.3977
3.40915
3.39499
3.4124
3.41279
3.38956
3.40686
3.39145
3.42891
3.38445
3.43315
3.39652
3.41195
3.41445
3.39859
3.42378
3.39741
3.41718
3.41567
3.40602
3.42427
3.40311
3.41568
3.40752
3.40217
3.40016
3.39377
3.40394
3.39282
3.39964
3.39218
3.43258
3.40888
3.39585
3.40052
3.42251
3.42833
3.40251
3.39885
3.40558
3.41224
3.41695
3.41114
3.39102
3.39955
3.41759
3.41483
3.39
3.39787
3.39476
3.42205
3.41168
3.4138
3.38639
3.41951
3.37237
3.41284
3.4393
3.40842
3.40477
3.40058
3.39923
3.395
3.4142
3.40441
3.39816
3.3957
3.40847
3.40786
3.40551
3.39257
3.4046
3.41796
3.40468
3.4013
3.42511
3.41323
3.39524
3.39928
3.38948
3.40339
3.39566
3.40944
3.41073
3.41674
3.39118
3.42873
3.41507
3.38995
3.39777
3.39799
3.39932
3.40651
3.41277
3.41072
3.41614
3.40042
3.39929
3.40888
3.40951
3.41856
3.43361
3.45057
3.39086
3.41979
3.3806
3.38447
3.39967
3.39585
3.40899
3.41144
3.3916
3.39127
3.42951
3.38838
3.39488
3.38684
3.38842
3.40865
3.41556
3.41539
3.42019
3.37637
3.41878
3.41045
3.39995
3.41765
3.43797
3.40309
3.4198
3.41915
3.41667
3.43157
3.40211
3.40514
3.41412
3.41478
3.38395
3.40516
3.38891
3.39906
3.38517
3.40589
3.38468
3.44218
3.42161
3.39461
3.38728
3.39601
3.39809
3.40933
3.3962
3.41259
3.42188
3.40836
3.39681
3.39421
3.41183
3.40165
3.37892
3.40394
3.40881
3.38968
3.42288
3.4371
3.38875
3.40539
3.40723
3.4107
3.39587
3.38598
3.46445
3.41368
3.40373
3.36929
3.40229
3.4137
3.38818
3.40038
3.40458
3.40718
3.40117
3.38911
3.42804
3.37322
3.40498
3.40918
3.40251
3.42215
3.40675
3.406
3.39742
3.42937
3.4016
3.41856
3.39994
3.4249
3.41724
3.39459
3.40397
3.42043
3.3873
3.41013
3.4177
3.40996
3.4088
3.39342
3.40727
3.40677
3.40261
3.41958
3.40307
3.38412
3.39246
3.41454
3.39707
3.40088
3.4067
3.40762
3.38593
3.39834
3.40369
3.3844
3.40256
3.39877
3.4066
3.4417
3.41997
3.42465
3.41084
3.41101
3.39919
3.40555
3.39449
3.39633
3.40513
3.40245
3.40609
3.4049
3.41012
3.40334
3.41457
3.4001
3.40119
3.4087
3.42048
3.40329
3.38422
3.4413
3.39913
3.42579
3.39134
3.41648
3.41059
3.3875
3.42708
3.41177
3.41873
3.39919
3.4115
3.42493
3.39625
3.39959
3.40237
3.40189
3.40931
3.40304
3.42436
3.39529
3.42144
3.39766
3.41143
3.40034
3.42151
3.41212
3.41696
3.399
3.40798
3.41189
3.40345
3.41481
3.42389
3.42148
3.40255
3.41885
3.43826
3.40354
3.40353
3.3805
3.40793
3.41956
3.39304
3.40759
3.42983
3.41973
3.40591
3.38869
3.43188
3.42903
3.41594
3.39712
3.38537
3.39685
3.39971
3.42776
3.42312
3.40045
3.3918
3.40777
3.40735
3.41805
3.39308
3.40856
3.38208
3.38399
3.38517
3.3902
3.39815
3.42173
3.3973
3.40189
3.41177
3.37855
3.41529
3.39471
3.40337
3.39204
3.40167
3.41788
3.39576
3.41346
3.40774
3.40777
3.4061
3.40045
3.38553
3.40091
3.40828
3.40443
3.40424
3.41871
3.40167
3.39285
3.40477
3.40738
3.40005
3.40685
3.40175
3.433
3.40549
3.40614
3.42127
3.40963
3.42286
3.38753
3.40011
3.41695
3.41079
3.40326
3.40844
3.43641
3.39522
3.39293
3.42879
3.40262
3.39984
3.43076
3.4053
3.42096
3.43671
3.40989
3.40285
3.41082
3.3976
3.39811
3.42908
3.39329
3.40049
3.40158
3.40694
3.39947
3.43022
3.39392
3.41277
3.42415
3.4138
3.38481
3.42151
3.4059
3.40156
3.41383
3.38381
3.42848
3.40115
3.396
3.40085
3.39103
3.42131
3.39899
3.39121
3.41334
3.40833
3.38841
3.40362
3.40455
3.40915
3.4178
3.41637
3.40694
3.41516
3.39982
3.39388
3.3954
3.41887
3.41394
3.39519
3.41907
3.4046
3.40336
3.41367
3.41723
3.40009
3.41301
3.40673
3.40298
3.425
3.42083
3.40171
3.4179
3.40757
3.40203
3.38678
3.42383
3.39087
3.41485
3.41131
3.41655
3.40958
3.40908
3.39003
3.39226
3.38029
3.38756
3.3779
3.41031
3.40361
3.42053
3.40103
3.4198
3.3993
3.40986
3.39708
3.3952
3.41444
3.40341
3.4193
3.43274
3.40081
3.39119
3.40598
3.41498
3.39839
3.40315
3.41421
3.42283
3.39291
3.4354
3.42072
3.38891
3.40406
3.41474
3.40269
3.40411
3.39991
3.4058
3.38952
3.4098
3.41047
3.42315
3.44165
3.41852
3.40658
3.40877
3.40035
3.40414
3.40032
3.41135
3.4209
3.42903
3.40015
3.43655
3.40516
3.41471
3.37338
3.40492
3.40871
3.41128
3.40711
3.44031
3.38991
3.3905
3.3974
3.40868
3.42932
3.39893
3.3961
3.39591
3.39294
3.40025
3.38423
3.41036
3.45159
3.42971
3.39747
3.41402
3.39991
3.40989
3.4121
3.4057
3.39175
3.38659
3.40709
3.40332
3.39318
3.3985
3.40453
3.3976
3.40211
3.41602
3.42184
3.39106
3.43373
3.43504
3.41319
3.41653
3.42016
3.40448
3.39222
3.39821
3.41278
3.38841
3.39469
3.39201
3.42253
3.41057
3.41012
3.42453
3.40267
3.39923
3.38556
3.43053
3.39146
3.41835
3.39002
3.3921
3.39197
3.38809
3.41475
3.39764
3.42969
3.40687
3.40247
3.4085
3.3906
3.39595
3.40113
3.404
3.40609
3.43509
3.39823
3.4201
3.39418
3.40754
3.41595
3.42775
3.39159
3.39094
3.38863
3.40014
3.38818
3.39437
3.40555
3.42194
3.399
3.39169
3.39328
3.41446
3.41
3.41864
3.38189
3.40646
3.41567
3.40442
3.42447
3.42261
3.41353
3.41137
3.39485
3.41406
3.3856
3.40627
3.41474
3.39059
3.39677
3.40526
3.38532
3.39606
3.39578
3.42466
3.39823
3.41022
3.42321
3.38977
3.39437
3.40911
3.39393
3.38107
3.40883
3.41052
3.40689
3.40319
3.4137
3.43323
3.39122
3.41931
3.39854
3.39501
3.41045
3.40457
3.40428
3.39743
3.39855
3.40734
3.39657
3.39678
3.41307
3.39367
3.45339
3.40504
3.40928
3.41346
3.40914
3.39266
3.39651
3.4007
3.41412
3.41972
3.42196
3.40507
3.40437
3.40891
3.40691
3.42866
3.39554
3.40698
3.39353
3.38556
3.40191
3.39903
3.39712
3.41719
3.41882
3.43155
3.41403
3.41399
3.38199
3.43177
3.42523
3.39706
3.41048
3.41818
3.42489
3.39349
3.41182
3.38711
3.41265
3.39995
3.39103
3.41862
3.41032
3.41185
3.38579
3.40827
3.41826
3.39575
3.41608
3.40038
3.41969
3.39169
3.40578
3.41631
3.39819
3.41906
3.41715
3.39007
3.39979
3.40576
3.4263
3.4095
3.40071
3.38667
3.41215
3.39545
3.43274
3.40196
3.40891
3.4071
3.41513
3.39906
3.40216
3.39872
3.42343
3.37618
3.4177
3.39929
3.42436
3.40201
3.39382
3.41758
3.40666
3.4329
3.38035
3.40764
3.37041
3.39759
3.43542
3.41314
3.41427
3.40716
3.39872
3.41148
3.39544
3.41107
3.39844
3.39285
3.42443
3.40943
3.39698
3.39096
3.40255
3.43908
3.39429
3.40265
3.3998
3.41506
3.42157
3.41257
3.40835
3.39887
3.40098
3.4071
3.43093
3.41609
3.39029
3.39511
3.39575
3.39127
3.40273
3.41126
3.39192
3.43293
3.40695
3.39383
3.41182
3.41514
3.41722
3.41506
3.39114
3.37809
3.40657
3.41625
3.40278
3.3844
3.38442
3.4032
3.40287
3.41498
3.40253
3.3955
3.40354
3.39602
3.38273
3.40785
3.40549
3.41553
3.43632
3.40534
3.38952
3.39389
3.40168
3.39843
3.42075
3.39742
3.39416
3.40461
3.41558
3.40589
3.38667
3.42343
3.41685
3.40553
3.41102
3.40209
3.41604
3.38792
3.39876
3.38455
3.4171
3.40827
3.38226
3.43702
3.41771
3.3871
3.42059
3.42984
3.43122
3.42166
3.41414
3.4155
3.40197
3.42477
3.42306
3.38028
3.39232
3.40433
3.37764
3.41493
3.40624
3.41576
3.38286
3.39463
3.39547
3.41774
3.40161
3.39435
3.42529
3.42686
3.4091
3.38996
3.41677
3.38864
3.40645
3.40997
3.37322
3.3909
3.38879
3.39785
3.41398
3.38188
3.40621
3.40785
3.40474
3.39633
3.39327
3.41988
3.41863
3.40732
3.40447
3.41147
3.41274
3.41725
3.39476
3.4204
3.40525
3.39523
3.40201
3.40705
3.39826
3.41595
3.41006
3.39427
3.42621
3.41802
3.39405
3.4114
3.39031
3.42506
3.40011
3.39829
3.38623
3.40856
3.44389
3.41657
3.39507
3.38776
3.40023
3.41058
3.39683
3.37548
3.41994
3.40055
3.39489
3.41839
3.39863
3.39553
3.42703
3.41924
3.41723
3.41317
3.40921
3.40349
3.38364
3.41252
3.39834
3.39471
3.41242
3.42079
3.40668
3.3972
3.42025
3.39901
3.40901
3.42189
3.40518
3.4054
3.40868
3.39452
3.40402
3.39652
3.40369
3.41684
3.39614
3.41564
3.37027
3.41548
3.42159
3.40464
3.41098
3.39379
3.39206
3.4096
3.41299
3.39119
3.40199
3.4163
3.39917
3.40984
3.43148
3.3906
3.40135
3.41458
3.40314
3.39668
3.39596
3.40694
3.39637
3.40296
3.40721
3.39717
3.41747
3.43603
3.4174
3.40066
3.39509
3.38334
3.39522
3.41013
3.41217
3.3991
3.40563
3.39808
3.40208
3.41347
3.39866
3.40093
3.41523
3.40678
3.40847
3.40292
3.40916
3.39209
3.42051
3.40656
3.40957
3.41391
3.37776
3.39954
3.37663
3.40067
3.4138
3.40736
3.39389
3.38995
3.39529
3.41187
3.38103
3.41345
3.38222
3.42389
3.39092
3.40828
3.41594
3.39417
3.40711
3.39366
3.39952
3.39746
3.40086
3.41465
3.41537
3.40226
3.40185
3.38246
3.40216
3.38734
3.41185
3.41766
3.41101
3.39379
3.41251
3.40747
3.39729
3.4087
3.37962
3.38319
3.4074
3.42702
3.39781
3.39534
3.41007
3.41743
3.38978
3.41185
3.40085
3.41234
3.41417
3.41745
3.38437
3.40678
3.38112
3.4072
3.42154
3.40675
3.456
3.41873
3.41344
3.39978
3.40043
3.39657
3.39908
3.42745
3.40284
3.43613
3.43163
3.42265
3.41333
3.40953
3.40152
3.40818
3.42697
3.40645
3.40766
3.41907
3.3969
3.39046
3.40761
3.4077
3.41728
3.40612
3.4124
3.42057
3.42454
3.41172
3.38912
3.39599
3.42347
3.38525
3.40098
3.41336
3.41184
3.40538
3.3987
3.40092
3.3914
3.40677
3.41463
3.41359
3.38675
3.40266
3.4177
3.39581
3.39624
3.42037
3.39554
3.39925
3.41928
3.39207
3.40177
3.42549
3.41061
3.41564
3.40947
3.41564
3.41425
3.40103
3.39841
3.40125
3.40099
3.42123
3.40471
3.38402
3.42831
3.41802
3.42676
3.3991
3.42027
3.40536
3.40767
3.37957
3.40313
3.39761
3.3993
3.40196
3.41458
3.41685
3.40041
3.40573
3.41677
3.38792
3.40782
3.40559
3.39346
3.42886
3.41079
3.41049
3.40982
3.42878
3.3915
3.39369
3.40543
3.40026
3.40623
3.43947
3.3974
3.40256
3.41887
3.4068
3.42605
3.39374
3.4093
3.42671
3.41441
3.39373
3.40605
3.4113
3.41146
3.38256
3.43207
3.4145
3.42899
3.41602
3.39913
3.42401
3.43454
3.40714
3.41166
3.38971
3.39351
3.40712
3.37808
3.40737
3.39341
3.4358
3.42919
3.41143
3.40878
3.39501
3.3964
3.39527
3.40513
3.41068
3.4062
3.41181
3.39983
3.41114
3.41995
3.42744
3.40123
3.38122
3.40348
3.4122
3.4182
3.4095
3.44731
3.39045
3.39043
3.39556
3.40216
3.38777
3.39439
3.39559
3.38547
3.41384
3.41779
3.4192
3.39754
3.42198
3.41604
3.39807
3.41724
3.38761
3.40708
3.39767
3.40197
3.40471
3.37926
3.41744
3.41442
3.38148
3.39976
3.40768
3.39284
3.41706
3.40645
3.4047
3.39547
3.41769
3.39461
3.38987
3.40022
3.4283
3.41467
3.40563
3.4134
3.40817
3.41846
3.4191
3.40383
3.4183
3.41637
3.3996
3.4192
3.39373
3.40392
3.41426
3.39366
3.4018
3.4127
3.41083
3.39608
3.41493
3.41848
3.39039
3.40512
3.42319
3.40341
3.40299
3.36611
3.40917
3.38925
3.40763
3.41218
3.42367
3.41552
3.3877
3.3976
3.39248
3.4165
3.39861
3.40847
3.41098
3.42018
3.41633
3.41364
3.44774
3.42739
3.40951
3.37546
3.41407
3.41338
3.40333
3.39977
3.3983
3.42456
3.40998
3.42569
3.39475
3.39131
3.39533
3.41791
3.42912
3.41792
3.41583
3.39825
3.39025
3.40401
3.395
3.41039
3.42616
3.40787
3.40008
3.39693
3.37817
3.4052
3.39766
3.42014
3.40785
3.39836
3.40197
3.38447
3.40972
3.40722
3.42314
3.39833
3.40067
3.39353
3.4062
3.40319
3.40738
3.41268
3.397
3.432
3.4118
3.41086
3.41071
3.40603
3.42709
3.39772
3.41153
3.43393
3.41576
3.40939
3.41209
3.39916
3.41929
3.41109
3.39611
3.40711
3.37588
3.39929
3.40783
3.41555
3.40125
3.40812
3.42544
3.40592
3.4016
3.40261
3.41486
3.39599
3.41903
3.40795
3.38888
3.40498
3.43038
3.39507
3.42355
3.39586
3.40502
3.40845
3.39948
3.36664
3.42264
3.38908
3.41504
3.40297
3.41797
3.41442
3.40822
3.4087
3.38829
3.43956
3.40268
3.40511
3.43409
3.38863
3.40919
3.40073
3.3764
3.41361
3.39795
3.39723
3.38774
3.40599
3.3977
3.40729
3.41612
3.40671
3.38559
3.40273
3.41949
3.40333
3.42496
3.39195
3.40634
3.39608
3.40345
3.40329
3.41623
3.41542
3.39858
3.39891
3.39949
3.39796
3.43184
3.39512
3.41805
3.39953
3.36693
3.41662
3.41884
3.40434
3.43708
3.3811
3.39095
3.39031
3.42526
3.42855
3.40389
3.4003
3.41849
3.42623
3.39662
3.40108
3.41792
3.39987
3.38903
3.40125
3.38657
3.40376
3.40286
3.40956
3.40428
3.40982
3.4279
3.4126
3.41402
3.39472
3.3954
3.39274
3.415
3.40398
3.40757
3.39387
3.39382
3.41505
3.39302
3.41947
3.41991
3.41894
3.40317
3.3921
3.39581
3.43485
3.39101
3.41794
3.4143
3.39759
3.40172
3.39545
3.41063
3.41781
3.39265
3.41196
3.40681
3.39
3.42268
3.38633
3.42186
3.39516
3.37638
3.40363
3.41849
3.43948
3.39007
3.42908
3.4012
3.4114
3.40184
3.42142
3.39405
3.4176
3.42991
3.40458
3.41761
3.38834
3.42516
3.39753
3.40341
3.37684
3.37488
3.40648
3.43814
3.41018
3.39633
3.40074
3.39805
3.40406
3.44241
3.39979
3.41438
3.39888
3.40308
3.41908
3.40472
3.38309
3.43756
3.42117
3.4038
3.4032
3.39472
3.40961
3.38819
3.40144
3.41883
3.4308
3.39321
3.39984
3.39868
3.411
3.40555
3.41172
3.42972
3.42103
3.41132
3.3934
3.41623
3.42124
3.41391
3.41456
3.40254
3.41498
3.40304
3.42021
3.42563
3.40481
3.41744
3.43
3.39733
3.38609
3.40151
3.40946
3.39078
3.39899
3.42017
3.41855
3.42716
3.40683
3.41863
3.41046
3.41573
3.37859
3.41485
3.42499
3.42376
3.38411
3.39929
3.39453
3.40612
3.40167
3.39085
3.39113
3.40334
3.42159
3.41196
3.40648
3.40651
3.40539
3.38246
3.39979
3.41222
3.40479
3.38196
3.42689
3.42043
3.41488
3.40391
3.41761
3.40544
3.41149
3.39247
3.43782
3.38887
3.40076
3.41149
3.41953
3.40526
3.43102
3.43727
3.39402
3.40259
3.42114
3.40816
3.42371
3.42113
3.40222
3.40929
3.40456
3.39575
3.42245
3.41319
3.39086
3.39779
3.40368
3.38645
3.42993
3.40081
3.40322
3.39312
3.39585
3.39432
3.41921
3.43936
3.40552
3.43348
3.41117
3.40186
3.39623
3.39154
3.42227
3.39171
3.40407
3.41374
3.40687
3.42548
3.39504
3.40964
3.40835
3.39034
3.40848
3.40708
3.41429
3.4073
3.39754
3.41098
3.39329
3.4214
3.42022
3.39433
3.40347
3.40937
3.42626
3.40721
3.4099
3.40002
3.39365
3.41121
3.47573
3.40538
3.41972
3.4173
3.37614
3.4042
3.41178
3.40112
3.41738
3.41114
3.42342
3.40508
3.40611
3.39736
3.40529
3.42866
3.41171
3.43278
3.40105
3.41242
3.39495
3.4036
3.40872
3.39351
3.39069
3.40103
3.40034
3.41517
3.40766
3.38838
3.3925
3.38638
3.3855
3.40361
3.40983
3.39257
3.40526
3.38969
3.39416
3.40191
3.39357
3.41448
3.39016
3.39402
3.39693
3.38432
3.40854
3.40559
3.39336
3.41608
3.38836
3.40531
3.38683
3.43085
3.40339
3.40155
3.40746
3.40216
3.40356
3.40044
3.39963
3.39492
3.38989
3.38969
3.41287
3.39638
3.39579
3.39898
3.40293
3.40507
3.42084
3.40199
3.42345
3.41531
3.41508
3.39686
3.40347
3.42027
3.40338
3.39353
3.43082
3.38377
3.41702
3.40376
3.41317
3.39312
3.3857
3.39714
3.41534
3.41795
3.41168
3.43082
3.41449
3.40965
3.39978
3.40259
3.43862
3.41281
3.40475
3.41492
3.40802
3.39908
3.39731
3.45133
3.4063
3.4138
3.42763
3.40455
3.41464
3.41545
3.39816
3.42529
3.43817
3.39336
3.40818
3.39836
3.38769
3.42522
3.40778
3.40616
3.39568
3.41452
3.40551
3.39605
3.41909
3.3943
3.41233
3.41145
3.39523
3.40533
3.419
3.40914
3.40595
3.42013
3.39022
3.42941
3.41332
3.41519
3.40802
3.39138
3.38215
3.41236
3.41273
3.38732
3.39302
3.40925
3.37668
3.41976
3.40769
3.40587
3.39591
3.41093
3.40825
3.40654
3.40686
3.40639
3.43528
3.41287
3.39745
3.40197
3.4073
3.4222
3.41801
3.39942
3.39898
3.4037
3.38517
3.38915
3.38987
3.40221
3.39131
3.41195
3.39266
3.40344
3.39022
3.41238
3.39107
3.40648
3.42559
3.39668
3.3811
3.40606
3.4
3.39919
3.4206
3.40076
3.41595
3.39142
3.40127
3.39507
3.41126
3.40533
3.39513
3.42428
3.4148
3.40192
3.41979
3.40401
3.40112
3.39431
3.41826
3.40785
3.41615
3.41195
3.43201
3.40297
3.4138
3.39059
3.40082
3.40789
3.42017
3.4065
3.39578
3.39132
3.40537
3.41787
3.40434
3.41416
3.40339
3.41186
3.40327
3.40422
3.37921
3.40607
3.43804
3.39307
3.41817
3.40277
3.40554
3.3893
3.40894
3.41223
3.39381
3.39445
3.3981
3.39078
3.41476
3.40941
3.39374
3.42291
3.43227
3.41748
3.41371
3.42384
3.4166
3.41965
3.38849
3.38738
3.41088
3.41697
3.39592
3.41742
3.40731
3.393
3.42293
3.41377
3.38911
3.40198
3.40836
3.39344
3.39923
3.40324
3.41659
3.41155
3.39282
3.39107
3.39651
3.40199
3.41196
3.4092
3.393
3.41572
3.3962
3.38824
3.40722
3.40209
3.41068
3.4108
3.40705
3.40523
3.39368
3.40898
3.41378
3.42401
3.4006
3.4036
3.39099
3.4065
3.41302
3.38189
3.38456
3.41126
3.41162
3.40351
3.37574
3.39825
3.42206
3.40584
3.41903
3.44237
3.41058
3.4349
3.3936
3.42642
3.41598
3.41529
3.42384
3.40705
3.42175
3.3781
3.40495
3.41035
3.40723
3.41241
3.38741
3.42281
3.40543
3.40238
3.40868
3.39482
3.43521
3.42052
3.40241
3.41416
3.42525
3.39949
3.40958
3.40694
3.39609
3.4061
3.39638
3.41517
3.41751
3.40442
3.40411
3.43692
3.41144
3.38723
3.40223
3.4169
3.41104
3.41376
3.39558
3.39337
3.39954
3.41692
3.40607
3.39212
3.4076
3.4109
3.3989
3.39301
3.41867
3.41662
3.41871
3.40037
3.39796
3.41103
3.41383
3.42013
3.39274
3.41753
3.39044
3.40559
3.39481
3.39209
3.40983
3.4166
3.43337
3.40199
3.39657
3.41353
3.39967
3.42321
3.39948
3.39646
3.38948
3.40677
3.40651
3.43091
3.3946
3.40304
3.43683
3.38751
3.41754
3.40495
3.39891
3.40548
3.41864
3.39426
3.39196
3.41299
3.40188
3.40652
3.39837
3.41163
3.38873
3.4066
3.41447
3.40467
3.40344
3.38669
3.39777
3.4001
3.40338
3.40032
3.40737
3.38711
3.38125
3.40798
3.38974
3.39678
3.41992
3.42212
3.40699
3.43015
3.42039
3.41163
3.42111
3.42835
3.38476
3.40239
3.39829
3.41609
3.40989
3.41831
3.41239
3.40649
3.38304
3.39389
3.39501
3.39678
3.40455
3.42476
3.41136
3.42087
3.42963
3.41795
3.40399
3.41046
3.42742
3.39046
3.40163
3.41311
3.39881
3.41734
3.41315
3.39419
3.40733
3.42732
3.42454
3.42426
3.40262
3.40398
3.42548
3.41664
3.40723
3.39373
3.41755
3.40452
3.41335
3.38809
3.38837
3.38755
3.40222
3.41834
3.41764
3.41554
3.40485
3.40917
3.39019
3.39347
3.41527
3.40985
3.38542
3.40229
3.38844
3.40155
3.41706
3.4153
3.41409
3.41247
3.38627
3.39885
3.37874
3.41653
3.41614
3.41264
3.39942
3.40547
3.43311
3.40196
3.41559
3.3848
3.38837
3.41654
3.42698
3.37592
3.39989
3.3986
3.40725
3.41141
3.41711
3.3943
3.41071
3.41375
3.40928
3.41159
3.40659
3.39532
3.4139
3.41252
3.4082
3.39769
3.42558
3.40949
3.4109
3.41145
3.44762
3.3885
3.39807
3.39882
3.40846
3.40386
3.42992
3.39641
3.40957
3.41367
3.42618
3.37813
3.40577
3.42981
3.39115
3.43602
3.40484
3.38815
3.42252
3.38567
3.43094
3.39861
3.39634
3.41761
3.40112
3.41539
3.40526
3.42281
3.38982
3.39501
3.43376
3.43649
3.39403
3.39391
3.41949
3.43434
3.40687
3.40334
3.41577
3.40124
3.39304
3.39709
3.41823
3.41061
3.4064
3.40514
3.39044
3.42072
3.41194
3.4056
3.39797
3.38673
3.39914
3.41601
3.40063
3.39427
3.39034
3.41775
3.42977
3.42042
3.40229
3.45759
3.41503
3.43148
3.41859
3.38669
3.39258
3.40718
3.41309
3.42808
3.42947
3.39996
3.39933
3.40427
3.41194
3.40884
3.39265
3.39497
3.40609
3.42101
3.40282
3.38755
3.40668
3.39907
3.41008
3.40978
3.41247
3.38505
3.39482
3.4231
3.41931
3.42819
3.39429
3.42372
3.40056
3.4077
3.42035
3.39333
3.42429
3.40757
3.39322
3.40319
3.40542
3.43047
3.4061
3.399
3.41424
3.40379
3.42305
3.3858
3.4024
3.40282
3.39309
3.437
3.39803
3.39383
3.39441
3.41155
3.39443
3.41112
3.39882
3.42403
3.40888
3.4363
3.39599
3.41438
3.40476
3.42035
3.42108
3.39352
3.39039
3.392
3.38348
3.42786
3.42302
3.39207
3.40822
3.43549
3.43084
3.41406
3.40938
3.39736
3.40159
3.4124
3.38156
3.41637
3.41607
3.4217
3.37646
3.42294
3.38501
3.38706
3.39518
3.41828
3.3936
3.38415
3.41313
3.39818
3.42109
3.41494
3.40005
3.40897
3.42467
3.41001
3.41852
3.39486
3.40167
3.39809
3.38223
3.39563
3.4009
3.39337
3.39147
3.41284
3.40505
3.42059
3.40272
3.39682
3.4141
3.4283
3.42034
3.4243
3.42454
3.41123
3.36164
3.43051
3.38034
3.40207
3.3996
3.401
3.39854
3.40039
3.39524
3.38916
3.4082
3.38926
3.40924
3.40788
3.39694
3.39461
3.38497
3.39981
3.40334
3.43223
3.40187
3.40172
3.40529
3.39036
3.39874
3.39441
3.39353
3.3933
3.41078
3.38744
3.4128
3.4017
3.37319
3.40224
3.41091
3.40754
3.41594
3.40902
3.40183
3.43549
3.425
3.40453
3.38764
3.39715
3.40986
3.38669
3.40029
3.40076
3.41255
3.40429
3.41567
3.39349
3.40318
3.40261
3.39559
3.39935
3.3914
3.43975
3.42451
3.39605
3.43155
3.41898
3.39609
3.38786
3.41275
3.39922
3.37586
3.39921
3.39404
3.38799
3.42021
3.4006
3.40631
3.39123
3.42339
3.42269
3.39188
3.39287
3.41422
3.40122
3.40772
3.41484
3.42806
3.40686
3.40234
3.43096
3.4036
3.38985
3.41536
3.40366
3.42289
3.39942
3.39889
3.40353
3.42714
3.41463
3.39948
3.42771
3.40461
3.42714
3.42168
3.42425
3.40321
3.39111
3.38925
3.40231
3.3805
3.41228
3.37123
3.39387
3.42847
3.40971
3.41451
3.38475
3.40679
3.37566
3.36701
3.40049
3.39492
3.42929
3.40058
3.43426
3.41872
3.40472
3.39732
3.39771
3.40411
3.39833
3.39582
3.43199
3.41674
3.39714
3.402
3.40611
3.41698
3.39587
3.40301
3.40109
3.39649
3.44987
3.39169
3.39488
3.39996
3.41404
3.41887
3.41172
3.39709
3.41894
3.39517
3.41418
3.39223
3.39501
3.36825
3.37838
3.39206
3.42335
3.40021
3.4166
3.398
3.3997
3.38932
3.38146
3.40011
3.4085
3.43059
3.42824
3.42434
3.41781
3.41186
3.42707
3.41526
3.41545
3.39183
3.41573
3.38173
3.38949
3.40929
3.4193
3.39802
3.41767
3.40117
3.42959
3.39321
3.39484
3.38569
3.40218
3.39599
3.40172
3.40376
3.41158
3.38052
3.38888
3.40885
3.43905
3.39411
3.40517
3.39265
3.40946
3.38321
3.39803
3.41805
3.41165
3.41182
3.39439
3.41612
3.39005
3.41445
3.41133
3.41147
3.42031
3.40874
3.41518
3.39784
3.42578
3.39611
3.37068
3.41592
3.39819
3.4165
3.38902
3.42663
3.38853
3.41248
3.402
3.39581
3.39068
3.42215
3.42459
3.41872
3.38664
3.41617
3.40266
3.40202
3.43435
3.40132
3.39462
3.40038
3.39071
3.4158
3.40395
3.40139
3.41567
3.41921
3.40498
3.41901
3.42001
3.38917
3.42932
3.40323
3.40858
3.41321
3.41481
3.40775
3.39479
3.39584
3.4248
3.38571
3.41237
3.40835
3.42487
3.41298
3.39636
3.43142
3.38976
3.38859
3.40228
3.41415
3.4054
3.41665
3.38932
3.42369
3.40218
3.41021
3.42608
3.43286
3.38692
3.42435
3.40436
3.39619
3.39035
3.40621
3.39373
3.40219
3.4064
3.42273
3.39521
3.38448
3.42092
3.39404
3.40648
3.42503
3.39847
3.41713
3.39305
3.38873
3.41954
3.42276
3.39769
3.39924
3.41529
3.39338
3.39585
3.41769
3.40301
3.3891
3.41233
3.40361
3.37614
3.42952
3.39201
3.40277
3.41022
3.38094
3.42504
3.38821
3.39218
3.41979
3.41146
3.37419
3.41271
3.42077
3.39408
3.41498
3.4119
3.41333
3.4112
3.4065
3.41856
3.40353
3.4152
3.42618
3.39405
3.41456
3.397
3.39414
3.40432
3.40337
3.43857
3.41832
3.39437
3.41475
3.41005
3.40559
3.39132
3.42435
3.40898
3.41641
3.39674
3.38081
3.39478
3.4102
3.40046
3.41879
3.41836
3.3968
3.40762
3.40591
3.40031
3.39038
3.42353
3.39952
3.39007
3.38116
3.39028
3.39773
3.40737
3.40175
3.39617
3.39811
3.38943
3.40104
3.41514
3.40241
3.4228
3.38841
3.40973
3.41151
3.39155
3.41026
3.40109
3.39383
3.42855
3.38822
3.40664
3.41106
3.41519
3.40918
3.41089
3.39351
3.43039
3.38816
3.41144
3.3935
3.43401
3.40266
3.3975
3.40338
3.41527
3.40255
3.40183
3.39
3.39377
3.39907
3.40134
3.38469
3.40341
3.41305
3.41513
3.42279
3.43273
3.39054
3.44749
3.40969
3.39554
3.3975
3.39985
3.4079
3.39686
3.38359
3.39041
3.42115
3.40955
3.40193
3.41568
3.39906
3.39613
3.40411
3.38847
3.40035
3.42854
3.39841
3.3815
3.40368
3.40243
3.38928
3.40784
3.41292
3.40957
3.42117
3.40167
3.42057
3.40752
3.40582
3.41816
3.39961
3.41797
3.39564
3.40477
3.42008
3.4014
3.43071
3.39365
3.39473
3.414
3.43169
3.4106
3.39242
3.4077
3.412
3.40108
3.39785
3.3834
3.42089
3.39108
3.38926
3.39703
3.40453
3.4048
3.40171
3.41676
3.3977
3.39924
3.41116
3.42055
3.43913
3.41121
3.4098
3.38394
3.40475
3.39857
3.39355
3.40362
3.40208
3.39659
3.40899
3.43528
3.37308
3.40578
3.39815
3.39676
3.39887
3.4181
3.41923
3.41344
3.40065
3.40179
3.39003
3.40582
3.39352
3.40144
3.41164
3.38943
3.4011
3.39612
3.42997
3.40794
3.38271
3.40348
3.39273
3.40885
3.39193
3.40928
3.43605
3.39854
3.4065
3.42609
3.37975
3.39615
3.39685
3.41592
3.40825
3.38651
3.40237
3.40121
3.37288
3.41219
3.38721
3.40654
3.40881
3.38693
3.43414
3.39804
3.41096
3.41422
3.3943
3.40009
3.39951
3.39924
3.416
3.40414
3.41197
3.38458
3.40488
3.39289
3.40282
3.38748
3.40154
3.38961
3.37312
3.43033
3.40698
3.42697
3.43656
3.41233
3.39854
3.39721
3.39889
3.42569
3.41775
3.42707
3.41756
3.40221
3.39443
3.40137
3.39518
3.41203
3.40452
3.37572
3.407
3.40984
3.39477
3.40734
3.3955
3.3905
3.40245
3.38845
3.38492
3.41268
3.40889
3.40653
3.39684
3.42443
3.41073
3.43949
3.40472
3.39478
3.40385
3.40285
3.39315
3.44575
3.3901
3.3926
3.41515
3.4233
3.40807
3.39137
3.40106
3.41559
3.4275
3.39856
3.41433
3.40273
3.40937
3.40455
3.40648
3.41631
3.40817
3.3777
3.41983
3.39711
3.4219
3.38623
3.40329
3.41615
3.41252
3.38982
3.40982
3.40389
3.40002
3.38195
3.39446
3.41103
3.42189
3.4105
3.41633
3.41217
3.38066
3.40562
3.4064
3.42937
3.39764
3.4088
3.41309
3.40386
3.41316
3.40356
3.38279
3.38819
3.39622
3.41098
3.38879
3.39906
3.42853
3.42333
3.41198
3.39745
3.41282
3.41986
3.39727
3.39011
3.42059
3.42544
3.40372
3.39347
3.39567
3.37255
3.41022
3.41793
3.41219
3.4441
3.39603
3.39032
3.41632
3.39819
3.41328
3.3907
3.39199
3.39324
3.41492
3.40551
3.39124
3.42303
3.40895
3.39783
3.41899
3.42022
3.38844
3.40939
3.43036
3.41621
3.39523
3.38836
3.41681
3.38764
3.42181
3.42828
3.3919
3.39529
3.39235
3.40303
3.40165
3.41748
3.41948
3.38662
3.41291
3.40083
3.38789
3.38142
3.40743
3.4144
3.40463
3.40769
3.42822
3.40838
3.39827
3.40409
3.43032
3.40126
3.38663
3.39178
3.40432
3.41069
3.39689
3.3862
3.39902
3.40999
3.4023
3.39605
3.38703
3.39515
3.4071
3.42132
3.39489
3.42627
3.38493
3.40163
3.39845
3.39522
3.40566
3.41089
3.40095
3.40622
3.41447
3.38208
3.38914
3.42092
3.40526
3.39603
3.38109
3.42613
3.40874
3.40613
3.42006
3.43306
3.40211
3.40662
3.41872
3.39626
3.41273
3.40356
3.41152
3.3824
3.40693
3.39009
3.41732
3.4052
3.39475
3.40539
3.41687
3.41829
3.43564
3.39724
3.40429
3.40642
3.42421
3.42369
3.39067
3.39317
3.40966
3.39327
3.40679
3.3921
3.39682
3.40686
3.39882
3.43003
3.40366
3.40236
3.41061
3.39523
3.42166
3.40046
3.41128
3.42557
3.42056
3.39328
3.40003
3.45715
3.40783
3.41628
3.39825
3.41532
3.39873
3.40388
3.39586
3.39696
3.39038
3.39353
3.41292
3.40545
3.43211
3.39888
3.41482
3.41598
3.39355
3.4032
3.40097
3.39015
3.41707
3.39959
3.40264
3.4076
3.40502
3.39807
3.39992
3.43181
3.40594
3.42268
3.41699
3.37853
3.43419
3.3739
3.3969
3.39711
3.41354
3.39707
3.42081
3.42085
3.42408
3.40057
3.4007
3.38077
3.39439
3.39341
3.39654
3.41658
3.41567
3.39992
3.40075
3.39096
3.38193
3.41924
3.4133
3.4111
3.40906
3.38165
3.37582
3.4048
3.41974
3.39975
3.42688
3.41422
3.40237
3.41074
3.38934
3.40826
3.42139
3.41135
3.42
3.40096
3.41907
3.40911
3.42779
3.40876
3.41303
3.39556
3.41718
3.40358
3.40401
3.3892
3.40117
3.40051
3.39474
3.42892
3.40628
3.4037
3.40755
3.41332
3.39193
3.37192
3.38521
3.43203
3.39081
3.3827
3.39341
3.41179
3.40456
3.4014
3.40744
3.4194
3.38028
3.42277
3.3999
3.41622
3.44194
3.41281
3.40664
3.41666
3.41367
3.3965
3.4057
3.41941
3.40825
3.40226
3.41455
3.41507
3.40209
3.38053
3.3892
3.41774
3.4232
3.40573
3.41369
3.41254
3.39487
3.40627
3.40501
3.43877
3.41143
3.39675
3.40856
3.38055
3.39559
3.41803
3.42602
3.42084
3.40241
3.4172
3.39672
3.42452
3.38752
3.40876
3.39315
3.40297
3.40984
3.39294
3.39833
3.41189
3.41697
3.37464
3.42002
3.40222
3.41196
3.37222
3.37095
3.40821
3.40645
3.39345
3.4174
3.42389
3.40853
3.39889
3.41676
3.38588
3.40356
3.38215
3.3948
3.41258
3.4241
3.38628
3.40179
3.38166
3.41447
3.38162
3.40264
3.39711
3.40566
3.44541
3.39978
3.42292
3.3932
3.40235
3.42217
3.40446
3.41549
3.40358
3.39754
3.41959
3.3914
3.40869
3.39437
3.38957
3.41051
3.41964
3.40697
3.41521
3.40542
3.39113
3.42438
3.39748
3.41975
3.40477
3.39998
3.4243
3.41205
3.4025
3.42689
3.40005
3.41675
3.41445
3.40818
3.39598
3.4144
3.38507
3.39303
3.3921
3.42433
3.39832
3.43028
3.39668
3.42712
3.39491
3.39009
3.40865
3.41358
3.40797
3.39389
3.39934
3.38565
3.40724
3.38054
3.44025
3.3979
3.38941
3.41533
3.41292
3.42058
3.39415
3.39018
3.43642
3.41968
3.42627
3.4003
3.3961
3.41609
3.4137
3.40176
3.41791
3.42837
3.38849
3.43175
3.41276
3.40304
3.39481
3.39097
3.40344
3.41493
3.40733
3.43237
3.40518
3.40671
3.4057
3.40527
3.4196
3.4238
3.38622
3.38044
3.40959
3.39237
3.40724
3.42215
3.40023
3.40611
3.41824
3.3972
3.37694
3.39313
3.39539
3.39977
3.42735
3.40052
3.39832
3.43218
3.42838
3.40897
3.41953
3.41322
3.43478
3.39951
3.39604
3.38455
3.39272
3.42319
3.40129
3.39885
3.4223
3.40611
3.42614
3.41106
3.39043
3.41378
3.41031
3.40876
3.39396
3.42173
3.4116
3.42189
3.40773
3.41758
3.3949
3.40703
3.41434
3.41862
3.38823
3.43126
3.42112
3.42598
3.41556
3.4082
3.39924
3.4154
3.38309
3.39672
3.40728
3.40943
3.38865
3.41312
3.41961
3.3895
3.39689
3.39559
3.39885
3.40409
3.40511
3.39687
3.41196
3.40544
3.40512
3.39875
3.40832
3.41022
3.40459
3.40833
3.42214
3.39446
3.40838
3.41421
3.41537
3.38399
3.42265
3.40977
3.40353
3.38616
3.41117
3.42341
3.39859
3.40389
3.40267
3.41549
3.40294
3.41167
3.42995
3.4075
3.42216
3.41698
3.37134
3.44049
3.38781
3.40776
3.40729
3.41793
3.40975
3.41094
3.40105
3.41709
3.4072
3.39819
3.42956
3.41096
3.39729
3.38014
3.4177
3.40169
3.41048
3.41598
3.40012
3.39172
3.39722
3.40949
3.40525
3.41656
3.4337
3.39922
3.39789
3.39739
3.3985
3.39258
3.40185
3.41878
3.42298
3.39637
3.42108
3.39941
3.4022
3.41506
3.38673
3.4097
3.40357
3.3993
3.39961
3.39205
3.45113
3.38756
3.41796
3.42185
3.38244
3.40352
3.39239
3.41101
3.42974
3.38342
3.42828
3.38801
3.40073
3.43254
3.39696
3.41372
3.41306
3.40137
3.43002
3.41439
3.40408
3.39911
3.43244
3.41808
3.39734
3.40096
3.40261
3.41028
3.40554
3.43504
3.40421
3.40092
3.42665
3.40784
3.42008
3.42132
3.43876
3.4081
3.42947
3.41209
3.41155
3.39025
3.40922
3.39611
3.39569
3.3964
3.40403
3.41522
3.41179
3.39436
3.41766
3.39726
3.42661
3.40248
3.39017
3.40136
3.41087
3.41382
3.41008
3.43291
3.37817
3.40491
3.38964
3.40046
3.41968
3.41757
3.39468
3.40135
3.41762
3.3783
3.39697
3.41743
3.40892
3.4138
3.39163
3.39979
3.41001
3.38873
3.41728
3.39623
3.39579
3.40132
3.41686
3.40139
3.39876
3.41663
3.41081
3.39793
3.41429
3.40668
3.42276
3.40219
3.42994
3.39826
3.43218
3.41657
3.41766
3.40133
3.40667
3.38142
3.38768
3.40082
3.4151
3.41536
3.40868
3.40093
3.41814
3.38495
3.40366
3.40117
3.40033
3.40222
3.40799
3.42559
3.40876
3.42247
3.41407
3.38299
3.39715
3.43109
3.39892
3.38772
3.39954
3.41415
3.41779
3.39084
3.39903
3.40164
3.39968
3.40604
3.4061
3.39969
3.39962
3.40896
3.40414
3.39347
3.38799
3.41265
3.39335
3.41294
3.44125
3.40839
3.40961
3.40134
3.41389
3.40021
3.43504
3.40486
3.41311
3.40287
3.39548
3.40768
3.40476
3.37903
3.4112
3.40289
3.43973
3.40732
3.42547
3.41681
3.4128
3.39368
3.40864
3.42295
3.39403
3.40409
3.40139
3.39007
3.39892
3.37788
3.40627
3.40813
3.39603
3.43015
3.40017
3.41306
3.41917
3.41978
3.39818
3.41773
3.40548
3.41692
3.41374
3.40368
3.42215
3.38703
3.39026
3.39103
3.40494
3.41311
3.41167
3.40449
3.43127
3.39831
3.39413
3.4022
3.41557
3.4078
3.4232
3.41662
3.40091
3.40241
3.41787
3.41501
3.39722
3.4205
3.4104
3.41306
3.42342
3.40844
3.40889
3.41436
3.38388
3.41365
3.41089
3.38663
3.39604
3.38835
3.39493
3.41752
3.42061
3.40648
3.4423
3.37792
3.39514
3.37025
3.39095
3.39383
3.40626
3.40492
3.40931
3.41441
3.41163
3.38886
3.43635
3.42524
3.40927
3.40842
3.39828
3.38156
3.38997
3.40359
3.41421
3.42661
3.38856
3.40394
3.404
3.42731
3.39342
3.41586
3.40174
3.40206
3.41638
3.39821
3.39921
3.41064
3.397
3.40019
3.38915
3.41124
3.40344
3.40488
3.40406
3.38432
3.40938
3.40146
3.41605
3.40614
3.40647
3.41856
3.40802
3.40032
3.40729
3.4148
3.39616
3.39075
3.40958
3.43338
3.41646
3.41112
3.42049
3.39836
3.40718
3.39357
3.42389
3.41213
3.4163
3.41662
3.40942
3.41164
3.39905
3.40892
3.41388
3.3991
3.41424
3.41967
3.40669
3.41941
3.39193
3.41772
3.40806
3.41044
3.42198
3.40929
3.38558
3.3924
3.43069
3.38661
3.39818
3.43232
3.3959
3.4208
3.3972
3.4097
3.43108
3.38336
3.40146
3.4428
3.39143
3.40121
3.40891
3.4065
3.40759
3.39217
3.40929
3.39703
3.4103
3.40527
3.42017
3.39178
3.41124
3.39356
3.40127
3.40194
3.423
3.38022
3.38756
3.40478
3.3977
3.4065
3.4293
3.39403
3.40825
3.40724
3.3816
3.38617
3.40784
3.38847
3.40162
3.3945
3.43544
3.39625
3.405
3.43176
3.42053
3.41242
3.4058
3.38104
3.40948
3.4249
3.41865
3.40806
3.40643
3.38551
3.39109
3.40663
3.39595
3.41225
3.40132
3.44149
3.42205
3.39791
3.40503
3.39305
3.40497
3.39767
3.40213
3.42204
3.41053
3.4027
3.41437
3.41665
3.42371
3.44143
3.39121
3.41027
3.3997
3.39951
3.41262
3.43085
3.38999
3.39897
3.40249
3.42072
3.41244
3.39784
3.39937
3.41267
3.42152
3.3945
3.39308
3.3941
3.42923
3.3908
3.40062
3.40384
3.40406
3.40579
3.4077
3.40672
3.41303
3.3957
3.42294
3.42909
3.4188
3.38802
3.41109
3.40174
3.41662
3.42133
3.40392
3.40957
3.38983
3.41094
3.41888
3.38683
3.40346
3.39814
3.38057
3.39368
3.40785
3.3844
3.41086
3.42262
3.40662
3.40091
3.40775
3.42094
3.41427
3.41883
3.39604
3.41099
3.38515
3.40697
3.41798
3.39433
3.40401
3.39958
3.38666
3.37464
3.40238
3.40042
3.41626
3.39939
3.39795
3.39348
3.42247
3.41324
3.43384
3.39557
3.41081
3.41114
3.41492
3.40069
3.41298
3.4209
3.38378
3.40006
3.39119
3.39104
3.41593
3.40135
3.40203
3.4294
3.38638
3.40774
3.40904
3.41969
3.39968
3.39846
3.37864
3.41024
3.41657
3.41659
3.38326
3.41848
3.4065
3.39643
3.41148
3.40853
3.40205
3.40506
3.40186
3.39641
3.42378
3.40683
3.40847
3.40717
3.3929
3.42364
3.38516
3.3911
3.42369
3.39362
3.39054
3.39916
3.41652
3.41906
3.40192
3.40226
3.42808
3.40098
3.42891
3.41268
3.40445
3.40439
3.40441
3.42319
3.40271
3.39833
3.41698
3.43722
3.3934
3.41492
3.41176
3.41354
3.40766
3.40526
3.40604
3.41454
3.40184
3.42276
3.42082
3.42031
3.37432
3.41865
3.41758
3.40338
3.40337
3.40086
3.40494
3.40372
3.4154
3.38153
3.4202
3.40484
3.41182
3.40422
3.413
3.40604
3.39184
3.41839
3.40013
3.43574
3.40418
3.38532
3.42622
3.388
3.38689
3.4197
3.39194
3.40211
3.41235
3.38564
3.37766
3.40235
3.40583
3.39384
3.40751
3.4107
3.39294
3.39171
3.41816
3.41673
3.42601
3.43076
3.41542
3.43623
3.40955
3.41464
3.41402
3.40525
3.4102
3.40148
3.40689
3.41956
3.38252
3.40855
3.40656
3.40526
3.40296
3.40853
3.42178
3.40643
3.42407
3.40777
3.39017
3.39819
3.39555
3.40647
3.39276
3.40218
3.4139
3.41637
3.4348
3.39666
3.39587
3.41273
3.39602
3.42179
3.42532
3.41964
3.36685
3.41545
3.42704
3.40165
3.40189
3.40622
3.3909
3.40452
3.39424
3.42136
3.41043
3.40801
3.41584
3.40642
3.4028
3.39036
3.43473
3.40306
3.39618
3.38349
3.39411
3.403
3.40032
3.39743
3.40628
3.38829
3.4139
3.43243
3.39331
3.4052
3.43039
3.401
3.40738
3.39915
3.39581
3.40204
3.40813
3.39364
3.38104
3.40699
3.40193
3.38673
3.39661
3.4102
3.39746
3.40876
3.40464
3.41595
3.40263
3.40379
3.3956
3.39461
3.40577
3.41337
3.41079
3.39123
3.39935
3.39702
3.40679
3.39904
3.41445
3.39701
3.39484
3.38765
3.40033
3.41566
3.41656
3.4033
3.40785
3.43403
3.42925
3.41287
3.41538
3.40519
3.41182
3.39934
3.43525
3.40648
3.42469
3.42203
3.40911
3.39578
3.40788
3.40933
3.38733
3.39688
3.42174
3.38809
3.38687
3.40973
3.41386
3.4112
3.39521
3.42572
3.42154
3.3804
3.42961
3.41942
3.4012
3.41038
3.40299
3.39417
3.4099
3.41201
3.40936
3.41903
3.3766
3.41508
3.4028
3.38965
3.4026
3.38702
3.40837
3.40244
3.42407
3.39991
3.4099
3.4292
3.40021
3.41302
3.4177
3.41252
3.39003
3.41984
3.42553
3.3996
3.39997
3.39673
3.39351
3.40537
3.40475
3.40609
3.39553
3.42343
3.39506
3.38454
3.41257
3.40218
3.4067
3.42387
3.39488
3.39614
3.40978
3.42028
3.41264
3.40502
3.41348
3.40312
3.38852
3.41319
3.39438
3.39465
3.40372
3.42351
3.40286
3.40831
3.41258
3.42612
3.39056
3.4016
3.40688
3.39671
3.41582
3.43425
3.39971
3.41766
3.39543
3.42806
3.41151
3.39801
3.40209
3.41557
3.39593
3.39927
3.39917
3.41147
3.41537
3.41023
3.40091
3.39546
3.41479
3.40835
3.40737
3.41115
3.40812
3.39628
3.43908
3.39331
3.39996
3.38663
3.40446
3.42076
3.38385
3.39693
3.41097
3.40146
3.41115
3.40812
3.42759
3.39776
3.4076
3.4006
3.38185
3.40587
3.39455
3.41502
3.42305
3.3969
3.42214
3.41693
3.4414
3.38897
3.41844
3.39546
3.38637
3.39827
3.39464
3.4074
3.38979
3.41498
3.40923
3.41751
3.41034
3.39335
3.42763
3.39119
3.39689
3.42575
3.38537
3.38436
3.40171
3.42161
3.42317
3.41841
3.39095
3.4099
3.42372
3.40835
3.39316
3.39945
3.40992
3.42979
3.40568
3.41783
3.41549
3.39932
3.38043
3.40359
3.39714
3.41176
3.41587
3.39943
3.41389
3.3983
3.40955
3.42653
3.41231
3.41412
3.40659
3.41455
3.40106
3.4276
3.38416
3.43109
3.40201
3.41117
3.39925
3.40037
3.40656
3.41394
3.39778
3.4131
3.40149
3.42142
3.42687
3.42133
3.3959
3.39442
3.40445
3.37713
3.42297
3.40279
3.39313
3.42837
3.38254
3.42032
3.39715
3.40316
3.41705
3.41654
3.39876
3.38143
3.38119
3.42027
3.39478
3.38687
3.40644
3.40221
3.39187
3.40535
3.4096
3.41223
3.39668
3.37803
3.42274
3.39972
3.418
3.41139
3.40658
3.4123
3.43466
3.43031
3.38832
3.39475
3.3971
3.41185
3.45154
3.40863
3.3933
3.41577
3.40678
3.40894
3.41476
3.39715
3.42348
3.4015
3.40522
3.39575
3.40966
3.402
3.39344
3.37237
3.40228
3.41013
3.40402
3.3909
3.39906
3.4
3.39193
3.42282
3.40627
3.39466
3.41697
3.38907
3.39901
3.39167
3.4079
3.41477
3.40757
3.40497
3.41606
3.43666
3.41653
3.39346
3.39469
3.39423
3.41711
3.40815
3.40955
3.39077
3.40544
3.40795
3.3746
3.40928
3.41008
3.41419
3.40879
3.39071
3.41117
3.41142
3.40898
3.39337
3.39356
3.39959
3.43301
3.4383
3.41326
3.42101
3.41082
3.41375
3.41237
3.39464
3.39287
3.41783
3.40686
3.43569
3.40968
3.40463
3.40557
3.39008
3.38836
3.40708
3.40606
3.39239
3.41751
3.41965
3.3958
3.40152
3.39383
3.43303
3.39155
3.41311
3.39614
3.41968
3.41487
3.39452
3.42063
3.43149
3.4017
3.42763
3.38145
3.42309
3.40126
3.4133
3.419
3.4534
3.39293
3.40517
3.40092
3.39259
3.43766
3.39619
3.37967
3.42391
3.41974
3.41174
3.38251
3.4112
3.4057
3.3927
3.41749
3.39997
3.40315
3.41582
3.38717
3.38386
3.41866
3.42135
3.41057
3.39389
3.40565
3.41012
3.43055
3.41355
3.38991
3.40612
3.41579
3.41196
3.42053
3.40246
3.4149
3.41449
3.39611
3.42578
3.38951
3.41161
3.4025
3.40248
3.40268
3.40532
3.40199
3.39418
3.40808
3.39733
3.38988
3.39504
3.41814
3.41589
3.39238
3.40602
3.41038
3.43129
3.43525
3.40672
3.38726
3.39725
3.39545
3.40884
3.39228
3.40263
3.41394
3.40056
3.40588
3.39637
3.393
3.41256
3.41194
3.3901
3.41659
3.40729
3.42002
3.40915
3.42749
3.41702
3.37706
3.41285
3.41666
3.41727
3.41932
3.40954
3.39458
3.42356
3.39744
3.40019
3.40278
3.41095
3.41501
3.3879
3.40252
3.40945
3.41599
3.39662
3.41462
3.39403
3.42004
3.38699
3.42316
3.39457
3.38798
3.41413
3.41272
3.42514
3.42687
3.39776
3.4101
3.43348
3.39336
3.40902
3.41059
3.40835
3.41474
3.4119
3.4041
3.38179
3.40211
3.40979
3.38129
3.41311
3.40788
3.41085
3.40808
3.39039
3.40949
3.41663
3.41417
3.42377
3.41076
3.41367
3.38798
3.41879
3.40399
3.39647
3.40052
3.43046
3.41762
3.38888
3.39972
3.40093
3.40089
3.38556
3.40093
3.4105
3.38807
3.40029
3.40362
3.39343
3.38944
3.39882
3.40965
3.42779
3.40431
3.38882
3.39698
3.40078
3.40336
3.38378
3.39655
3.40587
3.41502
3.40406
3.42011
3.39503
3.42276
3.40142
3.42328
3.40819
3.40383
3.40127
3.39966
3.42466
3.41245
3.40177
3.40334
3.39931
3.38363
3.42058
3.41478
3.41771
3.39941
3.41585
3.40467
3.4059
3.39516
3.37307
3.42448
3.40471
3.42401
3.4177
3.40937
3.38813
3.41319
3.41169
3.40561
3.41107
3.38321
3.38586
3.38101
3.40533
3.42108
3.40383
3.39449
3.40299
3.39952
3.39864
3.43152
3.41776
3.39282
3.39941
3.42941
3.41497
3.4075
3.41012
3.40968
3.4054
3.40432
3.40155
3.39808
3.41152
3.40235
3.39555
3.41209
3.40845
3.42522
3.37969
3.41283
3.41178
3.39326
3.41291
3.39381
3.40707
3.40434
3.41631
3.4198
3.4108
3.40174
3.40746
3.40673
3.43656
3.41288
3.42505
3.38724
3.41908
3.40234
3.4292
3.38862
3.40123
3.42737
3.42332
3.40283
3.38989
3.39248
3.41283
3.38385
3.38991
3.39678
3.38493
3.39176
3.40152
3.41027
3.42688
3.40226
3.42457
3.42329
3.38572
3.39809
3.41154
3.41568
3.39071
3.39182
3.39523
3.42342
3.40425
3.43293
3.41614
3.38768
3.40884
3.40326
3.40623
3.38644
3.3951
3.3933
3.40131
3.40325
3.39504
3.40102
3.41872
3.40205
3.41615
3.41212
3.41309
3.39345
3.39626
3.41483
3.39573
3.40284
3.39513
3.39879
3.41349
3.41016
3.40296
3.39033
3.39904
3.40949
3.3995
3.40518
3.39826
3.40368
3.41293
3.40391
3.39439
3.40309
3.38326
3.40024
3.40304
3.41149
3.43299
3.40193
3.41054
3.40411
3.40275
3.41827
3.41722
3.41991
3.40001
3.39173
3.40057
3.38905
3.40959
3.41205
3.42413
3.3925
3.40304
3.38669
3.40289
3.41734
3.42974
3.40257
3.38633
3.39447
3.37303
3.43508
3.41492
3.4003
3.41025
3.39819
3.42064
3.39168
3.3894
3.38983
3.40606
3.4276
3.40883
3.41139
3.415
3.39093
3.39792
3.38837
3.40201
3.40059
3.40128
3.43327
3.4005
3.43289
3.39971
3.42175
3.38424
3.4082
3.40561
3.42231
3.40174
3.39492
3.38656
3.40237
3.39153
3.41716
3.41671
3.41125
3.39243
3.3859
3.39295
3.40599
3.39752
3.39818
3.39336
3.40551
3.42103
3.39933
3.40184
3.39891
3.4102
3.38734
3.38985
3.42207
3.441
3.39226
3.40235
3.4168
3.41924
3.41155
3.42518
3.4255
3.39171
3.40647
3.40637
3.40445
3.43023
3.37882
3.41269
3.42151
3.3868
3.38669
3.38874
3.40546
3.42073
3.40451
3.41697
3.39094
3.40146
3.40925
3.38547
3.39326
3.39461
3.40162
3.38712
3.39934
3.40293
3.38801
3.40546
3.38872
3.39167
3.41687
3.4057
3.39908
3.39389
3.37323
3.38207
3.39984
3.43648
3.42309
3.39432
3.38244
3.40567
3.41615
3.40772
3.41219
3.40861
3.3945
3.38747
3.39698
3.40833
3.39044
3.39433
3.39993
3.3983
3.41665
3.39442
3.42834
3.40917
3.41228
3.42329
3.4273
3.41866
3.39652
3.38908
3.42821
3.41275
3.41619
3.41225
3.41051
3.41895
3.41874
3.38038
3.38406
3.39589
3.40463
3.42693
3.41716
3.39799
3.39899
3.39935
3.39767
3.40674
3.38608
3.40065
3.40376
3.40219
3.41162
3.41809
3.39326
3.39842
3.40776
3.41888
3.40882
3.4012
3.41535
3.40883
3.39252
3.39448
3.39722
3.40806
3.40542
3.38389
3.4146
3.40802
3.42383
3.39669
3.40324
3.40313
3.42862
3.39414
3.40643
3.42439
3.3907
3.40598
3.40098
3.40711
3.42228
3.40542
3.4407
3.3904
3.42052
3.40607
3.39499
3.41216
3.41752
3.38113
3.42422
3.39992
3.38465
3.41777
3.41067
3.39241
3.39325
3.38041
3.40958
3.41782
3.41598
3.40791
3.37535
3.40147
3.37892
3.39895
3.39162
3.41044
3.41141
3.38137
3.3959
3.40295
3.41213
3.41244
3.39272
3.40296
3.39944
3.41641
3.4006
3.39803
3.41617
3.4002
3.40153
3.38131
3.402
3.40369
3.37951
3.39032
3.41403
3.42417
3.37937
3.42771
3.4033
3.41055
3.4147
3.40266
3.41294
3.40866
3.43502
3.40412
3.43489
3.39916
3.4086
3.40375
3.39542
3.40961
3.39955
3.38666
3.40805
3.37028
3.40025
3.38963
3.42312
3.40447
3.40785
3.40707
3.4188
3.39244
3.39681
3.38722
3.4292
3.40819
3.40818
3.38307
3.41186
3.40106
3.41834
3.41841
3.40761
3.39604
3.39902
3.39522
3.41594
3.40713
3.40781
3.42269
3.40591
3.38444
3.39663
3.39762
3.39568
3.40533
3.39089
3.41076
3.40556
3.41326
3.39007
3.42857
3.40903
3.40516
3.40764
3.41211
3.39534
3.4079
3.39607
3.40704
3.39885
3.41508
3.39773
3.41501
3.41393
3.39513
3.4261
3.41491
3.40165
3.39648
3.42764
3.41527
3.41091
3.41567
3.40211
3.43007
3.40345
3.40514
3.39958
3.39076
3.3913
3.37474
3.42593
3.42246
3.3791
3.40469
3.39323
3.39705
3.43307
3.40196
3.3941
3.41551
3.41539
3.42184
3.40462
3.42112
3.37518
3.39129
3.38752
3.40666
3.40693
3.42162
3.4063
3.41538
3.41195
3.40183
3.41828
3.41137
3.401
3.41954
3.41111
3.38818
3.40209
3.39711
3.41011
3.40271
3.42312
3.40551
3.39276
3.39694
3.40328
3.40084
3.39622
3.38942
3.42317
3.4095
3.38669
3.41242
3.41311
3.42736
3.41214
3.41845
3.40658
3.4199
3.4182
3.43606
3.4246
3.40938
3.41182
3.40808
3.40367
3.40996
3.39867
3.39915
3.39495
3.41527
3.41676
3.42995
3.40569
3.40561
3.41169
3.39765
3.42233
3.4037
3.40836
3.40975
3.39147
3.38968
3.40783
3.40846
3.40896
3.42744
3.40589
3.41543
3.40817
3.39266
3.39561
3.41131
3.43883
3.42353
3.4054
3.4283
3.41708
3.41288
3.40215
3.40454
3.42428
3.41916
3.41724
3.39145
3.42759
3.42602
3.39346
3.41226
3.40385
3.40409
3.3984
3.41112
3.38387
3.39425
3.40155
3.38964
3.40344
3.39032
3.40298
3.40529
3.39548
3.41244
3.4005
3.41945
3.41091
3.37521
3.4151
3.42132
3.39545
3.43182
3.40889
3.40787
3.39255
3.38806
3.41324
3.39952
3.40842
3.41415
3.39911
3.41737
3.39727
3.40106
3.37642
3.41587
3.42123
3.41202
3.43313
3.39224
3.40753
3.40714
3.40814
3.40211
3.3881
3.40597
3.42332
3.41854
3.4091
3.39536
3.38785
3.39838
3.41348
3.40374
3.41271
3.4225
3.40097
3.38655
3.41308
3.41116
3.41272
3.39265
3.39316
3.39996
3.40382
3.39697
3.3984
3.41944
3.40585
3.4015
3.40403
3.39279
3.37809
3.42187
3.40658
3.40207
3.40482
3.41263
3.41725
3.41156
3.43249
3.39494
3.37946
3.4083
3.41005
3.3932
3.42322
3.41623
3.4175
3.40565
3.39332
3.41331
3.40243
3.4081
3.4053
3.41131
3.40002
3.41519
3.39403
3.38291
3.41769
3.39905
3.38847
3.39375
3.39177
3.39103
3.41156
3.40215
3.39936
3.39912
3.37287
3.38586
3.39548
3.407
3.3905
3.40185
3.40206
3.39373
3.42727
3.43083
3.42966
3.40444
3.41999
3.3874
3.39559
3.40396
3.42224
3.40415
3.42551
3.41991
3.41131
3.37817
3.39987
3.39327
3.39347
3.43393
3.40645
3.40501
3.43277
3.40646
3.43292
3.40972
3.38169
3.39849
3.40382
3.40804
3.38019
3.40419
3.38976
3.39162
3.42198
3.4068
3.40423
3.40417
3.40276
3.40597
3.39366
3.40393
3.41725
3.40808
3.39232
3.40675
3.3883
3.40075
3.42273
3.4069
3.42897
3.41658
3.41736
3.42399
3.40001
3.41217
3.38857
3.3942
3.39753
3.40867
3.38971
3.38977
3.411
3.42162
3.40796
3.39491
3.40482
3.40804
3.40833
3.40746
3.38616
3.41115
3.44037
3.43123
3.4083
3.39256
3.39556
3.40185
3.40952
3.41007
3.41903
3.42034
3.39425
3.39376
3.40227
3.43237
3.40073
3.41228
3.41993
3.44353
3.40101
3.42714
3.40539
3.4257
3.39228
3.40306
3.41076
3.40073
3.406
3.40275
3.39526
3.39716
3.42053
3.41558
3.40814
3.38873
3.38773
3.40088
3.41734
3.39319
3.40332
3.39545
3.40159
3.40719
3.41884
3.40662
3.38924
3.38533
3.42821
3.41883
3.38463
3.38678
3.39602
3.42099
3.40526
3.41468
3.39468
3.40927
3.37758
3.39822
3.38187
3.42658
3.39003
3.40225
3.41964
3.4154
3.43652
3.4123
3.41623
3.40428
3.43394
3.4174
3.40453
3.39022
3.4179
3.40853
3.39691
3.40147
3.4206
3.40568
3.40459
3.38129
3.40389
3.39287
3.4064
3.39328
3.39804
3.40107
3.39893
3.40133
3.40546
3.39468
3.39089
3.41053
3.40596
3.4032
3.3913
3.43085
3.37916
3.40848
3.40601
3.41039
3.40072
3.40946
3.39743
3.43213
3.39078
3.38207
3.38636
3.39948
3.42079
3.38942
3.3973
3.40354
3.3847
3.40239
3.4035
3.42734
3.41812
3.40472
3.41878
3.42345
3.38831
3.39986
3.3914
3.41295
3.39651
3.42177
3.40517
3.37536
3.38815
3.41505
3.40856
3.37935
3.38807
3.399
3.40667
3.41874
3.40117
3.4059
3.4162
3.41816
3.39147
3.41188
3.38449
3.37896
3.39837
3.40994
3.40754
3.41247
3.40731
3.40546
3.421
3.40627
3.39928
3.4063
3.41679
3.40324
3.40894
3.40443
3.42596
3.42023
3.40743
3.41201
3.41379
3.41235
3.41065
3.43432
3.39974
3.39597
3.42437
3.39449
3.40991
3.41829
3.39077
3.3833
3.40672
3.4086
3.38286
3.42767
3.41131
3.44266
3.40183
3.39555
3.42098
3.42615
3.39699
3.41077
3.40391
3.40997
3.41869
3.4505
3.38986
3.42021
3.41778
3.41081
3.40831
3.39061
3.40344
3.3887
3.40199
3.4108
3.40333
3.38125
3.43282
3.42307
3.39682
3.39082
3.42086
3.39985
3.38985
3.42633
3.41175
3.4046
3.41033
3.39238
3.41099
3.41234
3.42013
3.40378
3.42753
3.41171
3.40146
3.39833
3.42449
3.38549
3.42146
3.41183
3.38676
3.39209
3.41745
3.41143
3.39388
3.40034
3.41448
3.43004
3.43735
3.40358
3.40549
3.41252
3.3981
3.41284
3.40884
3.39382
3.41364
3.42956
3.41044
3.41465
3.40012
3.40734
3.4193
3.41346
3.43215
3.39214
3.42752
3.41488
3.39856
3.40102
3.39004
3.39593
3.39483
3.37077
3.41166
3.41729
3.40711
3.40607
3.42464
3.39261
3.41179
3.42788
3.43112
3.39971
3.39859
3.42616
3.418
3.43018
3.40044
3.40174
3.41397
3.40255
3.39334
3.41081
3.41994
3.41197
3.40526
3.40128
3.3984
3.40227
3.39969
3.42708
3.40873
3.40356
3.40866
3.39382
3.40043
3.41487
3.3977
3.41397
3.40695
3.42323
3.39595
3.42222
3.41596
3.39679
3.41036
3.40601
3.41507
3.42031
3.40453
3.41731
3.40682
3.39299
3.41291
3.40411
3.41318
3.3813
3.39036
3.40469
3.40371
3.39403
3.39907
3.40523
3.43299
3.38883
3.41162
3.40001
3.40448
3.40248
3.40459
3.40269
3.41841
3.41501
3.40437
3.40852
3.39604
3.39097
3.39213
3.41591
3.39443
3.40034
3.41327
3.38386
3.41277
3.42242
3.4016
3.40918
3.40609
3.4069
3.39676
3.41095
3.40924
3.43253
3.38942
3.40764
3.40481
3.4149
3.39771
3.40808
3.40403
3.40511
3.39691
3.39416
3.42051
3.39161
3.40979
3.3783
3.39353
3.41931
3.40707
3.40509
3.41277
3.40623
3.40365
3.40354
3.39604
3.39914
3.41041
3.42909
3.42259
3.41205
3.40206
3.37171
3.39737
3.38705
3.4243
3.42028
3.40715
3.40328
3.41729
3.42075
3.43239
3.39696
3.39423
3.42702
3.3988
3.42546
3.40867
3.40019
3.42067
3.42257
3.43289
3.40497
3.38537
3.38704
3.41502
3.41926
3.3973
3.43734
3.40721
3.43567
3.39105
3.40029
3.43275
3.39138
3.39061
3.42085
3.40241
3.39493
3.40812
3.40199
3.39961
3.39699
3.39291
3.38531
3.41187
3.41573
3.42327
3.41976
3.41483
3.42524
3.41265
3.40805
3.41527
3.39828
3.38842
3.40017
3.3948
3.4028
3.41001
3.42202
3.40561
3.43316
3.41753
3.43919
3.40659
3.40063
3.41279
3.40715
3.41626
3.41965
3.39451
3.41069
3.38513
3.39195
3.38645
3.41666
3.41596
3.39857
3.38849
3.41147
3.41502
3.40233
3.40988
3.40558
3.39471
3.39682
3.40165
3.41001
3.39357
3.38981
3.4094
3.41566
3.39418
3.42194
3.39712
3.41594
3.40735
3.39118
3.40345
3.4269
3.40873
3.39795
3.39265
3.39843
3.38947
3.41679
3.4313
3.39887
3.39252
3.41768
3.40684
3.3987
3.40526
3.41673
3.42471
3.40403
3.40297
3.4175
3.40759
3.41514
3.40058
3.398
3.41326
3.39828
3.38667
3.41927
3.37984
3.42451
3.41172
3.41153
3.41374
3.40245
3.4139
3.39266
3.42146
3.41224
3.40001
3.42485
3.43873
3.39829
3.40391
3.39935
3.3872
3.40857
3.3988
3.39072
3.41115
3.39376
3.40269
3.41622
3.40589
3.39895
3.4162
3.4235
3.42219
3.41468
3.38936
3.39327
3.39858
3.41206
3.40693
3.39961
3.391
3.39754
3.4492
3.41407
3.41227
3.40755
3.43086
3.4056
3.38903
3.41234
3.39244
3.41493
3.4032
3.42448
3.37556
3.39607
3.38349
3.42444
3.40533
3.41174
3.41663
3.42434
3.42043
3.394
3.40565
3.41134
3.41926
3.4063
3.39948
3.39494
3.41158
3.39426
3.4029
3.42091
3.41413
3.3937
3.40226
3.42708
3.42174
3.40526
3.4032
3.40537
3.4005
3.4011
3.40084
3.40447
3.392
3.43778
3.41076
3.41501
3.40856
3.40765
3.40392
3.41313
3.38766
3.40271
3.40928
3.40123
3.41294
3.39022
3.38738
3.40427
3.39384
3.42928
3.41009
3.41076
3.3917
3.43533
3.39826
3.39581
3.41868
3.40969
3.39386
3.39693
3.39291
3.40262
3.42822
3.43724
3.39517
3.42073
3.42315
3.40871
3.4026
3.40742
3.42115
3.43195
3.39313
3.40697
3.40689
3.4341
3.39148
3.40386
3.37435
3.39609
3.39508
3.3878
3.38242
3.39311
3.43303
3.4345
3.4319
3.40426
3.42305
3.39891
3.3925
3.41063
3.41478
3.40306
3.41614
3.37599
3.40044
3.38092
3.38034
3.40038
3.42313
3.39665
3.41916
3.40441
3.39067
3.42499
3.40045
3.41524
3.39604
3.40221
3.42966
3.39953
3.39947
3.40771
3.39204
3.38725
3.40198
3.40756
3.41688
3.38475
3.41178
3.4121
3.41275
3.41767
3.41043
3.40511
3.39098
3.39603
3.40252
3.40285
3.37962
3.40444
3.41745
3.39117
3.39793
3.41445
3.42444
3.39662
3.40619
3.41283
3.405
3.4115
3.40128
3.4041
3.41101
3.41162
3.39751
3.41083
3.42984
3.40043
3.38865
3.4015
3.41559
3.41169
3.40438
3.40157
3.42724
3.42662
3.39798
3.39315
3.39318
3.4038
3.39382
3.41233
3.4138
3.42117
3.40592
3.39968
3.3957
3.37535
3.41688
3.41637
3.40036
3.40692
3.39002
3.41578
3.40883
3.41622
3.43202
3.37951
3.40082
3.40071
3.45296
3.40927
3.40377
3.381
3.43503
3.41098
3.42049
3.40538
3.41525
3.39612
3.39275
3.40519
3.39743
3.40332
3.4026
3.40933
3.42649
3.41184
3.39576
3.40688
3.42059
3.38905
3.41565
3.40764
3.41433
3.40567
3.40053
3.41879
3.39273
3.40435
3.39189
3.43238
3.41195
3.42328
3.41351
3.40064
3.41475
3.39333
3.39785
3.41825
3.40321
3.41123
3.41874
3.41099
3.42126
3.42103
3.40084
3.40704
3.40652
3.42795
3.38258
3.39018
3.39376
3.41189
3.41682
3.41158
3.39685
3.39238
3.40274
3.40801
3.4136
3.40203
3.39919
3.39743
3.40143
3.37711
3.37479
3.40982
3.3997
3.40919
3.41367
3.39638
3.40519
3.40199
3.4113
3.41986
3.40628
3.39208
3.39924
3.41799
3.3983
3.39343
3.3994
3.41266
3.38263
3.41218
3.42667
3.43272
3.38212
3.41989
3.38149
3.40805
3.42201
3.41099
3.42801
3.39713
3.41472
3.3937
3.43071
3.38492
3.42817
3.43529
3.38723
3.4008
3.40448
3.38742
3.41436
3.43221
3.39603
3.41999
3.41801
3.41433
3.39593
3.4144
3.3943
3.40021
3.40206
3.4193
3.39355
3.39748
3.4039
3.40699
3.40844
3.39792
3.40958
3.4211
3.39469
3.40024
3.44064
3.40561
3.4164
3.40643
3.41716
3.40309
3.41182
3.40354
3.39431
3.39295
3.43081
3.41068
3.41831
3.40219
3.42167
3.40106
3.41047
3.39281
3.4008
3.40821
3.41651
3.37925
3.40721
3.43217
3.41672
3.41375
3.4073
3.39431
3.37873
3.41836
3.42306
3.41669
3.38258
3.4067
3.415
3.40635
3.41253
3.41093
3.41944
3.42334
3.40696
3.40143
3.41444
3.40176
3.40306
3.4138
3.41485
3.41137
3.37453
3.41117
3.40542
3.41298
3.4201
3.44437
3.41452
3.41544
3.4039
3.42074
3.39787
3.43737
3.40072
3.39851
3.41267
3.43695
3.39791
3.40403
3.39904
3.39704
3.40795
3.39674
3.4276
3.39749
3.40372
3.411
3.38665
3.38377
3.40113
3.3895
3.40506
3.39333
3.40777
3.40407
3.41134
3.40305
3.40788
3.39874
3.38995
3.41023
3.41802
3.40173
3.42048
3.39509
3.41298
3.41972
3.40985
3.44328
3.42036
3.42342
3.40134
3.41388
3.42052
3.40963
3.40309
3.40926
3.42139
3.38999
3.38542
3.39608
3.42169
3.3994
3.38048
3.39727
3.40623
3.418
3.41601
3.37431
3.41664
3.40797
3.41436
3.4057
3.39101
3.41044
3.40134
3.42988
3.40983
3.40062
3.38648
3.42107
3.40782
3.39077
3.41299
3.40526
3.41507
3.41594
3.40376
3.39544
3.42965
3.41201
3.41345
3.43316
3.39725
3.3909
3.42007
3.405
3.39772
3.41872
3.41602
3.39194
3.4009
3.40162
3.42314
3.41464
3.39655
3.41024
3.39264
3.402
3.39325
3.42298
3.40019
3.40217
3.43138
3.3941
3.4078
3.40099
3.42526
3.40158
3.39255
3.40276
3.39759
3.40063
3.39729
3.39053
3.40041
3.41915
3.42394
3.40949
3.39933
3.38899
3.39196
3.42202
3.41657
3.39785
3.38669
3.41859
3.39321
3.44147
3.40383
3.39636
3.40691
3.38202
3.40979
3.40477
3.40385
3.41254
3.42348
3.42077
3.40249
3.40237
3.40333
3.40683
3.38996
3.42965
3.39666
3.39866
3.3984
3.39614
3.42277
3.41039
3.40201
3.38519
3.41995
3.42682
3.40092
3.4241
3.40358
3.43461
3.40308
3.39172
3.4007
3.40516
3.41
3.39383
3.40948
3.40053
3.39677
3.40535
3.40069
3.41869
3.38892
3.39841
3.41941
3.39565
3.42195
3.43199
3.44453
3.42768
3.38919
3.41065
3.3863
3.41235
3.40864
3.39713
3.38427
3.42149
3.40064
3.4161
3.40466
3.40867
3.39151
3.39844
3.40286
3.38357
3.41504
3.39273
3.41814
3.42746
3.39537
3.41588
3.40645
3.41896
3.39511
3.41633
3.4054
3.39179
3.41013
3.40209
3.42238
3.42644
3.39803
3.41544
3.42477
3.40335
3.41504
3.42013
3.40618
3.38387
3.40891
3.41837
3.40255
3.3938
3.38793
3.40712
3.40784
3.39329
3.41648
3.39867
3.39956
3.42824
3.38933
3.41932
3.40295
3.40052
3.42031
3.39323
3.42239
3.38487
3.41166
3.41122
3.38983
3.39589
3.41439
3.4071
3.38237
3.4089
3.40308
3.42615
3.41928
3.41328
3.40559
3.39609
3.41515
3.42306
3.41932
3.40453
3.41148
3.40334
3.41687
3.40587
3.40238
3.42366
3.39783
3.42496
3.39482
3.39038
3.43005
3.42155
3.40179
3.39658
3.41296
3.40746
3.39634
3.39022
3.41522
3.40943
3.39639
3.42273
3.40172
3.41485
3.40167
3.41872
3.39892
3.3998
3.42279
3.39622
3.42603
3.41357
3.39626
3.39108
3.4154
3.40841
3.42513
3.38904
3.38889
3.43427
3.4051
3.406
3.40677
3.40356
3.39746
3.38724
3.42413
3.40232
3.41305
3.42127
3.40771
3.41857
3.42554
3.39713
3.42149
3.40112
3.42581
3.40431
3.39168
3.40205
3.39954
3.40809
3.4095
3.42038
3.4085
3.41946
3.40245
3.38845
3.41631
3.42483
3.40764
3.40911
3.39471
3.38046
3.39069
3.37796
3.39983
3.39794
3.39303
3.40911
3.40067
3.38671
3.40123
3.39954
3.40212
3.40031
3.41263
3.396
3.40331
3.40382
3.3973
3.42971
3.40147
3.4017
3.42177
3.40217
3.40195
3.40447
3.40463
3.43225
3.42401
3.39429
3.4034
3.40725
3.411
3.392
3.39269
3.41181
3.42005
3.39503
3.44381
3.4051
3.40401
3.42963
3.40765
3.41692
3.39964
3.42201
3.41708
3.38129
3.40738
3.4019
3.38434
3.42352
3.41542
3.40985
3.39893
3.3972
3.4135
3.41081
3.40082
3.40875
3.38954
3.39461
3.39073
3.42581
3.38661
3.39023
3.40394
3.40767
3.40873
3.40527
3.43236
3.40623
3.4115
3.39878
3.41736
3.42768
3.39675
3.43588
3.39863
3.40691
3.40338
3.38702
3.39992
3.41254
3.40344
3.41542
3.41727
3.40864
3.38801
3.39918
3.40419
3.40297
3.39066
3.4191
3.40087
3.40831
3.43852
3.41107
3.42135
3.39547
3.4077
3.41729
3.38455
3.39637
3.39766
3.41733
3.41378
3.41217
3.41309
3.41113
3.39864
3.40268
3.40232
3.39375
3.41269
3.40192
3.42019
3.39257
3.41319
3.40007
3.40227
3.39454
3.40191
3.39877
3.42814
3.40656
3.41372
3.39856
3.40366
3.42109
3.40864
3.40048
3.37713
3.41849
3.42513
3.396
3.41855
3.38273
3.39497
3.38996
3.41207
3.38251
3.39023
3.40044
3.37239
3.41082
3.39404
3.39912
3.39817
3.40291
3.40909
3.41231
3.43222
3.43474
3.4028
3.42466
3.43098
3.39376
3.42212
3.39718
3.4125
3.42771
3.40094
3.39948
3.39125
3.42375
3.40803
3.39613
3.40204
3.39063
3.41106
3.40688
3.39611
3.39314
3.39954
3.39176
3.40146
3.40603
3.42284
3.43778
3.39147
3.39521
3.39457
3.4184
3.41336
3.38688
3.41256
3.41388
3.4002
3.41654
3.39408
3.37934
3.37743
3.38499
3.39919
3.39965
3.38195
3.40606
3.40382
3.40991
3.40865
3.38909
3.43579
3.42585
3.41714
3.38924
3.40375
3.42168
3.3995
3.4051
3.4211
3.3919
3.39273
3.40523
3.41389
3.41096
3.45061
3.39178
3.40738
3.39979
3.41059
3.40296
3.41107
3.38803
3.40082
3.41656
3.38821
3.39943
3.40324
3.38999
3.42639
3.41172
3.43105
3.39951
3.40976
3.41106
3.41075
3.38194
3.39625
3.41755
3.4261
3.39058
3.41221
3.40811
3.4239
3.41829
3.41032
3.39847
3.42063
3.41583
3.40371
3.40809
3.39444
3.39931
3.41968
3.40272
3.39357
3.41174
3.42098
3.4266
3.39615
3.43992
3.40034
3.43729
3.41701
3.39925
3.42978
3.40164
3.40573
3.42284
3.40524
3.40431
3.41803
3.39442
3.38605
3.4015
3.40483
3.42453
3.39358
3.40211
3.39936
3.41532
3.41236
3.3923
3.42122
3.41525
3.40908
3.39925
3.38837
3.40037
3.41142
3.40772
3.41994
3.42222
3.39839
3.41727
3.4212
3.40556
3.40097
3.42003
3.39685
3.41135
3.41537
3.38951
3.39289
3.3961
3.38523
3.40737
3.39901
3.41317
3.41509
3.39677
3.38897
3.41301
3.40166
3.41252
3.38983
3.40305
3.40943
3.39341
3.37528
3.41958
3.40825
3.40663
3.41047
3.37731
3.39684
3.39974
3.40154
3.4167
3.40639
3.40885
3.43072
3.42117
3.39246
3.39144
3.42154
3.40914
3.41252
3.40879
3.39548
3.40586
3.40254
3.41697
3.38738
3.39479
3.42432
3.42559
3.38837
3.3977
3.40831
3.41098
3.41436
3.42665
3.41198
3.38158
3.41547
3.41447
3.40551
3.40672
3.40833
3.40355
3.40791
3.39842
3.39223
3.39782
3.4147
3.40406
3.40884
3.41918
3.402
3.40134
3.37357
3.40206
3.40505
3.41192
3.41451
3.40084
3.41818
3.39565
3.40144
3.40853
3.4024
3.38952
3.41674
3.4287
3.40138
3.39504
3.3988
3.41336
3.41347
3.4042
3.37812
3.41497
3.40007
3.41854
3.39377
3.40111
3.4038
3.40362
3.39924
3.42092
3.38993
3.40704
3.40284
3.38346
3.41162
3.44023
3.42211
3.40567
3.407
3.40654
3.43219
3.38763
3.38025
3.39729
3.40687
3.4075
3.37233
3.40332
3.40043
3.39227
3.3662
3.411
3.42393
3.40307
3.40552
3.41431
3.41352
3.38808
3.41296
3.3939
3.39624
3.4215
3.41732
3.38981
3.40193
3.3865
3.39233
3.38198
3.41094
3.38206
3.45355
3.39431
3.40814
3.39141
3.41017
3.42277
3.40379
3.38869
3.39775
3.40396
3.40881
3.43294
3.38556
3.41834
3.42385
3.38792
3.41634
3.40328
3.4006
3.4061
3.41671
3.42056
3.40857
3.42253
3.40661
3.41312
3.41759
3.40561
3.40586
3.41047
3.39755
3.43384
3.39424
3.41545
3.39367
3.38472
3.41885
3.39093
3.41214
3.39865
3.41471
3.4019
3.39557
3.41151
3.40142
3.39734
3.41759
3.42342
3.39243
3.42029
3.39519
3.37534
3.38873
3.42833
3.41305
3.38878
3.42193
3.40605
3.40878
3.39852
3.39991
3.38396
3.39801
3.4211
3.41463
3.39856
3.38785
3.40317
3.39265
3.39451
3.4017
3.40625
3.4248
3.40073
3.39049
3.38926
3.40421
3.41714
3.40098
3.39413
3.41398
3.41046
3.40274
3.38717
3.41459
3.40558
3.43277
3.38724
3.43533
3.41426
3.40085
3.39971
3.39092
3.39915
3.40349
3.38312
3.41229
3.37947
3.42211
3.40056
3.40696
3.39988
3.40941
3.41609
3.40353
3.39865
3.39925
3.40165
3.38834
3.40632
3.41236
3.42096
3.38864
3.39071
3.38958
3.39027
3.39269
