15.0762
1.4293
1.45658
1.49389
1.54317
1.53473
1.56001
1.59159
1.60193
1.6352
1.67589
1.69671
1.71836
1.72832
1.74924
1.76693
1.78949
1.80468
1.82745
1.85354
1.86036
1.89081
1.88617
1.93864
1.95622
1.96509
1.99021
1.99762
2.02726
2.03128
2.0734
2.08727
2.09828
2.10029
2.11724
2.12734
2.12931
2.15691
2.17636
2.1955
2.23977
2.24659
2.24757
2.26367
2.27847
2.28763
2.30296
2.3131
2.32945
2.33088
2.33875
2.35729
2.36815
2.38282
2.38965
2.40138
2.40928
2.42161
2.42842
2.43
2.44841
2.41435
2.47084
2.45144
2.46736
2.48299
2.49752
2.50033
2.51842
2.51287
2.52055
2.54726
2.51668
2.53917
2.55399
2.5808
2.57736
2.57391
2.58216
2.57301
2.59099
2.57539
2.60751
2.61523
2.60058
2.61199
2.62135
2.63656
2.62761
2.63545
2.64189
2.6417
2.63097
2.64066
2.63578
2.65193
2.6612
2.65074
2.66442
2.66407
2.69735
2.67311
2.65619
2.68574
2.70064
2.69575
2.68981
2.69128
2.70724
2.68218
2.71256
2.71677
2.71547
2.70205
2.74046
2.72672
2.73687
2.72158
2.7251
2.71772
2.72394
2.72334
2.70768
2.7209
2.73761
2.72137
2.73897
2.73743
2.71507
2.75097
2.74436
2.75896
2.76039
2.74299
2.7765
2.76749
2.75396
2.74497
2.76749
2.74905
2.77397
2.76656
2.76301
2.76185
2.77105
2.79544
2.77206
2.76448
2.78166
2.80336
2.78548
2.7808
2.7806
2.79445
2.79214
2.78638
2.77542
2.79601
2.80298
2.78493
2.78369
2.78269
2.78722
2.78853
2.80326
2.80813
2.79595
2.78145
2.80494
2.80969
2.81049
2.79564
2.80392
2.79383
2.81478
2.80079
2.82676
2.81525
2.80825
2.80713
2.81123
2.81076
2.79619
2.79294
2.79451
2.83034
2.83206
2.80541
2.82811
2.81912
2.82423
2.83924
2.84261
2.81775
2.83247
2.82051
2.82489
2.82669
2.82825
2.81624
2.81695
2.83602
2.83027
2.8331
2.83288
2.8321
2.81965
2.80922
2.84664
2.84813
2.82426
2.83041
2.82775
2.8267
2.84309
2.8222
2.86453
2.8502
2.83627
2.84148
2.84139
2.83469
2.81913
2.83401
2.82045
2.8264
2.85334
2.83946
2.846
2.82915
2.85019
2.83663
2.85157
2.85831
2.86066
2.80924
2.85361
2.83397
2.83784
2.85268
2.83067
2.84597
2.8615
2.85337
2.84634
2.82998
2.84121
2.85337
2.8496
2.84682
2.86045
2.85028
2.84812
2.8379
2.83297
2.83733
2.83274
2.84987
2.84381
2.84754
2.84008
2.83224
2.84572
2.84167
2.85684
2.86266
2.8522
2.83739
2.86838
2.83748
2.86436
2.84666
2.82767
2.85548
2.87007
2.87024
2.84288
2.86581
2.81819
2.85356
2.85189
2.87711
2.85874
2.85253
2.85678
2.83555
2.85692
2.84081
2.83349
2.85384
2.84179
2.83166
2.85267
2.87434
2.85019
2.84743
2.85571
2.84345
2.84327
2.84126
2.86096
2.85359
2.87777
2.85039
2.86262
2.85074
2.8646
2.85524
2.84498
2.85142
2.84377
2.85851
2.8625
2.85533
2.84853
2.87211
2.85864
2.85459
2.85276
2.86259
2.86287
2.85516
2.85942
2.85033
2.83651
2.84207
2.8462
2.85593
2.84019
2.83899
2.84837
2.85028
2.84013
2.85458
2.86137
2.85041
2.8399
2.84598
2.8466
2.8319
2.86508
2.85594
2.86448
2.84436
2.85861
2.8532
2.84143
2.85727
2.85745
2.83471
2.82501
2.84528
2.8425
2.82509
2.83785
2.85758
2.86485
2.84963
2.84272
2.83706
2.85585
2.83915
2.85574
2.85303
2.85303
2.84446
2.85379
2.84684
2.84144
2.8305
2.87772
2.84406
2.87415
2.84677
2.84813
2.83638
2.8738
2.85777
2.86575
2.86544
2.84943
2.85403
2.84919
2.8673
2.85648
2.86175
2.85745
2.84608
2.8699
2.85425
2.8475
2.85985
2.84554
2.85095
2.8414
2.86168
2.85385
2.84363
2.86163
2.87133
2.82852
2.84138
2.85329
2.86244
2.84551
2.85075
2.86891
2.84973
2.86476
2.85118
2.86553
2.87746
2.84086
2.83419
2.86391
2.83118
2.85045
2.84981
2.86503
2.85174
2.84821
2.86678
2.86519
2.85217
2.8434
2.86013
2.85248
2.85957
2.86184
2.85159
2.8434
2.86434
2.84109
2.86221
2.85523
2.8578
2.87064
2.84878
2.85806
2.86512
2.82615
2.85973
2.82118
2.85375
2.8522
2.84385
2.85509
2.85441
2.86576
2.85543
2.87143
2.83767
2.85593
2.85138
2.84663
2.84518
2.85566
2.862
2.8421
2.85719
2.8451
2.8549
2.85219
2.86706
2.85563
2.86313
2.84429
2.87345
2.84695
2.83834
2.85906
2.86161
2.84755
2.83815
2.85686
2.86961
2.86296
2.85017
2.85096
2.86575
2.85609
2.85647
2.86029
2.85635
2.86109
2.85193
2.84552
2.85196
2.84551
2.84767
2.83918
2.85715
2.85665
2.86931
2.82755
2.8273
2.87278
2.85223
2.84475
2.86168
2.86177
2.84646
2.84472
2.86438
2.86978
2.85096
2.83886
2.83448
2.84651
2.83896
2.85448
2.86029
2.85327
2.84546
2.84854
2.84647
2.84373
2.85259
2.86822
2.87959
2.84683
2.84224
2.84827
2.86815
2.8549
2.85614
2.86872
2.84063
2.83365
2.85452
2.86227
2.83915
2.8378
2.84842
2.86837
2.85077
2.85768
2.84853
2.85401
2.85689
2.84493
2.84319
2.84947
2.85324
2.84889
2.84918
2.88367
2.83001
2.86322
2.8543
2.84635
2.83213
2.84816
2.84866
2.83979
2.83841
2.8562
2.85777
2.85808
2.84944
2.8696
2.85784
2.8368
2.84995
2.83948
2.84149
2.86277
2.87382
2.84993
2.85156
2.85244
2.86087
2.8806
2.84982
2.8555
2.86048
2.84901
2.84699
2.86487
2.86925
2.84801
2.86607
2.84528
2.83944
2.8533
2.8456
2.85092
2.87358
2.86049
2.85539
2.84317
2.84373
2.85626
2.856
2.86648
2.86925
2.86081
2.85489
2.85807
2.87873
2.84637
2.86554
2.84174
2.85389
2.84748
2.84534
2.83771
2.877
2.86561
2.86398
2.88373
2.84602
2.85753
2.84865
2.85103
2.86053
2.84
2.86124
2.84745
2.86224
2.85484
2.85538
2.87534
2.83811
2.87737
2.85332
2.85949
2.8611
2.85486
2.8544
2.84219
2.84747
2.84137
2.85794
2.86328
2.83801
2.85523
2.85203
2.84881
2.85695
2.84114
2.84875
2.84429
2.87398
2.84721
2.83863
2.85349
2.85602
2.86899
2.86071
2.86327
2.83685
2.87201
2.83678
2.84315
2.85961
2.85813
2.86995
2.85233
2.84794
2.84977
2.84895
2.8386
2.85393
2.86794
2.85489
2.85828
2.86249
2.84941
2.87119
2.85794
2.85743
2.84465
2.85244
2.85876
2.85506
2.86485
2.84458
2.87063
2.84265
2.85679
2.87701
2.84719
2.84387
2.84069
2.86327
2.82768
2.85094
2.86295
2.85445
2.87725
2.839
2.85551
2.84282
2.83649
2.8525
2.85138
2.85741
2.85108
2.84432
2.86389
2.85725
2.85986
2.85865
2.86725
2.84279
2.85071
2.84526
2.85756
2.86285
2.85476
2.85132
2.84528
2.8554
2.86326
2.8617
2.84542
2.85643
2.87377
2.85845
2.85027
2.84656
2.83772
2.85086
2.85953
2.8379
2.86607
2.86013
2.86576
2.85444
2.84666
2.84814
2.84967
2.86076
2.86088
2.84763
2.85843
2.85096
2.86116
2.84987
2.85925
2.85316
2.84148
2.85313
2.86624
2.85546
2.8551
2.84823
2.85497
2.82766
2.85754
2.84247
2.8498
2.8557
2.84454
2.87819
2.86524
2.84818
2.8537
2.86048
2.84108
2.86962
2.84037
2.85269
2.84359
2.84602
2.85435
2.85084
2.85082
2.85368
2.85093
2.85771
2.85215
2.85304
2.84121
2.85077
2.85222
2.85202
2.86368
2.85319
2.85855
2.85723
2.84056
2.83852
2.85137
2.85965
2.84356
2.86476
2.84996
2.86678
2.84831
2.86049
2.85499
2.85434
2.84779
2.85188
2.85487
2.85817
2.84383
2.862
2.84221
2.85766
2.85502
2.8382
2.85765
2.86615
2.84
2.85051
2.85888
2.84826
2.85339
2.84744
2.87936
2.8579
2.84882
2.86408
2.86852
2.86038
2.83612
2.86168
2.86039
2.86664
2.8614
2.84351
2.86412
2.84905
2.83449
2.86714
2.86853
2.85127
2.85524
2.84102
2.85431
2.86392
2.84069
2.86605
2.85615
2.86194
2.85164
2.84181
2.85708
2.8669
2.86919
2.8609
2.84387
2.86432
2.87022
2.85178
2.84776
2.85622
2.82783
2.84874
2.85281
2.85198
2.85088
2.85408
2.86964
2.89151
2.87246
2.84121
2.86586
2.84971
2.85535
2.86433
2.84767
2.85969
2.85647
2.83974
2.84087
2.85674
2.83361
2.84699
2.87808
2.84664
2.85601
2.86282
2.85925
2.86204
2.83868
2.85348
2.85548
2.86507
2.84283
2.8324
2.85266
2.8682
2.84553
2.86936
2.8416
2.83843
2.84522
2.8629
2.84635
2.85216
2.84953
2.85386
2.86922
2.85892
2.84408
2.86334
2.85379
2.84607
2.84598
2.86106
2.84666
2.87864
2.86096
2.86332
2.84564
2.85615
2.87107
2.85999
2.8682
2.84958
2.84257
2.83861
2.86461
2.84531
2.8608
2.85685
2.85035
2.86519
2.85712
2.85321
2.84808
2.85019
2.85611
2.85029
2.84727
2.84055
2.86191
2.85541
2.83716
2.86257
2.83661
2.83552
2.84355
2.86645
2.8597
2.85462
2.8558
2.83165
2.85163
2.82939
2.85219
2.84313
2.85988
2.8575
2.86205
2.82771
2.84272
2.84906
2.83671
2.84085
2.85716
2.85974
2.8549
2.85724
2.85258
2.856
2.8592
2.85143
2.86461
2.86855
2.86563
2.85769
2.84824
2.85541
2.8531
2.8497
2.86101
2.84413
2.87002
2.84011
2.83918
2.8631
2.86556
2.83474
2.85302
2.86196
2.83817
2.84543
2.84431
2.86816
2.8538
2.85603
2.86967
2.84514
2.84654
2.8276
2.86966
2.86314
2.86793
2.86979
2.86114
2.8526
2.85419
2.85476
2.84771
2.86697
2.86809
2.85127
2.85139
2.8538
2.8632
2.86196
2.85922
2.8578
2.84073
2.86834
2.84132
2.8476
2.84173
2.86172
2.87215
2.83854
2.85332
2.85717
2.83341
2.83376
2.85144
2.86073
2.87395
2.84936
2.8516
2.85766
2.85953
2.85469
2.86617
2.86619
2.84253
2.84991
2.85249
2.86808
2.84454
2.84077
2.83651
2.84904
2.86733
2.85227
2.84877
2.8397
2.84567
2.87067
2.84869
2.83303
2.84807
2.84944
2.84722
2.87386
2.86318
2.85196
2.84278
2.85784
2.85761
2.85698
2.84976
2.87062
2.85013
2.86144
2.85706
2.85291
2.83983
2.84704
2.85221
2.86011
2.84162
2.86014
2.84689
2.86354
2.84293
2.86468
2.85527
2.86165
2.83585
2.83044
2.85074
2.85646
2.86663
2.88415
2.85104
2.8508
2.85777
2.86654
2.85855
2.85787
2.85442
2.84591
2.85301
2.86626
2.84619
2.85304
2.83857
2.85596
2.85466
2.84347
2.859
2.84694
2.85842
2.84824
2.85961
2.84817
2.85165
2.85431
2.85333
2.85213
2.88421
2.85271
2.83904
2.82803
2.86724
2.85274
2.86525
2.85262
2.86256
2.84991
2.85033
2.839
2.8545
2.8536
2.84615
2.85836
2.83858
2.8485
2.85406
2.84713
2.87437
2.87364
2.86136
2.85725
2.87259
2.84521
2.87063
2.86353
2.84173
2.84434
2.86958
2.84094
2.84627
2.84478
2.85982
2.85656
2.86225
2.83204
2.83803
2.8694
2.85511
2.86642
2.86381
2.84819
2.85261
2.86068
2.84941
2.86465
2.86996
2.84138
2.85514
2.87218
2.85797
2.8403
2.83846
2.83276
2.83635
2.85178
2.8566
2.85633
2.8449
2.87978
2.85776
2.84113
2.84478
2.86659
2.85051
2.84255
2.85787
2.85212
2.85569
2.84527
2.85808
2.86415
2.86743
2.85006
2.86959
2.84614
2.85971
2.83304
2.86008
2.863
2.87328
2.84426
2.85977
2.84788
2.84068
2.85372
2.8568
2.8693
2.86562
2.83756
2.83872
2.86352
2.86603
2.85824
2.84532
2.84096
2.87755
2.84273
2.84581
2.86132
2.86774
2.85519
2.86822
2.85338
2.86405
2.85134
2.84784
2.84904
2.85445
2.86208
2.86011
2.83966
2.8479
2.88488
2.85129
2.84956
2.83061
2.86763
2.82777
2.84726
2.85499
2.84322
2.85858
2.86314
2.85144
2.85541
2.84543
2.84306
2.87904
2.84741
2.84852
2.85458
2.84494
2.84113
2.87013
2.84408
2.86843
2.85659
2.8336
2.85401
2.84493
2.84338
2.8605
2.86337
2.8429
2.86069
2.85308
2.8364
2.85172
2.88829
2.84749
2.84374
2.83583
2.84903
2.85874
2.85978
2.85577
2.86871
2.84276
2.84795
2.85189
2.83777
2.86616
2.83978
2.86033
2.84576
2.84814
2.8544
2.84471
2.83898
2.86171
2.84771
2.84018
2.85562
2.85162
2.87108
2.86795
2.86916
2.85616
2.84415
2.86785
2.85651
2.84891
2.85076
2.82901
2.85411
2.84127
2.83532
2.84745
2.86385
2.84193
2.84323
2.85766
2.85931
2.86294
2.84986
2.85589
2.85876
2.86708
2.8459
2.85636
2.85002
2.85619
2.83208
2.84884
2.85273
2.84304
2.84144
2.84609
2.85611
2.84588
2.86396
2.85658
2.88577
2.85568
2.86064
2.84864
2.84735
2.85992
2.84121
2.85921
2.84004
2.84164
2.83672
2.85784
2.87055
2.87066
2.85014
2.84869
2.84863
2.87714
2.859
2.84855
2.85049
2.84691
2.83922
2.83808
2.84775
2.85128
2.87005
2.84459
2.85635
2.87473
2.86122
2.85446
2.83186
2.85007
2.84014
2.8535
2.88289
2.8508
2.83552
2.8661
2.85138
2.85716
2.86306
2.8565
2.83513
2.84076
2.85621
2.85154
2.83986
2.84364
2.83088
2.83786
2.84627
2.85835
2.87205
2.84305
2.8498
2.87275
2.8581
2.85036
2.86799
2.84483
2.85168
2.8592
2.84511
2.84816
2.85156
2.84272
2.85458
2.84887
2.8596
2.84845
2.84529
2.83552
2.86883
2.86765
2.84659
2.86219
2.85337
2.85087
2.84367
2.84595
2.83387
2.84223
2.85452
2.84067
2.85593
2.84647
2.84004
2.84494
2.84864
2.84588
2.86135
2.86658
2.85142
2.86013
2.87448
2.85893
2.843
2.85512
2.84363
2.86565
2.858
2.84288
2.85543
2.84585
2.8567
2.86478
2.88402
2.84681
2.86685
2.84203
2.83256
2.87498
2.86809
2.84919
2.84642
2.84077
2.84363
2.85436
2.85913
2.86093
2.85654
2.84715
2.84125
2.86143
2.85324
2.85805
2.84873
2.84537
2.84039
2.83696
2.86712
2.85993
2.87001
2.85974
2.85497
2.85964
2.84631
2.84207
2.86168
2.84214
2.84435
2.88322
2.85757
2.86111
2.83476
2.85956
2.82716
2.84501
2.87099
2.87731
2.84668
2.85717
2.8505
2.85254
2.86223
2.85767
2.87574
2.85988
2.85525
2.83758
2.85945
2.83542
2.84115
2.85211
2.85822
2.8527
2.85272
2.85691
2.86597
2.85998
2.84746
2.84662
2.85524
2.86138
2.85732
2.86689
2.83356
2.8586
2.8942
2.8671
2.85212
2.85674
2.87241
2.86018
2.84748
2.86774
2.85444
2.8791
2.8417
2.85578
2.84514
2.83708
2.84415
2.84439
2.85347
2.87297
2.85747
2.85871
2.8616
2.8454
2.85442
2.86531
2.84871
2.86998
2.87336
2.85658
2.85262
2.83879
2.83668
2.84296
2.87224
2.86042
2.85841
2.85193
2.84192
2.85088
2.85684
2.832
2.8431
2.82805
2.84091
2.8518
2.86197
2.83803
2.88135
2.85876
2.85624
2.84768
2.84541
2.84412
2.8387
2.8461
2.86545
2.85561
2.87037
2.8357
2.85456
2.85802
2.85624
2.83532
2.85651
2.85236
2.84542
2.84563
2.86194
2.86301
2.86271
2.84638
2.8374
2.8399
2.84189
2.86005
2.85645
2.87121
2.85246
2.86441
2.84998
2.85188
2.85794
2.85818
2.85514
2.85757
2.86534
2.86486
2.83638
2.86245
2.85811
2.85863
2.83959
2.84641
2.84816
2.84595
2.85037
2.85699
2.86518
2.85702
2.86583
2.84634
2.86694
2.83918
2.84814
2.85002
2.84341
2.8489
2.84689
2.8723
2.87754
2.86538
2.85311
2.83547
2.84435
2.88227
2.84371
2.86162
2.85533
2.83032
2.85113
2.86119
2.86528
2.85326
2.85454
2.86243
2.83986
2.85224
2.83802
2.86177
2.85424
2.86155
2.85741
2.84896
2.85292
2.8531
2.8529
2.86404
2.86405
2.87243
2.85795
2.85468
2.84745
2.86143
2.8532
2.8491
2.86584
2.86826
2.84915
2.84545
2.8485
2.82933
2.85533
2.85379
2.8542
2.85575
2.84935
2.85502
2.85587
2.85422
2.85664
2.85011
2.85024
2.8612
2.85387
2.85356
2.86336
2.85823
2.85994
2.86708
2.8578
2.84641
2.85158
2.84684
2.87495
2.84752
2.85055
2.87332
2.85186
2.84287
2.84904
2.84522
2.84704
2.85938
2.84625
2.83936
2.84342
2.8603
2.87741
2.84668
2.85987
2.87077
2.84121
2.84756
2.86394
2.8503
2.85637
2.87005
2.86629
2.8328
2.85092
2.86113
2.85176
2.84725
2.84756
2.84523
2.84278
2.87378
2.86513
2.86556
2.85541
2.84182
2.84695
2.86858
2.84692
2.85378
2.83959
2.83366
2.84391
2.84894
2.84465
2.8552
2.8498
2.85796
2.86387
2.8558
2.85251
2.84785
2.85631
2.85515
2.8566
2.86861
2.83061
2.86041
2.85321
2.84581
2.83356
2.84425
2.843
2.87638
2.85141
2.85043
2.87409
2.86706
2.87123
2.84607
2.84916
2.86154
2.8727
2.85494
2.84589
2.8521
2.83827
2.86347
2.84526
2.86133
2.84906
2.86143
2.85446
2.83913
2.84238
2.83707
2.86376
2.86033
2.84642
2.8594
2.85138
2.84922
2.85444
2.8457
2.84995
2.88346
2.85645
2.84773
2.84388
2.86385
2.8536
2.84133
2.8681
2.85462
2.85209
2.83441
2.84568
2.85738
2.87067
2.8431
2.86441
2.85196
2.84769
2.85454
2.8399
2.84325
2.86211
2.8694
2.8436
2.84573
2.85431
2.84325
2.85987
2.85747
2.85078
2.86399
2.84127
2.85376
2.84817
2.84116
2.88737
2.83466
2.8461
2.86071
2.85448
2.84981
2.8567
2.82595
2.8351
2.828
2.85933
2.85008
2.87394
2.85163
2.85001
2.86401
2.84959
2.86697
2.84865
2.84325
2.84451
2.85791
2.87273
2.8765
2.84083
2.8462
2.85763
2.85094
2.82848
2.83809
2.85678
2.84615
2.84486
2.86988
2.87529
2.84954
2.86608
2.85976
2.82956
2.86543
2.84318
2.84123
2.85733
2.85488
2.84762
2.86109
2.86177
2.87412
2.85649
2.84857
2.84859
2.86067
2.86662
2.84855
2.86361
2.84326
2.84389
2.86109
2.84934
2.84351
2.85612
2.8429
2.87084
2.85819
2.85973
2.86084
2.83827
2.86593
2.85272
2.85213
2.85779
2.85681
2.84983
2.84381
2.83769
2.83854
2.85973
2.86716
2.84581
2.84931
2.84384
2.84459
2.87007
2.83688
2.84224
2.85982
2.85733
2.88807
2.85191
2.8545
2.83644
2.83892
2.87061
2.86161
2.84878
2.86241
2.83618
2.83333
2.85265
2.87023
2.86976
2.85915
2.8408
2.85842
2.85424
2.85968
2.84605
2.85094
2.85451
2.8693
2.85042
2.84654
2.83013
2.82984
2.86364
2.86442
2.84037
2.84885
2.87177
2.84391
2.84723
2.84773
2.83399
2.85461
2.85161
2.83536
2.84743
2.85177
2.87381
2.86588
2.83866
2.86178
2.83934
2.84284
2.85785
2.84409
2.84071
2.86785
2.85328
2.84741
2.87397
2.85385
2.85457
2.86045
2.82861
2.84791
2.83546
2.85281
2.86289
2.86559
2.8637
2.86072
2.85598
2.85281
2.86836
2.84401
2.85499
2.88022
2.85538
2.8386
2.83901
2.85956
2.85332
2.85635
2.84589
2.87548
2.85514
2.86372
2.86314
2.86822
2.84714
2.85553
2.84881
2.84218
2.83988
2.85658
2.85156
2.84752
2.85062
2.86432
2.84773
2.86273
2.87137
2.86269
2.83794
2.86309
2.85111
2.85693
2.85263
2.8536
2.85987
2.83936
2.86533
2.8454
2.87028
2.85708
2.8412
2.83799
2.84481
2.82573
2.8729
2.85101
2.84302
2.86789
2.85666
2.85504
2.85819
2.86162
2.86684
2.86931
2.84592
2.87407
2.85726
2.85623
2.85464
2.86354
2.85949
2.85492
2.85016
2.84801
2.85558
2.85685
2.84244
2.84781
2.86055
2.84463
2.86259
2.84673
2.85327
2.83785
2.86471
2.84045
2.86503
2.85054
2.84734
2.88586
2.86201
2.8382
2.85158
2.85612
2.8425
2.84799
2.87903
2.85187
2.8617
2.85343
2.84834
2.85401
2.85753
2.87474
2.84927
2.86405
2.84885
2.85561
2.8758
2.8526
2.86158
2.84344
2.84557
2.83588
2.86604
2.8547
2.84875
2.87476
2.84212
2.83777
2.83744
2.83723
2.86999
2.86863
2.85716
2.85971
2.84925
2.84374
2.87065
2.85227
2.8636
2.85946
2.85558
2.8565
2.8405
2.84865
2.87078
2.85385
2.85097
2.87538
2.84267
2.85742
2.86214
2.84911
2.86648
2.84758
2.85511
2.83825
2.8495
2.84891
2.84358
2.84316
2.86629
2.86493
2.85125
2.85007
2.86754
2.85383
2.86072
2.85237
2.86238
2.85774
2.85556
2.86155
2.85751
2.86779
2.85685
2.87843
2.86768
2.85844
2.85342
2.8645
2.84477
2.84827
2.85565
2.85472
2.84751
2.87571
2.83636
2.8495
2.86096
2.84836
2.83804
2.85626
2.84909
2.8565
2.86049
2.8607
2.84238
2.85619
2.84812
2.85569
2.86182
2.8526
2.85408
2.86586
2.84896
2.86285
2.85756
2.84296
2.85975
2.84174
2.8421
2.8565
2.85623
2.86649
2.84787
2.84308
2.86813
2.85619
2.87607
2.84656
2.85283
2.85013
2.88
2.8328
2.83773
2.85239
2.87997
2.8513
2.8591
2.86023
2.84888
2.86067
2.83918
2.85587
2.85702
2.84159
2.84344
2.84626
2.85255
2.84914
2.85754
2.85098
2.85015
2.8365
2.84888
2.83874
2.87266
2.85088
2.84317
2.85422
2.85635
2.8504
2.85189
2.86112
2.84911
2.85236
2.83559
2.84927
2.85798
2.8331
2.87919
2.85673
2.86677
2.85205
2.87731
2.85521
2.84301
2.84939
2.86422
2.85027
2.85289
2.86577
2.85806
2.8501
2.84936
2.85224
2.85358
2.84899
2.83732
2.85637
2.84779
2.86238
2.84664
2.85217
2.85519
2.86774
2.84314
2.83455
2.83671
2.85204
2.8501
2.84182
2.86215
2.84612
2.84991
2.84197
2.8614
2.84678
2.85426
2.83494
2.84586
2.86995
2.85134
2.84584
2.86112
2.86786
2.85461
2.84347
2.85433
2.87345
2.83841
2.85393
2.85988
2.85932
2.88859
2.86226
2.85003
2.84043
2.86052
2.84799
2.86678
2.86182
2.84692
2.85994
2.85146
2.87437
2.85307
2.86295
2.84353
2.84874
2.84413
2.83397
2.84885
2.86336
2.87195
2.87155
2.8571
2.8452
2.84959
2.85013
2.85037
2.89407
2.84078
2.86622
2.84951
2.86504
2.86428
2.8588
2.85436
2.84512
2.8512
2.86766
2.83301
2.86111
2.85235
2.85857
2.85681
2.85782
2.84724
2.87042
2.8303
2.84936
2.84948
2.84492
2.86544
2.84694
2.85782
2.86284
2.86178
2.84136
2.8529
2.84777
2.84648
2.86787
2.861
2.8694
2.85124
2.83772
2.8583
2.84116
2.84862
2.85463
2.85684
2.86104
2.86786
2.85207
2.84277
2.85159
2.84746
2.883
2.84925
2.84437
2.88081
2.85181
2.84448
2.86226
2.83529
2.85117
2.86273
2.86285
2.85557
2.84269
2.85094
2.8594
2.85025
2.84044
2.85558
2.84207
2.85376
2.85331
2.85084
2.85041
2.8432
2.83968
2.84285
2.85844
2.86122
2.85086
2.86193
2.84839
2.86668
2.86468
2.84801
2.87927
2.84669
2.85917
2.83345
2.84193
2.84495
2.8516
2.85011
2.85569
2.86607
2.85856
2.85433
2.85358
2.85434
2.84126
2.85692
2.86069
2.86084
2.84991
2.85919
2.8401
2.84771
2.85356
2.86609
2.85412
2.83764
2.8462
2.85354
2.84111
2.84332
2.86278
2.85677
2.82822
2.86206
2.86001
2.85746
2.84518
2.87475
2.85988
2.86156
2.87805
2.86302
2.8342
2.86366
2.86079
2.86115
2.8604
2.85339
2.85274
2.87031
2.84853
2.86406
2.83363
2.84243
2.84545
2.8624
2.85721
2.86778
2.86072
2.84445
2.83859
2.86199
2.83826
2.8424
2.85326
2.87023
2.85391
2.85234
2.84771
2.84045
2.83976
2.86158
2.86872
2.85412
2.84562
2.85836
2.85056
2.833
2.85473
2.84491
2.86879
2.84963
2.84115
2.85651
2.84062
2.84109
2.86591
2.85278
2.85255
2.84353
2.85552
2.83284
2.85721
2.85432
2.8421
2.86522
2.8479
2.85292
2.83189
2.83804
2.84409
2.84791
2.85006
2.85238
2.85265
2.85544
2.83811
2.84913
2.84881
2.85161
2.84061
2.85524
2.83809
2.85976
2.83876
2.85822
2.84937
2.8458
2.83593
2.85829
2.86001
2.84196
2.8354
2.85585
2.84864
2.85142
2.85225
2.84344
2.83319
2.85615
2.88514
2.85392
2.84557
2.85677
2.8475
2.8428
2.84912
2.8535
2.85305
2.84142
2.87359
2.85285
2.87472
2.85067
2.86094
2.83361
2.84703
2.84326
2.85461
2.86201
2.84621
2.84766
2.8598
2.85194
2.85409
2.85965
2.8644
2.85535
2.87402
2.84062
2.84807
2.84729
2.86237
2.84506
2.84406
2.8367
2.8553
2.84882
2.85576
2.86272
2.84967
2.8652
2.85197
2.86328
2.85852
2.86331
2.84145
2.84537
2.85789
2.83878
2.84986
2.85872
2.85016
2.86465
2.85129
2.84168
2.85104
2.85355
2.85594
2.8437
2.86365
2.84179
2.84235
2.84907
2.85283
2.85504
2.84756
2.85555
2.83805
2.84872
2.85842
2.85604
2.87032
2.84842
2.84031
2.84235
2.8608
2.8712
2.85067
2.86104
2.84273
2.85566
2.84936
2.84768
2.85348
2.85701
2.84984
2.85148
2.85801
2.8668
2.84278
2.851
2.87987
2.85754
2.8621
2.86799
2.85599
2.85032
2.84448
2.84439
2.83923
2.84803
2.85547
2.84425
2.86242
2.84101
2.84661
2.86228
2.85067
2.85275
2.85485
2.85658
2.86314
2.84803
2.84836
2.85091
2.85046
2.85076
2.85714
2.85946
2.85307
2.84707
2.86177
2.84837
2.86035
2.84858
2.85205
2.82994
2.85838
2.86973
2.8425
2.8687
2.85832
2.86151
2.84126
2.86519
2.84659
2.84733
2.87375
2.86853
2.85221
2.85538
2.84581
2.84728
2.85408
2.86178
2.85448
2.84176
2.86234
2.87113
2.86994
2.87003
2.8546
2.85693
2.8454
2.84589
2.86371
2.85328
2.86443
2.86885
2.8523
2.858
2.84711
2.84163
2.85725
2.86083
2.82555
2.8428
2.84717
2.85
2.84668
2.85478
2.85378
2.84685
2.86347
2.86841
2.84866
2.85119
2.85617
2.84411
2.85681
2.84389
2.86529
2.85355
2.86268
2.85525
2.85001
2.86029
2.83842
2.86557
2.82994
2.83347
2.84697
2.8616
2.86175
2.85324
2.85116
2.84997
2.84877
2.87182
2.83809
2.8627
2.88275
2.83555
2.84717
2.85703
2.87306
2.85986
2.84751
2.85574
2.87068
2.83846
2.85841
2.83798
2.86595
2.88208
2.85779
2.85775
2.84522
2.84602
2.84105
2.8478
2.84644
2.86893
2.84851
2.84149
2.84948
2.83673
2.86476
2.86497
2.8626
2.85022
2.84356
2.847
2.84663
2.85207
2.84639
2.84038
2.86251
2.85301
2.84482
2.84565
2.82794
2.84986
2.87016
2.85397
2.8447
2.85539
2.85701
2.86974
2.84469
2.85448
2.86425
2.86539
2.84644
2.84744
2.8663
2.85449
2.85425
2.84188
2.83358
2.83625
2.86294
2.85536
2.87087
2.85431
2.85064
2.84542
2.85562
2.86345
2.85597
2.84487
2.8637
2.8424
2.84305
2.83465
2.85559
2.83729
2.87147
2.84568
2.85336
2.88002
2.83743
2.8415
2.85815
2.85921
2.83326
2.84234
2.8579
2.85155
2.86303
2.85137
2.86067
2.86016
2.85981
2.85218
2.85466
2.86973
2.8562
2.8457
2.85784
2.8444
2.84767
2.86234
2.85364
2.87118
2.86344
2.86
2.85186
2.84744
2.86085
2.8663
2.84814
2.83775
2.86682
2.83526
2.85298
2.84811
2.85861
2.86464
2.85734
2.85528
2.86705
2.86753
2.87014
2.8531
2.84814
2.83743
2.86779
2.86629
2.86589
2.86024
2.85824
2.84931
2.83831
2.85
2.86501
2.84859
2.84931
2.85743
2.87363
2.86425
2.84546
2.85919
2.83248
2.85635
2.84423
2.85906
2.84869
2.84857
2.85071
2.85588
2.8682
2.83729
2.85248
2.85362
2.85233
2.86083
2.85623
2.84696
2.86733
2.84793
2.84954
2.85703
2.85573
2.86424
2.85402
2.85413
2.83813
2.85513
2.8381
2.85159
2.85819
2.87479
2.83775
2.86036
2.84312
2.8526
2.87466
2.86059
2.85102
2.85321
2.8533
2.84674
2.84815
2.86053
2.855
2.86511
2.84995
2.84465
2.85171
2.84462
2.84582
2.8558
2.87113
2.84346
2.84141
2.87675
2.85998
2.84379
2.8325
2.84473
2.8478
2.84502
2.87369
2.85826
2.87836
2.85389
2.85626
2.86126
2.85596
2.87319
2.85132
2.84044
2.8493
2.8541
2.83838
2.86554
2.83798
2.85482
2.85699
2.84135
2.84554
2.86623
2.85125
2.86774
2.84002
2.84912
2.87051
2.85066
2.8532
2.85157
2.85726
2.85145
2.87147
2.84527
2.8526
2.84636
2.86976
2.83914
2.84388
2.8517
2.83823
2.85595
2.83653
2.8587
2.82767
2.85269
2.86672
2.85578
2.8457
2.85029
2.84373
2.86068
2.88906
2.87318
2.85888
2.86195
2.85717
2.85293
2.8648
2.85172
2.85587
2.87012
2.86399
2.84248
2.85092
2.84682
2.86149
2.85436
2.8523
2.84667
2.83656
2.8731
2.86489
2.84397
2.83343
2.83294
2.8359
2.86414
2.86673
2.83995
2.86301
2.85895
2.82528
2.8592
2.85679
2.8416
2.84799
2.85576
2.84184
2.84409
2.84895
2.86077
2.85282
2.8522
2.8543
2.86994
2.84316
2.8597
2.8381
2.84977
2.86987
2.85725
2.85477
2.8558
2.86988
2.85735
2.8654
2.8595
2.85716
2.84607
2.85381
2.85523
2.84217
2.86707
2.8657
2.85283
2.857
2.86633
2.86866
2.8498
2.86811
2.8459
2.86604
2.85772
2.86314
2.8436
2.85051
2.84178
2.87033
2.84594
2.87273
2.84128
2.84815
2.87267
2.85569
2.8558
2.83709
2.86731
2.85146
2.85028
2.86034
2.85555
2.85839
2.84906
2.85423
2.86727
2.8429
2.84139
2.85495
2.87219
2.87449
2.85849
2.84192
2.86259
2.83262
2.84544
2.87218
2.86362
2.8431
2.85008
2.85034
2.84029
2.87383
2.88505
2.84654
2.86426
2.85526
2.86558
2.85956
2.85274
2.84779
2.87921
2.86759
2.84988
2.86921
2.86152
2.85239
2.87028
2.83772
2.8388
2.87631
2.86571
2.85473
2.84435
2.85939
2.8497
2.85243
2.84605
2.84986
2.87888
2.84865
2.85131
2.84012
2.82905
2.8642
2.86316
2.86947
2.85685
2.84863
2.85855
2.84848
2.86748
2.85249
2.8381
2.86556
2.86528
2.85125
2.85973
2.8617
2.85869
2.8407
2.83283
2.85386
2.84806
2.8461
2.86542
2.84345
2.83034
2.8428
2.86088
2.86438
2.83685
2.86227
2.84053
2.8407
2.85747
2.85502
2.87123
2.85928
2.85409
2.85849
2.85371
2.85864
2.87122
2.85819
2.85079
2.85576
2.85995
2.85203
2.84689
2.83983
2.85092
2.8578
2.86169
2.84484
2.85734
2.8551
2.85038
2.85509
2.84806
2.86482
2.85927
2.85686
2.84134
2.87048
2.86137
2.85757
2.85793
2.87157
2.84947
2.84326
2.86329
2.85908
2.8546
2.85073
2.84609
2.83778
2.84312
2.84591
2.85103
2.84716
2.84421
2.84368
2.85399
2.85045
2.84136
2.87019
2.85157
2.84156
2.85401
2.85556
2.86024
2.84185
2.86801
2.86065
2.84299
2.85603
2.85943
2.85492
2.85419
2.84491
2.83052
2.86793
2.83907
2.8376
2.86254
2.86323
2.82657
2.87452
2.86479
2.8594
2.8532
2.8676
2.8644
2.84182
2.85974
2.84628
2.8528
2.8265
2.83711
2.85977
2.84397
2.84348
2.84873
2.83906
2.86598
2.85829
2.84841
2.84714
2.8381
2.84856
2.83973
2.8408
2.86551
2.84613
2.85929
2.83343
2.84595
2.84288
2.83503
2.86193
2.85696
2.84446
2.85078
2.86608
2.85104
2.85311
2.86595
2.88559
2.83932
2.86624
2.849
2.85432
2.84501
2.84918
2.85394
2.87208
2.8678
2.83678
2.85507
2.88012
2.85219
2.85017
2.86239
2.87058
2.85134
2.85612
2.84174
2.87338
2.85797
2.85136
2.84346
2.86449
2.85768
2.86093
2.84612
2.83443
2.86049
2.86478
2.86817
2.85942
2.84156
2.86449
2.86251
2.83984
2.83819
2.86346
2.84137
2.85054
2.85826
2.85946
2.87561
2.84526
2.84502
2.84035
2.86054
2.84903
2.85392
2.85621
2.83875
2.8392
2.83687
2.85026
2.83418
2.8693
2.85372
2.84142
2.86531
2.87245
2.84094
2.86683
2.8538
2.8465
2.86001
2.8668
2.85365
2.83023
2.86943
2.86539
2.88547
2.8509
2.84917
2.86286
2.85662
2.85563
2.87107
2.86005
2.86864
2.84308
2.86164
2.85795
2.85484
2.86014
2.85468
2.85804
2.84797
2.85406
2.84014
2.85885
2.83847
2.87343
2.85491
2.85033
2.86459
2.85866
2.84759
2.8513
2.8578
2.85771
2.87231
2.83992
2.86332
2.85021
2.85479
2.8499
2.83486
2.85361
2.86299
2.85551
2.84234
2.84404
2.86654
2.85104
2.84216
2.83103
2.85725
2.8634
2.8598
2.86198
2.8517
2.8565
2.85997
2.88813
2.86141
2.84403
2.86758
2.86584
2.8506
2.845
2.85771
2.87258
2.83967
2.86334
2.85093
2.86064
2.84904
2.85354
2.85508
2.85383
2.85248
2.84994
2.85194
2.85042
2.84992
2.87162
2.85515
2.87999
2.85253
2.84571
2.84768
2.83324
2.85353
2.84383
2.85621
2.8481
2.85855
2.8356
2.85477
2.84826
2.8748
2.85359
2.85849
2.85682
2.85474
2.8575
2.83757
2.85206
2.85029
2.86228
2.86901
2.85015
2.84295
2.85019
2.87245
2.85206
2.85439
2.86637
2.84982
2.88345
2.84307
2.84927
2.86174
2.86756
2.83831
2.84653
2.86155
2.85652
2.86243
2.84744
2.83045
2.85204
2.8615
2.85678
2.85095
2.85556
2.85271
2.83761
2.86125
2.83268
2.86942
2.85874
2.83759
2.859
2.83421
2.8432
2.83701
2.85867
2.84794
2.83908
2.84062
2.84775
2.85287
2.85548
2.85098
2.87133
2.85943
2.84821
2.84958
2.84875
2.85381
2.86192
2.85323
2.83855
2.85698
2.87155
2.85845
2.85503
2.86521
2.86286
2.83841
2.84689
2.84501
2.85644
2.8481
2.8625
2.8681
2.86823
2.85797
2.85925
2.85227
2.86038
2.83953
2.8498
2.84428
2.83199
2.84246
2.84752
2.88027
2.84009
2.84679
2.85782
2.83975
2.84688
2.85267
2.84811
2.84376
2.84501
2.84746
2.84978
2.84157
2.85846
2.8444
2.85207
2.86171
2.84858
2.87278
2.84772
2.85045
2.85286
2.83783
2.84753
2.84354
2.87822
2.859
2.85084
2.85444
2.83934
2.84868
2.85511
2.86058
2.8383
2.87487
2.85496
2.85678
2.85934
2.85985
2.87112
2.86318
2.86904
2.87683
2.85858
2.84958
2.845
2.87464
2.84496
2.86717
2.8456
2.85637
2.85153
2.83899
2.84809
2.85009
2.86317
2.83749
2.84907
2.84736
2.82961
2.83456
2.84318
2.84874
2.86102
2.84802
2.84934
2.87096
2.8459
2.86338
2.86069
2.85354
2.85786
2.8381
2.86349
2.84707
2.86127
2.83956
2.85574
2.84404
2.83598
2.85462
2.86335
2.85568
2.85982
2.86615
2.84806
2.84409
2.83498
2.85563
2.83821
2.86166
2.8288
2.84524
2.85037
2.86095
2.8412
2.85537
2.84719
2.85971
2.85454
2.8527
2.86024
2.84992
2.85964
2.84336
2.85637
2.83851
2.84554
2.84984
2.85597
2.84826
2.85074
2.84519
2.87549
2.8581
2.83549
2.8469
2.85085
2.84075
2.85966
2.84151
2.84815
2.84996
2.85178
2.85193
2.86462
2.85905
2.85773
2.8454
2.8343
2.83487
2.85826
2.86135
2.84185
2.85689
2.83827
2.8551
2.8569
2.85514
2.85134
2.85644
2.8333
2.85555
2.87024
2.84494
2.84938
2.84734
2.84011
2.8411
2.84902
2.8594
2.85848
2.86292
2.86606
2.85113
2.87542
2.86536
2.86687
2.83209
2.86497
2.85117
2.8532
2.86007
2.8621
2.84772
2.84755
2.86719
2.85322
2.85312
2.84391
2.85896
2.85317
2.84713
2.84209
2.84929
2.85097
2.84616
2.86233
2.85493
2.86813
2.85926
2.85429
2.85742
2.85864
2.85736
2.8546
2.86994
2.84823
2.84018
2.85062
2.84751
2.86154
2.8462
2.83955
2.8579
2.86335
2.84955
2.84615
2.85587
2.85009
2.86492
2.84834
2.83604
2.86856
2.84654
2.84155
2.84394
2.84373
2.87316
2.85314
2.83944
2.83921
2.85503
2.83848
2.85859
2.85739
2.85005
2.84222
2.86137
2.83867
2.86336
2.85858
2.86601
2.83757
2.86426
2.85527
2.82286
2.85006
2.86346
2.87087
2.86591
2.85693
2.83809
2.86475
2.86341
2.84513
2.84396
2.86292
2.8446
2.848
2.83496
2.86053
2.82989
2.84995
2.83025
2.84142
2.86219
2.86239
2.85387
2.87477
2.86134
2.84137
2.85467
2.86046
2.84612
2.85384
2.83886
2.84287
2.86746
2.84416
2.84799
2.85044
2.859
2.85045
2.8746
2.85381
2.86109
2.86356
2.85502
2.86825
2.85987
2.85971
2.86745
2.84397
2.86609
2.86329
2.86478
2.84978
2.85129
2.84342
2.87968
2.85305
2.84972
2.83664
2.85102
2.8702
2.85539
2.84826
2.86398
2.8564
2.86273
2.85593
2.83585
2.87969
2.84398
2.84627
2.83386
2.83985
2.85105
2.84366
2.86037
2.84407
2.8355
2.84937
2.84397
2.85298
2.861
2.85072
2.84475
2.84433
2.8707
2.85553
2.85407
2.85138
2.84327
2.85205
2.83826
2.8431
2.85074
2.84904
2.85945
2.85059
2.83531
2.85895
2.85822
2.85088
2.85147
2.85777
2.85453
2.85451
2.85669
2.86637
2.86322
2.86814
2.8555
2.86437
2.85775
2.84769
2.83644
2.86896
2.87072
2.84342
2.85905
2.8545
2.83784
2.86639
2.85527
2.87848
2.85531
2.8484
2.85059
2.85489
2.84687
2.8505
2.86661
2.85835
2.83467
2.85685
2.84762
2.83577
2.84519
2.84359
2.85161
2.84593
2.86882
2.85855
2.84322
2.87069
2.85467
2.84771
2.84627
2.86533
2.83743
2.84763
2.85369
2.83689
2.844
2.86274
2.84972
2.84648
2.84249
2.86853
2.85446
2.86157
2.86225
2.85181
2.84292
2.85866
2.85915
2.84378
2.84563
2.85321
2.85285
2.87308
2.86115
2.85598
2.84189
2.85906
2.85668
2.86417
2.84654
2.85622
2.85058
2.85794
2.84346
2.85975
2.87297
2.85162
2.85174
2.85851
2.84486
2.8425
2.86236
2.84831
2.88636
2.85327
2.86129
2.85034
2.85152
2.8483
2.83831
2.8769
2.88026
2.8706
2.84663
2.83536
2.84218
2.86495
2.85677
2.85227
2.85359
2.86168
2.85732
2.85295
2.84254
2.84524
2.85351
2.86511
2.86196
2.86085
2.84895
2.83054
2.85484
2.85803
2.84216
2.85127
2.84958
2.87011
2.83589
2.85954
2.84742
2.86972
2.84354
2.87085
2.84703
2.85488
2.86918
2.85632
2.84332
2.86843
2.83701
2.85117
2.84611
2.8466
2.85534
2.84838
2.84498
2.85398
2.87492
2.85936
2.84007
2.84377
2.83404
2.85562
2.88542
2.85202
2.83476
2.84373
2.86253
2.85054
2.86289
2.83848
2.83698
2.84685
2.86244
2.85738
2.85505
2.85552
2.86457
2.85029
2.85788
2.85072
2.86934
2.86345
2.85584
2.85601
2.86005
2.83147
2.86622
2.8715
2.87328
2.85806
2.85123
2.8546
2.87614
2.85722
2.8616
2.83688
2.85222
2.86246
2.83678
2.85555
2.86579
2.82898
2.84071
2.85668
2.85255
2.84736
2.88489
2.87007
2.87521
2.85306
2.8489
2.84579
2.86477
2.8442
2.86394
2.84961
2.85134
2.83035
2.83185
2.86291
2.85745
2.86481
2.85601
2.84196
2.84402
2.86075
2.87005
2.86559
2.8542
2.85294
2.84368
2.86859
2.85279
2.86811
2.84431
2.85864
2.86092
2.85354
2.85241
2.8332
2.86336
2.85215
2.84792
2.85198
2.85998
2.85107
2.88224
2.83838
2.86167
2.85559
2.83669
2.85394
2.84532
2.87543
2.86289
2.85106
2.86541
2.84821
2.85838
2.85487
2.85306
2.86752
2.86678
2.84975
2.8521
2.84322
2.83673
2.83779
2.85056
2.83582
2.84548
2.84096
2.85738
2.85144
2.854
2.84488
2.84691
2.8619
2.88109
2.85836
2.85317
2.84197
2.84254
2.8617
2.84294
2.85235
2.84386
2.86316
2.8575
2.85179
2.84255
2.86551
2.84322
2.86548
2.84252
2.86506
2.84829
2.85023
2.85357
2.84447
2.87034
2.85961
2.85931
2.85532
2.86047
2.87044
2.86223
2.84322
2.85318
2.8405
2.85241
2.86169
2.84105
2.84407
2.84855
2.86517
2.85515
2.8535
2.84869
2.84803
2.86694
2.85482
2.85593
2.85146
2.85151
2.84167
2.86575
2.84098
2.85065
2.8681
2.85146
2.87322
2.8669
2.8677
2.86798
2.85185
2.86731
2.85322
2.85053
2.85043
2.84993
2.86459
2.86321
2.85094
2.86181
2.83458
2.85642
2.85019
2.87258
2.84333
2.83808
2.8535
2.87623
2.85478
2.85174
2.84859
2.8595
2.87489
2.85047
2.85763
2.85664
2.85809
2.84624
2.83827
2.85041
2.85831
2.86467
2.86535
2.84129
2.88066
2.85262
2.84575
2.8738
2.87615
2.85003
2.85352
2.86606
2.83723
2.86248
2.85312
2.87403
2.85701
2.85283
2.83558
2.86506
2.86061
2.85578
2.85733
2.84316
2.87458
2.86124
2.84842
2.84852
2.8506
2.84557
2.86153
2.8572
2.83999
2.85959
2.8695
2.82865
2.84945
2.85588
2.85635
2.85885
2.83764
2.84952
2.84358
2.87541
2.84963
2.85293
2.86205
2.84274
2.84419
2.83081
2.88714
2.85923
2.84008
2.84917
2.86364
2.85708
2.8416
2.84116
2.84586
2.8473
2.8316
2.87232
2.84111
2.8585
2.8618
2.84825
2.85163
2.85853
2.86631
2.85856
2.85367
2.84867
2.84801
2.83592
2.84908
2.85378
2.84112
2.85597
2.85318
2.83139
2.8593
2.85275
2.86448
2.8627
2.85059
2.8699
2.8444
2.85801
2.89
2.86738
2.8586
2.84012
2.84309
2.85109
2.85824
2.83745
2.89003
2.881
2.848
2.85686
2.85394
2.85879
2.83282
2.8536
2.8682
2.85865
2.8501
2.85817
2.85057
2.83555
2.84387
2.85966
2.85426
2.84059
2.85631
2.85079
2.87228
2.84097
2.84239
2.8495
2.8497
2.84642
2.86539
2.84662
2.84453
2.84586
2.84375
2.85124
2.84983
2.85804
2.85529
2.83428
2.8514
2.86052
2.84909
2.84549
2.84975
2.85833
2.85795
2.83717
2.85284
2.84806
2.84507
2.84287
2.84163
2.87138
2.85972
2.86105
2.85048
2.85254
2.85263
2.85518
2.84098
2.87234
2.84713
2.84483
2.84962
2.84515
2.84844
2.83392
2.83948
2.87027
2.83649
2.8401
2.85437
2.86572
2.85894
2.87499
2.8414
2.85957
2.85845
2.86334
2.86765
2.84786
2.84549
2.84181
2.84498
2.85435
2.85899
2.84178
2.85695
2.86829
2.84891
2.86208
2.84843
2.8659
2.84699
2.85428
2.85298
2.85655
2.85657
2.8702
2.86746
2.85847
2.84219
2.8894
2.84696
2.85226
2.85891
2.84064
2.84013
2.84122
2.87559
2.84899
2.85222
2.85393
2.85134
2.85377
2.84737
2.82789
2.84116
2.85226
2.8555
2.86564
2.85692
2.84926
2.84555
2.84465
2.84947
2.87202
2.84627
2.85095
2.86346
2.86255
2.86287
2.8499
2.83555
2.84175
2.84286
2.86776
2.84995
2.86511
2.84726
2.8702
2.84162
2.83744
2.86563
2.85503
2.85954
2.84768
2.8563
2.83475
2.87574
2.84461
2.86285
2.84045
2.84061
2.85959
2.84115
2.83067
2.84502
2.83259
2.84172
2.85098
2.85171
2.86474
2.84867
2.86499
2.85295
2.82923
2.86977
2.86908
2.86578
2.88353
2.86032
2.8461
2.85351
2.85363
2.84354
2.87796
2.84539
2.8635
2.85598
2.84426
2.83514
2.85824
2.85568
2.85463
2.86238
2.84601
2.85299
2.86574
2.84924
2.8714
2.84536
2.84528
2.86458
2.88255
2.85032
2.84768
2.85921
2.84262
2.87239
2.88282
2.84231
2.86548
2.86692
2.83192
2.84566
2.8672
2.85997
2.85139
2.85953
2.85635
2.86013
2.86549
2.85443
2.86779
2.85273
2.86728
2.87256
2.85718
2.8719
2.8323
2.83714
2.83128
2.85158
2.85237
2.86686
2.84789
2.85354
2.88002
2.84366
2.86283
2.84608
2.85279
2.86653
2.82235
2.84633
2.87815
2.8577
2.8655
2.85749
2.87667
2.84688
2.85759
2.84962
2.85231
2.85206
2.86051
2.83144
2.84589
2.84301
2.85069
2.86933
2.84548
2.85869
2.85103
2.86714
2.8665
2.87454
2.84882
2.85164
2.85294
2.84086
2.84054
2.8324
2.8448
2.85366
2.84337
2.85565
2.86032
2.85949
2.86491
2.88795
2.84183
2.85428
2.86703
2.86369
2.85623
2.85024
2.85808
2.84312
2.85622
2.8356
2.83927
2.84246
2.8641
2.85418
2.84945
2.85376
2.86124
2.85413
2.8501
2.85231
2.86233
2.85259
2.8535
2.85539
2.86565
2.83818
2.8433
2.85404
2.84562
2.84878
2.86314
2.83961
2.84809
2.85915
2.84498
2.85136
2.83346
2.84434
2.86126
2.85181
2.8664
2.83509
2.86633
2.85864
2.85803
2.853
2.86426
2.84979
2.85318
2.85411
2.86132
2.84411
2.84515
2.85367
2.8496
2.85073
2.85101
2.84688
2.86548
2.8718
2.85854
2.85371
2.84708
2.84763
2.86104
2.83887
2.85597
2.85853
2.85773
2.83778
2.84699
2.8398
2.87413
2.85167
2.83254
2.85225
2.85203
2.8477
2.87056
2.8359
2.84317
2.85576
2.86475
2.86595
2.85127
2.83987
2.84407
2.84251
2.85077
2.84125
2.86296
2.85251
2.8781
2.86958
2.83755
2.86327
2.85597
2.87024
2.8533
2.84031
2.84518
2.82832
2.83639
2.86163
2.87453
2.87081
2.84998
2.86428
2.85323
2.84719
2.87631
2.84728
2.8402
2.8529
2.83877
2.85325
2.87261
2.8412
2.83496
2.85053
2.86518
2.8461
2.85598
2.86734
2.84184
2.87066
2.85304
2.83441
2.85364
2.83599
2.84329
2.85655
2.87343
2.89291
2.84719
2.85609
2.83866
2.8445
2.83882
2.87526
2.84141
2.8479
2.85263
2.84757
2.83698
2.84165
2.84047
2.84684
2.84731
2.85004
2.84827
2.85102
2.84216
2.85825
2.86162
2.86836
2.85776
2.82844
2.84773
2.8477
2.85694
2.85622
2.85771
2.86693
2.85101
2.87002
2.86051
2.8715
2.86721
2.85367
2.83591
2.857
2.86485
2.85706
2.84626
2.85494
2.84026
2.85347
2.85195
2.86706
2.86525
2.85762
2.85822
2.8542
2.84175
2.84655
2.8597
2.85714
2.85801
2.82697
2.83861
2.82898
2.85229
2.87692
2.86133
2.85457
2.85571
2.86591
2.8898
2.84563
2.84754
2.85188
2.85917
2.86644
2.85449
2.84983
2.85619
2.85604
2.83761
2.84942
2.84231
2.84673
2.84834
2.84908
2.84149
2.85989
2.83143
2.85239
2.8658
2.84382
2.86106
2.84645
2.87427
2.85773
2.87488
2.84184
2.83505
2.85881
2.86405
2.83985
2.84486
2.84384
2.85775
2.85636
2.84815
2.85713
2.87517
2.84657
2.85762
2.85364
2.84953
2.85297
2.85906
2.85188
2.86372
2.86775
2.85305
2.85344
2.84449
2.86262
2.86454
2.85738
2.86726
2.8643
2.84728
2.85799
2.84569
2.84636
2.8631
2.85105
2.83548
2.87153
2.85029
2.87555
2.85068
2.85939
2.85308
2.8739
2.85821
2.86016
2.85111
2.85152
2.84285
2.86002
2.86393
2.85563
2.87233
2.8416
2.86068
2.83733
2.84759
2.85456
2.86007
2.86022
2.86502
2.84869
2.83811
2.86117
2.84703
2.83476
2.85558
2.86804
2.87534
2.84596
2.84897
2.84104
2.86354
2.85284
2.87809
2.84283
2.8713
2.85959
2.85799
2.85191
2.86087
2.87395
2.85508
2.8495
2.85991
2.85033
2.85495
2.87429
2.8499
2.84282
2.85062
2.86156
2.84406
2.85475
2.85157
2.85368
2.84559
2.84169
2.85718
2.85526
2.85323
2.84192
2.85933
2.85997
2.8592
2.83941
2.84865
2.85726
2.88431
2.8719
2.85073
2.8533
2.8916
2.85571
2.85601
2.84463
2.84374
2.85521
2.84043
2.85001
2.86457
2.84274
2.85004
2.86103
2.86801
2.84463
2.84724
2.85904
2.83648
2.84579
2.84249
2.84778
2.86071
2.84436
2.83369
2.8604
2.85029
2.84572
2.86617
2.84473
2.84644
2.84223
2.83763
2.84631
2.8394
2.85824
2.86971
2.85537
2.85997
2.8569
2.83526
2.84791
2.85883
2.8452
2.85812
2.86637
2.85336
2.85507
2.86221
2.85684
2.8675
2.84757
2.84522
2.84548
2.85797
2.85773
2.83855
2.86005
2.84802
2.86636
2.85036
2.84481
2.86252
2.85429
2.85195
2.86258
2.87332
2.8434
2.86201
2.85594
2.84696
2.85928
2.84202
2.84227
2.83851
2.85112
2.8491
2.85217
2.84569
2.87296
2.84477
2.85829
2.84353
2.85924
2.85027
2.85749
2.85564
2.86074
2.84937
2.84988
2.84308
2.86985
2.84624
2.85181
2.86482
2.85173
2.86067
2.86768
2.87924
2.82895
2.85335
2.87055
2.86253
2.84687
2.84047
2.8597
2.86218
2.86073
2.84137
2.8507
2.84844
2.85112
2.84497
2.86491
2.87002
2.87685
2.85762
2.84603
2.86663
2.83127
2.85074
2.84419
2.87277
2.85843
2.84373
2.85066
2.86629
2.85886
2.84494
2.85749
2.83961
2.8578
2.86889
2.8693
2.84964
2.84583
2.85742
2.85114
2.83794
2.82864
2.84928
2.84555
2.85166
2.85264
2.84948
2.83756
2.87318
2.86191
2.86537
2.87863
2.87383
2.85564
2.84225
2.84595
2.82437
2.85776
2.84455
2.86541
2.84096
2.84576
2.8425
2.85824
2.8569
2.86605
2.86631
2.8718
2.84802
2.86471
2.87043
2.85563
2.8591
2.87323
2.84937
2.87413
2.85328
2.85617
2.84915
2.84238
2.84018
2.86569
2.84244
2.83279
2.86076
2.86435
2.85754
2.84837
2.84346
2.86761
2.86529
2.85498
2.85904
2.85511
2.85061
2.83949
2.8531
2.86268
2.84296
2.85268
2.85106
2.85321
2.84089
2.84775
2.86437
2.84758
2.86231
2.87084
2.85554
2.83215
2.86759
2.86571
2.85791
2.84203
2.83777
2.84959
2.85762
2.85656
2.85673
2.83702
2.86695
2.84725
2.84478
2.85353
2.85706
2.85986
2.85806
2.85398
2.85357
2.83171
2.84025
2.86052
2.84941
2.85898
2.84401
2.86033
2.84536
2.84189
2.85559
2.84714
2.84296
2.88128
2.85113
2.85378
2.85167
2.86415
2.86334
2.84609
2.8388
2.85532
2.86486
2.86632
2.85623
2.82717
2.84777
2.85673
2.86002
2.84791
2.82925
2.85816
2.84746
2.84599
2.83326
2.84375
2.84744
2.86239
2.84693
2.84696
2.83379
2.85194
2.84739
2.84525
2.86678
2.84275
2.86368
2.84757
2.86251
2.84394
2.85485
2.83892
2.84387
2.84861
2.85029
2.8525
2.85392
2.83931
2.83911
2.85644
2.83642
2.85052
2.84811
2.84323
2.8304
2.8499
2.855
2.84732
2.87358
2.85599
2.85689
2.85513
2.84842
2.85094
2.86378
2.85537
2.8648
2.84534
2.88901
2.83861
2.8474
2.85866
2.84738
2.84576
2.86344
2.87097
2.86673
2.83361
2.86112
2.83364
2.83787
2.84021
2.86308
2.88094
2.85923
2.85706
2.85666
2.8425
2.84341
2.84565
2.84214
2.85614
2.84044
2.84437
2.8395
2.84892
2.84125
2.84753
2.85734
2.84924
2.84237
2.84168
2.85578
2.83564
2.85684
2.86065
2.8677
2.86751
2.85684
2.86584
2.84596
2.84366
2.84366
2.84091
2.83053
2.83567
2.85667
2.85222
2.85069
2.86273
2.84409
2.85225
2.88516
2.86563
2.86073
2.85791
2.84935
2.85248
2.87293
2.85871
2.86499
2.86001
2.83899
2.85749
2.84787
2.85017
2.83684
2.86372
2.86163
2.84308
2.87619
2.87851
2.84651
2.86342
2.86899
2.86245
2.85884
2.85611
2.85922
2.84565
2.84281
2.86909
2.84904
2.84035
2.84917
2.85871
2.85578
2.85048
2.84738
2.84701
2.8646
2.85484
2.84819
2.85197
2.8447
2.84934
2.85395
2.85637
2.83561
2.85129
2.86088
2.84577
2.86197
2.84515
2.84592
2.85081
2.8618
2.8569
2.87022
2.86493
2.85027
2.85761
2.85796
2.85649
2.85118
2.83348
2.85884
2.85377
2.83535
2.87022
2.86502
2.85503
2.86393
2.84734
2.83161
2.85009
2.82863
2.86161
2.83097
2.84802
2.84467
2.8471
2.86055
2.85019
2.85612
2.85235
2.84582
2.86495
2.84806
2.8483
2.838
2.86391
2.84554
2.84574
2.84257
2.83267
2.83606
2.85994
2.85592
2.83863
2.84691
2.86262
2.83877
2.83302
2.85936
2.84299
2.86034
2.86341
2.87368
2.84708
2.86576
2.85003
2.8651
2.85494
2.83033
2.84122
2.87287
2.84575
2.85491
2.83479
2.84854
2.86092
2.84879
2.85664
2.8402
2.84091
2.85946
2.83973
2.86141
2.85059
2.84382
2.85962
2.851
2.85455
2.8663
2.84065
2.84428
2.85935
2.86472
2.85905
2.84505
2.84589
2.84807
2.8776
2.86655
2.85759
2.84744
2.84766
2.85566
2.82542
2.86382
2.87427
2.86449
2.85563
2.8501
2.84889
2.86094
2.85325
2.84888
2.85193
2.85493
2.83836
2.85777
2.82913
2.86019
2.87216
2.86146
2.85187
2.85356
2.85115
2.84725
2.83854
2.8502
2.85717
2.84419
2.86911
2.8552
2.8495
2.88534
2.83688
2.84822
2.87058
2.8756
2.84038
2.85824
2.85676
2.88074
2.8446
2.87076
2.86839
2.8638
2.87457
2.8495
2.85747
2.84004
2.86039
2.8548
2.86001
2.8514
2.84435
2.85051
2.85927
2.8463
2.84943
2.84734
2.86173
2.86756
2.86749
2.86979
2.84539
2.83701
2.85913
2.85909
2.86693
2.84953
2.82498
2.85654
2.86529
2.84426
2.84948
2.84867
2.84143
2.83811
2.84751
2.8631
2.83939
2.8656
2.86724
2.85916
2.88007
2.849
2.84935
2.86485
2.84931
2.84069
2.85575
2.8462
2.85719
2.84783
2.84626
2.83747
2.84545
2.85095
2.85606
2.8591
2.85586
2.8444
2.84515
2.84795
2.84638
2.84238
2.83172
2.84266
2.85073
2.857
2.87187
2.84954
2.84896
2.85771
2.84199
2.84177
2.84798
2.85295
2.867
2.84421
2.86383
2.85085
2.86133
2.86354
2.85819
2.8589
2.8485
2.85004
2.84303
2.853
2.85891
2.84437
2.88196
2.85863
2.84247
2.85813
2.85788
2.86138
2.86071
2.846
2.85839
2.85813
2.85161
2.84569
2.83886
2.86034
2.84454
2.85367
2.85151
2.85541
2.8809
2.85072
2.85908
2.86043
2.87857
2.83617
2.85283
2.85772
2.85457
2.83905
2.85536
2.86532
2.85018
2.8639
2.84997
2.86073
2.85705
2.86841
2.86135
2.84687
2.85211
2.84234
2.84632
2.86822
2.84589
2.85042
2.85818
2.84105
2.87499
2.84995
2.84384
2.8466
2.83916
2.83874
2.86335
2.83807
2.86
2.85897
2.83673
2.86307
2.84665
2.84385
2.83726
2.84354
2.85521
2.86618
2.85981
2.85027
2.85001
2.85911
2.85354
2.85055
2.85022
2.85149
2.86615
2.86372
2.83662
2.84169
2.85791
2.86175
2.83425
2.8615
2.88218
2.88104
2.85037
2.8498
2.82466
2.85187
2.85562
2.85707
2.86475
2.82741
2.85559
2.85427
2.84446
2.85857
2.856
2.85311
2.8531
2.85645
2.86475
2.8503
2.83925
2.8551
2.86712
2.85627
2.87156
2.85667
2.84323
2.85108
2.85825
2.86494
2.85504
2.86677
2.8447
2.84851
2.84947
2.83355
2.87524
2.84473
2.83126
2.86148
2.8528
2.84642
2.84623
2.83876
2.86327
2.84503
2.86393
2.84949
2.8576
2.85047
2.85422
2.86031
2.84216
2.85358
2.83462
2.84514
2.84914
2.84268
2.85063
2.84696
2.85362
2.85167
2.84798
2.83297
2.86681
2.865
2.8727
2.86022
2.85737
2.86315
2.84238
2.83876
2.86211
2.85679
2.86492
2.84929
2.83822
2.84736
2.86656
2.84808
2.83787
2.8635
2.86355
2.84489
2.85219
2.84709
2.84565
2.87142
2.84379
2.85084
2.85156
2.86212
2.84981
2.84347
2.85132
2.84559
2.85301
2.86248
2.86423
2.83508
2.84659
2.85046
2.8379
2.83607
2.85777
2.86836
2.85637
2.87766
2.85945
2.86536
2.84891
2.83334
2.84585
2.84576
2.84865
2.85824
2.86016
2.86074
2.83743
2.84385
2.86783
2.82517
2.86806
2.84345
2.86734
2.84991
2.85044
2.85454
2.85285
2.83846
2.84411
2.84139
2.83293
2.87333
2.85533
2.85938
2.82906
2.85127
2.8484
2.86238
2.86326
2.87805
2.84293
2.85652
2.85027
2.85708
2.8692
2.85245
2.86116
2.82622
2.85071
2.85315
2.84289
2.85365
2.8354
2.84943
2.842
2.85285
2.83966
2.8703
2.84515
2.85593
2.85828
2.8472
2.85702
2.86421
2.8626
2.8461
2.85318
2.86406
2.83373
2.85775
2.84145
2.84932
2.8517
2.84139
2.83823
2.85785
2.86994
2.84586
2.84242
2.85501
2.83955
2.84956
2.87042
2.86928
2.85147
2.85932
2.86619
2.86152
2.85379
2.84731
2.84415
2.8437
2.85396
2.87001
2.85016
2.83497
2.85659
2.84427
2.84761
2.84572
2.838
2.85443
2.84256
2.85494
2.83854
2.85861
2.83102
2.85668
2.85921
2.85058
2.84425
2.88664
2.85319
2.84343
2.86559
2.84075
2.86
2.87137
2.85062
2.8588
2.85643
2.84788
2.84871
2.84907
2.85079
2.84672
2.86017
2.8339
2.85901
2.84627
2.89701
2.84992
2.86267
2.86285
2.84278
2.85926
2.85196
2.87
2.85871
2.86799
2.85152
2.84394
2.8454
2.85093
2.86387
2.8837
2.84463
2.86505
2.83681
2.86834
2.84261
2.84634
2.8548
2.84361
2.8477
2.86592
2.86247
2.85169
2.85298
2.8759
2.85754
2.86316
2.8612
2.83922
2.86431
2.85017
2.84339
2.85777
2.85863
2.87547
2.83323
2.8482
2.85164
2.85572
2.87359
2.85564
2.83882
2.85893
2.86175
2.8359
2.84549
2.87147
2.85364
2.84631
2.84134
2.85193
2.8445
2.86579
2.83726
2.85855
2.84023
2.85017
2.85362
2.83544
2.86128
2.85909
2.85668
2.84116
2.84832
2.85161
2.86174
2.84282
2.85357
2.8584
2.85886
2.86081
2.8511
2.84948
2.89659
2.87075
2.84274
2.85487
2.82861
2.84777
2.84547
2.86656
2.8633
2.84754
2.8683
2.84642
2.86271
2.84544
2.85606
2.86184
2.86856
2.85022
2.85227
2.85346
2.87614
2.8626
2.85186
2.85683
2.84856
2.85606
2.85345
2.86093
2.87369
2.83536
2.86519
2.86058
2.84729
2.86281
2.85016
2.85369
2.84109
2.8378
2.84922
2.8635
2.85232
2.86019
2.86437
2.85761
2.84658
2.85563
2.85244
2.85219
2.85234
2.84779
2.8714
2.87299
2.8413
2.84833
2.84375
2.84721
2.84328
2.84324
2.83522
2.85346
2.86982
2.84509
2.85901
2.84841
2.85561
2.84953
2.8597
2.85728
2.84453
2.85026
2.86878
2.83744
2.85406
2.85144
2.85575
2.8613
2.84579
2.85612
2.84118
2.86201
2.85704
2.83811
2.8544
2.85258
2.8337
2.83644
2.84815
2.85505
2.86551
2.82943
2.83249
2.85996
2.86228
2.84938
2.85354
2.85301
2.86487
2.83775
2.85842
2.83961
2.85313
2.83272
2.85851
2.84801
2.83461
2.85615
2.85149
2.84881
2.84331
2.84308
2.85408
2.88014
2.84499
2.86679
2.85906
2.85966
2.84984
2.86242
2.85832
2.85076
2.83623
2.86561
2.86048
2.86124
2.85752
2.86258
2.84662
2.85196
2.84366
2.84476
2.85431
2.8433
2.84159
2.85558
2.85079
2.86758
2.85231
2.84332
2.84869
2.85422
2.84925
2.87097
2.86649
2.85687
2.85428
2.86234
2.8485
2.86135
2.84957
2.85516
2.85908
2.86812
2.83832
2.85195
2.8546
2.86031
2.85462
2.8664
2.84238
2.84278
2.86095
2.86474
2.85608
2.8423
2.84652
2.86075
2.87237
2.8539
2.86541
2.8498
2.85292
2.85425
2.86467
2.85396
2.83918
2.87595
2.84867
2.84171
2.84563
2.85975
2.8766
2.84677
2.84783
2.85806
2.85465
2.87212
2.86124
2.8611
2.84043
2.84241
2.87149
2.86804
2.84797
2.85704
2.86116
2.85052
2.85937
2.87924
2.86047
2.83966
2.84574
2.83793
2.84774
2.8623
2.86219
2.85543
2.8371
2.85418
2.85703
2.87339
2.85565
2.87002
2.85099
2.85863
2.86305
2.85
2.86013
2.84503
2.86924
2.85008
2.86978
2.83096
2.84713
2.83872
2.83859
2.84476
2.83599
2.84042
2.85707
2.86522
2.8586
2.86811
2.86308
2.848
2.84499
2.84636
2.85696
2.84235
2.8548
2.86408
2.8799
2.83389
2.86488
2.86224
2.84529
2.85854
2.87338
2.84714
2.83545
2.85608
2.85021
2.8471
2.84598
2.84389
2.85703
2.83929
2.85771
2.87191
2.86537
2.87274
2.88379
2.84922
2.84013
2.86399
2.86165
2.85176
2.85199
2.85528
2.84048
2.84698
2.85735
2.87308
2.84642
2.84714
2.8396
2.84977
2.85201
2.86101
2.86271
2.83593
2.85759
2.86513
2.85214
2.8421
2.86309
2.85035
2.83763
2.86344
2.84543
2.87272
2.85897
2.85481
2.8493
2.84097
2.84551
2.87202
2.87009
2.85829
2.84439
2.85396
2.84349
2.86846
2.84201
2.85799
2.84789
2.85426
2.85874
2.86018
2.84134
2.85725
2.84842
2.86432
2.83198
2.86069
2.85304
2.84989
2.85888
2.85742
2.86068
2.8616
2.85637
2.84922
2.84481
2.85379
2.85493
2.84664
2.85578
2.85519
2.8404
2.85789
2.86238
2.84897
2.84952
2.86196
2.83979
2.84241
2.8664
2.84129
2.85835
2.83795
2.86511
2.86073
2.85559
2.84707
2.8644
2.84453
2.84559
2.86295
2.85251
2.84585
2.84435
2.85112
2.85945
2.87113
2.87256
2.8563
2.85681
2.84335
2.84904
2.85731
2.86565
2.853
2.85503
2.84765
2.85163
2.84817
2.83999
2.85795
2.85064
2.84611
2.85875
2.83854
2.843
2.84039
2.85057
2.86339
2.86253
2.8565
2.85512
2.85821
2.84234
2.85206
2.86289
2.83501
2.85233
2.85797
2.85376
2.84731
2.84205
2.84348
2.84581
2.83641
2.86223
2.86421
2.85343
2.86885
2.86555
2.8499
2.84531
2.86236
2.85933
2.86414
2.86236
2.83972
2.86295
2.84101
2.85426
2.85108
2.85702
2.86263
2.87805
2.84517
2.87926
2.86124
2.86935
2.85101
2.84041
2.84684
2.86675
2.85411
2.86117
2.84826
2.83754
2.82097
2.85384
2.86056
2.83567
2.85901
2.84794
2.84247
2.84215
2.85897
2.86079
2.84443
2.83855
2.86419
2.84089
2.84041
2.83338
2.85258
2.8486
2.8446
2.85349
2.84499
2.85763
2.85596
2.85231
2.86139
2.86372
2.8311
2.85813
2.84103
2.84047
2.87402
2.85519
2.85336
2.84218
2.85442
2.85305
2.85352
2.86493
2.85629
2.85191
2.85141
2.85994
2.84776
2.8259
2.85762
2.85961
2.84809
2.85766
2.86174
2.85387
2.8517
2.8537
2.85607
2.86007
2.85192
2.86491
2.86621
2.83868
2.84474
2.85065
2.86665
2.84115
2.84066
2.86292
2.8505
2.8571
2.86586
2.84569
2.86386
2.84385
2.85649
2.84781
2.85153
2.86431
2.84245
2.84683
2.87853
2.85318
2.85541
2.85868
2.84709
2.8714
2.85783
2.85273
2.86607
2.8569
2.84061
2.83491
2.85265
2.8409
2.83991
2.84186
2.85109
2.84836
2.85783
2.84095
2.84405
2.86764
2.86467
2.83656
2.85087
2.84666
2.83412
2.84033
2.85822
2.85078
2.85274
2.84677
2.86507
2.85296
2.85584
2.87281
2.86248
2.85643
2.85856
2.84077
2.83169
2.83893
2.84872
2.86483
2.83524
2.87421
2.85569
2.85842
2.85856
2.83295
2.84521
2.85091
2.83769
2.85332
2.84589
2.86125
2.8576
2.85168
2.83877
2.84665
2.84613
2.86057
2.86249
2.85575
2.84399
2.87378
2.85961
2.85424
2.8414
2.85685
2.86505
2.86068
2.85238
2.86221
2.8513
2.86123
2.87117
2.85089
2.85233
2.84738
2.88166
2.86238
2.85417
2.86276
2.87053
2.85076
2.84402
2.85847
2.85459
2.84756
2.84432
2.86101
2.83391
2.84757
2.84888
2.82911
2.85086
2.85338
2.87554
2.8662
2.84486
2.85967
2.85009
2.85624
2.85675
2.84636
2.84594
2.86194
2.84215
2.84429
2.86425
2.85664
2.85062
2.86232
2.8641
2.84484
2.85354
2.85814
2.85787
2.87443
2.85524
2.85817
2.85608
2.85541
2.83624
2.84361
2.87052
2.83013
2.84627
2.84856
2.86375
2.84106
2.85604
2.84451
2.86216
2.83898
2.85881
2.85244
2.84229
2.85906
2.8328
2.85854
2.8539
2.85302
2.84968
2.85017
2.84444
2.85842
2.84576
2.85006
2.83718
2.84969
2.85645
2.84848
2.8475
2.87786
2.8641
2.8408
2.86078
2.85873
2.84744
2.86467
2.84478
2.8478
2.86291
2.86656
2.8351
2.84024
2.84649
2.87422
2.84617
2.84726
2.84084
2.85138
2.85728
2.8631
2.84117
2.85754
2.84268
2.84937
2.85296
2.8336
2.86343
2.857
2.83989
2.8451
2.86318
2.84227
2.8511
2.83521
2.85813
2.84188
2.85041
2.85125
2.86706
2.85704
2.84034
2.85517
2.85328
2.84308
2.84962
2.85261
2.85943
2.85818
2.8738
2.85468
2.84447
2.8575
2.86857
2.8595
2.83559
2.84574
2.84814
2.85316
2.87352
2.86813
2.86088
2.84381
2.86633
2.84858
2.83818
2.84886
2.87111
2.84618
2.85419
2.85017
2.83969
2.8643
2.85523
2.84103
2.85395
2.84294
2.84246
2.8528
2.84491
2.85522
2.84433
2.86033
2.84672
2.83858
2.86786
2.84483
2.86707
2.84899
2.85106
2.83392
2.87157
2.85246
2.84268
2.85771
2.84923
2.86813
2.84038
2.86002
2.86937
2.84671
2.85883
2.83205
2.85274
2.85135
2.84482
2.85623
2.87031
2.85686
2.86338
2.8387
2.85746
2.86309
2.85236
2.84692
2.84818
2.86591
2.85229
2.82994
2.84338
2.86389
2.87547
2.8452
2.83999
2.84555
2.87309
2.84474
2.87986
2.86012
2.86505
2.84733
2.86427
2.84558
2.84529
2.8473
2.84411
2.87939
2.85494
2.83834
2.84619
2.85801
2.85019
2.83354
2.86221
2.85595
2.84839
2.85972
2.85136
2.8565
2.85778
2.8834
2.85449
2.85677
2.86437
2.85859
2.84419
2.85343
2.85127
2.85674
2.8628
2.86089
2.85443
2.84466
2.85043
2.86401
2.84765
2.84808
2.85082
2.85262
2.85441
2.83218
2.85255
2.85527
2.86725
2.84875
2.85249
2.84065
2.85882
2.86054
2.85215
2.85027
2.85885
2.85156
2.86146
2.85148
2.85049
2.84347
2.86098
2.86477
2.8506
2.83399
2.85534
2.85673
2.85306
2.84521
2.834
2.88682
2.84718
2.8631
2.86008
2.86428
2.84078
2.85556
2.84191
2.86304
2.84049
2.85925
2.86931
2.84887
2.85943
2.85458
2.84917
2.87083
2.83243
2.8594
2.86136
2.85524
2.82601
2.8504
2.86801
2.84233
2.83853
2.84872
2.83552
2.86083
2.86191
2.85276
2.8597
2.8726
2.86516
2.85491
2.85455
2.86509
2.84297
2.85265
2.85362
2.85376
2.86148
2.85116
2.84282
2.85094
2.87279
2.85398
2.85456
2.85536
2.86257
2.85057
2.86463
2.85348
2.84772
2.87252
2.83977
2.84353
2.86108
2.86018
2.85797
2.8548
2.84183
2.85017
2.85765
2.84212
2.83933
2.85257
2.86187
2.85513
2.86443
2.84249
2.8659
2.87701
2.85789
2.87169
2.85005
2.85291
2.8503
2.83065
2.87987
2.84852
2.84289
2.8782
2.86125
2.86753
2.8625
2.85365
2.84988
2.84545
2.86164
2.85222
2.86043
2.85165
2.85399
2.86617
2.85411
2.86315
2.85776
2.84517
2.86191
2.83222
2.85022
2.85583
2.87169
2.84336
2.87278
2.85304
2.85456
2.85091
2.85435
2.86023
2.8553
2.85092
2.85105
2.83874
2.86091
2.86577
2.86505
2.84387
2.84551
2.83218
2.84528
2.85111
2.84842
2.8514
2.87053
2.84713
2.85068
2.86427
2.85681
2.8722
2.84992
2.8533
2.85246
2.86006
2.85506
2.84663
2.85497
2.86581
2.85343
2.83614
2.8661
2.84265
2.85068
2.84392
2.84569
2.85827
2.86271
2.84823
2.85253
2.85925
2.84424
2.85356
2.84327
2.85494
2.85943
2.86403
2.85485
2.87025
2.86176
2.84228
2.84464
2.85894
2.86903
2.85187
2.85068
2.86305
2.83831
2.84304
2.85425
2.85853
2.84633
2.86152
2.85041
2.83573
2.83852
2.85207
2.84079
2.86271
2.8507
2.84298
2.85292
2.86207
2.88365
2.85024
2.82758
2.86328
2.85136
2.85161
2.85048
2.83515
2.85057
2.85909
2.8515
2.84828
2.85707
2.85335
2.83901
2.85026
2.84645
2.85527
2.84889
2.85243
2.85336
2.85625
2.83011
2.84022
2.88338
2.83156
2.86684
2.84174
2.85584
2.83808
2.86126
2.84068
2.87007
2.85513
2.86321
2.84539
2.85757
2.84874
2.85082
2.84062
2.83508
2.86095
2.84872
2.86543
2.85283
2.84003
2.86222
2.8602
2.85549
2.85731
2.87485
2.85618
2.84688
2.88018
2.8395
2.84543
2.8311
2.84524
2.8692
2.86135
2.85274
2.84975
2.84958
2.83278
2.84803
2.85562
2.87537
2.85648
2.86249
2.87779
2.83699
2.84092
2.86376
2.84178
2.84731
2.84541
2.85209
2.8503
2.85585
2.8437
2.84785
2.83417
2.85074
2.84736
2.85384
2.83056
2.84377
2.84479
2.84126
2.84482
2.87255
2.84146
2.86882
2.86402
2.85721
2.84836
2.83963
2.8568
2.8579
2.84766
2.84187
2.85295
2.83669
2.84628
2.87638
2.8402
2.86159
2.84747
2.843
2.88166
2.85136
2.86214
2.84527
2.86685
2.87378
2.87548
2.8518
2.85023
2.835
2.8469
2.8738
2.88694
2.86213
2.85411
2.83616
2.83396
2.84778
2.85421
2.84806
2.8516
2.89001
2.85899
2.84159
2.85899
2.84376
2.85161
2.85913
2.85092
2.85177
2.85164
2.84528
2.85119
2.83823
2.85138
2.84942
2.84329
2.85996
2.86325
2.8563
2.85349
2.83853
2.83276
2.85698
2.84734
2.85063
2.84608
2.84648
2.86431
2.84491
2.85674
2.86293
2.8608
2.87671
2.86242
2.86111
2.85178
2.84345
2.84678
2.84284
2.87054
2.84006
2.85163
2.87733
2.83846
2.88131
2.85123
2.85644
2.87261
2.874
2.85012
2.84837
2.85213
2.8448
2.8563
2.8661
2.84367
2.86416
2.86517
2.85393
2.83562
2.85614
2.83733
2.84671
2.844
2.84865
2.86904
2.85337
2.84396
2.85051
2.85006
2.85502
2.84145
2.86001
2.86194
2.85614
2.86484
2.85175
2.86155
2.85175
2.8582
2.84313
2.85772
2.84223
2.83359
2.86369
2.83934
2.87623
2.8619
2.86668
2.85337
2.83892
2.8576
2.85223
2.84566
2.85768
2.85428
2.85202
2.83786
2.84386
2.85477
2.85874
2.85863
2.85659
2.86944
2.85515
2.84964
2.85822
2.85811
2.84596
2.85518
2.85956
2.84964
2.87737
2.85103
2.8518
2.84926
2.85222
2.83913
2.84972
2.84242
2.85891
2.85373
2.83605
2.83995
2.85758
2.84552
2.84948
2.85142
2.84289
2.85115
2.86945
2.84488
2.8452
2.84711
2.85618
2.84719
2.83421
2.8405
2.85005
2.8434
2.83556
2.85045
2.87161
2.85777
2.8495
2.83751
2.86696
2.85017
2.83996
2.85158
2.84364
2.84267
2.86705
2.85686
2.84553
2.83938
2.85543
2.86966
2.84515
2.87007
2.83528
2.85311
2.86285
2.83568
2.85292
2.86318
2.88188
2.85211
2.8502
2.86579
2.85736
2.86176
2.85961
2.85391
2.83862
2.8545
2.83502
2.8535
2.87179
2.85938
2.85903
2.85972
2.86296
2.84442
2.8336
2.84991
2.85988
2.84176
2.83929
2.84834
2.85377
2.86623
2.85303
2.87203
2.85611
2.84002
2.84748
2.85201
2.8545
2.84859
2.85869
2.86061
2.84688
2.8646
2.85374
2.85553
2.84803
2.8654
2.85319
2.86107
2.8492
2.83834
2.82385
2.85768
2.85353
2.86734
2.86565
2.82893
2.86026
2.86238
2.85842
2.86089
2.86165
2.84677
2.86592
2.85006
2.83982
2.86985
2.8407
2.84697
2.84621
2.85388
2.85952
2.84141
2.86606
2.84793
2.83628
2.84406
2.86933
2.85537
2.88318
2.84671
2.84702
2.84889
2.85405
2.86345
2.85639
2.86947
2.86642
2.8586
2.85765
2.84919
2.85816
2.85571
2.85601
2.83556
2.84735
2.87212
2.85903
2.86539
2.87333
2.84752
2.85767
2.84477
2.84386
2.84866
2.85921
2.84174
2.85627
2.85055
2.86245
2.82662
2.85125
2.88254
2.8506
2.85698
2.86417
2.84322
2.85832
2.8488
2.86793
2.84603
2.85276
2.83802
2.87072
2.85612
2.85527
2.8565
2.84621
2.86908
2.85365
2.84572
2.8612
2.85099
2.84587
2.84923
2.84361
2.85754
2.83599
2.86481
2.84399
2.84886
2.84529
2.84975
2.86161
2.84916
2.86662
2.84306
2.84587
2.83877
2.85149
2.852
2.86041
2.83509
2.84629
2.85018
2.84685
2.8673
2.86649
2.84409
2.84265
2.84981
2.86174
2.85371
2.87005
2.8664
2.87113
2.86526
2.84984
2.84378
2.86699
2.8333
2.85081
2.85574
2.86193
2.85336
2.84562
2.84166
2.86155
2.86212
2.86036
2.84382
2.83507
2.87012
2.85458
2.8514
2.84281
2.86927
2.86734
2.87798
2.86976
2.8531
2.86464
2.83624
2.85964
2.85575
2.84562
2.84962
2.84958
2.8475
2.85567
2.84573
2.8559
2.86078
2.86077
2.84043
2.83188
2.8501
2.84423
2.85362
2.86014
2.85642
2.85847
2.83316
2.87092
2.84665
2.84528
2.86033
2.83837
2.84276
2.84835
2.85916
2.84632
2.86195
2.85267
2.85669
2.8468
2.84924
2.85495
2.86063
2.86719
2.84821
2.86063
2.86361
2.86899
2.86596
2.87502
2.86001
2.8441
2.84505
2.83985
2.8387
2.85222
2.87043
2.85079
2.86179
2.86924
2.85001
2.8602
2.86055
2.8527
2.85161
2.84986
2.86184
2.85455
2.85205
2.85044
2.84272
2.85442
2.85396
2.85203
2.86451
2.87776
2.85034
2.83787
2.85455
2.86254
2.84514
2.84754
2.84188
2.84509
2.83404
2.85687
2.86392
2.86534
2.85181
2.84492
2.86139
2.85296
2.86881
2.86943
2.85617
2.86351
2.86059
2.84165
2.86471
2.85021
2.87162
2.85202
2.85843
2.85422
2.85036
2.85525
2.83239
2.86462
2.84693
2.86083
2.84282
2.84822
2.85051
2.86231
2.84537
2.85292
2.84436
2.85719
2.84213
2.85681
2.87157
2.85069
2.84356
2.86276
2.84131
2.84907
2.85027
2.8639
2.87097
2.84372
2.8582
2.85179
2.84626
2.86787
2.84645
2.85544
2.83677
2.85003
2.85557
2.86439
2.86113
2.86482
2.84328
2.84784
2.84414
2.86083
2.8659
2.8502
2.86557
2.86409
2.83979
2.85838
2.84784
2.85743
2.85207
2.84268
2.83742
2.85005
2.83542
2.85989
2.84535
2.85483
2.86308
2.84722
2.85449
2.8625
2.86917
2.85385
2.86317
2.84819
2.85426
2.85961
2.85639
2.83571
2.84659
2.85197
2.85175
2.84963
2.8437
2.84907
2.85265
2.86269
2.85438
2.84745
2.86919
2.85987
2.8512
2.84139
2.86505
2.85442
2.847
2.85702
2.84985
2.85311
2.85162
2.86077
2.85862
2.87483
2.84295
2.82921
2.86603
2.85895
2.83243
2.85011
2.87061
2.85773
2.84224
2.85072
2.84778
2.85447
2.84961
2.85959
2.8494
2.85284
2.85839
2.85455
2.87473
2.85664
2.86221
2.84596
2.84981
2.8644
2.87064
2.85256
2.8701
2.83913
2.84108
2.85324
2.82471
2.85724
2.84225
2.85791
2.84383
2.86045
2.86153
2.85877
2.85366
2.8376
2.85015
2.85434
2.86159
2.84129
2.87396
2.85268
2.86018
2.86011
2.86364
2.86177
2.87189
2.86204
2.84933
2.85105
2.85093
2.86967
2.86685
2.87064
2.84393
2.83969
2.86321
2.84548
2.86412
2.84381
2.85751
2.84894
2.84778
2.8713
2.85955
2.84143
2.84625
2.83705
2.86183
2.84884
2.85926
2.85005
2.83641
2.87069
2.85864
2.86433
2.87052
2.84347
2.85059
2.85015
2.85616
2.86139
2.84957
2.85823
2.84936
2.85614
2.82248
2.85288
2.85889
2.84044
2.84026
2.857
2.86873
2.86259
2.86972
2.86213
2.85621
2.86448
2.85732
2.86252
2.85575
2.84471
2.85412
2.86976
2.84689
2.85055
2.85061
2.84746
2.87563
2.8354
2.85731
2.84683
2.86268
2.86642
2.85743
2.86776
2.84748
2.85087
2.876
2.8404
2.86291
2.8442
2.85743
2.85627
2.87231
2.85933
2.85769
2.83264
2.86784
2.86519
2.8504
2.85494
2.86788
2.85479
2.86476
2.84735
2.85472
2.85856
2.85998
2.83617
2.8691
2.85991
2.85031
2.84801
2.86341
2.85245
2.8426
2.84771
2.84262
2.8578
2.86201
2.84082
2.85033
2.84787
2.85206
2.83341
2.85966
2.84053
2.84389
2.85827
2.88208
2.86203
2.85809
2.83313
2.85869
2.84683
2.85082
2.85585
2.85289
2.85247
2.83558
2.84034
2.85331
2.84108
2.85075
2.85332
2.83738
2.84873
2.84787
2.8554
2.85776
2.84494
2.89062
2.83293
2.86614
2.86792
2.853
2.84657
2.83802
2.84173
2.84766
2.87149
2.86604
2.8589
2.85011
2.85265
2.87481
2.85586
2.84614
2.84523
2.87156
2.87171
2.84396
2.84302
2.84763
2.85277
2.85813
2.87601
2.8606
2.84573
2.84184
2.86289
2.87068
2.86308
2.86107
2.84714
2.82845
2.8482
2.84409
2.8525
2.87194
2.87787
2.85886
2.84878
2.86034
2.86089
2.85317
2.86857
2.83706
2.85514
2.85055
2.83823
2.85174
2.85668
2.85091
2.85991
2.87771
2.8518
2.87916
2.85518
2.84356
2.84574
2.86028
2.85118
2.84315
2.85692
2.86674
2.84044
2.87134
2.86154
2.86312
2.86072
2.86864
2.85954
2.87605
2.86562
2.84014
2.85723
2.85323
2.86239
2.84258
2.85939
2.85904
2.85847
2.85025
2.84557
2.83308
2.85885
2.84796
2.85495
2.83097
2.85052
2.84543
2.86173
2.84749
2.85574
2.8557
2.85409
2.84937
2.85772
2.85417
2.84831
2.84169
2.86016
2.86306
2.85398
2.85257
2.86687
2.84902
2.84304
2.84019
2.8658
2.86009
2.86965
2.8719
2.8432
2.85716
2.84403
2.85482
2.86113
2.83478
2.84614
2.85689
2.85417
2.84382
2.83763
2.84047
2.88077
2.86809
2.85008
2.84391
2.86553
2.84832
2.86596
2.87487
2.85962
2.84324
2.85596
2.83918
2.84484
2.86743
2.84228
2.85989
2.85046
2.84385
2.83891
2.84294
2.84755
2.84287
2.84111
2.85456
2.85971
2.88173
2.85625
2.84908
2.83313
2.85512
2.86589
2.85287
2.85598
2.85108
2.8348
2.85666
2.83832
2.87201
2.86568
2.85678
2.85313
2.85407
2.8663
2.86126
2.8635
2.85332
2.84879
2.86826
2.87046
2.85017
2.8415
2.85044
2.86051
2.84015
2.86704
2.85402
2.88628
2.84146
2.84347
2.87369
2.84986
2.85098
2.84061
2.8521
2.85316
2.84319
2.85741
2.86007
2.85343
2.87134
2.85279
2.86094
2.84852
2.86329
2.87021
2.87632
2.8706
2.85876
2.84292
2.85802
2.84453
2.84422
2.84694
2.85262
2.84644
2.84654
2.85909
2.84788
2.84652
2.82996
2.84663
2.84129
2.86
2.85453
2.85372
2.86158
2.85568
2.84919
2.85551
2.85544
2.84625
2.87156
2.84363
2.83564
2.85245
2.8426
2.84346
2.88114
2.86457
2.8482
2.83355
2.85511
2.84478
2.85217
2.85811
2.84006
2.87818
2.87018
2.84374
2.8667
2.84664
2.85724
2.85911
2.86918
2.85166
2.85504
2.84965
2.83733
2.8524
2.84273
2.85866
2.85343
2.86044
2.85961
2.86471
2.85063
2.87156
2.85168
2.84533
2.84161
2.85445
2.87302
2.84717
2.86178
2.84846
2.85171
2.84802
2.84746
2.8439
2.86556
2.83641
2.83983
2.85815
2.84558
2.87387
2.85857
2.85664
2.84351
2.83667
2.84869
2.84854
2.85705
2.87278
2.85204
2.85378
2.83637
2.84263
2.86932
2.87675
2.86274
2.84915
2.86238
2.83827
2.85735
2.84975
2.86798
2.849
2.84524
2.85049
2.87583
2.84228
2.84298
2.85734
2.85576
2.86167
2.83487
2.82819
2.85575
2.8658
2.84869
2.83575
2.84132
2.87351
2.83569
2.86097
2.84063
2.85523
2.85856
2.86079
2.8467
2.86089
2.84991
2.86254
2.85905
2.85714
2.81802
2.85397
2.85281
2.86323
2.86383
2.85912
2.88201
2.84621
2.86632
2.84015
2.84812
2.84536
2.85491
2.86763
2.83682
2.84736
2.84279
2.84635
2.86943
2.86375
2.85288
2.8445
2.85161
2.87318
2.84134
2.85974
2.84332
2.84814
2.84723
2.82957
2.84072
2.83661
2.87032
2.8556
2.83888
2.86895
2.8534
2.84421
2.85295
2.83641
2.8607
2.84576
2.83007
2.84882
2.84507
2.8515
2.83289
2.85124
2.85057
2.8461
2.84839
2.85642
2.84226
2.87153
2.85822
2.86391
2.86293
2.87594
2.86096
2.86169
2.8217
2.83598
2.843
2.84541
2.84111
2.85129
2.8437
2.83836
2.84657
2.84858
2.85063
2.84723
2.85473
2.84862
2.86509
2.84386
2.83904
2.84725
2.84248
2.87031
2.84871
2.85969
2.84334
2.84781
2.84294
2.87482
2.84009
2.86865
2.83494
2.86589
2.8408
2.85161
2.85282
2.86028
2.86196
2.83664
2.86169
2.8551
2.82551
2.83807
2.87152
2.85018
2.8306
2.84766
2.86102
2.86647
2.84216
2.85232
2.86701
2.8388
2.85046
2.85431
2.8671
2.84907
2.85891
2.85509
2.84379
2.85132
2.84311
2.84517
2.84229
2.84061
2.85316
2.8511
2.85407
2.84771
2.8412
2.84772
2.84873
2.82512
2.84821
2.85904
2.85992
2.84653
2.84529
2.86388
2.85308
2.85994
2.85054
2.86486
2.84787
2.85027
2.8671
2.86305
2.83984
2.85304
2.85296
2.86456
2.87492
2.85363
2.8524
2.83147
2.8534
2.86163
2.83259
2.8536
2.84162
2.84494
2.83289
2.87123
2.84807
2.84745
2.8505
2.8395
2.88147
2.85627
2.83424
2.85659
2.84325
2.85629
2.84682
2.85963
2.83415
2.85336
2.86055
2.85185
2.83863
2.8508
2.86103
2.86494
2.86319
2.85757
2.85062
2.82849
2.85937
2.85792
2.87105
2.84731
2.86324
2.86163
2.84869
2.8521
2.85255
2.85332
2.84931
2.85478
2.8614
2.86609
2.86668
2.85837
2.83792
2.8399
2.8533
2.84706
2.85114
2.85714
2.87474
2.87909
2.84092
2.83513
2.84605
2.83927
2.85261
2.87588
2.83924
2.84947
2.8446
2.87614
2.86647
2.84449
2.85713
2.85317
2.8625
2.84332
2.86276
2.87207
2.84798
2.85705
2.85875
2.85276
2.86925
2.83294
2.85122
2.84937
2.86203
2.84375
2.85827
2.84341
2.83919
2.85955
2.86135
2.84102
2.86651
2.84958
2.85667
2.86567
2.84361
2.84922
2.84305
2.8426
2.85769
2.83379
2.86906
2.86377
2.86097
2.86905
2.83921
2.85967
2.84574
2.84268
2.8555
2.85528
2.86013
2.84757
2.86331
2.86635
2.86923
2.84085
2.83823
2.8502
2.87406
2.8509
2.84273
2.85874
2.88091
2.85633
2.86461
2.85469
2.85674
2.87034
2.85956
2.84014
2.84552
2.85573
2.87555
2.86343
2.82557
2.85167
2.84027
2.84212
2.84908
2.84258
2.87762
2.83367
2.86307
2.84992
2.86536
2.86522
2.85161
2.86328
2.85994
2.84751
2.86031
2.85373
2.85426
2.85975
2.87329
2.85851
2.85083
2.85269
2.84782
2.85103
2.87064
2.84047
2.84852
2.87684
2.82847
2.87842
2.85553
2.85046
2.87241
2.83497
2.86318
2.87323
2.83957
2.85459
2.86601
2.86931
2.86417
2.84328
2.85012
2.84264
2.86945
2.85326
2.86267
2.82888
2.86145
2.83759
2.87309
2.84593
2.8377
2.83843
2.83431
2.86511
2.85532
2.85417
2.84864
2.84143
2.84796
2.8543
2.85086
2.8453
2.8544
2.85773
2.86518
2.85
2.87941
2.84887
2.85684
2.85043
2.83988
2.84634
2.84004
2.84958
2.84914
2.85593
2.83888
2.86507
2.87252
2.86962
2.84776
2.86037
2.87082
2.86115
2.85375
2.86301
2.86046
2.88188
2.83383
2.85247
2.86061
2.86124
2.8546
2.84983
2.85931
2.873
2.86128
2.86565
2.85909
2.84301
2.85566
2.85771
2.84764
2.83998
2.87073
2.87056
2.87313
2.85817
2.86714
2.85307
2.85147
2.87418
2.85371
2.83964
2.8489
2.85454
2.85705
2.85937
2.85521
2.83327
2.84959
2.848
2.84038
2.84847
2.85247
2.83863
2.85284
2.88854
2.86002
2.84291
2.86348
2.85999
2.86469
2.84885
2.85787
2.83308
2.83287
2.85337
2.84062
2.86959
2.84513
2.84147
2.84405
2.8476
2.83993
2.8826
2.85452
2.84043
2.86165
2.85757
2.86701
2.86003
2.84358
2.84975
2.84976
2.8607
2.85195
2.85634
2.8381
2.84106
2.85335
2.85545
2.86927
2.86214
2.85832
2.84663
2.8463
2.8597
2.86641
2.84145
2.87747
2.84409
2.85131
2.8685
2.86652
2.85182
2.85371
2.86215
2.84618
2.83532
2.85376
2.85509
2.8447
2.85385
2.8697
2.85638
2.85621
2.8597
2.84985
2.85262
2.85868
2.87552
2.83831
2.8703
2.87004
2.85249
2.84854
2.86383
2.84207
2.84179
2.82831
2.86777
2.84826
2.86227
2.84859
2.86233
2.83764
2.84867
2.83121
2.84035
2.84221
2.85759
2.85396
2.86044
2.85318
2.84836
2.84889
2.85249
2.86968
2.8484
2.86106
2.84554
2.85424
2.87942
2.86434
2.86209
2.86699
2.84346
2.84837
2.87402
2.84288
2.86489
2.85389
2.85778
2.86108
2.872
2.84911
2.83841
2.84926
2.83989
2.85421
2.83735
2.85926
2.86277
2.87002
2.85928
2.86796
2.87416
2.85227
2.84979
2.83737
2.84582
2.87133
2.85216
2.85568
2.86672
2.85484
2.83893
2.85466
2.86787
2.85329
2.84711
2.85306
2.85234
2.85336
2.8456
2.86007
2.83583
2.83393
2.86126
2.84078
2.85652
2.85551
2.84227
2.84557
2.84016
2.84598
2.86246
2.84184
2.85439
2.85335
2.85236
2.85063
2.85574
2.86038
2.84485
2.85467
2.85083
2.84919
2.8416
2.84615
2.85827
2.83795
2.86277
2.85134
2.86714
2.83427
2.85607
2.85728
2.83922
2.86492
2.83278
2.82454
2.87184
2.85173
2.85257
2.86033
2.83097
2.853
2.85508
2.84589
2.84382
2.84275
2.88116
2.85036
2.85414
2.83565
2.85981
2.85263
2.89696
2.845
2.85533
2.86737
2.86637
2.85139
2.83987
2.86727
2.85107
2.85468
2.86294
2.86959
2.86603
2.84261
2.84719
2.85246
2.83423
2.86446
2.83796
2.86816
2.86221
2.86205
2.83503
2.86342
2.84565
2.85568
2.85587
2.85291
2.85851
2.83923
2.84618
2.85286
2.86931
2.84684
2.85575
2.86198
2.84342
2.84934
2.88048
2.86469
2.87286
2.84528
2.85533
2.85702
2.8407
2.8544
2.84275
2.8661
2.85627
2.84266
2.86392
2.84157
2.84391
2.84264
2.85393
2.85129
2.83839
2.85037
2.85272
2.85238
2.85651
2.85377
2.8567
2.83661
2.86891
2.86179
2.8443
2.87327
2.87376
2.85721
2.87072
2.87344
2.85388
2.84598
2.83923
2.8525
2.85062
2.86436
2.83686
2.85503
2.84198
2.85202
2.84909
2.86747
2.84624
2.86094
2.8531
2.86876
2.85845
2.85742
2.86032
2.8471
2.85195
2.85612
2.83242
2.85962
2.86032
2.86154
2.84104
2.85874
2.84557
2.85027
2.84869
2.86088
2.86507
2.85236
2.83879
2.85205
2.8746
2.86735
2.86725
2.85817
2.85511
2.84558
2.84086
2.84302
2.83875
2.85187
2.85092
2.86529
2.83637
2.848
2.84887
2.85311
2.85787
2.8359
2.844
2.85782
2.84566
2.85607
2.86402
2.85147
2.87185
2.85821
2.87484
2.84995
2.85596
2.85445
2.84054
2.85707
2.86325
2.85474
2.8588
2.85953
2.83455
2.85258
2.85332
2.86043
2.84667
2.86349
2.87055
2.83968
2.84398
2.86149
2.86752
2.8708
2.84739
2.85917
2.85457
2.85751
2.87025
2.86387
2.86136
2.8492
2.84806
2.84897
2.83572
2.85073
2.8574
2.85121
2.84907
2.87109
2.85456
2.86079
2.85574
2.85146
2.84732
2.84888
2.86365
2.84685
2.84943
2.83776
2.83211
2.85849
2.85653
2.83413
2.87254
2.8505
2.85898
2.84511
2.87173
2.85355
2.84553
2.85758
2.84292
2.84004
2.85441
2.82866
2.83257
2.85251
2.84142
2.86674
2.85224
2.85321
2.86845
2.83947
2.8678
2.84844
2.8525
2.86922
2.84323
2.83723
2.85763
2.83778
2.85933
2.86695
2.85879
2.84375
2.85673
2.85109
2.8369
2.83364
2.86116
2.86252
2.85842
2.85211
2.84275
2.85813
2.83769
2.85551
2.86835
2.86473
2.83727
2.85179
2.84072
2.85155
2.83823
2.83826
2.84649
2.85519
2.85918
2.85131
2.86568
2.87166
2.8557
2.85361
2.86314
2.84559
2.86207
2.87181
2.85399
2.84802
2.8632
2.84753
2.8608
2.86251
2.8665
2.85238
2.867
2.85345
2.84038
2.85513
2.86541
2.86501
2.84632
2.85336
2.84955
2.84859
2.84094
2.83395
2.86562
2.85139
2.84083
2.86059
2.85836
2.8664
2.84328
2.84019
2.86413
2.8549
2.84351
2.86171
2.84242
2.85493
2.84015
2.87213
2.86319
2.84647
2.83734
2.85246
2.84934
2.83977
2.84003
2.86308
2.84391
2.83841
2.85377
2.85713
2.86736
2.83655
2.85198
2.84869
2.88428
2.86219
2.83752
2.85658
2.85082
2.84791
2.85337
2.86036
2.85086
2.86364
2.85074
2.87629
2.85963
2.85419
2.87127
2.85185
2.87392
2.86045
2.85365
2.84686
2.84754
2.84643
2.85471
2.87635
2.84977
2.84523
2.8654
2.86142
2.8581
2.86334
2.87278
2.85757
2.861
2.8546
2.85305
2.8536
2.8713
2.85987
2.83043
2.84153
2.84832
2.83218
2.83785
2.83785
2.86092
2.85335
2.8484
2.87238
2.8492
2.846
2.85058
2.8368
2.85508
2.84586
2.84845
2.86831
2.84354
2.84153
2.85829
2.84697
2.85817
2.88027
2.85655
2.8443
2.85421
2.85382
2.85516
2.86264
2.84583
2.85338
2.86427
2.84668
2.8557
2.86978
2.85041
2.84314
2.86709
2.85509
2.832
2.8687
2.8576
2.86842
2.87057
2.85577
2.84564
2.85678
2.83673
2.8433
2.84968
2.85272
2.84373
2.88211
2.85079
2.8656
2.85956
2.84152
2.86339
2.84653
2.85542
2.86477
2.85283
2.85709
2.85076
2.86433
2.85763
2.84951
2.85706
2.86019
2.85929
2.86199
2.84665
2.83838
2.84968
2.85461
2.84436
2.87046
2.86705
2.83631
2.84457
2.85888
2.83575
2.83871
2.85608
2.8612
2.8502
2.84547
2.86609
2.85386
2.84267
2.84369
2.83811
2.86201
2.85396
2.85082
2.84788
2.87122
2.89011
2.86283
2.85202
2.83317
2.85458
2.87875
2.85961
2.85779
2.86376
2.85547
2.85453
2.84391
2.8292
2.85352
2.84065
2.86424
2.8589
2.84928
2.84129
2.87416
2.84123
2.86416
2.84753
2.85962
2.85244
2.84288
2.86277
2.84542
2.86554
2.83675
2.84417
2.85029
2.84314
2.85869
2.86078
2.8596
2.87616
2.84486
2.85111
2.86817
2.85768
2.85131
2.85158
2.8478
2.87235
2.85593
2.86248
2.86042
2.85932
2.85718
2.84884
2.86632
2.84475
2.86989
2.84956
2.84413
2.85562
2.85491
2.84563
2.84044
2.85757
2.86133
2.85938
2.86308
2.85539
2.85729
2.85681
2.86239
2.83701
2.84389
2.8589
2.84989
2.84276
2.86317
2.86782
2.86238
2.85807
2.84471
2.88919
2.83583
2.84474
2.84079
2.84662
2.84334
2.85048
2.86424
2.86395
2.8492
2.85814
2.84983
2.85527
2.84382
2.84022
2.84591
2.84541
2.88781
2.85157
2.849
2.85068
2.86516
2.85218
2.8559
2.84564
2.828
2.85632
2.8481
2.84607
2.83698
2.84959
2.85002
2.84125
2.85705
2.86515
2.85664
2.83741
2.84461
2.85541
2.86642
2.85167
2.83336
2.85755
2.86684
2.84513
2.84256
2.84836
2.82995
2.86633
2.88359
2.85903
2.85802
2.85495
2.83685
2.86877
2.85669
2.84741
2.8458
2.85305
2.84912
2.84946
2.86139
2.86029
2.85006
2.85591
2.87625
2.84685
2.85526
2.85194
2.85178
2.84469
2.86838
2.84371
2.86731
2.86279
2.85482
2.84039
2.86922
2.86789
2.84735
2.83968
2.86084
2.85336
2.86377
2.84549
2.86214
2.85097
2.84979
2.85055
2.89028
2.84779
2.85843
2.83881
2.8427
2.85996
2.85632
2.84948
2.85745
2.8447
2.83457
2.85974
2.85282
2.85592
2.85616
2.85255
2.84329
2.86717
2.86759
2.8621
2.85509
2.84273
2.85937
2.8449
2.86256
2.83466
2.86145
2.85467
2.86728
2.85254
2.86467
2.84218
2.86711
2.8456
2.84998
2.84995
2.86523
2.85534
2.8589
2.86252
2.84876
2.8448
2.84092
2.86109
2.84861
2.88141
2.84629
2.85263
2.84431
2.84573
2.86186
2.84352
2.84984
2.85106
2.83623
2.85215
2.83434
2.84774
2.86064
2.83913
2.86189
2.86234
2.85036
2.85427
2.84952
2.84671
2.85361
2.85873
2.84804
2.86588
2.85913
2.85056
2.84568
2.84146
2.87151
2.84258
2.85153
2.85892
2.85901
2.84031
2.84063
2.85726
2.84487
2.86567
2.83772
2.84532
2.85516
2.84811
2.85748
2.82243
2.83051
2.85306
2.8626
2.83769
2.86371
2.88037
2.84906
2.84944
2.85102
2.82872
2.8627
2.84684
2.86172
2.8627
2.84973
2.85198
2.85738
2.84824
2.83938
2.83988
2.84192
2.8594
2.859
2.84806
2.86335
2.84803
2.86878
2.85829
2.84101
2.85594
2.84028
2.86558
2.85617
2.84309
2.88538
2.86147
2.83305
2.86913
2.86537
2.87288
2.83897
2.84237
2.84581
2.86387
2.8624
2.85155
2.85139
2.85958
2.83799
2.84333
2.84379
2.85212
2.85745
2.85598
2.8404
2.84397
2.86834
2.85809
2.85304
2.8423
2.84643
2.86978
2.83603
2.85776
2.85188
2.85195
2.84153
2.85678
2.87393
2.86734
2.85899
2.85031
2.85298
2.84221
2.85431
2.85984
2.87279
2.84128
2.8345
2.84083
2.84722
2.8472
2.86578
2.87475
2.83843
2.84705
2.85419
2.86113
2.85472
2.85772
2.84117
2.84423
2.8459
2.87685
2.8701
2.86676
2.85266
2.85187
2.83815
2.8496
2.87018
2.84489
2.85028
2.85856
2.85418
2.86206
2.84244
2.86218
2.85712
2.85342
2.84968
2.86415
2.8505
2.85751
2.84043
2.878
2.85757
2.8555
2.85817
2.84327
2.84688
2.85262
2.85266
2.85297
2.84797
2.85499
2.84643
2.84189
2.86163
2.86055
2.87293
2.85576
2.8554
2.87547
2.86361
2.85335
2.86575
2.83815
2.87938
2.86721
2.83369
2.85606
2.84127
2.84129
2.885
2.83064
2.84497
2.86148
2.8448
2.84972
2.85164
2.86341
2.83004
2.865
2.87791
2.86306
2.87594
2.8449
2.8404
2.86565
2.85543
2.84938
2.85722
2.85487
2.85141
2.86394
2.83761
2.87463
2.86371
2.85399
2.85117
2.83994
2.84505
2.83328
2.84491
2.84969
2.83919
2.84184
2.84971
2.86059
2.85651
2.84983
2.86643
2.86104
2.85885
2.85916
2.85291
2.84303
2.85812
2.85027
2.83462
2.8433
2.85553
2.838
2.844
2.85634
2.8383
2.85073
2.84484
2.83869
2.85038
2.8797
2.84076
2.87232
2.84733
2.84578
2.85755
2.85128
2.83829
2.85888
2.84861
2.84797
2.85617
2.85816
2.85786
2.84477
2.85483
2.83095
2.85781
2.84818
2.84927
2.85802
2.84171
2.85606
2.86182
2.84408
2.84071
2.85181
2.88451
2.8585
2.86188
2.84035
2.83882
2.83856
2.85724
2.85879
2.84554
2.85625
2.84741
2.84856
2.85748
2.86188
2.83909
2.83012
2.87616
2.87266
2.85459
2.85633
2.84757
2.85066
2.85472
2.84596
2.85428
2.85532
2.85792
2.8616
2.84089
2.86111
2.84998
2.8533
2.86743
2.85936
2.86513
2.84527
2.85263
2.84488
2.84816
2.86774
2.87475
2.85836
2.86096
2.86834
2.8418
2.85992
2.84003
2.83447
2.86034
2.8504
2.84254
2.85589
2.86213
2.86781
2.8672
2.85866
2.86675
2.84546
2.86499
2.84297
2.86084
2.87011
2.867
2.86921
2.8557
2.85086
2.8476
2.85349
2.8659
2.85
2.85798
2.86188
2.85664
2.85701
2.83952
2.86915
2.86702
2.84974
2.84612
2.8409
2.84861
2.84782
2.84661
2.84343
2.85108
2.87117
2.87368
2.87143
2.84554
2.85282
2.85426
2.84562
2.8367
2.85781
2.85479
2.8493
2.84414
2.8516
2.85359
2.86536
2.85353
2.8641
2.868
2.86995
2.8644
2.87695
2.85998
2.84015
2.859
2.87463
2.86859
2.85806
2.87381
2.85567
2.86067
2.85823
2.84763
2.85775
2.87632
2.85201
2.83933
2.87004
2.84728
2.8499
2.86377
2.83982
2.85755
2.84492
2.84924
2.84997
2.86458
2.85404
2.86717
2.84374
2.84259
2.8372
2.86659
2.86313
2.86142
2.86282
2.84788
2.843
2.85327
2.83624
2.86032
2.87481
2.85154
2.85404
2.85667
2.858
2.85091
2.85003
2.84691
2.83699
2.86247
2.85385
2.84892
2.83049
2.86992
2.8386
2.85467
2.84532
2.85162
2.85731
2.85375
2.86651
2.8523
2.86895
2.86935
2.84208
2.86265
2.84587
2.86531
2.85119
2.84828
2.85797
2.86167
2.85219
2.84324
2.84183
2.84508
2.84564
2.85478
2.86371
2.85465
2.82827
2.85069
2.85604
2.85936
2.85842
2.84469
2.85712
2.85873
2.87246
2.84931
2.8406
2.86054
2.85846
2.85373
2.85919
2.86965
2.86868
2.87392
2.86097
2.87569
2.87104
2.85189
2.83219
2.88077
2.83849
2.86615
2.84713
2.83985
2.8491
2.88172
2.83835
2.85528
2.86595
2.83625
2.84817
2.87751
2.86399
2.8476
2.87741
2.85825
2.84251
2.85116
2.84008
2.85515
2.85216
2.8584
2.8582
2.85924
2.84002
2.85697
2.85703
2.86441
2.87199
2.84568
2.82817
2.85301
2.86061
2.84278
2.853
2.86296
2.84849
2.873
2.83731
2.85276
2.85833
2.84741
2.84718
2.85298
2.86157
2.86622
2.87087
2.84154
2.85293
2.84669
2.84968
2.8402
2.85529
2.85636
2.83828
2.85098
2.85605
2.84643
2.84142
2.8574
2.86082
2.84165
2.86467
2.84886
2.84581
2.86453
2.85518
2.86115
2.85144
2.84822
2.84749
2.84685
2.85756
2.86175
2.8545
2.85565
2.8607
2.85277
2.84707
2.86886
2.86017
2.84728
2.87768
2.85354
2.8329
2.84356
2.84206
2.86008
2.8571
2.83657
2.85922
2.86349
2.85508
2.84243
2.8464
2.84293
2.84218
2.84086
2.85388
2.8354
2.85176
2.84671
2.85582
2.84259
2.86057
2.85481
2.85013
2.86673
2.85126
2.8664
2.84089
2.87523
2.86707
2.86739
2.83962
2.85145
2.84828
2.82807
2.84039
2.84718
2.84741
2.84007
2.84237
2.84882
2.86616
2.86899
2.85744
2.85376
2.85534
2.8451
2.83456
2.8344
2.85613
2.84434
2.85888
2.85444
2.86538
2.86082
2.85158
2.85992
2.84811
2.85809
2.83474
2.85474
2.83757
2.877
2.8484
2.85114
2.86186
2.83407
2.8545
2.85288
