0
0.000812411
0.00148404
0.00271174
0.00353056
0.0057535
0.00858004
0.00719057
0.00714327
0.00910621
0.0138173
0.018726
0.0176891
0.00935105
0.0223269
0.023832
0.024108
0.0269557
0.0303898
0.0526363
0.0280891
0.0317172
0.0308547
0.0242053
0.035657
0.0576356
0.0560982
0.0329912
0.0519236
0.0339341
0.029726
0.041463
0.0492428
0.0667724
0.0498475
0.0374496
0.0602806
0.0636291
0.0516646
0.0860124
0.046377
0.0772868
0.0646775
0.0668793
0.0512702
0.0901745
0.0759023
0.0653289
0.0631109
0.0709011
0.0391629
0.0614029
0.137948
0.159086
0.0721552
0.0758771
0.100666
0.117756
0.129433
0.0927407
0.109052
0.113222
0.127525
0.0869544
0.110858
0.103637
0.0721488
0.134216
0.0793286
0.119104
0.100975
0.163393
0.127875
0.127811
0.12734
0.0819183
0.126146
0.0951318
0.189127
0.126417
0.157358
0.135428
0.102022
0.135575
0.110891
0.161338
0.0904794
0.113448
0.135144
0.196317
0.137588
0.192407
0.148239
0.166092
0.116306
0.189928
0.268534
0.205998
0.169844
0.180315
0.0654326
0.198206
0.165718
0.137082
0.157276
0.192039
0.165307
0.204992
0.140434
0.247347
0.224455
0.174943
0.233589
0.137241
0.116341
0.236064
0.134763
0.167489
0.138943
0.175238
0.252945
0.317382
0.235772
0.20059
0.294691
0.226376
0.263868
0.210862
0.190598
0.190114
0.180603
0.235979
0.247073
0.227232
0.28455
0.192071
0.293689
0.249267
0.23355
0.235261
0.186493
0.190131
0.187183
0.236515
0.202314
0.157795
0.332248
0.242446
0.139856
0.302622
0.218059
0.32746
0.186184
0.251839
0.209415
0.259779
0.158284
0.311447
0.282591
0.336705
0.28022
0.287671
0.154982
0.324869
0.28021
0.24431
0.195215
0.237159
0.217654
0.305717
0.273587
0.219835
0.301472
0.200433
0.321863
0.201084
0.202882
0.380819
0.249991
0.334188
0.39591
0.405916
0.272034
0.25053
0.209492
0.161423
0.387993
0.231468
0.424226
0.342872
0.315015
0.1301
0.295848
0.265472
0.300138
0.305507
0.385239
0.271825
0.333027
0.368548
0.42191
0.230401
0.358101
0.317934
0.198062
0.25314
0.274616
0.210604
0.33907
0.273573
0.349861
0.402019
0.416199
0.251489
0.182018
0.242823
0.304035
0.310843
0.294796
0.250067
0.282292
0.253642
0.26603
0.227791
0.315539
0.32633
0.348289
0.469351
0.338215
0.314978
0.191967
0.330332
0.311783
0.34397
0.344398
0.225684
0.391564
0.346962
0.435469
0.372023
0.387137
0.418296
0.369799
0.237562
0.371434
0.283845
0.350365
0.300915
0.602401
0.400574
0.276505
0.352758
0.421871
0.358535
0.259003
0.418566
0.449177
0.234914
0.37562
0.34432
0.40034
0.176989
0.289164
0.578893
0.448186
0.384748
0.440395
0.349878
0.300433
0.43203
0.3511
0.340526
0.2735
0.430768
0.566754
0.279269
0.408224
0.331995
0.376898
0.303671
0.529739
0.503711
0.325109
0.368712
0.399613
0.405496
0.480168
0.304498
0.309126
0.374644
0.405789
0.564761
0.351017
0.337389
0.312284
0.436058
0.368467
0.372615
0.245188
0.342905
0.399277
0.476303
0.245147
0.361782
0.34306
0.453705
0.375613
0.162433
0.473739
0.375148
0.312651
0.334743
0.36605
0.492975
0.503327
0.45413
0.352081
0.215666
0.37897
0.38035
0.358733
0.431643
0.270413
0.366175
0.352386
0.553585
0.346745
0.423123
0.429091
0.403674
0.609283
0.519282
0.450865
0.332487
0.471878
0.442588
0.502805
0.361434
0.516966
0.318282
0.439504
0.428628
0.405459
0.409492
0.508681
0.493923
0.425415
0.366371
0.401301
0.476457
0.523346
0.436458
0.537299
0.440608
0.499836
0.571505
0.410769
0.369658
0.47342
0.292712
0.650935
0.335235
0.560455
0.249212
0.245465
0.281232
0.394978
0.452014
0.279775
0.499038
0.396851
0.294188
0.607029
0.182771
0.427225
0.611611
0.509547
0.463973
0.521373
0.265686
0.445259
0.411932
0.455451
0.52891
0.322655
0.256882
0.488173
0.381433
0.507912
0.762547
0.536072
0.367803
0.419816
0.416247
0.352315
0.386829
0.350118
0.439194
0.442212
0.375494
0.533242
0.388634
0.410614
0.384914
0.404895
0.475604
0.448568
0.503056
0.364254
0.414853
0.361807
0.366714
0.282308
0.491554
0.36522
0.516365
0.348097
0.467483
0.482537
0.532065
0.453044
0.360866
0.538543
0.357052
0.451594
0.55037
0.368934
0.430121
0.471098
0.472811
0.577646
0.37178
0.432435
0.495534
0.623962
0.268899
0.476731
0.439249
0.459672
0.376488
0.541351
0.450738
0.296092
0.480238
0.515764
0.419957
0.510471
0.451592
0.464728
0.419738
0.460174
0.32348
0.390786
0.430117
0.334626
0.767912
0.494207
0.617014
0.537859
0.449408
0.459389
0.295987
0.421728
0.492736
0.442631
0.518493
0.45527
0.347797
0.49175
0.467191
0.240945
0.361537
0.498386
0.600422
0.42131
0.534949
0.523156
0.480546
0.489389
0.553142
0.503726
0.356544
0.504281
0.552806
0.485831
0.514422
0.484755
0.424263
0.3851
0.489784
0.325722
0.494851
0.33894
0.518609
0.411006
0.43226
0.497176
0.498953
0.374817
0.464298
0.233994
0.475325
0.402041
0.534332
0.61688
0.550865
0.406934
0.558295
0.61453
0.514211
0.439592
0.474418
0.422767
0.59994
0.364468
0.37552
0.357134
0.340326
0.485641
0.37645
0.441152
0.523416
0.466558
0.401744
0.537027
0.419523
0.597668
0.454261
0.612329
0.558628
0.418304
0.282174
0.544475
0.365801
0.660158
0.430778
0.485011
0.404415
0.503824
0.569036
0.528814
0.370577
0.547512
0.322788
0.405728
0.441751
0.414574
0.412003
0.534295
0.476085
0.395788
0.425276
0.324597
0.53852
0.4688
0.601222
0.627216
0.324231
0.308573
0.147253
0.609542
0.489765
0.337236
0.547721
0.367938
0.450387
0.582357
0.443041
0.267341
0.50174
0.535856
0.43092
0.35487
0.456175
0.572175
0.289571
0.470314
0.445675
0.707475
0.689097
0.547815
0.617423
0.422589
0.664642
0.336958
0.49154
0.5413
0.420232
0.490794
0.549548
0.395127
0.512049
0.767819
0.341993
0.646239
0.48983
0.440422
0.534895
0.658104
0.323535
0.682194
0.198557
0.528236
0.33514
0.580853
0.342731
0.425743
0.442736
0.517839
0.580695
0.457988
0.529424
0.391548
0.471589
0.495533
0.412767
0.530074
0.403246
0.518697
0.418483
0.668856
0.505312
0.581947
0.438161
0.610234
0.580681
0.387951
0.543924
0.394485
0.516582
0.420343
0.398661
0.623365
0.554719
0.590508
0.487439
0.618878
0.525893
0.449778
0.239317
0.5242
0.466987
0.619198
0.518434
0.644907
0.330809
0.397016
0.300994
0.597213
0.401304
0.431715
0.491037
0.341728
0.55148
0.463934
0.540481
0.4744
0.686337
0.386569
0.289696
0.761633
0.42678
0.449735
0.651708
0.350351
0.456819
0.415876
0.53655
0.584658
0.387703
0.511462
0.64809
0.52337
0.459176
0.628349
0.47479
0.365061
0.742232
0.516402
0.79252
0.422132
0.355069
0.4422
0.533044
0.448264
0.718978
0.562612
0.457022
0.615799
0.410088
0.759035
0.616755
0.47771
0.489204
0.296676
0.531112
0.439311
0.498076
0.373486
0.590079
0.673129
0.506699
0.532369
0.542862
0.552201
0.629834
0.43004
0.476883
0.273395
0.385956
0.40716
0.508923
0.441563
0.543657
0.591544
0.441033
0.585474
0.685793
0.397602
0.467846
0.448122
0.469697
0.383719
0.454133
0.522697
0.524749
0.529457
0.400409
0.590733
0.485057
0.303486
0.730382
0.727264
0.335859
0.356236
0.59177
0.393813
0.608054
0.691233
0.53275
0.442917
0.467654
0.470589
0.570269
0.619359
0.398814
0.624775
0.662884
0.678619
0.658691
0.357104
0.843522
0.436565
0.527202
0.610001
0.509734
0.503451
0.618033
0.591312
0.526204
0.633119
0.501765
0.507004
0.70873
0.593506
0.462858
0.646956
0.674192
0.414071
0.57233
0.313585
0.40443
0.622804
0.514829
0.552555
0.444434
0.476849
0.408574
0.62016
0.564325
0.566659
0.538004
0.537016
0.487115
0.416685
0.586928
0.492113
0.345275
0.49884
0.588894
0.60904
0.45099
0.499718
0.482082
0.473866
0.570498
0.730937
0.484248
0.540019
0.736338
0.537682
0.554042
0.500737
0.39303
0.661115
0.511066
0.387654
0.705355
0.576653
0.283463
0.636333
0.496252
0.668941
0.672657
0.641744
0.432651
0.561405
0.496662
0.51402
0.441224
0.482621
0.542566
0.305891
0.294233
0.423075
0.523289
0.507218
0.481259
0.616226
0.570089
0.447778
0.347114
0.589064
0.533519
0.404945
0.385345
0.738233
0.512765
0.656661
0.471832
0.246349
0.453326
0.352023
0.573214
0.439376
0.79073
0.529621
0.592508
0.424896
0.562565
0.496903
0.375556
0.74598
0.728086
0.454194
0.403714
0.422579
0.39032
0.525712
0.501957
0.388941
0.344494
0.461057
0.250597
0.304496
0.641432
0.5708
0.667507
0.526878
0.455498
0.424397
0.579798
0.409177
0.422511
0.595942
0.480299
0.554976
0.734714
0.664246
0.567863
0.508736
0.362345
0.698976
0.349646
0.588588
0.488377
0.531939
0.553781
0.462015
0.544394
0.494819
0.61544
0.478912
0.351435
0.468115
0.365078
0.697731
0.431308
0.414362
0.58016
0.397498
0.406472
0.448597
0.480704
0.397537
0.627033
0.450211
0.445103
0.493221
0.629244
0.603587
0.413828
0.384828
0.489153
0.537982
0.371941
0.360062
0.426528
0.353853
0.688273
0.459214
0.537775
0.672658
0.531759
0.503546
0.871845
0.554977
0.545374
0.474561
0.43268
0.273489
0.507001
0.680824
0.495385
0.26347
0.578892
0.639349
0.50025
0.588546
0.296217
0.676882
0.525554
0.658346
0.541353
0.570297
0.5544
0.481419
0.410631
0.395933
0.560399
0.518078
0.604878
0.759105
0.50143
0.451865
0.508385
0.464845
0.495744
0.518162
0.457462
0.395265
0.590049
0.505243
0.679417
0.584694
0.856921
0.638811
0.529819
0.49761
0.534966
0.483745
0.422555
0.40486
0.668506
0.640991
0.255799
0.434755
0.532863
0.517438
0.612893
0.482281
0.375318
0.667157
0.469835
0.472216
0.5512
0.732516
0.64785
0.335204
0.589571
0.579561
0.421703
0.584847
0.667819
0.530059
0.691541
0.534208
0.518762
0.467211
0.670108
0.600527
0.455002
0.532832
0.558874
0.601149
0.52126
0.538778
0.405646
0.52864
0.656736
0.443167
0.537178
0.588102
0.408039
0.791161
0.428186
0.529518
0.499843
0.613623
0.400915
0.36715
0.403954
0.500644
0.329734
0.655622
0.42376
0.431582
0.478066
0.644142
0.657351
0.560369
0.538997
0.67427
0.509889
0.365564
0.382813
0.504078
0.480813
0.524117
0.469719
0.558412
0.517041
0.575403
0.528327
0.454995
0.329416
0.43154
0.405654
0.731332
0.452402
0.457732
0.554586
0.756926
0.52666
0.608975
0.429613
0.60139
0.480018
0.346459
0.484279
0.424277
0.541733
0.575865
0.544799
0.304608
0.518329
0.543475
0.40252
0.384369
0.42692
0.528259
0.654925
0.527631
0.639398
0.424472
0.330172
0.599708
0.437362
0.52373
0.328924
0.520763
0.326397
0.429247
0.387124
0.59943
0.648939
0.5469
0.416133
0.549047
0.605667
0.553696
0.61826
0.774791
0.53944
0.617458
0.650527
0.508131
0.601482
0.674741
0.452106
0.532877
0.750407
0.541222
0.66069
0.662692
0.579692
0.350138
0.349902
0.457819
0.445576
0.703768
0.467947
0.534302
0.474895
0.664003
0.58157
0.493176
0.441976
0.438737
0.412701
0.409359
0.461102
0.726869
0.300821
0.714761
0.7344
0.41951
0.510689
0.536796
0.463866
0.504436
0.696014
0.477798
0.456688
0.575766
0.527878
0.338288
0.482601
0.554598
0.396324
0.732584
0.450423
0.387543
0.61202
0.649546
0.717313
0.473622
0.490671
0.777596
0.595126
0.434749
0.537623
0.398407
0.513617
0.637704
0.716107
0.502812
0.444185
0.431736
0.422072
0.612593
0.611702
0.427929
0.387182
0.459241
0.43932
0.7213
0.413379
0.549066
0.711017
0.494948
0.693156
0.566111
0.771935
0.586541
0.263366
0.646319
0.645205
0.366605
0.586069
0.721635
0.65105
0.566003
0.839257
0.389878
0.620063
0.421044
0.429796
0.559768
0.715928
0.481291
0.458338
0.464024
0.672198
0.347877
0.428334
0.4295
0.590051
0.573767
0.432761
0.484803
0.317617
0.38324
0.333195
0.608961
0.318032
0.341804
0.447236
0.383657
0.711679
0.529624
0.590803
0.612465
0.571975
0.350851
0.711564
0.481511
0.706376
0.447437
0.543818
0.533621
0.617775
0.643063
0.510413
0.471781
0.651588
0.513709
0.579012
0.776428
0.449659
0.47779
0.518947
0.607374
0.613233
0.681622
0.63442
0.784875
0.670188
0.609994
0.505114
0.446123
0.566035
0.541316
0.703518
0.749438
0.480176
0.586597
0.559779
0.425134
0.481684
0.377464
0.398178
0.564373
0.537366
0.287187
0.731931
0.464483
0.517823
0.52553
0.459597
0.542809
0.664774
0.630345
0.890202
0.59067
0.762677
0.561315
0.55131
0.54358
1.06145
0.473038
0.77189
0.44001
0.395451
0.398586
0.465906
0.488628
0.76974
0.618873
0.698051
0.667399
0.58937
0.526889
0.35013
0.459608
0.641905
0.76874
0.676419
0.282557
0.568885
0.759563
0.566496
0.40337
0.538037
0.577513
0.597221
0.690804
0.481429
0.530358
0.488086
0.571715
0.459978
0.436642
0.514932
0.647502
0.531998
0.660065
0.487061
0.621987
0.370879
0.496528
0.451932
0.682751
0.721904
0.385618
0.423999
0.463389
0.347583
0.614158
0.333119
0.419026
0.484171
0.511388
0.380383
0.563987
0.464442
0.241716
0.42864
0.652212
0.48809
0.356999
0.566092
0.536424
0.506733
0.583595
0.393234
0.476334
0.524643
0.578192
0.522981
0.657662
0.425204
0.471677
0.710508
0.381498
0.418353
0.567741
0.591668
0.695651
0.401512
0.760953
0.731577
0.616489
0.533848
0.568557
0.53837
0.583273
0.524393
0.626264
0.552796
0.457317
0.577066
0.414494
0.43355
0.605257
0.463921
0.40906
0.50848
0.377605
0.607515
0.421182
0.540893
0.513482
0.592849
0.505548
0.823088
0.453892
0.710411
0.586203
0.544446
0.534545
0.576397
0.202495
0.401213
0.531285
0.35565
0.597966
0.708484
0.541269
0.703066
0.557611
0.494866
0.427904
0.64399
0.723258
0.392837
0.55832
0.349476
0.626734
0.543562
0.608457
0.632388
0.795036
0.688102
0.533222
0.513578
0.662623
0.584041
0.611907
0.475026
0.319103
0.346514
0.2615
0.488137
0.370885
0.579832
0.685539
0.452877
0.715187
0.717858
0.440118
0.377244
0.473332
0.653945
0.425164
0.599711
0.387151
0.444024
0.529319
0.755066
0.604285
0.516251
0.645243
0.601192
0.46239
0.552876
0.442874
0.652407
0.578174
0.486329
0.555221
0.74194
0.588649
0.450095
0.362812
0.605284
0.508964
0.510236
0.670346
0.305809
0.448428
0.856907
0.661303
0.660377
0.389937
0.659703
0.593391
0.332904
0.549426
0.324851
0.632683
0.546259
0.49001
0.578645
0.393801
0.602215
0.368114
0.5005
0.484111
0.532131
0.670716
0.547557
0.430115
0.447511
0.560807
0.297644
0.718265
0.435815
0.467522
0.634364
0.674486
0.716257
0.713454
0.65291
0.550172
0.497414
0.433617
0.362595
0.442315
0.588212
0.378353
0.504477
0.503862
0.408756
0.347961
0.449315
0.515027
0.550431
0.261706
0.491202
0.598043
0.640634
0.536558
0.663936
0.390387
0.340568
0.563445
0.743249
0.648188
0.518968
0.683776
0.448029
0.6477
0.323647
0.609363
0.517237
0.68183
0.662196
0.545032
0.365431
0.457949
0.598745
0.507069
0.501
0.609769
0.512294
0.569198
0.765687
0.65324
0.683384
0.639697
0.489897
0.554071
0.397404
0.63332
0.4401
0.409415
0.63095
0.661333
0.539339
0.347078
0.888521
0.528536
0.477703
0.323031
0.516762
0.353083
0.710897
0.277716
0.503256
0.457664
0.433273
0.409187
0.772546
0.38256
0.680415
0.477429
0.605618
0.360461
0.49086
0.531094
0.311998
0.710005
0.575064
0.637916
0.206169
0.541722
0.544164
0.375239
0.687553
0.415574
0.332399
0.495368
0.497896
0.48231
0.623977
0.688353
0.593069
0.478779
0.584138
0.394245
0.588899
0.420275
0.279855
0.620708
0.357858
0.557083
0.612738
0.296147
0.473434
0.660704
0.484958
0.535684
0.42408
0.507766
0.44325
0.418654
0.426195
0.300762
0.60792
0.430966
0.449191
0.562305
0.413902
0.467225
0.559989
0.623175
0.53571
0.433948
0.553622
0.489266
0.544971
0.636081
0.456258
0.476287
0.680938
0.391108
0.446262
0.467639
0.501834
0.620953
0.291404
0.448076
0.531956
0.460321
0.664659
0.652163
0.741404
0.60649
0.462792
0.544694
0.480562
0.54501
0.482457
0.602301
0.644832
0.487576
0.606576
0.567549
0.587362
0.607522
0.50785
0.658903
0.564956
0.618648
0.527768
0.413979
0.500389
0.406319
0.66816
0.524097
0.604798
0.57763
0.285629
0.577222
0.586076
0.440779
0.428463
0.520068
0.608348
0.373165
0.398401
0.440129
0.537804
0.274298
0.490411
0.512115
0.651852
0.429048
0.540504
0.640835
0.572328
0.523301
0.38492
0.447467
0.422602
0.458595
0.460004
0.575407
0.534425
0.581018
0.536099
0.428961
0.574949
0.666564
0.861577
0.492453
0.539337
0.717757
0.419287
0.359917
0.46715
0.745841
0.673096
0.543099
0.546198
0.574487
0.702467
0.453958
0.456147
0.401152
0.597742
0.461925
0.494156
0.432682
0.559119
0.656887
0.588549
0.397961
0.813824
0.653682
0.609256
0.506059
0.346217
0.560134
0.443477
0.517001
0.451817
0.268338
0.476957
0.514202
0.837818
0.470655
0.317781
0.444247
0.607764
0.457712
0.479748
0.3715
0.43418
0.440075
0.389874
0.490017
0.534252
0.486834
0.602516
0.534092
0.607414
0.363612
0.473848
0.703997
0.560406
0.400055
0.555567
0.401212
0.446812
0.595352
0.586303
0.829645
0.720409
0.739922
0.616481
0.668215
0.324405
0.634313
0.514057
0.718321
0.505161
0.513753
0.507702
0.577381
0.564498
0.539326
0.55343
0.808263
0.537483
0.71746
0.389373
0.467848
0.437544
0.694217
0.459688
0.495582
0.258673
0.707346
0.253629
0.594851
0.663519
0.421835
0.473748
0.552772
0.513479
0.504776
0.601442
0.409007
0.584458
0.643796
0.617422
0.408179
0.63827
0.706577
0.478642
0.600461
0.67557
0.526116
0.452583
0.654795
0.523432
0.485597
0.363231
0.404332
0.657152
0.369299
0.675439
0.461962
0.605442
0.437418
0.492964
0.587793
0.654945
0.550289
0.331913
0.340426
0.495606
0.304967
0.579085
0.773735
0.662953
0.486521
0.442104
0.637567
0.556892
0.609029
0.36273
0.45209
0.468451
0.508
0.578176
0.490374
0.596284
0.352716
0.492089
0.27931
0.604398
0.628768
0.380374
0.420617
0.82228
0.499395
0.541863
0.359337
0.644202
0.538993
0.74928
0.709742
0.60968
0.418302
0.574023
0.501525
0.689873
0.506516
0.539641
0.567658
0.451943
0.490991
0.595191
0.602966
0.618652
0.552854
0.369761
0.953757
0.597754
0.448688
0.624432
0.477181
0.394431
0.406239
0.568082
0.562062
0.543196
0.551575
0.52981
0.335617
0.727134
0.52622
0.521697
0.581568
0.377178
0.663141
0.681115
0.535583
0.741244
0.371504
0.591583
0.580414
0.575187
0.49842
0.723811
0.343436
0.444496
0.334275
0.518831
0.527775
0.636039
0.619749
0.661625
0.559502
0.586188
0.436012
0.630905
0.413023
0.661273
0.580999
0.489263
0.613778
0.5264
0.47788
0.428484
0.431269
0.353176
0.255101
0.748339
0.518272
0.547649
0.627918
0.412216
0.52382
0.569368
0.482012
0.506766
0.46204
0.596733
0.578202
0.469575
0.646901
0.37798
0.558394
0.553001
0.583866
0.331912
0.417
0.585758
0.488435
0.596056
0.408247
0.580126
0.472277
0.540704
0.523596
0.608956
0.520468
0.657157
0.726539
0.376328
0.687157
0.487159
0.390409
0.61254
0.479939
0.507696
0.566048
0.425762
0.425637
0.518675
0.459788
0.210498
0.556006
0.483116
0.390046
0.400403
0.407598
0.595913
0.520881
0.536107
0.367174
0.595555
0.58306
0.48214
0.528496
0.32177
0.290775
0.585575
0.571206
0.505784
0.542408
0.447205
0.69999
0.567543
0.315759
0.539457
0.690172
0.524309
0.425795
0.383746
0.515511
0.703038
0.407798
0.377326
0.426573
0.553929
0.279916
0.495217
0.464774
0.59805
0.52631
0.350119
0.610174
0.687095
0.585205
0.588203
0.364094
0.464446
0.572177
0.458034
0.791
0.506708
0.33092
0.524954
0.638408
0.58009
0.634037
0.531719
0.514936
0.562946
0.487931
0.593344
0.609103
0.531745
0.350913
0.689169
0.805737
0.437503
0.403936
0.478914
0.488539
0.558654
0.684972
0.59571
0.601196
0.667018
0.510905
0.534128
0.516394
0.546557
0.56293
0.575773
0.431276
0.506128
0.257663
0.340928
0.395123
0.669382
0.51355
0.35349
0.654993
0.596765
0.509436
0.36589
0.592567
0.453239
0.614906
0.411858
0.414604
0.502387
0.64267
0.538788
0.63878
0.619486
0.611495
0.671435
0.699138
0.315672
0.735105
0.492102
0.406918
0.632708
0.518732
0.630131
0.39804
0.571666
0.530884
0.441829
0.710923
0.325015
0.761374
0.441259
0.293135
0.509198
0.627469
0.29082
0.589279
0.509423
0.425056
0.68664
0.406512
0.526892
0.4897
0.486031
0.37762
0.390754
0.706177
0.482954
0.743849
0.507266
0.523746
0.608071
0.639845
0.44414
0.509464
0.602479
0.434434
0.621405
0.728665
0.686952
0.605649
0.463556
0.549492
0.565493
0.591901
0.569289
0.487149
0.572141
0.484695
0.584613
0.582374
0.413741
0.591941
0.385471
0.571679
0.412369
0.673139
0.608851
0.556569
0.378376
0.434436
0.455415
0.573462
0.454663
0.388934
0.360189
0.487238
0.511745
0.501379
0.605263
0.456524
0.506798
0.326922
0.736717
0.461818
0.583555
0.784699
0.614351
0.550772
0.398438
0.616097
0.626532
0.419445
0.353757
0.639092
0.510997
0.343021
0.58071
0.401552
0.404113
0.594861
0.5747
0.563752
0.562824
0.473233
0.405618
0.728679
0.43967
0.587188
0.42099
0.545346
0.509938
0.618544
0.692758
0.599051
0.747082
0.70221
0.429715
0.521739
0.446267
0.507832
0.689986
0.456882
0.411459
0.73798
0.592451
0.367768
0.277353
0.572978
0.468167
0.340622
0.475096
0.544933
0.589879
0.546038
0.346317
0.664001
0.585837
0.410407
0.791841
0.558474
0.344475
0.482402
0.413405
0.753807
0.338342
0.45753
0.372531
0.442959
0.567403
0.656279
0.572962
0.765962
0.380244
0.554134
0.440784
0.588903
0.56179
0.358291
0.520667
0.377321
0.785404
0.406673
0.564387
0.546611
0.373076
0.671891
0.517555
0.596572
0.699543
0.553123
0.716406
0.420217
0.546118
0.590599
0.470625
0.484587
0.558376
0.344713
0.473699
0.470289
0.418452
0.55585
0.685987
0.512165
0.474964
0.359045
0.398248
0.507633
0.509504
0.712351
0.62267
0.773248
0.507587
0.55708
0.400712
0.767822
0.458018
0.596176
0.618522
0.782975
0.523121
0.351633
0.411443
0.565822
0.467016
0.513682
0.737933
0.52791
0.543874
0.502281
0.58966
0.585164
0.62587
0.624561
0.597059
0.447331
0.624354
0.517726
0.679163
0.317718
0.882496
0.427707
0.587829
0.398278
0.494729
0.38293
0.637077
0.583506
0.544741
0.388268
0.442977
0.501721
0.290294
0.476203
0.551252
0.518182
0.55118
0.472438
0.670441
0.425127
0.801751
0.539363
0.697882
0.415387
0.569558
0.524732
0.593105
0.380091
0.485892
0.644201
0.496246
0.464529
0.714891
0.640998
0.520044
0.598924
0.503381
0.614556
0.612716
0.447845
0.411431
0.729891
0.325783
0.298649
0.563049
0.529263
0.595806
0.567678
0.359922
0.529607
0.778309
0.608945
0.406789
0.444048
0.304551
0.632622
0.424281
0.628051
0.706336
0.401151
0.692916
0.39071
0.444828
0.60462
0.465106
0.601189
0.347857
0.446339
0.451927
0.454725
0.557196
0.614506
0.736314
0.480075
0.585372
0.617151
0.393411
0.512353
0.39947
0.595256
0.478228
0.504754
0.850177
0.544513
0.498568
0.521116
0.505379
0.476186
0.381333
0.495844
0.497852
0.388853
0.447128
0.639851
0.514167
0.683893
0.353748
0.488881
0.523406
0.450421
0.461981
0.599651
0.508844
0.499633
0.300531
0.496498
0.419547
0.710335
0.31628
0.477466
0.499114
0.478338
0.600704
0.535344
0.319994
0.65086
0.475891
0.475434
0.354676
0.686199
0.342895
0.591393
0.461719
0.798962
0.440508
0.452638
0.469532
0.65565
0.417924
0.468675
0.595423
0.551612
0.628845
0.420473
0.523352
0.643721
0.396045
0.439714
0.460099
0.59199
0.252959
0.503917
0.608808
0.566546
0.465598
0.506923
0.412293
0.457763
0.709524
0.421975
0.657551
0.557869
0.331172
0.436308
0.421881
0.651014
0.405567
0.501508
0.434057
0.626115
0.593651
0.368244
0.542868
0.540466
0.397098
0.367259
0.426871
0.664012
0.495589
0.411384
0.366302
0.607802
0.625738
0.499689
0.586275
0.490933
0.724537
0.455851
0.477857
0.453252
0.745589
0.2736
0.510704
0.779327
0.404972
0.524664
0.52751
0.348842
0.510057
0.397804
0.72988
0.575273
0.599778
0.411734
0.536516
0.357004
0.204453
0.644569
0.378262
0.518872
0.457471
0.617967
0.526622
0.701082
0.613689
0.375201
0.356692
0.60234
0.554615
0.706085
0.31799
0.453686
0.265069
0.515772
0.536213
0.709237
0.791827
0.553232
0.477612
0.417508
0.611635
0.363882
0.428073
0.507748
0.545668
0.571198
0.786341
0.513568
0.562632
0.571006
0.63439
0.543321
0.453923
0.623493
0.649848
0.315111
0.541626
0.484929
0.53402
0.741834
0.618747
0.783011
0.553379
0.575234
0.585878
0.432451
0.498142
0.626299
0.670823
0.546693
0.394654
0.582669
0.676797
0.64021
0.741373
0.549522
0.511501
0.722281
0.482876
0.479757
0.794854
0.491623
0.825888
0.504728
0.513419
0.524121
0.462089
0.706128
0.602034
0.59281
0.288882
0.743285
0.298932
0.445993
0.701647
0.529193
0.424926
0.644382
0.470866
0.332779
0.507214
0.797887
0.543399
0.584487
0.429454
0.568736
0.533887
0.807623
0.664194
0.478255
0.734856
0.356671
0.800012
0.900763
0.630566
0.582153
0.260496
0.44115
0.263453
0.641974
0.489917
0.464173
0.652498
0.438908
0.538033
0.577609
0.427048
0.437685
0.530389
0.755303
0.634914
0.504375
0.544239
0.686466
0.51457
0.504562
0.51012
0.736548
0.273793
0.74987
0.473158
0.521036
0.578218
0.488328
0.567109
0.484272
0.612252
0.549983
0.531637
0.416902
0.546213
0.55312
0.683438
0.517188
0.69653
0.58406
0.769493
0.353351
0.551387
0.569234
0.629955
0.647876
0.282381
0.586191
0.624487
0.713441
0.561125
0.449228
0.426374
0.524712
0.784075
0.575641
0.46658
0.622414
0.390191
0.682715
0.628356
0.632187
0.634613
0.474829
0.454313
0.578152
0.855953
0.425506
0.587595
0.427894
0.436143
0.524475
0.321377
0.498775
0.352283
0.522496
0.519195
0.620595
0.511226
0.606754
0.486734
0.588381
0.517042
0.546965
0.496398
0.460517
0.464832
0.441737
0.482106
0.388967
0.537184
0.530473
0.643824
0.421683
0.585358
0.401421
0.761685
0.63699
0.492869
0.44781
0.445299
0.405965
0.639306
0.536799
0.453869
0.764546
0.795386
0.408851
0.473174
0.597453
0.713599
0.329897
0.524844
0.372196
0.501207
0.530591
0.462431
0.38288
0.51818
0.439319
0.4257
0.611243
0.497244
0.380112
0.590418
0.619716
0.552348
0.332453
0.323253
0.39093
0.337392
0.43341
0.746116
0.653947
0.433216
0.512578
0.534836
0.597574
0.536542
0.446069
0.437087
0.50381
0.605964
0.607198
0.554274
0.6353
0.532617
0.939843
0.54805
0.534269
0.584839
0.670827
0.544405
0.475397
0.437732
0.441569
0.473556
0.677051
0.59779
0.449887
0.379162
0.430812
0.366144
0.688438
0.65275
0.440978
0.449804
0.401067
0.619765
0.418392
0.365988
0.411903
0.31501
0.400941
0.309963
0.51435
0.627388
0.571437
0.582879
0.665126
0.786756
0.810325
0.48781
0.484097
0.747836
0.368926
0.438286
0.471385
0.497054
0.537684
0.503846
0.338337
0.574083
0.562811
0.569009
0.36847
0.411344
0.477458
0.494772
0.39673
0.401327
0.505638
0.578932
0.656916
0.483123
0.496103
0.449373
0.452256
0.517049
0.465639
0.563876
0.542874
0.600024
0.429352
0.384317
0.497072
0.407727
0.54524
0.642132
0.619109
0.367202
0.574917
0.462717
0.316835
0.348409
0.294501
0.574784
0.505662
0.541641
0.62997
0.593089
0.797913
0.659164
0.576377
0.387051
0.529454
0.451368
0.651398
0.461102
0.686593
0.472544
0.634837
0.488618
0.663044
0.639737
0.836943
0.640698
0.647872
0.335724
0.396639
0.596027
0.365423
0.598067
0.506266
0.685065
0.727219
0.676858
0.722252
0.833536
0.510821
0.540199
0.48795
0.366348
0.465525
0.338486
0.681657
0.408905
0.46549
0.784988
0.584621
0.609392
0.421076
0.594537
0.414339
0.597269
0.504598
0.563126
0.652435
0.463564
0.410023
0.585784
0.596395
0.572223
0.571503
0.467518
0.419542
0.469669
0.715957
0.431936
0.28343
0.619823
0.568259
0.306598
0.365222
0.562084
0.451615
0.519271
0.273316
0.374245
0.403337
0.437102
0.28788
0.628495
0.542473
0.482439
0.426846
0.704022
0.420913
0.597377
0.301744
0.549413
0.441845
0.489877
0.679329
0.367945
0.646767
0.290387
0.592557
0.599135
0.620847
0.420796
0.500151
0.364968
0.615498
0.650301
0.59794
0.557837
0.590047
0.660175
0.495951
0.373157
0.59896
0.55097
0.661176
0.51027
0.719717
0.476255
0.407555
0.452052
0.410926
0.522022
0.55142
0.582058
0.622142
0.388304
0.566811
0.660943
0.57146
0.468999
0.550039
0.555865
0.494202
0.405988
0.799526
0.596653
0.854067
0.442171
0.545651
0.553321
0.473543
0.557409
0.332457
0.421948
0.368114
0.425814
0.449683
0.721079
0.471521
0.436915
0.582305
0.630598
0.302385
0.488651
0.589501
0.414254
0.607412
0.548785
0.724458
0.439382
0.826022
0.547833
0.367656
0.620401
0.482031
0.348637
0.49397
0.518782
0.695272
0.58645
0.705441
0.575484
0.519373
0.35546
0.411111
0.581802
0.486433
0.443558
0.440188
0.540032
0.626216
0.406598
0.541877
0.44012
0.663053
0.542959
0.647228
0.345448
0.514454
0.907027
0.634908
0.438136
0.588174
0.398619
0.541568
0.589085
0.762251
0.595479
0.406358
0.590423
0.774129
0.339335
0.417383
0.286442
0.620709
0.641547
0.511497
0.770769
0.432892
0.474724
0.482477
0.492117
0.663538
0.276191
0.579347
0.63219
0.520794
0.634427
0.568218
0.348784
0.52534
0.495326
0.445452
0.592592
0.404287
0.541001
0.508433
0.419498
0.397853
0.694705
0.350612
0.519468
0.828988
0.439452
0.456575
0.632049
0.515297
0.467198
0.638354
0.413744
0.502316
0.290318
0.508274
0.764843
0.506153
0.706802
0.417702
0.234068
0.712059
0.758046
0.55572
0.522209
0.359043
0.556501
0.63181
0.523864
0.502176
0.568739
0.480932
0.548504
0.548007
0.582425
0.513852
0.484066
0.531231
0.505739
0.333558
0.427794
0.37683
0.538354
0.505735
0.618663
0.612993
0.393977
0.660722
0.529026
0.345501
0.502155
0.379204
0.43372
0.452208
0.456471
0.355741
0.6104
0.519856
0.559394
0.62926
0.436866
0.451067
0.261201
0.428002
0.490262
0.418255
0.376033
0.51519
0.959004
0.590758
0.450558
0.468843
0.579839
0.694373
0.468404
0.376783
0.657807
0.553325
0.751787
0.554314
0.715296
0.550343
0.414768
0.462652
0.589223
0.543911
0.553585
0.550775
0.630206
0.39455
0.351589
0.686238
0.465148
0.642079
0.479722
0.440036
0.450768
0.419573
0.69852
0.548368
0.586053
0.689291
0.321062
0.560807
0.62414
0.516698
0.651841
0.373449
0.511275
0.563199
0.510773
0.533155
0.4215
0.505168
0.570065
0.511848
0.538973
0.60377
0.468953
0.400641
0.487323
0.66214
0.402477
0.407317
0.474453
0.377226
0.526469
0.506454
0.597472
0.88505
0.664855
0.499816
0.431873
0.768945
0.478753
0.482166
0.512192
0.494381
0.699455
0.515847
0.556161
0.410676
0.542388
0.498942
0.282835
0.606015
0.426147
0.654579
0.483129
0.334974
0.501222
0.430095
0.517575
0.546632
0.613153
0.564509
0.599571
0.612159
0.469254
0.409026
0.944463
0.316788
0.524632
0.734818
0.61789
0.399728
0.535144
0.47817
0.519731
0.485466
0.372934
0.593303
0.554048
0.499537
0.332968
0.488894
0.610262
0.550273
0.385662
0.44019
0.637046
0.523499
0.42716
0.808416
0.339991
0.541694
0.621075
0.609428
0.523727
0.406178
0.59848
0.446227
0.659182
0.47492
0.84932
0.390428
0.355909
0.516782
0.310195
0.53988
0.254976
0.504718
0.613468
0.709259
0.284858
0.454747
0.337564
0.751021
0.400784
0.696711
0.450005
0.494741
0.427093
0.553884
0.620172
0.384143
0.404383
0.430909
0.443642
0.397517
0.694898
0.497547
0.303409
0.547943
0.565291
0.402127
0.524607
0.451529
0.515557
0.666621
0.530596
0.709316
0.558472
0.48281
0.419584
0.673416
0.55839
0.387041
0.328418
0.612794
0.444023
0.746148
0.569011
0.573534
0.641518
0.578831
0.500181
0.621398
0.548142
0.317754
0.546826
0.660052
0.504849
0.733313
0.63655
0.535507
0.387714
0.456349
0.505101
0.53662
0.362643
0.362015
0.637394
0.57779
0.43715
0.622991
0.46084
0.460621
0.66112
0.48192
0.718286
0.443723
0.521634
0.567922
0.340813
0.576373
0.411435
0.446133
0.459397
0.466503
0.461173
0.424921
0.63655
0.464598
0.788032
0.588021
0.65702
0.602953
0.508891
0.618759
0.552492
0.59057
0.614031
0.480661
0.45491
0.505845
0.546584
0.538719
0.879075
0.490947
0.461848
0.464717
0.513824
0.756841
0.542154
0.580932
0.49234
0.360203
0.483479
0.453625
0.349064
0.616355
0.531989
0.501446
0.515176
0.680889
0.649914
0.636887
0.556902
0.638323
0.624482
0.588628
0.309111
0.491518
0.640195
0.413118
0.506905
0.45891
0.392907
0.597727
0.495234
0.572742
0.460785
0.528518
0.587522
0.474047
0.498836
0.75002
0.661879
0.423394
0.448044
0.520674
0.519471
0.341233
0.286531
0.439243
0.576521
0.300702
0.468425
0.263925
0.675363
0.330989
0.576653
0.691368
0.664676
0.552684
0.550545
0.670512
0.531717
0.417161
0.670355
0.603323
0.490511
0.408391
0.414551
0.417649
0.61824
0.428699
0.863935
0.464086
0.436846
0.376858
0.494845
0.525642
0.327578
0.36767
0.804874
0.423367
0.615078
0.453842
0.66554
0.560821
0.434368
0.395717
0.615888
0.523926
0.607653
0.639321
0.419989
0.439155
0.313182
0.568468
0.593974
0.370828
0.601052
0.475892
0.26674
0.649239
0.574354
0.683754
0.448259
0.495782
0.585062
0.519982
0.357699
0.413491
0.607108
0.65036
0.451607
0.424572
0.569654
0.8092
0.51733
0.417342
0.702247
0.379154
0.811335
0.320421
0.347459
0.563844
0.489845
0.440215
0.772881
0.614438
0.635937
0.541988
0.466007
0.465723
0.659178
0.562866
0.613365
0.309913
0.496036
0.977196
0.405467
0.679314
0.507825
0.648536
0.611245
0.383507
0.57967
0.655296
0.416328
0.709121
0.381266
0.525998
0.320148
0.349607
0.450241
0.589624
0.543778
0.535649
0.37012
0.656139
0.495339
0.498036
0.523335
0.382242
0.631205
0.747139
0.54622
0.553282
0.747127
0.623286
0.541391
0.218187
0.476567
0.572799
0.363228
0.438499
0.606043
0.563202
0.576809
0.268564
0.685459
0.481559
0.526978
0.335438
0.416228
0.539395
0.623494
0.471795
0.302662
0.522702
0.421535
0.282589
0.584946
0.321018
0.577908
0.341535
0.537253
0.568298
0.524562
0.297929
0.517642
0.390684
0.387318
0.589431
0.55109
0.445974
0.371385
0.298866
0.373457
0.46791
0.562173
0.635483
0.729954
0.688555
0.504757
0.656528
0.559771
0.47116
0.418181
0.708928
0.501767
0.494963
0.51631
0.414385
0.569445
0.681858
0.623389
0.433476
0.547245
0.45664
0.625537
0.582986
0.682935
0.59995
0.454857
0.609816
0.296065
0.516825
0.493881
0.55108
0.342125
0.494896
0.551456
0.336981
0.536499
0.567964
0.828761
0.445412
0.718794
0.631023
0.634684
0.317479
0.554286
0.452102
0.456204
0.704497
0.628448
0.435647
0.469077
0.962694
0.784776
0.334172
0.776292
0.545953
0.554069
0.788237
0.356063
0.624236
0.380919
0.511662
0.59932
0.682699
0.657331
0.505339
0.556655
0.421922
0.478282
0.594384
0.736177
0.74414
0.56742
0.383217
0.775406
0.666942
0.389604
0.467211
0.580729
0.53688
0.410469
0.237513
0.623431
0.63492
0.405906
0.566494
0.490209
0.48446
0.358239
0.433008
0.436965
0.396357
0.597599
0.626398
0.45892
0.605993
0.637652
0.55944
0.365795
0.632616
0.52873
0.520267
0.301425
0.471223
0.44446
0.388503
0.635005
0.445126
0.438508
0.43391
0.375054
0.536925
0.439731
0.344223
0.445761
0.715073
0.787101
0.542013
0.489765
0.461479
0.385644
0.592694
0.375496
0.595546
0.358947
0.451237
0.532663
0.699736
0.603592
0.498252
0.638264
0.495663
0.469014
0.591737
0.260237
0.424536
0.5886
0.321989
0.500004
0.640943
0.430356
0.277187
0.428566
0.512298
0.373028
0.598256
0.412287
0.544955
0.516218
0.41685
0.585836
0.687978
0.410877
0.459348
0.696439
0.601994
0.632821
0.387307
0.556848
0.613738
0.564678
0.496688
0.692562
0.405838
0.516801
0.511163
0.489735
0.273929
0.521232
0.600966
0.536925
0.573636
0.636766
0.676456
0.505132
0.441193
0.753494
0.504897
0.676262
0.511127
0.463598
0.59891
0.638936
0.411799
0.643714
0.533525
0.38481
0.420285
0.605637
0.57742
0.72566
0.307896
0.242598
0.394392
0.504213
0.430391
0.567525
0.666966
0.562917
0.460949
0.451388
0.360108
0.489689
0.267519
0.561687
0.434807
0.694392
0.423518
0.591181
0.451627
0.495981
0.634262
0.511283
0.529276
0.615487
0.513324
0.630138
0.689471
0.718562
0.427436
0.62284
0.508038
0.461412
0.382157
0.427251
0.360963
0.438629
0.326797
0.641615
0.198901
0.414559
0.557165
0.773378
0.763631
0.759869
0.478532
0.382892
0.415678
0.501508
0.501399
0.53328
0.432999
0.556198
0.480951
0.573862
0.498715
0.45956
0.50241
0.610358
0.495321
0.621265
0.701877
0.301031
0.539988
0.383132
0.566359
0.394896
0.577871
0.655316
0.542465
0.596859
0.374611
0.543399
0.424738
0.407386
0.677418
0.669648
0.716117
0.731415
0.647288
0.470853
0.579063
0.556515
0.586695
0.671952
0.717099
0.54176
0.595893
0.490447
0.4311
0.708025
0.422292
0.284781
0.514724
0.714387
0.575309
0.408418
0.403984
0.344927
0.490458
0.574901
0.871092
0.458347
0.628134
0.51583
0.536583
0.361678
0.564434
0.433629
0.534807
0.50881
0.480907
0.577818
0.445201
0.271262
0.350091
0.551888
0.477709
0.737112
0.815798
0.280873
0.648977
0.793596
0.514496
0.292894
0.468102
0.414617
0.530984
0.664024
0.676878
0.660517
0.37487
0.382588
0.6001
0.526301
0.478513
0.726249
0.460973
0.533763
0.796029
0.477744
0.578286
0.623215
0.432769
0.573612
0.658778
0.503424
0.552062
0.643954
0.594408
0.774239
0.467993
0.369574
0.586004
0.480128
0.50347
0.717078
0.288835
0.678802
0.401952
0.33378
0.319861
0.729045
0.497275
0.730714
0.58195
0.671871
0.591016
0.840928
0.34031
0.646667
0.328674
0.397414
0.464192
0.356256
0.507983
0.785699
0.468411
0.64223
0.459591
0.447887
0.461273
0.3995
0.521892
0.491708
0.333962
0.421949
0.561102
0.508148
0.321545
0.291864
0.335366
0.581219
0.656448
0.379678
0.407443
0.687352
0.392391
0.457917
0.635313
0.445201
0.493576
0.725003
0.517736
0.596043
0.569572
0.531575
0.532639
0.493897
0.633953
0.543363
0.746885
0.514492
0.591118
0.534644
0.410762
0.295631
0.553706
0.584988
0.432062
0.818919
0.615226
0.397896
0.613028
0.561876
0.474349
0.523175
0.547338
0.62624
0.695603
0.534514
0.608481
0.332326
0.406774
0.524126
0.56507
0.499026
0.51835
0.566071
0.38935
0.332734
0.466466
0.604443
0.390775
0.452303
0.338255
0.413598
0.44458
0.475662
0.478529
0.402355
0.657799
0.737222
0.507631
0.336709
0.52204
0.626043
0.652379
0.603538
0.582431
0.434342
0.470502
0.446367
0.461576
0.377439
0.687821
0.273753
0.563612
0.491329
0.556734
0.6386
0.384932
0.572804
0.442107
0.527473
0.389876
0.482354
0.366851
0.645518
0.443398
0.534481
0.330504
0.470704
0.429986
0.483024
0.571811
0.427966
0.510545
0.524955
0.45557
0.417969
0.468058
0.384829
0.390063
0.807235
0.56385
0.578007
0.485082
0.704732
0.404808
0.524889
0.396085
0.557433
0.571139
0.392695
0.436377
0.682516
0.58393
0.481626
0.612369
0.457235
0.613047
0.651033
0.540565
0.720716
0.514969
0.577149
0.662675
0.456894
0.520622
0.460067
0.592172
0.660597
0.484175
0.524236
0.660045
0.660002
0.591869
0.407808
0.524887
0.427609
0.617041
0.578799
0.422912
0.575894
0.464114
0.739754
0.50525
0.531617
0.513646
0.393603
0.63481
0.63169
0.375541
0.526318
0.464846
0.42251
0.876036
0.45776
0.339837
0.46536
0.348339
0.505193
0.441646
0.634266
0.298959
0.510262
0.468515
0.417788
0.530911
0.588789
0.541414
0.463817
0.415316
0.476402
0.459758
0.570438
0.518956
0.68231
0.442872
0.432119
0.697734
0.424941
0.525218
0.588326
0.582943
0.500257
0.752844
0.456621
0.212333
0.522123
0.414138
0.50681
0.588004
0.628234
0.454901
0.728815
0.590162
0.440566
0.698303
0.351183
0.431245
0.684842
0.598474
0.609985
0.292394
0.632148
0.610085
0.412229
0.596018
0.613556
0.753778
0.570563
0.440905
0.43056
0.424023
0.569919
0.463084
0.411751
0.521938
0.508829
0.378519
0.287876
0.666079
0.577575
0.440013
0.583173
0.634951
0.685434
0.908443
0.569875
0.616581
0.447988
0.724192
0.626043
0.579789
0.476479
0.542188
0.724583
0.789232
0.453108
0.39772
0.573284
0.555067
0.508287
0.728564
0.475216
0.667671
0.581869
0.520139
0.437376
0.489128
0.709994
0.419849
0.593816
0.460254
0.59197
0.661528
0.643958
0.381915
0.388237
0.50082
0.60605
0.590015
0.370372
0.835516
0.53539
0.46423
0.477994
0.446009
0.574454
0.393449
0.555255
0.421044
0.593765
0.662377
0.435202
0.674522
0.529945
0.639872
0.59744
0.490523
0.608247
0.55386
0.631783
0.579415
0.56697
0.472536
0.656023
0.687733
0.602728
0.376352
0.604155
0.651752
0.541399
0.440296
0.583294
0.332367
0.499596
0.404487
0.399007
0.644814
0.357261
0.346254
0.33737
0.559428
0.527597
0.461513
0.343154
0.539572
0.538209
0.334715
0.531629
0.627492
0.457792
0.63425
0.646048
0.403561
0.501986
0.695589
0.418717
0.486656
0.668388
0.308087
0.715595
0.396
0.494103
0.542566
0.636919
0.540764
0.496905
0.466021
0.38682
0.33036
0.69143
0.419298
0.389096
0.401271
0.458984
0.769016
0.328696
0.54995
0.64613
0.663787
0.493052
0.576379
0.314172
0.420303
0.385223
0.461706
0.567705
0.497555
0.378689
0.378649
0.511775
0.630216
0.506852
0.535513
0.611499
0.510321
0.385141
0.365122
0.489134
0.605608
0.507859
0.490085
0.597529
0.500996
0.645404
0.49485
0.493895
0.645779
0.439991
0.31044
0.322593
0.508574
0.507997
0.381056
0.388888
0.481641
0.700564
0.503
0.613543
0.574376
0.574687
0.296367
0.477256
0.7495
0.74586
0.27265
0.522286
0.316109
0.681336
0.551604
0.438386
0.478397
0.543139
0.441006
0.356692
0.414514
0.63276
0.549585
0.576885
0.545777
0.585584
0.535939
0.481258
0.400006
0.605358
0.524372
0.547157
0.7898
0.485982
0.706551
0.472389
0.419232
0.643647
0.596649
0.637337
0.442235
0.523397
0.456678
0.689379
0.513233
0.463692
0.404079
0.772388
0.417674
0.313319
0.543537
0.471952
0.47457
0.592205
0.552323
0.408589
0.746113
0.898946
0.421017
0.635565
0.58962
0.679661
0.67974
0.525578
0.578309
0.36488
0.408462
0.540025
0.485902
0.746032
0.529501
0.574157
0.535087
0.773231
0.672949
0.554779
0.467316
0.420388
0.366395
0.373715
0.380948
0.420496
0.445742
0.14367
0.374059
0.603385
0.565757
0.595406
0.512476
0.57148
0.54395
0.517445
0.472121
0.528795
0.512684
0.53086
0.459139
0.420149
0.67126
0.407432
0.528342
0.576317
0.454129
0.649257
0.776962
0.637625
0.262267
0.645562
0.306222
0.546832
0.722768
0.665365
0.543684
0.606258
0.655441
0.51764
0.627881
0.694169
0.389153
0.459238
0.671695
0.406847
0.644677
0.335731
0.464101
0.424914
0.62622
0.442097
0.28736
0.564421
0.539844
0.782958
0.665522
0.5556
0.434725
0.653306
0.374067
0.462245
0.384415
0.669547
0.229721
0.472587
0.468328
0.635525
0.486321
0.592744
0.526908
0.362097
0.582843
0.515903
0.392722
0.76361
0.514125
0.532743
0.513117
0.378112
0.451729
0.74638
0.294766
0.811476
0.534143
0.399544
0.427219
0.620516
0.519356
0.568535
0.434925
0.851686
0.459861
0.419401
0.414515
0.78132
0.465783
0.612946
0.383548
0.617071
0.460527
0.434203
0.413071
0.386553
0.485011
0.511922
0.717645
0.606884
0.356726
0.426958
0.522422
0.462681
0.392068
0.349818
0.632719
0.413058
0.483576
0.339004
0.456454
0.721981
0.480452
0.655559
0.574511
0.471568
0.587796
0.577459
0.675287
0.320436
0.650235
0.445616
0.607231
0.509327
0.318855
0.524523
0.381766
0.497667
0.525807
0.294191
0.598108
0.503336
0.314836
0.424646
0.53859
0.542801
0.59966
0.40733
0.523178
0.549598
0.293026
0.437849
0.518098
0.916122
0.168721
0.463627
0.398713
0.3894
0.463989
0.67407
0.494113
0.363119
0.355971
0.709885
0.56661
0.487589
0.535985
0.64663
0.309379
0.328512
0.668244
0.369411
0.530813
0.250955
0.650173
0.613815
0.532187
0.476802
0.527742
0.667862
0.545329
0.394392
0.307547
0.48549
0.639341
0.689543
0.524536
0.474307
0.582293
0.531745
0.668843
0.725984
0.43396
0.490054
0.491784
0.578493
0.505981
0.311992
0.642397
0.293584
0.612571
0.433425
0.524992
0.61579
0.657341
0.779573
0.459343
0.629238
0.568784
0.524625
0.220752
0.300223
0.552581
0.537617
0.570989
0.631232
0.560778
0.374302
0.39126
0.648024
0.324668
0.408896
0.5532
0.611625
0.745972
0.61782
0.450357
0.650716
0.694686
0.600362
0.392783
0.775703
0.573933
0.529912
0.428658
0.643097
0.485441
0.552739
0.515698
0.537232
0.414129
0.680837
0.58703
0.422944
0.413114
0.355964
0.356022
0.726156
0.578464
0.49982
0.42825
0.486888
0.251652
0.717628
0.477994
0.464859
0.60838
0.385602
0.373856
0.647649
0.259674
0.413675
0.56821
0.594313
0.359289
0.390992
0.374527
0.525606
0.490545
0.443349
0.446114
0.403104
0.849685
0.394201
0.654847
0.602323
0.57581
0.495781
0.454595
0.500591
0.571432
0.450862
0.666326
0.549806
0.454786
0.545958
0.539905
0.666552
0.641623
0.433452
0.545813
0.518595
0.467484
0.330402
0.563171
0.527161
0.443533
0.564478
0.436147
0.624054
0.554975
0.741104
0.510841
0.296739
0.592755
0.601077
0.690862
0.428881
0.580288
0.555729
0.531588
0.480178
0.627515
0.646765
0.399404
0.42085
0.305589
0.426786
0.696426
0.758643
0.485446
0.377091
0.505104
0.4514
0.644994
0.73316
0.587457
0.498971
0.381306
0.423884
0.400165
0.549382
0.421243
0.507155
0.673677
0.601106
0.521391
0.552013
0.476198
0.555695
0.689512
0.656082
0.379036
0.522457
0.598121
0.555704
0.485807
0.551452
0.40518
0.682472
0.512934
0.562328
0.557539
0.477947
0.62569
0.801281
0.42787
0.660617
0.548613
0.383294
0.485577
0.643475
0.618423
0.435995
0.448538
0.560592
0.668709
0.560065
0.753966
0.484503
0.544506
0.506974
0.598614
0.577554
0.401486
0.414598
0.599572
0.439189
0.459017
0.416993
0.568895
0.340668
0.357039
0.500514
0.496399
0.383226
0.365661
0.503039
0.462685
0.440031
0.550993
0.689568
0.609148
0.337938
0.459811
0.551372
0.807485
0.686
0.638819
0.424182
0.429925
0.461543
0.427863
0.627619
0.660795
0.400671
0.448035
0.846984
0.534906
0.688801
0.536073
0.432164
0.429691
0.506085
0.536537
0.508454
0.711334
0.515566
0.340329
0.604857
0.77912
0.62841
0.719479
0.640434
0.450633
0.522225
0.589849
0.518046
0.580793
0.513855
0.691328
0.482888
0.511577
0.510317
0.305327
0.496643
0.415511
0.501149
0.576862
0.614314
0.538718
0.387696
0.787087
0.403529
0.462186
0.668465
0.371188
0.373502
0.520591
0.603974
0.513547
0.382924
0.731938
0.767941
0.601293
0.748967
0.625184
0.33885
0.566997
0.554632
0.711151
0.766181
0.509722
0.478138
0.607391
0.626196
0.401398
0.506474
0.400917
0.581101
0.517603
0.434797
0.355251
0.404739
0.447901
0.561233
0.463048
0.333265
0.6757
0.544921
0.717665
0.30694
0.584665
0.530241
0.444634
0.589116
0.414081
0.724094
0.381939
0.460982
0.401905
0.459813
0.549606
0.431084
0.421589
0.446012
0.447959
0.607749
0.411477
0.394919
0.378238
0.459583
0.532454
0.502622
0.402462
0.439686
0.436612
0.504408
0.500358
0.41549
0.762519
0.740707
0.495574
0.597415
0.489537
0.576084
0.680027
0.363907
0.366303
0.462569
0.404341
0.504366
0.677731
0.570187
0.539131
0.513957
0.598472
0.440501
0.756696
0.440148
0.715551
0.665758
0.333766
0.603054
0.675549
0.73421
0.549643
0.512617
0.551578
0.366582
0.514376
0.668786
0.535243
0.612614
0.514736
0.572921
0.54362
0.42905
0.423086
0.57382
0.457578
0.471999
0.629016
0.542765
0.436821
0.425786
0.545024
0.359197
0.54775
0.318667
0.330518
0.632938
0.546742
0.410362
0.444348
0.490361
0.584615
0.541375
0.468844
0.402978
0.457205
0.877027
0.427237
0.397493
0.452726
0.458758
0.878407
0.552404
0.548853
0.404062
0.416031
0.468275
0.517394
0.69251
0.627015
0.703259
0.428132
0.379671
0.633636
0.657348
0.61111
0.573567
0.422294
0.383571
0.781502
0.532224
0.603437
0.488686
0.631788
0.518284
0.471125
0.302171
0.648244
0.445538
0.450391
0.347724
0.444502
0.596421
0.445233
0.632284
0.67973
0.507923
0.406221
0.517738
0.300695
0.462991
0.599911
0.481999
0.514432
0.537885
0.6235
0.432741
0.466242
0.673677
0.526442
0.411709
0.408645
0.605328
0.482889
0.389353
0.650183
0.408252
0.528089
0.451971
0.450958
0.591476
0.703699
0.314829
0.273554
0.59847
0.323162
0.648632
0.590955
0.24223
0.747969
0.330772
0.598078
0.533711
0.491855
0.517731
0.305684
0.605416
0.628443
0.676572
0.54073
0.450157
0.473683
0.364547
0.482327
0.325973
0.367734
0.463185
0.463264
0.291663
0.516287
0.672693
0.682648
0.617159
0.809023
0.529166
0.717093
0.412247
0.331131
0.43491
0.703268
0.467292
0.434843
0.675591
0.599266
0.462316
0.484894
0.727551
0.542319
0.461017
0.570126
0.522006
0.692592
0.406069
0.65542
0.545414
0.528601
0.408861
0.500843
0.575005
0.502901
0.599479
0.622925
0.356173
0.354493
0.36432
0.258323
0.440565
0.390059
0.706191
0.519707
0.591494
0.586163
0.546963
0.446866
0.469759
0.676102
0.467416
0.385433
0.606811
0.458953
0.550189
0.603603
0.524022
0.324886
0.636219
0.35963
0.495266
0.507299
0.409603
0.426022
0.487813
0.538187
0.595217
0.50302
0.429353
0.631027
0.522678
0.494864
0.435489
0.372508
0.528884
0.437792
0.577877
0.466497
0.70905
0.471041
0.535055
0.69504
0.469546
0.432419
0.435502
0.338649
0.535863
0.402281
0.433592
0.392093
0.451234
0.623301
0.582635
0.2782
0.406091
0.607219
0.41051
0.405225
0.652428
0.370785
0.349904
0.516604
0.669171
0.456449
0.657046
0.624443
0.384142
0.489438
0.6067
0.476599
0.46766
0.659358
0.535008
0.545123
0.42816
0.502785
0.468073
0.378486
0.554996
0.645115
0.473343
0.402287
0.628689
0.556659
0.261238
0.582095
0.552686
0.56902
0.402008
0.334834
0.565382
0.568853
0.362862
0.823868
0.453094
0.404096
0.583342
0.576866
0.612542
0.386907
0.34644
0.517167
0.30049
0.747582
0.646713
0.476837
0.786905
0.504542
0.626662
0.599412
0.533016
0.503275
0.519779
0.551113
0.366659
0.635872
0.507513
0.378988
0.647614
0.491863
0.362944
0.63574
0.504419
0.46906
0.468828
0.33118
0.526163
0.320724
0.733979
0.476359
0.523969
0.453642
0.448737
0.250607
0.324522
0.752087
0.567615
0.48434
0.475708
0.556708
0.54028
0.560675
0.295306
0.366794
0.669051
0.360344
0.640825
0.382903
0.523378
0.531544
0.774729
0.540732
0.547469
0.486283
0.466813
0.564389
0.539665
0.534315
0.43827
0.450515
0.725316
0.61533
0.254225
0.45049
0.383488
0.612197
0.353227
0.54218
0.281719
0.592867
0.285638
0.294029
0.542389
0.520637
0.620096
0.444804
0.512477
0.352031
0.576403
0.541541
0.4523
0.465756
0.346279
0.409562
0.640581
0.42665
0.674169
0.422029
0.591814
0.55308
0.448328
0.559401
0.327881
0.410221
0.507454
0.432846
0.537123
0.46711
0.439983
0.361535
0.488659
0.481468
0.462447
0.400312
0.352765
0.500517
0.620752
0.643557
0.555645
0.541339
0.294651
0.451897
0.584315
0.612715
0.338855
0.388095
0.387235
0.430278
0.633265
0.416746
0.589003
0.390963
0.658687
0.659954
0.540825
0.330196
0.379934
0.508406
0.743036
0.578435
0.42505
0.562469
0.681593
0.497747
0.422849
0.723362
0.383807
0.787151
0.29174
0.598866
0.426644
0.595717
0.381704
0.447841
0.526597
0.447085
0.584367
0.409236
0.580383
0.640187
0.565157
0.509308
0.543187
0.470001
0.514553
0.310157
0.493511
0.556406
0.544211
0.581663
0.610083
0.33869
0.47884
0.463347
0.404144
0.763581
0.372107
0.652363
0.642445
0.230316
0.438246
0.486609
0.354355
0.340818
0.333659
0.540638
0.398601
0.476297
0.545874
0.555806
0.572745
0.601474
0.405099
0.449291
0.613256
0.592398
0.349185
0.655577
0.725225
0.634746
0.487589
0.501658
0.664243
0.310377
0.406638
0.461091
0.720832
0.606338
0.603889
0.371258
0.459817
0.611743
0.708225
0.436486
0.394241
0.615864
0.650729
0.593919
0.433565
0.677185
0.469343
0.605535
0.680328
0.631713
0.534403
0.490495
0.493375
0.634797
0.380389
0.540459
0.46802
0.565496
0.382112
0.514328
0.56342
0.416174
0.531916
0.323044
0.611076
0.557198
0.588714
0.478729
0.515034
0.373412
0.789822
0.595894
0.66912
0.468818
0.644276
0.397839
0.393753
0.740775
0.421229
0.453301
0.537984
0.387406
0.440768
0.397432
0.357634
0.481657
0.624072
0.466521
0.469383
0.648626
0.469438
0.629348
0.506585
0.628579
0.510094
0.517356
0.525216
0.520901
0.389363
0.648763
0.657274
0.442455
0.418836
0.491476
0.661102
0.343547
0.661339
0.474058
0.328417
0.684415
0.674954
0.288317
0.476398
0.428341
0.545275
0.766635
0.553916
0.549908
0.53231
0.663455
0.549172
0.597146
0.490106
0.369076
0.491934
0.34031
0.328266
0.511853
0.540392
0.696759
0.204678
0.398513
0.618866
0.617447
0.301324
0.610022
0.508944
0.441124
0.469368
0.441396
0.397857
0.308439
0.435075
0.741138
0.346421
0.55694
0.686738
0.548935
0.607173
0.457869
0.495221
0.523572
0.584117
0.595517
0.639382
0.49104
0.489702
0.599335
0.791372
0.324393
0.748066
0.436309
0.598165
0.554296
0.534321
0.393482
0.479479
0.427999
0.409259
0.438487
0.741661
0.386793
0.518389
0.370302
0.531202
0.506813
0.631977
0.780036
0.479786
0.307788
0.333556
0.571607
0.610335
0.517699
0.51878
0.468414
0.476453
0.77851
0.565926
0.649669
0.676456
0.373726
0.370154
0.572509
0.634625
0.502385
0.402809
0.504185
0.582755
0.498496
0.452928
0.280638
0.385927
0.390366
0.47247
0.520778
0.58437
0.553872
0.267122
0.526699
0.593509
0.3916
0.383485
0.556212
0.649456
0.415936
0.596674
0.26503
0.824487
0.588941
0.589146
0.395301
0.470228
0.347233
0.545866
0.559779
0.481379
0.750714
0.560115
0.54912
0.338815
0.596559
0.476658
0.501876
0.496052
0.545664
0.501856
0.461867
0.527973
0.493912
0.455692
0.452742
0.477615
0.558016
0.46272
0.494862
0.614786
0.478752
0.552291
0.276871
0.410109
0.445127
0.522887
0.3913
0.433883
0.279468
0.528583
0.597343
0.534712
0.788952
0.701204
0.507426
0.419753
0.397291
0.615939
0.605041
0.392754
0.418242
0.557979
0.58662
0.366127
0.538723
0.578804
0.420072
0.55221
0.531817
0.572177
0.380238
0.468945
0.765317
0.357154
0.528337
0.516412
0.330204
0.521978
0.475327
0.664193
0.484678
0.847452
0.420094
0.505364
0.366582
0.418282
0.61525
0.507042
0.577034
0.381424
0.411595
0.464106
0.4637
0.61055
0.590605
0.402291
0.397041
0.550298
0.555984
0.31576
0.223385
0.578149
0.493492
0.541706
0.633747
0.674939
0.522265
0.462273
0.423265
0.596786
0.548378
0.356701
0.486197
0.449682
0.487699
0.420458
0.523864
0.814032
0.527071
0.564974
0.638792
0.538138
0.484936
0.323375
0.457492
0.623924
0.610952
0.572527
0.582746
0.391951
0.850928
0.471916
0.488565
0.639508
0.636502
0.613748
0.549739
0.505116
0.578452
0.601999
0.516852
0.668123
0.514228
0.377101
0.463523
0.50834
0.56033
0.367363
0.499678
0.446732
0.609761
0.584913
0.354667
0.49888
0.518998
0.364105
0.476314
0.620504
0.305972
0.624773
0.532182
0.549608
0.452835
0.353114
0.646452
0.411891
0.730746
0.694893
0.501954
0.362961
0.54949
0.653682
0.477384
0.51221
0.584461
0.366575
0.468037
0.484397
0.513079
0.608761
0.450456
0.390508
0.429974
0.53933
0.35089
0.520645
0.611712
0.708891
0.569657
0.405021
0.368526
0.581959
0.195645
0.507364
0.314718
0.677363
0.548998
0.628164
0.433573
0.333758
0.633214
0.542442
0.604556
0.536268
0.587495
0.57277
0.57129
0.48562
0.587551
0.452895
0.609935
0.767053
0.465968
0.79045
0.565932
0.396744
0.452301
0.472106
0.391996
0.529996
0.440866
0.522884
0.601548
0.491866
0.419418
0.524022
0.422585
0.717313
0.481421
0.681611
0.721694
0.457801
0.450438
0.240659
0.367802
0.384531
0.693192
0.650535
0.666083
0.583077
0.428534
0.491602
0.470781
0.685232
0.534059
0.606919
0.520113
0.462988
0.425301
0.744047
0.388778
0.41823
0.375157
0.403344
0.542162
0.689354
0.501764
0.730173
0.526285
0.47715
0.569503
0.60021
0.554861
0.557042
0.507081
0.562888
0.533753
0.467138
0.489178
0.465125
0.616545
0.758595
0.542986
0.629058
0.366415
0.531646
0.65332
0.301338
0.631798
0.360265
0.457803
0.816851
0.658998
0.344205
0.510089
0.618519
0.633921
0.472528
0.523546
0.409659
0.362202
0.71342
0.710237
0.394005
0.652972
0.427995
0.48926
0.637218
0.739863
0.562067
0.676401
0.438372
0.405184
0.428464
0.737959
0.585419
0.541613
0.605636
0.487661
0.530936
0.446001
0.654299
0.691002
0.373228
0.500872
0.256544
0.422953
0.492322
0.411076
0.375412
0.543986
0.551546
0.43805
0.437949
0.41537
0.617332
0.613913
0.312243
0.484212
0.636855
0.404104
0.313421
0.384852
0.528774
0.597482
0.480053
0.564263
0.534381
0.542828
0.542254
0.632484
0.593959
0.595644
0.573799
0.536068
0.737158
0.596549
0.467343
0.526054
0.566092
0.376848
0.474609
0.750661
0.512043
0.515022
0.425814
0.401235
0.626581
0.531547
0.382736
0.477298
0.657388
0.48559
0.499541
0.471644
0.655012
0.677149
0.523068
0.519629
0.475354
0.576449
0.527359
0.573967
0.564099
0.605107
0.538932
0.322661
0.475893
0.397716
0.660303
0.520371
0.298426
0.969365
0.620088
0.526628
0.419498
0.532553
0.481891
0.586658
0.619025
0.592711
0.469782
0.331565
0.699286
0.549964
0.511552
0.281982
0.475694
0.486005
0.570695
0.372586
0.526989
0.538879
0.590523
0.604191
0.411126
0.545388
0.599245
0.451145
0.732483
0.360589
0.568144
0.811517
0.551589
0.438567
0.534817
0.690366
0.585779
0.40994
0.645159
0.55926
0.470325
0.411996
0.587859
0.35618
0.733459
0.540374
0.426542
0.487377
0.463959
0.43703
0.573034
0.432639
0.490111
0.562407
0.431439
0.566431
0.553333
0.376504
0.298026
0.495072
0.639346
0.519117
0.639258
0.556228
0.386261
0.567915
0.438139
0.630291
0.678756
0.617637
0.695288
0.805676
0.445163
0.677026
0.475534
0.599197
0.22283
0.508271
0.288517
0.395202
0.429194
0.655743
0.472176
0.508297
0.66782
0.69225
0.56397
0.49961
0.475562
0.665975
0.492336
0.526217
0.456409
0.525552
0.640819
0.38782
0.317414
0.469941
0.257342
0.447981
0.419491
0.642058
0.416662
0.587583
0.478676
0.540316
0.304266
0.811624
0.487937
0.453464
0.348916
0.615206
0.56202
0.494602
0.545275
0.542963
0.508361
0.707005
0.463141
0.669046
0.473612
0.37252
0.581893
0.576927
0.289383
0.602063
0.526706
0.575719
0.787287
0.336108
0.428087
0.50612
0.509777
0.479525
0.477014
0.599587
0.496735
0.694178
0.478201
0.545345
0.487215
0.678523
0.479301
0.647616
0.690038
0.882654
0.458612
0.545155
0.339507
0.324582
0.582215
0.459186
0.462928
0.666688
0.513441
0.555115
0.343348
0.775224
0.603268
0.44484
0.717804
0.364038
0.576521
0.448301
0.33922
0.42519
0.377654
0.549403
0.572168
0.756534
0.516606
0.570568
0.620401
0.564194
0.462541
0.360787
0.425837
0.473682
0.450436
0.418622
0.511275
0.442503
0.67735
0.226074
0.483284
0.692499
0.429401
0.500268
0.527918
0.60144
0.667282
0.373256
0.334534
0.368006
0.596598
0.55658
0.753324
0.29188
0.612713
0.402574
0.692303
0.446957
0.519726
0.487189
0.508151
0.56715
0.439129
0.619337
0.555609
0.713619
0.576776
0.700562
0.492186
0.495548
0.54047
0.493598
0.580373
0.462392
0.597692
0.35021
0.565705
0.40785
0.41318
0.483295
0.547334
0.48757
0.3403
0.449941
0.412454
0.599637
0.320057
0.697033
0.42472
0.306176
0.608273
0.596461
0.413482
0.446867
0.736421
0.648697
0.461626
0.459945
0.489123
0.58973
0.59931
0.533067
0.380656
0.620675
0.553724
0.548317
0.406493
0.677699
0.429171
0.575095
0.668825
0.794606
0.514783
0.544366
0.60443
0.717256
0.357881
0.432292
0.547954
0.335533
0.720584
0.269664
0.529213
0.583206
0.444536
0.447668
0.219398
0.441354
0.385557
0.648134
0.628597
0.478523
0.382015
0.583007
0.626799
0.514091
0.623074
0.472484
0.618984
0.776055
0.46709
0.524968
0.586459
0.644241
0.455104
0.407343
0.561465
0.549589
0.450034
0.77523
0.400203
0.4983
0.578134
0.478831
0.544071
0.244834
0.629245
0.69567
0.769699
0.601631
0.590629
0.592924
0.535707
0.570025
0.449822
0.55611
0.55347
0.644762
0.487839
0.540643
0.791258
0.468027
0.626415
0.597663
0.633648
0.590403
0.396855
0.491561
0.601067
0.719254
0.470309
0.617776
0.528294
0.45491
0.441875
0.537422
0.602295
0.702327
0.590012
0.573211
0.616155
0.379139
0.429626
0.652587
0.751313
0.562179
0.578075
0.555784
0.677883
0.488055
0.318745
0.414299
0.708491
0.451198
0.691724
0.557378
0.525099
0.701265
0.509907
0.532864
0.596768
0.573151
0.508809
0.504096
0.413554
0.56515
0.537347
0.293056
0.415291
0.37441
0.580369
0.410155
0.485739
0.606139
0.485379
0.545576
0.686155
0.669324
0.595128
0.476835
0.382248
0.496755
0.462458
0.589546
0.406836
0.440211
0.420853
0.560679
0.554741
0.397419
0.608123
0.325344
0.769199
0.39882
0.606815
0.572983
0.433992
0.692592
0.355957
0.323457
0.623421
0.543556
0.630597
0.569026
0.436503
0.683759
0.485151
0.740478
0.587161
0.460554
0.569513
0.397456
0.487837
0.414168
0.751675
0.360331
0.360414
0.343285
0.673187
0.355787
0.509231
0.671188
0.64631
0.517748
0.641605
0.640205
0.492575
0.582135
0.78033
0.576178
0.297734
0.525687
0.740433
0.461352
0.636509
0.410344
0.422445
0.278039
0.514876
0.447334
0.597537
0.327924
0.704499
0.675318
0.483361
0.622545
0.381291
0.558059
0.475674
0.356787
0.498025
0.395654
0.587163
0.520413
0.506456
0.470218
0.800515
0.751768
0.522912
0.520188
0.636492
0.547081
0.662195
0.431805
0.394928
0.419995
0.718091
0.436563
0.602096
0.465746
0.387297
0.436039
0.76108
0.327179
0.600528
0.702847
0.482075
0.543782
0.577181
0.47328
0.399329
0.57365
0.409763
0.476544
0.722883
0.47574
0.452988
0.449056
0.631898
0.680997
0.536523
0.990901
0.558826
0.454753
0.477158
0.421042
0.716669
0.533394
0.659685
0.453398
0.382003
0.626006
0.833882
0.531642
0.77616
0.438993
0.487942
0.646158
0.579201
0.649346
0.647482
0.501409
0.499
0.425093
0.308708
0.34543
0.357093
0.449479
0.400755
0.593959
0.468965
0.399564
0.424472
0.530805
0.485784
0.461645
0.794934
0.400405
0.499592
0.416453
0.519887
0.416862
0.685909
0.400406
0.431976
0.545897
0.45169
0.770387
0.569049
0.651396
0.454509
0.476106
0.506637
0.637565
0.613519
0.51391
0.560317
0.466651
0.688562
0.448924
0.442533
0.458647
0.363334
0.479343
0.52633
0.686902
0.65903
0.56795
0.308597
0.504784
0.476942
0.431474
0.830223
0.422399
0.301316
0.504918
0.414756
0.37706
0.55296
0.430503
0.518666
0.646286
0.569443
0.370538
0.647727
0.460024
0.560774
0.49135
0.657289
0.447748
0.579754
0.551327
0.409827
0.613663
0.582466
0.431777
0.585022
0.615043
0.524529
0.414616
0.742069
0.773914
0.45095
0.61862
0.436426
0.543959
0.607464
0.562116
0.563899
0.300018
0.438045
0.425407
0.475939
0.558203
0.572189
0.50865
0.511027
0.431328
0.486682
0.551904
0.421681
0.550912
0.314557
0.524648
0.646165
0.599605
0.485658
0.516937
0.606506
0.392475
0.45389
0.53885
0.457042
0.689085
0.605836
0.593471
0.423662
0.709311
0.391295
0.430249
0.541802
0.563276
0.597749
0.5326
0.468665
0.526375
0.608667
0.508568
0.360867
0.659931
0.73516
0.549396
0.747882
0.430659
0.8057
0.53163
0.665059
0.555382
0.563989
0.567677
0.563358
0.609439
0.348398
0.563135
0.794947
0.589257
0.46344
0.432132
0.488553
0.298151
0.533899
0.634411
0.511582
0.449662
0.598714
0.305383
0.585058
0.469721
0.44702
0.523312
0.78763
0.358829
0.674189
0.552435
0.611569
0.592827
0.513563
0.300782
0.573938
0.568637
0.315257
0.412534
0.362532
0.322958
0.431071
0.673709
0.543535
0.388012
0.488529
0.752706
0.581123
0.480131
0.361494
0.529804
0.409271
0.357943
0.326765
0.366157
0.457874
0.308465
0.607674
0.432931
0.513703
0.448039
0.379402
0.460013
0.683467
0.510704
0.500237
0.373342
0.433776
0.487814
0.327701
0.413274
0.582366
0.524392
0.284085
0.529494
0.435354
0.61761
0.458958
0.653097
0.422794
0.600739
0.521831
0.504211
0.47154
0.567612
0.630404
0.365893
0.478217
0.576949
0.39284
0.557989
0.56965
0.480072
0.376753
0.495961
0.381772
0.485214
0.423056
0.540395
0.655234
0.485486
0.435522
0.57603
0.359597
0.621066
0.443737
0.43349
0.601792
0.632883
0.647685
0.560328
0.59577
0.474352
0.425622
0.355278
0.547786
0.640458
0.418982
0.558489
0.44179
0.575137
0.427666
0.348477
0.634196
0.300653
0.387465
0.628897
0.428779
0.699449
0.593365
0.580484
0.915426
0.523818
0.381413
0.529021
0.523312
0.443582
0.669686
0.421141
0.535709
0.498456
0.390411
0.390353
0.366797
0.452574
0.376973
0.408757
0.349191
0.618204
0.448105
0.63477
0.430296
0.505481
0.436957
0.453345
0.827597
0.417908
0.546532
0.535603
0.766608
0.538029
0.583335
0.526824
0.422135
0.302251
0.809717
0.39149
0.51747
0.671538
0.346784
0.664795
0.616688
0.426595
0.676844
0.543009
0.458857
0.698989
0.620852
0.527323
0.817481
0.652601
0.530883
0.703444
0.490454
0.534974
0.4834
0.381777
0.590061
0.642379
0.435088
0.485511
0.442207
0.551559
0.664221
0.600781
0.611914
0.7556
0.623637
0.611942
0.202273
0.616136
0.797677
0.424041
0.565121
0.616041
0.518679
0.421253
0.539112
0.537902
0.63178
0.650104
0.536359
0.578944
0.698839
0.48118
0.596216
0.600395
0.608571
0.400284
0.541862
0.392988
0.444555
0.309166
0.545863
0.759713
0.540874
0.562489
0.469125
0.370745
0.561027
0.530905
0.385875
0.672365
0.51592
0.791227
0.394709
0.647143
0.515306
0.535481
0.376608
0.723995
0.496581
0.307869
0.453382
0.594061
0.717988
0.450311
0.449644
0.592051
0.636975
0.450492
0.526347
0.635392
0.633325
0.624733
0.763447
0.469531
0.635612
0.461947
0.622078
0.523646
0.53321
0.377105
0.528908
0.532944
0.608398
0.389194
0.601727
0.437098
0.793253
0.542135
0.364442
0.49436
0.571445
0.69001
0.397047
0.589102
0.395628
0.387151
0.705657
0.52146
0.566261
0.511514
0.468117
0.563444
0.347452
0.556607
0.338729
0.449793
0.471622
0.396787
0.481002
0.454814
0.591133
0.554917
0.400814
0.556431
0.625423
0.414241
0.666969
0.708399
0.43456
0.622869
0.670582
0.386036
0.603762
0.479302
0.361411
0.638248
0.550845
0.560406
0.417614
0.61548
0.853298
0.306001
0.448501
0.343875
0.441978
0.533417
0.519011
0.465127
0.612591
0.501605
0.44406
0.625195
0.573961
0.633398
0.604734
0.606641
0.459243
0.488418
0.401417
0.430711
0.47249
0.627629
0.587491
0.521673
0.468818
0.473575
0.48165
0.519545
0.600266
0.463904
0.406986
0.504557
0.322304
0.399927
0.371904
0.662794
0.651416
0.212287
0.415813
0.536607
0.29619
0.652249
0.723308
0.562981
0.580884
0.474615
0.526249
0.512953
0.641585
0.545085
0.459669
0.503896
0.634601
0.440641
0.549181
0.51653
0.474103
0.59371
0.600268
0.61617
0.472721
0.414546
0.366576
0.470128
0.439064
0.55391
0.539393
0.469505
0.361944
0.601709
0.381728
0.482342
0.471813
0.525409
0.694148
0.414441
0.573812
0.408165
0.563678
0.665525
0.603352
0.719215
0.571697
0.637333
0.411714
0.439508
0.585048
0.65923
0.543758
0.395041
0.329588
0.366528
0.552404
0.41487
0.533802
0.891048
0.388524
0.55437
0.396195
0.524437
0.696259
0.546927
0.547897
0.493101
0.324325
0.502591
0.34528
0.507416
0.557051
0.458511
0.53196
0.593517
0.515763
0.674015
0.572431
0.440137
0.537243
0.509427
0.824719
0.41289
0.382929
0.484411
0.556256
0.600985
0.598488
0.509843
0.526497
0.634688
0.47202
0.482851
0.458463
0.63194
0.348236
0.360274
0.631537
0.411245
0.546982
0.548247
0.501182
0.485223
0.494543
0.467818
0.732513
0.663496
0.607116
0.39724
0.589653
0.710252
0.432585
0.565609
0.836964
0.473329
0.4873
0.560937
0.491639
0.399867
0.671765
0.576186
0.624282
0.430677
0.681466
0.370765
0.456541
0.677768
0.554229
0.268368
0.567238
0.419285
0.293045
0.437481
0.476453
0.350114
0.513521
0.547165
0.503535
0.439382
0.623378
0.363601
0.516577
0.799465
0.422467
0.27617
0.687515
0.695175
0.511607
0.571806
0.597848
0.56506
0.602706
0.509004
0.478515
0.866246
0.548729
0.691323
0.491873
0.850578
0.484777
0.632177
0.654019
0.550374
0.477328
0.354756
0.379001
0.528549
0.50857
0.504985
0.638303
0.460484
0.550582
0.596267
0.468732
0.764846
0.469938
0.418288
0.705
0.636312
0.465641
0.32718
0.556688
0.446688
0.507088
0.443596
0.597794
0.718706
0.566723
0.848104
0.62932
0.536213
0.533042
0.60374
0.521437
0.56733
0.452606
0.514751
0.441754
0.51414
0.413694
0.526754
0.388786
0.317057
0.460114
0.624886
0.439375
0.469455
0.444165
0.440831
0.606327
0.573512
0.403897
0.710663
0.365546
0.4256
0.642309
0.571261
0.38427
0.802263
0.502494
0.481114
0.645587
0.547071
0.561016
0.605642
0.612975
0.437525
0.503899
0.543311
0.546301
0.381529
0.507188
0.467342
0.651985
0.461868
0.555727
0.459948
0.535966
0.483234
0.428771
0.64376
0.31084
0.551886
0.446481
0.645154
0.607646
0.477086
0.306473
0.716109
0.642264
0.459593
0.611742
0.571845
0.502965
0.431071
0.69676
0.550987
0.645923
0.443172
0.497395
0.51084
0.48415
0.664742
0.538024
0.327148
0.769575
0.677267
0.485725
0.586825
0.596113
0.527883
0.544221
0.474147
0.440123
0.509986
0.40203
0.679295
0.507347
0.790561
0.524737
1.04389
0.538494
0.540846
0.412778
0.780357
0.584289
0.621066
0.578728
0.294461
0.770853
0.658224
0.81224
0.682552
0.396055
0.632591
0.596556
0.405668
0.382782
0.580822
0.551794
0.520054
0.477145
0.642872
0.577372
0.389292
0.491073
0.495088
0.580695
0.366903
0.55978
0.442119
0.301531
0.346545
0.613297
0.649252
0.828663
0.511173
0.538088
0.586449
0.690969
0.443229
0.307256
0.68367
0.607179
0.513735
0.6116
0.518662
0.406616
0.380938
0.312957
0.385368
0.504009
0.613497
0.486371
0.601318
0.61305
0.484483
0.806638
0.558909
0.514293
0.493697
0.311859
0.460966
0.248362
0.575274
0.650915
0.448885
0.748939
0.590636
0.590134
0.560582
0.364656
0.505339
0.766884
0.535271
0.348597
0.53657
0.449017
0.509072
0.571655
0.501465
0.442207
0.421526
0.574519
0.507948
0.376565
0.513262
0.403738
0.399037
0.493334
0.943197
0.234679
0.432102
0.437544
0.520707
0.473564
0.523786
0.337275
0.460893
0.602445
0.629989
0.302593
0.455379
0.439232
0.54851
0.474316
0.545813
0.724004
0.281061
0.643597
0.49656
0.532903
0.507872
0.36197
0.420053
0.495731
0.67376
0.514924
0.40546
0.34781
0.443081
0.787982
0.573671
0.509981
0.60851
0.379575
0.556832
0.493331
0.615855
0.546519
0.51118
0.320796
0.455929
0.547575
0.606386
0.681526
0.469659
0.428142
0.650032
0.558118
0.451581
0.688573
0.320059
0.70288
0.696192
0.492019
0.635081
0.815326
0.394674
0.522367
0.422187
0.52189
0.660114
0.512099
0.518259
0.689345
0.535505
0.800564
0.604322
0.610845
0.490245
0.616867
0.471689
0.46127
0.447298
0.576483
0.414045
0.696499
0.40031
0.477291
0.560676
0.781819
0.516995
0.574555
0.560681
0.638085
0.383901
0.454546
0.424116
0.63122
0.588679
0.623588
0.362004
0.73582
0.523205
0.651674
0.557395
0.692026
0.4315
0.432823
0.498815
0.501619
0.492014
0.442985
0.600413
0.624191
0.403519
0.371658
0.497491
0.584638
0.427568
0.526308
0.559236
0.488654
0.596162
0.440466
0.58663
0.895745
0.618978
0.434528
0.379391
0.53208
0.486516
0.807092
0.405747
0.389483
0.339133
0.405047
0.566662
0.780925
0.503204
0.387221
0.296159
0.319645
0.463296
0.691777
0.45803
0.561602
0.276017
0.634551
0.426655
0.562728
0.673071
0.393204
0.376372
0.518943
0.612228
0.27916
0.43294
0.611151
0.491423
0.477443
0.550691
0.449239
0.511094
0.461975
0.33721
0.537688
0.440644
0.610249
0.577413
0.51274
0.637519
0.689084
0.813198
0.419308
0.338449
0.46856
0.676863
0.463863
0.637392
0.580511
0.256025
0.44056
0.513836
0.736427
0.699929
0.399839
0.464534
0.4455
0.563682
0.529413
0.705054
0.546129
0.583738
0.512754
0.485354
0.605962
0.463625
0.383247
0.589463
0.559303
0.378195
0.453925
0.372521
0.383839
0.464425
0.587431
0.368105
0.653553
0.405667
0.40929
0.275517
0.369985
0.632085
0.513019
0.498138
0.486805
0.720919
0.557049
0.59048
0.448669
0.514329
0.510944
0.585858
0.479467
0.599919
0.485882
0.694837
0.633872
0.455099
0.552124
0.588364
0.565952
0.323193
0.393383
0.370807
0.474813
0.417485
0.460603
0.564998
0.53537
0.480371
0.48986
0.452355
0.379911
0.499814
0.723247
0.422866
0.707124
0.628476
0.431956
0.45264
0.611445
0.32917
0.869738
0.460805
0.378959
0.486358
0.471114
0.287926
0.676123
0.43654
0.313527
0.591745
0.578282
0.580131
0.600182
0.569595
0.508868
0.381513
0.568524
0.433552
0.61101
0.458987
0.544918
0.377646
0.485162
0.512812
0.395622
0.571434
0.655148
0.555884
0.537526
0.664519
0.583899
0.535764
0.444038
0.530362
0.675508
0.34614
0.597698
0.524005
0.691834
0.421709
0.765868
0.643595
0.500928
0.392932
0.604608
0.55815
0.728744
0.576493
0.511213
0.508572
0.514175
0.346653
0.562208
0.474646
0.467305
0.499846
0.802787
0.552527
0.486605
0.69266
0.724364
0.429064
0.517715
0.636577
0.522544
0.457252
0.327789
0.519226
0.275278
0.436247
0.609731
0.715968
0.311735
0.617115
0.553554
0.519147
0.607994
0.496176
0.388263
0.342175
0.528617
0.634498
0.508406
0.530484
0.463818
0.416678
0.602495
0.457497
0.526421
0.492671
0.524212
0.615368
0.462698
0.479807
0.4943
0.444955
0.359876
0.438067
0.511094
0.413452
0.264947
0.476825
0.428801
0.554809
0.508811
0.58691
0.713582
0.397595
0.502177
0.429762
0.600028
0.663784
0.394666
0.405064
0.718612
0.535454
0.691119
0.660349
0.360467
0.841891
0.369389
0.708146
0.533171
0.596272
0.419555
0.497611
0.45887
0.475527
0.431071
0.531387
0.511906
0.42639
0.40602
0.763777
0.500834
0.682384
0.57756
0.624626
0.394983
0.381064
0.53698
0.660124
0.363877
0.45883
0.785359
0.606691
0.537596
0.669491
0.481184
0.656164
0.299494
0.407224
0.536965
0.560382
0.315675
0.556092
0.658321
0.348785
0.419957
0.4618
0.482402
0.405489
0.481183
0.436586
0.685948
0.690526
0.608103
0.620841
0.603263
0.587206
0.573004
0.497098
0.691502
0.497447
0.491272
0.503065
0.654846
0.68565
0.466822
0.694186
0.470431
0.447276
0.303685
0.403362
0.486205
0.627076
0.484194
0.4385
0.479339
0.541739
0.494662
0.386944
0.651125
0.463931
0.676918
0.491815
0.708862
0.684287
0.498288
0.578739
0.342801
0.623314
0.611213
0.499756
0.471842
0.677021
0.876535
0.47079
0.609981
0.585098
0.456527
0.511569
0.44156
0.42227
0.693454
0.56262
0.602616
0.556461
0.807446
0.701864
0.611406
0.749419
0.463656
0.476512
0.692432
0.833957
0.742889
0.401688
0.345353
0.514429
0.50986
0.711782
0.473195
0.634346
0.369412
0.480118
0.772868
0.570151
0.466206
0.68263
0.566192
0.365335
0.451546
0.513567
0.530881
0.540851
0.516098
0.824918
0.697106
0.387597
0.753605
0.413254
0.277629
0.600048
0.443834
0.81686
0.350714
0.478676
0.449267
0.546336
0.389679
0.480178
0.586351
0.415989
0.423932
0.620372
0.436455
0.523077
0.497882
0.608525
0.478205
0.552911
0.563641
0.32725
0.699988
0.641296
0.608722
0.466792
0.372739
0.495989
0.670079
0.500413
0.701782
0.532756
0.457373
0.533466
0.236851
0.471707
0.449862
0.616813
0.593335
0.332784
0.375346
0.752288
0.458568
0.750551
0.446054
0.669291
0.353407
0.416557
0.486817
0.520321
0.503884
0.568895
0.596197
0.560967
0.505874
0.659323
0.601644
0.566701
0.462416
0.371638
0.394893
0.63363
0.359203
0.383121
0.399721
0.506531
0.403559
0.659547
0.537032
0.628566
0.655976
0.54753
0.645176
0.533014
0.345834
0.426165
0.683632
0.44182
0.534597
0.416019
0.397588
0.890631
0.592639
0.724867
0.386236
0.521176
0.454335
0.399386
0.335041
0.272592
0.567321
0.533038
0.535024
0.627106
0.407132
0.399417
0.611287
0.87057
0.502115
0.536065
0.519012
0.611829
0.585022
0.438697
0.650786
0.53417
0.650282
0.600461
0.543954
0.361355
0.575394
0.564575
0.360731
0.539526
0.606971
0.581201
0.401697
0.725141
0.389815
0.484566
0.270763
0.514284
0.631117
0.423197
0.635133
0.500892
0.368878
0.412475
0.594767
0.585135
0.334058
0.447566
0.480343
0.423985
0.617108
0.389543
0.605325
0.399165
0.470701
0.690646
0.681318
0.514515
0.62766
0.427791
0.564921
0.374201
0.513732
0.446299
0.469799
0.70423
0.539899
0.428785
0.777148
0.423276
0.480716
0.400967
0.455717
0.67456
0.535404
0.936405
0.359882
0.721149
0.540286
0.563886
0.490248
0.481699
0.416797
0.541026
0.415561
0.543553
0.548562
0.53089
0.469058
0.670701
0.567741
0.494097
0.561996
0.626784
0.391829
0.476672
0.565828
0.693656
0.514121
0.317602
0.345992
0.606074
0.626977
0.478143
0.741173
0.524626
0.364065
0.533486
0.474125
0.616284
0.552542
0.553006
0.588206
0.569157
0.41422
0.48793
0.391643
0.340112
0.482971
0.365176
0.439988
0.76355
0.552315
0.25717
0.687904
0.50599
0.549845
0.677001
0.490378
0.37704
0.542235
0.345856
0.406245
0.32679
0.388665
0.486098
0.365079
0.548442
0.625637
0.660595
0.363588
0.691759
0.608944
0.473178
0.816232
0.598881
0.387659
0.371316
0.544763
0.4547
0.655879
0.637447
0.488255
0.385261
0.559921
0.395444
0.66262
0.433177
0.634939
0.591617
0.454696
0.245592
0.511461
0.564257
0.746407
0.742639
0.528479
0.425043
0.323192
0.664323
0.579639
0.574801
0.432981
0.505546
0.565341
0.643525
0.366464
0.426131
0.311357
0.353915
0.722737
0.456442
0.454851
0.440889
0.675724
0.526834
0.395867
0.48376
0.677223
0.5394
0.648868
0.518339
0.40427
0.871246
0.272823
0.537377
0.496728
0.67231
0.500714
0.481817
0.6533
0.474073
0.702939
0.636337
0.401049
0.505715
0.658925
0.504878
0.30717
0.543636
0.492352
0.52658
0.592986
0.658246
0.505973
0.711425
0.465678
0.580255
0.560727
0.461685
0.636674
0.43094
0.547863
0.506637
0.701699
0.579484
0.538882
0.695318
0.707766
0.53653
0.509554
0.470397
0.549494
0.508812
0.320081
0.525086
0.167858
0.610684
0.505043
0.717346
0.471596
0.381872
0.777716
0.52953
0.608785
0.498312
0.540741
0.564068
0.409838
0.365824
0.4999
0.433669
0.372596
0.528123
0.488453
0.352257
0.549483
0.686067
0.533757
0.247
0.443513
0.58658
0.582361
0.406626
0.227142
0.390956
0.462258
0.376949
0.511225
0.746386
0.590278
0.577461
0.381963
0.629802
0.638933
0.50497
0.310556
0.651114
0.683258
0.766804
0.551241
0.547128
0.446334
0.475195
0.501669
0.714923
0.570511
0.494251
0.740071
0.43769
0.490428
0.59259
0.451627
0.599785
0.39086
0.602843
0.697033
0.517463
0.815716
0.436658
0.618353
0.51815
0.548304
0.639667
0.399326
0.611026
0.696259
0.737678
0.628622
0.515365
0.478765
0.435819
0.30206
0.572315
0.582979
0.943155
0.427582
0.546607
0.541146
0.611174
0.53319
0.535428
0.543892
0.52105
0.388714
0.52236
0.515361
0.66108
0.610333
0.849277
0.562602
0.387864
0.541227
0.496371
0.446084
0.492199
0.63811
0.724378
0.441236
0.170157
0.504243
0.485093
0.519745
0.458757
0.442175
0.577359
0.694853
0.428543
0.298811
0.592301
0.738263
0.406684
0.384343
0.518722
0.375833
0.396388
0.509853
0.564782
0.818781
0.406577
0.633074
0.59313
0.318595
0.599614
0.401504
0.742511
0.552352
0.475643
0.440054
0.468141
0.563037
0.524534
0.5699
0.508337
0.300409
0.528085
0.489413
0.372329
0.336612
0.693198
0.3193
0.745786
0.399624
0.52886
0.571346
0.443823
0.60976
0.298391
0.725531
0.640215
0.534183
0.557413
0.612565
0.392362
0.650204
0.520615
0.714735
0.506502
0.569629
0.387639
0.498011
0.570774
0.600342
0.673507
0.504406
0.69301
0.779018
0.321108
0.675989
0.796107
0.541315
0.508898
0.652479
0.76837
0.504929
0.409796
0.69204
0.275004
0.575357
0.457359
0.57288
0.560958
0.526738
0.304847
0.834824
0.494382
0.533257
0.641094
0.376139
0.564649
0.608428
0.426964
0.47446
0.479389
0.445414
0.28821
0.58786
0.652055
0.67149
0.672231
0.57044
0.529503
0.582442
0.462073
0.582807
0.73628
0.694018
0.449759
0.612152
0.446227
0.438782
0.445874
0.593479
0.509401
0.640992
0.390204
0.506072
0.63568
0.594532
0.641735
0.591694
0.477728
0.506337
0.587534
0.521212
0.486972
0.45082
0.353133
0.545863
0.582046
0.50834
0.570982
0.534617
0.624872
0.356446
0.751345
0.451515
0.658359
0.315058
0.402665
0.378172
0.593451
0.46961
0.347672
0.585109
0.891741
0.312861
0.524618
0.647831
0.683689
0.411171
0.423318
0.391318
0.399306
0.45175
0.514702
0.629211
0.283442
0.545455
0.754093
0.592382
0.53079
0.592976
0.683251
0.483889
0.596955
0.675902
0.49509
0.531861
0.505857
0.633753
0.564882
0.596923
0.358535
0.805242
0.593999
0.67933
0.643181
0.447733
0.42255
0.548703
0.476313
0.570452
0.622652
0.432667
0.433203
0.422475
0.498442
0.544287
0.582481
0.425652
0.696604
0.613036
0.307925
0.328913
0.61987
0.607926
0.635832
0.435474
0.587492
0.581157
0.593858
0.685914
0.480364
0.389634
0.556067
0.728287
0.388563
0.5531
0.732413
0.409497
0.476936
0.63498
0.479377
0.764469
0.447986
0.685453
0.599347
0.51304
0.428442
0.741921
0.537811
0.550426
0.472714
0.467383
0.53601
0.349385
0.598767
0.509798
0.298489
0.483231
0.322311
0.597088
0.560026
0.401816
0.640768
0.562691
0.554573
0.476292
0.377797
0.571245
0.53818
0.704058
0.729082
0.346841
0.534587
0.637947
0.570203
0.506518
0.370047
0.210481
0.454966
0.454872
0.42841
0.460977
0.451217
0.837356
0.35146
0.378129
0.259972
0.498345
0.49985
0.54628
0.562013
0.345645
0.501702
0.518648
0.630283
0.507622
0.672475
0.575676
0.669169
0.452974
0.712915
0.593772
0.59818
0.474005
0.328503
0.588219
0.456395
0.568341
0.812637
0.66877
0.473521
0.526464
0.54034
0.597525
0.430159
0.423068
0.5218
0.552461
0.563707
0.627876
0.42515
0.53703
0.364616
0.766003
0.687291
0.524387
0.27919
0.420089
0.454227
0.545854
0.575617
0.557799
0.634157
0.550692
0.305348
0.70355
0.570951
0.479665
0.502056
0.531645
0.626664
0.556266
0.449011
0.37206
0.366949
0.566663
0.543155
0.703625
0.46894
0.423083
0.755369
0.428774
0.346753
0.710794
0.687189
0.437125
0.53313
0.567554
0.501407
0.509839
0.432917
0.670599
0.535035
0.503176
0.571626
0.561435
0.436099
0.425202
0.455897
0.541224
0.500104
0.483636
0.528842
0.592617
0.234339
0.448063
0.438205
0.510526
0.489385
0.319713
0.644745
0.568336
0.726171
0.521105
0.580524
0.654549
0.442894
0.741587
0.363962
0.541011
0.82291
0.521427
0.706859
0.651443
0.436796
0.646645
0.671496
0.679847
0.612875
0.6103
0.391888
0.415953
0.584704
0.564042
0.459533
0.380814
0.401971
0.453174
0.517863
0.629522
0.531049
0.447381
0.415009
0.460938
0.433499
0.387393
0.4622
0.530651
0.481519
0.947745
0.535138
0.499853
0.529422
0.605495
0.513996
0.604556
0.272577
0.546037
0.639142
0.378688
0.604939
0.66102
0.472633
0.706257
0.55119
0.395463
0.44303
0.556174
0.419344
0.375425
0.741384
0.320862
0.511416
0.409855
0.361509
0.600315
0.478268
0.717224
0.48606
0.489496
0.450256
0.583874
0.41621
0.58345
0.64062
0.42132
0.722038
0.501049
0.535646
0.466669
0.731465
0.657962
0.586095
0.524072
0.540572
0.617122
0.592568
0.610548
0.51708
0.818448
0.46475
0.528143
0.577606
0.500725
0.766541
0.547849
0.254984
0.331773
0.427973
0.284603
0.594314
0.27259
0.533667
0.448617
0.366032
0.52845
0.510759
0.836603
0.442873
0.478392
0.455837
0.47602
0.373991
0.476343
0.692688
0.502094
0.497862
0.728858
0.662305
0.7342
0.623798
0.666499
0.734426
0.136783
0.616174
0.545284
0.406744
0.396104
0.710546
0.445431
0.591128
0.512242
0.723172
0.445753
0.622183
0.610376
0.482301
0.518387
0.553523
0.594656
0.529743
0.395147
0.491127
0.723731
0.723756
0.65128
0.493838
0.566338
0.389202
0.554079
0.684886
0.595185
0.209666
0.543747
0.671423
0.548355
0.530492
0.468789
0.848698
0.374653
0.513557
0.923933
0.560624
0.384665
0.731544
0.349219
0.630899
0.464435
0.614861
0.297265
0.515143
0.472163
0.294966
0.62633
0.573542
0.581302
0.562705
0.48313
0.567122
0.409354
0.661797
0.517882
0.283974
0.448963
0.394102
0.713609
0.49375
0.660033
0.352479
0.454211
0.602136
0.463715
0.475027
0.419598
0.686759
0.470023
0.50162
0.47872
0.35667
0.504761
0.361524
0.431381
0.80437
0.46848
0.442778
0.537061
0.573675
0.646184
0.448723
0.600128
0.550468
0.470083
0.640825
0.366807
0.509209
0.644505
0.462373
0.711789
0.367298
0.596759
0.526746
0.473563
0.747425
0.353795
0.629274
0.709712
0.728813
0.402605
0.598697
0.615202
0.477949
0.457699
0.46817
0.540984
0.891464
0.518876
0.543996
0.51195
0.284728
0.49153
0.562311
0.46927
0.47967
0.566734
0.474478
0.426828
0.356768
0.587727
0.528481
0.695765
0.628946
0.564502
0.667056
0.439854
0.669552
0.440148
0.421024
0.347828
0.489053
0.524714
0.448767
0.324296
0.567683
0.534723
0.590482
0.647558
0.74588
0.399301
0.315944
0.59061
0.55242
0.368561
0.405924
0.466206
0.370024
0.405513
0.606039
0.611664
0.507283
0.411275
0.35168
0.594204
0.783062
0.738184
0.560027
0.403956
0.368534
0.690197
0.42444
0.419273
0.577255
0.555837
0.978375
0.469946
0.710135
0.493369
0.545075
0.619805
0.809892
0.49253
0.551449
0.811856
0.470612
0.5814
0.59184
0.330044
0.560668
0.53989
0.696412
0.395972
0.432491
0.743859
0.520894
0.608141
0.29579
0.477182
0.42389
0.465182
0.520475
0.757648
0.53536
0.61813
0.568939
0.5184
0.723333
0.518689
0.337871
0.459178
0.518895
0.815725
0.517429
0.523979
0.505514
0.720823
0.61772
0.547009
0.414132
0.402947
0.569628
0.453897
0.573725
0.519679
0.762542
0.634905
0.566996
0.351324
0.347916
0.503423
0.56151
0.422723
0.528107
0.457246
0.554587
0.647776
0.354808
0.640934
0.564825
0.392487
0.404726
0.57128
0.375942
0.388574
0.455427
0.87059
0.576306
0.566271
0.566192
0.677574
0.547082
0.446121
0.733066
0.71039
0.622739
0.379099
0.499966
0.544691
0.620762
0.379039
0.619919
0.68486
0.656088
0.44534
0.460059
0.482832
0.518651
0.440906
0.516888
0.548595
0.423369
0.698306
0.416765
0.436173
0.562204
0.438654
0.467446
0.416564
0.441764
0.497727
0.476143
0.459041
0.409008
0.48585
0.437132
0.596428
0.686676
0.329912
0.499666
0.463058
0.609756
0.779364
0.502383
0.578595
0.633715
0.687433
0.650117
0.377672
0.680378
0.591342
0.367835
0.540968
0.34672
0.655935
0.422179
0.329783
0.562386
0.579823
0.471652
0.662576
0.37916
0.597448
0.55133
0.57317
0.637659
0.428704
0.547653
0.300629
0.457004
0.626158
0.597012
0.646461
0.399305
0.544015
0.583996
0.739718
0.535197
0.693666
0.506793
0.707988
0.386028
0.515213
0.678182
0.522208
0.331384
0.661363
0.549204
0.493232
0.442345
0.514743
0.312772
0.33378
0.552166
0.60408
0.405524
0.583873
0.689024
0.410795
0.570732
0.618873
0.404181
0.751633
0.42964
0.460925
0.560379
0.418688
0.455538
0.342022
0.584638
0.422103
0.463894
0.656208
0.409765
0.489039
0.525551
0.30144
0.321122
0.325088
0.490026
0.468306
0.56522
0.604313
0.537196
0.475905
0.584777
0.531426
0.471271
0.515176
0.650475
0.546717
0.64898
0.407718
0.499499
0.43677
0.428601
0.494876
0.62129
0.499904
0.609309
0.253942
0.471629
0.725605
0.55634
0.514645
0.61093
0.397434
0.402201
0.534018
0.490894
0.590546
0.444295
0.754355
0.192817
0.486068
0.469963
0.579573
0.489821
0.662066
0.654011
0.440598
0.424611
0.545081
0.838823
0.342724
0.41952
0.421348
0.296963
0.338894
0.34071
0.358253
0.579264
0.429007
0.610153
0.51751
0.727851
0.465795
0.632826
0.650777
0.54085
0.424997
0.373291
0.474327
0.7535
0.439464
0.498631
0.518851
0.501415
0.617004
0.351503
0.655819
0.482017
0.467448
0.820505
0.582634
0.60546
0.482089
0.655197
0.438601
0.749418
0.636742
0.676581
0.545192
0.573369
0.771813
0.587356
0.698769
0.474679
0.567504
0.70017
0.484084
0.480239
0.455198
0.645171
0.387777
0.454412
0.514078
0.557698
0.587365
0.539624
0.37511
0.391469
0.313365
0.471404
0.550253
0.687472
0.573366
0.467778
0.684552
0.446843
0.479759
0.622792
0.673667
0.265866
0.542168
0.346039
0.54987
0.402083
0.379755
0.648288
0.548602
0.579859
0.605996
0.466227
0.632249
0.48815
0.54276
0.598357
0.420603
0.490931
0.624125
0.364681
0.281714
0.51368
0.761853
0.449022
0.552054
0.312896
0.584433
0.581522
0.536088
0.560469
0.599771
0.383404
0.56655
0.444976
0.885808
0.369252
0.515603
0.510068
0.672465
0.511515
0.40841
0.456187
0.59597
0.816598
0.608209
0.696687
0.535516
0.500925
0.742424
0.35954
0.750896
0.643063
0.528051
0.375511
0.492789
0.37746
0.538701
0.59735
0.437196
0.608468
0.667489
0.61661
0.464621
0.624757
0.441622
0.465248
0.459746
0.372804
0.722152
0.463169
0.510583
0.594612
0.648795
0.531623
0.742995
0.48012
0.510367
0.544108
0.493961
0.555432
0.269428
0.598039
0.616461
0.685464
0.695413
0.676963
0.478508
0.556439
0.378958
0.459085
0.625485
0.740471
0.782835
0.288061
0.573297
0.434269
0.5101
0.452965
0.624697
0.469709
0.476459
0.54946
0.752249
0.516487
0.425213
0.725558
0.384252
0.404672
0.502521
0.356387
0.57473
0.464652
0.527655
0.770035
0.409562
0.761125
0.392643
0.461112
0.483783
0.658937
0.790609
0.444496
0.460519
0.568301
0.554151
0.586916
0.368558
0.559232
0.496673
0.64669
0.673539
0.752928
0.528639
0.475274
0.399006
0.54288
0.704518
0.693249
0.34902
0.433307
0.579311
0.50725
0.647239
0.365176
0.428437
0.59125
0.462012
0.559689
0.684224
0.580033
0.43529
0.622146
0.476648
0.497923
0.525097
0.809928
0.616048
0.621502
0.434137
0.383408
0.597568
0.357431
0.413968
0.589525
0.562818
0.639525
0.447817
0.613767
0.418758
0.663669
0.670435
0.532995
0.337114
0.532096
0.524785
0.61387
0.512589
0.414596
0.423983
0.681868
0.660122
0.421956
0.360719
0.425683
0.474152
0.675766
0.405595
0.675687
0.431813
0.433279
0.529271
0.684384
0.434742
0.465503
0.47733
0.531231
0.513535
0.458835
0.526999
0.674193
0.494136
0.509941
0.36957
1.00223
0.327474
0.345658
0.457654
0.374927
0.533571
0.532081
0.577217
0.891404
0.406603
0.627316
0.645656
0.55706
0.605725
0.676473
0.597284
0.483517
0.513357
0.580346
0.694976
0.622901
0.612651
0.773529
0.438439
0.493821
0.52544
0.561054
0.37884
0.428186
0.452734
0.396263
0.395026
0.296151
0.703859
0.474511
0.583652
0.829389
0.63851
0.6657
0.707233
0.592793
0.406539
0.373221
0.62391
0.561407
0.684362
0.601801
0.381777
0.640606
0.562581
0.546711
0.466196
0.572635
0.291832
0.626145
0.476062
0.674341
0.372114
0.416492
0.440658
0.536927
0.684222
0.643191
0.415432
0.548461
0.689371
0.724042
0.525739
0.748791
0.496583
0.48882
0.561051
0.612605
0.371694
0.624009
0.491999
0.513678
0.547546
0.634153
0.500863
0.507687
0.381063
0.552062
0.734464
0.469664
0.31553
0.44811
0.565587
0.547942
0.597436
0.331749
0.547031
0.47394
0.378972
0.502133
0.517592
0.446065
0.483421
0.525422
0.511894
0.682441
0.643987
0.501083
0.568528
0.558626
0.303518
0.600237
0.527459
0.760154
0.38614
0.570255
0.680854
0.626163
0.719507
0.589433
0.554533
0.487067
0.49802
0.391697
0.51398
0.422437
0.504008
0.493724
0.298652
0.793935
0.766731
0.422174
0.56426
0.513202
0.359097
0.491485
0.482212
0.491513
0.373342
0.396439
0.679641
0.384375
0.715839
0.464441
0.492322
0.590788
0.799394
0.448838
0.52286
0.329887
0.703749
0.541868
0.727111
0.823484
0.427629
0.387614
0.592115
0.50846
0.668428
0.515209
0.603329
0.388534
0.505849
0.512524
0.447675
0.433106
0.70885
0.669289
0.399921
0.358944
0.714426
0.487525
0.538997
0.491764
0.619112
0.417342
0.289282
0.753471
0.579114
0.426361
0.591272
0.647034
0.30576
0.698601
0.694578
0.342426
0.729768
0.42961
0.444002
0.443257
0.723199
0.554638
0.538235
0.463685
0.510264
0.468984
0.541737
0.53053
0.406995
0.621552
0.352919
0.399614
0.541038
0.616405
0.470549
0.478938
0.618639
0.292355
0.447371
0.536842
0.461998
0.545231
0.359821
0.514563
0.448341
0.746125
0.550072
0.539008
0.384315
0.60022
0.389592
0.539724
0.256388
0.642287
0.639922
0.483854
0.519012
0.312075
0.686375
0.409629
0.610261
0.650555
0.422038
0.625342
0.353487
0.420111
0.421169
0.523374
0.623087
0.56167
0.357115
0.579215
0.752023
0.622131
0.5642
0.447336
0.549747
0.569751
0.633617
0.499756
0.382946
0.715809
0.381651
0.483268
0.573341
0.49471
0.571414
0.627251
0.571172
0.609955
0.433379
0.482687
0.508009
0.463442
0.524892
0.357674
0.737684
0.765975
0.38784
0.583794
0.530115
0.470876
0.341613
0.433309
0.642463
0.518301
0.638095
0.503654
0.575069
0.597864
0.413544
0.44619
0.438417
0.365458
0.692124
0.501188
0.454519
0.648431
0.720173
0.404316
0.626217
0.610739
0.73015
0.506691
0.754415
0.45996
0.488586
0.424708
0.508205
0.371575
0.523673
0.475473
0.46698
0.502638
0.507644
0.637641
0.50079
0.497622
0.590188
0.51414
0.614305
0.507892
0.286421
0.601986
0.550639
0.437595
0.352323
0.608486
0.67752
0.511841
0.762939
0.540465
0.445149
0.633717
0.37737
0.413529
0.515942
0.529289
0.522491
0.691863
0.456473
0.366926
0.623933
0.39701
0.353949
0.3363
0.3517
0.852468
0.506047
0.577148
0.343344
0.437426
0.402747
0.550128
0.568122
0.608091
0.588488
0.544094
0.449716
0.507751
0.536151
0.47352
0.487768
0.472993
0.572003
0.554977
0.636125
0.499859
0.518164
0.64629
0.459868
0.460935
0.43902
0.668229
0.524254
0.444801
0.340292
0.459781
0.517774
0.50136
0.691903
0.565832
0.602863
0.27202
0.369649
0.378004
0.446288
0.509623
0.683888
0.390971
0.775407
0.66801
0.562344
0.328518
0.558197
0.590946
0.696146
0.443798
0.447294
0.549413
0.634596
0.610142
0.566861
0.416966
0.555191
0.499147
0.565534
0.547974
0.68481
0.630445
0.518806
0.504992
0.684026
0.349063
0.592839
0.550331
0.470337
0.503094
0.470089
0.617044
0.374698
0.28755
0.716165
0.599474
0.549738
0.460095
0.319856
0.470017
0.496993
0.685523
0.610913
0.848094
0.470939
0.540628
0.497044
0.404663
0.715995
0.450242
0.464983
0.561536
0.566824
0.326225
0.405374
0.504914
0.498576
0.48919
0.662767
0.47773
0.70383
0.537614
0.472337
0.50436
0.517823
0.835009
0.409674
0.716678
0.580277
0.473107
0.623502
0.472721
0.675654
0.511541
0.563522
0.697322
0.458366
0.505132
0.493244
0.51877
0.695897
0.447447
0.530711
0.734438
0.594894
0.724474
0.421212
0.553689
0.507241
0.667329
0.659417
0.3972
0.452366
0.583278
0.610617
0.492477
0.466309
0.751781
0.594501
0.461251
0.495811
0.822922
0.514125
0.735778
0.563777
0.522086
0.538425
0.476386
0.615774
0.806062
0.467712
0.243101
0.392418
0.449868
0.631421
0.684979
0.63061
0.681363
0.365167
0.589774
0.528136
0.437225
0.798567
0.486798
0.492027
0.528574
0.646937
0.575193
0.327205
0.728855
0.433101
0.529572
0.42406
0.581442
0.578246
0.658086
0.40389
0.570162
0.650451
0.427521
0.439754
0.557745
0.450832
0.425551
0.538765
0.60307
0.81
0.566679
0.366857
0.42416
0.662075
0.26509
0.613404
0.317311
0.529459
0.437308
0.62104
0.473165
0.49593
0.441929
0.437472
0.645364
0.589908
0.373839
0.480954
0.592083
0.61028
0.509488
0.347222
0.446883
0.743541
0.53058
0.585473
0.530868
0.649983
0.398081
0.511623
0.597487
0.547037
0.473387
0.514039
0.346123
0.417657
0.437319
0.58937
0.654307
0.599745
0.514048
0.529216
0.409782
0.431449
0.422908
0.630035
0.418275
0.565221
0.416834
0.525722
0.463932
0.425802
0.59111
0.54397
0.570292
0.452612
0.617502
0.555209
0.683325
0.475369
0.824213
0.497173
0.569955
0.582196
0.589449
0.600205
0.442823
0.375826
0.506543
0.489692
0.520604
0.507334
0.599947
0.457211
0.550298
0.398994
0.654381
0.648799
0.506469
0.447822
0.592065
0.517966
0.72941
0.431672
0.707738
0.715709
0.510025
0.46911
0.483101
0.66896
0.435988
0.597264
0.771968
0.523754
0.424833
0.288521
0.462621
0.440645
0.530636
0.593241
0.741389
0.490417
0.362078
0.252434
0.512475
0.765344
0.465411
0.690269
0.426005
0.599028
0.556648
0.624987
0.614901
0.473653
0.559586
0.592101
0.564337
0.536564
0.647147
0.455937
0.743728
0.791404
0.446746
0.570824
0.732593
0.548007
0.55824
0.516403
0.415455
0.35509
0.469263
0.717887
0.56071
0.549745
0.566873
0.691992
0.484921
0.532077
0.41352
0.692546
0.434326
0.530848
0.742012
