25.3418
2.36388
2.40818
2.46537
2.51382
2.52873
2.58739
2.62583
2.64752
2.73943
2.7563
2.79859
2.86291
2.90193
2.89688
2.95698
2.99137
3.00903
3.07262
3.11288
3.13084
3.15456
3.18652
3.21948
3.25798
3.29672
3.32757
3.35108
3.39092
3.39728
3.42007
3.45387
3.45797
3.47222
3.4946
3.48431
3.49133
3.55272
3.55862
3.57164
3.60899
3.64194
3.66214
3.691
3.70129
3.71605
3.76315
3.76619
3.79025
3.78406
3.79842
3.83413
3.88211
3.88357
3.92163
3.89542
3.91495
3.91888
3.92992
3.95037
3.90395
3.97842
4.04452
3.97657
3.9896
4.02123
4.05617
4.02557
4.02549
4.05459
4.10878
4.05934
4.09331
4.11656
4.12268
4.11057
4.15153
4.15638
4.15762
4.16148
4.16714
4.19079
4.18442
4.23417
4.21442
4.2121
4.24613
4.21886
4.24922
4.23733
4.27662
4.27738
4.27592
4.31731
4.35207
4.32837
4.30598
4.341
4.31684
4.33299
4.3254
4.35945
4.34813
4.3283
4.38634
4.36719
4.34072
4.36468
4.37104
4.37549
4.40479
4.37056
4.38411
4.41639
4.37621
4.3762
4.40989
4.37987
4.38305
4.39923
4.42396
4.41268
4.41442
4.38181
4.45953
4.43165
4.45356
4.44912
4.45278
4.47554
4.45423
4.47104
4.45653
4.46497
4.47114
4.46951
4.46995
4.48133
4.53752
4.46299
4.48051
4.5306
4.49813
4.47683
4.51084
4.51702
4.48733
4.49621
4.49884
4.49474
4.51406
4.49122
4.51345
4.53413
4.50532
4.52097
4.50568
4.52124
4.51103
4.52599
4.49354
4.51618
4.51457
4.53655
4.48277
4.52858
4.49481
4.51732
4.52813
4.5227
4.52037
4.52983
4.50425
4.5492
4.55248
4.58245
4.53974
4.53177
4.55215
4.56202
4.53058
4.54701
4.52459
4.551
4.54871
4.58043
4.53397
4.53761
4.55317
4.54964
4.56626
4.54849
4.57002
4.535
4.55432
4.56241
4.55227
4.51023
4.52056
4.58307
4.52279
4.55247
4.56598
4.58191
4.57775
4.59691
4.55951
4.56163
4.54891
4.5828
4.61109
4.56232
4.59233
4.56171
4.59162
4.60636
4.58721
4.57148
4.61844
4.55231
4.56767
4.59478
4.59848
4.59488
4.59848
4.59406
4.58938
4.59069
4.58695
4.56393
4.56662
4.5672
4.57408
4.60809
4.57874
4.5865
4.58914
4.5967
4.58936
4.58779
4.58108
4.60906
4.59242
4.60957
4.59297
4.60076
4.57507
4.60099
4.59875
4.57345
4.64019
4.5818
4.64029
4.61496
4.60447
4.60622
4.61156
4.62902
4.60476
4.59806
4.59252
4.57564
4.59814
4.60135
4.62861
4.62815
4.58625
4.62124
4.63615
4.60809
4.60924
4.60403
4.62936
4.57303
4.5863
4.57719
4.60109
4.59545
4.61163
4.60816
4.60619
4.61916
4.63278
4.63276
4.59992
4.59247
4.61476
4.61452
4.58172
4.62191
4.59128
4.59933
4.61019
4.60238
4.58321
4.60779
4.58722
4.61773
4.57638
4.6017
4.5898
4.60985
4.57797
4.56504
4.59228
4.60145
4.60895
4.6165
4.61965
4.60091
4.60186
4.60673
4.6157
4.6184
4.60072
4.62939
4.60173
4.61867
4.59717
4.59563
4.62431
4.59661
4.58802
4.63111
4.60226
4.59037
4.59045
4.60385
4.57039
4.59853
4.62577
4.59869
4.5864
4.59994
4.60777
4.60351
4.5974
4.61128
4.62997
4.61021
4.61513
4.61089
4.6308
4.59498
4.5778
4.57308
4.59215
4.61644
4.6217
4.58092
4.60832
4.60234
4.60798
4.60168
4.60511
4.58947
4.62335
4.60543
4.62108
4.6033
4.58067
4.6009
4.61493
4.61462
4.59143
4.59915
4.62306
4.59835
4.59318
4.61841
4.59637
4.6101
4.59302
4.6444
4.59075
4.59687
4.59024
4.60706
4.58698
4.66074
4.62407
4.61765
4.60689
4.59004
4.59806
4.65312
4.59637
4.57031
4.63639
4.60821
4.60547
4.60868
4.60602
4.59779
4.56443
4.61864
4.60219
4.59771
4.5874
4.5712
4.58614
4.61029
4.58188
4.57345
4.5988
4.63537
4.57632
4.61457
4.59262
4.65248
4.58637
4.61352
4.57007
4.59489
4.60627
4.60949
4.60791
4.61045
4.57597
4.61846
4.63109
4.61287
4.58907
4.61276
4.63842
4.5939
4.57362
4.64164
4.60695
4.61568
4.57535
4.61133
4.64724
4.57289
4.60076
4.62249
4.62177
4.61312
4.63607
4.60172
4.5959
4.62419
4.60566
4.62807
4.60728
4.62482
4.59732
4.59524
4.60719
4.60633
4.57359
4.57794
4.6096
4.59802
4.58461
4.57978
4.58964
4.59844
4.5898
4.58558
4.58756
4.61329
4.61129
4.64665
4.57254
4.58295
4.61825
4.58654
4.6008
4.61726
4.60674
4.59898
4.58178
4.60761
4.60933
4.63643
4.60684
4.6231
4.58678
4.61153
4.59344
4.61081
4.58294
4.60428
4.57654
4.60127
4.61389
4.61979
4.59687
4.62959
4.59808
4.57842
4.60961
4.60381
4.59119
4.57099
4.62562
4.61687
4.5818
4.58527
4.62138
4.57309
4.61069
4.60843
4.59881
4.58053
4.59987
4.6078
4.60103
4.62871
4.62752
4.60395
4.60244
4.63573
4.59711
4.60507
4.62351
4.62294
4.59823
4.57915
4.58748
4.60559
4.59994
4.5834
4.60686
4.60055
4.61903
4.58492
4.62588
4.58491
4.59922
4.61725
4.60111
4.6133
4.60699
4.631
4.65449
4.59909
4.62201
4.62051
4.60937
4.61787
4.5905
4.61878
4.58852
4.62634
4.58805
4.60596
4.62556
4.63426
4.61677
4.64023
4.5899
4.5761
4.59412
4.60754
4.60928
4.57158
4.58482
4.6193
4.61199
4.58129
4.58854
4.58298
4.60946
4.63043
4.60636
4.59445
4.59602
4.59394
4.62327
4.63407
4.61392
4.60831
4.61128
4.5933
4.57342
4.62563
4.60335
4.59078
4.59522
4.61357
4.58167
4.61816
4.58833
4.59535
4.62695
4.61762
4.60342
4.61967
4.61678
4.60047
4.60248
4.61664
4.63124
4.60423
4.61185
4.59809
4.60239
4.59072
4.59183
4.60156
4.59005
4.61458
4.58039
4.62118
4.62942
4.57462
4.60837
4.60219
4.59532
4.62025
4.6032
4.58472
4.60386
4.60792
4.60223
4.59534
4.59939
4.61963
4.57097
4.56288
4.61307
4.61814
4.60245
4.5836
4.61282
4.62143
4.61415
4.59753
4.59731
4.60411
4.60006
4.59825
4.63479
4.60092
4.59839
4.62753
4.60206
4.56673
4.621
4.62026
4.58619
4.59602
4.61607
4.60728
4.61321
4.60818
4.59083
4.62329
4.61555
4.60854
4.60966
4.63705
4.57595
4.60703
4.63323
4.5827
4.62426
4.60046
4.59444
4.58338
4.59391
4.61079
4.60509
4.59929
4.59432
4.59122
4.61537
4.62407
4.616
4.60735
4.61934
4.58396
4.6158
4.60167
4.59389
4.61376
4.60488
4.58293
4.60938
4.5809
4.60319
4.63083
4.62849
4.61729
4.59006
4.61042
4.65165
4.59584
4.57841
4.58694
4.5884
4.59861
4.61951
4.60576
4.56923
4.59716
4.59614
4.59388
4.6204
4.61387
4.59952
4.61315
4.59479
4.5841
4.63646
4.62226
4.5928
4.63376
4.61339
4.58323
4.62762
4.58357
4.61293
4.60524
4.58997
4.60081
4.58002
4.58764
4.57965
4.58535
4.59437
4.59719
4.58618
4.59826
4.59668
4.62664
4.63773
4.61818
4.62215
4.62736
4.61834
4.58402
4.58799
4.60912
4.61321
4.60596
4.58214
4.58634
4.59032
4.60503
4.60587
4.59638
4.59565
4.59041
4.63886
4.59698
4.5615
4.60819
4.59213
4.60092
4.6148
4.61994
4.61418
4.61234
4.58176
4.59821
4.61692
4.61381
4.63578
4.59313
4.6012
4.61297
4.60655
4.61538
4.63349
4.5916
4.60519
4.61675
4.6178
4.59212
4.57183
4.61154
4.60117
4.61448
4.58326
4.5989
4.56578
4.60165
4.60811
4.60614
4.59072
4.59048
4.59912
4.56869
4.58889
4.58826
4.58005
4.59537
4.58049
4.57767
4.60524
4.58753
4.62053
4.60819
4.64475
4.57743
4.62032
4.63525
4.60237
4.59408
4.56291
4.59753
4.59206
4.60804
4.59796
4.58722
4.57389
4.57708
4.59392
4.64199
4.58576
4.61011
4.61486
4.61981
4.60505
4.62202
4.61934
4.58378
4.64957
4.61063
4.59741
4.61785
4.60357
4.59284
4.59181
4.59263
4.60238
4.59099
4.62056
4.5976
4.614
4.62475
4.61434
4.58622
4.61291
4.57075
4.62693
4.62297
4.63174
4.58561
4.60413
4.60414
4.60078
4.61639
4.55672
4.59998
4.59361
4.5907
4.6164
4.60499
4.61634
4.63121
4.59656
4.60766
4.5932
4.58456
4.60914
4.60891
4.60458
4.60504
4.58197
4.60182
4.6086
4.5848
4.61367
4.62407
4.59987
4.61365
4.61304
4.64109
4.58573
4.60201
4.59399
4.60212
4.59573
4.62544
4.60206
4.58283
4.58855
4.62328
4.60161
4.60037
4.57425
4.62062
4.64382
4.59496
4.59366
4.62939
4.60857
4.64516
4.5972
4.60271
4.5663
4.58972
4.60035
4.58412
4.60143
4.59133
4.5916
4.59189
4.56885
4.61218
4.60958
4.58057
4.62844
4.60693
4.62359
4.59881
4.60017
4.58712
4.58003
4.58915
4.59091
4.62006
4.60243
4.58708
4.62007
4.60818
4.5797
4.61855
4.6143
4.6186
4.59533
4.59743
4.61073
4.61847
4.60515
4.62915
4.60024
4.56652
4.5988
4.59647
4.61298
4.622
4.58485
4.59627
4.59674
4.60606
4.58558
4.5988
4.59412
4.59525
4.59331
4.58967
4.60872
4.58341
4.61245
4.57631
4.59494
4.58847
4.59519
4.62798
4.59547
4.59651
4.6376
4.62212
4.5868
4.60491
4.61278
4.57088
4.60287
4.60442
4.60703
4.62584
4.59821
4.60695
4.63255
4.63578
4.6189
4.59034
4.60531
4.59722
4.61103
4.58564
4.61338
4.58692
4.58479
4.61556
4.59257
4.58208
4.62678
4.60056
4.56253
4.59662
4.59944
4.58347
4.58076
4.61237
4.60809
4.58756
4.61554
4.58729
4.61314
4.58504
4.62169
4.59785
4.57212
4.60102
4.62128
4.60634
4.6066
4.59807
4.61397
4.5985
4.60419
4.58765
4.6029
4.60025
4.58488
4.60402
4.5908
4.61562
4.60489
4.58086
4.58131
4.58462
4.60193
4.61006
4.57553
4.59086
4.60465
4.5862
4.5614
4.60014
4.60958
4.58005
4.61093
4.57827
4.62215
4.59187
4.61591
4.61565
4.59432
4.63451
4.61869
4.60575
4.61149
4.60178
4.62471
4.61553
4.57181
4.61846
4.60436
4.62347
4.60239
4.61946
4.59226
4.60185
4.59334
4.56696
4.6093
4.60284
4.6023
4.60185
4.63675
4.58015
4.61013
4.5915
4.59096
4.5819
4.62536
4.62936
4.61619
4.58129
4.58174
4.61179
4.62343
4.62155
4.58996
4.59304
4.64062
4.60191
4.61414
4.59626
4.61076
4.60402
4.611
4.60765
4.64504
4.60172
4.59395
4.6269
4.59903
4.57821
4.62727
4.60342
4.60643
4.58894
4.63656
4.61568
4.59788
4.6017
4.59847
4.59944
4.59698
4.59838
4.59183
4.59512
4.59808
4.6143
4.62016
4.62836
4.60998
4.61312
4.59485
4.60107
4.61079
4.59405
4.59143
4.59266
4.60076
4.60229
4.65262
4.58154
4.60065
4.57388
4.61101
4.59948
4.63045
4.61037
4.58226
4.60226
4.59884
4.59011
4.6092
4.58236
4.60791
4.58628
4.59039
4.63731
4.63093
4.61936
4.59382
4.58706
4.61215
4.6009
4.58163
4.57366
4.60163
4.60305
4.61176
4.59774
4.61185
4.56111
4.61405
4.63929
4.58584
4.582
4.60789
4.61028
4.62335
4.59575
4.64428
4.60419
4.58153
4.6147
4.61278
4.62071
4.61796
4.61321
4.60066
4.60014
4.61048
4.63143
4.62313
4.60167
4.61111
4.58044
4.57731
4.60265
4.6057
4.60254
4.57851
4.59054
4.64807
4.58246
4.59523
4.59457
4.60691
4.60047
4.62692
4.59582
4.61526
4.59769
4.58404
4.61794
4.6057
4.61601
4.6024
4.59418
4.5782
4.60843
4.60624
4.57246
4.59948
4.6073
4.59617
4.62046
4.64998
4.60937
4.63002
4.5613
4.58694
4.61489
4.59918
4.60933
4.60364
4.61451
4.56986
4.61043
4.62786
4.60853
4.59739
4.59604
4.59502
4.57222
4.60939
4.61251
4.63071
4.64768
4.60365
4.60576
4.61018
4.63618
4.5927
4.62719
4.58292
4.64982
4.62701
4.61522
4.56675
4.63129
4.61764
4.63098
4.58016
4.60392
4.59702
4.6205
4.61432
4.60082
4.60481
4.60473
4.61233
4.59775
4.60375
4.60665
4.62012
4.58289
4.60713
4.60257
4.62738
4.58898
4.59872
4.5909
4.59982
4.59432
4.57327
4.60526
4.61158
4.62222
4.58261
4.61331
4.62584
4.62584
4.60724
4.65713
4.61086
4.59333
4.59806
4.5749
4.62933
4.57347
4.61189
4.59778
4.58969
4.565
4.56791
4.62888
4.58888
4.60598
4.59411
4.58251
4.5741
4.62796
4.60489
4.62255
4.58543
4.62364
4.58625
4.57037
4.57694
4.60763
4.57936
4.59234
4.61543
4.61198
4.58335
4.60246
4.5843
4.58197
4.60411
4.61054
4.58343
4.59319
4.5925
4.58357
4.57714
4.58551
4.61628
4.57308
4.60555
4.60251
4.62604
4.59716
4.5969
4.64339
4.60674
4.58946
4.59292
4.61247
4.61632
4.60107
4.60532
4.60795
4.62177
4.61559
4.58714
4.60078
4.60263
4.62195
4.67722
4.61898
4.59145
4.60634
4.64157
4.61358
4.60561
4.63066
4.60249
4.62186
4.59966
4.59869
4.61573
4.57115
4.58638
4.5857
4.60797
4.60573
4.60072
4.58972
4.62812
4.59817
4.59734
4.61041
4.59529
4.62198
4.6102
4.59696
4.59336
4.59733
4.58468
4.58441
4.62069
4.63515
4.6016
4.56337
4.61242
4.59121
4.59115
4.58051
4.58822
4.65861
4.58685
4.57777
4.60102
4.57477
4.59747
4.60635
4.57977
4.6028
4.59864
4.57357
4.61864
4.62852
4.60408
4.6068
4.61437
4.57377
4.61173
4.56203
4.64978
4.6081
4.6029
4.62029
4.60009
4.57413
4.61071
4.59174
4.60665
4.60525
4.57959
4.59646
4.60277
4.57492
4.58247
4.61599
4.58202
4.6413
4.61487
4.60986
4.62792
4.59245
4.60459
4.60555
4.61018
4.58624
4.58136
4.58265
4.65035
4.6001
4.61352
4.62538
4.61208
4.60931
4.60918
4.58015
4.6086
4.60861
4.59699
4.58751
4.57091
4.57838
4.62005
4.60017
4.58666
4.58694
4.61048
4.6081
4.60945
4.59876
4.58431
4.61019
4.63915
4.58686
4.60012
4.63579
4.59677
4.58133
4.5797
4.61274
4.59959
4.61139
4.64684
4.61406
4.57562
4.58767
4.59178
4.56758
4.57405
4.58905
4.58712
4.57722
4.58243
4.60013
4.60236
4.56763
4.59832
4.64588
4.60753
4.6046
4.6057
4.61259
4.62788
4.60564
4.57184
4.60627
4.60079
4.6308
4.63432
4.60802
4.5948
4.58813
4.59278
4.62109
4.61189
4.60335
4.57157
4.63181
4.62055
4.60052
4.5743
4.5819
4.59214
4.64497
4.61641
4.60434
4.60449
4.61221
4.60876
4.60474
4.59283
4.63287
4.65199
4.60163
4.57233
4.5872
4.58033
4.58963
4.61598
4.58374
4.61825
4.61058
4.60274
4.59544
4.59689
4.58556
4.63756
4.59208
4.63058
4.61982
4.58213
4.57277
4.58785
4.61309
4.60915
4.58979
4.59327
4.60979
4.57554
4.59744
4.6093
4.59145
4.62125
4.6116
4.59414
4.59532
4.57827
4.58812
4.61077
4.61894
4.64217
4.63445
4.62026
4.60855
4.58391
4.57938
4.61487
4.59734
4.57248
4.61523
4.57644
4.65607
4.57599
4.60479
4.60102
4.57605
4.60063
4.58153
4.58231
4.58807
4.58527
4.57385
4.6228
4.60571
4.59828
4.59835
4.63796
4.62749
4.57204
4.59768
4.62118
4.58845
4.59085
4.61737
4.65063
4.60731
4.60833
4.62228
4.58194
4.59913
4.61134
4.59021
4.64318
4.63309
4.59342
4.59817
4.57607
4.63547
4.61609
4.60202
4.60776
4.5732
4.6247
4.60373
4.60283
4.61258
4.6352
4.61982
4.59523
4.61779
4.6295
4.60437
4.59881
4.58637
4.58506
4.57106
4.59801
4.61274
4.58308
4.59669
4.61171
4.62267
4.60514
4.60067
4.59378
4.5969
4.59778
4.59634
4.59404
4.57558
4.60266
4.62306
4.61599
4.60792
4.56737
4.59925
4.61373
4.62261
4.59994
4.59084
4.60577
4.57555
4.57737
4.60431
4.60415
4.60213
4.58747
4.58336
4.59983
4.60229
4.57217
4.59917
4.57424
4.60445
4.60503
4.59231
4.57437
4.58871
4.62485
4.62213
4.61251
4.60214
4.59371
4.58559
4.60272
4.59291
4.61732
4.59346
4.61292
4.60967
4.60147
4.59873
4.5908
4.57774
4.60834
4.61274
4.59551
4.62313
4.63783
4.58705
4.60042
4.58368
4.59363
4.62948
4.60891
4.6073
4.60057
4.5835
4.60801
4.58389
4.58212
4.5932
4.5992
4.57847
4.61772
4.58188
4.63066
4.58987
4.57874
4.60888
4.60244
4.61435
4.58592
4.58394
4.57611
4.63096
4.59091
4.61654
4.59394
4.62533
4.58999
4.59792
4.57062
4.60682
4.61657
4.59995
4.64659
4.59733
4.61263
4.58657
4.59124
4.57072
4.61889
4.63715
4.59633
4.60785
4.60925
4.60453
4.59574
4.59477
4.66659
4.59701
4.5819
4.60816
4.61294
4.5758
4.60329
4.58993
4.59321
4.60705
4.64039
4.59943
4.62048
4.61711
4.59192
4.59225
4.60071
4.59237
4.58413
4.65609
4.62549
4.61838
4.59761
4.5899
4.59721
4.59646
4.59284
4.59932
4.61479
4.61478
4.60579
4.59482
4.58362
4.63979
4.60128
4.63808
4.59877
4.59804
4.59777
4.58354
4.61067
4.60758
4.5818
4.57506
4.58303
4.58761
4.59852
4.59583
4.61469
4.60229
4.57416
4.57265
4.58844
4.60185
4.63191
4.61567
4.6067
4.59903
4.58527
4.5869
4.61375
4.58063
4.5958
4.62276
4.60455
4.59707
4.59196
4.61408
4.6128
4.61431
4.59908
4.59478
4.59415
4.57355
4.63144
4.57992
4.59558
4.59309
4.60261
4.60653
4.57373
4.59403
4.59749
4.58475
4.60201
4.58712
4.64361
4.58725
4.6118
4.59761
4.58895
4.60694
4.57834
4.62842
4.61999
4.58519
4.59943
4.60694
4.61495
4.59876
4.60394
4.60953
4.58359
4.61841
4.59098
4.64703
4.60411
4.60477
4.57306
4.57962
4.60981
4.611
4.62324
4.57086
4.6116
4.60031
4.60662
4.58582
4.58681
4.59982
4.6115
4.60522
4.59313
4.59752
4.62436
4.58814
4.62228
4.60627
4.61283
4.59797
4.57805
4.60286
4.61364
4.58815
4.62016
4.63249
4.58015
4.6084
4.58378
4.60598
4.58881
4.6018
4.61022
4.61215
4.58213
4.60374
4.60157
4.58891
4.59875
4.59
4.59588
4.58155
4.58636
4.59693
4.61163
4.61774
4.6007
4.59044
4.59555
4.56601
4.59482
4.59358
4.60662
4.57174
4.59323
4.60814
4.58965
4.61088
4.5908
4.59412
4.59023
4.60676
4.6159
4.59069
4.62645
4.60062
4.58825
4.60682
4.60998
4.61301
4.61167
4.61568
4.61321
4.61919
4.63425
4.59755
4.62327
4.60372
4.58426
4.59723
4.60404
4.57864
4.60525
4.63716
4.58227
4.60436
4.58116
4.5806
4.60284
4.6316
4.59427
4.59165
4.59483
4.64524
4.58746
4.58359
4.60488
4.58321
4.6018
4.63332
4.60006
4.60814
4.58644
4.61336
4.61577
4.61982
4.61912
4.65086
4.60472
4.59594
4.57056
4.59891
4.58824
4.58399
4.60102
4.62666
4.62002
4.60454
4.59856
4.58783
4.5975
4.59039
4.62485
4.56275
4.60798
4.60506
4.6237
4.59299
4.58647
4.62159
4.59905
4.58701
4.6018
4.57752
4.58654
4.62823
4.59774
4.61825
4.59291
4.61047
4.6182
4.58681
4.58311
4.59578
4.59257
4.60655
4.61976
4.59181
4.60089
4.6033
4.5986
4.6084
4.62774
4.60209
4.63099
4.59453
4.57497
4.61855
4.59636
4.60325
4.63815
4.59183
4.59009
4.61156
4.62778
4.64026
4.62222
4.62042
4.60818
4.58943
4.63023
4.58247
4.60695
4.58013
4.61877
4.59045
4.58657
4.60734
4.57055
4.61014
4.59322
4.59785
4.60287
4.62273
4.59753
4.5799
4.59374
4.60127
4.59791
4.58308
4.60721
4.59824
4.57965
4.58975
4.59925
4.60037
4.58768
4.61027
4.61033
4.56457
4.60219
4.59989
4.60987
4.57201
4.61382
4.58169
4.59874
4.61793
4.62205
4.60187
4.58311
4.60345
4.63405
4.58615
4.59787
4.64006
4.59456
4.64657
4.57853
4.60747
4.60702
4.60791
4.63738
4.62129
4.61668
4.62418
4.59822
4.56528
4.61882
4.60597
4.60274
4.61378
4.59633
4.6147
4.62203
4.60035
4.58643
4.59675
4.62694
4.63931
4.57596
4.56922
4.58235
4.62847
4.6046
4.59492
4.63418
4.61282
4.59972
4.63265
4.59281
4.60347
4.61906
4.58422
4.62877
4.63321
4.6124
4.5958
4.56952
4.61665
4.5943
4.60339
4.59052
4.57709
4.56884
4.63993
4.60361
4.60264
4.60156
4.59035
4.58474
4.63182
4.60154
4.57657
4.59605
4.61899
4.62437
4.58924
4.58211
4.57965
4.63211
4.5599
4.63097
4.59886
4.60527
4.58899
4.57392
4.59546
4.62196
4.61756
4.58827
4.61439
4.6187
4.58513
4.58531
4.60835
4.62118
4.59956
4.59929
4.63222
4.59437
4.62757
4.61534
4.58675
4.60486
4.55366
4.57786
4.59079
4.59326
4.58667
4.5915
4.58819
4.63105
4.59105
4.6165
4.62196
4.62246
4.5861
4.63405
4.57053
4.60132
4.59164
4.61651
4.59458
4.5784
4.58028
4.61082
4.59933
4.61793
4.58047
4.58041
4.62958
4.61262
4.61669
4.60107
4.61069
4.57624
4.60846
4.58001
4.59385
4.61055
4.60701
4.59337
4.58883
4.61087
4.60808
4.58112
4.61535
4.60508
4.62035
4.61943
4.60209
4.60288
4.59866
4.57575
4.58699
4.59244
4.5868
4.60265
4.60846
4.59074
4.59824
4.59942
4.6182
4.5711
4.59113
4.60726
4.60801
4.64407
4.57822
4.6011
4.62291
4.58651
4.61399
4.59355
4.60327
4.60449
4.63094
4.61041
4.61781
4.58153
4.61703
4.61827
4.59734
4.56937
4.61803
4.59395
4.56599
4.58468
4.58093
4.62191
4.59346
4.59756
4.60022
4.60882
4.59636
4.62039
4.6118
4.59262
4.57126
4.60689
4.58051
4.61132
4.61424
4.58495
4.60691
4.63606
4.58316
4.59031
4.59685
4.6091
4.61178
4.62634
4.60446
4.62348
4.57392
4.58605
4.59699
4.57608
4.5927
4.59182
4.58241
4.5815
4.62166
4.57242
4.6036
4.59837
4.63907
4.60344
4.61683
4.61677
4.58796
4.60098
4.58683
4.59439
4.57263
4.60529
4.57719
4.61353
4.60453
4.6097
4.58801
4.63328
4.59181
4.5953
4.59057
4.58869
4.61732
4.61266
4.6231
4.60794
4.59256
4.60835
4.58748
4.60342
4.60776
4.58874
4.6164
4.64096
4.60637
4.62525
4.58599
4.58312
4.5719
4.58388
4.5978
4.66368
4.60201
4.62095
4.60558
4.60115
4.61604
4.60164
4.59515
4.62321
4.62907
4.61337
4.58682
4.58771
4.61816
4.62586
4.59873
4.60312
4.58643
4.63426
4.57696
4.60085
4.62584
4.57067
4.60532
4.61158
4.60192
4.59813
4.62016
4.6265
4.63123
4.56747
4.60117
4.59652
4.60994
4.59377
4.56265
4.6193
4.58663
4.58263
4.62172
4.62834
4.604
4.59048
4.62887
4.58506
4.5861
4.60866
4.62447
4.57755
4.62367
4.60857
4.61959
4.6046
4.6239
4.59432
4.58819
4.58923
4.57536
4.60357
4.61083
4.59267
4.61408
4.57435
4.59288
4.59921
4.60364
4.58588
4.59473
4.60824
4.60271
4.60447
4.61798
4.62537
4.58679
4.62409
4.6078
4.61016
4.60653
4.58628
4.59703
4.59433
4.58514
4.62074
4.5652
4.58265
4.58461
4.62669
4.61281
4.58756
4.58329
4.60642
4.60912
4.61818
4.60047
4.57457
4.60728
4.57971
4.5829
4.58479
4.59534
4.62299
4.59252
4.60734
4.59195
4.60633
4.58519
4.59608
4.60286
4.5861
4.60662
4.59033
4.62731
4.59782
4.58995
4.59819
4.64657
4.61709
4.58094
4.60879
4.58522
4.63902
4.61155
4.63044
4.65016
4.58039
4.61842
4.60497
4.6263
4.60283
4.60181
4.60523
4.59905
4.57118
4.5911
4.5888
4.58678
4.59242
4.58451
4.59796
4.59198
4.61262
4.63219
4.60706
4.58809
4.63075
4.59199
4.59229
4.58595
4.60575
4.59383
4.61713
4.61265
4.59175
4.59051
4.59427
4.61651
4.59548
4.58538
4.59214
4.61811
4.58815
4.59012
4.59713
4.62398
4.61588
4.6194
4.60925
4.58932
4.61424
4.59097
4.58934
4.59952
4.60192
4.6077
4.59069
4.60055
4.58202
4.61855
4.58556
4.56904
4.60577
4.58637
4.64867
4.61913
4.59533
4.58844
4.59431
4.62559
4.62188
4.59022
4.612
4.57735
4.62551
4.60076
4.61282
4.59918
4.60736
4.59851
4.59818
4.6192
4.62533
4.59523
4.60198
4.5776
4.60069
4.59946
4.58402
4.60943
4.5996
4.59436
4.5911
4.60195
4.60292
4.61434
4.56256
4.58884
4.60751
4.63401
4.59452
4.6533
4.60809
4.63936
4.59723
4.59073
4.61877
4.59773
4.61306
4.61448
4.59751
4.6028
4.59387
4.57704
4.6007
4.63062
4.62265
4.58539
4.59622
4.603
4.58475
4.58536
4.59552
4.59455
4.58748
4.59485
4.57195
4.60896
4.59395
4.64181
4.62278
4.62671
4.59059
4.6345
4.59183
4.6044
4.60243
4.59244
4.5962
4.60273
4.59756
4.60762
4.63983
4.61685
4.6039
4.59113
4.60196
4.58729
4.6054
4.61163
4.62652
4.62756
4.60824
4.61619
4.60704
4.59738
4.64271
4.60136
4.56715
4.59139
4.60491
4.59655
4.60439
4.58063
4.59816
4.59277
4.61321
4.60952
4.58786
4.59845
4.57896
4.59843
4.60818
4.62493
4.60261
4.61022
4.62186
4.56096
4.59217
4.59357
4.60322
4.58026
4.60636
4.61447
4.59206
4.60448
4.62307
4.62289
4.56511
4.63951
4.61439
4.58672
4.6037
4.60352
4.59374
4.57512
4.6031
4.60021
4.59834
4.59613
4.59262
4.58919
4.56718
4.58671
4.61972
4.59913
4.59005
4.6181
4.57255
4.60398
4.60734
4.60918
4.58963
4.61346
4.57833
4.61715
4.61723
4.60571
4.58008
4.61825
4.60134
4.58557
4.60251
4.61005
4.56018
4.60663
4.60235
4.61344
4.59782
4.62082
4.60108
4.59792
4.5818
4.57018
4.6117
4.60038
4.57602
4.60734
4.62428
4.58473
4.59166
4.59437
4.60148
4.59286
4.57363
4.60443
4.60041
4.64297
4.62891
4.60343
4.6168
4.60068
4.60212
4.63332
4.60555
4.57476
4.59028
4.59379
4.62583
4.60637
4.61859
4.60465
4.56991
4.57475
4.60833
4.62811
4.63472
4.61397
4.59775
4.58133
4.59662
4.62223
4.58644
4.60183
4.64378
4.60875
4.59103
4.59333
4.58069
4.61606
4.59148
4.59396
4.56899
4.57074
4.59831
4.6004
4.59386
4.5866
4.62595
4.59065
4.57922
4.58606
4.58578
4.59353
4.58374
4.61179
4.58441
4.6132
4.59588
4.60297
4.58985
4.63551
4.622
4.59532
4.57412
4.62072
4.59831
4.63846
4.64047
4.61763
4.61394
4.58508
4.57288
4.60845
4.5774
4.59383
4.58375
4.60005
4.58619
4.56326
4.60706
4.59093
4.6189
4.62057
4.58966
4.57886
4.6246
4.60836
4.61471
4.59812
4.6113
4.61326
4.56178
4.59349
4.60549
4.61586
4.60856
4.59734
4.61474
4.60472
4.62305
4.62193
4.61269
4.59311
4.60334
4.59756
4.59786
4.61103
4.58577
4.56313
4.57026
4.5694
4.60596
4.56879
4.60299
4.59303
4.6109
4.5717
4.57788
4.61238
4.62902
4.59687
4.62678
4.6099
4.60697
4.60905
4.62441
4.61143
4.59736
4.61364
4.62521
4.58191
4.61207
4.60844
4.59334
4.60432
4.57271
4.56953
4.602
4.6137
4.58909
4.63264
4.62377
4.59433
4.6148
4.58241
4.60979
4.59779
4.62791
4.6294
4.58642
4.61245
4.61202
4.59283
4.61268
4.57963
4.60051
4.59432
4.58223
4.59376
4.59144
4.61791
4.57374
4.59924
4.59761
4.58683
4.60762
4.57067
4.57885
4.62167
4.60146
4.61407
4.60625
4.59757
4.57986
4.60359
4.59382
4.61438
4.60476
4.58208
4.61669
4.62089
4.58596
4.59909
4.64467
4.64085
4.58848
4.61714
4.60606
4.58234
4.585
4.60327
4.61812
4.62875
4.59843
4.63073
4.60613
4.61005
4.57672
4.59088
4.59446
4.62478
4.61777
4.6172
4.57081
4.59577
4.60705
4.57766
4.61087
4.59986
4.60756
4.57249
4.59774
4.59796
4.57711
4.59096
4.61182
4.57762
4.59651
4.59741
4.61846
4.61624
4.58521
4.59737
4.57157
4.60833
4.59643
4.63559
4.62753
4.62625
4.64733
4.59625
4.59042
4.58681
4.60767
4.59868
4.57307
4.65251
4.60478
4.61445
4.60684
4.58745
4.59814
4.56523
4.61267
4.61048
4.63432
4.60325
4.59332
4.58412
4.61387
4.60893
4.60059
4.61162
4.6259
4.61519
4.61505
4.61013
4.61959
4.58926
4.62961
4.58985
4.60289
4.63175
4.58862
4.62127
4.60474
4.62683
4.59409
4.60394
4.60604
4.62825
4.61224
4.60097
4.63084
4.59663
4.67072
4.59081
4.60171
4.59961
4.632
4.61836
4.57703
4.61083
4.61445
4.60687
4.63218
4.60498
4.62457
4.60515
4.57347
4.62593
4.62948
4.61269
4.59601
4.61122
4.59799
4.58852
4.59682
4.594
4.58139
4.59018
4.5958
4.61689
4.56446
4.63609
4.58505
4.60495
4.60454
4.61898
4.58899
4.64332
4.58096
4.6001
4.59346
4.59297
4.57708
4.60418
4.5901
4.5984
4.61374
4.60826
4.60238
4.61955
4.58464
4.62161
4.62107
4.59786
4.583
4.60815
4.57755
4.58639
4.59515
4.6116
4.61217
4.60819
4.61655
4.61871
4.6328
4.60564
4.61117
4.58597
4.58839
4.59389
4.60978
4.60336
4.59005
4.60411
4.59047
4.59718
4.58736
4.60897
4.60368
4.5952
4.61404
4.58625
4.5744
4.61204
4.58477
4.59495
4.59433
4.5905
4.59392
4.59001
4.60373
4.59741
4.62273
4.59369
4.6059
4.59375
4.62562
4.61885
4.60908
4.61292
4.57398
4.63278
4.62083
4.62494
4.58051
4.58446
4.6133
4.59697
4.60365
4.60574
4.60312
4.62515
4.59283
4.58296
4.61717
4.55731
4.59569
4.61112
4.5701
4.58786
4.59757
4.6195
4.5814
4.5856
4.61777
4.58542
4.56852
4.63138
4.62066
4.60571
4.60137
4.60155
4.60055
4.59581
4.5995
4.59784
4.64329
4.60366
4.62623
4.6301
4.63956
4.59846
4.62993
4.63862
4.61716
4.60182
4.62383
4.61674
4.58987
4.56116
4.59305
4.58641
4.60972
4.60397
4.577
4.57088
4.58944
4.6186
4.62603
4.59507
4.61562
4.60571
4.59206
4.60448
4.63107
4.57644
4.61174
4.59599
4.60353
4.60004
4.60134
4.58943
4.59535
4.61787
4.58397
4.58972
4.61002
4.61348
4.61159
4.59261
4.63308
4.60264
4.58116
4.60435
4.61973
4.57421
4.61358
4.58892
4.61039
4.6026
4.59624
4.60708
4.59118
4.6141
4.59983
4.64021
4.63216
4.60893
4.58987
4.6123
4.5796
4.58966
4.61151
4.59143
4.62994
4.55951
4.62508
4.65005
4.5986
4.64642
4.60235
4.59961
4.63542
4.578
4.60049
4.60734
4.64422
4.57927
4.60195
4.60157
4.59979
4.59025
4.61564
4.58171
4.58929
4.59166
4.64273
4.58583
4.60246
4.56737
4.598
4.60526
4.6107
4.59076
4.57008
4.59522
4.62318
4.58542
4.62986
4.63506
4.60607
4.59567
4.62765
4.62392
4.59849
4.63319
4.57734
4.61498
4.60575
4.61073
4.57353
4.59235
4.60147
4.5948
4.61429
4.58913
4.5927
4.57125
4.54615
4.62817
4.60029
4.59315
4.58997
4.61321
4.58766
4.59486
4.61587
4.58903
4.60348
4.61731
4.58551
4.64832
4.61034
4.57914
4.61446
4.60758
4.63639
4.59532
4.58973
4.5949
4.58498
4.60233
4.58696
4.58489
4.59187
4.6005
4.58042
4.62152
4.58414
4.59403
4.59778
4.65385
4.60645
4.58153
4.61865
4.57731
4.63802
4.57629
4.61152
4.57301
4.59466
4.58505
4.59088
4.6084
4.61444
4.61945
4.58446
4.60819
4.61661
4.63513
4.61663
4.61858
4.61924
4.62327
4.61646
4.58771
4.62376
4.60075
4.61747
4.5771
4.60316
4.61593
4.58786
4.59702
4.60401
4.60864
4.60963
4.58925
4.62676
4.60868
4.587
4.60736
4.61539
4.5941
4.59701
4.63328
4.58014
4.59644
4.59646
4.5939
4.59476
4.57367
4.61628
4.59027
4.61505
4.62537
4.60908
4.61117
4.59787
4.60554
4.58697
4.61856
4.61333
4.58251
4.62186
4.59206
4.59687
4.60312
4.61153
4.57496
4.64847
4.62546
4.61897
4.58954
4.59496
4.59629
4.59348
4.61953
4.59009
4.59988
4.61325
4.59207
4.59569
4.58785
4.62593
4.5716
4.57698
4.6015
4.59051
4.62204
4.58801
4.58883
4.5959
4.6161
4.579
4.58896
4.59433
4.57176
4.60746
4.62246
4.60383
4.61865
4.61504
4.57732
4.58027
4.59528
4.62183
4.61186
4.61071
4.59976
4.64223
4.61753
4.59396
4.59467
4.59131
4.60859
4.63794
4.61691
4.59377
4.59524
4.59754
4.61308
4.59168
4.58996
4.60694
4.6059
4.60643
4.59225
4.61743
4.60798
4.59232
4.61469
4.62718
4.6251
4.57648
4.59974
4.59439
4.60936
4.62915
4.58666
4.60918
4.58736
4.5995
4.58391
4.6175
4.62139
4.57117
4.60534
4.58614
4.58157
4.59442
4.59316
4.57901
4.57894
4.58328
4.58592
4.61415
4.62169
4.60238
4.60469
4.57316
4.58762
4.61373
4.61109
4.60548
4.59893
4.5997
4.62774
4.6039
4.59758
4.6197
4.61082
4.60968
4.59548
4.61
4.59818
4.58322
4.60519
4.59862
4.63174
4.60259
4.60544
4.62091
4.59413
4.60726
4.60306
4.59289
4.58392
4.59036
4.62832
4.56568
4.59595
4.61598
4.59341
4.59665
4.60778
4.6094
4.64457
4.59388
4.58281
4.61741
4.595
4.58554
4.62106
4.58506
4.64591
4.5955
4.59615
4.60803
4.61168
4.59739
4.61434
4.59486
4.60105
4.60102
4.60017
4.59853
4.59697
4.5914
4.60183
4.58738
4.58453
4.59241
4.61775
4.61039
4.5957
4.62029
4.60979
4.62322
4.61225
4.59312
4.63812
4.58545
4.57786
4.59858
4.58998
4.60985
4.6059
4.60936
4.59894
4.63118
4.58187
4.56949
4.63043
4.60785
4.60657
4.60513
4.6072
4.6056
4.59053
4.59969
4.6011
4.59791
4.59616
4.621
4.5702
4.59559
4.61542
4.62094
4.5914
4.59844
4.61102
4.63122
4.6151
4.61065
4.60146
4.62853
4.58352
4.60843
4.61146
4.59996
4.60808
4.5745
4.61226
4.58822
4.60997
4.61259
4.58214
4.62007
4.58614
4.6296
4.60077
4.59539
4.57954
4.60406
4.59425
4.60449
4.59031
4.57905
4.59112
4.60172
4.62596
4.64262
4.59907
4.5841
4.60688
4.63685
4.61409
4.60396
4.58091
4.58521
4.57415
4.59686
4.61605
4.59952
4.5895
4.59937
4.59596
4.60477
4.61737
4.58951
4.59226
4.59162
4.62104
4.58869
4.58923
4.58459
4.58194
4.61131
4.60736
4.59457
4.59312
4.58708
4.60904
4.57413
4.6115
4.62861
4.5844
4.62076
4.58271
4.60102
4.59598
4.60532
4.60572
4.60352
4.61955
4.60485
4.64012
4.59691
4.58507
4.61406
4.60485
4.5738
4.59522
4.60785
4.57224
4.62795
4.58375
4.60959
4.58938
4.59304
4.60722
4.61289
4.59258
4.59002
4.6091
4.60874
4.60841
4.5704
4.58776
4.60164
4.57416
4.61082
4.59342
4.58837
4.6125
4.58695
4.60346
4.61419
4.5812
4.63242
4.61193
4.59741
4.59555
4.58417
4.61539
4.5994
4.57301
4.61763
4.5754
4.59928
4.60109
4.61039
4.60477
4.61696
4.61436
4.58438
4.60966
4.64723
4.61111
4.64963
4.59363
4.60776
4.62343
4.58335
4.61531
4.61225
4.61138
4.59538
4.58125
4.58494
4.58687
4.62566
4.59333
4.59171
4.56493
4.60256
4.59069
4.58293
4.57955
4.59382
4.61676
4.60145
4.60588
4.59132
4.5837
4.60195
4.62562
4.5949
4.61521
4.61975
4.61756
4.61887
4.59878
4.60317
4.59979
4.59283
4.60167
4.62444
4.60957
4.61666
4.59484
4.60742
4.60939
4.60506
4.63726
4.60726
4.61942
4.61347
4.57111
4.59558
4.61465
4.60002
4.57283
4.59276
4.59145
4.59954
4.56579
4.64239
4.58468
4.6298
4.66803
4.63269
4.60702
4.60389
4.61055
4.60704
4.61866
4.59516
4.61923
4.56876
4.61006
4.64141
4.60365
4.62015
4.61859
4.6411
4.63124
4.58589
4.62991
4.58486
4.60452
4.63619
4.57965
4.59213
4.61663
4.59946
4.58891
4.61419
4.58006
4.5966
4.57673
4.6042
4.61832
4.61814
4.57971
4.63261
4.62784
4.56928
4.59977
4.59897
4.58455
4.59982
4.60777
4.5984
4.61077
4.61608
4.60166
4.62485
4.61212
4.62335
4.58812
4.58978
4.59527
4.60538
4.63208
4.60492
4.58962
4.59006
4.61317
4.60581
4.57657
4.58249
4.59635
4.59809
4.61616
4.57839
4.61544
4.59956
4.63754
4.58505
4.61694
4.61553
4.59961
4.61736
4.60306
4.59042
4.5989
4.63217
4.57624
4.5823
4.60355
4.59398
4.60625
4.59122
4.59027
4.59472
4.60059
4.56959
4.61438
4.60181
4.59213
4.59986
4.55902
4.59795
4.59027
4.60944
4.61456
4.59012
4.61425
4.59931
4.60594
4.60832
4.59363
4.60455
4.62849
4.58711
4.60938
4.61241
4.60595
4.58266
4.6126
4.59842
4.60236
4.61734
4.59624
4.59741
4.59444
4.58873
4.59478
4.59924
4.60623
4.63549
4.65389
4.62544
4.60849
4.61068
4.58911
4.61639
4.60614
4.58833
4.6054
4.6049
4.6001
4.5963
4.59164
4.63022
4.60775
4.58589
4.58008
4.62256
4.60746
4.62551
4.61278
4.60787
4.56304
4.611
4.62196
4.60593
4.59855
4.60669
4.646
4.58806
4.58651
4.58517
4.57956
4.60931
4.60002
4.60604
4.59433
4.58016
4.60267
4.58413
4.61485
4.62915
4.59811
4.57669
4.58116
4.59876
4.62154
4.61695
4.59484
4.5754
4.5838
4.5883
4.60492
4.65337
4.61529
4.65533
4.60058
4.59499
4.56433
4.5797
4.59455
4.58472
4.58133
4.63301
4.60556
4.58096
4.62689
4.60594
4.60102
4.62523
4.59031
4.60804
4.61938
4.60595
4.60087
4.58915
4.59914
4.60473
4.59139
4.63727
4.6287
4.59188
4.61122
4.59224
4.62096
4.59076
4.62004
4.59423
4.5998
4.57077
4.59868
4.58285
4.60407
4.6012
4.58733
4.60593
4.65756
4.59123
4.58709
4.60417
4.62251
4.58597
4.62997
4.61805
4.63454
4.61931
4.59472
4.61249
4.58242
4.60485
4.56453
4.57345
4.63743
4.59788
4.6299
4.5885
4.61556
4.5753
4.61161
4.65192
4.58809
4.60704
4.60011
4.61761
4.59929
4.63618
4.60415
4.58961
4.60215
4.63434
4.62349
4.60978
4.60302
4.59676
4.58112
4.61158
4.6057
4.61394
4.59829
4.62144
4.59811
4.58036
4.6253
4.5869
4.63637
4.61556
4.60923
4.61146
4.55646
4.63589
4.60867
4.60111
4.6061
4.59463
4.61016
4.61333
4.59422
4.58795
4.58861
4.59407
4.58733
4.61962
4.60712
4.59835
4.59254
4.58993
4.59687
4.57783
4.5686
4.61905
4.58668
4.58434
4.60712
4.60187
4.61301
4.57488
4.59991
4.59507
4.55748
4.59064
4.61534
4.62637
4.57281
4.58346
4.60836
4.57873
4.59643
4.59226
4.59893
4.60875
4.59344
4.60111
4.59891
4.60099
4.6129
4.6159
4.6197
4.61567
4.57928
4.5864
4.59285
4.62011
4.62323
4.60188
4.58865
4.56283
4.61423
4.62689
4.58529
4.58174
4.61526
4.60113
4.59273
4.61591
4.61991
4.60752
4.5889
4.59568
4.5806
4.61206
4.59806
4.61356
4.61482
4.61552
4.60958
4.58401
4.61202
4.59142
4.62286
4.6118
4.59032
4.62603
4.60488
4.61062
4.58163
4.60526
4.58998
4.62415
4.59107
4.59858
4.58972
4.60646
4.56645
4.65758
4.59883
4.60684
4.59242
4.5813
4.60969
4.58174
4.60841
4.61661
4.59703
4.57929
4.59098
4.62361
4.64484
4.61575
4.59517
4.57841
4.60857
4.59823
4.59537
4.62123
4.59798
4.60494
4.59307
4.62373
4.61457
4.60561
4.57959
4.57036
4.62328
4.57604
4.62653
4.60199
4.62482
4.6014
4.64249
4.6041
4.59839
4.58297
4.59651
4.59345
4.59395
4.58103
4.59624
4.6027
4.59575
4.61377
4.61385
4.65482
4.59369
4.6126
4.60166
4.59461
4.6402
4.61296
4.60363
4.61273
4.6177
4.58837
4.60923
4.60684
4.59991
4.59046
4.60996
4.63576
4.61521
4.61521
4.59707
4.57678
4.64285
4.5914
4.59662
4.60059
4.57491
4.63079
4.59605
4.61593
4.60332
4.59559
4.57303
4.60937
4.60234
4.59531
4.59759
4.61566
4.60937
4.61175
4.60125
4.62134
4.62188
4.6145
4.61402
4.58344
4.59857
4.59337
4.65352
4.62787
4.59788
4.59958
4.57719
4.58543
4.59268
4.62487
4.61599
4.64292
4.60652
4.57307
4.60878
4.60828
4.581
4.5911
4.60801
4.60659
4.63269
4.61996
4.60875
4.60587
4.6193
4.63098
4.63433
4.64891
4.56102
4.61595
4.60818
4.61556
4.5843
4.59642
4.55647
4.6003
4.59849
4.59975
4.57332
4.62188
4.63316
4.58904
4.60541
4.6244
4.58009
4.60154
4.61266
4.63178
4.59937
4.60647
4.62173
4.60961
4.57038
4.62133
4.61018
4.6311
4.57047
4.61291
4.5963
4.58971
4.57864
4.60453
4.59753
4.61849
4.60913
4.61088
4.59565
4.61031
4.60042
4.62134
4.59693
4.60597
4.58379
4.60703
4.58611
4.59991
4.63739
4.61001
4.6174
4.60967
4.57704
4.64154
4.6212
4.61097
4.62041
4.5984
4.60569
4.61321
4.59173
4.61823
4.60834
4.6163
4.60259
4.56526
4.64469
4.60451
4.59376
4.5892
4.62249
4.6048
4.58596
4.62059
4.59858
4.60938
4.59627
4.61054
4.60148
4.63539
4.59516
4.60537
4.59243
4.59238
4.60069
4.60765
4.58068
4.60029
4.59013
4.58949
4.61439
4.59368
4.59375
4.60559
4.62167
4.61028
4.59972
4.60634
4.61017
4.60471
4.5906
4.58719
4.62039
4.6228
4.60271
4.5849
4.63248
4.57154
4.61254
4.59158
4.61969
4.61842
4.57463
4.65185
4.60676
4.58982
4.60409
4.59236
4.59446
4.61599
4.60327
4.60384
4.57863
4.6107
4.61249
4.59487
4.60977
4.59381
4.61083
4.62667
4.60976
4.6105
4.58497
4.61427
4.58545
4.60272
4.58838
4.61004
4.59564
4.62086
4.61904
4.59311
4.59417
4.62945
4.62323
4.58569
4.62678
4.58283
4.59427
4.63797
4.60829
4.62318
4.62937
4.61314
4.58117
4.60628
4.59882
4.59383
4.62474
4.6157
4.59577
4.58481
4.58727
4.61109
4.60628
4.59023
4.59623
4.6064
4.60317
4.59035
4.61392
4.60509
4.63562
4.63079
4.63916
4.59571
4.59358
4.57404
4.63114
4.57597
4.60371
4.60904
4.62323
4.57647
4.59886
4.6377
4.62199
4.59367
4.58762
4.59975
4.59009
4.57938
4.55909
4.61392
4.60978
4.609
4.59462
4.60537
4.59653
4.62796
4.59034
4.58199
4.61969
4.59452
4.60734
4.60302
4.60814
4.59914
4.58763
4.60198
4.58141
4.6306
4.58087
4.59049
4.56841
4.62368
4.5923
4.60978
4.65693
4.5918
4.60327
4.61748
4.61625
4.59912
4.60064
4.59751
4.59643
4.61598
4.60811
4.60867
4.60894
4.60947
4.60522
4.60751
4.58118
4.58805
4.60107
4.57467
4.59237
4.60066
4.63049
4.60962
4.5702
4.58642
4.60201
4.58752
4.59277
4.60889
4.6439
4.61363
4.62927
4.62232
4.61554
4.59083
4.59091
4.58388
4.61156
4.60887
4.60758
4.59455
4.59529
4.60286
4.57416
4.57041
4.61292
4.60388
4.64576
4.60971
4.58946
4.60093
4.6147
4.61821
4.63425
4.59106
4.57067
4.59666
4.58767
4.59081
4.59469
4.59878
4.58835
4.61637
4.61674
4.58731
4.59095
4.60752
4.60936
4.59184
4.57235
4.56987
4.61364
4.59807
4.60277
4.57719
4.62248
4.58529
4.57345
4.62872
4.64977
4.60711
4.61794
4.58735
4.58589
4.57643
4.59861
4.61966
4.58904
4.58548
4.59255
4.58979
4.62468
4.62255
4.62115
4.58824
4.602
4.58823
4.60422
4.59056
4.6304
4.60144
4.63248
4.59753
4.63246
4.61724
4.59995
4.6098
4.61139
4.5856
4.61056
4.58374
4.5983
4.59849
4.5892
4.59259
4.60939
4.61
4.57941
4.58398
4.58263
4.60197
4.59267
4.58699
4.57418
4.61501
4.61572
4.6177
4.60324
4.60569
4.58674
4.63986
4.60217
4.58577
4.60336
4.62639
4.61687
4.60583
4.60032
4.61335
4.61296
4.61602
4.57228
4.57677
4.56928
4.58603
4.62833
4.64528
4.58884
4.59981
4.62143
4.57549
4.58034
4.61094
4.59753
4.57642
4.59198
4.56258
4.60817
4.605
4.57294
4.65331
4.62226
4.61636
4.60498
4.59483
4.62952
4.6229
4.59373
4.60047
4.60433
4.56889
4.58175
4.60505
4.62915
4.5981
4.63093
4.58915
4.59288
4.58532
4.61093
4.62064
4.61037
4.60974
4.60725
4.60986
4.59277
4.58726
4.58828
4.63447
4.5633
4.59095
4.58862
4.5854
4.59894
4.6137
4.5854
4.57118
4.62265
4.59624
4.59665
4.6003
4.60698
4.62087
4.61227
4.60436
4.63677
4.62465
4.609
4.59425
4.58397
4.61229
4.62948
4.59291
4.61765
4.62107
4.6005
4.5923
4.62982
4.60865
4.61046
4.61148
4.58998
4.56314
4.5826
4.6283
4.59306
4.62043
4.59741
4.5952
4.56892
4.5956
4.62227
4.57698
4.57461
4.60437
4.61138
4.60993
4.60714
4.60868
4.61948
4.61406
4.59805
4.63061
4.62916
4.62045
4.59166
4.59653
4.58459
4.58595
4.58744
4.59445
4.6107
4.59883
4.61445
4.59966
4.58505
4.58473
4.57995
4.61418
4.63354
4.62391
4.61437
4.61133
4.59198
4.60501
4.59387
4.56962
4.60774
4.58403
4.58568
4.61044
4.57872
4.60903
4.5721
4.58573
4.64693
4.60292
4.59499
4.58979
4.61508
4.59433
4.62568
4.58413
4.59583
4.57725
4.59788
4.57504
4.59441
4.6284
4.62662
4.6211
4.58885
4.59531
4.62798
4.61904
4.60056
4.58871
4.601
4.60119
4.60844
4.58095
4.60881
4.61168
4.59438
4.62321
4.56965
4.59253
4.59287
4.60401
4.59509
4.597
4.59841
4.59441
4.58483
4.59886
4.62337
4.5848
4.61474
4.58531
4.61124
4.58355
4.5722
4.62077
4.59208
4.62521
4.60156
4.58402
4.62492
4.6005
4.61803
4.59606
4.62134
4.61034
4.62825
4.58722
4.63155
4.60373
4.61389
4.59928
4.58948
4.58659
4.60255
4.601
4.58445
4.60347
4.5889
4.59314
4.58092
4.58586
4.57346
4.62467
4.6186
4.58827
4.61546
4.57304
4.61991
4.58916
4.60455
4.61003
4.62486
4.60248
4.60047
4.62955
4.56881
4.59396
4.59726
4.60453
4.61983
4.58667
4.5864
4.61326
4.58114
4.59733
4.62629
4.59479
4.61986
4.59672
4.58938
4.61245
4.59409
4.60795
4.6087
4.58576
4.62966
4.5963
4.60116
4.59006
4.57154
4.61851
4.60066
4.59433
4.61247
4.58668
4.60739
4.57156
4.62334
4.58439
4.58963
4.60345
4.58812
4.61245
4.61597
4.63087
4.5915
4.57494
4.61247
4.61545
4.60249
4.58356
4.60558
4.57659
4.60475
4.57728
4.62119
4.62993
4.60826
4.62325
4.56854
4.61151
4.6331
4.59543
4.61529
4.57925
4.62589
4.61354
4.58443
4.59822
4.61182
4.59231
4.60355
4.61015
4.60874
4.59884
4.59257
4.61035
4.58417
4.58788
4.61009
4.5888
4.59282
4.59279
4.58331
4.58527
4.57267
4.60859
4.59403
4.56902
4.60075
4.58007
4.58936
4.64949
4.62438
4.62816
4.58315
4.59379
4.59083
4.611
4.60736
4.60178
4.66384
4.612
4.60428
4.58866
4.59149
4.58228
4.63389
4.61964
4.59841
4.60758
4.61031
4.60857
4.60748
4.57578
4.62951
4.61524
4.61322
4.59464
4.58849
4.6372
4.59923
4.59599
4.59111
4.60979
4.56543
4.61655
4.59593
4.63279
4.59953
4.58032
4.60155
4.63464
4.60287
4.59348
4.59685
4.61056
4.57421
4.57544
4.62683
4.6306
4.58777
4.60284
4.59646
4.63149
4.60054
4.62371
4.60178
4.60309
4.62168
4.59777
4.58909
4.62073
4.58745
4.63854
4.60184
4.60256
4.6186
4.57873
4.58067
4.57786
4.58121
4.59578
4.61907
4.61404
4.62483
4.61327
4.62708
4.59922
4.61114
4.59534
4.58216
4.61465
4.6266
4.59469
4.57735
4.6035
4.58119
4.62771
4.57396
4.59227
4.60071
4.58598
4.58142
4.59763
4.59706
4.6393
4.60111
4.61044
4.59913
4.61139
4.63329
4.59394
4.60545
4.59734
4.62344
4.60172
4.58603
4.62647
4.56364
4.62008
4.60117
4.59376
4.61432
4.59608
4.63311
4.59991
4.6254
4.6531
4.6072
4.60785
4.59173
4.62586
4.59122
4.60494
4.60043
4.61972
4.57086
4.57153
4.59777
4.60418
4.64603
4.57911
4.60756
4.62968
4.57353
4.57772
4.59324
4.61381
4.5974
4.61531
4.58338
4.59556
4.59527
4.58483
4.59831
4.58614
4.59832
4.61205
4.62382
4.60895
4.60328
4.63196
4.58979
4.61632
4.62099
4.63961
4.59464
4.60744
4.58371
4.58199
4.60924
4.62751
4.64212
4.57084
4.61262
4.58981
4.59083
4.61093
4.5978
4.61133
4.57663
4.63332
4.62582
4.60822
4.63344
4.57457
4.60327
4.59375
4.62609
4.61349
4.6105
4.60934
4.6147
4.61353
4.60724
4.56709
4.61277
4.57781
4.57859
4.58091
4.58199
4.61066
4.62732
4.6061
4.60552
4.62172
4.61377
4.61763
4.58953
4.61213
4.59885
4.61912
4.61456
4.60868
4.58247
4.58992
4.58627
4.60785
4.61262
4.59329
4.62826
4.61286
4.59713
4.5774
4.61075
4.60395
4.625
4.60026
4.61735
4.63404
4.58695
4.59881
4.60971
4.63136
4.60366
4.59772
4.59818
4.57898
4.60604
4.57687
4.58113
4.58176
4.62157
4.62513
4.61797
4.62143
4.62209
4.57231
4.59575
4.57954
4.60699
4.59235
4.61197
4.61031
4.6185
4.62551
4.62982
4.61414
4.6103
4.60037
4.56733
4.6444
4.58881
4.59716
4.60451
4.5878
4.59631
4.60571
4.6091
4.6013
4.61833
4.62419
4.60765
4.58537
4.62643
4.61271
4.59432
4.5991
4.62511
4.57991
4.6511
4.60549
4.60745
4.60027
4.62662
4.60359
4.62496
4.62273
4.59862
4.61644
4.62009
4.59905
4.59995
4.59951
4.5917
4.57087
4.6217
4.59061
4.60535
4.59082
4.65129
4.61142
4.57859
4.60183
4.60114
4.59165
4.6235
4.58336
4.61065
4.63015
4.59517
4.61076
4.58822
4.59585
4.59346
4.60915
4.63233
4.57654
4.61905
4.61562
4.59537
4.62386
4.59574
4.60464
4.586
4.60381
4.60623
4.61329
4.6032
4.56848
4.60861
4.63765
4.61895
4.61519
4.59479
4.61778
4.58183
4.61908
4.59666
4.60313
4.61273
4.59829
4.62493
4.59438
4.5916
4.59291
4.59324
4.63697
4.62186
4.60175
4.63061
4.59517
4.60937
4.56596
4.59137
4.60186
4.58049
4.59938
4.60171
4.58829
4.61651
4.59285
4.6324
4.66809
4.60873
4.60067
4.61651
4.58634
4.59709
4.56743
4.59827
4.61125
4.60939
4.59722
4.6122
4.59483
4.58637
4.60786
4.5791
4.58263
4.61489
4.59304
4.57609
4.59636
4.59715
4.59571
4.58498
4.62994
4.61616
4.6049
4.56843
4.59057
4.60907
4.57415
4.59349
4.61035
4.58086
4.59011
4.59638
4.63309
4.61511
4.58705
4.5875
4.61402
4.58693
4.61395
4.61065
4.60222
4.59538
4.59359
4.60569
4.60339
4.59565
4.59938
4.58087
4.61831
4.60704
4.59564
4.60278
4.60364
4.62257
4.64106
4.60419
4.61934
4.6289
4.64605
4.60895
4.59768
4.62756
4.60516
4.60784
4.57596
4.59474
4.59136
4.61131
4.58341
4.61182
4.62798
4.60893
4.59499
4.5899
4.60527
4.62324
4.57021
4.60716
4.57696
4.5897
4.61483
4.61027
4.62201
4.57289
4.62547
4.59507
4.59753
4.5745
4.57797
4.61749
4.62086
4.60984
4.62717
4.62505
4.5962
4.60204
4.61745
4.60213
4.578
4.59461
4.60072
4.5794
4.60059
4.6171
4.55327
4.61619
4.62181
4.6328
4.58786
4.61775
4.59498
4.59516
4.57709
4.58811
4.59479
4.60393
4.63459
4.5929
4.62727
4.60587
4.58243
4.61995
4.57432
4.61865
4.60528
4.59056
4.60084
4.58037
4.58316
4.5759
4.61242
4.61246
4.57586
4.59414
4.59184
4.58602
4.62839
4.61162
4.5972
4.61577
4.62742
4.62151
4.58865
4.59999
4.59996
4.58289
4.58128
4.60686
4.58715
4.60343
4.65418
4.63205
4.59871
4.60052
4.60768
4.57592
4.60104
4.62508
4.5928
4.56835
4.60902
4.58886
4.59735
4.59594
4.60324
4.62097
4.6079
4.61525
4.60124
4.62068
4.60417
4.61703
4.63625
4.58938
4.59628
4.60855
4.58338
4.57822
4.6167
4.59724
4.62756
4.65599
4.60735
4.59464
4.6194
4.59728
4.6209
4.59256
4.58121
4.61566
4.63074
4.61344
4.58455
4.6727
4.58301
4.58508
4.59902
4.57944
4.60634
4.61091
4.6067
4.6032
4.57527
4.60851
4.58068
4.62241
4.6093
4.5861
4.61832
4.61534
4.61219
4.58504
4.60471
4.58446
4.59083
4.61969
4.60972
4.58913
4.62495
4.56653
4.58239
4.61078
4.61689
4.59145
4.6032
4.6079
4.59504
4.60173
4.61124
4.6389
4.60036
4.61388
4.59568
4.61548
4.60932
4.58305
4.60867
4.58723
4.60704
4.61448
4.62793
4.59187
4.59536
4.57096
4.62537
4.59404
4.60157
4.6095
4.60157
4.59464
4.60388
4.60566
4.63078
4.6056
4.59494
4.59456
4.59442
4.59772
4.60037
4.61521
4.60372
4.63941
4.5992
4.59293
4.60532
4.59076
4.58927
4.60176
4.6178
4.57566
4.57826
4.60305
4.59989
4.61996
4.56506
4.61371
4.58042
4.60427
4.59365
4.59648
4.62195
4.59539
4.59357
4.59097
4.61161
4.61205
4.59657
4.5967
4.6014
4.59077
4.59762
4.62329
4.59865
4.64425
4.61423
4.61763
4.59917
4.61306
4.59507
4.61307
4.58559
4.6342
4.61961
4.5874
4.6215
4.60988
4.61347
4.60396
4.594
4.5978
4.58969
4.61469
4.60364
4.60226
4.57537
4.60137
4.61907
4.59675
4.64071
4.5883
4.61355
4.61725
4.60201
4.62915
4.58746
4.64416
4.62459
4.57951
4.60506
4.60744
4.59518
4.61444
4.59308
4.6153
4.60317
4.61195
4.60796
4.63236
4.6241
4.6052
4.57638
4.61098
4.59481
4.58127
4.63265
4.60951
4.57682
4.58581
4.59566
4.63878
4.59658
4.58476
4.60987
4.58348
4.60745
4.61122
4.60836
4.61558
4.60348
4.61198
4.61331
4.61824
4.59413
4.60272
4.62083
4.61369
4.58975
4.6297
4.59811
4.62904
4.59305
4.62372
4.57338
4.61851
4.57688
4.62387
4.60046
4.61461
4.59979
4.60168
4.60652
4.60536
4.60483
4.60611
4.61599
4.60489
4.59385
4.61386
4.59675
4.61461
4.6105
4.58725
4.61843
4.59517
4.61586
4.56533
4.57724
4.59345
4.59729
4.60429
4.60529
4.59497
4.5911
4.5899
4.61068
4.62708
4.62743
4.59313
4.59888
4.6114
4.59529
4.61642
4.60021
4.61937
4.61639
4.60364
4.59146
4.62963
4.59025
4.59222
4.61369
4.60947
4.5836
4.62781
4.5915
4.58123
4.57658
4.59808
4.6323
4.59197
4.61379
4.64749
4.6029
4.61322
4.58473
4.57389
4.65331
4.58888
4.59739
4.56013
4.62393
4.59094
4.64754
4.62358
4.61813
4.58091
4.60137
4.59444
4.58758
4.59085
4.61091
4.61876
4.60789
4.59985
4.59958
4.57639
4.59447
4.64027
4.6009
4.59688
4.60928
4.59254
4.62502
4.6305
4.57585
4.59389
4.61154
4.5786
4.59907
4.59975
4.61799
4.59012
4.57648
4.60698
4.57197
4.62227
4.58996
4.5908
4.60799
4.60431
4.6152
4.61479
4.61102
4.60765
4.60564
4.61477
4.63172
4.59602
4.60101
4.58577
4.60436
4.64071
4.63942
4.62761
4.59954
4.57949
4.58029
4.59566
4.60451
4.57513
4.57729
4.60412
4.57413
4.58337
4.6122
4.61953
4.61009
4.59437
4.58878
4.5958
4.59888
4.62231
4.62149
4.62092
4.61159
4.59382
4.62061
4.60554
4.63634
4.61322
4.58109
4.59923
4.5923
4.61438
4.61454
4.60544
4.57535
4.59607
4.57868
4.58537
4.5808
4.59086
4.60316
4.61652
4.58269
4.59636
4.5796
4.60775
4.61024
4.61215
4.59709
4.58789
4.63382
4.58854
4.59378
4.60912
4.59257
4.5892
4.61426
4.61942
4.59674
4.60859
4.58092
4.5976
4.59435
4.60659
4.62898
4.60824
4.60326
4.62123
4.61452
4.57171
4.57018
4.61644
4.61136
4.60419
4.58984
4.61914
4.5826
4.59701
4.62984
4.6017
4.62921
4.61619
4.58086
4.5576
4.60797
4.58323
4.62482
4.59128
4.60388
4.58751
4.59531
4.60444
4.58839
4.62727
4.5708
4.60945
4.60392
4.59929
4.62138
4.5903
4.59029
4.59334
4.62971
4.60256
4.57874
4.57952
4.60537
4.61061
4.57508
4.59072
4.61565
4.59678
4.60307
4.56402
4.60159
4.60399
4.59933
4.61554
4.6163
4.61423
4.63862
4.56628
4.59805
4.62779
4.60895
4.6154
4.55835
4.59773
4.59466
4.60998
4.6261
4.61178
4.60162
4.58895
4.62085
4.62086
4.60521
4.64683
4.58791
4.60028
4.61324
4.59613
4.60516
4.5711
4.60761
4.57615
4.61124
4.57592
4.59553
4.61961
4.57133
4.59738
4.62307
4.63626
4.58687
4.60954
4.63229
4.63323
4.5689
4.57656
4.61877
4.60315
4.59408
4.58489
4.60962
4.61762
4.63825
4.59858
4.63036
4.6194
4.59108
4.58714
4.60535
4.60587
4.61245
4.61112
4.61645
4.63389
4.59443
4.60448
4.61777
4.64769
4.58075
4.61053
4.58711
4.60125
4.62377
4.59333
4.62068
4.58961
4.60916
4.61849
4.58882
4.60627
4.59875
4.61414
4.62111
4.58865
4.58576
4.60401
4.59214
4.60779
4.61908
4.59488
4.56136
4.60126
4.59597
4.60875
4.60652
4.61654
4.60267
4.58676
4.59582
4.57606
4.59951
4.61603
4.62873
4.6098
4.59662
4.63374
4.61347
4.58168
4.59039
4.61741
4.63114
4.59255
4.59849
4.61716
4.59945
4.57285
4.61822
4.59351
4.60146
4.5905
4.63373
4.59936
4.56445
4.60303
4.59683
4.60707
4.60632
4.6324
4.64093
4.6194
4.60287
4.60474
4.61116
4.61309
4.60447
4.63122
4.57829
4.60277
4.57929
4.59805
4.62683
4.5994
4.58916
4.64753
4.59641
4.60672
4.59588
4.60689
4.60831
4.62088
4.59037
4.61436
4.66346
4.59858
4.57634
4.58877
4.60633
4.59466
4.57383
4.61819
4.58691
4.578
4.60722
4.59989
4.61883
4.57293
4.63693
4.61125
4.60773
4.58895
4.57818
4.58854
4.6098
4.58599
4.57869
4.6116
4.61219
4.61062
4.60022
4.59587
4.62825
4.65106
4.5854
4.60016
4.57048
4.57852
4.61692
4.56537
4.61863
4.5988
4.60437
4.60688
4.63233
4.60418
4.59146
4.59845
4.59965
4.58619
4.58859
4.59899
4.60623
4.60323
4.61516
4.60999
4.60553
4.61127
4.61003
4.60688
4.6446
4.62621
4.62556
4.60586
4.5898
4.60998
4.61928
4.60336
4.64259
4.58017
4.61731
4.58911
4.59317
4.59743
4.59003
4.63864
4.61785
4.58172
4.61007
4.62849
4.60512
4.59282
4.58831
4.64285
4.58327
4.57725
4.59695
4.6023
4.59895
4.58249
4.59438
4.58773
4.6282
4.57906
4.60754
4.56203
4.60895
4.60252
4.61377
4.62465
4.61376
4.61518
4.57945
4.59621
4.62124
4.58672
4.57827
4.61133
4.59816
4.59369
4.60812
4.60042
4.61046
4.59411
4.58375
4.59469
4.58226
4.60001
4.57778
4.60792
4.58848
4.58705
4.57019
4.58449
4.61378
4.58677
4.61265
4.61749
4.60637
4.61236
4.58307
4.60556
4.59082
4.59092
4.63536
4.61781
4.58351
4.60103
4.6085
4.6146
4.59704
4.61352
4.59658
4.62536
4.63893
4.57098
4.60145
4.60087
4.60916
4.60867
4.56573
4.60661
4.59513
4.59138
4.58044
4.61005
4.55728
4.6226
4.60799
4.61516
4.59295
4.57707
4.60568
4.60028
4.59836
4.62372
4.6406
4.57732
4.60524
4.61377
4.60609
4.61219
4.60012
4.5998
4.59767
4.59317
4.58136
4.59408
4.58906
4.61579
4.59617
4.61915
4.58547
4.6235
4.59311
4.59615
4.58056
4.59656
4.59799
4.61078
4.64443
4.61291
4.59905
4.59063
4.63737
4.61663
4.61614
4.6345
4.60672
4.60541
4.62076
4.59704
4.61563
4.64135
4.59164
4.5999
4.59608
4.61894
4.60152
4.58709
4.63873
4.60488
4.59869
4.58768
4.60506
4.59177
4.58205
4.59213
4.58467
4.6173
4.57836
4.6113
4.59639
4.60614
4.59173
4.58358
4.62204
4.60953
4.58986
4.6035
4.60144
4.59224
4.58711
4.58733
4.59991
4.58883
4.60496
4.62526
4.59064
4.63691
4.58839
4.63245
4.60555
4.5926
4.64103
4.56282
4.61864
4.58816
4.57197
4.59399
4.6106
4.60485
4.59198
4.5946
4.63071
4.57487
4.62792
4.65015
4.60773
4.60796
4.61595
4.64043
4.59663
4.60968
4.58003
4.60801
4.6186
4.60631
4.58738
4.59302
4.58513
4.60118
4.6164
4.58718
4.61473
4.58783
4.58839
4.59572
4.6115
4.62726
4.56169
4.64751
4.59322
4.59506
4.62215
4.60495
4.59347
4.57125
4.56013
4.61618
4.60277
4.59323
4.60033
4.60689
4.59091
4.60077
4.58293
4.59671
4.59679
4.63593
4.63884
4.59919
4.60874
4.5989
4.60577
4.59386
4.58686
4.60987
4.60812
4.61051
4.59893
4.59706
4.63122
4.61599
4.58099
4.6311
4.58715
4.57041
4.59458
4.58114
4.59199
4.60067
4.59547
4.60664
4.5862
4.5954
4.63372
4.59953
4.59437
4.61171
4.60342
4.60015
4.63065
4.58503
4.59408
4.60718
4.60103
4.61859
4.59569
4.61256
4.61247
4.56525
4.59263
4.62169
4.61819
4.61759
4.60941
4.54869
4.6071
4.57999
4.60925
4.60755
4.60391
4.60157
4.60557
4.56878
4.58554
4.59941
4.59899
4.59486
4.60778
4.56486
4.61556
4.63742
4.61643
4.60497
4.58175
4.6184
4.59973
4.63813
4.58091
4.60717
4.61524
4.61504
4.59842
4.57718
4.594
4.60496
4.59973
4.60486
4.62724
4.64044
4.5944
4.59241
4.62188
4.60415
4.61297
4.6041
4.62495
4.60888
4.59488
4.57454
4.60457
4.63138
4.62039
4.63378
4.61079
4.60864
4.60653
4.5831
4.59004
4.62639
4.57727
4.62289
4.60305
4.6103
4.57843
4.61428
4.61228
4.60678
4.56914
4.58572
4.59876
4.62808
4.5967
4.60224
4.64607
4.60345
4.59514
4.59557
4.64506
4.63543
4.6177
4.5823
4.58606
4.59263
4.59968
4.59928
4.62774
4.6011
4.61455
4.59582
4.60022
4.59773
4.6107
4.6106
4.63454
4.56271
4.61663
4.60871
4.62196
4.58229
4.61452
4.61129
4.63121
4.62029
4.6175
4.57385
4.60089
4.59275
4.61472
4.59468
4.6014
4.6083
4.57338
4.60271
4.59027
4.59019
4.59217
4.57021
4.59504
4.60641
4.59833
4.58723
4.62557
4.59705
4.6096
4.60786
4.60146
4.57026
4.59536
4.59344
4.56879
4.60257
4.63695
4.59182
4.5889
4.58749
4.59401
4.59103
4.63259
4.62347
4.58932
4.59997
4.59096
4.59173
4.63109
4.5999
4.58213
4.59975
4.58183
4.60008
4.58634
4.61544
4.59015
4.62201
4.60461
4.59375
4.5933
4.59736
4.60342
4.63517
4.58672
4.6096
4.61677
4.57347
4.59345
4.60522
4.61687
4.58601
4.61343
4.60288
4.60206
4.61633
4.58669
4.60758
4.61521
4.60552
4.6265
4.62907
4.60466
4.57328
4.62706
4.58437
4.57837
4.59976
4.63289
4.59017
4.5775
4.59477
4.62221
4.60968
4.63992
4.60266
4.60272
4.58342
4.63424
4.60778
4.61831
4.62144
4.61678
4.6126
4.60621
4.60054
4.63017
4.60498
4.62797
4.61118
4.59469
4.57991
4.59272
4.59234
4.60405
4.58975
4.56885
4.60596
4.58023
4.59928
4.60206
4.61401
4.60633
4.5972
4.59189
4.59182
4.57814
4.62013
4.58614
4.58307
4.59478
4.62322
4.63727
4.5551
4.59915
4.59981
4.59034
4.55702
4.59077
4.6426
4.595
4.61274
4.582
4.59139
4.61457
4.61522
4.56911
4.62367
4.60084
4.61594
4.61178
4.59068
4.61373
4.61051
4.60026
4.57819
4.61423
4.63591
4.61066
4.61208
4.61422
4.62725
4.631
4.57442
4.61127
4.63953
4.60939
4.60091
4.6049
4.60854
4.58606
4.62836
4.62369
4.61443
4.59399
4.59748
4.59607
4.5965
4.59466
4.58915
4.61148
4.57475
4.60542
4.6226
4.60534
4.62282
4.58426
4.62448
4.62627
4.59907
4.61311
4.57947
4.58706
4.63186
4.58644
4.58328
4.61491
4.58564
4.59573
4.57282
4.5929
4.65922
4.59555
4.58485
4.60632
4.60806
4.61037
4.58695
4.59946
4.57875
4.61482
4.59836
4.6083
4.59391
4.60172
4.59088
4.62946
4.6171
4.59069
4.584
4.58982
4.58283
4.59388
4.59114
4.61179
4.57786
4.62785
4.59644
4.56885
4.59786
4.60523
4.60009
4.60471
4.59825
4.65799
4.60101
4.64298
4.63119
4.60881
4.61507
4.61785
4.61232
4.63293
4.6025
4.58412
4.61275
4.59494
4.59752
4.60138
4.6214
4.60013
4.60756
4.61969
4.59801
4.61145
4.59602
4.60652
4.63438
4.64256
4.60288
4.5994
4.59496
4.63226
4.58311
4.6327
4.61558
4.58102
4.59034
4.6163
4.60886
4.60041
4.59258
4.61363
4.61702
4.58696
4.59775
4.59024
4.59971
4.61774
4.58052
4.61607
4.60931
4.60275
4.58043
4.58162
4.56608
4.57345
4.61246
4.62058
4.61879
4.60744
4.62346
4.59923
4.62221
4.6194
4.59937
4.57461
4.57356
4.60195
4.62071
4.61195
4.61756
4.59447
4.58646
4.58624
4.61947
4.58395
4.58413
4.57921
4.60836
4.5979
4.60211
4.60321
4.61909
4.59684
4.61922
4.60959
4.61608
4.60161
4.6042
4.64077
4.60106
4.6066
4.61046
4.56631
4.60588
4.57585
4.61899
4.60727
4.59053
4.588
4.6037
4.61783
4.61198
4.58292
4.61745
4.62118
4.6129
4.62582
4.59584
4.61548
4.59913
4.59501
4.60928
4.58101
4.62366
4.59531
4.61548
4.6295
4.57917
4.6115
4.62216
4.63516
4.5951
4.62548
4.60583
4.5975
4.59971
4.6149
4.59
4.5986
4.59765
4.57328
4.60288
4.61635
4.56962
4.59875
4.56215
4.61452
4.59034
4.65123
4.58323
4.58244
4.58511
4.60254
4.6099
4.57856
4.58376
4.57637
4.59874
4.59992
4.62756
4.58755
4.60603
4.59775
4.60706
4.60851
4.59959
4.60515
4.62186
4.60489
4.57822
4.61286
4.60547
4.62154
4.55756
4.60547
4.63863
4.59372
4.65051
4.58552
4.57971
4.6194
4.63625
4.60545
4.61795
4.59349
4.60384
4.61416
4.61617
4.62916
4.60403
4.6188
4.60765
4.61073
4.59715
4.57833
4.58689
4.61893
4.60114
4.64327
4.57526
4.60087
4.61192
4.57589
4.57272
4.5935
4.6126
4.59118
4.58765
4.58543
4.62584
4.58507
4.60179
4.61965
4.59979
4.60896
4.59939
4.60694
4.56927
4.63568
4.56802
4.59622
4.5938
4.61979
4.64079
4.58725
4.6133
4.6056
4.62061
4.63573
4.57413
4.60039
4.59694
4.59064
4.59252
4.58195
4.62512
4.61008
4.61644
4.60623
4.61157
4.59413
4.58529
4.57733
4.61085
4.60819
4.618
4.59592
4.60951
4.62441
4.59416
4.608
4.61772
4.60396
4.5944
4.60387
4.62006
4.63907
4.5957
4.55769
4.59091
4.58935
4.62871
4.59572
4.5711
4.59635
4.63228
4.61745
4.57624
4.60616
4.60606
4.59373
4.60981
4.58516
4.57451
4.57548
4.61841
4.61315
4.58939
4.57356
4.60949
4.59618
4.59864
4.60801
4.58654
4.60775
4.60844
4.61032
4.60271
4.62113
4.57136
4.59455
4.58785
4.57258
4.6213
4.6042
4.63425
4.59595
4.61343
4.60955
4.59121
4.61221
4.61821
4.58001
4.59036
4.59691
4.58133
4.58734
4.61262
4.58127
4.6272
4.63457
4.59821
4.5768
4.65309
4.61716
4.57986
4.56753
4.62994
4.60677
4.61037
4.57819
4.59779
4.5822
4.6129
4.61973
4.60793
4.61285
4.61154
4.63169
4.63822
4.62244
4.58407
4.58275
4.57091
4.62137
4.61322
4.60153
4.60274
4.5981
4.57828
4.59999
4.57534
4.6193
4.63365
4.59317
4.61917
4.60289
4.63231
4.57734
4.60988
4.61699
4.61026
4.61952
4.59397
4.60183
4.58898
4.57595
4.6182
4.58963
4.57185
4.60073
4.57501
4.62154
4.62242
4.60628
4.58267
4.61563
4.6111
4.62633
4.60432
4.61243
4.60226
4.5981
4.5959
4.6101
4.6131
4.59053
4.64182
4.5709
4.60828
4.63043
4.58733
4.59472
4.60142
4.60082
4.63876
4.64209
4.61401
4.58292
4.62357
4.59913
4.61708
4.61858
4.62042
4.65375
4.59987
4.61909
4.58871
4.60958
4.59653
4.59533
4.59002
4.60117
4.6158
4.58713
4.5818
4.58815
4.60161
4.58153
4.58111
4.61587
4.5952
4.59647
4.59209
4.61734
4.59328
4.64529
4.61535
4.61594
4.60018
4.60713
4.59751
4.57997
4.63356
4.58667
4.61944
4.60852
4.63856
4.61535
4.60596
4.599
4.60984
4.59131
4.57453
4.58147
4.58907
4.60443
4.5919
4.59883
4.60494
4.58301
4.60269
4.57008
4.59864
4.62961
4.59932
4.59271
4.59927
4.64076
4.57968
4.61276
4.64111
4.61432
4.59673
4.60278
4.58728
4.60893
4.63181
4.63721
4.61676
4.59576
4.59552
4.61448
4.61225
4.60445
4.61572
4.59456
4.60509
4.61689
4.58997
4.58294
4.62167
4.58893
4.60166
4.6115
4.59491
4.62258
4.60877
4.59716
4.58914
4.61366
4.56762
4.59294
4.5962
4.59138
4.60312
4.59764
4.59422
4.61316
4.5814
4.60908
4.60766
4.5984
4.59891
4.59679
4.60836
4.56937
4.59004
4.59745
4.59422
4.61131
4.58459
4.58703
4.615
4.60948
4.61188
4.60559
4.61824
4.6004
4.59642
4.60671
4.61331
4.60921
4.58742
4.57864
4.61185
4.58323
4.58638
4.60039
4.58519
4.61188
4.58027
4.59916
4.59869
4.57919
4.61229
4.60269
4.62794
4.59176
4.57704
4.6247
4.60187
4.58469
4.59789
4.61753
4.604
4.61932
4.59945
4.62471
4.64816
4.62131
4.62414
4.60901
4.5676
4.63437
4.58623
4.577
4.56615
4.62457
4.57773
4.61245
4.59051
4.59401
4.57846
4.63828
4.60081
4.60116
4.6317
4.61437
4.59593
4.59933
4.60078
4.63072
4.62194
4.60578
4.60579
4.61701
4.58349
4.58959
4.58123
4.59104
4.62997
4.60545
4.57721
4.63534
4.58733
4.62419
4.57559
4.61438
4.62157
4.60056
4.5792
4.62625
4.61256
4.59765
4.6187
4.59924
4.6343
4.62298
4.6052
4.60784
4.61597
4.62957
4.58783
4.59607
4.60476
4.59442
4.62247
4.59987
4.59076
4.58601
4.56073
4.5996
4.59422
4.59998
4.60963
4.59047
4.57773
4.60576
4.62351
4.61494
4.59932
4.57104
4.58981
4.62332
4.59722
4.60082
4.62345
4.58663
4.64566
4.62533
4.61312
4.5791
4.59768
4.59762
4.57333
4.58515
4.60249
4.60958
4.5866
4.60876
4.55883
4.61789
4.61026
4.59998
4.60106
4.59286
4.61383
4.63244
4.59434
4.58611
4.60463
4.59607
4.60513
4.59298
4.56427
4.60372
4.63284
4.60905
4.60672
4.62376
4.61871
4.60102
4.62563
4.60902
4.61084
4.60459
4.59393
4.6126
4.60064
4.59432
4.5874
4.63794
4.56987
4.57847
4.59189
4.64551
4.61661
4.6036
4.58615
4.61587
4.57458
4.62409
4.58257
4.58718
4.60489
4.58965
4.61367
4.59471
4.56832
4.57794
4.59411
4.58518
4.62122
4.57171
4.59971
4.60781
4.57273
4.59299
4.60152
4.60641
4.59701
4.5896
4.6071
4.57818
4.61763
4.60343
4.61114
4.60879
4.58309
4.60115
4.60553
4.58048
4.60679
4.5671
4.60108
4.58838
4.5982
4.60984
4.61459
4.61057
4.58999
4.58637
4.6423
4.63552
4.59688
4.58464
4.57134
4.63447
4.61643
4.59586
4.59329
4.61095
4.57151
4.60093
4.60267
4.62517
4.57418
4.60051
4.60767
4.58498
4.57489
4.60108
4.59197
4.60179
4.59106
4.59757
4.606
4.59631
4.59448
4.58802
4.60232
4.62835
4.59641
4.59779
4.62887
4.60381
4.66503
4.63319
4.62176
4.6024
4.62101
4.60368
4.60546
4.58
4.57851
4.61832
4.59993
4.56486
4.60316
4.59187
4.59601
4.61006
4.59219
4.61246
4.58897
4.57962
4.60633
4.58615
4.62239
4.59624
4.57433
4.59394
4.59294
4.63827
4.61194
4.6093
4.61586
4.60718
4.62015
4.61343
4.57829
4.59473
4.58372
4.5936
4.61645
4.60306
4.59506
4.59341
4.62068
4.59416
4.61352
4.62624
4.59519
4.59455
4.61577
4.59833
4.58261
4.60057
4.58122
4.59361
4.58544
4.57966
4.59496
4.59965
4.60305
4.63277
4.62607
4.59931
4.59278
4.64299
4.58492
4.60443
4.58612
4.6067
4.62863
4.57307
4.61945
4.62837
4.60569
4.59163
4.61905
4.58778
4.61237
4.58473
4.5766
4.56913
4.63716
4.59034
4.63568
4.59783
4.62199
4.58869
4.59488
4.60108
4.61469
4.59288
4.62312
4.64052
4.60135
4.59702
4.59853
4.60801
4.62834
4.60005
4.59657
4.60251
4.60465
4.61935
4.5816
4.58893
4.66223
4.61209
4.58959
4.59299
4.58429
4.59247
4.61362
4.59073
4.58411
4.63438
4.58344
4.60317
4.58413
4.59793
4.64187
4.59473
4.60431
4.59671
4.60135
4.58216
4.59031
4.59756
4.61897
4.61876
4.63655
4.60541
4.60427
4.59632
4.6154
4.60245
4.59208
4.60564
4.59125
4.57522
4.62828
4.58279
4.59241
4.62064
4.5996
4.63688
4.5944
4.59535
4.58252
4.57298
4.61232
4.58461
4.61428
4.58347
4.59697
4.63003
4.58334
4.59923
4.61672
4.59606
4.59012
4.57698
4.60162
4.61355
4.58583
4.60882
4.60858
4.58764
4.57308
4.5665
4.5666
4.59776
4.61273
4.60041
4.63094
4.63459
4.5878
4.58684
4.5975
4.63701
4.62306
4.6104
4.5683
4.63428
4.62689
4.57846
4.59825
4.61324
4.6023
4.62214
4.60537
4.64115
4.61548
4.58716
4.59122
4.58789
4.60923
4.59062
4.58316
4.58514
4.60865
4.59801
4.58028
4.60371
4.61111
4.60741
4.57716
4.59876
4.6067
4.61423
4.59401
4.58822
4.60641
4.61209
4.57004
4.62338
4.59422
4.57851
4.60031
4.58827
4.58997
4.57251
4.62059
4.61458
4.5804
4.59491
4.61578
4.60311
4.64233
4.62974
4.59746
4.63139
4.63108
4.60016
4.59636
4.58898
4.59722
4.60547
4.60198
4.57172
4.60217
4.61846
4.63039
4.61985
4.60565
4.61234
4.58253
4.61117
4.60637
4.59976
4.60939
4.58792
4.62741
4.60019
4.63251
4.60404
4.58801
4.61024
4.61271
4.5962
4.59572
4.61336
4.62385
4.58963
4.62368
4.60251
4.5749
4.59751
4.593
4.60598
4.59089
4.62323
4.64373
4.58856
4.59524
4.60832
4.58828
4.62259
4.58121
4.58245
4.62004
4.60944
4.57279
4.5915
4.60006
4.62359
4.58799
4.62768
4.61142
4.62013
4.60563
4.61994
4.59741
4.62298
4.59717
4.56435
4.60231
4.6004
4.5944
4.59547
4.62074
4.55309
4.59548
4.60184
4.59087
4.58292
4.57096
4.56036
4.58308
4.5835
4.58502
4.63254
4.61784
4.60104
4.59513
4.59014
4.60846
4.60283
4.57815
4.5816
4.60612
4.59006
4.58368
4.6118
4.60442
4.60315
4.61847
4.60021
4.61793
4.59957
4.57957
4.59515
4.58612
4.58003
4.6073
4.59465
4.59475
4.59102
4.60009
4.60768
4.5961
4.60373
4.60133
4.59697
4.6035
4.57623
4.58581
4.58379
4.60257
4.58323
4.56887
4.61836
4.57404
4.6214
4.6265
4.60633
4.61198
4.61012
4.60924
4.62918
4.59105
4.61324
4.63898
4.61508
4.58944
4.63195
4.59405
4.59157
4.62047
4.61135
4.61625
4.58915
4.58464
4.58806
4.59837
4.56136
4.58856
4.59919
4.56457
4.61836
4.60284
4.61318
4.58781
4.59367
4.58838
4.59269
4.59592
4.56993
4.6289
4.59442
4.58423
4.57884
4.60072
4.61635
4.60379
4.61072
4.61828
4.58385
4.61911
4.60807
4.58683
4.60165
4.58688
4.59153
4.59854
4.57325
4.6039
4.64716
4.59299
4.60543
4.59469
4.60829
4.59997
4.59771
4.60814
4.63075
4.60232
4.56933
4.58428
4.59996
4.6008
4.60398
4.61115
4.62274
4.61338
4.63456
4.62943
4.59644
4.59873
4.5895
4.59692
4.5953
4.6037
4.62819
4.56784
4.62818
4.60518
4.60834
4.60701
4.57798
4.60449
4.59864
4.63443
4.60806
4.60016
4.57838
4.58124
4.59236
4.61437
4.58506
4.60269
4.629
4.61728
4.60177
4.60015
4.57734
4.63969
4.59495
4.59918
4.5976
4.59886
4.59586
4.59035
4.57643
4.61945
4.57926
4.59212
4.61743
4.59711
4.59473
4.59556
4.58245
4.60204
4.60005
4.63194
4.59768
4.5947
4.59223
4.58332
4.61605
4.59546
4.59486
4.62588
4.59165
4.63881
4.60533
4.61031
4.61048
4.57828
4.5728
4.58681
4.60224
4.63518
4.61948
4.63608
4.58174
4.60133
4.59249
4.59229
4.58564
4.56638
4.60561
4.60671
4.61395
4.61101
4.57873
4.59271
4.60669
4.60411
4.57466
4.60585
4.61905
4.62227
4.61104
4.60769
4.60627
4.61695
4.60021
4.58115
4.59706
4.62695
4.60785
4.61322
4.5984
4.61219
4.59743
4.57793
4.61256
4.61332
4.6022
4.59633
4.57812
4.58098
4.61614
4.60894
4.60156
4.61832
4.59392
4.60338
4.60121
4.62296
4.60496
4.57867
4.58537
4.59293
4.57118
4.61808
4.61679
4.59841
4.5915
4.61124
4.61342
4.61526
4.5934
4.6076
4.63324
4.59561
4.6004
4.61373
4.6144
4.58735
4.63758
4.596
4.61852
4.60968
4.58193
4.60058
4.64041
4.57943
4.5959
4.61082
4.61524
4.63351
4.61572
4.60851
4.59631
4.61902
4.57432
4.5536
4.61911
4.58975
4.61382
4.61109
4.58944
4.58968
4.58825
4.59632
4.59076
4.57899
4.61259
4.63874
4.60706
4.61769
4.60057
4.61474
4.58207
4.62655
4.603
4.59544
4.60028
4.60686
4.58987
4.58295
4.59933
4.56819
4.58936
4.62457
4.62776
4.59384
4.57818
4.61431
4.58497
4.59108
4.57936
4.57998
4.60514
4.57321
4.60521
4.58989
4.60437
4.59489
4.60768
4.58064
4.62145
4.58316
4.61171
4.58805
4.58441
4.61217
4.64598
4.59137
4.62727
4.5975
4.57695
4.58094
4.61494
4.58978
4.57734
4.60279
4.61229
4.57165
4.6178
4.58701
4.61826
4.617
4.60052
4.61749
4.58837
4.57701
4.60116
4.61316
4.62132
4.60974
4.59619
4.57309
4.64653
4.59592
4.586
4.56566
4.62361
4.60142
4.59405
4.63566
4.6041
4.588
4.61399
4.57934
4.59485
4.61617
4.5755
4.60945
4.643
4.61144
4.56079
4.60764
4.5944
4.61151
4.60244
4.60864
4.5996
4.6174
4.59125
4.61704
4.61841
4.59505
4.60666
4.57075
4.60638
4.61497
4.61833
4.63197
4.59298
4.60658
4.60914
4.64219
4.60694
4.5933
4.62764
4.59603
4.61536
4.55033
4.6161
4.61489
4.61024
4.59888
4.6338
4.58081
4.58663
4.5818
4.59122
4.59355
4.59417
4.58859
4.59196
4.58503
4.60736
4.59031
4.61655
4.58767
4.57906
4.61799
4.60421
4.58642
4.57983
4.63051
4.59217
4.59754
4.5967
4.64047
4.59407
4.59273
4.61068
4.60769
4.58649
4.57907
4.59595
4.60272
4.60929
4.61892
4.61239
4.59851
4.57692
4.58503
4.59623
4.5924
4.58485
4.60227
4.58501
4.55821
4.64215
4.57654
4.61511
4.60388
4.60025
4.59933
4.62604
4.59687
4.59607
4.60507
4.60253
4.57921
4.59499
4.60001
4.67894
4.60516
4.58847
4.59911
4.60301
4.61537
4.59341
4.57444
4.60966
4.60502
4.60574
4.58178
4.60088
4.59347
4.58461
4.61807
4.61948
4.59918
4.58009
4.6076
4.6005
4.58584
4.60217
4.63407
4.60379
4.61361
4.6001
4.5927
4.60841
4.62659
4.59642
4.61289
4.61205
4.60455
4.58374
4.5758
4.56925
4.57427
4.59718
4.56817
4.58977
4.5944
4.59035
4.6017
4.5912
4.60432
4.60714
4.58158
4.6028
4.61144
4.60545
4.61331
4.56704
4.58581
4.58475
4.63148
4.58864
4.58358
4.6168
4.61587
4.61678
4.62362
4.62777
4.59931
4.58137
4.60766
4.59659
4.59565
4.60791
4.60148
4.59582
4.61297
4.57213
4.62948
4.59405
4.62955
4.61208
4.62023
4.60093
4.55427
4.61712
4.59639
4.62014
4.58115
4.60581
4.56202
4.60738
4.6141
4.61201
4.62031
4.60362
4.62391
4.58286
4.57512
4.59646
4.59642
4.59619
4.61359
4.58768
4.59469
4.59831
4.62069
4.56748
4.58665
4.62576
4.62183
4.5546
4.60953
4.61578
4.60915
4.61598
4.56918
4.59001
4.5942
4.59114
4.58139
4.61146
4.58902
4.59323
4.59746
4.58179
4.62836
4.58947
4.60628
4.61584
4.59371
4.59874
4.60227
4.58103
4.66439
4.60083
4.56501
4.63009
4.6303
4.61633
4.61759
4.59612
4.57894
4.60147
4.57779
4.62619
4.60521
4.57739
4.59712
4.63477
4.62836
4.59206
4.57332
4.6028
4.59599
4.61788
4.59505
4.58952
4.56977
4.5943
4.58274
4.58998
4.61252
4.58637
4.62297
4.59476
4.61953
4.6017
4.59689
4.61492
4.61181
4.59748
4.58588
4.55776
4.61976
4.56568
4.59999
4.61336
4.63729
4.60473
4.59959
4.6206
4.60698
4.57534
4.60094
4.59772
4.59199
4.58512
4.59038
4.61044
4.6245
4.59209
4.62739
4.59098
4.60973
4.6304
4.59084
4.59141
4.61294
4.63658
4.62221
4.6184
4.60684
4.61754
4.61947
4.57979
4.61355
4.62725
4.62701
4.5868
4.60991
4.59647
4.59621
4.58781
4.58162
4.59183
4.61234
4.59671
4.60346
4.60353
4.5975
4.60161
4.61971
4.58604
4.64326
4.57848
4.60964
4.59724
4.59609
4.61334
4.61247
4.60288
4.61534
4.60229
4.55454
4.59946
4.60605
4.58385
4.60492
4.62464
4.58417
4.63001
4.58029
4.59027
4.63963
4.59727
4.59374
4.5878
4.59942
4.59484
4.60456
4.59863
4.61432
4.61712
4.59026
4.64223
4.62859
4.6228
4.63682
4.6291
4.61715
4.60164
4.60058
4.6007
4.61033
4.63055
4.5922
4.60105
4.6044
4.59264
4.58168
4.57264
4.57064
4.64046
4.56943
4.61854
4.60016
4.57781
4.63173
4.58902
4.62619
4.60921
4.57841
4.58754
4.61656
4.62307
4.57965
4.57181
4.62386
4.56365
4.59416
4.57529
4.5819
4.59355
4.60843
4.60441
4.60711
4.59147
4.63126
4.56514
4.581
4.59385
4.58972
4.57364
4.5862
4.57164
4.63744
4.58144
4.59579
4.59603
4.59348
4.60773
4.61869
4.62132
4.62409
4.59893
4.59413
4.5983
4.60022
4.58971
4.60031
4.59802
4.61307
4.64628
4.58615
4.58959
4.58275
4.61143
4.60185
4.60592
4.57603
4.56756
4.63067
4.58462
4.60117
4.58893
4.59843
4.59496
4.57989
4.62815
4.6258
4.59143
4.61034
4.5844
4.65061
4.60798
4.65213
4.58613
4.57235
4.58647
4.58763
4.6056
4.63464
4.61244
4.59409
4.62166
4.58932
4.61312
4.60224
4.60895
4.58689
4.57491
4.58475
4.61505
4.60308
4.61755
4.61746
4.61685
4.59758
4.58079
4.59188
4.59516
4.61519
4.60152
4.61842
4.58094
4.60876
4.58601
4.59627
4.60752
4.5978
4.59278
4.60319
4.59963
4.58576
4.58737
4.5969
4.60809
4.62122
4.61026
4.56854
4.64091
4.62798
4.57967
4.59751
4.59502
4.61203
4.58873
4.57593
4.60521
4.64174
4.60798
4.59051
4.59262
4.61039
4.58916
4.58508
4.61353
4.60095
4.60575
4.60094
4.59274
4.60581
4.58195
4.58482
4.64387
4.62935
4.59962
4.57854
4.58666
4.61284
4.59315
4.6202
4.61453
4.60102
4.5754
4.59922
4.5912
4.61484
4.57174
4.58315
4.59365
4.59707
4.60737
4.59842
4.59963
4.58769
4.58432
4.5837
4.59999
4.65729
4.60166
4.57566
4.59635
4.62365
4.60847
4.62312
4.61229
4.59702
4.61347
4.61478
4.59511
4.591
4.62536
4.59169
4.60331
4.60928
4.61895
4.62072
4.61403
4.59604
4.59236
4.60616
4.595
4.58419
4.60436
4.57742
4.58721
4.61763
4.62067
4.59136
4.60449
4.57873
4.61
4.62227
4.59071
4.61019
4.59245
4.56823
4.59078
4.6075
4.61877
4.60355
4.59871
4.59067
4.58994
4.62754
4.60385
4.64792
4.5994
4.57575
4.61805
4.60537
4.59768
4.60858
4.60366
4.57016
4.6149
4.6094
4.59861
4.59752
4.60762
4.58882
4.60883
4.57646
4.62839
4.62302
4.60988
4.58585
4.59309
4.57859
4.61141
4.60562
4.58368
4.57666
4.59478
4.60295
4.58985
4.60383
4.58772
4.61573
4.61275
4.602
4.60151
4.5915
4.63531
4.62453
4.58946
4.5829
4.58961
4.60906
4.59974
4.59743
4.58997
4.58428
4.60112
4.63302
4.58481
4.60844
4.62786
4.61954
4.59113
4.62518
4.59833
4.59841
4.59725
4.60432
4.59836
4.59372
4.57837
4.59063
4.60978
4.59367
4.61197
4.58969
4.59707
4.61512
4.61699
4.60982
4.60317
4.61297
4.6119
4.60429
4.5848
4.60322
4.6156
4.58718
4.61868
4.61223
4.60578
4.61217
4.62502
4.62848
4.59558
4.61192
4.60453
4.60352
4.58304
4.58856
4.60742
4.59461
4.56896
4.60917
4.60969
4.60923
4.61876
4.63594
4.62036
4.61392
4.63153
4.6049
4.58557
4.57862
4.6022
4.60423
4.60171
4.59703
4.61724
4.60224
4.59766
4.6136
4.57461
4.59571
4.59677
4.64603
4.61495
4.59543
4.63939
4.60076
4.61058
4.58854
4.61098
4.59654
4.60494
4.5825
4.60083
4.61469
4.61462
4.5878
4.62014
4.60141
4.58258
4.57779
4.63665
4.60751
4.61367
4.60699
4.62726
4.62384
4.58775
4.61015
4.58965
4.61816
4.59002
4.57813
4.60773
4.61867
4.61814
4.61898
4.59015
4.59927
4.60274
4.60284
4.60656
4.57028
4.62404
4.63217
4.59671
4.6199
4.57249
4.60968
4.60651
4.60241
4.5943
4.62303
4.56913
4.60449
4.58491
4.62948
4.62029
4.61323
4.61424
4.61928
4.60222
4.63434
4.56952
4.63967
4.60017
4.59687
4.59518
4.58025
4.60403
4.59656
4.57739
4.64764
4.60743
4.59917
4.59908
4.6219
4.6304
4.60985
4.60001
4.60343
4.60592
4.60443
4.60093
4.60023
4.60053
4.60247
4.61479
4.58695
4.62786
4.62147
4.60218
4.56862
4.5752
4.6016
4.60124
4.6068
4.60381
4.58693
4.59952
4.63698
4.61792
4.57838
4.60946
4.58802
4.62746
4.64408
4.59782
4.61065
4.58277
4.61707
4.60614
4.60672
4.6265
4.61781
4.57122
4.61145
4.6023
4.61932
4.60832
4.59431
4.60221
4.60805
4.59715
4.58961
4.60727
4.59819
4.5938
4.63182
4.59702
4.56626
4.57201
4.62327
4.61958
4.58685
4.58812
4.60873
4.6071
4.59904
4.61391
4.61344
4.58003
4.5801
4.5898
4.61119
4.60882
4.60078
4.59967
4.58132
4.60037
4.60171
4.58564
4.59258
4.60542
4.61151
4.59829
4.63109
4.63376
4.58976
4.62812
4.58208
4.61042
4.60712
4.59953
4.60277
4.59921
4.60373
4.59718
4.63172
4.6004
4.59533
4.58307
4.61291
4.62149
4.62945
4.63634
4.58965
4.60294
4.60267
4.61426
4.65187
4.61397
4.60038
4.63414
4.57705
4.58207
4.62595
4.61865
4.59696
4.59839
4.62946
4.61828
4.60886
4.59234
4.60622
4.61656
4.65392
4.58131
4.58922
4.56928
4.60988
4.6125
4.62728
4.61248
4.62212
4.60111
4.59428
4.59652
4.57802
4.61599
4.61761
4.61481
4.60805
4.6087
4.62478
4.59367
4.61495
4.6292
4.60913
4.58529
4.59489
4.60434
4.61805
4.61327
4.6464
4.60441
4.66088
4.59159
4.61638
4.65147
4.56215
4.57412
4.58031
4.58325
4.5818
4.5557
4.59084
4.57712
4.57668
4.58679
4.6459
4.58498
4.59508
4.6248
4.58557
4.5969
4.58922
4.58495
4.58855
4.61673
4.61005
4.5969
4.57668
4.60851
4.60568
4.61698
4.59793
4.62579
4.60753
4.59749
4.60512
4.59514
4.59607
4.59483
4.5799
4.6043
4.59836
4.5648
4.6017
4.60405
4.6601
4.6044
4.58895
4.62306
4.59287
4.62348
4.61301
4.61263
4.60219
4.58326
4.59197
4.59625
4.60012
4.60354
4.59061
4.61127
4.61159
4.61728
4.60997
4.59541
4.58316
4.60209
4.62333
4.5995
4.60921
4.60218
4.61608
4.58376
4.59724
4.60033
4.58314
4.60261
4.59812
4.60074
4.59438
4.57848
4.60743
4.58691
4.6309
4.59117
4.589
4.57493
4.59344
4.62879
4.62201
4.59991
4.58094
4.57153
4.60799
4.59609
4.6072
4.59542
4.59844
4.60448
4.62282
4.59158
4.60713
4.62272
4.57315
4.62244
4.59023
4.63116
4.64124
4.60215
4.61297
4.5901
4.5766
4.60512
4.58071
4.57123
4.60886
4.61768
4.61717
4.56497
4.5715
4.60024
4.63592
4.61747
4.60157
4.61267
4.60493
4.59744
4.598
4.58744
4.61058
4.62223
4.5839
4.5639
4.58157
4.57784
4.60272
4.59894
4.62252
4.57395
4.63308
4.6228
4.64266
4.60408
4.63966
4.58826
4.61172
4.60131
4.59201
4.62095
4.57964
4.58378
4.58958
4.59792
4.60216
4.60367
4.58217
4.61751
4.59359
4.61113
4.60354
4.61957
4.60592
4.60396
4.5942
4.58674
4.59978
4.57383
4.59043
4.6188
4.61132
4.6149
4.58608
4.59377
4.60287
4.60452
4.6011
4.62343
4.58104
4.58898
4.61908
4.59674
4.61311
4.60651
4.57558
4.63614
4.61824
4.58721
4.64229
4.58893
4.61784
4.59002
4.60111
4.58655
4.5783
4.59449
4.59099
4.59146
4.61424
4.62275
4.61102
4.63239
4.60387
4.60876
4.61448
4.63981
4.60985
4.58501
4.59944
4.58154
4.60758
4.60894
4.5958
4.61984
4.5814
4.59829
4.5833
4.61902
4.62042
4.58997
4.57965
4.63529
4.589
4.63758
4.60644
4.6006
4.612
4.60469
4.632
4.59349
4.61334
4.59485
4.60736
4.59916
4.58951
4.58217
4.59717
4.60273
4.58471
4.63905
4.62961
4.59052
4.6344
4.56101
4.61139
4.59318
4.59799
4.62495
4.5877
4.59904
4.56537
4.59383
4.60884
4.61144
4.59451
4.63623
4.59262
4.60393
4.61314
4.59886
4.60534
4.59815
4.59031
4.61304
4.60028
4.58504
4.62037
4.56788
4.60447
4.62606
4.62827
4.58226
4.63039
4.61003
4.63941
4.62217
4.59995
4.58534
4.60835
4.61238
4.58814
4.60117
4.59097
4.58323
4.59446
4.59966
4.59687
4.57807
4.56865
4.61113
4.59019
4.60834
4.59617
4.60244
4.63686
4.58086
4.63932
4.5752
4.59487
4.61297
4.6313
4.57413
4.62723
4.60063
4.61168
4.59712
4.6012
4.61339
4.62499
4.6272
4.62997
4.58338
4.60491
4.59544
4.64857
4.61948
4.59085
4.5749
4.60464
4.63392
4.59235
4.59051
4.59656
4.59752
4.62069
4.59636
4.59982
4.62608
4.57673
4.60386
4.62196
4.60175
4.57665
4.58286
4.6269
4.6016
4.58919
4.61647
4.60358
4.60493
4.58199
4.60678
4.62871
4.6133
4.58271
4.60028
4.62226
4.593
4.60679
4.62614
4.60762
4.56856
4.56786
4.62332
4.57026
4.59273
4.60083
4.57483
4.64156
4.58225
4.59101
4.61068
4.61377
4.62903
4.57037
4.63095
4.60045
4.59743
4.64087
4.62141
4.56939
4.57347
4.60971
4.56854
4.6224
4.63656
4.60336
4.59444
4.61475
4.5794
4.58068
4.62972
4.59296
4.57389
4.60832
4.58188
4.61141
4.58464
4.60118
4.59545
4.6124
4.60466
4.59388
4.57185
4.59928
4.59756
4.61839
4.57361
4.58545
4.60298
4.59565
4.60346
4.58188
4.60998
4.60828
4.60306
4.59416
4.57748
4.60583
4.59714
4.5805
4.6245
4.60599
4.6283
4.58986
4.58699
4.59708
4.58961
4.60919
4.58552
4.61171
4.59114
4.60432
4.6204
4.60654
4.60341
4.6056
4.60344
4.60744
4.58893
4.60437
4.62891
4.61097
4.59728
4.60138
4.62317
4.58979
4.62763
4.60173
4.61432
4.62684
4.58868
4.61727
4.60181
4.60869
4.59637
4.6228
4.61155
4.60124
4.60127
4.58002
4.62905
4.61662
4.62251
4.61426
4.61628
4.60624
4.58874
4.59005
4.60843
4.56941
4.62005
4.61438
4.60871
4.62201
4.58912
4.62006
4.57339
4.5937
4.61261
4.61612
4.59263
4.63114
4.58804
4.61584
4.63271
4.59487
4.66309
4.60057
4.60865
4.61055
4.58116
4.57812
4.57668
4.59796
4.61305
4.61517
4.60031
4.59866
4.59119
4.63728
4.60579
4.62761
4.59556
4.57663
4.57951
4.62527
4.61698
4.59682
4.63092
4.55753
4.62167
4.62685
4.59719
4.62169
4.60942
4.57681
4.59203
4.61994
4.58151
4.6172
4.61641
4.65385
4.59872
4.59986
4.58169
4.58152
4.58767
4.60667
4.59716
4.61802
4.60795
4.58219
4.61611
4.58398
4.59768
4.61851
4.61195
4.59125
4.61057
4.57352
4.62722
4.60797
4.61404
4.62748
4.60804
4.63059
4.61079
4.61056
4.62663
4.60454
4.60121
4.62272
4.57469
4.59932
4.61783
4.6003
4.5933
4.61821
4.59878
4.60353
4.61292
4.60726
4.57713
4.59158
4.59021
4.61428
4.61244
4.59075
4.61482
4.5858
4.62562
4.57989
4.60719
4.60411
4.59441
4.57674
4.60341
4.59799
4.62993
4.57986
4.62999
4.60622
4.59315
4.62636
4.61028
4.59707
4.591
4.61112
4.61486
4.6142
4.60545
4.62731
4.60959
4.60098
4.61389
4.61031
4.59155
4.58607
4.58117
4.61682
4.61432
4.60669
4.5779
4.60267
4.591
4.60529
4.61117
4.58263
4.63398
4.59449
4.6031
4.60798
4.59893
4.63981
4.60456
4.56154
4.59838
4.57133
4.61752
4.5821
4.59981
4.62074
4.63415
4.57262
4.61621
4.60481
4.58661
4.61483
4.59587
4.5978
4.59791
4.58592
4.60265
4.61232
4.57797
4.61541
4.62429
4.60566
4.606
4.61312
4.59534
4.58824
4.58574
4.6231
4.5849
4.6147
4.60919
4.59714
4.56698
4.61552
4.62175
4.62657
4.58305
4.59281
4.60914
4.61152
4.59429
4.62737
4.66328
4.63589
4.62097
4.57967
4.6133
4.56981
4.61499
4.59241
4.5951
4.59729
4.60906
4.65798
4.63363
4.60806
4.61022
4.60859
4.5845
4.62917
4.64832
4.57372
4.60416
4.62128
4.60526
4.63254
4.58189
4.61252
4.62165
4.60636
4.60819
4.63544
4.58373
4.58101
4.59475
4.58729
4.60163
4.59184
4.6025
4.58495
4.61093
4.60391
4.58598
4.60172
4.61932
4.61783
4.61395
4.63183
4.62038
4.58326
4.63649
4.59051
4.63727
4.61824
4.59723
4.61041
4.60143
4.58955
4.61493
4.59112
4.60231
4.58921
4.62191
4.60631
4.60834
4.58796
4.6234
4.61469
4.59933
4.62146
4.6178
4.60786
4.61045
4.61127
4.59127
4.57163
4.62664
4.6035
4.59969
4.61058
4.58887
4.58892
4.59475
4.63277
4.61628
4.60097
4.64147
4.63391
4.58217
4.61234
4.60418
4.62064
4.60551
4.58825
4.59651
4.60014
4.6006
4.58934
4.60366
4.64143
4.60558
4.5842
4.60215
4.58173
4.61431
4.62318
4.5921
4.5981
4.57064
4.59699
4.58987
4.62862
4.59088
4.61902
4.61706
4.61624
4.58897
4.60165
4.59657
4.61097
4.59641
4.58303
4.58574
4.60667
4.58526
4.58777
4.61394
4.60942
4.58395
4.62516
4.60951
4.62811
4.59404
4.60333
4.60512
4.58466
4.58447
4.63363
4.57661
4.61622
4.61085
4.5848
4.59533
4.59188
4.59207
4.5965
4.57189
4.59563
4.59403
4.608
4.60531
4.61498
4.59017
4.56688
4.58359
4.62195
4.58071
4.593
4.60589
4.59829
4.60543
4.58555
4.63667
4.60264
4.60599
4.61126
4.64342
4.60232
4.62374
4.58667
4.63937
4.61684
4.62472
4.56143
4.65037
4.56828
4.61187
4.61977
4.57987
4.61542
4.60518
4.56567
4.59478
4.61388
4.56487
4.59951
4.5972
4.62165
4.58838
4.56627
4.59052
4.64383
4.61108
4.5734
4.61544
4.60411
4.63095
4.61757
4.57549
4.5843
4.60647
4.60373
4.58475
4.60696
4.6361
4.60531
4.58965
4.60401
4.59561
4.57045
4.59302
4.58958
4.58665
4.60942
4.63661
4.60023
4.59263
4.57488
4.60294
4.57624
4.62597
4.64366
4.56951
4.59634
4.64492
4.60056
4.61438
4.59767
4.60317
4.58573
4.59991
4.62407
4.60204
4.61692
4.6062
4.60629
4.61579
4.60576
4.60366
4.61665
4.61484
4.60048
4.6199
4.61604
4.60146
4.59099
4.58226
4.61992
4.61902
4.61881
4.59204
4.63184
4.55671
4.61074
4.587
4.60468
4.59162
4.59088
4.59034
4.6098
4.60572
4.61805
4.60409
4.63431
4.59184
4.59344
4.59618
4.59415
4.6095
4.60601
4.59203
4.5939
4.59022
4.56609
4.59332
4.65105
4.58735
4.60098
4.62573
4.57656
4.60771
4.60592
4.60774
4.60262
4.619
4.60788
4.59755
4.6046
4.61135
4.60439
4.59635
4.61921
4.56597
4.59727
4.59635
4.58384
4.61617
4.58715
4.59817
4.59072
4.61577
4.59682
4.56409
4.57335
4.57324
4.62128
4.57594
4.61735
4.64007
4.60633
4.58937
4.6109
4.64063
4.61612
4.58167
4.6136
4.58241
4.62395
4.60055
4.60233
4.57715
4.60272
4.58366
4.60717
4.6201
4.66455
4.60315
4.61224
4.58532
4.67071
4.60262
4.60725
4.59898
4.58969
4.6014
4.60994
4.57232
4.5902
4.63682
4.59825
4.59626
4.6379
4.60783
4.59042
4.60184
4.64787
4.59972
4.59011
4.60419
4.6057
4.62066
4.58382
4.60923
4.58338
4.60695
4.60478
4.62934
4.60547
4.5831
4.60364
4.59789
4.59305
4.62276
4.5922
4.58376
4.58577
4.6279
4.60517
4.60812
4.5782
4.58444
4.62845
4.59464
4.65391
4.59293
4.64447
4.5884
4.60228
4.63061
4.59242
4.60534
4.6143
4.60247
4.61392
4.65083
4.60572
4.59493
4.61456
4.64018
4.59746
4.60108
4.59939
4.58268
4.59647
4.60109
4.61913
4.62325
4.58467
4.59501
4.60474
4.56836
4.61223
4.60008
4.58114
4.65515
4.60595
4.61752
4.62801
4.59668
4.61088
4.6214
4.61544
4.6014
4.57688
4.61333
4.59958
4.58514
4.60393
4.62323
4.64059
4.60096
4.59672
4.62083
4.57533
4.62064
4.59702
4.59753
4.6057
4.56925
