0
0.00129986
0.00359515
0.00321196
0.0113259
0.0110487
0.0143059
0.0122029
0.0195727
0.0202773
0.0247266
0.0209247
0.0280728
0.0297103
0.0342819
0.0142469
0.0416571
0.0334914
0.0294432
0.0574764
0.0691152
0.054654
0.0532892
0.0633841
0.0250513
0.0813904
0.0763006
0.0713552
0.0887902
0.0581655
0.086781
0.0529631
0.06369
0.0661557
0.059986
0.107042
0.0899922
0.123584
0.0691592
0.141648
0.122448
0.111463
0.0891592
0.191719
0.162978
0.0967568
0.131063
0.179953
0.146827
0.136893
0.119195
0.156259
0.120253
0.142883
0.0823132
0.146314
0.109417
0.226053
0.194939
0.215082
0.131128
0.189051
0.22226
0.147152
0.142785
0.161101
0.143296
0.141208
0.124004
0.195881
0.17745
0.163544
0.273026
0.263245
0.187681
0.231123
0.264767
0.16899
0.281624
0.184254
0.19359
0.413255
0.255808
0.231458
0.352048
0.197787
0.295872
0.28738
0.251512
0.181447
0.240717
0.24208
0.201187
0.250409
0.409712
0.184224
0.325529
0.282808
0.20756
0.384176
0.281573
0.372691
0.358049
0.315857
0.428835
0.2123
0.323798
0.275198
0.403054
0.367015
0.331068
0.333335
0.295469
0.181362
0.276872
0.491599
0.315084
0.337697
0.272555
0.276791
0.364948
0.388045
0.370405
0.392009
0.250405
0.361414
0.378984
0.351871
0.407051
0.296054
0.509755
0.503266
0.538538
0.376661
0.334994
0.4306
0.443077
0.319163
0.413817
0.545844
0.330319
0.289522
0.460824
0.458014
0.456424
0.343792
0.521776
0.384148
0.347497
0.380658
0.270096
0.360403
0.418247
0.316097
0.311406
0.566632
0.746189
0.420459
0.540689
0.330521
0.40148
0.450179
0.328456
0.517037
0.38945
0.393762
0.534572
0.42174
0.51518
0.339728
0.237302
0.524274
0.488431
0.296669
0.477334
0.420663
0.595147
0.768021
0.425688
0.437119
0.30593
0.463522
0.466
0.373851
0.587121
0.431168
0.743128
0.347328
0.491242
0.638315
0.493771
0.484438
0.490789
0.640009
0.601792
0.532005
0.623004
0.532781
0.468415
0.570162
0.477062
0.631642
0.876122
0.492448
0.446767
0.498012
0.619152
0.52864
0.754856
0.58574
0.442616
0.416032
0.560592
0.566627
0.491381
0.544903
0.56491
0.502842
0.550367
0.397308
0.465016
0.466194
0.744374
0.615699
0.560515
0.579072
0.756256
0.459489
0.341751
0.535192
0.514341
0.665374
0.624186
0.629157
0.555995
0.701009
0.405237
0.655963
0.665564
0.827908
0.397283
0.643683
0.705047
0.770005
0.751766
0.604158
0.797643
0.603472
0.672572
0.604457
0.670143
0.751749
0.649335
0.897174
0.431632
0.492615
0.480596
0.506785
0.550967
0.770849
0.560626
1.04646
0.810285
0.623726
0.469241
0.53619
0.6031
0.736125
0.592523
0.703016
0.424953
0.692831
0.509283
0.725
0.600286
0.545611
0.636034
0.555929
0.636657
0.6497
0.26978
0.590322
0.563586
0.58591
0.82181
0.702937
0.638648
0.718015
0.550541
0.526546
0.555812
0.682237
0.6068
0.763351
0.545325
0.669779
0.97761
0.644902
0.641906
0.819291
0.556557
0.702184
0.531991
0.672515
0.502564
0.775972
0.951445
0.710791
0.807395
0.502629
0.516091
0.505111
0.779178
0.476721
0.955272
0.489859
0.541968
0.584263
0.603105
0.508051
0.632403
0.528827
0.809404
0.571075
0.456967
0.741722
0.853434
0.532216
0.549772
1.0146
0.548913
0.682245
0.809004
0.727212
0.59713
0.783086
0.816066
0.816036
0.694624
0.677662
0.736638
0.455365
0.72558
0.762676
0.697169
0.557855
0.837941
0.493062
0.568988
0.763528
0.566792
0.989173
0.714982
0.423291
0.590651
0.624854
0.76247
0.518887
0.747065
0.572038
0.90316
0.91974
0.537984
0.508796
0.787438
0.88535
0.75445
0.588967
0.695494
0.807434
0.609436
0.873071
0.729668
0.52243
0.993252
0.927923
1.01283
0.719352
0.627492
0.858722
0.519593
1.05524
0.859798
0.521039
0.845813
0.722286
0.605531
0.552936
1.18102
1.06383
0.63226
0.990763
0.501004
1.08868
0.906647
0.854492
1.0023
0.930135
0.498882
0.889556
0.845668
0.936905
0.718262
0.908283
0.728076
0.886641
1.17264
0.742829
0.980625
0.473242
0.960272
0.746439
0.655142
0.479154
0.846628
0.642151
0.606372
0.836299
0.717886
0.748955
0.558025
0.880189
0.886912
0.823092
0.525905
0.595517
0.508728
0.847703
0.34352
0.703855
0.585734
0.605412
0.807921
0.668295
0.782885
0.935406
0.613332
0.831957
0.665345
0.39271
0.727544
0.796963
0.655219
0.995346
0.942652
0.938794
0.892978
0.794359
0.683384
0.725016
0.786178
0.707528
0.767
0.841758
0.333663
0.921289
0.691142
0.580029
1.04548
1.07212
0.602383
0.760194
0.800274
0.681172
0.650331
0.791382
0.984705
0.759418
0.658084
0.825097
0.910162
0.779668
1.01946
0.850044
1.00418
0.91687
0.735228
0.689615
0.74109
1.0464
1.22743
1.03391
0.759495
0.618159
0.579558
0.32034
0.828335
0.693374
0.769986
0.962711
0.972761
1.11925
0.800162
0.564987
0.553643
1.0368
0.881018
0.654384
0.593709
0.819909
0.83643
0.826184
0.649467
0.929533
0.884386
0.559869
0.564417
0.989487
0.729272
1.00627
0.948942
0.632447
1.28791
1.04572
0.931749
0.995666
0.804156
0.619028
1.15676
0.698597
0.783536
0.729862
0.638744
0.583217
0.820978
0.927201
1.17588
1.02375
0.724356
0.775319
0.712727
0.879485
0.894445
0.638368
0.46232
1.08839
0.962882
1.09673
0.653942
0.64055
0.714726
0.76884
0.52904
0.59008
0.763652
0.739964
0.907735
0.589317
1.1298
0.607712
0.634563
0.434801
0.904198
0.499291
0.958544
1.24614
0.780422
0.940217
0.656204
0.801734
0.777167
1.12297
1.01671
0.812513
0.733634
0.772752
0.90203
0.86347
0.966736
0.640857
0.79038
1.23871
0.740367
0.772781
0.896406
0.962833
0.794003
0.620393
0.99693
0.967888
0.707101
0.669565
0.909605
1.24992
0.735074
0.583815
1.02473
1.02015
1.11034
0.758061
0.841955
1.02724
0.863463
0.853734
0.76749
0.742524
0.856119
0.734213
0.874741
0.732929
0.897088
1.1021
0.963489
1.18589
0.887994
1.00404
0.740989
0.678932
0.676539
0.549689
0.763171
0.653289
0.871159
0.853672
0.67361
0.936547
0.873861
1.04104
0.901107
1.04099
1.02054
0.840942
0.683216
1.09658
0.870184
0.805681
1.12117
0.739826
0.65201
0.939579
1.17441
0.731383
0.851098
0.820642
0.667796
0.589089
0.763612
1.22865
0.853226
0.638943
0.747521
0.666509
1.16716
0.942826
0.627637
1.0363
0.644237
0.848322
0.548192
0.999958
0.653694
0.927673
0.926741
1.04148
1.15758
0.790857
0.750771
0.812387
0.764092
0.681853
0.890527
0.733669
0.421829
0.83831
0.81418
0.929653
1.07972
0.730142
0.691539
0.766058
1.04131
0.597415
0.683775
0.737507
0.967874
0.697417
0.793459
0.79525
0.778127
0.992907
0.607799
0.568697
0.911727
0.786752
0.869179
1.16699
0.769882
1.03731
0.787171
1.01415
0.964186
0.422671
0.725888
0.816195
0.76238
0.71902
0.749405
1.06911
1.14705
1.29616
1.07217
0.810541
0.915035
0.81254
0.586184
0.870576
0.69955
1.00793
0.984932
0.760607
1.15574
0.561206
0.819181
0.824619
0.552316
1.00152
0.980814
0.749964
0.578444
0.835049
0.79515
0.784458
1.12387
1.35132
0.62627
0.594916
0.965402
1.05213
0.715346
0.378132
0.839025
1.08263
0.978044
0.632494
0.81671
1.0692
0.742065
0.941317
1.00185
0.908611
1.29046
0.898162
0.990711
0.927823
0.736902
0.937
1.02041
0.724003
0.971822
0.769877
0.808184
0.901703
0.813881
0.811622
0.938768
0.961863
0.75655
1.31738
0.744952
1.01466
0.881484
1.19863
0.71588
0.788417
1.19275
0.744792
0.860986
0.565486
0.747194
0.823239
1.12232
0.930865
0.714179
0.640048
0.7978
0.639672
1.14287
0.691831
0.816786
0.823784
1.11324
0.6958
1.15887
0.986372
0.72342
0.779599
0.943943
0.574828
0.886202
0.546578
1.23243
0.690919
0.980112
0.748712
1.01075
1.00081
0.998774
0.516269
1.02318
0.985761
0.604489
1.18734
1.32588
0.732115
0.96464
0.605756
0.786521
0.543087
1.23748
0.905021
0.720649
1.27769
1.19277
0.795314
1.04565
1.03698
0.657863
1.20812
0.909614
0.844754
1.24639
1.02887
0.577306
0.610085
0.399509
1.10046
0.549546
0.626365
0.968003
0.374407
0.780119
0.885891
0.976399
0.9677
0.585049
0.993592
0.990336
0.816348
0.983344
1.04376
0.931706
0.93397
0.419715
1.29791
0.80429
1.20113
0.862357
0.75224
0.6749
0.53015
0.939777
1.03391
1.17242
0.690396
1.06482
0.870803
0.780575
0.875462
0.865073
1.18952
1.10843
1.13559
0.86246
0.796222
0.686273
0.624448
1.00644
0.678135
0.926374
0.657855
0.876427
1.03406
0.717204
1.4059
0.713436
0.874126
0.991594
0.986942
0.878805
0.807665
0.883971
1.04492
1.11814
0.991062
0.682733
0.43961
0.832587
0.728256
0.893134
0.889407
0.572961
0.767983
0.641282
1.0683
0.507562
0.69439
0.795956
0.528709
0.894233
1.20437
0.716476
0.936995
1.13607
0.491398
0.619935
0.96322
1.17305
0.997713
0.907344
0.91922
0.947896
0.832879
0.896256
1.04511
0.746406
1.32236
0.84577
0.804969
1.18629
0.939229
0.741685
0.665635
1.00252
0.8609
0.992549
0.814579
1.09135
0.922114
0.856347
1.03002
1.07211
0.661095
0.736966
1.17272
0.873244
1.05807
0.919714
1.19318
0.808983
1.02471
1.1414
0.80068
1.07215
0.833763
0.7885
0.743038
0.698187
1.19829
0.651674
0.510947
0.944849
0.931161
0.930983
0.605722
1.44966
0.884842
0.992426
0.867877
0.89862
1.07968
0.885896
0.715796
1.35967
0.814851
0.998891
0.743281
1.0556
1.03333
1.0292
0.995518
0.721099
0.768912
0.596211
0.501206
0.84781
1.02512
0.89197
0.956702
0.810799
0.731901
0.833626
0.948698
0.826872
0.734448
1.09443
0.800784
1.00184
0.442234
0.943553
1.2977
0.863876
0.9781
0.810742
0.898073
0.6227
0.794721
0.665474
0.594771
0.995588
1.10753
0.882583
1.06795
1.18205
0.816623
1.15444
0.887048
0.879108
0.899163
0.796183
0.7894
0.589719
0.853991
0.605557
0.827109
1.10196
0.723341
1.23457
0.944873
1.21812
0.705556
0.580397
1.00276
0.804318
0.680732
0.662016
1.02692
1.14782
0.800163
1.23427
1.07635
1.29057
0.691757
0.850911
0.889885
0.583725
0.859999
0.593734
1.01999
0.912071
1.21897
1.11794
0.867188
1.02579
0.859942
0.86396
0.834791
0.690924
0.648179
0.813261
0.581164
1.4729
0.904514
1.15069
1.24319
1.2285
0.964398
1.20792
1.35045
0.847797
1.14475
1.13623
0.939953
0.981092
0.954796
0.938633
1.17663
0.36536
1.17282
0.811325
0.927397
1.17129
0.780122
0.511086
1.0548
1.00544
0.898713
0.59775
0.967622
1.05273
0.963446
1.09814
1.28709
0.668111
1.13555
1.08194
0.509231
0.917714
0.782175
0.921395
1.17402
1.16727
1.0451
1.15697
0.814582
0.834227
1.15054
0.893089
1.40627
0.921259
0.792438
0.995294
0.61178
1.06366
0.935737
1.06734
0.662943
0.966382
1.01927
1.1638
0.805033
1.14795
0.890671
0.710088
0.853555
0.88327
0.846286
0.971115
0.94261
1.27109
1.03711
1.16697
0.798962
0.867165
1.01392
1.06602
0.721688
0.706148
1.29918
1.2689
0.70296
1.0097
0.845505
0.707764
0.762589
0.775034
0.82622
1.00432
0.757704
0.70652
0.579387
1.28734
0.719101
1.19215
0.699539
0.975015
0.91351
0.77402
0.764412
0.769372
0.874228
0.592388
0.573825
0.778075
0.691085
1.13895
0.693966
0.540452
1.1322
1.17124
0.902831
0.731537
0.879288
1.10678
0.852381
0.707973
0.921173
0.654646
0.855181
0.788607
0.947468
1.3726
0.795627
0.716292
1.19626
0.532865
1.03937
0.905988
1.09698
1.02388
1.39057
0.707367
1.15928
0.817888
0.465618
1.07097
1.13998
0.830155
0.691355
1.138
0.501953
1.18826
1.52956
1.16554
0.828644
0.882035
0.888586
0.920823
1.22088
1.07338
0.761465
0.65593
0.845782
0.561728
1.02952
0.781993
1.00973
1.18625
1.0371
0.756024
1.09291
1.09202
0.696142
1.03078
0.738942
0.838972
0.940687
0.688587
0.562956
0.748381
1.23646
1.00322
0.776565
0.899226
0.858823
0.744579
0.839537
0.876903
0.627725
0.848367
0.785234
0.94225
1.01191
1.07025
1.09689
0.829957
0.825852
1.0934
0.616548
1.02033
1.0032
0.775562
0.897376
1.03334
0.737089
1.07569
0.886563
0.916794
0.8889
0.79814
1.0051
0.789902
1.21787
0.495171
0.885374
0.821139
1.20328
0.725829
0.753114
0.7593
0.882886
0.65665
0.51792
0.950053
1.06978
1.14857
1.04859
0.879213
0.623305
0.595551
0.737804
1.04473
0.648568
0.802694
0.646788
1.30534
0.569513
0.996553
1.12769
0.973802
0.865273
0.946046
0.477547
0.983931
0.582766
1.02432
0.838445
0.903945
0.909014
0.591126
0.757819
1.36286
1.16529
1.08009
0.834573
0.949431
0.671876
0.922971
0.705511
0.885796
0.695805
0.745192
1.0673
0.688546
0.914653
1.37638
1.11472
0.713716
0.902705
1.10709
0.74634
1.1013
0.893347
1.15296
0.913453
0.884504
1.22999
1.11856
0.959486
1.06697
0.97236
1.22482
0.884711
0.875284
1.43457
0.491369
0.804501
1.20625
1.1127
1.00744
0.681259
0.641442
1.23306
0.816232
0.748073
0.894159
0.87562
0.890772
1.02475
0.856279
0.861067
0.79592
0.899689
0.963067
0.735312
0.827873
0.929232
0.931231
1.01525
0.479506
0.620637
1.20799
0.999769
1.14692
0.945616
0.949007
1.13025
1.16628
1.04329
0.93454
1.13066
1.0154
0.462594
0.954132
0.736971
0.662574
1.33615
0.962908
0.512145
0.904767
0.902721
0.720157
0.881488
1.28917
1.21309
1.02324
1.01808
0.647675
0.662876
0.985057
0.748709
1.15916
0.999548
0.792958
1.0583
1.04667
1.00712
0.987883
0.890754
0.848011
1.00492
0.70366
0.963242
1.2311
0.604022
0.706767
1.19772
0.806886
0.745375
0.830284
0.724593
1.08955
0.65718
0.740024
0.828228
0.616854
0.935479
1.2892
1.26832
1.07013
0.974011
0.794177
0.774596
1.10827
0.819629
0.808036
1.49167
0.894304
0.710078
0.573959
1.28251
1.15076
0.590855
0.765688
1.00023
1.14537
1.05605
0.528779
0.852143
0.692088
1.15587
0.853734
0.837372
1.00112
1.15553
0.757507
0.898358
0.663972
0.913153
1.14393
0.859468
1.20058
0.862881
1.50788
0.839299
0.928849
0.6273
0.683893
0.838712
0.710337
0.995538
1.04378
1.16376
0.763166
1.22879
1.03948
1.04618
0.687486
0.999412
1.03336
0.858968
1.31787
0.933675
1.04053
1.00984
0.936541
1.24707
1.18655
0.784236
0.786835
0.911137
0.969156
0.873975
1.24023
0.668966
1.06836
1.20131
0.618631
1.0077
0.723434
0.968988
0.674177
1.29071
0.868743
0.867409
0.875177
0.997898
0.631023
0.821072
1.0043
1.2202
1.09218
1.11082
0.614349
0.812796
0.922245
0.787469
0.978644
0.936595
0.947949
0.950366
1.11523
0.580742
0.836462
0.745924
0.730145
0.861454
0.889204
1.05503
1.34256
1.02756
0.958268
0.818713
1.13711
0.770043
0.97119
0.684717
0.823785
0.819598
0.864879
0.871006
0.788765
0.840414
0.822834
0.636394
1.43422
1.17221
0.878989
1.24735
1.06638
0.937762
1.12208
0.962376
0.776541
0.859315
0.989786
1.47745
1.03923
0.692816
1.55814
0.92185
0.681993
0.798875
0.964632
1.00304
1.29422
0.713404
0.4909
0.890391
0.843163
0.739289
0.733165
0.781737
1.15101
0.899483
0.452516
1.04798
0.537578
0.972434
1.06075
0.997523
1.13593
1.09992
1.2198
1.21456
1.03946
0.877119
0.681278
0.866
0.823492
0.584675
0.701717
0.715719
1.28907
0.927665
0.765839
1.02336
0.684773
1.02163
0.518647
0.642875
0.783082
0.70966
0.970097
1.67959
0.833479
0.84394
0.723755
0.449892
0.640534
1.42129
0.739956
0.73337
0.44382
1.08869
0.74744
0.501361
0.411529
1.08382
0.790379
0.837603
0.798649
0.750203
1.05773
1.08168
0.714165
1.1575
0.715031
1.11808
0.931639
0.903947
0.757438
0.54996
0.816845
0.847277
0.605029
0.681928
1.03588
0.86698
1.17834
1.20496
0.841679
1.11395
1.19421
0.641951
0.967226
1.05469
0.729764
0.884625
0.718471
1.19895
0.992664
1.04173
1.06483
1.1848
0.903132
0.801851
0.924249
0.814294
1.0087
1.16817
0.653316
1.29549
0.87725
1.15945
0.903799
0.907324
1.28018
0.66285
0.858903
0.729416
0.815052
0.514916
0.900765
1.00485
1.06039
0.972937
0.940698
1.09878
0.751432
1.10507
0.951653
0.819724
0.981263
0.943127
1.00344
1.28863
1.39907
0.976694
0.913539
0.835035
1.04442
0.853199
1.04159
0.802318
0.796978
1.29911
1.04543
0.684971
0.951572
1.31388
0.848973
0.825946
0.78264
0.817983
0.983352
0.727338
0.929315
1.11666
1.22355
0.85207
0.763786
1.08753
0.925057
0.65038
0.580136
0.91745
1.08758
1.02334
1.22838
0.791431
1.14229
0.891824
0.930555
0.689174
0.802732
1.02901
1.08979
1.08357
0.943017
0.810988
0.931473
0.929336
0.839283
0.72845
0.931938
0.945194
1.26011
0.599949
1.2552
0.930947
0.929227
0.714529
0.870761
0.998981
0.468083
0.915171
1.02955
1.43045
0.707952
0.548444
0.902092
1.18282
0.79961
1.0908
1.22525
1.31414
1.21235
0.587207
0.891459
0.821882
0.719633
0.75363
1.04783
0.932664
1.27908
0.923262
1.35602
0.699297
1.13082
0.948248
0.649311
0.826104
0.896378
0.946262
1.29636
0.780998
0.520963
0.962457
1.19682
1.50659
0.656042
0.759014
0.89557
0.906642
1.14146
1.29682
1.05803
1.42754
0.98753
0.815082
0.666736
0.915832
0.955425
0.828703
0.773359
0.840164
1.00578
0.755807
0.764368
0.700788
0.865347
0.890058
0.593942
0.81902
0.879528
0.904732
1.4723
0.664569
0.652374
0.753339
1.22169
0.865319
0.778164
1.19848
0.832054
0.866871
1.0698
0.792759
1.32435
0.833921
1.05729
0.901319
1.34195
0.98007
0.799947
1.31457
0.837092
0.951081
1.38646
0.529224
0.887874
1.00605
0.716314
1.22607
1.25512
0.85055
0.973801
0.601383
1.15589
0.834572
0.738509
0.582827
1.06207
1.06313
0.891371
0.829292
0.78008
1.00031
0.920879
0.820557
1.16167
0.714126
0.927273
0.740651
0.849579
0.626755
0.913551
0.542857
0.562314
0.909252
0.657813
1.11194
1.19472
0.957475
0.58946
1.14801
0.914537
1.20006
1.30765
0.974994
0.629189
0.691104
0.748529
0.965627
1.04053
0.738621
0.845357
0.646031
0.89978
1.13484
1.14191
0.836543
0.809731
0.953465
0.572697
0.640931
1.18322
1.13596
0.973899
1.37746
0.89094
0.677068
0.97724
1.01876
0.913127
1.14739
0.825092
1.08025
0.741666
0.708695
0.943374
0.949928
1.06396
0.841292
0.798125
0.648259
1.18765
0.789408
0.828776
0.635978
0.646919
0.875472
0.744373
1.07864
1.11292
0.933469
0.965012
0.878023
0.966038
1.14926
0.73943
0.482072
0.885339
0.941547
0.916059
0.730615
0.617122
1.13538
0.571459
0.869454
0.790761
1.15236
0.693797
0.910397
1.18515
0.782542
1.20806
0.93558
0.673553
0.784151
1.38175
1.19459
0.768751
1.07242
0.941636
0.889034
1.03541
1.22682
1.28073
0.698271
0.806132
1.3467
1.08308
0.916815
1.07924
0.683806
0.902838
1.09093
0.872824
1.30635
0.81292
0.805083
0.754474
1.09371
1.00057
0.932009
0.883116
0.774401
1.07102
0.60209
0.748284
1.06314
0.872554
0.69509
0.970689
0.969149
0.649913
1.09221
0.912018
0.93295
0.713648
1.14381
0.923057
0.797189
0.961439
0.538364
1.09675
0.807721
0.78123
0.735948
0.628936
0.823849
0.561436
0.58436
1.13237
0.685779
1.24615
0.753113
0.64384
1.04797
0.881016
1.36498
1.09785
0.847133
0.676439
0.965309
0.640125
0.800447
0.724344
0.742987
0.767666
1.22848
1.0938
1.08328
1.00057
0.924522
0.877413
0.877561
1.30546
1.04637
1.11927
0.993058
1.06152
0.86846
0.679073
0.580773
0.736798
1.09265
0.868517
1.15653
0.886773
0.687094
0.8465
0.493652
1.00145
1.17917
0.659812
0.655018
1.17386
0.86991
1.16289
0.836574
1.08229
0.508284
0.659317
0.86505
1.00158
0.653776
0.86566
0.669904
0.782522
0.839867
0.949248
1.35536
1.15286
0.729391
0.714996
1.13828
1.1755
0.861277
0.802834
1.06492
0.766449
1.13559
0.753115
0.707804
0.995007
0.882717
0.660783
1.04976
1.21278
0.867346
1.11837
1.07215
0.923666
0.800384
0.777703
0.855611
0.909575
1.06612
0.808564
1.05903
1.18074
0.913826
1.33685
0.942999
0.959793
1.25094
1.12506
1.2701
0.8946
0.890528
1.14157
1.00694
1.03402
0.99663
1.07007
0.500225
0.629787
0.797544
0.882303
0.644162
1.05377
0.989084
0.839706
0.909104
0.753404
0.930081
0.719628
0.770597
0.932474
0.531707
0.529609
1.23698
0.868035
1.28464
1.43014
1.07038
1.04915
1.00171
0.836717
0.715843
1.12943
0.942871
0.996248
0.717016
0.839424
1.11024
1.10685
1.02294
0.806642
0.659494
0.925158
0.832367
0.663538
1.00699
0.884697
1.07281
0.838251
0.854188
1.36807
0.651569
0.855961
1.02872
0.969217
0.729114
0.784122
0.823685
1.01362
0.72676
1.04889
0.919416
0.829299
0.940794
0.828161
0.877879
0.683429
1.14392
0.903271
1.23018
0.892626
0.959054
0.993676
0.322179
1.34607
1.05053
0.533698
1.288
0.829937
1.39217
1.03408
0.597131
0.90167
0.570089
0.860112
0.845125
0.887568
0.546701
0.840935
1.05218
0.785058
1.06277
0.845607
0.844628
0.576432
1.29955
0.841498
0.596718
0.680351
0.70345
0.983171
1.03357
1.09233
1.11314
0.48421
0.951501
1.04669
0.787045
1.16515
0.881886
0.619005
1.06667
1.22014
0.773306
0.91084
1.44956
0.905243
0.772142
0.856533
1.34784
0.715861
0.970129
0.732965
0.963686
0.915629
0.771275
1.26186
0.680731
0.77098
0.902888
1.3881
0.921002
0.820721
1.26346
0.897554
0.923724
0.869271
1.02852
0.664393
0.994954
1.25372
0.752943
1.05443
1.29075
0.573937
0.777354
0.822993
1.14845
0.613348
0.874902
0.619466
1.01295
1.08651
0.772295
0.87598
1.26678
0.954535
0.905119
0.726543
0.871735
1.133
1.2478
0.925475
0.819146
0.919123
0.65042
0.886948
1.10715
0.974474
0.978729
0.848907
0.907123
1.01666
1.61035
0.740255
0.489325
0.777754
1.57435
1.02682
0.737118
0.905733
0.826922
0.990729
0.5669
0.954359
0.942794
0.914575
1.04531
1.01254
1.10533
0.643655
0.768055
0.974257
1.20894
0.996009
0.937847
1.10209
1.27795
1.30591
0.990506
0.94562
0.898501
0.848311
0.861623
0.64382
0.732932
0.815925
1.00973
0.657671
0.86883
0.850576
0.774571
0.99471
0.873585
0.781506
1.00555
1.09784
0.978193
1.07351
1.07501
1.066
0.761123
0.837129
0.478309
0.761092
0.579969
0.739282
1.02503
0.365543
0.723097
0.596395
0.643227
0.941965
0.803381
0.643451
1.07247
1.25404
0.656799
0.87736
1.18987
0.83404
0.86286
0.981667
0.615451
1.09266
1.02802
0.685578
0.914821
0.84489
0.755811
0.828227
0.844434
0.985386
0.83851
1.47475
0.686292
1.06439
1.08574
1.13226
0.721055
0.87961
0.447338
0.73688
0.501586
0.768747
0.972356
1.03388
0.836319
0.815134
0.841139
0.722016
0.936443
0.410973
0.884341
1.09761
0.89558
1.0347
0.754014
1.00297
1.04224
1.45999
1.01934
1.16221
1.2313
0.979934
1.21674
0.949358
0.72603
0.844407
0.56205
1.19618
0.891406
0.734158
1.04466
0.798612
1.1598
0.877855
0.832391
0.424102
0.898921
1.13218
0.531396
0.856716
0.98563
1.06161
0.871501
0.89744
1.18305
1.08876
1.06071
1.38209
1.02842
0.367607
0.636977
1.07195
0.855732
1.24677
0.747938
0.615308
0.541838
0.765727
1.17886
0.628119
1.09873
1.58286
1.03847
1.13676
1.06125
1.04172
0.929941
0.31682
0.639688
1.28553
0.771628
0.966615
0.912829
1.05977
0.530547
0.675927
0.769128
0.497384
1.20294
0.898148
0.908931
0.851125
1.13274
0.839012
1.21698
0.894337
0.898262
1.00263
0.935272
1.2475
1.17152
0.69535
1.11561
1.0894
0.619732
1.05895
0.937911
0.69248
1.39978
0.836722
1.04912
1.26008
0.812784
0.902966
0.831688
0.704165
0.970027
0.832882
0.687998
1.07072
0.436302
1.07301
0.688193
0.888017
0.719937
0.684069
0.913217
0.890183
0.946165
0.928623
0.866402
0.880311
0.79286
0.956683
0.754051
0.978085
0.737409
0.713063
0.929915
0.655472
0.805164
0.818593
0.700575
0.748873
0.843389
0.849265
0.955302
0.84137
0.995663
0.499488
1.05223
0.98056
1.25942
0.995421
0.749294
0.871412
0.877563
1.08817
0.965566
0.927937
0.999295
1.062
0.932678
0.843133
0.754201
1.23342
1.09576
0.892008
1.08914
0.897558
0.954517
0.626386
0.862691
1.1344
1.01862
0.948961
0.849572
1.01493
1.14572
0.581284
0.844552
0.811479
1.11123
1.04059
1.06546
1.25134
1.00352
0.805083
1.05687
0.801812
1.00936
0.685939
0.607376
0.778217
0.620465
0.795462
0.935998
0.850841
1.30897
0.677309
0.94406
0.898084
0.669543
0.70117
0.945209
0.774809
0.507481
0.840198
0.726453
0.702144
0.83364
1.38657
0.846318
0.790003
0.844753
1.25364
0.734103
0.86304
0.756673
1.22983
1.0876
0.930678
0.89612
0.872928
0.888049
0.758581
1.04385
0.649938
1.16397
0.94727
0.539046
0.603869
0.956066
1.0245
1.36965
1.11849
0.715456
0.989789
0.907439
0.610443
0.82454
0.99587
1.43833
0.970971
0.869333
0.780007
1.28339
0.642522
0.945013
0.903464
1.01205
0.692621
1.05456
1.21866
0.733875
1.21175
0.55025
0.600132
0.790859
0.898956
0.885687
0.958262
0.951299
0.918117
1.34225
0.993748
0.933642
0.994755
1.00172
0.973182
0.748716
0.772984
0.641243
1.19682
0.629024
0.70081
0.969701
1.32599
0.847908
0.619448
1.14785
0.990035
0.856747
1.05094
0.891113
0.895985
0.867029
0.744297
1.20236
0.373415
0.538444
0.733384
0.887049
0.658268
0.696428
0.894082
0.861662
1.02582
1.04606
0.895782
0.839732
0.943919
0.912972
1.08471
0.741203
1.11944
0.593203
0.900838
1.00372
1.23386
0.794277
0.599943
0.616843
0.916085
1.00395
1.06905
0.923154
0.861246
1.17403
0.98487
1.04374
0.779227
0.87603
0.678304
0.736172
1.22356
0.988654
0.997082
1.11016
1.13475
0.970779
0.828305
0.846393
1.06649
0.892643
0.94549
0.708647
1.0484
1.09821
0.866528
0.750882
1.43478
0.813306
0.987152
0.942952
0.966844
0.918144
0.802556
0.957928
0.884551
0.798622
0.740716
1.04305
0.943979
0.923683
0.771752
0.85268
0.859935
1.06459
0.70473
0.853367
0.746508
1.2119
0.924805
0.755284
0.685002
0.869133
0.956361
0.466673
0.799683
1.01461
0.831075
0.827559
0.871154
0.642581
0.644142
1.40183
1.01983
0.884787
1.08373
1.06004
0.550838
1.06484
0.842761
1.05269
0.735845
0.847501
1.27345
1.19296
1.09862
1.06364
0.588428
1.02978
0.819973
1.18951
1.11547
0.846815
0.869107
0.733684
0.620556
1.2177
0.354196
0.933851
1.05463
0.787608
1.03672
0.753897
0.772641
0.949343
1.12846
0.593929
0.87791
0.605779
0.990881
0.832645
0.78659
0.641606
0.702124
1.07224
0.602443
0.69131
0.747877
0.713352
1.06866
0.862492
1.20094
0.898249
1.01624
1.16312
1.16696
0.619848
1.10669
1.60611
1.16908
0.876853
1.32495
0.989505
0.814961
0.951831
0.870783
1.25955
0.72872
0.793929
1.08806
0.733603
1.03015
0.709584
0.726805
0.76762
0.773463
1.06651
0.718815
0.856888
0.629166
0.878776
0.957325
0.88566
0.979451
0.725482
0.957074
0.973534
0.814089
0.729797
0.527738
0.907145
0.686405
1.25016
0.697749
0.814997
0.993459
1.22357
0.943737
0.71764
0.742386
0.62206
0.586385
0.799798
0.659618
0.827656
0.876617
0.688187
1.07743
1.15024
0.779345
1.03202
0.772506
1.01101
0.965683
1.25697
0.562527
1.12776
0.976205
0.981232
1.27567
0.803198
0.841693
1.12196
1.03235
0.793821
1.13026
0.793025
0.789292
0.549254
1.04773
0.86439
0.859652
1.5155
0.685947
1.0518
1.19647
0.978381
0.758087
1.18248
0.901172
1.0076
0.953651
0.861392
0.874687
1.11223
0.659402
0.914633
0.895488
0.445664
0.676488
1.15447
1.02414
1.06884
0.635718
0.964017
0.988353
1.26844
0.623486
0.677307
1.1074
0.764456
0.815584
1.08649
0.666824
1.03844
1.08548
0.813765
1.19204
0.661823
0.813882
1.15186
0.931126
0.552353
1.19071
0.942195
1.01425
0.985101
1.30394
0.652841
0.775968
1.19662
0.857224
1.34964
0.968567
0.911641
1.33681
0.820846
0.814277
0.968178
0.959502
0.650468
0.97744
1.30263
0.742049
0.808743
1.13632
0.981903
0.676851
0.929971
0.821931
0.530148
0.868451
1.11501
1.44646
0.8775
0.985534
1.13558
0.898428
1.04698
0.863516
0.709863
0.795054
0.743021
1.09602
1.04003
0.970363
0.656061
0.812677
0.992361
0.515313
1.12153
0.831926
0.595989
0.960715
1.02249
0.972721
0.793371
0.742015
0.865444
1.15987
0.812163
1.29544
0.957899
0.84904
1.10278
0.908266
0.561972
0.802602
0.888503
1.36466
1.01445
0.917709
1.15606
0.886741
0.837298
0.833682
0.918128
0.784765
1.11195
0.788187
1.45904
0.735664
1.01957
0.788889
1.17433
1.14019
1.04512
0.876014
1.07356
1.06307
1.14513
1.0666
1.0584
0.696913
0.930699
0.736812
0.858083
0.696835
1.13779
1.28188
0.552211
1.04298
0.565211
0.857645
0.702458
0.981469
0.432382
1.38595
1.20624
0.709129
0.967761
1.03312
0.8435
0.799636
1.23856
0.972329
0.576326
0.655438
0.465074
0.854368
1.17382
1.16138
1.07707
1.43708
1.10291
0.983337
0.665026
1.13433
0.680428
0.982837
1.23039
0.55022
0.985032
0.549405
1.07864
1.08459
1.07917
0.821907
1.25704
0.644963
0.990059
0.900472
0.805629
1.21934
0.777778
0.931702
0.838924
1.14281
1.16032
0.896321
0.762288
0.794844
1.31661
0.605681
0.892517
0.627246
0.871871
1.27977
1.1273
0.689665
1.13018
1.08484
0.959369
1.10678
0.484539
1.2798
0.868597
0.771695
0.957861
0.815599
0.790834
0.773535
0.755744
0.446305
0.979379
0.796803
0.793764
1.13244
0.935309
0.823037
1.21266
1.19636
0.88641
1.1912
1.27898
0.649798
0.756084
1.36156
0.731578
0.656347
0.521462
0.916235
1.09036
1.29772
1.09224
0.862044
0.869818
0.869753
0.734171
1.05711
0.998686
1.14207
1.27303
1.09744
1.1221
0.780546
0.664857
1.18898
0.571951
1.41781
0.789174
0.887883
0.799797
0.92618
1.25198
1.04653
1.05719
0.759992
0.883998
0.865284
1.17013
1.03595
1.02199
0.791344
0.824702
0.607025
1.18481
0.911029
0.852239
0.979718
1.37934
1.13734
1.3883
0.674294
0.850535
0.64337
0.979961
1.34955
0.962925
0.759596
0.921162
1.41426
0.934936
1.19192
0.622043
1.07471
0.973567
0.988518
1.50815
0.677503
0.753936
0.810259
0.789044
0.862828
0.811002
1.06697
1.41766
0.79739
0.743137
0.800797
0.880449
1.12223
0.830713
0.967085
0.859663
0.851793
0.793231
0.788353
0.679606
1.14351
0.703231
1.02768
1.23366
0.744695
0.841156
0.91412
1.0096
0.735591
0.745684
0.926801
1.2645
1.10034
0.807635
0.696639
0.678683
0.613984
0.645685
0.905537
0.990201
0.819904
0.860524
0.889684
0.818404
0.98313
0.90998
0.598781
0.655778
0.907272
0.809683
0.669457
0.905224
0.996386
0.681144
1.01314
1.1414
1.00414
0.82997
0.85874
0.811563
0.753787
1.1137
0.773403
0.943667
0.961619
0.937718
0.830743
1.38153
1.08924
0.92159
0.615267
1.09784
0.728468
0.503166
0.902099
0.964809
1.14011
1.09578
1.32388
1.05712
0.948209
0.849047
0.86222
0.979558
1.2478
1.14683
0.710223
1.12213
1.06338
0.632907
0.608891
0.81679
0.884865
0.794432
0.931664
0.650574
1.13168
1.17061
0.667376
0.982772
0.475599
0.428732
0.557962
0.705637
0.919097
0.815125
0.672556
1.11038
0.980216
0.649179
0.591933
0.850722
0.873359
0.867009
1.37848
0.698979
0.992938
0.883973
0.946122
0.700877
1.04061
0.895166
0.959412
0.719509
0.805657
0.756677
1.21145
0.855194
0.77159
0.934462
0.99305
0.685453
0.851184
0.969178
0.957279
1.0551
0.717264
1.04944
0.679346
1.05057
0.695165
0.581406
0.882254
0.877347
0.905686
0.74314
0.727058
0.894358
0.674754
0.64398
0.902965
0.936684
0.639222
1.07573
0.836708
0.994876
0.916959
0.607985
0.586825
0.947551
0.85426
0.838281
1.03059
0.694274
0.968687
1.05221
0.803866
0.685743
0.920197
0.871007
0.996583
0.659331
0.693146
0.899805
0.92771
0.592648
0.958808
1.22656
0.754267
0.892575
0.914162
1.26811
0.77612
0.98352
0.408776
0.582009
0.848634
0.845445
1.15881
0.797789
1.37606
0.497693
1.0589
1.15761
0.871156
1.00789
0.940937
1.00901
0.820602
0.925783
0.998443
1.04749
0.714722
0.773558
0.861666
0.652928
0.993383
0.952256
1.27279
0.855355
0.765252
0.824984
0.815944
0.554614
0.930047
0.795793
0.773512
0.770964
0.905855
0.814556
1.00452
0.789845
0.69888
0.498929
1.18164
0.804434
1.31482
0.541643
0.642803
0.72947
0.862126
0.910613
1.02714
1.08648
0.598739
0.983114
0.555784
0.49686
1.31031
0.492505
0.88317
1.16629
1.27768
1.30702
1.16205
1.07774
1.05666
0.573097
0.551136
0.99741
0.976507
0.83622
1.27526
1.06317
0.660506
1.03103
0.694422
0.600436
0.914084
0.795197
1.0103
1.00295
0.784996
0.616133
0.819605
1.06876
0.989822
1.42933
0.700869
1.06642
0.790219
1.17302
1.0397
1.22404
1.00844
1.20232
1.09793
0.987161
1.10601
1.12212
0.708226
1.34369
0.629201
0.742223
0.708861
0.444137
1.06883
0.388557
0.839744
0.96887
0.73692
0.990043
1.0606
0.935222
0.852232
1.1444
0.950196
0.727335
1.2282
1.02086
0.747569
0.808768
1.25439
0.841884
0.680818
0.845797
0.701075
0.950533
0.869163
0.976426
0.420686
0.799272
1.02615
0.639455
0.715743
1.10456
0.874803
0.991332
0.983136
0.776228
0.648281
0.810163
0.843247
0.980323
0.651449
0.705414
1.08459
0.603127
0.915355
1.05643
1.33252
0.999306
0.810437
0.6761
0.978555
0.687975
0.775652
0.786803
1.071
0.999857
1.12783
0.848055
0.872896
1.28961
0.758628
1.03862
0.735818
0.948643
0.432874
0.949832
0.870411
1.12355
0.782226
0.743397
0.858067
0.818872
1.13001
0.791365
0.670341
0.927855
0.72662
0.850469
0.821447
1.27446
0.551089
0.949623
0.918771
0.766537
0.914332
0.801968
0.907092
0.7317
0.909193
0.817132
0.788952
0.436994
0.850187
1.02543
0.682742
1.10301
1.2104
0.74706
0.912611
1.10908
0.849521
1.09251
0.889767
0.997092
0.769567
0.7878
0.847562
0.904844
0.799997
0.859458
0.855287
1.19387
0.844003
1.19745
0.704508
1.06177
1.02307
0.858763
1.19734
0.911002
0.594604
0.874212
0.702358
1.13059
1.20892
1.07539
0.825984
0.995759
0.895731
1.03159
1.1247
0.60815
0.966641
0.795716
0.70659
1.01957
0.77701
0.97507
0.784367
1.22716
1.21758
0.755098
0.735533
0.64642
1.01904
1.11624
0.66812
0.777341
1.22859
0.899858
0.881402
0.683379
0.78979
1.05233
0.865249
0.690484
0.87565
0.777881
1.09886
0.799451
0.976828
0.93125
0.701034
1.00823
1.16263
0.598853
0.880315
0.973709
0.955394
0.709754
0.553312
0.659559
1.19683
0.72399
0.801454
1.04756
0.951953
1.1614
0.928722
1.11275
1.25156
0.868215
0.596129
0.865225
0.690109
1.03396
0.787067
0.792514
0.948352
0.880585
0.576804
1.08346
0.987326
1.02964
0.936865
0.635285
0.879717
0.953039
0.570701
0.746755
0.977785
0.817614
1.01559
0.763143
1.1549
0.707264
0.984299
1.05279
1.08761
0.812686
1.21798
0.865564
0.990101
0.649673
0.854852
0.989304
1.18703
1.18268
1.14861
0.947462
1.25986
0.72909
0.990272
0.756677
0.953604
0.88367
1.0715
0.822837
1.25154
0.883885
0.709851
1.20388
0.845365
0.765827
0.872587
1.12147
0.550787
0.467828
1.02702
1.23128
0.475288
1.17515
1.00156
1.096
1.09141
1.30428
1.44024
0.937241
0.922471
1.02112
0.562675
1.4182
1.00758
1.04926
0.990051
0.536153
0.655336
1.00273
0.756469
0.918081
0.97169
1.2893
0.849596
1.08639
1.00143
0.503435
1.05862
1.31928
0.76733
0.724868
1.55323
0.963887
0.950089
0.648333
0.755146
0.832455
1.01924
1.12521
0.841786
0.558013
1.06725
0.703941
0.829007
0.727496
0.795853
0.934149
0.94359
0.550257
0.796827
1.18447
0.969761
0.428784
1.02041
0.512447
1.10626
0.98868
0.976385
0.794029
0.865582
1.10455
0.860858
0.736825
0.996788
0.653868
0.826122
0.970969
0.983975
1.08763
0.937882
0.531709
0.470932
1.06213
0.913558
0.799787
0.859127
1.03092
0.744824
0.881363
0.837133
0.971976
0.945115
0.574599
0.821143
0.852358
0.832273
0.59794
0.685213
1.07665
1.09681
1.46088
0.931087
0.91458
0.575384
0.806789
1.0657
0.894886
0.746492
0.515871
0.981051
0.740326
1.11628
1.10032
0.598725
1.11133
0.586441
0.996742
0.828437
0.916426
1.1439
0.910227
1.03192
0.648143
1.10678
0.80047
0.908909
1.00402
0.845685
1.12965
1.12177
0.78879
0.478334
1.18297
0.721434
0.865592
1.10625
0.949727
1.21466
0.821068
0.914175
0.951147
1.24506
0.697874
1.03687
1.07326
0.685392
1.15698
0.632197
1.26683
0.843576
0.971334
0.912141
1.053
0.908957
1.12788
0.671021
0.596776
0.749243
0.905682
0.547757
0.738799
1.114
0.578765
0.801146
0.971348
1.00861
0.818037
1.00974
1.24146
0.953479
0.925049
0.904777
1.05295
0.935113
0.728716
0.634047
0.824107
0.863543
1.28563
1.23189
1.0322
0.535886
0.909703
0.873115
0.74862
0.877766
0.849357
0.489168
0.669058
0.903744
1.06896
1.28409
1.00078
1.11212
0.64597
0.587262
0.685813
0.586678
0.917109
0.695764
0.728354
1.01496
0.980002
0.994583
0.966609
0.696675
0.996619
0.779808
1.10568
0.922393
0.86746
0.861386
0.837542
1.00282
0.982894
1.17327
0.747724
0.529257
0.789206
0.633346
1.18376
0.847177
0.985905
1.08881
0.975644
0.723347
1.22384
0.972042
1.16965
0.970916
0.94212
0.993536
0.784787
0.996475
0.82077
0.937992
0.608074
0.791316
0.546887
0.745811
0.813785
0.816258
0.954595
1.19147
0.89091
0.938388
0.769714
0.996576
1.15039
0.657743
0.813573
1.15017
1.18362
0.854725
1.1155
0.763486
0.859972
0.981048
0.802731
1.0843
0.812882
0.501364
1.07802
0.829611
1.02643
1.00771
0.994343
0.679737
0.855829
1.02348
0.949883
0.664064
1.25275
1.00324
1.0261
1.00439
0.757213
0.815841
0.871149
0.850855
0.692343
0.701047
1.20297
0.940191
0.767431
1.10675
1.10884
1.18118
0.794231
1.05535
0.984014
0.903495
0.954706
0.728822
1.06712
1.0661
0.899108
1.02977
0.825803
0.903415
0.651408
0.663315
0.559431
0.938233
1.03147
0.888425
0.950916
1.19309
1.49815
0.502103
0.833956
0.978947
1.1952
0.899568
0.856028
0.842742
0.981792
0.838361
0.811214
0.599608
0.824929
1.08716
0.693301
0.75102
1.011
0.992876
0.68915
1.11518
0.934574
0.944185
0.591321
0.687259
0.716748
0.661373
0.84212
1.11048
0.88696
1.0481
0.755969
0.854918
1.22034
0.881816
0.688684
1.0097
0.753132
1.18436
1.13183
0.744274
0.951291
1.14778
0.852111
1.05
1.1544
0.89502
0.67055
1.33696
1.4436
0.966474
0.598891
1.11804
0.86246
1.11069
0.579369
0.894675
0.644677
0.690907
0.741787
0.810092
0.717975
0.718675
0.820186
0.564064
0.897956
0.71388
0.998677
1.16556
0.660269
1.07251
0.982188
0.881181
1.218
0.885836
1.21679
0.596684
0.66907
0.694891
0.796881
0.371176
0.424839
0.883634
1.03218
0.898324
0.738899
0.966951
0.958033
0.964121
1.07979
0.849726
0.99453
1.01363
0.886656
0.769527
0.945167
0.983223
0.836431
1.34292
0.822704
0.772124
0.985675
0.48279
0.770802
0.855664
0.75104
0.658707
0.780743
1.05445
1.14564
1.06481
0.720364
0.572587
0.706074
0.701166
0.634375
0.81009
0.922157
0.781069
0.9848
0.822044
1.51194
1.10509
0.712542
0.994055
1.16905
1.06336
1.02198
0.828412
0.827724
0.488391
1.11376
0.874404
0.914328
0.755518
0.814793
0.880838
0.982471
0.600202
0.6972
0.799569
0.868443
0.904457
0.776662
0.72393
0.532199
0.714536
1.16704
0.677221
0.913775
0.911691
1.39379
1.22808
0.786151
0.823399
0.830846
1.10727
1.03353
0.921065
1.03606
1.2152
0.819564
0.803397
0.588671
1.12304
1.08901
1.23276
0.824462
0.927186
1.2004
1.14012
0.955719
0.697292
1.12128
0.844464
1.14481
0.84067
0.932151
0.767361
0.990743
1.27318
1.22297
0.639676
0.85179
0.702432
0.820666
0.854877
0.809526
0.752087
0.944675
1.01468
0.591878
0.897102
0.781433
0.67602
0.671822
0.872447
1.11915
0.616396
1.1276
0.882064
0.687267
0.883508
0.856978
1.07386
1.06731
0.915971
0.95922
0.625796
0.562001
0.764092
0.737416
1.11204
1.28196
0.777012
0.87973
0.838272
1.03475
1.1095
0.811635
0.89425
1.14388
0.869756
0.788585
0.875048
0.886966
0.807461
0.654114
1.49339
0.953647
1.03127
0.967333
1.16709
0.741251
0.990889
1.03631
0.871048
0.901783
0.855895
1.11645
1.01877
0.574519
1.2285
0.773374
0.9497
0.911051
1.15009
1.19892
0.87007
0.869127
1.00748
1.00185
1.2501
0.966395
0.733122
1.24392
1.12385
1.04891
0.861621
0.50134
0.646966
0.8855
0.892179
0.666675
1.00835
1.08841
0.975781
0.885319
0.665337
1.27162
0.724788
1.24392
1.10958
0.827862
0.789402
1.02351
0.653013
0.595364
1.15886
0.976615
1.09689
0.8135
0.757526
0.930014
1.17
0.924771
0.809955
1.36676
0.789401
0.610264
0.692182
0.658413
0.657144
1.39732
0.805143
1.1369
0.97258
0.855994
0.954081
0.664415
1.09348
1.06459
1.23184
0.705793
0.808256
0.93624
0.84045
0.678091
0.916837
0.734668
1.08003
1.0635
0.644751
0.704187
1.19763
1.05213
0.848158
1.08578
0.74157
0.666502
0.809859
0.927509
0.972512
0.763788
0.811177
0.861417
0.851756
0.67296
0.931504
0.722423
0.994774
0.692208
1.152
0.854157
0.415219
1.03398
0.706057
0.887923
1.21322
1.2606
1.00496
1.23804
0.773451
0.617096
0.851489
0.94568
0.870604
0.858098
0.92363
0.793957
0.872554
0.869493
1.12772
0.76146
1.08631
0.7835
1.33745
1.20659
0.741728
1.20382
0.977342
0.873711
0.774116
0.612385
1.10886
0.955705
1.10812
1.1623
1.30691
0.899763
0.834403
0.84514
0.922444
0.856385
0.910706
0.633898
0.671782
0.718189
1.03231
1.23718
1.03576
0.738489
1.22586
0.528453
0.945583
1.06392
0.778324
1.03283
0.692505
0.49088
0.812058
0.693017
0.959305
0.731239
0.93605
0.637064
1.16898
0.757707
0.767246
0.848786
1.13819
0.565857
1.15209
0.736152
1.09254
1.23205
0.743976
0.988557
0.829802
0.86528
1.13486
0.767368
0.545452
0.364417
0.854583
0.643568
0.96069
0.905475
0.368295
0.903378
0.824043
0.856028
0.756677
1.09305
0.583353
1.21665
0.972176
0.827936
1.13873
0.883898
0.597625
0.632741
0.953378
0.938858
0.934846
1.11287
1.04146
0.973147
0.689522
0.778326
0.879009
1.21066
0.669961
0.835886
0.833029
0.720597
0.988826
1.00775
0.638632
0.518471
0.86095
1.0343
1.0046
0.540845
1.28857
1.11918
0.931732
0.856869
0.960882
0.65977
0.948239
0.885374
1.37923
1.03441
0.920933
0.650594
0.819769
0.67968
0.706578
1.10487
0.818907
0.879906
1.02175
0.817251
0.938798
0.895504
0.877692
0.876831
0.714131
0.684936
0.966426
0.877839
1.15099
0.74246
0.871441
1.08353
0.933687
0.563349
0.919929
1.13837
0.612725
0.618518
0.601214
1.3001
0.886575
0.911004
1.21112
0.789339
1.22541
0.972092
1.0164
0.913569
0.942029
1.01471
0.899268
0.855402
0.609097
0.680465
1.08635
0.86837
0.838254
0.745709
0.948606
0.937066
0.628214
0.7635
1.30706
0.763603
0.705051
0.612328
0.944433
1.30101
1.10518
0.779162
0.918503
1.1098
0.762749
0.748115
0.757648
1.03796
0.932875
1.05499
0.733427
0.788156
0.85744
0.860267
1.15503
1.35991
0.810299
0.818161
0.573881
0.842086
1.18971
1.06856
0.684477
0.972618
0.649587
1.20295
1.38607
0.847038
1.01478
1.1065
0.695198
0.929928
1.10647
1.03043
0.944921
0.983274
0.503377
1.25153
0.689654
1.14093
0.925402
0.436043
0.767616
0.961142
1.15199
0.913572
0.717047
1.32773
0.558391
1.30455
0.723535
0.875846
0.676761
1.17042
0.62607
0.933191
0.687544
0.955777
0.956657
1.16921
1.20606
1.05881
1.33282
1.35537
1.34797
0.649503
0.557431
1.1215
1.02348
0.85125
0.667253
0.793307
0.949424
0.821017
0.700581
0.647808
1.03353
0.880012
0.888288
0.971325
0.437865
1.45929
0.865437
0.838964
1.19586
0.75801
0.758733
1.20826
0.859269
1.24063
0.757357
0.721905
0.894938
1.08668
1.15085
1.00712
1.01857
1.00758
1.02246
0.813828
0.588157
1.01112
0.943174
0.657134
0.854862
1.30145
1.10246
1.13104
0.837552
1.01372
0.515326
0.734472
1.26643
0.86342
1.16031
1.07985
0.9391
1.04337
1.19097
0.864457
0.758885
0.737044
0.641238
0.841424
1.21908
0.780792
0.762438
0.715578
0.852038
0.825079
0.963613
1.13259
0.961224
0.62964
0.920244
1.02726
0.813477
0.974913
1.18113
0.895681
1.05529
0.962324
1.14695
1.05743
0.777
0.980891
1.21618
0.712022
0.781013
0.658191
1.10047
0.810343
0.615703
0.7948
0.880457
0.930707
0.476695
0.726498
1.39037
1.45243
0.98046
0.936102
1.55287
0.735695
1.17914
1.3519
1.15195
1.14444
0.839509
0.900015
0.808759
0.760574
1.07186
0.636309
0.827408
1.18035
1.05636
1.09287
0.870321
0.629434
1.26314
1.04203
0.705954
0.724545
0.350684
0.53898
0.50571
1.12432
0.474003
1.06643
0.753837
0.903004
0.687745
0.990556
0.66553
1.31494
0.855839
1.08615
1.0129
0.70674
0.854049
0.637378
0.949986
1.05784
0.91903
1.16288
0.893655
0.858204
0.822848
1.35429
0.786315
0.676661
0.854094
0.518282
1.21442
1.17234
0.884019
0.917795
0.618191
1.22438
0.836808
0.705481
0.930622
0.895289
1.13398
0.582966
0.540706
1.1558
0.717231
0.942201
0.808104
0.982367
0.987279
1.45871
0.920461
1.38018
1.10023
0.840965
1.29243
0.858236
0.745134
1.08426
0.498972
0.816874
1.05755
0.814952
0.90088
0.707995
0.779922
0.829592
0.771467
0.965009
1.05196
1.12284
0.759951
0.768207
1.18258
0.818148
0.975995
0.927691
0.767136
0.814
0.907009
0.657907
0.836912
0.954212
1.07966
0.866161
0.788202
0.914244
0.901643
1.18089
0.636676
0.85314
0.865014
0.621311
1.23125
0.835517
0.506496
0.991089
0.5836
0.922714
0.747275
0.525843
0.657081
1.04189
0.763054
0.664865
0.837774
1.03957
1.26778
0.752396
0.533571
0.985277
0.895785
0.999346
0.866466
0.797204
1.19211
1.0983
0.528636
0.771473
0.422202
0.709817
0.724505
0.993202
0.873058
0.936977
1.23313
0.948286
0.687075
1.14081
0.73238
0.859425
1.07378
1.17919
0.748053
0.777059
1.01138
0.656149
0.910064
1.06486
0.73945
0.819457
1.0499
1.21236
1.10476
0.844222
0.685639
1.07543
1.0409
1.10268
1.24408
0.981511
0.663062
1.02296
0.916626
1.09088
0.932565
0.961041
0.832909
0.842133
0.932829
0.999012
0.681299
0.935591
0.857419
1.33515
0.519484
0.763651
0.62574
0.676347
1.26304
0.859328
0.99109
0.897921
1.0109
0.609899
0.692519
0.914558
1.10828
0.745083
0.903553
0.792342
1.03719
1.03919
1.01918
0.875259
1.00137
0.627938
1.07136
0.750274
0.945056
0.792097
0.83571
1.08624
0.968005
0.630131
0.662369
0.9721
0.807687
0.943087
1.45228
1.03231
0.850899
0.773395
0.680627
1.1258
0.859164
1.43807
0.766639
0.750335
1.08334
0.804017
0.9882
0.774959
0.836746
1.06762
0.950079
0.913211
0.82968
1.20733
1.03888
0.659601
1.1349
0.923473
1.00567
0.652637
0.919867
1.12258
1.1016
0.788712
0.537037
1.33314
1.01784
0.881767
0.995054
0.993856
0.385058
0.976029
0.654021
1.27787
0.60185
1.01011
0.98302
1.11211
0.860254
0.782362
0.857163
0.914128
0.998579
0.844949
1.33598
1.09571
0.794738
0.622336
0.737819
0.753252
0.388797
0.577058
1.06985
0.737746
0.875764
0.825592
0.951671
0.86774
1.02954
0.827944
0.964051
0.922272
0.885541
0.991777
0.882562
1.09383
0.601759
0.905505
0.926627
1.10766
0.762413
0.885535
0.828446
0.898712
0.653509
0.986073
1.02858
0.711852
0.86448
0.851447
0.933648
0.680832
1.17003
0.803258
0.53181
0.924539
0.582105
0.858261
0.731425
0.544582
0.904708
0.79217
0.725671
0.90885
1.08438
1.0973
1.03037
0.649265
1.09991
0.809936
0.921439
0.688621
0.822292
0.732938
1.10242
0.973097
0.738027
0.846358
0.987552
0.711169
0.994755
0.884202
1.21695
0.812835
0.890835
0.669258
1.15027
0.704808
0.999399
0.847213
0.553997
1.1625
0.875228
0.787845
1.14015
0.947642
0.805609
0.634358
1.50772
0.938995
0.641696
0.728533
0.621228
0.965603
1.03587
0.900226
0.967839
0.994691
0.802481
0.8557
1.07674
0.889675
0.918621
0.608162
1.03962
1.0178
0.906628
0.948445
0.896727
0.90799
1.16492
0.775721
0.662822
1.08156
0.811598
0.913789
1.2481
0.984229
0.82327
0.805202
0.919926
0.993998
0.524179
0.769668
1.06639
0.780596
0.946972
1.07931
0.916463
0.862062
1.25416
1.08749
1.32266
0.89054
0.759986
0.70532
1.15076
0.933541
1.01798
1.37683
0.930356
1.26327
0.655263
0.839173
0.902663
0.922941
0.739191
0.6921
0.904711
1.16212
0.969901
0.860159
1.03236
1.04665
0.778022
0.913947
0.805759
0.94944
0.750278
0.536686
0.423693
1.01086
0.867355
0.845667
1.09352
0.698556
0.881714
0.946335
0.883154
0.775656
1.06116
0.780923
0.73577
0.83919
1.18002
0.917769
1.20685
0.856825
0.949368
0.736834
1.10958
0.793508
0.816686
0.890667
1.28073
0.825577
0.59512
0.853336
0.892
1.06149
1.02729
1.12838
1.0483
1.17595
0.646503
1.11885
0.963566
0.924274
0.868411
0.784156
0.745302
0.514922
1.00392
1.00705
0.950611
0.949449
0.615496
1.14338
1.29104
0.737725
1.31182
1.18261
1.12094
0.95877
1.07125
0.991517
0.685334
1.01661
0.638138
0.791713
1.07682
0.69684
0.911601
1.15711
0.689122
1.32078
1.41239
0.628121
1.22324
0.698973
0.959855
0.673482
1.28735
0.916353
1.00359
0.949045
0.854524
1.07058
1.16863
0.902296
0.880481
0.70154
0.934292
1.0852
0.687037
1.12151
0.85694
0.769693
0.619379
0.773577
0.78196
1.04255
0.718763
0.860813
1.24422
0.934821
0.926302
0.890881
0.699034
1.39162
1.07486
0.822511
0.588024
0.783636
0.529153
0.931967
0.805101
0.873104
1.01387
1.03422
0.839448
0.871532
0.938154
0.950292
0.821232
0.839281
0.968546
1.0247
0.686195
1.00226
0.935734
0.833201
0.636722
0.698313
1.1276
0.743983
0.913836
0.801933
1.25809
1.05203
0.877535
0.937266
0.772202
1.21328
0.78512
1.0721
0.65166
1.21967
0.664008
0.672466
0.831241
1.11763
1.24306
0.972941
0.744271
0.892134
0.98246
1.22844
0.71426
1.17436
0.799917
0.773911
0.830408
1.10428
0.829286
0.658102
0.690955
0.742169
0.68162
0.97054
0.996954
0.828189
0.915663
1.04635
0.839263
0.617457
0.772126
0.879768
0.62877
0.594792
1.09068
0.6925
0.807907
0.863485
0.979296
0.65999
1.19799
1.27869
0.776507
1.40897
0.989795
0.866189
0.690827
0.812881
0.832146
0.829457
0.748601
0.71453
1.08089
0.965336
1.055
0.735074
0.94586
1.55222
1.11575
1.26844
1.2088
0.929778
0.93607
0.610106
0.95683
0.869361
0.584345
1.30846
0.890221
1.13105
0.557697
0.912557
0.822816
0.924069
0.681851
0.783155
0.974702
0.799252
0.930904
1.16258
0.93065
0.988533
0.676056
0.880989
0.881387
0.969995
1.11919
0.991832
1.08468
0.778079
1.24234
0.860533
0.751154
0.455658
0.788416
0.794349
0.932366
1.29895
1.18808
0.720307
0.863569
1.00879
0.967994
1.27556
1.09074
0.715418
1.20952
0.771421
0.977054
0.275935
0.582378
0.728332
1.034
0.761782
0.701283
0.867913
1.02921
0.832953
0.840613
0.778402
0.974598
0.643608
0.827662
1.3172
0.89521
0.898751
0.828325
0.997208
0.656051
0.75131
0.772134
1.20222
0.717792
0.83855
0.84471
0.867682
0.969003
1.20232
0.718874
1.02903
1.11175
0.724953
0.749711
1.24018
0.864259
1.05277
0.740761
1.01295
0.780229
0.787333
1.12212
0.646054
1.06657
0.833416
0.79756
1.02137
0.81421
0.659247
1.22763
0.651811
0.923997
1.39978
0.680064
0.755715
1.08533
0.88962
1.01699
0.77945
0.772299
0.914373
0.866493
0.880242
0.605624
1.0602
0.570559
0.961375
0.855668
0.64045
0.802972
1.05119
0.466515
0.887511
0.820888
0.99966
0.797054
1.02571
0.738457
0.704579
1.04267
1.36047
0.644772
0.814515
1.04187
0.827839
1.11882
1.03852
1.07957
0.598364
1.10217
0.892549
0.981495
0.714325
0.858447
1.01032
1.00214
0.721129
0.809441
0.809701
0.857785
0.912547
0.857762
0.737977
0.808032
1.02637
1.21363
0.902054
1.20714
0.721147
0.984272
0.874487
0.824239
1.05414
0.992164
1.06637
0.932937
0.813981
0.61368
0.687131
0.823298
1.05665
1.25813
1.07599
0.809256
0.929311
0.978444
0.795066
0.686417
0.61988
0.632722
0.544411
0.92107
0.732135
0.96461
0.912122
0.934215
0.71087
1.11962
1.01764
0.855745
0.716319
0.833311
0.583139
1.01453
1.01127
0.683384
1.18778
1.01221
0.807228
1.19579
0.530074
0.784983
0.585271
0.981978
0.603875
1.02423
0.805816
1.02835
0.807424
0.568287
0.636353
0.935367
0.881151
1.02302
0.795411
0.767966
0.62256
0.784544
0.723758
0.916379
0.887856
1.03777
0.943098
0.665928
0.770429
0.549341
0.586566
0.746044
0.703316
0.786368
0.849081
0.695949
0.973151
0.890939
0.578961
0.699632
0.769231
0.670637
0.454401
1.01111
0.839272
1.20194
1.18673
0.8191
0.682703
0.668508
1.03431
1.29061
0.72956
1.13207
1.12909
0.876859
0.708815
1.02825
1.4549
0.768403
0.780084
1.03318
1.19399
1.05777
0.91103
0.885045
0.786924
0.73236
0.673597
0.697988
0.994317
0.689162
0.712808
0.662554
0.861387
0.873901
0.917983
1.05996
1.01209
1.17389
1.33919
0.839046
0.631372
0.78291
1.40862
0.889287
0.956613
0.803001
0.713013
0.617496
1.32601
0.790297
0.483477
1.19463
1.01126
0.717136
1.09909
0.627712
0.709346
0.661952
1.05042
1.19163
1.0921
0.831912
0.977271
0.883225
0.791436
0.857251
1.07806
0.95376
0.614955
0.747122
0.906329
0.958781
0.994014
0.819622
0.778747
0.860342
0.914438
0.895803
0.96348
0.876715
0.984023
0.664745
0.58578
0.728107
0.505478
0.660276
0.649332
0.990249
1.05807
0.582527
1.20411
0.771126
0.984422
1.24251
0.792605
0.801838
1.05358
0.999692
0.953084
0.781144
0.754453
0.677558
0.736299
0.823825
0.990931
1.07788
0.84278
0.747618
1.18298
0.98455
0.855741
0.944173
1.15491
0.878024
1.49781
0.99351
0.783177
1.13672
0.993748
0.661706
0.865413
0.661844
1.07097
0.827741
0.936967
1.09871
0.591833
0.938921
0.899978
0.825755
0.674466
1.10723
0.667688
0.756976
1.01328
1.06144
0.723678
0.942145
0.802164
1.22829
0.712036
0.980695
0.625417
0.892782
0.686148
0.769174
0.911327
0.623888
1.1319
1.03578
0.934461
1.19373
1.0647
1.17809
0.932714
0.650237
0.76313
0.65727
1.15745
0.761929
1.19221
0.848642
0.665546
0.897692
0.658349
1.10922
0.801531
0.669765
0.660419
0.720494
0.769778
0.618926
1.00914
0.872726
0.811551
1.12297
0.85924
0.924575
1.20091
1.22375
0.793224
0.909339
0.741788
1.12858
0.839039
0.878168
0.477908
1.24767
1.01061
1.04172
0.628959
0.958825
1.6225
1.23724
0.608709
0.584474
0.92678
0.894985
1.02548
1.14036
1.10083
0.731938
0.694432
0.69106
1.09879
0.673513
0.748585
0.871525
1.09428
1.02646
0.8796
0.841854
0.946267
0.621297
0.686767
1.15511
1.05447
0.770519
0.985774
0.787332
1.34969
0.729576
1.01559
0.860302
0.823315
0.918235
0.91952
0.698954
1.04898
1.10833
0.942774
0.996592
1.15937
1.11499
1.17819
0.69507
0.884914
0.877942
0.542752
0.886968
0.822248
0.870501
1.03782
1.09243
0.578921
0.627477
1.11948
1.08142
0.814502
1.57678
0.714729
1.16493
0.882326
0.793158
1.16564
0.92862
0.726754
0.869969
0.831711
0.83931
1.00976
0.744162
0.748363
0.762989
0.675854
0.995853
0.850322
0.895548
1.49493
0.506823
0.746149
1.02938
0.749501
0.993865
0.577655
0.966221
1.17602
0.764324
1.08912
0.862789
1.05971
0.9534
0.731842
0.766841
1.95354
0.94664
0.979535
0.773252
0.782677
0.680538
1.00245
0.782734
0.998261
0.896555
0.631738
1.12003
0.703248
0.796585
0.741031
0.71835
1.18803
1.38593
0.994766
0.783954
0.767994
0.455358
0.814295
0.975053
0.860545
0.749989
0.732865
1.1021
0.64374
0.751086
0.840022
0.833335
0.978585
0.495068
1.29375
0.99789
0.866309
1.11178
0.966744
0.865539
0.571764
1.20674
1.15915
0.994362
0.931798
0.718805
1.10369
0.84518
0.743225
0.740777
0.90936
0.581806
0.502316
1.1297
0.944244
0.841862
0.701869
1.17532
0.542211
0.915403
0.838834
0.965477
1.02295
0.689678
1.00166
0.956257
0.473892
0.594029
0.810614
0.685601
0.62613
0.924177
0.906935
0.610228
0.902138
0.96715
1.01178
0.965425
1.35303
1.22395
0.9084
0.980578
0.985496
0.577969
0.903538
0.779753
0.57265
0.722627
1.37681
1.16782
0.645873
0.830983
1.27797
0.87073
0.858279
0.608463
0.708156
1.27519
0.653202
0.840164
1.00321
0.916714
0.813454
0.793631
0.664549
1.19513
0.709752
0.987953
0.983074
0.861561
0.967318
1.03069
0.649139
0.808645
1.15825
0.536183
1.18453
0.896638
0.958662
0.906332
0.741718
1.07502
0.897024
0.85298
0.847809
0.962689
0.75826
1.20563
0.958256
1.09138
0.778269
0.82649
0.810689
1.41582
1.0385
0.579783
0.544831
1.1402
0.818247
0.805781
0.607905
0.902603
0.861504
0.793512
0.951683
0.372189
1.06556
0.806582
0.925422
0.990794
0.671919
1.1374
0.859914
0.793455
0.745958
0.645211
1.16475
1.09657
0.923708
0.859934
0.72235
0.906
0.793905
0.980242
1.11653
1.14077
1.00097
0.874161
0.968797
0.793836
0.672805
0.90406
1.06903
0.867468
0.762129
0.839243
0.607552
0.687552
0.875621
0.701268
1.0264
0.69637
0.903139
0.810826
0.791497
0.760749
0.959931
1.06392
1.15997
0.969662
0.691
0.786057
1.06923
1.41193
0.923786
0.70035
0.861294
0.927924
0.944343
0.976498
1.12421
0.911322
0.801543
0.956423
0.86494
0.875966
0.921148
0.792059
0.880199
0.840829
0.839677
0.911345
1.10299
0.904981
0.777236
0.958493
0.943364
0.783751
1.02906
0.817693
0.916312
0.766001
0.787208
1.37689
0.853489
1.04662
0.899046
0.772718
0.942081
1.04407
1.13992
0.811125
0.87632
1.08992
1.11822
1.45023
0.958515
0.731306
0.601354
1.25777
0.974506
1.13063
0.735655
1.27009
0.887697
0.890194
1.48441
0.622929
0.745338
0.774032
1.15951
0.993807
1.09435
1.03362
1.0086
1.22895
1.02166
0.981096
1.13676
0.745194
1.12272
1.33882
1.00312
1.03096
0.766403
0.941589
0.731813
0.846029
0.93446
0.719252
0.826292
0.558575
1.0404
1.29142
1.05136
1.44452
0.856587
1.08955
1.02428
1.16707
0.928727
0.929338
1.0001
1.17254
0.916938
0.61501
0.883395
0.626256
0.829902
0.640299
0.671349
1.00505
1.07792
0.906748
0.773388
0.555971
0.880489
1.05931
0.807041
0.915416
1.3284
0.654265
0.783355
0.599373
0.920509
0.963618
0.772887
1.34369
0.982891
0.987062
0.791638
1.02438
0.960659
0.92564
0.700918
0.858834
1.05365
1.12518
0.401995
1.05763
0.702188
1.18031
0.736743
0.955083
0.906489
0.944647
0.633697
0.449786
0.780439
0.573345
0.898909
0.702052
1.11777
1.1562
1.02633
0.735046
0.763057
0.792711
1.1122
0.71866
1.11616
0.743603
0.808558
1.06614
0.870013
0.657283
0.530778
0.858353
0.723053
0.66793
0.891267
0.961233
0.989698
0.878468
1.39743
0.972511
0.594528
0.928693
0.972032
1.088
1.00242
0.897544
0.836127
0.526477
0.967563
0.6978
1.37879
0.910221
0.84534
0.94587
0.637374
0.833688
0.39923
0.602612
0.886955
0.534997
0.707718
0.863917
0.721475
0.189048
0.952855
0.762462
1.26714
0.745064
0.979589
0.970143
1.03218
0.96957
0.583304
0.76136
1.0018
1.46504
1.10271
1.20693
1.12252
0.453118
1.05497
1.00815
1.39473
0.755772
1.24549
0.499804
0.731611
1.21685
0.954193
1.08669
0.665208
0.651095
0.770978
1.04161
1.15546
1.16708
0.924749
0.929172
1.05822
0.956245
0.700178
1.13049
0.686201
1.05287
0.65205
1.0601
0.727154
0.720805
0.710241
1.08725
1.03638
0.902552
1.02246
1.04021
0.997328
0.563475
0.852995
1.24099
0.986998
1.09405
0.51259
0.68659
0.788294
1.03079
0.954624
0.643832
0.888714
0.888046
0.505197
0.75379
1.14703
1.44988
1.24443
0.955267
1.12457
1.02296
0.835647
0.896235
0.712626
1.12663
0.893618
0.874581
1.2329
0.990188
0.858914
0.987068
1.08636
0.926324
1.48337
0.93378
1.13601
0.806682
0.56984
0.878113
0.785642
0.933594
0.645403
1.18315
0.632454
0.707573
1.22449
1.13746
0.643736
0.96597
0.888871
1.11237
0.986333
0.648599
1.11517
1.04507
1.3372
0.918432
0.744116
0.918454
0.684325
0.927497
1.2583
0.596214
1.19579
1.14385
0.581812
0.653569
0.876846
1.13392
0.559654
0.674065
1.12538
0.625125
1.09364
0.92505
0.93298
1.33752
0.44086
0.831643
0.854552
1.10799
0.741026
0.801046
0.89566
1.09737
1.08886
0.934678
0.698731
1.13681
0.570773
0.983826
0.891865
1.01787
0.998104
1.39993
0.967001
0.498701
0.934375
0.702918
1.01849
0.805828
1.10043
0.777834
1.02022
1.04192
0.931404
0.66236
0.730853
0.948399
1.19163
0.726711
0.917589
0.584211
1.05725
0.69018
0.605987
1.34586
1.0819
0.815949
1.40451
0.934013
0.89718
0.798507
0.865034
0.859563
1.08339
0.577045
0.826416
0.732348
0.639483
0.831871
1.24704
1.13813
0.834761
0.765116
0.680893
0.696173
0.76195
0.60178
1.09882
0.815303
0.860305
0.690278
1.00882
1.26549
0.805127
1.13416
1.49957
0.599089
0.799979
0.646952
0.83142
1.04732
0.707521
0.618806
1.03568
1.27899
1.05597
0.812074
0.464143
1.29366
0.91303
1.02839
0.95354
0.918892
1.0373
1.07765
1.16052
0.694037
1.14643
0.794039
1.02063
0.8157
0.678562
0.943956
1.18036
0.982016
1.11465
0.939444
1.01376
0.719795
1.10146
0.757197
1.11615
0.678104
0.999785
0.787551
0.780456
0.818305
1.15595
1.0894
0.912988
0.929142
0.828961
0.768351
1.02162
1.02443
1.05024
0.885578
1.09583
0.559413
0.608059
0.733592
0.402139
0.977248
0.758685
1.48767
0.60164
0.976112
0.706739
0.890806
1.22396
0.914264
0.850729
1.2892
0.767605
0.515007
0.877492
1.03445
0.730636
1.07156
0.860212
0.974305
0.492912
1.2108
0.83863
0.783044
0.75332
0.910635
0.90406
0.937074
0.846246
0.333185
0.558966
0.982927
1.01135
1.28767
1.02366
0.731704
1.21355
0.577049
0.843783
0.925506
0.656082
1.05294
1.01147
1.25988
0.97927
0.690854
0.795344
0.810173
0.970196
0.733073
1.02782
0.829128
0.640198
1.29695
1.01569
1.15187
0.466894
1.24592
0.736643
0.634229
0.616081
0.763141
0.947821
0.911853
1.26187
0.902185
0.956383
0.749316
0.896421
0.69592
1.22632
1.27913
1.01644
0.806188
0.950188
1.17694
0.83659
0.684038
1.09195
0.881885
0.840484
1.01181
1.00634
0.87464
0.92254
1.23074
0.862371
0.841779
1.01846
1.0009
0.878021
1.26517
0.918954
0.791078
1.30544
0.873356
0.981202
1.05654
0.564096
1.30158
1.05927
1.10256
0.759072
1.0138
1.0957
1.17874
1.24348
0.943223
0.723682
0.566077
1.06204
1.01325
0.956458
1.01391
1.10116
0.757978
0.601646
1.11916
0.853709
1.15355
1.01552
0.912194
1.21539
0.815827
0.66107
1.20893
1.03816
0.89931
0.773112
1.33417
0.992694
1.07639
1.07709
0.878892
1.01446
1.16465
0.816625
0.750202
0.783279
0.796516
0.849529
0.974482
1.00932
0.868299
1.01327
0.879822
0.767666
0.801947
0.774349
0.729799
1.05815
1.19988
0.987049
0.969752
1.16118
0.747411
0.824016
0.997449
1.00746
0.944005
0.717589
0.71995
1.23796
1.21905
0.775575
0.695218
0.841228
0.760323
0.954954
1.14833
1.32427
0.58501
0.753807
0.885433
0.650689
0.853169
0.66808
1.20382
1.32001
1.42676
1.10089
0.866897
0.674038
1.19988
1.17657
0.960976
0.966972
0.927414
0.74381
1.07856
1.45847
0.957408
1.12264
0.734306
0.80583
0.779613
0.972565
0.85238
0.744463
0.970857
0.661366
0.733426
0.608394
0.799241
0.753044
1.28315
1.15628
1.36983
0.778272
0.953243
1.11203
0.660906
0.831852
0.877869
0.869923
1.02527
0.813965
0.758272
1.0103
0.812775
0.605237
1.10535
1.04216
1.10999
0.918153
0.871275
0.757017
0.770133
0.500424
1.01915
0.627306
0.827156
1.01457
0.719101
0.830292
0.760033
0.552733
0.914913
0.62799
0.761736
0.791058
0.86479
1.01105
0.792833
0.743479
0.789776
0.46077
1.06188
0.862556
0.773071
1.03207
0.847873
1.1907
0.687673
0.892761
0.989983
0.709212
0.851336
0.896173
0.852293
0.774762
1.02126
0.694349
0.641585
0.838405
0.628385
0.810458
0.978731
0.97044
0.869354
0.749718
1.04075
1.15213
1.17184
1.22809
0.694337
0.876663
0.876015
1.02332
0.829589
0.96206
0.846676
0.899519
0.849362
1.31923
0.950123
0.840008
1.18998
1.05877
1.09028
0.662232
0.933279
0.933527
0.860199
0.950772
1.01863
1.0356
0.849383
1.01576
0.571008
0.763061
1.40188
0.789253
0.809653
0.766227
1.29235
0.600886
0.917701
1.15308
1.09312
0.528215
1.06196
0.886995
0.830388
0.775489
0.964446
0.940924
0.566215
0.919043
0.910584
1.01913
0.972758
0.894436
0.98219
0.819823
0.895373
0.866103
1.15536
0.95155
0.64533
0.693425
0.930433
1.09572
0.998572
0.75858
0.756412
0.748677
0.877194
0.60779
1.42992
0.594446
0.98269
0.846284
0.695712
0.596829
0.830938
1.2716
0.905057
1.04412
0.626708
1.02531
0.51969
1.08255
0.939817
1.26193
0.906258
0.935171
0.922751
0.688311
0.990293
0.673586
1.12646
0.736524
0.902091
0.889864
0.827372
0.780202
1.03284
1.17932
0.844043
0.940784
1.11301
0.963932
0.713019
0.974239
1.08337
0.814465
0.822351
0.632601
0.986655
0.835733
0.842017
1.10711
0.843467
0.786211
0.794546
1.14212
1.17544
1.07683
1.19623
0.950304
0.721196
0.604101
0.858528
0.701166
0.434514
0.849605
0.981458
1.09484
0.878227
0.473725
1.1256
0.918218
0.570598
0.798648
0.522617
0.921613
0.809083
0.861957
0.7793
0.824467
0.867554
1.06358
0.689601
0.961566
0.993339
0.782
0.621095
0.961889
1.0281
0.709787
0.776537
1.10927
1.34427
0.740047
1.02056
0.651902
1.01405
1.02633
1.06022
0.77815
1.28522
0.595045
1.06349
0.588672
1.16632
1.20461
0.987628
0.507754
1.10872
0.972135
0.834496
0.600343
0.849639
0.773293
0.706495
1.13651
1.13367
0.880852
0.901878
1.15836
1.02188
1.01252
0.758375
0.551119
0.860635
0.683526
0.862221
0.777537
1.37296
1.24768
1.10904
0.859033
0.916583
0.779296
1.14915
0.827279
0.872393
1.12288
0.764035
1.18519
0.853572
0.729349
0.873077
0.702281
1.13031
0.986256
0.60041
0.810221
1.10236
1.29016
1.38273
0.772403
1.18794
0.998171
0.620031
0.924023
1.16558
0.540312
0.994736
0.883139
0.973297
1.05834
0.973413
1.04992
1.02334
0.929669
0.696087
1.32588
0.829754
0.659532
0.768795
1.32023
0.846111
1.04115
0.97079
0.975787
0.699528
1.02515
0.90432
1.05885
1.01545
1.1029
1.01852
0.828131
0.58279
1.03044
0.789558
0.818096
0.754884
1.23248
0.762886
0.716162
1.14196
0.790687
0.844569
0.71522
0.895229
1.12966
0.975598
0.601904
0.877647
0.828155
0.647275
0.883773
0.813464
0.845447
0.977363
0.922776
1.36375
0.6056
0.769927
0.962628
0.90804
0.830098
1.10763
0.864106
0.81711
0.922837
0.807425
1.00503
0.845448
0.86629
0.770484
0.54724
0.963032
1.13303
0.672447
0.768045
0.717906
1.09469
0.742055
0.985548
1.05242
0.935598
0.864993
0.741665
0.957765
0.884125
1.11167
1.20325
0.897568
1.09751
0.796989
1.06759
0.739383
1.17908
1.3984
1.12609
0.780601
0.818159
1.08347
1.05749
1.03986
1.03835
0.730267
1.09107
0.643252
0.707915
0.903623
0.426379
1.03932
1.01063
0.781863
0.799703
0.828888
0.822591
1.03496
0.569111
0.999543
0.653358
1.00568
0.752095
0.853922
0.834612
0.697612
1.11048
1.08845
0.789706
1.09105
0.687935
0.514429
1.06154
0.678868
0.673133
0.667458
0.673502
1.08731
0.969618
1.02992
0.939929
0.822186
1.14438
0.842259
0.471777
0.862984
0.862054
0.886797
0.636265
1.17438
1.19199
0.72456
0.769189
1.07916
0.846913
1.02414
0.778155
0.833266
0.949576
1.25474
1.19174
0.744076
1.04093
0.711949
0.650788
1.1953
0.689934
1.31096
0.865089
1.05743
0.769136
1.02101
1.23827
1.3581
0.737366
0.624974
0.78364
0.753718
0.783857
0.736256
1.01303
1.56646
0.786431
0.718337
1.37861
0.79899
0.889334
1.03514
0.884048
0.934685
0.787405
1.01902
0.878036
0.87611
0.909667
0.663529
0.979045
0.852764
0.892605
0.873422
0.87373
0.926519
0.996308
0.811674
1.12127
0.868165
1.15902
0.778041
0.821237
0.781946
1.01141
0.589273
0.921537
1.00084
0.795409
0.598142
0.898227
0.718728
0.945829
0.874223
1.01832
0.683125
0.843939
0.974924
1.52538
1.08324
0.557291
0.829747
1.23781
0.663203
0.761914
1.44801
0.456471
0.809447
0.91541
1.06555
0.897946
0.994182
0.607778
0.740101
0.689114
0.82916
1.00367
0.826811
1.22113
1.16839
1.00777
1.07434
0.51951
0.88349
1.27669
0.896942
0.953252
1.01439
1.18271
0.929198
1.50638
1.11326
0.863244
0.850858
0.902096
0.98278
0.748603
0.964559
1.06518
0.692982
0.722598
1.04773
1.20035
0.847253
0.985424
0.690485
0.536878
0.529516
1.02757
0.4502
1.16747
0.91991
0.601664
1.02099
1.01243
1.04057
1.33675
1.21158
0.65959
0.675051
1.02917
0.905681
0.862189
0.767356
0.63292
0.930466
0.997476
0.783107
0.757274
1.01528
0.807015
0.940026
0.698025
0.936986
1.24341
0.433792
0.681479
0.744037
0.946251
0.687073
1.2026
0.666446
0.962065
1.23519
0.607211
0.916791
0.937588
0.913954
0.982337
0.998709
0.523896
0.981106
0.666382
0.970815
0.815212
0.739148
0.756613
0.89379
1.05017
0.869814
1.1203
0.763624
0.594591
0.930591
1.1015
0.783118
0.726303
0.949122
0.639962
1.18586
0.830591
1.38606
0.923904
0.740401
0.6282
0.915
0.74277
0.973123
1.27549
1.03143
1.25414
0.685422
0.90618
0.949024
1.16214
0.9175
1.00999
1.33614
1.01549
1.07529
1.28822
1.02167
0.808701
0.965121
0.836249
1.01245
0.607899
0.737628
0.790499
0.973711
0.959277
1.07565
0.671129
1.04101
0.895212
1.09253
0.864804
0.830131
0.855476
0.836729
1.00099
0.8162
0.926507
0.807219
0.931325
0.927834
1.51849
0.847147
0.623941
0.685511
0.83821
1.40253
0.769794
0.936535
1.03518
0.690852
0.872988
0.803965
1.3066
1.01144
0.627557
0.756013
0.85968
1.33756
0.859317
1.15605
0.492548
1.09836
0.935943
1.08887
0.52705
0.824838
1.38966
1.08054
0.854862
0.750782
0.878589
1.24833
0.683397
1.05453
1.27146
0.743271
1.17583
0.56723
0.759774
0.881118
1.1141
1.05036
1.06308
1.49078
0.305813
0.875478
1.49872
0.637645
0.884244
0.764496
0.839591
0.791824
0.792289
1.27914
0.962002
0.811517
1.04155
0.799449
0.844591
1.04562
0.556939
0.72982
1.05669
1.30172
0.923743
0.711315
1.16023
1.30437
1.1069
0.55982
0.87332
1.04684
1.04121
0.904826
0.898313
0.835955
0.98404
1.19539
0.749396
0.875439
0.672111
0.908819
0.827963
0.830544
0.854446
1.11995
1.13815
0.686357
0.675843
1.06048
0.940088
0.896667
1.05405
0.761929
0.808183
1.07763
0.824851
0.942346
1.07247
0.98341
0.468236
1.27496
1.47806
1.00415
0.561528
1.11246
0.612608
0.954702
0.856187
0.928164
1.30731
1.08393
0.683788
0.857901
0.593301
0.793305
0.76637
1.0234
1.01022
0.732233
0.989169
0.778429
0.749251
1.03167
0.789327
1.17809
0.860365
0.843218
0.649421
0.953352
1.26907
0.829732
0.622573
0.862207
0.849113
0.829393
0.877325
0.885717
0.925123
1.4191
0.583041
0.505943
0.804778
1.15684
0.712914
0.538614
0.686088
0.762622
0.757629
0.812951
0.988819
0.962544
1.03393
0.811256
0.859987
0.715169
0.823339
0.864367
1.08687
0.879515
0.774091
0.846117
0.742527
0.773696
1.15782
1.10003
0.88674
0.78982
0.764587
0.706541
1.32091
0.710789
0.921058
1.1297
0.821888
1.01439
0.817874
1.09028
1.06985
0.716218
0.896762
0.777266
0.691909
1.10084
0.560189
0.525087
0.951909
1.10942
0.957535
0.678677
1.01662
1.06621
0.896848
0.641104
0.751874
0.912583
0.968873
0.506377
0.651318
0.811654
0.86799
1.40868
0.82878
0.70717
0.729193
1.05044
0.780726
1.29832
0.521547
0.8956
0.699877
0.594443
0.624845
1.11907
1.25837
0.565877
0.934452
1.15424
0.713678
0.894303
1.02166
0.80884
0.802529
1.40812
0.936658
1.30133
0.549488
1.2157
1.16513
1.04769
1.04959
1.078
1.02562
0.827577
0.93598
0.907087
0.637274
0.976927
1.33289
1.39249
0.672205
0.762176
1.11409
0.86475
0.991165
1.34766
0.816173
0.792618
0.944886
1.0799
0.915351
0.972732
0.827734
1.09269
1.00409
0.741152
0.939649
0.904997
0.608712
1.35255
0.819201
0.941759
1.39962
0.814902
1.1631
1.62492
0.969874
0.975138
0.928609
0.958428
1.11353
0.897366
0.872984
0.919909
0.917572
0.926398
0.804334
0.766954
0.656657
1.05033
1.04999
1.07837
0.857937
1.19942
0.876911
0.919674
1.1756
0.806134
0.940656
0.957455
1.16545
0.73015
1.03748
1.1462
0.472524
1.00953
1.04506
0.616403
0.986278
0.857813
0.738636
0.657232
0.994079
0.907581
0.721576
0.860763
0.907002
0.855061
1.17454
1.02705
0.807503
1.30773
0.875626
1.17235
1.35521
1.16461
0.859644
1.12303
1.16056
1.19588
1.05937
0.913277
0.894231
0.926924
0.776834
0.977467
0.775062
0.89272
1.05505
0.835351
0.98146
1.29846
1.3075
1.1467
0.800759
1.31038
0.890605
1.13591
0.660088
0.825826
1.03723
0.812431
1.38006
1.04633
0.636793
0.849521
0.878338
0.992357
0.758533
1.0862
1.47779
0.699559
0.503457
0.746577
1.37309
1.13982
0.45075
0.746337
1.32681
0.569789
0.993561
1.25272
1.36154
0.747297
0.895473
0.819114
0.848462
0.650004
1.11412
0.93094
0.719643
0.83451
1.18075
1.47361
0.811879
0.970448
0.713742
1.0653
0.820205
0.880639
0.605922
0.997873
0.717518
0.524167
0.81746
0.865543
0.622015
0.965049
1.18891
0.862844
0.630314
0.640645
1.02325
1.46612
1.30102
0.851605
1.1888
0.653529
1.07251
0.798965
1.02744
1.16428
0.904473
1.31011
0.834715
0.984602
0.749849
1.26785
1.18484
0.748097
0.88084
0.721374
0.871113
1.05582
0.887839
1.11836
0.892982
0.749873
0.709557
0.891952
0.693924
0.517009
0.880136
1.03015
0.650904
0.740651
0.661662
0.803709
0.861986
1.23676
1.36187
1.55515
1.16639
1.06079
1.04705
1.06009
0.963428
0.755477
1.26991
0.628723
0.865272
0.755766
1.25396
0.768181
1.13096
0.947419
0.839471
0.880074
0.650616
1.02176
0.752763
0.893751
0.944575
1.02004
0.809181
1.00324
1.09913
0.903728
0.759162
1.16998
0.876747
0.877259
0.779102
0.812295
0.928536
0.921751
0.753736
0.959579
0.937656
0.674792
1.48929
0.863251
0.745886
0.603833
0.750446
0.926692
0.712336
0.692486
1.02787
0.656413
0.820615
0.979204
1.07502
0.961735
1.23506
1.05284
0.768912
1.08163
0.527781
1.2462
1.21619
0.874184
1.01518
0.731424
0.995589
0.996755
1.08094
0.982695
0.708408
0.931112
0.758842
0.986816
0.811605
1.11048
0.675855
1.22924
0.804908
0.985238
1.35649
1.38182
1.2876
1.14637
0.842061
0.643579
0.808667
0.742384
0.951246
0.754886
0.753973
0.880893
0.94895
0.698748
1.23052
0.747078
1.10545
0.474248
1.26358
0.960384
0.589382
1.1494
0.777424
0.660394
0.968313
1.14642
0.980238
0.557902
0.935069
0.791807
0.876004
0.561905
0.757404
0.630617
0.781442
0.756785
1.25969
0.656764
1.11822
1.116
0.784532
0.936501
1.14884
0.738974
0.762509
1.42537
0.954835
0.551338
1.10995
0.998462
1.19856
0.860114
0.81599
0.765769
0.942297
0.764809
0.927641
0.795191
1.08545
0.841999
0.798724
1.01489
1.20972
1.23508
1.029
1.00115
1.50837
0.900596
0.951001
1.0975
0.689876
0.78008
0.829479
0.756863
0.94275
0.675533
0.890365
1.33965
1.47457
0.691711
0.748699
0.766702
0.860045
1.01326
0.618719
0.901711
0.731498
1.12536
0.813334
0.834478
0.967574
0.918177
1.29823
0.739418
0.977719
1.02297
0.723988
0.427875
0.605388
0.516282
0.905163
1.00494
0.709594
1.41007
1.2367
0.709768
0.43287
1.02188
1.02948
0.730632
1.06124
0.757947
1.19205
0.889193
0.656654
0.53704
1.42024
0.955213
0.968348
0.523514
0.518479
1.13882
0.502403
0.755013
1.04137
0.912875
0.768565
0.876215
1.12145
0.964917
0.525077
1.21034
0.832656
0.788794
1.14858
1.48779
1.15333
0.837002
0.939981
0.875991
0.735723
1.11027
1.00345
1.05799
0.689223
1.17402
0.832419
0.822677
1.11858
0.739933
0.933914
0.769075
0.800621
0.824672
1.18789
0.997956
0.996823
1.03636
0.966179
0.991862
1.08047
0.928482
0.712885
1.01768
1.01451
0.887924
0.933471
0.884181
0.950531
1.05375
0.620547
1.08213
1.02798
0.666518
1.23039
0.801124
0.685203
0.752862
1.0871
0.941913
0.710658
0.721617
0.762253
0.964537
0.742466
0.650701
0.71678
0.8526
0.781385
0.939309
0.75541
1.36964
0.557689
1.35962
0.881512
0.810228
0.599737
0.821309
0.845151
0.857687
1.05216
1.19083
1.15116
0.719013
0.895858
0.838444
1.12359
1.27125
0.928345
0.984876
1.15818
0.728345
1.02452
0.425887
1.0901
1.14017
0.707519
0.793069
0.780686
0.758837
0.919235
0.733343
1.38171
1.04488
0.503305
0.859374
1.16598
1.04419
1.21113
1.15628
0.858412
1.07698
0.954837
0.944013
0.657111
0.732268
0.836819
0.707467
0.772513
1.04606
0.863848
0.880252
1.31465
0.759148
1.14626
0.802426
1.42515
0.800246
0.859759
1.10138
0.743251
0.568573
0.94682
1.22143
0.978739
0.607438
0.989963
0.783783
0.734584
0.79119
0.907186
0.753009
0.855073
0.6574
0.902531
0.917395
0.726882
1.17568
1.49586
0.468916
0.72618
0.889824
0.787514
1.38737
0.872531
0.891544
1.06019
1.23394
0.88057
0.822843
1.02807
1.01805
0.94707
1.0894
0.707985
1.03845
0.70202
1.03024
0.877443
1.30859
1.11209
0.708508
0.917518
1.06174
0.881482
1.23257
0.822637
1.05312
1.12418
0.74103
0.653437
0.845618
1.04656
1.06901
0.782695
0.451589
1.08248
0.637888
1.04998
0.906258
0.878898
1.47432
1.24014
1.07895
0.786796
0.887045
1.00645
0.592975
1.07595
0.61113
0.956042
1.05611
1.075
0.761895
0.998954
0.766266
0.815031
0.844421
0.492589
1.32234
0.722468
0.985528
0.72616
0.959034
0.580505
0.768717
0.935862
0.931893
1.1713
0.615846
0.788363
0.708362
0.870113
0.708974
0.829618
1.09636
1.25939
1.23113
0.814784
0.743957
0.860603
0.764284
1.21977
0.942122
0.872645
0.990361
0.501449
0.949716
0.784921
0.940636
0.764481
0.706313
0.926367
0.686329
0.95715
0.502475
0.88553
0.975487
0.753426
0.868098
0.846544
0.95473
0.962846
1.09298
0.841393
0.80011
1.20509
0.746118
0.901545
1.1347
0.624137
0.798416
1.06367
0.815423
1.02831
0.610494
0.728346
0.787037
1.06491
0.805704
0.97005
0.800469
0.783448
0.941633
0.973026
1.03138
0.856198
0.957769
1.0216
0.862455
0.855633
0.630236
0.703051
0.921559
1.02613
0.634229
0.810604
0.760058
0.837862
0.878848
0.79302
1.11949
0.919165
0.902742
0.983885
1.02825
0.679409
1.13855
1.2241
0.879993
0.875013
1.16403
1.07966
1.31925
0.745305
0.488649
1.03446
1.02972
1.01545
1.08622
0.505251
1.38315
1.26033
0.909624
1.12762
0.724537
1.121
1.25682
0.400863
1.10694
0.898362
0.910969
1.12468
1.39897
1.00912
1.1806
0.851457
0.539127
0.835235
0.97402
1.33889
0.877496
0.859421
1.03936
0.904692
0.981294
1.28764
0.825879
0.914935
1.00773
0.461498
0.825523
1.12132
1.08137
0.846036
0.761728
0.764305
1.0505
1.16585
0.966377
0.774078
1.4973
0.865204
0.84499
0.600098
1.06714
0.964849
0.774918
0.772023
0.926257
1.28884
0.690085
1.21051
1.06718
0.880516
0.796964
0.676758
1.41068
0.92477
0.920475
1.08897
0.733694
0.977708
1.02027
1.19839
1.16228
0.934428
0.656674
1.18644
0.566884
0.509181
0.930072
1.22264
0.893777
0.857993
0.738647
1.04644
0.753314
1.08709
0.63387
0.807942
0.765307
0.89475
1.05088
0.608619
0.85041
0.591403
1.17332
0.667903
0.914365
1.34216
1.13722
0.79427
1.17375
1.06566
1.12214
0.889174
1.04759
0.738195
1.01789
0.926408
1.21857
0.909012
0.303024
0.787696
0.866554
0.754072
0.988706
0.58493
1.32616
0.858545
0.798469
1.12562
0.689388
1.16873
0.760528
0.631909
0.693555
0.548136
0.953291
1.16271
0.547796
1.09196
0.634144
0.699019
1.01792
0.70626
0.958271
0.862266
0.669743
1.0673
0.971946
1.00301
1.03627
1.00288
0.894128
1.06049
0.661358
1.36041
0.80948
0.807187
0.738062
0.92393
1.16272
1.301
0.754768
0.793303
0.947078
0.747182
0.921416
1.04232
0.937448
0.794224
0.842631
1.11433
1.02454
0.651851
1.11455
0.956379
0.917068
0.87362
0.609974
0.995361
0.963782
0.876998
0.696747
0.922657
0.897583
0.962684
0.668226
0.920026
1.01572
1.27283
1.0013
1.14789
0.644051
0.8996
0.76301
0.551407
0.910278
0.787741
1.19377
0.821468
0.772959
0.815851
0.89585
1.02177
0.668782
0.742962
1.2076
0.681406
0.70878
1.08752
0.701725
0.875289
0.774715
1.25131
1.08832
1.08953
0.945216
0.786252
0.670513
0.993304
0.852736
0.765928
0.766493
1.04595
0.638041
0.768203
0.746076
0.671554
0.95431
0.984718
0.868412
0.593728
1.09032
0.877187
1.09725
1.22027
0.98898
0.683317
0.670064
0.661634
1.30172
0.919649
0.902985
0.92052
1.0314
0.843056
0.907993
0.844123
0.820782
1.0906
0.773806
0.476665
1.12516
0.841632
0.911426
1.10512
0.652868
0.789119
0.672358
0.896334
0.735803
0.600816
0.621063
0.962369
1.1108
1.07161
0.993329
0.898154
0.889893
0.929041
0.925849
1.05658
0.998838
0.682112
0.825533
1.13724
0.323441
0.91408
0.537882
1.1742
0.960684
0.732369
0.8507
1.156
0.809836
0.776187
0.814704
0.630964
0.589818
1.00552
1.26588
0.749644
0.701449
0.717282
0.968887
1.04887
1.10995
0.635343
0.992101
0.868069
0.96534
1.02387
1.0404
1.44191
0.784604
0.428455
0.722806
1.06274
0.823859
0.751305
0.884917
0.764292
1.1268
0.657583
0.802643
1.02576
0.672127
1.156
0.949625
0.598847
1.0311
0.828397
0.882559
1.01107
0.933863
0.74984
1.02148
0.519392
0.877909
0.598481
1.01757
1.26918
1.04975
0.818843
0.720051
0.845597
0.760131
0.687052
0.770408
0.888388
0.928959
0.474598
1.10752
1.11866
0.525552
0.830002
0.781946
1.17997
1.18991
0.846943
1.1439
1.14218
0.936456
0.541609
0.92398
0.808535
0.63999
1.02961
0.905222
1.091
1.04955
0.972229
1.08621
0.814948
0.851588
0.686565
0.915099
0.819839
0.857346
0.655381
0.916606
0.942032
0.952749
1.41034
1.16344
0.729886
0.781169
1.04647
0.535368
0.744988
1.08583
1.31957
0.972979
1.08707
0.983523
0.940493
1.06328
1.01533
1.15098
0.569793
0.961457
0.744819
0.714594
0.938937
0.913368
0.624985
0.80901
1.10149
1.02579
1.01643
0.877692
0.941532
0.921496
0.945203
1.07709
0.455641
0.81428
0.913721
1.01052
0.817111
0.789754
0.779852
1.23675
1.11079
0.788615
0.860486
0.966942
0.837559
0.950164
0.472518
0.731
0.63595
0.861481
0.636284
0.922927
0.799123
0.776713
0.672092
0.594636
1.01139
0.892901
1.25245
0.87024
0.78696
0.888687
1.0499
0.861073
1.33689
0.854093
1.42644
1.1753
1.05007
0.564143
0.992903
1.16264
1.35064
1.12324
0.718471
0.739415
1.05443
1.35247
0.996079
1.09678
0.926546
1.24519
1.20123
1.2732
0.997018
1.17213
0.961502
0.658275
0.725586
1.49229
0.821288
1.00485
0.974169
0.783259
0.927924
0.718531
0.782663
0.613379
0.72136
0.882468
0.768339
0.877782
0.787704
1.29205
0.951232
1.08492
1.05005
0.652538
1.04835
1.31541
0.622888
0.872892
1.00492
0.915355
0.822878
0.97351
0.621986
0.903715
1.04308
0.83982
0.875645
0.992323
0.829386
0.989524
0.459602
0.933368
0.920492
0.711445
0.859842
0.93146
1.34552
0.602929
0.915598
0.938377
1.00161
0.924744
0.692166
1.10537
0.889099
0.720845
1.07355
0.575272
1.26663
0.882096
0.991454
0.944484
0.944934
1.40689
1.10911
0.845689
0.76497
0.872825
0.87654
0.610593
0.591875
0.827776
1.16515
0.828066
0.843349
1.05325
0.561215
0.909917
1.21904
0.843465
1.53101
1.11402
0.991471
0.821253
0.594025
0.838335
1.58412
1.00285
0.844766
0.541947
0.780149
1.17684
1.1399
0.759252
1.04633
0.946397
0.828064
0.6562
0.580089
1.14948
0.622441
0.497594
0.974541
0.7623
0.944644
1.05845
0.950832
0.785652
1.336
0.841158
0.684848
0.802542
0.780267
1.12894
0.99742
1.03525
1.20205
1.0837
1.28348
1.131
0.537987
0.824003
0.956525
0.806367
0.954264
0.788934
1.40171
0.676382
1.16722
1.20398
0.696914
0.755016
0.910187
1.27474
0.922993
0.809017
0.723881
1.39708
1.07571
0.806226
0.839522
0.937528
0.947549
0.678674
0.649712
0.767849
1.015
0.817595
1.00428
0.67092
0.912716
0.837703
0.898773
0.909966
0.89817
1.17967
1.10725
0.383536
0.666614
0.716782
0.567757
0.800133
0.902824
0.819571
0.820647
1.09933
0.523759
0.835467
0.984521
0.777517
0.890628
0.858192
0.843699
1.32032
0.844939
1.22073
0.796882
0.891599
0.993004
0.950976
1.1883
0.901387
0.508918
0.796756
0.811658
1.00363
1.065
1.13545
0.726923
0.923125
1.07909
1.04344
1.1852
1.0379
0.896572
0.927326
1.05857
0.639696
1.00746
0.831123
0.602533
1.01842
1.14697
0.777308
1.01327
0.9399
0.861686
0.552695
0.851489
1.12032
1.06338
0.968498
1.32704
0.793606
1.06803
0.923803
0.791415
0.795869
0.918153
1.18347
1.11254
1.04835
0.935902
0.895455
0.976358
0.753841
0.63072
0.807469
0.717146
0.790867
1.11572
1.03603
0.988453
0.810759
0.969448
0.755546
1.02283
0.948096
0.987838
1.00232
0.951001
0.965737
0.96257
0.565039
0.930394
0.791765
0.937453
0.817049
0.563414
0.804073
1.37064
0.709922
0.576057
0.639182
0.993937
1.00297
0.710101
1.08611
0.623162
0.911161
1.04798
1.30689
0.97588
1.17794
0.475236
0.566425
1.11758
0.731837
0.972526
0.555771
1.1004
0.924196
1.38348
1.2022
1.20497
1.08117
1.08459
1.76598
0.836569
1.01417
0.696928
1.0195
0.923857
1.34121
1.3371
0.882414
1.20346
0.834983
0.848352
0.771082
0.674667
1.01361
1.26401
0.816228
1.46313
1.37043
0.628514
1.49583
0.810194
0.775953
0.999187
0.600391
1.05303
1.3329
0.60944
1.03149
0.803475
0.75698
0.92804
0.865259
1.14721
0.646926
0.354471
0.578646
0.883943
1.15621
0.866185
0.899264
0.771628
1.23149
0.695915
0.69111
1.31897
0.684332
0.794402
1.22017
0.802931
0.900248
1.07246
1.20185
1.05297
0.689009
1.05654
0.693909
0.698147
0.983128
0.86593
1.12006
0.606539
0.816016
1.2626
1.13079
0.744202
0.686952
1.18306
1.01473
0.819867
0.427624
0.53064
0.825342
0.931222
0.832498
0.779125
0.910276
1.26423
0.734015
1.06403
0.9819
0.891816
1.28671
1.04321
1.09644
0.710286
1.1254
0.97555
1.28727
1.14144
0.696428
0.679584
0.78447
0.807322
1.374
0.87496
0.755076
0.832449
0.931368
1.26645
0.898399
0.677294
1.27624
0.824005
1.06855
0.684172
1.17243
0.938889
1.13221
0.749337
0.747301
0.745268
0.781502
0.592363
1.01278
1.07646
0.888237
0.748003
1.03955
0.93622
0.954088
0.683561
0.872524
0.711376
0.708993
0.853031
0.841169
0.701162
0.9207
1.08732
1.06389
1.22924
1.08384
0.808081
0.754714
0.66601
1.28213
1.01787
0.835185
0.762119
1.49987
1.00182
0.857588
0.815717
1.29563
0.625914
1.21477
1.01728
1.14673
0.950908
1.08535
1.06816
0.881542
1.03635
0.995376
1.16835
0.723595
0.701886
1.38319
0.698372
0.816408
0.867473
0.842348
0.693196
0.890605
0.946581
0.893097
1.11667
0.865699
0.726111
0.828976
0.959448
1.24491
0.93155
0.968432
0.708682
0.850957
0.938371
0.855318
1.51392
0.857095
0.951674
1.2928
0.980854
1.0017
1.01
0.854369
0.766555
0.855733
1.0305
1.26853
1.0941
0.787916
0.743564
0.887618
1.30783
1.2779
0.990833
0.939115
0.944022
1.15586
1.07485
1.02578
0.785704
0.71669
1.20707
1.20044
1.25777
1.03434
0.751352
1.01501
0.899216
0.982237
0.521264
0.973073
0.935242
0.933197
0.82891
0.839159
0.709229
0.671459
0.907447
1.03655
0.965193
0.768144
1.07599
0.769681
0.644743
0.867329
0.660317
0.717994
0.672505
1.04245
0.94172
1.11656
1.0548
1.17366
0.43566
1.09869
0.824366
1.04785
0.91326
0.844773
0.866912
0.576149
0.653182
0.666377
0.793808
0.573987
0.759492
0.956567
0.909066
1.02031
0.920312
1.00154
1.19555
1.1413
1.15346
0.790316
0.700276
1.04102
1.17997
0.789939
0.634178
0.485417
0.73936
0.781024
0.66008
0.728899
1.16843
0.809117
0.959015
0.79666
0.898949
1.14822
1.09854
1.28112
0.774732
0.761193
0.495398
0.850405
1.28014
0.587788
0.824472
0.940495
1.25914
1.13113
0.829988
0.67791
0.703196
0.740124
0.943706
0.584509
0.955691
0.642585
0.911209
0.886177
0.761669
0.838902
0.877441
1.15124
0.809889
0.799785
0.713212
1.07461
0.834175
0.835229
1.05444
0.70339
0.993191
0.657849
0.57792
0.946565
0.898614
0.712645
0.538628
0.844609
0.930461
1.244
1.06576
0.826641
1.13422
0.986684
1.07067
0.895088
0.945157
0.877147
0.913494
1.2527
1.20068
1.06588
0.823914
0.702098
1.20846
0.979026
1.07309
1.58907
0.873135
0.956158
1.12624
0.779677
0.890091
1.00944
1.43172
1.02187
0.857136
1.05673
1.04749
1.08704
0.703126
0.573023
0.896928
0.659501
0.915955
1.01728
0.687353
0.779598
1.15178
0.701266
1.26925
0.824692
0.842447
0.979242
0.584372
0.761152
0.886741
1.13596
1.08337
1.08302
0.787169
1.02977
1.19373
0.769556
0.830054
0.614552
1.57773
0.91325
0.983126
1.00529
0.828817
0.76298
1.21687
1.21867
0.757345
1.15542
1.19898
0.707476
0.721587
0.5893
0.630139
0.952055
0.634861
1.32107
0.82447
0.683259
0.945855
0.673376
1.03787
0.954054
1.04467
0.761696
0.739661
1.00033
0.952225
1.11711
0.958673
0.738984
0.812114
0.516663
1.28377
1.05383
0.74583
0.670778
1.1074
1.04979
0.844707
1.0684
1.26793
0.761291
0.638829
0.675718
0.765765
0.785089
0.942712
1.0723
0.833366
1.11063
0.72562
0.767961
1.25424
0.995211
0.854957
0.705485
0.774983
1.21724
1.10468
0.906915
1.06065
0.878385
0.980343
0.962353
1.00066
0.840866
0.829774
0.916665
0.892363
0.677994
0.978125
0.861149
0.69612
1.06733
0.853035
0.721901
0.944304
0.508435
0.441843
0.786331
0.85444
1.43603
0.570312
1.221
0.788388
0.98049
0.919729
1.24296
0.937974
1.07403
0.942151
0.682921
0.65441
1.59189
0.786288
0.969767
0.782721
0.937842
1.29913
1.05976
0.606505
0.683356
0.500361
0.900073
0.799083
1.22939
0.664447
0.828802
1.16822
0.799225
1.05424
0.936162
0.923422
1.25704
0.595579
0.672254
0.696741
0.967793
0.621444
0.787962
0.954042
0.855219
1.13089
0.784751
0.916886
0.885657
0.566296
1.10263
0.831293
0.729287
0.728268
1.19935
1.16129
1.53971
0.781555
0.849935
0.968701
0.732936
0.495312
0.930485
0.892171
0.752152
0.84828
0.801585
0.857937
1.323
0.729476
0.575719
0.669712
0.831858
0.829801
0.646609
0.959049
0.88776
1.2202
1.10925
0.898761
0.914994
0.873698
0.843766
1.04919
1.10528
0.635347
1.20999
0.72444
0.787456
0.573682
0.749878
1.23797
0.623397
0.919345
1.07861
1.08084
0.995719
0.978321
0.883237
0.641175
1.14435
1.0984
1.00868
0.855834
0.664657
0.879102
1.18526
0.897809
0.691243
0.751325
1.16887
0.771457
0.674872
1.14589
0.761675
1.05702
0.90544
1.23576
0.770782
0.690345
0.9119
0.971742
0.818868
0.933681
0.995403
0.707091
0.68926
0.974896
0.764068
1.25695
0.905175
0.730947
0.88532
0.957892
0.913111
0.801525
0.787593
1.01703
0.76796
1.15386
1.16936
1.15272
0.95901
0.912719
1.43096
0.926457
0.833634
0.524191
0.974629
0.604137
0.870779
0.725016
0.818283
0.83051
0.649283
1.06174
0.807894
0.770634
0.738908
0.779562
1.2796
1.26199
0.604978
1.22136
0.999305
0.656629
1.04612
1.52148
0.765058
0.662493
0.973122
1.25273
1.25988
0.87893
0.626551
1.20142
1.02595
0.775833
0.644342
0.607822
1.22448
0.917569
0.797921
0.78968
0.656712
0.842217
1.08852
0.660555
0.740378
1.11579
0.884739
1.26057
0.676319
0.979598
0.817586
1.14121
0.892894
0.697947
0.887418
0.934996
0.843438
0.877944
0.945842
0.87965
0.546933
0.966356
0.808464
0.96513
1.57206
0.725982
0.584366
0.78388
0.885217
1.01115
0.790735
0.839388
0.818931
0.939699
0.961446
1.06105
1.06023
0.960133
1.13681
1.02716
0.725229
0.529832
0.813074
1.17028
0.849793
0.919736
1.16857
1.18268
0.959038
1.22651
0.789493
0.77346
0.977625
0.862518
0.949025
1.04606
1.16885
0.654905
1.1244
1.19904
1.32887
0.860597
0.942725
1.40046
0.688376
1.02267
1.39093
1.65504
1.21259
0.758738
0.688332
0.573483
1.3924
1.0849
0.967504
1.42024
0.951877
0.903446
0.881765
0.947513
0.725969
1.1584
0.861074
0.975747
1.05928
0.748563
1.00519
0.891595
0.648102
1.60134
1.02397
1.03307
0.882002
0.889249
1.05415
1.17705
1.41265
0.952533
0.803354
0.881046
1.08622
0.716243
1.19172
0.912398
1.17469
0.755553
1.42026
0.773451
1.23266
0.852963
1.02121
0.928285
1.15368
0.722277
0.840628
1.20138
1.06352
0.655036
1.05258
0.979062
0.899821
1.14912
0.816188
1.05315
1.26393
0.580879
1.03191
0.659169
0.896501
0.800892
0.77068
1.22543
0.969658
0.75518
0.781253
0.829599
0.874776
1.0221
0.881433
0.895289
0.768055
1.44426
1.29454
0.435156
0.823999
1.20726
0.907929
0.765583
0.779068
1.20449
1.20716
0.771351
0.756935
0.958808
0.673153
0.994434
0.731454
1.34464
0.864781
1.2613
0.828189
0.645822
0.887422
0.854467
1.01201
1.07791
0.832618
0.539907
1.19956
1.07758
0.911755
0.671585
0.926088
1.19287
0.870674
0.99882
0.508585
0.994466
0.949894
0.877168
0.829408
1.18437
0.749799
0.860292
0.919942
1.22074
0.748239
0.918765
0.985162
1.14345
1.05956
0.836272
1.2068
0.876291
0.9731
0.789254
0.644083
1.05901
0.496151
1.15125
0.885082
0.967517
1.12535
0.791373
1.1488
0.73849
1.06644
1.11616
1.22143
1.05275
0.989935
0.926067
1.02726
0.711886
0.694473
0.939138
1.15289
1.06947
1.03784
0.532433
0.70178
0.664535
0.865904
0.794515
0.667684
0.764863
0.779725
0.73905
0.879748
0.843872
1.24491
0.649301
0.962128
0.830852
0.861039
0.577126
0.889356
0.653969
0.995836
0.951122
0.828939
1.30867
0.835312
0.81986
0.950582
0.801351
1.06841
0.717937
0.656229
0.627904
0.821756
0.725556
1.05686
0.861806
0.798461
1.01288
1.06313
0.845098
1.33201
0.949399
1.05013
0.779009
1.05443
0.762277
0.938797
0.71684
0.714699
0.811563
0.822581
0.995637
1.04231
0.869263
1.16245
0.906964
1.15102
0.900456
0.925129
0.796765
0.857101
1.3198
0.864989
0.921359
1.09609
1.50925
0.588822
0.682555
0.987909
0.81766
1.13001
1.07576
0.595638
0.818363
0.681638
1.08838
0.741886
1.20483
0.931308
1.02624
0.960013
1.01049
0.814052
0.991868
0.86919
0.85639
1.29363
0.874665
0.849547
0.797106
0.707951
0.743888
0.967713
0.822055
0.673047
0.686997
0.881305
0.703527
0.809164
0.657764
1.10532
1.109
1.22702
0.657826
0.814875
0.80648
0.963164
1.03963
0.974781
0.998338
0.846989
1.44745
1.02451
0.869005
1.39064
0.709532
0.844277
0.879806
1.00412
0.537062
0.80935
1.02213
0.875828
0.66475
0.802004
0.631061
0.84984
0.785978
0.714151
1.05208
0.76143
0.866026
0.700445
0.854095
0.976059
1.03321
0.922416
0.972278
0.865474
0.339807
1.5444
0.894317
0.972223
0.953105
0.996736
1.18794
0.953562
1.33657
1.05724
0.671076
0.748191
0.917349
0.749368
0.933635
1.24826
0.846158
0.755176
0.90147
0.926317
1.07412
0.9122
0.925543
0.874863
0.80409
1.0169
0.761702
0.996996
1.2378
0.758936
0.880382
1.09051
1.05282
0.95667
0.964233
0.976049
1.18249
0.725302
0.980964
0.530836
1.10197
0.795423
0.72938
0.837747
1.08247
1.29413
1.06219
0.900011
0.665442
0.873522
0.726639
0.576566
0.949241
0.904664
0.898101
1.13777
0.955298
0.658419
0.907809
1.17336
1.08214
1.29362
0.981496
0.589088
0.604339
1.58135
0.701171
0.645449
0.965202
1.01777
1.33171
0.886547
0.856968
0.811734
0.904232
0.540501
1.03543
0.987382
0.932734
0.749964
1.04731
0.735693
1.83751
1.11249
1.11189
0.588447
0.763061
1.40303
0.916864
1.32019
0.995848
0.840435
