0
0.0545183
0.0917072
0.12907
0.166881
0.20477
0.242854
0.282029
0.32213
0.360623
0.404871
0.444714
0.485299
0.528072
0.570398
0.615087
0.654559
0.697501
0.742175
0.784378
0.825639
0.871059
0.919042
0.965992
1.01284
1.05911
1.10699
1.15871
1.20433
1.24832
1.29251
1.34227
1.38885
1.43829
1.49841
1.54891
1.59123
1.64068
1.69006
1.74186
1.78651
1.84484
1.89089
1.9344
1.97623
2.02515
2.07489
2.12035
2.17342
2.23323
2.28277
2.32912
2.37861
2.42169
2.47752
2.52852
2.58064
2.63502
2.67677
2.73638
2.78588
2.8297
2.88204
2.93763
2.98004
3.03612
3.07695
3.13343
3.16996
3.21888
3.25408
3.30397
3.35364
3.39085
3.442
3.48954
3.52451
3.57098
3.63519
3.67409
3.72812
3.78244
3.82989
3.87269
3.9212
3.97028
4.01662
4.07212
4.1108
4.177
4.2236
4.26131
4.29078
4.33782
4.38273
4.43325
4.48719
4.53149
4.57824
4.61459
4.67358
4.74128
4.7863
4.83367
4.90136
4.95335
4.98383
5.04726
5.07625
5.11242
5.16061
5.2164
5.25369
5.32148
5.35539
5.40225
5.45206
5.48037
5.52331
5.56701
5.61127
5.64639
5.67084
5.72155
5.75358
5.78326
5.82878
5.87543
5.89534
5.91442
5.95892
6.01224
6.06751
6.08854
6.12788
6.181
6.21823
6.24402
6.2887
6.29004
6.31954
6.34066
6.3765
6.39466
6.43853
6.48244
6.51208
6.54877
6.57613
6.60769
6.64625
6.68715
6.72163
6.76822
6.78995
6.80796
6.83653
6.84233
6.8775
6.89901
6.90509
6.94474
6.96332
7.00863
7.04036
7.05558
7.09115
7.12194
7.16417
7.19603
7.23839
7.26022
7.29463
7.32463
7.35939
7.36971
7.38406
7.40811
7.44019
7.457
7.47605
7.51691
7.53462
7.5774
7.58418
7.63712
7.65836
7.68572
7.72137
7.74662
7.79928
7.82275
7.85865
7.88178
7.91242
7.94667
7.99297
7.99997
8.0229
8.06249
8.09885
8.12967
8.14544
8.20128
8.23627
8.27375
8.29215
8.31978
8.32671
8.37907
8.4075
8.44981
8.47843
8.52924
8.56966
8.59417
8.63378
8.61648
8.65079
8.68912
8.74583
8.76674
8.79659
8.80068
8.81879
8.82609
8.85146
8.84358
8.86823
8.88968
8.93333
8.95338
8.96044
8.99617
8.98367
8.98345
9.00257
9.03069
9.05134
9.07371
9.06419
9.07656
9.0828
9.11614
9.15279
9.16709
9.18523
9.24246
9.25147
9.27869
9.26248
9.29463
9.30166
9.32777
9.35765
9.38063
9.41832
9.4485
9.50039
9.52808
9.57338
9.59601
9.60666
9.62485
9.66357
9.64795
9.67887
9.68416
9.71962
9.75248
9.76547
9.78082
9.77101
9.76882
9.7747
9.78
9.76217
9.80265
9.84573
9.87041
9.89952
9.92696
9.96896
9.9869
10.0273
10.0732
10.0766
10.0988
10.0801
10.1148
10.1464
10.1699
10.2032
10.2252
10.2264
10.2109
10.2298
10.2651
10.2898
10.2894
10.3175
10.3558
10.3965
10.423
10.4637
10.4505
10.4634
10.4834
10.4801
10.5154
10.546
10.5497
10.5538
10.5923
10.6043
10.6415
10.6401
10.6641
10.649
10.683
10.6956
10.7126
10.6961
10.6922
10.7119
10.7282
10.7385
10.7395
10.7646
10.7901
10.8234
10.8128
10.8635
10.8666
10.8607
10.8441
10.8513
10.8732
10.878
10.9318
10.9288
10.9389
10.9576
10.9918
11.0026
11.031
11.0722
11.067
11.0545
11.0595
11.0378
11.0442
11.0248
11.0135
11.0609
11.1032
11.1407
11.1658
11.1949
11.162
11.1295
11.1226
11.1581
11.1826
11.1748
11.2019
11.2389
11.2645
11.2942
11.3112
11.3179
11.3704
11.3734
11.41
11.404
11.3986
11.411
11.438
11.4448
11.4863
11.5369
11.5298
11.5626
11.5589
11.6033
11.593
11.6211
11.6164
11.5884
11.5986
11.5684
11.5705
11.5691
11.5879
11.5871
11.5716
11.6083
11.6006
11.6239
11.6437
11.6586
11.6502
11.6658
11.6916
11.6954
11.7222
11.7125
11.7073
11.7207
11.7459
11.7231
11.7259
11.7529
11.768
11.7868
11.7858
11.7774
11.7861
11.8124
11.8495
11.8266
11.8035
11.7627
11.7734
11.8081
11.8105
11.808
11.8292
11.8286
11.8152
11.8391
11.848
11.8629
11.8663
11.8978
11.9101
11.9414
11.9677
11.9863
11.9823
11.9943
11.9922
12.0189
12.013
12.026
12.0477
12.073
12.0607
12.0356
12.0137
12.043
12.0609
12.0713
12.1073
12.136
12.1557
12.1642
12.1788
12.1937
12.2191
12.2126
12.2221
12.2347
12.2205
12.2645
12.2566
12.239
12.2349
12.2594
12.2474
12.2336
12.2187
12.2326
12.2552
12.2572
12.2771
12.2828
12.3274
12.3563
12.3576
12.3665
12.3721
12.3736
12.3634
12.3644
12.3798
12.3735
12.4224
12.333
12.3297
12.35
12.3978
12.3919
12.4225
12.4475
12.4718
12.4827
12.4696
12.5024
12.5056
12.5231
12.517
12.5445
12.5419
12.5663
12.5747
12.5588
12.5374
12.5525
12.5812
12.6044
12.6223
12.6371
12.6316
12.6119
12.6062
12.5981
12.5968
12.6226
12.649
12.6553
12.7003
12.6872
12.6308
12.6544
12.6343
12.6087
12.6152
12.6208
12.6578
12.6741
12.6868
12.6891
12.7068
12.6922
12.695
12.6967
12.7272
12.6999
12.7097
12.6881
12.6543
12.648
12.6674
12.6844
12.6685
12.688
12.6897
12.7243
12.7212
12.7594
12.7629
12.7845
12.7796
12.7817
12.8025
12.8018
12.7967
12.8041
12.8018
12.8048
12.8247
12.8519
12.8666
12.901
12.8875
12.8623
12.8731
12.8995
12.9009
12.8707
12.8764
12.8324
12.878
12.9051
12.8635
12.8645
12.8544
12.847
12.8526
12.786
12.7791
12.8065
12.8241
12.8357
12.8492
12.8484
12.8584
12.8549
12.8997
12.9182
12.8797
12.9013
12.8938
12.8878
12.8954
12.8775
12.8801
12.8607
12.8761
12.8897
12.8614
12.8684
12.8684
12.8938
12.8555
12.8248
12.8702
12.8664
12.8659
12.8912
12.9264
12.9471
12.9391
12.9696
12.9803
12.9797
12.9992
13.008
13.0151
13.0067
13.0193
13.0682
13.0723
13.1106
13.0916
13.0865
13.096
13.1009
13.0689
13.0884
13.0494
13.0869
13.0436
13.0718
13.0938
13.0911
13.1265
13.1066
13.1366
13.1068
13.1114
13.1331
13.1178
13.1409
13.1676
13.1402
13.1341
13.0823
13.1006
13.1131
13.1077
13.0781
13.0706
13.084
13.084
13.0783
13.1098
13.0898
13.1172
13.1088
13.087
13.0824
13.0888
13.0759
13.0915
13.1046
13.1313
13.1427
13.1203
13.1345
13.1454
13.1085
13.1218
13.11
13.1223
13.1498
13.1792
13.179
13.1959
13.1719
13.1679
13.1171
13.1373
13.1733
13.1937
13.2131
13.1951
13.2048
13.2172
13.2291
13.2456
13.2377
13.2533
13.2302
13.2218
13.2256
13.1699
13.2167
13.1573
13.2162
13.2544
13.2561
13.2744
13.2778
13.2733
13.2579
13.2459
13.2481
13.2139
13.2218
13.2438
13.2298
13.2602
13.2298
13.2478
13.2327
13.2718
13.2601
13.2595
13.2448
13.2653
13.2492
13.2609
13.2549
13.2498
13.275
13.2728
13.2793
13.3105
13.3506
13.3878
13.3978
13.4128
13.4253
13.3846
13.3707
13.3698
13.3699
13.4009
13.4236
13.4587
13.4953
13.5136
13.507
13.4437
13.4181
13.4421
13.4534
13.4397
13.4463
13.4354
13.474
13.4923
13.4497
13.469
13.455
13.4655
13.4867
13.4714
13.4816
13.4977
13.5028
13.5092
13.5596
13.5699
13.564
13.5917
13.5925
13.633
13.6754
13.6518
13.6235
13.6638
13.6403
13.6194
13.6191
13.6104
13.6626
13.6993
13.7151
13.7567
13.7325
13.6983
13.7421
13.7937
13.8023
13.8046
13.8083
13.7727
13.8063
13.7995
13.8088
13.7957
13.8263
13.8355
13.8511
13.8674
13.8824
13.8954
13.8949
13.8797
13.8654
13.8631
13.8508
13.8471
13.8441
13.8239
13.8184
13.8261
13.8353
13.8364
13.8447
13.8277
13.8208
13.7838
13.7951
13.7881
13.8251
13.8161
13.8406
13.837
13.7928
13.7982
13.8123
13.813
13.8382
13.8388
13.8034
13.8347
13.8303
13.8363
13.8433
13.812
13.8195
13.8134
13.8092
13.8348
13.8231
13.829
13.8638
13.8767
13.8685
13.8632
13.8791
13.8968
13.9032
13.8664
13.8701
13.8398
13.8365
13.8338
13.817
13.787
13.7777
13.7785
13.7399
13.7466
13.7495
13.7538
13.7663
13.7713
13.7883
13.7849
13.7469
13.7211
13.72
13.6493
13.6991
13.7
13.7188
13.7253
13.6625
13.6635
13.6965
13.7139
13.6716
13.6524
13.6607
13.6965
13.6738
13.6961
13.6978
13.7224
13.7457
13.7239
13.7554
13.731
13.7145
13.7174
13.6872
13.6939
13.718
13.7163
13.6753
13.6562
13.6444
13.6402
13.5738
13.5871
13.5788
13.5163
13.4962
13.4844
13.5163
13.5077
13.5319
13.5215
13.5346
13.5464
13.5743
13.5746
13.5785
13.5946
13.5961
13.5896
13.6088
13.5791
13.5634
13.5771
13.5964
13.634
13.6433
13.6166
13.5969
13.6102
13.6167
13.6093
13.6114
13.6072
13.5985
13.6309
13.6507
13.6414
13.6176
13.6213
13.611
13.5918
13.6059
13.6317
13.6135
13.6093
13.6319
13.6051
13.6245
13.6194
13.6031
13.5785
13.5559
13.5295
13.5227
13.5559
13.5692
13.4861
13.4785
13.4705
13.4809
13.5029
13.5038
13.4936
13.4621
13.458
13.4772
13.4726
13.5118
13.5044
13.5102
13.496
13.4849
13.4683
13.4716
13.4591
13.4637
13.4562
13.5054
13.4962
13.5206
13.5337
13.5396
13.5471
13.5751
13.5995
13.588
13.5862
13.6172
13.6064
13.5633
13.593
13.6254
13.6226
13.6183
13.6459
13.6296
13.6156
13.616
13.5898
13.6045
13.592
13.6257
13.6011
13.6337
13.5933
13.5744
13.5566
13.5682
13.6089
13.5843
13.6089
13.5923
13.5774
13.5966
13.6205
13.598
13.5682
13.5575
13.5548
13.5634
13.563
13.5449
13.5303
13.4894
13.4781
13.5237
13.5265
13.5247
13.5393
13.4979
13.4712
13.4623
13.4269
13.4107
13.4078
13.3657
13.331
13.3459
13.3519
13.3629
13.3689
13.3747
13.394
13.3643
13.3696
13.3769
13.3669
13.3372
13.3107
13.3156
13.3156
13.3337
13.3507
13.3592
13.3509
13.3643
13.3616
13.3677
13.384
13.3728
13.3737
13.3835
13.3219
13.3312
13.3112
13.3258
13.3627
13.3809
13.4218
13.4344
13.4851
13.4946
13.5118
13.5349
13.5528
13.6036
13.5899
13.5846
13.5946
13.5696
13.578
13.5904
13.5979
13.5931
13.6211
13.628
13.6337
13.63
13.6339
13.5961
13.6244
13.6424
13.6601
13.6437
13.6683
13.6566
13.6465
13.6376
13.6513
13.6211
13.6283
13.6373
13.625
13.6425
13.6361
13.6674
13.6448
13.615
13.6372
13.6394
13.5972
13.6355
13.6543
13.6291
13.6008
13.5872
13.6151
13.6124
13.5298
13.5436
13.5426
13.5669
13.5991
13.6221
13.5507
13.5491
13.5448
13.5341
13.5488
13.5823
13.559
13.5614
13.5765
13.5471
13.5494
13.5367
13.5578
13.578
13.5876
13.6342
13.6592
13.6565
13.6474
13.6425
13.6338
13.6263
13.652
13.6269
13.6526
13.6279
13.5906
13.6069
13.6151
13.5682
13.5923
13.534
13.5526
13.5711
13.5567
13.5305
13.5
13.5183
13.5441
13.5361
13.5805
13.5937
13.5909
13.617
13.613
13.6263
13.6471
13.639
13.6411
13.6497
13.6805
13.678
13.6882
13.68
13.6764
13.6696
13.6771
13.6881
13.696
13.6944
13.729
13.7409
13.7598
13.7861
13.7729
13.7758
13.7795
13.8031
13.799
13.7898
13.8011
13.8016
13.8135
13.841
13.8448
13.8182
13.8449
13.8456
13.8364
13.8075
13.7756
13.8109
13.7969
13.8146
13.8126
13.8351
13.8422
13.8018
13.7681
13.7884
13.7882
13.8092
13.75
13.7263
13.7038
13.7363
13.7064
13.6806
13.6849
13.645
13.6603
13.6969
13.6913
13.704
13.7164
13.7512
13.6881
13.6912
13.6782
13.6614
13.6775
13.6997
13.6694
13.6469
13.6642
13.6901
13.6727
13.6743
13.6441
13.6637
13.6604
13.6793
13.697
13.7411
13.7606
13.7668
13.775
13.763
13.7382
13.7468
13.752
13.7567
13.7634
13.7407
13.762
13.7568
13.7497
13.7809
13.7944
13.7434
13.7891
13.8061
13.8515
13.8585
13.8763
13.9039
13.9102
13.8993
13.8612
13.8859
13.9038
13.9002
13.9321
13.9238
13.8933
13.8507
13.8492
13.8773
13.852
13.8323
13.8317
13.8234
13.8609
13.8759
13.8894
13.901
13.8872
13.8799
13.8628
13.865
13.8765
13.845
13.7993
13.7527
13.7911
13.8053
13.8348
13.8315
13.7994
13.7777
13.7261
13.7306
13.7486
13.7613
13.7925
13.8148
13.7996
13.8045
13.8161
13.8471
13.8932
13.888
13.8948
13.8899
13.8779
13.8667
13.8624
13.8323
13.8418
13.8524
13.8642
13.8603
13.8701
13.8938
13.8852
13.8577
13.8552
13.8552
13.8437
13.779
13.7378
13.7614
13.7722
13.773
13.7668
13.748
13.7636
13.7397
13.7516
13.7397
13.7627
13.7329
13.7548
13.7669
13.7739
13.7679
13.7369
13.7497
13.7641
13.7864
13.7946
13.7933
13.7937
13.8331
13.8695
13.8767
13.8937
13.8986
13.8862
13.862
13.8332
13.8731
13.8421
13.8449
13.8548
13.8645
13.8722
13.9189
13.9083
13.8986
13.9282
13.9115
13.898
13.9202
13.9028
13.8907
13.8523
13.8711
13.8666
13.8751
13.8101
13.8038
13.7921
13.76
13.7927
13.8193
13.803
13.791
13.7991
13.7757
13.755
13.7936
13.7907
13.7829
13.8225
13.8391
13.8647
13.8851
13.9198
13.88
13.9154
13.9357
13.9266
13.8939
13.8939
13.9149
13.9149
13.9054
13.8975
13.9011
13.9298
13.9431
13.9306
13.9421
13.9597
13.9717
13.9545
13.9622
13.96
13.9832
13.9524
13.9624
13.9076
13.9364
13.9392
13.9033
13.8675
13.8805
13.857
13.8656
13.8323
13.8318
13.8203
13.7793
13.7606
13.7771
13.7905
13.8039
13.8148
13.798
13.8037
13.7781
13.7494
13.7827
13.7991
13.8234
13.8256
13.8425
13.8325
13.8252
13.8588
13.839
13.8021
13.8053
13.7847
13.799
13.7642
13.7641
13.7922
13.7984
13.7963
13.8049
13.8142
13.869
13.8465
13.808
13.8168
13.8581
13.8258
13.767
13.771
13.7201
13.7321
13.7185
13.694
13.6555
13.6927
13.7518
13.7827
13.797
13.8051
13.8128
13.8342
13.8614
13.8503
13.812
13.774
13.7572
13.7677
13.763
13.7747
13.7915
13.7931
13.741
13.7141
13.7028
13.7057
13.7075
13.7222
13.7346
13.7616
13.7816
13.7816
13.8088
13.8059
13.8151
13.8054
13.8444
13.8203
13.785
13.7758
13.8064
13.8058
13.77
13.7708
13.7676
13.7391
13.754
13.7772
13.7773
13.785
13.7748
13.8184
13.8572
13.8683
13.8897
13.9191
13.9228
13.9512
13.9425
13.9592
13.9593
13.9504
13.982
13.9856
13.9982
14.0264
14.0445
14.0484
14.028
14.0596
14.0457
14.0283
14.0086
13.9965
14.0243
14.0091
14.0177
13.9631
13.9185
13.9158
13.9325
13.9427
13.9646
13.9738
13.9424
13.9402
13.9625
13.9621
13.9401
13.972
13.9918
14.0041
13.9388
13.9569
13.9238
13.9422
13.9322
13.9089
13.9043
13.9198
13.9172
13.9171
13.8806
13.853
13.8683
13.8755
13.8517
13.8543
13.8599
13.8553
13.8549
13.8459
13.8411
13.8145
13.8549
13.8552
13.8351
13.8531
13.8557
13.8397
13.8495
13.8469
13.863
13.8884
13.8277
13.8405
13.8329
13.8311
13.8309
13.7692
13.7221
13.6972
13.6941
13.6866
13.6768
13.6705
13.6835
13.6458
13.646
13.6442
13.6105
13.588
13.5425
13.4758
13.4892
13.4772
13.517
13.522
13.5041
13.5186
13.511
13.5024
13.5389
13.5618
13.5729
13.5812
13.5744
13.5872
13.5973
13.5993
13.6059
13.6358
13.6274
13.5441
13.5747
13.5691
13.5988
13.6057
13.6151
13.6081
13.6305
13.6392
13.6694
13.6755
13.697
13.6967
13.6843
13.695
13.687
13.6876
13.6712
13.6372
13.5943
13.6039
13.5814
13.5915
13.6112
13.5592
13.5761
13.5527
13.5392
13.5832
13.5845
13.5943
13.6137
13.6425
13.6082
13.6526
13.6729
13.7232
13.727
13.7266
13.7095
13.72
13.7131
13.7388
13.7493
13.7136
13.6828
13.731
13.7762
13.7843
13.7849
13.7703
13.7539
13.7563
13.7901
13.7719
13.743
13.7152
13.7359
13.7438
13.7605
13.7686
13.7803
13.781
13.804
13.8033
13.8072
13.8491
13.8377
13.8414
13.8242
13.7847
13.8021
13.8014
13.794
13.7995
13.7999
13.8272
13.8002
13.7671
13.7956
13.8263
13.8359
13.8596
13.8885
13.8608
13.8696
13.8325
13.8578
13.8366
13.8536
13.8506
13.843
13.8737
13.9083
13.9502
13.8929
13.906
13.8956
13.9048
13.8899
13.8604
13.8178
13.8095
13.7984
13.7879
13.7863
13.753
13.7646
13.7659
13.7558
13.7535
13.7471
13.7218
13.725
13.7657
13.7665
13.7537
13.7808
13.7075
13.7404
13.6958
13.7127
13.7336
13.7286
13.6999
13.6927
13.6634
13.7057
13.6906
13.7176
13.7192
13.742
13.7717
13.7954
13.8261
13.8311
13.8575
13.8553
13.8469
13.833
13.8547
13.878
13.8959
13.9209
13.9601
13.9479
13.9563
13.9268
13.9265
13.9371
13.9692
13.9396
13.9598
13.9579
13.9176
13.9156
13.9676
13.9634
13.9652
13.9608
13.9787
13.9843
13.9351
13.9397
13.9004
13.8882
13.8566
13.8444
13.872
13.8944
13.9098
13.8974
13.9036
13.9154
13.9573
13.9631
13.9912
13.9356
13.9602
13.9135
13.8896
13.8965
13.9056
13.9037
13.8956
13.9091
13.9215
13.9373
13.9037
13.8899
13.8839
13.8906
13.9012
13.8943
13.8933
13.8803
13.9388
13.9193
13.8777
13.8951
13.9162
13.9489
13.9624
13.9417
13.9646
13.9262
13.8882
13.9002
13.8784
13.8707
13.8657
13.8528
13.8723
13.858
13.8605
13.8617
13.8794
13.9075
13.953
13.9169
13.8759
13.8978
13.9155
13.9611
13.94
13.9469
13.9584
13.9629
13.9581
13.9271
13.9174
13.9065
13.8957
13.9355
13.9411
13.949
13.9365
13.9376
13.9544
13.9554
13.9758
13.9877
13.9559
13.9229
13.9549
13.9955
14.006
14.0018
14.0022
13.9591
13.9345
13.9496
13.9211
13.9806
14.0069
14.0164
14.0519
14.0364
14.0477
14.0962
14.1377
14.1233
14.0819
14.0977
14.1192
14.1314
14.1002
14.1146
14.1359
14.0894
14.127
14.1454
14.1488
14.1371
14.1712
14.2077
14.2135
14.2323
14.2487
14.2196
14.2272
14.1868
14.1746
14.1753
14.173
14.1447
14.1623
14.1681
14.1514
14.1579
14.1443
14.149
14.1335
14.182
14.1654
14.1314
14.0889
14.0773
14.0701
14.0702
14.083
14.1108
14.0961
14.115
14.1028
14.0549
14.088
14.0743
14.1165
14.1139
14.1455
14.1027
14.0843
14.0793
14.0802
14.0637
14.087
14.0406
14.0537
14.0663
14.0765
14.0735
14.0916
14.1035
14.0974
14.0928
14.0922
14.0703
14.0887
14.1083
14.1212
14.0866
14.0808
14.089
14.1004
14.1129
14.1338
14.1011
14.1076
14.0893
14.0967
14.1161
14.1419
14.1654
14.1712
14.1676
14.1814
14.1663
14.1748
14.1841
14.2064
14.1685
14.1671
14.1519
14.1443
14.1794
14.2027
14.1873
14.161
14.1744
14.1641
14.1151
14.141
14.148
14.1748
14.1647
14.1278
14.096
14.108
14.1377
14.1406
14.1433
14.1139
14.109
14.1248
14.1441
14.1194
14.0842
14.0646
14.1061
14.1033
14.1269
14.1192
14.0831
14.1086
14.1104
14.0682
14.0919
14.1127
14.1261
14.1372
14.1264
14.1751
14.1912
14.2187
14.2531
14.2571
14.3074
14.3043
14.3168
14.3173
14.3101
14.2928
14.291
14.2589
14.2784
14.2663
14.2799
14.3012
14.2903
14.29
14.2745
14.3256
14.35
14.3283
14.3163
14.3447
14.3613
14.3933
14.3966
14.3875
14.4079
14.3926
14.3363
14.3158
14.3587
14.3738
14.4086
14.3601
14.3607
14.319
14.3144
14.3114
14.3419
14.3243
14.3425
14.3178
14.341
14.3649
14.3704
14.3702
14.4118
14.4011
14.3725
14.4103
14.3808
14.3743
14.3528
14.3476
14.3147
14.35
14.3623
14.3398
14.3563
14.3453
14.3665
14.3906
14.3971
14.3516
14.2891
14.3182
14.3079
14.3403
14.3503
14.3673
14.3623
14.3913
14.3967
14.4108
14.44
14.4025
14.4128
14.4198
14.4181
14.4489
14.4706
14.4774
14.4772
14.5106
14.4782
14.4787
14.4533
14.4389
14.4408
14.4233
14.4311
14.4407
14.477
14.4716
14.5104
14.5313
14.521
14.4755
14.4925
14.4647
14.4485
14.4637
14.3853
14.3771
14.3999
14.3809
14.3849
14.4064
14.4326
14.468
14.4504
14.4645
14.4497
14.4547
14.4663
14.4626
14.4297
14.4168
14.4385
14.4205
14.4032
14.363
14.3705
14.3272
14.2831
14.2941
14.2709
14.248
14.2682
14.2722
14.2568
14.2676
14.2452
14.2808
14.2643
14.2877
14.3069
14.274
14.2862
14.2735
14.2529
14.204
14.1934
14.2192
14.238
14.2139
14.2159
14.2252
14.1976
14.2076
14.2008
14.2114
14.2024
14.1965
14.199
14.2127
14.2356
14.2621
14.2797
14.2528
14.2068
14.1803
14.2146
14.2044
14.2332
14.225
14.2406
14.2799
14.3348
14.3489
14.3412
14.3453
14.3093
14.3285
14.2849
14.3055
14.3217
14.2992
14.3008
14.2613
14.2612
14.2884
14.3054
14.291
14.2683
14.2678
14.2735
14.2836
14.2649
14.2735
14.2781
14.2753
14.2748
14.3025
14.2951
14.3065
14.3035
14.287
14.286
14.2539
14.249
14.2135
14.1994
14.1732
14.1612
14.1595
14.1965
14.2273
14.2542
14.2871
14.2897
14.3232
14.3013
14.2436
14.2719
14.2228
14.2035
14.2157
14.2071
14.2175
14.2433
14.2477
14.2636
14.2726
14.274
14.2491
14.2569
14.2548
14.2345
14.2622
14.2472
14.2087
14.188
14.1876
14.2024
14.2261
14.1998
14.1973
14.214
14.2199
14.2201
14.236
14.241
14.2414
14.2627
14.2361
14.2468
14.2415
14.2267
14.2293
14.2375
14.2503
14.2758
14.2964
14.2797
14.2155
14.2065
14.2182
14.2255
14.2098
14.1937
14.1873
14.2047
14.2018
14.2087
14.2247
14.2521
14.2352
14.2525
14.2675
14.2736
14.2733
14.3098
14.2716
14.2408
14.2457
14.2798
14.2666
14.2581
14.2716
14.274
14.2773
14.2748
14.2634
14.2833
14.2696
14.2461
14.2318
14.2221
14.2348
14.2204
14.2397
14.2641
14.2626
14.2525
14.2668
14.2662
14.2695
14.2792
14.2732
14.3081
14.3139
14.3406
14.3346
14.319
14.3203
14.3256
14.3422
14.3577
14.3405
14.3469
14.3453
14.3286
14.3351
14.3182
14.3419
14.2979
14.2977
14.2735
14.249
14.2802
14.2943
14.2297
14.2372
14.2516
14.2477
14.2643
14.2762
14.2884
14.2508
14.2797
14.245
14.2377
14.277
14.3005
14.2911
14.3059
14.3269
14.3353
14.3376
14.3285
14.3008
14.305
14.3068
14.3288
14.3295
14.3193
14.3309
14.3002
14.3155
14.2827
14.2597
14.1783
14.1959
14.1552
14.1665
14.1684
14.1812
14.1625
14.1256
14.1149
14.1296
14.1137
14.1377
14.125
14.0893
14.1226
14.1349
14.1443
14.1728
14.1641
14.1879
14.1973
14.1908
14.2115
14.1691
14.1967
14.1967
14.1934
14.2109
14.1617
14.1673
14.1782
14.2133
14.2009
14.208
14.222
14.2551
14.2826
14.1956
14.2109
14.2141
14.1632
14.1639
14.1566
14.1887
14.1673
14.1368
14.1148
14.1045
14.1236
14.1244
14.11
14.0917
14.1123
14.0747
14.0802
14.0837
14.06
14.0854
14.0593
14.075
14.0782
14.0763
14.1036
14.144
14.1507
14.1338
14.1399
14.1236
14.1074
14.0552
14.0613
14.0277
14.0484
14.0816
14.0821
14.1071
14.1022
14.1565
14.1498
14.1425
14.1168
14.1228
14.1159
14.1245
14.122
14.1165
14.0583
14.0803
14.0748
14.0719
14.0726
14.0645
14.0058
14.0187
13.8946
13.9123
13.8599
13.8961
13.9134
13.9452
13.9514
13.9587
13.9724
13.9595
13.9747
13.9842
13.9959
14.0042
13.9616
13.9728
14.0251
14.0188
14.0209
14.0535
14.0266
14.0297
14.0142
14.0467
14.0738
14.0686
14.059
14.0528
14.0843
14.039
14.0022
14.0378
14.0742
14.1087
14.1272
14.1294
14.153
14.1928
14.199
14.199
14.1903
14.2104
14.2492
14.2605
14.2458
14.2342
14.2561
14.209
14.202
14.1422
14.1578
14.1667
14.1817
14.2065
14.2281
14.2479
14.2658
14.286
14.3161
14.3278
14.3194
14.3453
14.3441
14.3745
14.3138
14.2724
14.2638
14.2882
14.2644
14.2564
14.2908
14.3186
14.3251
14.3252
14.3532
14.3179
14.3151
14.3437
14.3196
14.3045
14.3037
14.2587
14.2535
14.2579
14.2274
14.1864
14.1868
14.2135
14.2542
14.2202
14.2086
14.1926
14.1876
14.1743
14.1501
14.1748
14.1856
14.1826
14.1844
14.1585
14.1593
14.1375
14.149
14.1244
14.1511
14.186
14.1707
14.1607
14.185
14.155
14.1401
14.1473
14.1806
14.1768
14.205
14.1832
14.1832
14.1979
14.228
14.2535
14.2621
14.2932
14.2594
14.257
14.2875
14.2902
14.2675
14.2471
14.2964
14.3124
14.3045
14.2689
14.2797
14.3121
14.3082
14.3401
14.3612
14.3905
14.4211
14.4535
14.4634
14.4528
14.4657
14.4424
14.4208
14.4189
14.4175
14.4235
14.4224
14.4529
14.472
14.4571
14.4718
14.4595
14.4805
14.5341
14.5174
14.5097
14.483
14.4619
14.4621
14.4689
14.4651
14.4782
14.4745
14.496
14.4499
14.4391
14.4069
14.41
14.3868
14.3872
14.4036
14.4084
14.4396
14.4029
14.4443
14.457
14.4484
14.4645
14.496
14.5183
14.5244
14.5193
14.4974
14.4537
14.4385
14.4491
14.421
14.4127
14.4348
14.4238
14.4492
14.4495
14.451
14.4574
14.4907
14.452
14.4422
14.4242
14.4506
14.4689
14.4489
14.4207
14.4393
14.413
14.3916
14.391
14.373
14.3588
14.3294
14.3065
14.2983
14.2971
14.3104
14.2691
14.2527
14.2739
14.2432
14.2193
14.1794
14.2323
14.238
14.2357
14.2395
14.2697
14.2212
14.1634
14.1507
14.1235
14.0797
14.1077
14.142
14.1738
14.2302
14.1567
14.1601
14.1655
14.1739
14.1449
14.137
14.1174
14.1545
14.1644
14.1846
14.152
14.133
14.1509
14.1532
14.1874
14.2008
14.191
14.2095
14.2115
14.2612
14.2679
14.2948
14.2955
14.326
14.3308
14.3195
14.3155
14.3118
14.3135
14.3278
14.3562
14.3576
14.3695
14.306
14.2981
14.303
14.2909
14.3001
14.2585
14.2359
14.2746
14.3064
14.2787
14.2734
14.2292
14.2456
14.2521
14.2427
14.2971
14.3235
14.3129
14.3114
14.3074
14.3174
14.2734
14.3044
14.3016
14.288
14.2875
14.2817
14.2983
14.3176
14.3279
14.2986
14.3237
14.3128
14.2966
14.2975
14.2873
14.3008
14.2644
14.2777
14.2648
14.2615
14.2685
14.2394
14.2298
14.2566
14.2673
14.2804
14.2878
14.282
14.2991
14.2911
14.3061
14.3061
14.295
14.2857
14.2978
14.2905
14.2783
14.2815
14.2221
14.2423
14.2557
14.2906
14.265
14.2121
14.2457
14.2508
14.2725
14.2714
14.2866
14.2478
14.2434
14.2605
14.2343
14.236
14.2666
14.2592
14.2662
14.2596
14.2719
14.2468
14.2485
14.198
14.2105
14.1879
14.1805
14.1723
14.1736
14.1502
14.1356
14.1217
14.1154
14.1088
14.1179
14.1258
14.1298
14.1028
14.1347
14.138
14.1713
14.1694
14.1906
14.1912
14.1888
14.202
14.2075
14.1883
14.1574
14.1721
14.1715
14.1419
14.1473
14.1589
14.1442
14.1434
14.1662
14.1687
14.125
14.0857
14.0982
14.1082
14.1366
14.1639
14.1643
14.129
14.1408
14.1561
14.1657
14.1313
14.1176
14.1253
14.1421
14.1751
14.1381
14.0863
14.1082
14.1512
14.1673
14.1594
14.1753
14.1519
14.1755
14.1717
14.1428
14.1263
14.1549
14.1264
14.1126
14.0976
14.1522
14.1545
14.0949
14.064
14.0828
14.0662
14.0955
14.0921
14.084
14.0671
14.0497
14.0392
14.0583
14.0423
14.0151
14.0074
14.0052
14.0092
13.9597
13.9607
13.9427
13.966
13.9394
13.9498
13.9783
14.0119
14.018
14.0138
14.0051
13.9818
14.0256
14.0288
14.0399
14.0497
14.061
14.0257
14.0577
14.0462
14.0567
14.0796
14.0972
14.0773
14.1161
14.1168
14.1188
14.1167
14.063
14.0916
14.0986
14.05
14.0355
13.9963
14.0015
13.9788
13.9596
13.9579
13.9179
13.9437
13.9597
13.9663
13.9578
13.9244
13.8926
13.8838
13.8885
13.9037
13.8897
13.8955
13.91
13.9002
13.8919
13.8582
13.8512
13.8527
13.8343
13.8113
13.814
13.7633
13.7953
13.7913
13.8091
13.8154
13.7736
13.8086
13.8275
13.8302
13.8428
13.8344
13.864
13.8725
13.8596
13.862
13.8627
13.8838
13.87
13.8866
13.9062
13.9203
13.9403
13.926
13.965
13.9472
13.9617
13.9305
13.9059
13.9082
13.9404
13.9244
13.9087
13.9147
13.9112
13.9168
13.8672
13.9084
13.9353
13.9256
13.9569
13.947
13.9546
13.9523
13.9474
13.9296
13.9251
13.9324
13.9699
13.9564
13.9581
13.9956
13.9883
13.9947
14.0024
13.9815
13.9722
13.9249
13.9382
13.943
13.9301
13.9413
13.9522
13.9512
13.947
13.847
13.8651
13.8415
13.8552
13.7757
13.786
13.7547
13.723
13.7043
13.6936
13.6943
13.7279
13.6717
13.5833
13.6161
13.6292
13.6249
13.5761
13.541
13.4941
13.4988
13.4953
13.4969
13.4693
13.4684
13.4709
13.4401
13.4549
13.4537
13.4557
13.4946
13.4894
13.5
13.4375
13.4479
13.456
13.4513
13.4748
13.501
13.4907
13.4794
13.5034
13.5206
13.5309
13.4978
13.5025
13.5291
13.558
13.5854
13.6025
13.6018
13.5479
13.561
13.5907
13.6078
13.6184
13.5862
13.5669
13.5742
13.599
13.6175
13.6471
13.6635
13.6418
13.6729
13.6558
13.7084
13.7257
13.7426
13.7354
13.765
13.7747
13.7891
13.789
13.7878
13.7696
13.732
13.7307
13.7015
13.7155
13.7399
13.7677
13.7911
13.7777
13.7679
13.7699
13.7717
13.8189
13.804
13.8265
13.8237
13.8079
13.8454
13.8447
13.8565
13.8658
13.8672
13.8904
13.8859
13.8974
13.9052
13.9044
13.88
13.8367
13.8892
13.8976
13.903
13.8984
13.9173
13.9345
13.9527
13.9466
13.9362
13.962
13.9536
13.9983
14.0083
14.0271
14.0249
14.0555
14.0551
14.0462
14.0605
14.0826
14.0879
14.117
14.1454
14.1471
14.1515
14.1266
14.1698
14.1828
14.2217
14.2658
14.2961
14.3062
14.3093
14.3236
14.3117
14.3097
14.3092
14.2766
14.2381
14.2764
14.2865
14.3306
14.3714
14.4019
14.4047
14.4166
14.4265
14.4335
14.4249
14.4146
14.43
14.3667
14.3756
14.3905
14.3911
14.3926
14.4375
14.4836
14.4762
14.4447
14.4634
14.4678
14.4092
14.4254
14.3704
14.3803
14.378
14.4231
14.4017
14.3966
14.4268
14.4229
14.4587
14.4119
14.4381
14.4049
14.4308
14.4569
14.4296
14.4731
14.493
14.4846
14.4826
14.4811
14.4558
14.4323
14.4293
14.4255
14.4019
14.4243
14.4135
14.4371
14.4154
14.431
14.4456
14.4481
14.4924
14.4876
14.5171
14.4992
14.4641
14.5111
14.499
14.4849
14.4806
14.4985
14.5135
14.5356
14.5598
14.5584
14.5494
14.5537
14.5369
14.5181
14.5374
14.5638
14.6038
14.5656
14.5848
14.5594
14.5548
14.5724
14.5808
14.5665
14.5572
14.5112
14.4893
14.4937
14.5067
14.5038
14.5161
14.5161
14.4814
14.4855
14.4524
14.4857
14.4909
14.4954
14.5305
14.5473
14.5177
14.508
14.4579
14.4429
14.4244
14.4203
14.4459
14.4382
14.4302
14.4083
14.4201
14.4014
14.3894
14.4221
14.4051
14.3834
14.4096
14.3933
14.3794
14.3952
14.3493
14.3004
14.2692
14.2506
14.2411
14.1944
14.1893
14.186
14.1008
14.1242
14.159
14.156
14.1722
14.1824
14.2052
14.1957
14.1947
14.1912
14.1715
14.1281
14.1067
14.1446
14.1458
14.1679
14.1398
14.1165
14.0982
14.1288
14.1378
14.126
14.1359
14.1405
14.1534
14.1699
14.1981
14.2016
14.2466
14.2622
14.2559
14.2738
14.2502
14.2318
14.2568
14.2016
14.2033
14.1811
14.1643
14.2087
14.2134
14.2019
14.2195
14.2211
14.212
14.2308
14.2731
14.2586
14.2446
14.218
14.1846
14.1838
14.1984
14.1883
14.2138
14.2309
14.2421
14.223
14.2245
14.2326
14.2223
14.2282
14.2064
14.2181
14.2174
14.2158
14.231
14.1801
14.1722
14.1645
14.1656
14.1842
14.205
14.2095
14.1881
14.2044
14.179
14.1919
14.1766
14.1662
14.0988
14.1061
14.1176
14.1121
14.1428
14.1641
14.1571
14.1246
14.104
14.1019
14.1155
14.0872
14.0822
14.0754
14.0859
14.0773
14.087
14.0789
14.0517
14.0425
14.0217
14.0217
14.0048
13.9682
13.9323
13.947
13.9264
13.9572
13.9662
13.9631
14.009
14.0021
13.9962
13.9864
13.9733
14.0046
13.9914
14.0256
14.0579
14.0443
14.0266
14.026
14.0428
14.0666
14.0103
14
13.9731
13.9471
13.9542
13.9829
13.986
14.0031
14.0213
13.9579
13.9474
13.9501
13.915
13.9331
13.9655
13.9563
13.9689
13.9644
13.9507
13.9343
13.9408
13.9284
13.9488
13.9514
13.9554
13.9924
13.9479
13.9074
13.8723
13.8364
13.8742
13.8762
13.8727
13.856
13.8906
13.9002
13.885
13.8959
13.9055
13.9355
13.939
13.9388
13.936
13.9371
13.9762
13.99
14.034
14.0125
14.0078
14.026
14.0297
14.0548
14.0282
14.072
14.0495
14.0413
14.0553
14.0876
14.0948
14.1054
14.0761
14.0885
14.0883
14.1037
14.1087
14.1287
14.0964
14.0848
14.0632
14.079
14.1097
14.0898
14.0889
14.076
14.0898
14.0739
14.0547
14.0471
14.0228
14.0251
14.0604
14.0875
14.0074
14.0594
14.0556
14.079
14.0739
14.0754
13.9963
14.0128
13.9867
13.9797
14.0083
14.0062
14.0147
14.0268
14.059
14.0734
14.069
14.0479
14.036
14.0028
13.9903
13.9996
13.9836
13.9753
13.9953
14.0376
13.9942
13.9887
13.997
14.0037
13.9398
13.942
13.9159
13.9445
13.9441
13.942
13.9425
13.9619
13.995
13.9805
13.9824
13.9537
13.9581
13.9466
13.9653
13.9449
13.967
13.9965
13.9845
13.9783
14.0042
13.9727
13.9922
13.8905
13.8709
13.8868
13.8915
13.8802
13.8777
13.8999
13.9293
13.9464
13.9743
13.9394
13.9579
13.9449
13.9464
13.9316
13.9665
13.9757
13.9974
14.0288
14.0658
14.0627
14.0873
14.1071
14.1455
14.1503
14.1151
14.1052
14.1269
14.1389
14.1657
14.1737
14.1802
14.2018
14.1829
14.1895
14.1808
14.18
14.2106
14.1888
14.1812
14.1899
14.1363
14.0722
14.0966
14.0711
14.1112
14.106
14.1222
14.1009
14.1371
14.0702
14.055
14.0918
14.0539
14.037
14.0281
13.9901
13.9767
13.9942
14.0293
14.0163
14.0073
14.0269
14.0039
13.9903
13.9689
13.9777
13.9516
13.9729
14.0085
14.0163
14.0195
14.0468
14.0631
14.0504
14.0654
14.0393
14.005
14.0016
13.9694
13.9106
13.9403
13.9548
13.9687
13.954
13.9545
13.9468
13.9252
13.9337
13.9573
13.9432
13.9591
13.9265
13.8916
13.9213
13.922
13.9207
13.9679
13.998
14.004
14.0195
14.0294
14.046
14.023
14.0219
13.9994
13.9829
13.975
13.995
13.9868
13.952
13.9557
13.9742
13.9493
13.9527
13.9093
13.8966
13.8998
13.9183
13.9266
13.921
13.8908
13.8843
13.839
13.8723
13.8483
13.8813
13.8536
13.79
13.7804
13.7322
13.7555
13.7859
13.7513
13.7876
13.7723
13.8066
13.8541
13.8713
13.8708
13.9015
13.9122
13.8692
13.869
13.9003
13.9373
13.9391
13.9056
13.8899
13.827
13.8662
13.9005
13.897
13.8831
13.906
13.8903
13.8706
13.8587
13.8404
13.8559
13.8686
13.8687
13.8602
13.8703
13.8118
13.8224
13.8155
13.8556
13.906
13.9447
13.9018
13.8917
13.8763
13.8805
13.8993
13.9172
13.9211
13.8973
13.9011
13.888
13.8918
13.8524
13.8505
13.8385
13.8623
13.8635
13.8394
13.8762
13.8904
13.837
13.853
13.8779
13.8539
13.8635
13.8228
13.8596
13.8691
13.8852
13.8748
13.8525
13.8373
13.861
13.8673
13.872
13.8786
13.8809
13.8734
13.8712
13.8878
13.9223
13.9383
13.9616
13.9771
13.9402
13.8829
13.9099
13.8749
13.8501
13.8574
13.8332
13.8324
13.8536
13.8556
13.8461
13.8468
13.8411
13.8628
13.8619
13.802
13.8087
13.8309
13.8141
13.8233
13.8444
13.8252
13.8412
13.835
13.8429
13.8879
13.8511
13.8634
13.8664
13.8738
13.87
13.894
13.8625
13.8995
13.9338
13.9117
13.9392
13.94
13.9565
13.9162
13.9439
13.9426
13.9768
13.9573
13.9578
13.9711
13.9497
13.9576
13.9735
13.9749
13.9707
14.0039
13.9833
14.0007
13.9603
13.9736
13.9736
13.9304
13.9419
13.9225
13.9184
13.8755
13.8803
13.8852
13.888
13.9186
13.9142
13.9069
13.8663
13.8665
13.9202
13.9223
13.9104
13.9271
13.9387
13.9279
13.8692
13.8108
13.8271
13.8675
13.8569
13.8822
13.8585
13.8591
13.8513
13.8434
13.8658
13.8375
13.8538
13.8602
13.8977
13.9258
13.9262
13.9357
13.9649
13.9213
13.8211
13.8176
13.8265
13.8527
13.8441
13.8741
13.8692
13.8915
13.9212
13.9152
13.9225
13.9045
13.9256
13.9067
13.9343
13.9406
13.9198
13.9477
13.9478
13.9638
13.9892
14.0097
13.9898
13.937
13.9479
13.9397
13.9468
13.9092
13.9429
13.9309
13.9066
13.8807
13.8384
13.8629
13.8433
13.8362
13.8304
13.8571
13.8888
13.9118
13.8933
13.9106
13.8975
13.9263
13.8942
13.9138
13.8779
13.8747
13.8588
13.8361
13.8523
13.8715
13.8664
13.8078
13.8357
13.8333
13.8281
13.847
13.8613
13.8505
13.8979
13.9182
13.9208
13.9122
13.937
13.9283
13.9256
13.9375
13.9757
13.9758
14.0051
13.986
14.0018
14.0139
14.0306
14.0774
14.067
14.0895
14.0982
14.0996
14.1051
14.1324
14.1136
14.085
14.0944
14.1042
14.1203
14.0834
14.072
14.051
14.079
14.088
14.0836
14.1143
14.1418
14.1711
14.2061
14.1714
14.1554
14.2167
14.2302
14.2644
14.2374
14.2778
14.2932
14.3415
14.351
14.3338
14.3492
14.3414
14.3092
14.3427
14.3659
14.3404
14.3712
14.3997
14.4234
14.3884
14.3599
14.378
14.3463
14.3465
14.3641
14.3932
14.373
14.3732
14.368
14.3557
14.3833
14.3748
14.3577
14.3451
14.3336
14.3206
14.3178
14.3166
14.3175
14.3185
14.3123
14.3123
14.3116
14.3135
14.3325
14.3333
14.3538
14.3284
14.3221
14.3276
14.347
14.3186
14.3032
14.2966
14.2822
14.2452
14.1903
14.184
14.1473
14.0753
14.0773
14.0901
14.0507
14.033
14.0484
14.0201
14.0364
14.0506
14.0598
14.0625
14.0782
14.0081
14.0229
14.0448
14.0869
14.1031
14.1094
14.1364
14.1141
14.1307
14.0784
14.0814
14.1115
14.1456
14.1602
14.1896
14.1709
14.1642
14.1795
14.183
14.1372
14.139
14.1416
14.1317
14.1278
14.0988
14.1304
14.1351
14.138
14.1447
14.1679
14.1878
14.1735
14.1826
14.169
14.1954
14.1858
14.1458
14.1556
14.1664
14.1508
14.1096
14.1167
14.1206
14.0773
14.0924
14.0825
14.0811
14.0584
14.0536
13.9731
13.9804
14.0091
13.9726
13.9575
13.9939
14.0224
14.0159
14.0112
14.0252
14.0159
14.0383
14.0246
14.0258
14.0092
13.9654
13.9837
14.0051
13.972
13.9661
13.9577
13.9619
13.9861
13.9827
13.9787
13.9982
13.9991
13.9918
13.9489
13.9483
13.9507
13.9684
13.9771
14.011
14.024
14.0057
14.0012
13.9991
14.0014
14.0412
14.0817
14.0722
14.0608
14.0635
14.0685
14.0765
14.0873
14.0456
14.0418
14.0212
14.0407
14.0435
14.0321
14.0679
14.0906
14.1016
14.0763
14.0557
14.0156
13.9826
14.009
13.9984
13.9555
13.9509
13.9255
13.9326
13.9463
13.9594
13.9428
13.9178
13.9012
13.9203
13.869
13.8657
13.8029
13.8248
13.7964
13.7431
13.7343
13.7399
13.7477
13.7506
13.7566
13.7234
13.7042
13.6964
13.7097
13.6968
13.6475
13.6068
13.6344
13.6384
13.6018
13.5848
13.6053
13.5572
13.5876
13.6009
13.5669
13.6205
13.6105
13.5686
13.5811
13.5634
13.5541
13.5842
13.5866
13.5927
13.5781
13.5818
13.6017
13.6212
13.6568
13.6596
13.6622
13.6305
13.661
13.6591
13.6487
13.6043
13.5801
13.5544
13.52
13.5007
13.4807
13.4136
13.4355
13.4324
13.4661
13.5021
13.5243
13.5119
13.5211
13.5541
13.5771
13.5923
13.5711
13.5535
13.5652
13.577
13.6182
13.622
13.6408
13.6272
13.6542
13.6521
13.6208
13.5611
13.5866
13.5683
13.5954
13.6108
13.6167
13.6207
13.6418
13.5901
13.5807
13.5695
13.5996
13.5675
13.5765
13.5851
13.6241
13.6848
13.6941
13.7372
13.6868
13.66
13.689
13.6829
13.6539
13.6275
13.6235
13.6212
13.6326
13.6097
13.6587
13.646
13.6629
13.6533
13.6551
13.642
13.6686
13.6794
13.6799
13.6397
13.6217
13.6479
13.6499
13.647
13.6453
13.6604
13.7006
13.7042
13.6762
13.7005
13.697
13.7328
13.7715
13.7495
13.7681
13.8034
13.7903
13.7986
13.8247
13.8308
13.858
13.8279
13.8397
13.8666
13.8448
13.8499
13.8795
13.8548
13.864
13.8381
13.8703
13.8897
13.8976
13.9272
13.9574
13.9478
13.9983
13.9835
13.9723
13.9669
13.9207
13.8922
13.8484
13.8272
13.8402
13.7776
13.7842
13.7561
13.7341
13.7564
13.7518
13.7517
13.8033
13.802
13.7882
13.8136
13.796
13.7739
13.7841
13.7818
13.7657
13.7241
13.7574
13.7366
13.7376
13.7347
13.7521
13.7681
13.815
13.7829
13.8037
13.8456
13.8234
13.8139
13.8058
13.8032
13.8133
13.8186
13.7985
13.7951
13.8472
13.877
13.8643
13.8883
13.8954
13.9038
13.9287
13.9416
13.9579
13.9548
13.9866
13.9678
13.9682
13.9521
13.9505
13.9413
13.9698
13.957
13.9695
13.9846
13.9636
13.9798
13.9778
13.9942
13.9514
13.9472
13.9348
13.9428
13.9175
13.8267
13.8409
13.8502
13.8218
13.8366
13.8176
13.7989
13.7693
13.7721
13.8182
13.7965
13.7957
13.7774
13.7907
13.7904
13.7976
13.8318
13.818
13.7924
13.7406
13.7447
13.75
13.7602
13.7559
13.776
13.8078
13.8383
13.8439
13.8678
13.8458
13.8285
13.8328
13.8583
13.8436
13.8384
13.8655
13.8931
13.8967
13.9241
13.9347
13.8996
13.8517
13.8329
13.8584
13.8557
13.8662
13.8759
13.8735
13.8394
13.8835
13.8875
13.9359
13.9418
13.9244
13.9057
13.9015
13.9214
13.9535
13.957
13.9707
13.9796
13.9401
13.9077
13.8918
13.8613
13.8831
13.8281
13.8512
13.8332
13.8211
13.834
13.8705
13.9069
13.9214
13.9163
13.9097
13.9516
13.9436
14.0042
14.0303
14.0305
14.0243
14.0299
14.0317
14.0692
14.0798
14.0774
14.0663
14.002
14.0294
14.0268
14.0216
14.0302
14.0307
14.0273
13.9943
14.0316
14.0607
14.0711
14.0663
14.103
14.0995
14.1075
14.0609
14.0715
14.0715
14.0948
14.084
14.0814
14.0623
14.0673
14.0936
14.1291
14.1246
14.1006
14.0581
14.0787
14.0799
14.0974
14.0939
14.1218
14.14
14.1354
14.1037
14.1299
14.1262
14.1299
14.1575
14.1089
14.094
14.0864
14.0652
14.0386
14.0775
14.078
14.0767
14.0459
14.0502
14.0737
14.0793
14.0431
14.0353
14.0506
14.0639
14.0562
14.0979
14.0937
14.1095
14.0803
14.1132
14.1276
14.0844
14.0537
14.0286
14.0355
14.0348
13.9687
13.98
13.9968
14.0046
14.0114
14.0207
14.0466
14.0625
14.0467
14.0173
13.9987
14.0084
13.9935
13.9878
14.0032
13.9998
13.9919
13.999
13.9554
13.9762
13.986
13.9866
14.0045
14.0195
14.0556
14.0448
14.0684
14.0262
14.0403
14.039
14.0658
14.0669
14.0524
14.0241
14.0553
14.0664
14.0873
14.0797
14.0626
13.9985
14.0067
13.9997
14.0184
14.0364
14.0248
14.0589
14.0648
14.0868
14.1077
14.1423
14.1634
14.1267
14.1591
14.1619
14.1408
14.1684
14.1827
14.1705
14.1864
14.1955
14.1968
14.2303
14.1995
14.1606
14.1316
14.132
14.171
14.168
14.1258
14.146
14.1513
14.1247
14.104
14.1078
14.1062
14.1007
14.1461
14.1463
14.1637
14.1303
14.1462
14.1192
14.1075
14.1144
14.1303
14.0963
14.116
14.1217
14.1189
14.134
14.1629
14.1837
14.2104
14.2302
14.213
14.2313
14.1445
14.1346
14.1062
14.1388
14.1433
14.1032
14.1278
14.1216
14.058
14.0439
14.0199
14.0553
14.0427
14.0473
14.0311
14.0514
14.0723
14.0602
14.0451
14.0726
14.0504
14.0445
14.0515
14.0839
14.0854
14.0828
14.0958
14.067
14.0248
14.0266
13.9836
13.9686
13.9959
14.0343
14.0449
14.0627
14.0729
14.0488
14.0657
14.062
14.0772
14.1058
14.1209
14.0962
14.0875
14.0962
14.1167
14.1033
14.0769
14.0926
14.1085
14.0898
14.057
14.056
14.0119
14.029
14.0516
14.0326
14.0024
13.9748
14.0066
14.032
14.003
13.9925
14.0035
13.9641
13.9804
13.979
14.0042
14.0294
14.0489
14.045
14.0604
14.0819
14.024
14.0113
13.9769
13.9968
14.0048
13.9807
13.9551
13.9807
13.9946
13.9654
13.9797
13.9632
13.9186
13.9429
13.9313
13.9815
13.9437
13.9093
13.9034
13.912
13.9395
13.9546
13.9739
14.0167
14.0313
14.0161
14.0014
14.0279
14.0277
14.0283
14.0044
13.9991
14.0321
14.0416
14.0967
14.0695
14.0776
14.085
14.0765
14.0632
14.063
14.0773
14.047
13.9944
13.967
13.9248
13.9263
13.9104
13.9171
13.9426
13.9567
13.9663
13.976
13.986
13.9088
13.8857
13.8847
13.8825
13.8799
13.8961
13.9462
13.9543
13.9637
13.9836
13.9427
13.9468
13.9729
13.984
13.9619
13.9754
13.9135
13.8992
13.906
13.8751
13.8753
13.8638
13.817
13.8046
13.8227
13.8647
13.848
13.8499
13.8588
13.8692
13.8702
13.8894
13.8941
13.8864
13.9044
13.8677
13.8894
13.9169
13.8891
13.8213
13.8451
13.8535
13.8787
13.8743
13.9022
13.9027
13.9181
13.949
13.9039
13.9156
13.9245
13.8887
13.9001
13.9479
13.9587
13.9795
13.9924
13.9796
13.9681
13.95
13.991
14.0205
14.0375
13.989
13.9901
13.9758
13.9946
13.9893
13.9895
14.0036
14.0099
14.0437
14.0335
14.0553
14.0175
14.0119
14.0218
14.0541
14.0432
14.0479
14.0641
14.1284
14.1392
14.1413
14.1563
14.1736
14.1888
14.237
14.2308
14.2067
14.1999
14.2068
14.2263
14.241
14.233
14.2787
14.3216
14.3457
14.3405
14.3441
14.3519
14.3395
14.3192
14.3261
14.3279
14.2986
14.313
14.279
14.2793
14.2657
14.2491
14.2608
14.2427
14.2509
14.1802
14.1644
14.1713
14.1558
14.1559
14.1779
14.2027
14.1746
14.1414
14.1316
14.1099
14.104
14.0951
14.1003
14.1209
14.1476
14.1464
14.1654
14.1411
14.1247
14.0694
14.0836
14.0746
14.0715
14.0996
14.0705
14.0736
14.1239
14.1373
14.1655
14.131
14.1384
14.1347
14.1753
14.2061
14.1453
14.124
14.0365
14.0022
14.0237
14.0413
14.0415
14.0615
14.1017
14.1076
14.1319
14.1522
14.1726
14.1535
14.1491
14.1635
14.1424
14.1502
14.1337
14.1517
14.0931
14.1034
14.1106
14.1459
14.1293
14.1051
14.027
13.9839
13.9983
13.9748
13.9755
14.014
14.0183
14.0607
14.0777
14.044
14.0066
14.0355
14.0027
13.989
14.0057
13.9787
13.9811
13.9523
13.9827
13.9772
14.0075
14.0257
14.0278
14.0291
14.0595
14.0692
14.0304
14.0679
14.0973
14.117
14.0901
14.101
14.1146
14.0906
14.1044
14.0899
14.0908
14.124
14.1394
14.1474
14.1578
14.2055
14.2155
14.2374
14.2616
14.2958
14.2243
14.2381
14.1714
14.1577
14.1814
14.1552
14.1306
14.1105
14.1354
14.1513
14.1519
14.1231
14.1456
14.124
14.1466
14.0858
14.0908
14.1073
14.1097
14.1182
14.0857
14.0737
14.0539
14.0486
14.0113
13.9878
14.0063
14.0156
14.0152
14.0295
14.024
14.0347
14.0237
14.0393
14.0371
14.0142
13.976
13.9619
13.9596
13.905
13.8657
13.8692
13.8929
13.8974
13.844
13.8743
13.8323
13.8612
13.8547
13.8438
13.8543
13.8495
13.8752
13.8839
13.8651
13.875
13.8439
13.8063
13.8007
13.7996
13.8341
13.8158
13.8512
13.8744
13.8372
13.8065
13.833
13.8539
13.8702
13.8318
13.8658
13.9019
13.884
13.9133
13.9063
13.9681
13.9801
13.9623
13.9425
13.981
13.9955
13.9805
13.9685
14.009
14.0175
14.0194
14.0028
13.9975
14.0222
13.9864
13.9613
13.9577
13.9878
13.9838
13.9234
13.9099
13.9473
13.997
14.0059
13.9858
13.9692
13.9951
13.9849
13.992
14.0079
14.0452
14.0486
14.0171
13.9881
13.9969
13.9703
13.9501
13.9054
13.9074
13.9439
13.9358
13.9647
13.9809
13.9974
14.0027
13.9712
13.9431
13.9849
13.9797
13.9661
13.9703
13.9573
13.9654
13.9449
13.9603
13.9475
13.9622
13.9622
13.9573
13.9786
14.0232
14.0438
14.0673
14.0444
14.0451
14.0447
14.0599
14.0576
14.0869
14.0979
14.1149
14.0867
14.0943
14.0924
14.0752
14.0554
14.0423
13.9445
13.9688
13.9773
13.9035
13.8682
13.9056
13.8958
13.8573
13.8543
13.85
13.8617
13.8892
13.9192
13.8706
13.8701
13.9122
13.8805
13.8615
13.8732
13.8823
13.8396
13.8701
13.8821
13.8877
13.8561
13.8445
13.8252
13.8077
13.77
13.7371
13.6855
13.6584
13.6273
13.6327
13.6605
13.6682
13.6424
13.6064
13.6189
13.6323
13.5981
13.5779
13.5733
13.5726
13.598
13.5921
13.6246
13.6263
13.5869
13.6026
13.5966
13.569
13.6101
13.6247
13.5826
13.5755
13.59
13.5818
13.5598
13.5818
13.5738
13.5992
13.6152
13.6247
13.6571
13.6793
13.666
13.6723
13.6587
13.6671
13.6997
13.6852
13.7098
13.6738
13.5987
13.6008
13.6016
13.5892
13.6141
13.6547
13.6723
13.6321
13.5967
13.5462
13.5508
13.5701
13.5358
13.5659
13.5727
13.5814
13.5572
13.5691
13.5639
13.5659
13.6108
13.6299
13.6413
13.6593
13.6746
13.6718
13.6731
13.6837
13.6588
13.6313
13.6429
13.6502
13.6703
13.6833
13.7061
13.6417
13.6567
13.6696
13.6556
13.7006
13.7137
13.6918
13.685
13.697
13.7316
13.7092
13.6902
13.635
13.6341
13.6542
13.6333
13.6352
13.657
13.6792
13.7207
13.722
13.7126
13.7027
13.7108
13.741
13.7476
13.7288
13.748
13.717
13.6916
13.7301
13.7407
13.7262
13.7421
13.7581
13.7433
13.7371
13.7395
13.7572
13.7524
13.7665
13.7787
13.7683
13.7533
13.7349
13.6588
13.6938
13.6921
13.6851
13.6959
13.6883
13.722
13.7292
13.6978
13.7135
13.7071
13.724
13.7204
13.7253
13.6575
13.6837
13.7072
13.653
13.7033
13.6925
13.73
13.7411
13.7101
13.6973
13.723
13.7212
13.7453
13.7527
13.751
13.751
13.7524
13.7368
13.745
13.7755
13.7544
13.7652
13.7784
13.7736
13.7631
13.7675
13.7692
13.7633
13.7641
13.7528
13.7413
13.6891
13.6688
13.6837
13.6562
13.651
13.6388
13.6331
13.6254
13.6436
13.6605
13.6926
13.6967
13.7078
13.7337
13.7615
13.7885
13.8103
13.792
13.8144
13.8291
13.7952
13.7938
13.8072
13.8022
13.8011
13.8495
13.8592
13.8872
13.8751
13.8742
13.8314
13.8399
13.7876
13.7927
13.8179
13.8217
13.8346
13.8165
13.8398
13.8558
13.857
13.8534
13.7668
13.7486
13.7486
13.7828
13.7875
13.8141
13.7768
13.738
13.7087
13.7086
13.6721
13.6911
13.6778
13.6321
13.6329
13.6404
13.6497
13.6866
13.6752
13.6657
13.6784
13.6884
13.6933
13.7052
13.6794
13.6232
13.6322
13.64
13.6187
13.627
13.6213
13.6412
13.6311
13.6288
13.6039
13.6182
13.6334
13.6081
13.6457
13.6657
13.6828
13.6957
13.6931
13.6962
13.6894
13.6693
13.6481
13.6789
13.6805
13.7028
13.6689
13.6687
13.6719
13.6857
13.692
13.7106
13.6939
13.699
13.7157
13.7355
13.7273
13.7242
13.7336
13.698
13.693
13.7327
13.7507
13.7958
13.8013
13.811
13.8341
13.8053
13.8351
13.8692
13.8231
13.8232
13.8587
13.7711
13.7755
13.8205
13.8143
13.8156
13.7896
13.815
13.8136
13.8183
13.8591
13.8802
13.8899
13.8774
13.8706
13.8854
13.9207
13.9408
13.9643
13.9584
13.9885
13.9982
14.0147
14.0103
13.9995
13.9677
13.9244
13.8739
13.9006
13.8745
13.8853
13.8984
13.8718
13.8951
13.8848
13.8928
13.8869
13.9143
13.9068
13.9047
13.9228
13.9254
13.9329
13.8716
13.8538
13.8236
13.808
13.8265
13.8401
13.8677
13.8833
13.8945
13.8954
13.8809
13.9034
13.9148
13.9039
13.8917
13.8825
13.8972
13.8778
13.9133
13.9256
13.936
13.9788
14.001
14.0062
13.9872
14.0261
14.0676
14.0575
14.1032
14.0768
14.0687
14.0413
14.0485
14.0308
14.0094
13.9986
14.0204
14.0422
14.0297
14.0258
13.9751
13.9974
14.0248
14.0367
14.055
14.0598
14.0439
14.0446
14.0684
14.0437
13.9927
14.0358
14.0367
14.0438
14.0353
13.9872
13.9892
13.9843
13.9773
13.9503
13.9414
13.915
13.9134
13.9139
13.9109
13.9165
13.8925
13.9072
13.9269
13.9584
13.9202
13.943
13.9696
13.9693
14.0024
14.0396
13.9961
14.0216
14.0479
14.032
13.9924
13.9753
13.9709
13.9721
13.9772
13.9734
13.9586
13.968
13.9974
14.0403
14.077
14.0913
14.1048
14.1149
14.1165
14.1446
14.1212
14.0866
14.0498
14.0331
14.0257
14.0206
14.0266
14.0026
13.9815
13.9715
13.9636
13.9439
13.9337
13.9578
13.9496
13.9353
13.9506
13.9692
13.9289
13.9258
13.9654
13.9833
14.0173
14.042
14.0452
14.0643
14.0641
14.0799
14.0844
14.0961
14.1271
14.1593
14.1744
14.1898
14.1974
14.183
14.1803
14.2135
14.2003
14.2196
14.2109
14.2211
14.2255
14.2596
14.2828
14.3018
14.2648
14.2183
14.2661
14.2294
14.2465
14.2769
14.2953
14.3079
14.3049
14.2533
14.1944
14.1804
14.1883
14.1508
14.151
14.1248
14.1542
14.1203
14.1061
14.1089
14.1408
14.1565
14.1729
14.1304
14.1009
14.1221
14.0831
14.0845
14.0618
14.0301
14.0456
13.9802
14.0028
13.9951
13.9678
13.9281
13.9481
13.9579
13.9702
13.9713
13.961
13.9895
13.9589
13.9456
13.8985
13.9184
13.9149
13.9155
13.91
13.9133
13.9066
13.906
13.9017
13.9177
13.9362
13.9387
13.9461
13.9793
13.9779
13.9761
13.9196
13.9212
13.9432
13.9387
13.95
13.9309
13.9159
13.9271
13.894
13.8886
13.9055
13.9361
13.9548
13.9576
13.937
13.9499
13.9424
13.9724
13.9729
13.9404
13.9079
13.9371
13.882
13.9199
13.8779
13.8937
13.8942
13.9339
13.9467
13.8977
13.9095
13.9126
13.9401
13.9787
13.9727
13.9574
13.9678
13.9355
13.9389
13.9424
13.9853
13.9771
13.987
14.0103
14.0425
14.0683
14.0822
14.0703
14.0978
14.0906
14.0854
14.1199
14.1397
14.1456
14.1684
14.1605
14.1745
14.1028
14.0767
14.0939
14.0882
14.0778
14.1007
14.092
14.0868
14.0681
14.049
14.0725
14.1036
14.0903
14.1202
14.1039
14.1109
14.0655
14.0759
14.0057
14.036
14.0471
14.0534
14.0624
14.0363
14.0554
13.9936
13.9796
13.9681
13.998
14.0015
13.9652
13.9942
14.0332
14.034
14.0528
14.0481
14.0205
14.0219
14.0177
14.0386
13.9758
13.9977
13.9892
13.9704
13.952
13.9137
13.9292
13.9192
13.8661
13.8498
13.8462
13.8381
13.8757
13.8434
13.8618
13.855
13.8938
13.8595
13.8574
13.8458
13.8725
13.8759
13.8697
13.8776
13.9186
13.9435
13.9623
13.976
13.9341
13.9673
13.9883
14.0097
13.9859
13.9997
14.0001
13.9631
13.968
13.9645
13.9782
14.0018
13.9776
13.9694
14.0089
14.0052
14.0096
13.9805
13.9619
13.9806
13.998
14.0185
14.0014
14.0111
14.0045
14.0051
14.0061
14.0354
14.0168
13.9979
13.9642
13.9871
13.9993
13.9968
13.9701
14.0066
13.9688
13.9481
13.9469
13.9873
13.9903
13.987
14.0013
14.0248
13.9814
13.9624
13.914
13.8779
13.8998
13.8904
13.9059
13.9244
13.9377
13.9516
13.9444
13.9774
14.0034
13.9816
13.9758
13.988
13.9912
13.9844
13.9818
14.0015
14.0128
14.0015
14.0183
14.0185
14.0286
14.0527
14.0428
14.0524
14.0389
14.0375
14.0491
14.0713
14.091
14.0781
14.0626
14.0482
14.0403
14.0802
14.1191
14.0927
14.0857
14.0933
14.096
14.0608
14.0557
14.0233
14.0191
14.0352
14.0257
14.033
14.0405
14.065
14.0596
14.0844
14.0857
14.0739
14.1015
14.0881
14.1316
14.1452
14.1302
14.1331
14.1344
14.1479
14.1819
14.1659
14.1854
14.1596
14.1947
14.205
14.1928
14.1234
14.105
14.0997
14.0635
14.0264
14.0267
14.0226
13.9817
13.9571
13.9458
13.9355
13.956
13.9623
13.9216
13.9306
13.9246
13.9042
13.933
13.9597
13.9485
13.9821
13.9999
13.9461
13.9495
13.927
13.9252
13.8512
13.7857
13.7686
13.7945
13.8049
13.803
13.787
13.7596
13.7686
13.7625
13.7358
13.7078
13.7407
13.7375
13.7698
13.7445
13.7094
13.7081
13.6956
13.6853
13.655
13.5879
13.5802
13.6221
13.6313
13.6158
13.648
13.5721
13.5194
13.5126
13.519
13.5155
13.509
13.494
13.4815
13.4622
13.4624
13.4866
13.5027
13.522
13.4915
13.4685
13.4931
13.4972
13.526
13.4803
13.4962
13.514
13.5082
13.5294
13.5345
13.5339
13.5321
13.5822
13.5541
13.6092
13.5968
13.6025
13.5857
13.4913
13.4956
13.4833
13.4664
13.4788
13.5033
13.4845
13.4998
13.4978
13.5223
13.5287
13.5812
13.572
13.5879
13.5811
13.6025
13.5794
13.5697
13.6039
13.6367
13.6233
13.6223
13.627
13.6275
13.5889
13.5974
13.5805
13.6111
13.6162
13.6151
13.6303
13.6681
13.7083
13.7381
13.7707
13.7904
13.7972
13.7849
13.8293
13.8246
13.838
13.8462
13.8938
13.8938
13.9115
13.9218
13.9222
13.9123
13.9041
13.9005
13.8801
13.9097
13.9378
13.9711
13.9582
13.9804
13.9765
13.9568
13.978
14.0006
13.9759
13.9316
13.9217
13.9283
13.9247
13.9311
13.9285
13.927
13.9188
13.9035
13.8972
13.8691
13.898
13.8895
13.8735
13.904
13.9078
13.9473
13.9089
13.9333
13.9073
13.9062
13.9108
13.8972
13.9327
13.9587
13.9131
13.9437
13.9312
13.9616
13.9879
13.9977
13.9891
13.9816
13.979
13.9959
14.0159
14.0317
14.0283
14.038
14.0308
14.007
14.0413
14.0742
14.0984
14.0732
14.0927
14.1003
14.1164
14.0943
14.0607
14.0156
13.984
14.0265
14.0634
14.0491
14.0777
14.0948
14.1386
14.1424
14.139
14.136
14.1098
14.1065
14.1092
14.0777
14.083
14.0923
14.0523
14.0398
14.0418
14.0221
14.0309
14.0062
14.0184
13.9972
14.032
14.0452
14.015
14.0165
13.964
13.9785
13.9508
13.9485
13.9336
13.9569
13.9852
13.9727
13.9977
14.0294
14.0346
14.0385
14.0477
14.0685
14.0842
14.074
14.0849
14.0812
14.075
14.0595
14.0822
14.0768
14.079
14.0423
14.0749
14.062
14.0894
14.1209
14.1288
14.1007
14.0974
14.0976
14.1091
14.1258
14.1129
14.1093
14.1132
14.1245
14.0865
14.0222
14.0513
14.006
14.0041
14.0091
13.9744
13.9336
13.9414
13.9466
13.9436
13.9658
13.9916
13.9647
13.9841
13.9817
13.9727
13.9588
14.0033
14.008
14.0054
14.0304
14.0219
13.9673
13.9649
14
13.9092
13.9102
13.9067
13.9146
13.907
13.8955
13.8734
13.9096
13.9172
13.9268
13.9023
13.9381
13.9443
13.9194
13.9503
13.9526
13.9521
13.9561
13.9371
13.9337
13.8131
13.8182
13.8409
13.8519
13.8577
13.8713
13.8768
13.8446
13.8197
13.7773
13.7666
13.7659
13.7464
13.7658
13.6944
13.6671
13.7044
13.7575
13.7078
13.7413
13.7533
13.7846
13.7887
13.7778
13.7506
13.7452
13.7375
13.7338
13.7439
13.7448
13.7901
13.7728
13.7433
13.7216
13.7334
13.7437
13.7412
13.7801
13.7775
13.825
13.8038
13.7566
13.6934
13.7177
13.6798
13.6599
13.6585
13.6532
13.6498
13.6635
13.6733
13.6501
13.6483
13.6414
13.6182
13.6093
13.6018
13.6273
13.639
13.6152
13.6145
13.6247
13.6132
13.658
13.6288
13.6081
13.623
13.6554
13.6197
13.5954
13.6349
13.6331
13.6678
13.6882
13.7095
13.7063
13.6794
13.6528
13.6421
13.6569
13.6977
13.6883
13.6517
13.6703
13.7056
13.6766
13.6955
13.7004
13.6918
13.6712
13.6687
13.6754
13.6906
13.6655
13.6741
13.689
13.6975
13.7187
13.7195
13.6913
13.7159
13.7257
13.7363
13.6864
13.6932
13.6754
13.6965
13.7223
13.7296
13.7533
13.8062
13.7866
13.8344
13.8433
13.8705
13.868
13.8782
13.9021
13.8922
13.902
13.8762
13.8788
13.8838
13.8877
13.8744
13.8892
13.823
13.8099
13.8513
13.8749
13.8585
13.8228
13.8814
13.8739
13.8579
13.845
13.8994
13.938
13.9532
13.9701
13.9999
14.0041
14.0018
14.0072
14.0259
14.0393
14.0696
14.0617
14.0332
14.04
14.06
14.0536
14.0933
14.0519
14.0882
14.1204
14.1389
14.1359
14.1553
14.1169
14.1063
14.0708
14.0539
13.9991
14.0162
14.0348
13.9656
13.964
13.9612
13.9367
13.9798
13.9637
13.9791
13.957
13.9496
13.9711
13.9663
14.0153
14.0347
14.0313
14.0493
14.0773
14.0611
14.1014
14.0692
14.066
14.0806
14.1271
14.1206
14.0994
14.1445
14.1128
14.1007
14.0529
14.0515
14.0685
14.0198
13.9831
14.0072
13.9751
13.9754
13.9489
13.9209
13.8921
13.9128
13.8901
13.9366
13.9684
13.9547
13.9883
14.0082
14.023
14.0276
14.0403
14.0228
13.9737
13.9339
13.96
13.8652
13.8448
13.8611
13.861
13.8557
13.8782
13.8843
13.8496
13.85
13.8357
13.8465
13.8464
13.8706
13.8789
13.8796
13.8658
13.9079
13.9129
13.9196
13.9005
13.9152
13.9339
13.9133
13.9333
13.9639
13.9607
13.9145
13.9281
13.9837
13.9519
13.9261
13.8929
13.8867
13.8813
13.8962
13.9076
13.9126
13.918
13.9449
13.9518
13.9066
13.9495
13.9648
13.9522
13.9428
13.9674
13.9794
13.9982
14.0173
14.0449
14.0217
13.9958
14.0201
14.033
13.9932
13.9999
13.9981
13.9776
13.9415
13.9762
13.9409
13.9011
13.8823
13.8639
13.8574
13.8558
13.8483
13.8082
13.8446
13.8607
13.844
13.8452
13.8494
13.8374
13.8367
13.86
13.904
13.9223
13.8784
13.9284
13.9411
13.9351
13.9878
13.9911
14.0055
14.0092
14.0055
14.0308
14.0598
14.0593
14.0569
14.0368
14.05
14.071
14.0808
14.084
14.072
14.0498
14.0343
14.0001
13.9847
14.0193
14.0017
13.9987
13.9676
13.9897
14.0125
14.05
14.0348
14.0329
14.0077
13.9869
13.9609
13.9832
13.9673
13.9571
13.9296
13.9119
13.9486
13.9055
13.8856
13.8571
13.8399
13.8271
13.815
13.7987
13.806
13.8008
13.8336
13.86
13.8568
13.8905
13.8852
13.8409
13.8521
13.8378
13.8392
13.833
13.787
13.775
13.7573
13.7554
13.7467
13.768
13.7922
13.7771
13.8049
13.8378
13.8423
13.8682
13.878
13.8927
13.884
13.891
13.8567
13.8564
13.8594
13.8776
13.8581
13.8635
13.8759
13.8062
13.821
13.8189
13.7874
13.7579
13.78
13.7238
13.7276
13.736
13.7386
13.7391
13.7585
13.7968
13.793
13.8088
13.7711
13.7778
13.7872
13.8021
13.7898
13.838
13.8358
13.8292
13.8584
13.8732
13.8919
13.8902
13.8437
13.8287
13.8321
13.8423
13.8213
13.844
13.8115
13.8187
13.8447
13.8317
13.85
13.8624
13.8786
13.8781
13.8873
13.8574
13.8703
13.8606
13.8335
13.8438
13.8744
13.8945
13.8666
13.8755
13.8628
13.827
13.7541
13.7234
13.7169
13.7037
13.7227
13.6903
13.7194
13.742
13.7664
13.7939
13.7508
13.7808
13.7841
13.783
13.7881
13.7475
13.7231
13.7259
13.7668
13.745
13.7492
13.7512
13.7704
13.8057
13.8143
13.8254
13.8028
13.7418
13.7396
13.7584
13.7629
13.7633
13.7864
13.801
13.7932
13.8345
13.8573
13.8518
13.8831
13.806
13.8076
13.7958
13.7785
13.7645
13.7697
13.749
13.7354
13.746
13.7768
13.8107
13.8379
13.8172
13.7864
13.7763
13.8
13.8188
13.8521
13.8475
13.8699
13.8437
13.7893
13.7555
13.7813
13.764
13.7888
13.7919
13.8095
13.8359
13.8119
13.8512
13.84
13.7862
13.744
13.7344
13.7123
13.7413
13.7291
13.7111
13.722
13.705
13.6665
13.6587
13.5879
13.611
13.6093
13.6108
13.6334
13.6329
13.645
13.6318
13.6808
13.6785
13.6763
13.6712
13.6434
13.5947
13.6086
13.6168
13.6128
13.612
13.6343
13.6647
13.6422
13.6654
13.6937
13.7253
13.7015
13.6566
13.6313
13.6611
13.6493
13.6569
13.6011
13.6418
13.6037
13.6163
13.6381
13.6314
13.64
13.6848
13.6572
13.6542
13.6588
13.6699
13.6874
13.6986
13.719
13.7085
13.7309
13.73
13.7357
13.699
13.7342
13.7456
13.724
13.7477
13.7894
13.8166
13.7867
13.8011
13.7996
13.811
13.8233
13.8635
13.8523
13.8689
13.8763
13.8678
13.8724
13.9067
13.8859
13.8508
13.8865
13.8859
13.8874
13.8701
13.8832
13.8934
13.8728
13.9085
13.9446
13.9469
13.9573
13.9749
13.9971
13.9667
13.9852
14.0258
14.0297
14.0102
14.0489
14.0583
13.9792
13.9794
13.9584
13.9364
13.943
13.9415
13.8794
13.8674
13.8146
13.8442
13.8537
13.8279
13.8178
13.7919
13.8415
13.8669
13.8651
13.8415
13.8646
13.8241
13.8043
13.8289
13.8136
13.8027
13.7738
13.7877
13.8132
13.8464
13.8657
13.8325
13.8178
13.7897
13.7749
13.7726
13.772
13.7418
13.7661
13.7241
13.7104
13.7502
13.7653
13.7511
13.7427
13.7347
13.7509
13.749
13.7844
13.8237
13.8158
13.8117
13.7809
13.7604
13.7715
13.7871
13.8279
13.8424
13.8634
13.845
13.7831
13.8088
13.861
13.8494
13.8645
13.8779
13.8973
13.8306
13.8
13.7779
13.7619
13.7292
13.7084
13.6346
13.6678
13.6432
13.6296
13.6334
13.6496
13.6201
13.6263
13.6227
13.6135
13.632
13.6065
13.611
13.5589
13.5831
13.5765
13.5857
13.5315
13.5438
13.5096
13.5302
13.551
13.5194
13.5272
13.4968
13.466
13.4586
13.4475
13.4427
13.4325
13.43
13.3659
13.4085
13.4094
13.397
13.3914
13.4065
13.3908
13.394
13.4293
13.4462
13.4124
13.4269
13.436
13.427
13.4169
13.3568
13.3323
13.3628
13.4149
13.4302
13.439
13.4647
13.456
13.4409
13.4521
13.459
13.4768
13.4292
13.4191
13.4394
13.4438
13.4732
13.4743
13.4825
13.4871
13.4556
13.4856
13.4812
13.4954
13.5141
13.5538
13.5386
13.5095
13.5169
13.5525
13.5625
13.546
13.5533
13.5878
13.5399
13.5363
13.5049
13.4793
13.4449
13.4157
13.4483
13.4575
13.4673
13.444
13.4702
13.4331
13.4609
13.4647
13.4606
13.4684
13.506
13.5257
13.5066
13.4463
13.4266
13.4024
13.4307
13.3961
13.4143
13.3965
13.3971
13.4011
13.4115
13.4179
13.3848
13.4004
13.3793
13.3576
13.3667
13.3856
13.3282
13.3503
13.3644
13.405
13.4084
13.4251
13.4613
13.4768
13.509
13.5086
13.4969
13.4594
13.4769
13.4668
13.4822
13.4747
13.463
13.4601
13.4788
13.4514
13.4658
13.4566
13.442
13.473
13.4898
13.5081
13.4222
13.4138
13.4265
13.4271
13.4502
13.4047
13.4477
13.4488
13.4395
13.4544
13.4452
13.4696
13.4962
13.4979
13.519
13.5162
13.4828
13.5005
13.5407
13.5585
13.5364
13.5725
13.6011
13.6237
13.611
13.6537
13.632
13.6195
13.6003
13.6198
13.6724
13.6921
13.6763
13.7042
13.7292
13.7445
13.7283
13.7105
13.7212
13.7439
13.7539
13.761
13.7812
13.7813
13.7675
13.8049
13.7941
13.8037
13.788
13.7653
13.797
13.795
13.7934
13.8472
13.8416
13.8442
13.8536
13.8536
13.8402
13.8478
13.8944
13.8756
13.8956
13.8867
13.8657
13.8674
13.8687
13.8883
13.9148
13.9388
13.9502
13.9466
13.9223
13.9626
13.9685
13.9984
13.9863
13.9961
13.977
13.9485
13.9136
13.9209
13.922
13.9276
13.937
13.9333
13.8989
13.9484
13.9511
13.9319
13.9151
13.9423
13.9305
13.9185
13.9264
13.9319
13.9118
13.916
13.9098
13.9282
13.926
13.9623
13.9708
14.0138
14.0111
14.0463
14.0622
14.0622
14.0691
14.096
14.1032
14.1515
14.1421
14.1111
14.1205
14.1158
14.1319
14.1458
14.0929
14.1123
14.1068
14.1294
14.1598
14.154
14.1579
14.1444
14.1149
14.0571
14.0844
14.0703
14.0607
14.0681
14.0934
14.1146
14.0931
14.1328
14.1939
14.1832
14.2078
14.2197
14.1782
14.1848
14.1518
14.1354
14.1537
14.1583
14.1707
14.1588
14.1501
14.111
14.1398
14.1307
14.1444
14.156
14.1103
14.1397
14.1191
14.1312
14.0568
14.0518
14.059
14.0581
14.0945
14.1
14.0421
14.0843
14.1007
14.076
14.0804
14.0854
14.1209
14.157
14.1766
14.1888
14.2007
14.2326
14.244
14.2439
14.2329
14.2476
14.2849
14.3069
14.3172
14.2904
14.3102
14.2787
14.2991
14.3132
14.2601
14.2465
14.2408
14.2697
14.3024
14.3306
14.3081
14.2862
14.2589
14.2247
14.2465
14.2758
14.2755
14.276
14.2776
14.2308
14.2464
14.2105
14.2085
14.2243
14.2084
14.2497
14.2513
14.2025
14.2223
14.25
14.2692
14.2454
14.1823
14.1869
14.2112
14.1904
14.2038
14.2609
14.2609
14.2655
14.2951
14.2634
14.2516
14.2497
14.2994
14.2775
14.263
14.2592
14.2265
14.2158
14.2227
14.1796
14.1766
14.1448
14.1451
14.1483
14.1725
14.176
14.1983
14.2101
14.1934
14.1855
14.1704
14.1348
14.1219
14.1233
14.1189
14.1347
14.159
14.1772
14.2018
14.2467
14.2927
14.3162
14.3541
14.3791
14.4181
14.4247
14.4066
14.4046
14.4131
14.3928
14.3898
14.3718
14.4107
14.3842
14.3539
14.3203
14.3377
14.2863
14.2674
14.2778
14.3116
14.3335
14.3402
14.3412
14.3097
14.2945
14.3069
14.3282
14.3281
14.3314
14.3813
14.3604
14.3094
14.3303
14.3774
14.3985
14.3755
14.3362
14.3581
14.3128
14.3031
14.2896
14.2791
14.283
14.311
14.2483
14.2223
14.254
14.2579
14.2724
14.3036
14.2874
14.2664
14.2381
14.2295
14.2477
14.2469
14.233
14.2354
14.2586
14.2447
14.2165
14.213
14.2251
14.2553
14.267
14.2345
14.2111
14.174
14.1709
14.1761
14.2076
14.1721
14.2089
14.1985
14.2051
14.2072
14.2064
14.2079
14.1644
14.18
14.1246
14.121
14.1074
14.0828
14.0948
14.096
14.0969
14.0954
14.0836
14.116
14.1411
14.1196
14.1305
14.1486
14.1654
14.0996
14.0909
14.1185
14.0924
14.0462
14.0375
14.0217
13.991
14.0049
13.9861
14.0295
14.0364
14.01
14.0484
14.0504
14.0492
14.0433
14.0274
14.0045
14.014
14.0269
14.026
13.9636
14.0066
13.9352
13.908
13.9292
13.9621
13.9426
13.9908
14.0046
14.0131
14.0257
14.0643
14.055
14.0601
14.0517
14.0472
14.0458
14.0458
14.0487
14.0625
14.0523
14.0468
14.0322
14.0695
14.0806
14.0642
14.0648
14.0569
14.0431
14.0647
14.0466
14.0428
14.0453
14.067
14.0543
14.0449
14.0514
14.0451
14.0683
14.0388
14.0733
14.0768
14.1012
14.1351
14.1251
14.1251
14.1266
14.1095
14.1352
14.1594
14.2089
14.209
14.2259
14.2461
14.2035
14.1595
14.1364
14.1371
14.1292
14.1536
14.1363
14.1481
14.1685
14.1753
14.2136
14.2102
14.2073
14.2354
14.241
14.2739
14.3086
14.2796
14.2882
14.3085
14.3066
14.2735
14.2943
14.2509
14.2189
14.2024
14.2039
14.2225
14.2323
14.2465
14.2699
14.2096
14.2291
14.1945
14.2287
14.2528
14.2493
14.2538
14.2642
14.2908
14.2709
14.2943
14.2918
14.2935
14.2991
14.3259
14.2997
14.334
14.292
14.307
14.3228
14.2771
14.3112
14.2915
14.2906
14.2954
14.313
14.2883
14.3198
14.2862
14.3008
14.3387
14.3151
14.2948
14.3096
14.3399
14.3245
14.3203
14.3543
14.3506
14.2729
14.3073
14.3225
14.3509
14.391
14.3555
14.3455
14.3933
14.4083
14.4219
14.4671
14.4652
14.4437
14.4631
14.4854
14.4995
14.5261
14.5621
14.5577
14.5358
14.4812
14.4446
14.404
14.4059
14.3664
14.3876
14.394
14.3952
14.4212
14.4144
14.435
14.4651
14.4558
14.4397
14.4869
14.4609
14.4554
14.4563
14.4779
14.4737
14.4841
14.4682
14.4739
14.4887
14.5134
14.5416
14.5108
14.5312
14.5292
14.5052
14.5038
14.5239
14.4976
14.4668
14.4826
14.4645
14.414
14.3603
14.3418
14.3406
14.339
14.3458
14.358
14.3811
14.3872
14.3682
14.3512
14.3649
14.3745
14.3886
14.4232
14.3907
14.4259
14.4809
14.4873
14.5061
14.505
14.4514
14.4547
14.4027
14.4438
14.4364
14.4313
14.3814
14.3792
14.4154
14.4283
14.386
14.3601
14.38
14.3158
14.325
14.3456
14.336
14.3194
14.3432
14.3251
14.3166
14.3477
14.3859
14.3942
14.4007
14.3676
14.3401
14.3084
14.2997
14.3401
14.336
14.3478
14.3519
14.3351
14.2572
14.2742
14.3004
14.3254
14.3302
14.3272
14.3541
14.342
14.3245
14.2877
14.2491
14.2779
14.2489
14.2286
14.2303
14.2668
14.2391
14.2249
14.1775
14.1693
14.1739
14.1467
14.1534
14.1691
14.1516
14.177
14.1732
14.165
14.1355
14.0998
14.0787
14.0855
14.0735
14.0564
14.0274
14.0439
14.062
14.0798
14.0613
14.0675
14.0564
14.0576
14.0293
14.023
14.012
14.0131
13.9991
14.0124
13.9834
14.0174
14.0366
14.0441
14.0472
14.062
14.0478
14.0533
14.0729
14.059
14.0686
14.0794
14.0982
14.1111
14.1402
14.1671
14.1419
14.1287
14.0865
14.1288
14.1572
14.1851
14.2186
14.2016
14.1811
14.196
14.1907
14.1404
14.1289
14.1679
14.1849
14.2024
14.1601
14.1823
14.1642
14.1741
14.1774
14.2079
14.2422
14.2458
14.225
14.2424
14.2396
14.252
14.2704
14.2843
14.3147
14.3261
14.2969
14.2918
14.2754
14.2748
14.3193
14.3121
14.3032
14.2893
14.3238
14.3275
14.3201
14.3155
14.3032
14.2859
14.311
14.2635
14.2397
14.2194
14.2269
14.2177
14.1957
14.1879
14.1644
14.1681
14.1698
14.1699
14.1689
14.1857
14.2047
14.2128
14.1735
14.1785
14.1961
14.1905
14.2388
14.2398
14.2643
14.2198
14.2021
14.2017
14.2308
14.2058
14.1935
14.2126
14.2504
14.231
14.2312
14.1659
14.1841
14.1862
14.1773
14.1758
14.1825
14.1873
14.1549
14.1289
14.1141
14.0888
14.1054
14.1243
14.1129
14.089
14.1229
14.1262
14.154
14.1422
14.1535
14.1358
14.1124
14.1361
14.1958
14.2062
14.2287
14.2643
14.2478
14.2224
14.1986
14.1861
14.1693
14.1905
14.2066
14.1998
14.1914
14.2284
14.2455
14.217
14.2248
14.1386
14.137
14.112
14.0825
14.0658
14.0687
14.085
14.1048
14.1175
14.1524
14.1502
14.1406
14.1439
14.1019
14.1124
14.153
14.1109
14.1314
14.1453
14.1158
14.1163
14.0873
14.0313
14.0789
14.1014
14.0657
14.0754
14.0665
14.086
14.1005
14.094
14.124
14.1756
14.1615
14.1978
14.2197
14.2491
14.2772
14.2261
14.2017
14.2089
14.2273
14.2435
14.2681
14.2845
14.243
14.2547
14.2531
14.293
14.3033
14.3125
14.3292
14.3221
14.3291
14.3053
14.3237
14.3326
14.3314
14.3195
14.3164
14.3286
14.3441
14.3681
14.3708
14.4019
14.4518
14.456
14.4983
14.4745
14.4969
14.4341
14.4507
14.4033
14.3973
14.3745
14.3612
14.3677
14.3765
14.3483
14.3028
14.3355
14.281
14.2905
14.2628
14.2367
14.2008
14.2354
14.2542
14.2176
14.265
14.2605
14.2277
14.2574
14.2954
14.2945
14.2851
14.2822
14.3065
14.3326
14.3449
14.3621
14.3458
14.3749
14.3986
14.3898
14.4075
14.3829
14.4238
14.4477
14.3911
14.4089
14.3926
14.3863
14.416
14.4
14.4045
14.4306
14.4108
14.3958
14.3684
14.3677
14.3499
14.364
14.3363
14.3263
14.3196
14.327
14.3766
14.3742
14.3535
14.3661
14.3795
14.4126
14.4244
14.3857
14.3724
14.3874
14.362
14.3311
14.3347
14.3444
14.3472
14.3416
14.3512
14.3657
14.3665
14.3269
14.2986
14.2204
14.2283
14.2369
14.2388
14.2132
14.2444
14.2982
14.337
14.314
14.3017
14.2976
14.3086
14.3331
14.3297
14.3488
14.3421
14.3289
14.3453
14.3272
14.3008
14.3265
14.3148
14.3296
14.3397
14.3673
14.3305
14.3658
14.3615
14.3925
14.3803
14.3974
14.4027
14.4321
14.4235
14.4144
14.4536
14.4656
14.3965
14.4208
14.3775
14.4125
14.4475
14.4514
14.4766
14.4498
14.4651
14.5099
14.4724
14.4871
14.5227
14.522
14.5217
14.5255
14.5067
14.5256
14.5036
14.4859
14.4856
14.4987
14.4916
14.4488
14.4661
14.4858
14.4804
14.4365
14.4516
14.4891
14.4741
14.5131
14.4719
14.4353
14.3912
14.4088
14.4134
14.4051
14.4171
14.3627
14.332
14.2949
14.3071
14.2798
14.2323
14.2058
14.1955
14.2103
14.2445
14.2263
14.2494
14.1762
14.1501
14.1164
14.1086
14.077
14.0791
14.0834
14.1095
14.1179
14.0869
14.0697
14.0766
14.0671
14.0632
14.0576
14.0723
14.0702
14.0871
14.0992
14.0674
14.0446
14.0431
14.0545
14.0135
14.0154
14.002
14.02
13.9915
13.9514
13.9731
14.0215
13.996
14.0101
14.0562
14.0485
14.0442
14.0314
13.9985
13.9538
13.9028
13.9134
13.9268
13.8963
13.9235
13.9317
13.949
13.9591
13.9007
13.9097
13.9255
13.902
13.9072
13.9103
13.9083
13.8823
13.9099
13.9048
13.8802
13.8694
13.9056
13.9429
13.9391
13.963
13.9
13.8551
13.8632
13.8539
13.8477
13.8512
13.8572
13.84
13.88
13.8612
13.8021
13.8365
13.8234
13.7801
13.787
13.7903
13.7655
13.7432
13.7399
13.7139
13.7061
13.6733
13.651
13.6383
13.655
13.6872
13.7339
13.7132
13.7173
13.6805
13.7159
13.6911
13.6695
13.7046
13.7205
13.6368
13.6453
13.6286
13.5962
13.5878
13.5267
13.534
13.5244
13.5276
13.5108
13.4572
13.4554
13.4263
13.4361
13.3735
13.3801
13.4143
13.3946
13.4201
13.4563
13.4445
13.4343
13.3936
13.3736
13.357
13.3565
13.341
13.3483
13.328
13.3617
13.3731
13.3976
13.3621
13.3905
13.3961
13.4075
13.3777
13.3597
13.3671
13.3577
13.3622
13.3515
13.3978
13.3499
13.3828
13.4175
13.4309
13.4362
13.4007
13.3922
13.4301
13.4351
13.4115
13.3818
13.3815
13.3718
13.3589
13.3351
13.3131
13.3465
13.3498
13.3224
13.3473
13.3634
13.3903
13.4128
13.4362
13.477
13.4465
13.3781
13.3621
13.3816
13.4161
13.4247
13.4577
13.4942
13.5141
13.509
13.538
13.5259
13.5292
13.4975
13.5125
13.4891
13.526
13.5245
13.5196
13.5313
13.4999
13.4888
13.5217
13.509
13.5096
13.4829
13.4869
13.4431
13.4346
13.4193
13.4209
13.45
13.4143
13.4206
13.4262
13.3565
13.341
13.37
13.3642
13.3841
13.3746
13.3979
13.3946
13.3987
13.4071
13.4102
13.3891
13.4008
13.3783
13.3764
13.3869
13.3309
13.343
13.3332
13.3156
13.3157
13.2885
13.2543
13.2762
13.2954
13.2873
13.3369
13.3467
13.3372
13.3613
13.3687
13.3815
13.391
13.3979
13.3927
13.3785
13.3962
13.4147
13.4655
13.4608
13.4682
13.4661
13.495
13.4921
13.5197
13.5381
13.5306
13.542
13.549
13.5339
13.5351
13.5493
13.5229
13.543
13.5503
13.5431
13.573
13.5834
13.5865
13.5429
13.532
13.5015
13.4468
13.4598
13.4499
13.4546
13.4345
13.433
13.4123
13.4218
13.429
13.4191
13.4283
13.4274
13.4048
13.447
13.4895
13.4365
13.4492
13.4232
13.4133
13.4062
13.4335
13.4629
13.492
13.5035
13.5284
13.5597
13.561
13.5509
13.5514
13.5325
13.571
13.6027
13.5974
13.6342
13.6677
13.7108
13.7419
13.7429
13.7289
13.7261
13.7301
13.7489
13.6821
13.7354
13.7175
13.6952
13.6895
13.6602
13.6571
13.7014
13.6588
13.6943
13.673
13.6616
13.6773
13.656
13.6125
13.6515
13.6814
13.7047
13.702
13.6952
13.7149
13.7408
13.757
13.7707
13.7547
13.7475
13.7367
13.7259
13.7023
13.6745
13.6184
13.6186
13.6226
13.6235
13.6474
13.6435
13.6591
13.6591
13.6507
13.6652
13.6331
13.5941
13.6136
13.6297
13.6691
13.6574
13.6296
13.61
13.5891
13.6018
13.5964
13.6144
13.6097
13.5871
13.6042
13.603
13.6254
13.6335
13.6382
13.6822
13.7037
13.6323
13.632
13.6849
13.686
13.6895
13.6987
13.6696
13.7027
13.7192
13.7016
13.6305
13.641
13.6464
13.6425
13.6254
13.647
13.6667
13.6614
13.676
13.6868
13.6996
13.6925
13.6661
13.703
13.7077
13.7129
13.7523
13.7918
13.7988
13.8261
13.7541
13.7476
13.7435
13.7467
13.7352
13.7516
13.7596
13.7842
13.7618
13.768
13.7905
13.7789
13.7809
13.7843
13.7334
13.7086
13.7077
13.7161
13.6676
13.6375
13.6429
13.6289
13.6403
13.6315
13.6242
13.6297
13.6264
13.6025
13.6219
13.5929
13.5721
13.5768
13.5985
13.5986
13.6346
13.65
13.6634
13.6845
13.6833
13.6865
13.6915
13.7053
13.6679
13.616
13.6374
13.6219
13.6117
13.6375
13.6592
13.6605
13.6358
13.6186
13.5886
13.5682
13.5687
13.5584
13.5023
13.5257
13.5839
13.5401
13.5678
13.5708
13.5648
13.5959
13.6012
13.6217
13.5877
13.587
13.6189
13.5675
13.6025
13.5952
13.6249
13.6541
13.6626
13.674
13.6806
13.6971
13.7086
13.7186
13.6942
13.7067
13.7222
13.7545
13.744
13.7511
13.7667
13.7537
13.7682
13.7824
13.7827
13.7967
13.7884
13.7864
13.8033
13.8172
13.8508
13.8474
13.8028
13.8126
13.8194
13.8363
13.8361
13.8349
13.8224
13.8414
13.8463
13.8072
13.7824
13.776
13.7742
13.749
13.7727
13.8163
13.8579
13.8143
13.8509
13.8489
13.8162
13.7828
13.7539
13.7335
13.7259
13.763
13.7958
13.8312
13.8577
13.8599
13.8489
13.859
13.8406
13.8357
13.8519
13.8647
13.8805
13.8697
13.8855
13.8716
13.8482
13.7958
13.7377
13.7564
13.7411
13.7444
13.7422
13.7564
13.755
13.748
13.7647
13.7515
13.7316
13.7644
13.7606
13.7646
13.7044
13.7098
13.6966
13.6792
13.7159
13.6811
13.7151
13.6788
13.7004
13.6762
13.7152
13.6887
13.636
13.6804
13.6951
13.7019
13.7442
13.7323
13.7478
13.792
13.8066
13.7647
13.7913
13.7799
13.8094
13.8014
13.8281
13.8432
13.8705
13.8708
13.8743
13.8362
13.8041
13.8232
13.7881
13.821
13.8405
13.8509
13.8747
13.874
13.9051
13.8949
13.914
13.9228
13.9208
13.9167
13.9565
13.9905
13.9657
13.9316
13.9703
13.9839
14.0016
13.9962
14.0155
14.0005
14.0265
14.0017
14.0124
13.9992
13.9083
13.9316
13.9404
13.9418
13.8723
13.9054
13.9341
13.9004
13.9437
13.9647
13.9839
13.9842
13.9833
13.9848
13.9686
14.0197
13.9773
13.9337
13.9502
13.9652
13.9515
13.9865
13.9339
13.9408
13.9569
13.9654
13.9269
13.9325
13.9761
13.9641
14.0073
14.0136
14.0144
13.9592
13.9379
13.9357
13.9227
13.8933
13.8781
13.8768
13.9003
13.891
13.8798
13.8795
13.8709
13.8307
13.8352
13.8387
13.8223
13.8327
13.7714
13.7707
13.7761
13.7487
13.7374
13.7337
13.7504
13.7382
13.7111
13.7283
13.7414
13.7307
13.7461
13.7191
13.7491
13.7673
13.7961
13.7991
13.8207
13.8557
13.8709
13.8649
13.9089
13.9255
13.9103
13.8981
13.9162
13.858
13.8774
13.8762
13.8839
13.8748
13.8875
13.8842
13.8999
13.9133
13.9162
13.9596
13.9443
13.9135
13.9389
13.9389
13.946
13.926
13.9359
13.9226
13.9529
13.9317
13.9156
13.9176
13.933
13.9198
13.9095
13.9456
13.9379
13.9155
13.8961
13.9277
13.9575
13.9592
13.9263
13.9386
13.9297
13.9137
13.9404
13.9638
13.9828
13.9602
14.0004
14.0175
14.0284
13.9472
13.9833
14.0048
13.9759
14.0147
14.0322
13.9853
13.8781
13.8968
13.9022
13.8617
13.8472
13.8377
13.8301
13.8622
13.8734
13.8521
13.8544
13.8393
13.8162
13.8319
13.8524
13.7928
13.8088
13.8086
13.8223
13.8269
13.8357
13.8325
13.814
13.7904
13.8288
13.8521
13.8514
13.8527
13.8442
13.8392
13.8328
13.8736
13.8652
13.87
13.841
13.8447
13.8521
13.8503
13.8767
13.8348
13.8081
13.8329
13.82
13.8448
13.7953
13.7866
13.7741
13.77
13.7612
13.765
13.7809
13.8061
13.8184
13.8586
13.8937
13.8986
13.9268
13.914
13.9294
13.9291
13.9241
13.9158
13.9242
13.8992
13.9316
13.9271
13.964
13.966
14.0196
14.029
14.0448
14.0568
13.977
13.9892
13.9663
13.9448
13.9532
13.9584
13.9873
14.016
14.0399
14.0449
14.071
14.094
14.1226
14.1196
14.151
14.1374
14.0961
14.0995
14.1307
14.0907
14.091
14.0888
14.1016
14.1212
14.0915
14.0599
14.0801
14.0889
14.0962
14.1067
14.106
14.1247
14.1556
14.1943
14.2097
14.1865
14.1932
14.2419
14.2197
14.1822
14.1615
14.1077
14.0972
14.0787
14.1197
14.1192
14.1309
14.1359
14.1137
14.0939
14.0863
14.0651
14.0491
14.0673
14.0732
14.0683
14.0687
14.0867
14.0821
14.0658
14.0971
14.0608
14.0254
14.0441
14.0059
14.0105
13.9993
14.0044
14.0067
14.0453
14.0505
14.0926
14.0657
14.0933
14.1355
14.1546
14.1857
14.2189
14.2352
14.2696
14.2833
14.2799
14.2378
14.2248
14.2137
14.2444
14.2214
14.241
14.2103
14.1987
14.1888
14.1804
14.1276
14.1727
14.1488
14.1235
14.122
14.1848
14.1678
14.1407
14.1919
14.184
14.1809
14.1619
14.1393
14.1417
14.1881
14.1606
14.1805
14.1792
14.2169
14.1662
14.1939
14.1741
14.2
14.1962
14.2342
14.242
14.194
14.2015
14.1942
14.2343
14.2474
14.2584
14.2672
14.2422
14.2722
14.2998
14.2778
14.2969
14.2637
14.2868
14.3353
14.3647
14.3799
14.418
14.4146
14.4169
14.389
14.3856
14.4197
14.4128
14.3967
14.4183
14.4028
14.4073
14.3813
14.4299
14.3826
14.2914
14.2555
14.2841
14.2872
14.2556
14.2238
14.258
14.2286
14.2553
14.2349
14.1924
14.2113
14.195
14.1949
14.1894
14.2116
14.2127
14.1725
14.1618
14.1574
14.1966
14.1732
14.1622
14.165
14.1893
14.1323
14.1432
14.1027
14.131
14.1425
14.1394
14.1375
14.1611
14.1421
14.1859
14.1859
14.2119
14.1864
14.1984
14.1665
14.1398
14.1151
14.1393
14.1112
14.1419
14.1086
14.0622
14.0818
14.1073
14.1274
14.1466
14.1872
14.2108
14.2134
14.2138
14.2106
14.1989
14.1821
14.179
14.1446
14.15
14.1742
14.1699
14.1476
14.1271
14.1477
14.1727
14.2193
14.2131
14.167
14.1926
14.1877
14.1537
14.159
14.176
14.1605
14.1575
14.1572
14.075
14.0625
14.0917
14.0805
14.0849
14.0903
14.0507
14.0439
14.0758
14.1081
14.1193
14.1174
14.0793
14.0843
14.0546
14.0884
14.0765
14.1223
14.1393
14.1723
14.1618
14.1649
14.1997
14.2187
14.2156
14.226
14.2125
14.176
14.1751
14.1912
14.2257
14.2301
14.224
14.2465
14.2042
14.1927
14.1821
14.2026
14.2358
14.21
14.2177
14.2187
14.2289
14.2004
14.1801
14.1938
14.1766
14.1535
14.1194
14.1326
14.1215
14.1455
14.1158
14.1356
14.1178
14.148
14.1429
14.0765
14.0827
14.1096
14.0812
14.0763
14.0588
14.0817
14.1116
14.108
14.1517
14.1503
14.1689
14.1053
14.0903
14.1153
14.1165
14.1011
14.0726
14.1006
14.1255
14.1363
14.1093
14.1031
14.1167
14.1515
14.0887
14.0827
14.1164
14.1054
14.0938
14.0938
14.1043
14.0995
14.0978
14.0899
14.0825
14.0875
14.0744
14.0681
14.0591
14.0561
14.0557
14.0102
13.9971
14.0344
14.0469
13.9829
14.0166
14.0375
14.0534
14.042
14.0245
13.9987
13.9856
13.9782
13.9683
13.9934
13.9846
13.9814
14.0057
13.97
13.967
13.9902
13.9998
14.0229
14.0002
13.9956
13.9552
13.9904
14.0137
14.0088
14.0253
14.0515
14.0254
14.0395
14.0321
14.0411
14.0103
13.9843
14.044
14.0087
13.9726
13.947
13.9694
13.9594
13.9255
13.8911
13.9077
13.8832
13.8768
13.8665
13.8675
13.8317
13.8191
13.8341
13.845
13.8288
13.838
13.8264
13.7657
13.7878
13.7665
13.7623
13.7645
13.7762
13.7661
13.7699
13.7789
13.7541
13.7657
13.7679
13.774
13.7599
13.7356
13.7364
13.7578
13.7516
13.7602
13.7921
13.7745
13.7485
13.7779
13.7916
13.8299
13.8265
13.8496
13.8288
13.8429
13.8374
13.8258
13.834
13.8106
13.7545
13.7649
13.8026
13.8113
13.7952
13.8307
13.8241
13.8679
13.8272
13.8458
13.845
13.8458
13.8072
13.7699
13.8084
13.8031
13.8092
13.8188
13.7982
13.8134
13.7924
13.8136
13.8035
13.8181
13.8435
13.8348
13.8583
13.8748
13.8977
13.9248
13.8815
13.917
13.8738
13.9
13.9102
13.9194
13.8975
13.8575
13.8821
13.8771
13.8967
13.8862
13.8616
13.8514
13.8568
13.8923
13.899
13.8768
13.918
13.9018
13.9441
13.9313
13.8663
13.8865
13.9085
13.8879
13.868
13.853
13.8799
13.8787
13.8994
13.9292
13.9091
13.9264
13.9732
13.9764
13.9902
14.0056
13.957
13.9372
13.9526
13.9506
13.9368
13.948
13.9227
13.9325
13.9288
13.9523
13.9055
13.9057
13.9189
13.8911
13.9181
13.9325
13.9351
13.928
13.9366
13.9692
13.9878
13.9833
13.9941
13.9678
13.9951
14.0057
14.0139
14.0213
14.0291
14.0055
13.9906
13.9978
13.9918
13.9751
14.0037
13.99
13.9879
14.0098
14.0018
13.9839
13.9884
14.0082
14.023
14.046
14.0464
14.0087
14.0502
14.019
14.0131
13.9805
14.0023
14.0236
14.0454
14.0091
14.031
14.0401
14.0061
13.9473
13.9764
13.9876
13.9808
13.9709
13.9869
14.0001
13.9972
14.0245
14.0225
14.0351
14.0382
14.0268
13.9956
13.9697
13.9196
13.9466
13.9689
13.9466
13.963
13.9443
13.9093
13.8808
13.8657
13.8833
13.8598
13.8625
13.8819
13.8643
13.8575
13.8514
13.8706
13.8622
13.8613
13.8619
13.8567
13.8917
13.928
13.9253
13.877
13.8838
13.9198
13.9177
13.9325
13.9287
13.9609
13.9601
13.9679
13.9763
13.9761
13.9981
14.0055
14.0381
14.0721
14.0778
14.0722
14.0684
14.0317
14.0257
13.9851
14.0108
14.0365
14.0379
14.0001
13.9981
14.007
14.0372
14.0418
14.0475
14.0728
14.1073
14.1369
14.1384
14.1134
14.0969
14.1216
14.1545
14.1585
14.1386
14.1842
14.1884
14.2353
14.2424
14.2681
14.2438
14.2487
14.235
14.2311
14.221
14.2128
14.201
14.188
14.1038
14.1121
14.1175
14.1406
14.1464
14.1478
14.1213
14.0922
14.1209
14.1305
14.1265
14.1605
14.1769
14.1418
14.16
14.1619
14.1808
14.1817
14.2195
14.2434
14.1771
14.2277
14.174
14.2023
14.2281
14.2463
14.2207
14.2113
14.1919
14.1914
14.1825
14.1826
14.1779
14.1898
14.1904
14.1866
14.1903
14.2119
14.2456
14.2248
14.2643
14.2472
14.2707
14.2776
14.2751
14.2681
14.2715
14.2443
14.2341
14.1887
14.1808
14.2066
14.1884
14.1912
14.2092
14.2287
14.2338
14.2179
14.2695
14.2731
14.2751
14.2891
14.2809
14.2923
14.3046
14.3339
14.3002
14.3001
14.3112
14.3222
14.302
14.3164
14.2895
14.2901
14.2938
14.3459
14.3403
14.3452
14.3494
14.3334
14.2981
14.2902
14.3007
14.2375
14.2256
14.2502
14.2628
14.2896
14.2864
14.278
14.2828
14.294
14.2884
14.2842
14.2942
14.3065
14.3082
14.3216
14.3072
14.344
14.3903
14.3607
14.3906
14.3852
14.3805
14.362
14.4008
14.4255
14.4381
14.4351
14.4535
14.4638
14.4487
14.4418
14.414
14.3662
14.3856
14.3969
14.4009
14.4205
14.4478
14.4676
14.501
14.5251
14.5396
14.5548
14.6014
14.6269
14.6234
14.6124
14.5906
14.5377
14.5449
14.5312
14.4825
14.4651
14.4456
14.4467
14.4855
14.4896
14.5029
14.5155
14.5355
14.5589
14.5821
14.5715
14.5812
14.5709
14.5751
14.5809
14.5591
14.5047
14.49
14.4708
14.4881
14.46
14.5113
14.4774
14.4339
14.475
14.5067
14.5382
14.5484
14.5537
14.555
14.5776
14.5705
14.5802
14.578
14.5511
14.5393
14.544
14.567
14.5446
14.4955
14.5104
14.4975
14.49
14.4918
14.4983
14.5283
14.5117
14.4835
14.483
14.4423
14.4367
14.4766
14.4723
14.5033
14.4734
14.512
14.5172
14.4977
14.484
14.4831
14.5094
14.5299
14.5361
14.5534
14.518
14.561
14.5665
14.5762
14.5939
14.5971
14.6116
14.6165
14.6095
14.6517
14.6719
14.6409
14.6151
14.6401
14.6346
14.6612
14.681
14.6822
14.7076
14.7369
14.7585
14.7128
14.6613
14.6171
14.6234
14.636
14.6752
14.6922
14.6485
14.6846
14.699
14.7286
14.739
14.6838
14.7079
14.6988
14.7304
14.7418
14.7602
14.8026
14.7915
14.8173
14.8239
14.8207
14.866
14.8604
14.8421
14.8781
14.863
14.8163
14.7924
14.7974
14.7946
14.8344
14.8509
14.8393
14.8633
14.8264
14.856
14.8562
14.82
14.8559
14.8766
14.8578
14.8225
14.817
14.8071
14.8163
14.8565
14.8724
14.8365
14.8301
14.7997
14.8019
14.8258
14.7984
14.8272
14.8659
14.8691
14.8677
14.8352
14.8423
14.8113
14.8341
14.7879
14.7954
14.7906
14.781
14.817
14.7774
14.7542
14.7711
14.7949
14.8322
14.8348
14.8366
14.8723
14.8596
14.8676
14.8925
14.8799
14.8728
14.837
14.832
14.7827
14.7474
14.7794
14.7722
14.7504
14.7159
14.7591
14.7707
14.7901
14.8132
14.7672
14.757
14.7645
14.7728
14.7701
14.7522
14.6893
14.7024
14.718
14.6973
14.7105
14.7097
14.7226
14.6944
14.6496
14.6389
14.5917
14.6044
14.6294
14.6493
14.6523
14.6916
14.7261
14.6913
14.6883
14.7118
14.7358
14.6999
14.7296
14.7285
14.7011
14.6923
14.6426
14.654
14.6403
14.6126
14.5844
14.6105
14.628
14.672
14.6669
14.6499
14.6388
14.6543
14.6593
14.6673
14.6762
14.6462
14.6659
14.6857
14.7007
14.711
14.7023
14.7379
14.7226
14.7165
14.7428
14.7286
14.7316
14.739
14.7018
14.6678
14.6778
14.6581
14.6928
14.619
14.6265
14.6464
14.6628
14.7014
14.7352
14.7756
14.7855
14.8061
14.7881
14.774
14.7489
14.7353
14.7448
14.7856
14.6817
14.6434
14.6509
14.6632
14.6871
14.6247
14.6392
14.6689
14.6839
14.6968
14.6814
14.626
14.6359
14.639
14.6049
14.5983
14.5866
14.5883
14.5802
14.5897
14.5859
14.4904
14.4692
14.4715
14.4813
14.5189
14.5038
14.533
14.5079
14.5387
14.5748
14.5728
14.5538
14.5653
14.5812
14.6114
14.6117
14.6142
14.6337
14.6479
14.6647
14.6669
14.6447
14.6274
14.6403
14.6534
14.6735
14.7271
14.7285
14.6971
14.6635
14.6846
14.6965
14.6531
14.6884
14.7152
14.7089
14.6545
14.6413
14.6256
14.6066
14.6037
14.5793
14.5922
14.6043
14.5965
14.5999
14.6085
14.5439
