0
0.0758724
0.129183
0.182839
0.235677
0.287992
0.341979
0.395133
0.449043
0.50622
0.563404
0.619862
0.674077
0.73325
0.793467
0.856111
0.919211
0.98051
1.04531
1.10874
1.16342
1.21513
1.27975
1.35068
1.41028
1.47379
1.54358
1.60311
1.67386
1.74297
1.80283
1.87532
1.93422
2.00482
2.07164
2.13834
2.20667
2.2811
2.34336
2.40395
2.46555
2.53134
2.61104
2.67708
2.74879
2.8146
2.88413
2.94645
3.02693
3.1026
3.18574
3.25232
3.32647
3.39333
3.46575
3.5269
3.60477
3.67705
3.74743
3.80255
3.85504
3.91313
3.98911
4.05504
4.11652
4.18839
4.26566
4.33577
4.40673
4.46628
4.53091
4.59369
4.66222
4.73564
4.80083
4.86224
4.9342
4.98756
5.02985
5.08893
5.18904
5.25919
5.3349
5.40658
5.47843
5.53641
5.5805
5.64733
5.68352
5.7583
5.82156
5.88282
5.97887
6.04404
6.09538
6.15363
6.22223
6.28704
6.33678
6.39769
6.45078
6.50097
6.54591
6.61515
6.68069
6.74145
6.82056
6.89623
6.95169
7.03223
7.04959
7.11159
7.19633
7.23214
7.2909
7.33581
7.39622
7.45243
7.49351
7.55453
7.61529
7.67534
7.73257
7.79547
7.85914
7.89476
7.94729
8.01084
8.06046
8.09942
8.16209
8.18544
8.22544
8.27456
8.3011
8.35264
8.42772
8.49054
8.52391
8.5804
8.59366
8.67312
8.68745
8.74874
8.79544
8.84286
8.87063
8.8907
8.93507
8.99514
9.0566
9.12224
9.17523
9.17673
9.22079
9.25715
9.29971
9.37095
9.43442
9.48421
9.5258
9.57033
9.65759
9.69217
9.76203
9.81346
9.84444
9.89253
9.94915
10.0056
10.0688
10.111
10.1611
10.175
10.2122
10.2642
10.3012
10.3572
10.4003
10.4245
10.4743
10.5086
10.5477
10.606
10.6762
10.7082
10.7802
10.8301
10.8649
10.8997
10.9586
11.0072
11.0774
11.0874
11.165
11.209
11.2226
11.2372
11.3276
11.3503
11.3771
11.4371
11.4133
11.4555
11.5288
11.5338
11.6016
11.6699
11.7139
11.751
11.7905
11.783
11.8306
11.8877
11.8844
11.9357
11.994
12.0318
12.0476
12.0986
12.1313
12.1762
12.2256
12.2621
12.255
12.3042
12.3156
12.3668
12.3899
12.3908
12.3975
12.43
12.4902
12.5216
12.5373
12.5567
12.5993
12.6342
12.649
12.6851
12.7413
12.8025
12.8241
12.8915
12.9429
12.9949
12.9936
13.0461
13.0448
13.0705
13.0997
13.1547
13.1898
13.1835
13.2064
13.2477
13.2761
13.2556
13.2946
13.3347
13.3248
13.3468
13.3725
13.4168
13.4567
13.4982
13.4998
13.5268
13.5653
13.621
13.6579
13.6901
13.7188
13.7228
13.7345
13.7393
13.7201
13.7562
13.7737
13.7855
13.7808
13.7997
13.8171
13.8461
13.8924
13.9176
13.9208
13.9505
13.913
13.9374
13.9727
14.0049
14.066
14.0922
14.1394
14.1441
14.1186
14.1285
14.1667
14.1715
14.1919
14.2454
14.2939
14.2993
14.3428
14.37
14.4256
14.4473
14.4595
14.5272
14.5668
14.6118
14.6039
14.6346
14.6844
14.7123
14.7663
14.7867
14.7817
14.8005
14.8284
14.8723
14.863
14.9075
14.9385
14.9791
15.0047
15.0334
15.0608
15.0672
15.0816
15.0717
15.0917
15.0775
15.0996
15.0968
15.1183
15.0988
15.0903
15.0931
15.0862
15.0741
15.1075
15.1466
15.1497
15.1323
15.1824
15.1994
15.2098
15.243
15.2517
15.2965
15.3201
15.3459
15.3647
15.3481
15.3238
15.3626
15.365
15.4006
15.4489
15.5042
15.4957
15.5141
15.5716
15.6144
15.6397
15.6661
15.6226
15.6108
15.6268
15.5865
15.5841
15.6598
15.6797
15.7148
15.7048
15.7442
15.789
15.7901
15.7461
15.7085
15.7502
15.7927
15.8001
15.8069
15.8208
15.8597
15.8839
15.8832
15.8857
15.8753
15.8606
15.844
15.8657
15.889
15.8981
15.9154
15.9439
15.9977
16.0246
16.0488
16.0758
16.109
16.1223
16.1602
16.1862
16.2061
16.2152
16.2479
16.2464
16.2723
16.2995
16.3432
16.33
16.3258
16.3429
16.341
16.3407
16.3237
16.3603
16.3985
16.4164
16.4252
16.4729
16.4328
16.4246
16.4792
16.4441
16.4722
16.5044
16.5307
16.512
16.4705
16.4399
16.469
16.5093
16.5238
16.4969
16.4435
16.4656
16.4508
16.4409
16.4961
16.5247
16.5246
16.5563
16.577
16.5825
16.6209
16.6302
16.6526
16.6535
16.5964
16.6151
16.6088
16.6046
16.624
16.6339
16.6464
16.6671
16.6032
16.5937
16.6114
16.5935
16.6345
16.6139
16.6427
16.6897
16.7161
16.699
16.6879
16.7288
16.7397
16.7589
16.7746
16.7236
16.7637
16.7738
16.7772
16.8047
16.8178
16.7711
16.8014
16.8419
16.8716
16.8469
16.9028
16.918
16.9248
16.9031
16.8986
16.9105
16.8939
16.9167
16.934
16.9224
16.9245
16.8786
16.8784
16.8772
16.9328
16.888
16.9115
16.9605
16.9442
16.973
16.959
16.9259
16.9477
16.9605
16.9093
16.8974
16.8791
16.8791
16.8786
16.9131
16.926
16.9181
16.9467
16.9766
16.962
16.9539
17.0053
17.0303
17.0349
17.0899
17.0932
17.1111
17.1437
17.1572
17.1736
17.1686
17.123
17.1241
17.1583
17.2027
17.2027
17.197
17.2176
17.2366
17.2453
17.273
17.2977
17.2983
17.3001
17.2641
17.2494
17.3069
17.3076
17.2933
17.3158
17.3367
17.3589
17.3625
17.3993
17.3699
17.4086
17.4707
17.4635
17.4726
17.5053
17.5168
17.51
17.5081
17.4964
17.5182
17.4818
17.4993
17.5043
17.487
17.4766
17.4789
17.5107
17.516
17.5177
17.573
17.5913
17.5758
17.5544
17.5692
17.5794
17.5931
17.6246
17.6477
17.63
17.6659
17.6923
17.7239
17.735
17.6987
17.7109
17.7559
17.7509
17.7964
17.85
17.8642
17.8455
17.8474
17.8968
17.9293
17.9222
17.9231
17.9705
18.0057
17.9966
17.9631
17.9892
18.0223
18.0837
18.0436
18.0714
18.0559
18.055
18.0195
18.0358
18.0322
18.0281
18.0435
18.0719
18.0319
18.0357
18.0487
18.0423
18.0754
18.0562
18.0836
18.0935
18.1306
18.08
18.0955
18.146
18.1376
18.1311
18.1675
18.1867
18.155
18.1796
18.1818
18.1824
18.2014
18.179
18.2046
18.2525
18.2578
18.2308
18.1937
18.1863
18.2212
18.2611
18.2992
18.26
18.2285
18.214
18.2692
18.2892
18.2501
18.2408
18.2622
18.3044
18.3725
18.4271
18.4436
18.4437
18.4788
18.4598
18.4411
18.4641
18.4713
18.4454
18.4607
18.4601
18.4349
18.3915
18.4284
18.4674
18.4788
18.3804
18.449
18.4484
18.4318
18.4189
18.4174
18.4124
18.4022
18.4221
18.4157
18.4535
18.476
18.4656
18.5264
18.5318
18.5656
18.5518
18.5562
18.5173
18.5496
18.5655
18.5556
18.582
18.5578
18.5624
18.585
18.5884
18.5623
18.5759
18.5653
18.5739
18.6095
18.6046
18.5691
18.614
18.6578
18.6857
18.7039
18.7172
18.6963
18.6849
18.7327
18.6856
18.6858
18.6605
18.6803
18.7078
18.7215
18.749
18.7739
18.7849
18.7867
18.789
18.8193
18.7972
18.7665
18.7748
18.7908
18.8431
18.8296
18.7839
18.7516
18.7728
18.8169
18.836
18.8625
18.8606
18.896
18.8666
18.8344
18.8093
18.8182
18.8212
18.8479
18.9048
18.8601
18.9232
18.9057
18.9219
18.9899
18.9479
18.9695
19.0176
18.9717
19.0247
19.02
19.0683
19.0778
19.1072
19.0969
19.0667
19.0396
19.0038
19.0508
19.0636
19.1135
19.1149
19.1301
19.1751
19.1665
19.2077
19.2007
19.2564
19.2437
19.2428
19.1851
19.2116
19.2027
19.2321
19.2432
19.2812
19.2401
19.1867
19.1849
19.219
19.1748
19.1901
19.1919
19.2137
19.2277
19.2092
19.2169
19.2661
19.2152
19.1838
19.2154
19.2107
19.2183
19.2569
19.2493
19.2751
19.2786
19.2853
19.2918
19.3219
19.3106
19.3451
19.2675
19.2054
19.2069
19.2051
19.2367
19.2719
19.299
19.2881
19.3039
19.2994
19.3507
19.3411
19.299
19.2798
19.266
19.2857
19.2934
19.2325
19.2432
19.2497
19.2301
19.2314
19.1379
19.158
19.1196
19.1432
19.1727
19.176
19.1833
19.1982
19.1099
19.0498
19.0429
19.0913
19.1065
19.0501
19.0571
19.0291
19.0104
18.9125
18.9148
18.9458
18.9722
19.0347
19.0721
19.1091
19.1284
19.1357
19.1914
19.1556
19.1805
19.1719
19.1611
19.1435
19.1742
19.1939
19.192
19.1638
19.2023
19.1624
19.1324
19.1418
19.1533
19.1727
19.1877
19.1895
19.1846
19.1911
19.1901
19.1922
19.2556
19.2284
19.2637
19.2674
19.3259
19.3431
19.3977
19.4204
19.4007
19.3782
19.3858
19.3525
19.3726
19.3744
19.3359
19.2807
19.3157
19.2921
19.2646
19.2372
19.2237
19.1986
19.1769
19.2282
19.2126
19.2338
19.2412
19.2499
19.2878
19.34
19.353
19.3037
19.3348
19.3203
19.3392
19.3516
19.354
19.2975
19.3201
19.3547
19.32
19.3541
19.289
19.3306
19.3501
19.3129
19.3144
19.2903
19.3108
19.2757
19.2972
19.296
19.3105
19.3686
19.3947
19.4017
19.4151
19.3921
19.3774
19.4035
19.4466
19.4418
19.4649
19.4424
19.4971
19.5028
19.4738
19.4379
19.4069
19.4121
19.4151
19.403
19.4344
19.4393
19.4036
19.369
19.3825
19.3699
19.3641
19.3124
19.335
19.3546
19.2839
19.3223
19.3742
19.4273
19.3992
19.3993
19.4078
19.3992
19.3778
19.4016
19.433
19.4051
19.417
19.4442
19.3864
19.3548
19.3958
19.3185
19.3228
19.326
19.2839
19.3139
19.3467
19.292
19.2811
19.3379
19.3506
19.4032
19.3526
19.4098
19.3924
19.3864
19.3906
19.3638
19.3898
19.4416
19.472
19.4791
19.4967
19.5242
19.527
19.5436
19.6061
19.6585
19.6814
19.6991
19.6735
19.6782
19.6875
19.7062
19.6621
19.6558
19.6596
19.5991
19.5504
19.4997
19.5381
19.5454
19.5711
19.5921
19.5914
19.5991
19.6601
19.6763
19.6465
19.6378
19.6378
19.6091
19.5907
19.5929
19.6218
19.6151
19.6233
19.6258
19.6299
19.627
19.6644
19.6456
19.6027
19.6152
19.6678
19.6607
19.7182
19.7397
19.6884
19.6093
19.6139
19.6293
19.5767
19.6078
19.5492
19.482
19.5131
19.5348
19.5596
19.6056
19.5606
19.5853
19.6409
19.6366
19.642
19.6266
19.6451
19.6166
19.6257
19.6586
19.6474
19.6359
19.6269
19.6634
19.6631
19.6331
19.6777
19.7048
19.666
19.6634
19.7
19.6589
19.6416
19.6495
19.6077
19.6206
19.5422
19.4778
19.4714
19.4513
19.4902
19.5116
19.4959
19.511
19.4251
19.4398
19.3928
19.3275
19.2475
19.2377
19.2526
19.2401
19.2578
19.2447
19.2841
19.2455
19.2403
19.2573
19.265
19.2597
19.209
19.2303
19.2655
19.2351
19.2316
19.263
19.2608
19.3048
19.3048
19.3437
19.3119
19.3211
19.2943
19.3212
19.288
19.3099
19.3003
19.331
19.3266
19.3264
19.2266
19.1858
19.1961
19.2132
19.2076
19.2312
19.2065
19.1457
19.1938
19.188
19.1957
19.1306
19.1525
19.1152
19.0864
19.1392
19.1201
19.0773
19.1102
19.1325
19.1497
19.1028
19.1414
19.1524
19.0996
19.1292
19.1705
19.136
19.1784
19.2061
19.2314
19.1883
19.2058
19.2203
19.1863
19.2033
19.1852
19.189
19.242
19.2289
19.2163
19.2614
19.2877
19.3216
19.3931
19.4379
19.4456
19.396
19.4329
19.4279
19.4051
19.3582
19.2983
19.2573
19.3122
19.332
19.3455
19.3153
19.3272
19.3484
19.2156
19.2511
19.2405
19.2195
19.2142
19.2394
19.2693
19.2861
19.2428
19.223
19.1855
19.2162
19.2459
19.2444
19.1997
19.0968
19.1399
19.166
19.1999
19.2088
19.2222
19.1685
19.0998
19.1386
19.1004
19.0986
19.1207
19.1202
19.1267
19.185
19.1141
19.1496
19.1905
19.1511
19.2109
19.21
19.2398
19.2873
19.2283
19.2395
19.2554
19.2882
19.3348
19.2959
19.2806
19.3222
19.3292
19.3249
19.2729
19.2506
19.2851
19.293
19.2687
19.2792
19.2873
19.268
19.3148
19.2725
19.231
19.2631
19.2558
19.2837
19.3198
19.3566
19.3654
19.2875
19.3157
19.3673
19.359
19.3451
19.3394
19.3384
19.2192
19.2753
19.233
19.1417
19.1599
19.1707
19.1143
19.0598
19.0184
19.0412
19.0348
19.0497
19.0623
19.0521
19.0252
19.0367
19.0638
19.037
19.02
19.0072
18.9894
18.9822
18.9541
18.9483
18.9491
18.9768
19.0002
18.968
18.9449
18.8714
18.8737
18.9123
18.9093
18.8867
18.9017
18.8323
18.8578
18.8964
18.895
18.9674
18.9723
18.9604
18.9898
19.0191
18.9289
19.004
18.9696
18.9749
18.9526
18.9347
18.9066
18.869
18.8448
18.8706
18.8638
18.8554
18.8503
18.8464
18.8442
18.8587
18.8603
18.8752
18.9304
18.9029
18.9327
18.9231
18.9217
18.9123
18.9686
18.9823
18.979
19.0252
19.0461
19.0739
19.0389
19.0884
19.0589
18.9673
18.9775
18.9648
19.0076
18.9658
18.9256
18.9233
18.9204
18.9567
18.9378
19.0168
19.0853
19.1081
19.1693
19.2094
19.2357
19.217
19.2414
19.2648
19.2743
19.2988
19.2122
19.206
19.2429
19.2492
19.2696
19.2747
19.284
19.2533
19.2112
19.2241
19.2198
19.2043
19.2434
19.2264
19.2206
19.1666
19.1756
19.1784
19.1438
19.1451
19.1947
19.2182
19.1386
19.1465
19.0923
19.099
19.1414
19.1146
19.0738
19.1475
19.1037
19.1495
19.1412
19.0807
19.1145
19.1597
19.1164
19.0799
19.0848
19.1077
19.0849
19.0906
19.1279
19.172
19.1736
19.1944
19.21
19.2301
19.2401
19.1993
19.2008
19.199
19.2267
19.172
19.1987
19.2239
19.2429
19.2764
19.2903
19.2714
19.2039
19.1926
19.1365
19.144
19.1813
19.2143
19.2273
19.2577
19.2666
19.2774
19.2699
19.2566
19.2205
19.265
19.2297
19.1745
19.1634
19.1777
19.2066
19.2152
19.2217
19.2106
19.1942
19.2479
19.2309
19.2704
19.2874
19.3434
19.3071
19.3755
19.3586
19.4218
19.3809
19.3624
19.3464
19.3457
19.3922
19.4427
19.4104
19.4256
19.4368
19.4392
19.5004
19.5457
19.5
19.4981
19.5165
19.5402
19.5672
19.5596
19.5492
19.5761
19.574
19.5825
19.595
19.5867
19.5527
19.5407
19.5152
19.5327
19.5414
19.5141
19.5146
19.4952
19.5212
19.5456
19.4712
19.472
19.4315
19.4463
19.4068
19.4562
19.4777
19.4269
19.325
19.3329
19.3273
19.3326
19.3642
19.2904
19.2288
19.2294
19.1986
19.2417
19.2229
19.2376
19.2407
19.2467
19.1468
19.1601
19.1571
19.0918
19.0254
19.0346
18.9697
18.9425
18.9786
18.9567
18.9537
18.9522
18.9155
18.8644
18.8311
18.835
18.7913
18.8252
18.8389
18.7665
18.7988
18.7701
18.794
18.8556
18.8548
18.8662
18.9047
18.905
18.9277
18.87
18.9138
18.9125
18.9503
18.9478
18.9129
18.9351
18.8998
18.9217
18.9425
18.9343
19.014
19.0449
18.9927
19.0067
19.04
18.9882
18.9749
18.9711
18.8852
18.803
18.8198
18.8363
18.8752
18.923
18.895
18.9011
18.94
18.9462
18.9519
18.9718
19.0275
19.0223
19.0392
19.0819
19.0943
19.0885
19.0619
19.0946
19.0564
19.0758
19.0463
19.0388
19.0014
19.0224
19.0159
19.0528
19.0944
19.0993
19.0717
19.0606
19.0991
19.0528
19.065
19.0973
19.0992
19.0703
19.0651
19.038
19.039
19.0369
18.9934
19.0065
19.0245
19.0595
19.0491
18.9742
18.9804
19.0221
19.0644
19.0677
19.0876
19.1099
19.1198
19.1269
19.1666
19.1587
19.1152
19.1443
19.1575
19.1463
19.1953
19.1946
19.265
19.2555
19.3011
19.2901
19.2855
19.2774
19.2399
19.2659
19.2157
19.173
19.1366
19.0684
19.1292
19.169
19.1666
19.2053
19.1862
19.1249
19.191
19.2207
19.278
19.2723
19.2461
19.2974
19.2927
19.2754
19.3422
19.3465
19.268
19.3018
19.2693
19.2302
19.218
19.2034
19.2165
19.2124
19.2726
19.2619
19.2
19.2084
19.2409
19.1764
19.1356
19.1398
19.1048
19.1058
19.1464
19.1702
19.1493
19.1544
19.1221
19.0964
19.1045
19.082
19.0531
19.0521
19.068
19.0664
18.9806
18.9723
18.9801
18.9922
18.987
18.9921
19.0263
19.0306
19.0562
19.0367
19.0623
19.0312
19.0689
19.0128
18.9716
18.9052
18.9343
18.9629
19.0093
19.0035
18.9855
19.0064
19.0378
19.0563
19.0858
19.0779
19.1312
19.112
19.1069
19.1558
19.0696
19.0565
19.123
19.1457
19.141
19.1573
19.1302
19.1423
19.1578
19.2272
19.1511
19.1565
19.1272
19.1322
19.0985
19.1055
19.1335
19.0975
19.1024
19.102
19.129
19.0563
18.9784
18.9764
18.9814
18.9801
18.9957
19.0389
19.0843
19.0586
19.0127
19.039
18.9743
18.9829
18.9944
19.0035
18.9583
18.9428
18.95
18.9933
19.0187
19.0556
19.1026
19.105
19.1013
19.0966
19.078
19.0788
19.0847
19.0767
19.1211
19.133
19.1358
19.1157
19.1393
19.1642
19.1852
19.2147
19.2299
19.278
19.3046
19.3171
19.3277
19.2485
19.2856
19.2381
19.2134
19.2112
19.1645
19.1839
19.1517
19.1214
19.1281
19.0879
19.05
19.0518
19.0708
19.1147
19.0913
19.1291
19.1721
19.1773
19.1711
19.1823
19.2594
19.2446
19.2233
19.2497
19.235
19.2546
19.2423
19.2455
19.2774
19.2004
19.2345
19.2908
19.3181
19.3279
19.3346
19.3716
19.3596
19.3676
19.3562
19.3873
19.34
19.3189
19.3115
19.2892
19.2912
19.3303
19.3777
19.4356
19.451
19.5244
19.5301
19.5649
19.5913
19.6278
19.5503
19.5652
19.6064
19.5909
19.5661
19.5526
19.5819
19.5515
19.5175
19.5367
19.5537
19.5761
19.5173
19.4971
19.4523
19.4328
19.4304
19.4449
19.4651
19.3996
19.3729
19.3287
19.3462
19.3377
19.3509
19.3578
19.3399
19.3091
19.3177
19.3651
19.3808
19.4017
19.4281
19.4376
19.5105
19.4766
19.4751
19.4627
19.4681
19.4531
19.4389
19.3918
19.4033
19.4259
19.4042
19.434
19.4462
19.4559
19.4697
19.4772
19.4873
19.5318
19.4628
19.4683
19.4157
19.4848
19.415
19.431
19.4465
19.4188
19.354
19.2851
19.292
19.3062
19.3189
19.359
19.3257
19.3128
19.2999
19.2929
19.3
19.2543
19.2153
19.2073
19.1883
19.2239
19.1754
19.1914
19.1707
19.1866
19.1925
19.1699
19.1248
19.1062
19.0516
19.0741
19.0699
19.0779
19.0518
19.086
19.1049
19.0842
19.0966
19.1003
19.1226
19.1031
19.0593
19.0249
19.0739
19.0732
19.0884
19.1086
19.1215
19.1114
19.1124
19.0608
19.0081
18.9685
18.9912
18.9749
18.9521
18.9852
18.9941
18.9726
18.9685
18.9264
18.9611
18.8487
18.8798
18.887
18.8919
18.8982
18.9082
18.9456
18.9945
18.9473
18.9596
18.9621
18.9603
18.9891
19.0273
19.1169
19.1571
19.1384
19.1087
19.0958
19.1231
19.132
19.1093
19.1231
19.0988
19.0658
19.0754
19.0635
19.052
19.0921
19.0469
19.0957
19.0757
19.1201
19.1525
19.1422
19.1434
19.1955
19.2092
19.1096
19.1225
19.159
19.0484
18.95
18.9258
18.9271
18.9463
19.0124
19.0162
18.9182
18.9474
18.916
18.9476
18.9911
18.9968
19.0052
19.0034
18.9726
18.9677
18.9441
19.0252
19.067
19.0656
19.0529
19.0919
19.1151
19.0804
19.0502
19.0744
19.087
19.0631
19.0689
19.0403
19.0406
19.0381
19.0673
19.0872
19.1129
19.1391
19.1635
19.2046
19.2442
19.1808
19.194
19.2279
19.2384
19.1922
19.2065
19.1821
19.2481
19.2882
19.2518
19.2421
19.225
19.2309
19.2699
19.3392
19.3942
19.3976
19.395
19.3674
19.3879
19.3977
19.4117
19.4496
19.4613
19.4786
19.4888
19.4772
19.4907
19.5067
19.5488
19.5801
19.5754
19.623
19.6633
19.6926
19.7316
19.7838
19.7511
19.6894
19.6227
19.617
19.6262
19.6294
19.6215
19.5885
19.58
19.6108
19.6218
19.6174
19.6183
19.6431
19.621
19.5467
19.4874
19.4659
19.4818
19.4654
19.3934
19.384
19.4146
19.436
19.4877
19.5225
19.5508
19.5802
19.5836
19.5447
19.514
19.528
19.5535
19.4887
19.5045
19.492
19.5322
19.5639
19.5677
19.5674
19.5107
19.4717
19.5025
19.5256
19.536
19.4746
19.4854
19.5035
19.4564
19.4675
19.5045
19.5167
19.5548
19.5675
19.6003
19.553
19.5886
19.5868
19.5751
19.605
19.6319
19.6393
19.644
19.6279
19.631
19.6457
19.6214
19.5602
19.5018
19.4873
19.5095
19.504
19.4909
19.5167
19.5453
19.5444
19.498
19.5416
19.5754
19.5968
19.6139
19.5812
19.5636
19.5678
19.5949
19.6495
19.6809
19.6759
19.6968
19.7153
19.7328
19.7396
19.7284
19.7382
19.7085
19.6781
19.6441
19.6484
19.6302
19.6405
19.6421
19.7047
19.6852
19.6767
19.6432
19.6784
19.6636
19.6548
19.6913
19.6777
19.6996
19.746
19.7449
19.7667
19.8309
19.7668
19.7596
19.7351
19.7044
19.6258
19.6495
19.6544
19.6037
19.5893
19.5616
19.5722
19.5739
19.6251
19.6077
19.5953
19.6408
19.6178
19.6401
19.6396
19.5943
19.6508
19.6092
19.544
19.5879
19.5144
19.5312
19.5183
19.5075
19.4557
19.4995
19.514
19.524
19.5227
19.5224
19.5276
19.5239
19.5175
19.4931
19.4478
19.4792
19.4328
19.4272
19.435
19.4527
19.4651
19.4978
19.4507
19.4326
19.4036
19.4317
19.4711
19.444
19.4482
19.4238
19.4434
19.4052
19.4106
19.4017
19.4382
19.4523
19.368
19.3378
19.3727
19.3717
19.3542
19.3453
19.4149
19.4204
19.4725
19.4815
19.5421
19.5557
19.6067
19.5915
19.6301
19.6477
19.686
19.7037
19.7122
19.7158
19.6962
19.6714
19.7162
19.7406
19.7198
19.7117
19.7047
19.7382
19.7012
19.6337
19.6452
19.5751
19.6283
19.6673
19.6308
19.5255
19.5463
19.5618
19.5505
19.5158
19.4909
19.4108
19.4308
19.4364
19.3908
19.3073
19.3052
19.3281
19.387
19.3933
19.4375
19.3641
19.3535
19.3793
19.4064
19.3915
19.3362
19.3431
19.3552
19.314
19.3146
19.3531
19.329
19.2957
19.3181
19.2686
19.3044
19.2823
19.3312
19.365
19.3927
19.4065
19.4186
19.415
19.3843
19.3866
19.3805
19.4092
19.4376
19.4466
19.455
19.4842
19.5241
19.5924
19.5717
19.5346
19.5839
19.5826
19.6454
19.6745
19.6856
19.6882
19.7155
19.7034
19.7238
19.7517
19.7819
19.7951
19.7995
19.7869
19.7916
19.7736
19.7488
19.7326
19.7528
19.7174
19.7556
19.7137
19.7054
19.7237
19.7202
19.6398
19.5716
19.5957
19.5841
19.6174
19.5382
19.5405
19.5411
19.5317
19.5015
19.4788
19.3676
19.3091
19.3386
19.3463
19.3815
19.3113
19.3053
19.2971
19.3294
19.3217
19.372
19.3708
19.4488
19.4889
19.4661
19.4389
19.4563
19.4281
19.4668
19.4885
19.517
19.5124
19.479
19.4793
19.498
19.4926
19.4479
19.4818
19.5267
19.4985
19.4987
19.5252
19.5058
19.5414
19.5515
19.5349
19.5095
19.5584
19.5395
19.554
19.5567
19.5443
19.5638
19.5623
19.5831
19.5794
19.5784
19.6013
19.5927
19.6134
19.6606
19.6474
19.6427
19.6037
19.6364
19.6349
19.6716
19.7232
19.7028
19.7238
19.65
19.6208
19.592
19.6131
19.6268
19.6592
19.6126
19.6508
19.6763
19.6859
19.7454
19.7111
19.7509
19.8257
19.8109
19.8009
19.7942
19.7441
19.7522
19.7435
19.7864
19.8028
19.8536
19.8168
19.7848
19.7329
19.7676
19.7053
19.6769
19.6884
19.6755
19.6631
19.5931
19.5597
19.5838
19.5996
19.6334
19.5771
19.5594
19.5717
19.6225
19.6261
19.6701
19.6996
19.7005
19.6822
19.7111
19.6509
19.6357
19.6652
19.6977
19.7056
19.7247
19.7317
19.7633
19.7945
19.7614
19.6812
19.6436
19.6661
19.6937
19.7156
19.7443
19.7293
19.7263
19.7292
19.7748
19.7183
19.7113
19.7194
19.7549
19.7176
19.7159
19.7428
19.7818
19.8087
19.8114
19.8226
19.8232
19.7659
19.7395
19.6855
19.7538
19.7168
19.7188
19.7543
19.6563
19.6287
19.6333
19.6631
19.6406
19.6175
19.5969
19.5374
19.5189
19.5302
19.5622
19.5014
19.4802
19.4954
19.5126
19.4837
19.5143
19.5037
19.5553
19.5124
19.526
19.521
19.5541
19.5187
19.5293
19.5108
19.4956
19.4588
19.4726
19.516
19.5246
19.5167
19.5334
19.5536
19.5486
19.5552
19.491
19.536
19.5709
19.5755
19.5912
19.6273
19.6089
19.5828
19.5928
19.6191
19.6197
19.6095
19.5991
19.6315
19.6745
19.6471
19.6783
19.6911
19.6698
19.6746
19.7133
19.7212
19.7647
19.7951
19.7911
19.7687
19.7997
19.8443
19.859
19.8329
19.8201
19.8276
19.8431
19.8936
19.8952
19.9469
19.9911
20.0472
20.0603
20.0994
20.1078
20.1126
20.1369
20.0758
20.1065
20.1232
20.1353
20.1688
20.167
20.1167
20.1107
20.0468
20.0676
20.0428
19.997
20.0183
20.0052
19.9693
19.9933
19.9936
20.0039
20.0294
19.9682
19.8775
19.8647
19.8726
19.8336
19.7751
19.7411
19.7869
19.832
19.8161
19.8568
19.8422
19.8293
19.8356
19.8701
19.8519
19.8428
19.8852
19.8815
19.8805
19.8751
19.8548
19.7638
19.7349
19.7564
19.666
19.6403
19.623
19.5926
19.6418
19.6666
19.6953
19.6913
19.6515
19.6221
19.5925
19.5574
19.579
19.5711
19.6041
19.5128
19.4388
19.4021
19.3902
19.4627
19.4345
19.4349
19.4055
19.368
19.3834
19.3949
19.4186
19.4378
19.4794
19.4472
19.4414
19.4117
19.4604
19.4712
19.4606
19.4695
19.4775
19.4807
19.4448
19.4801
19.4781
19.472
19.4742
19.4785
19.5118
19.527
19.5485
19.5132
19.5114
19.5297
19.5754
19.5672
19.5703
19.5126
19.5383
19.5789
19.5922
19.5911
19.6157
19.6494
19.6873
19.6701
19.6826
19.5887
19.6511
19.6426
19.6156
19.5706
19.5668
19.5326
19.5443
19.6041
19.5553
19.5474
19.5737
19.6181
19.6087
19.6045
19.6353
19.6181
19.5733
19.5353
19.523
19.5454
19.5507
19.5665
19.5201
19.5194
19.48
19.4144
19.4333
19.3975
19.3879
19.3958
19.3521
19.3872
19.3909
19.3789
19.394
19.3525
19.3847
19.3787
19.4213
19.4143
19.4201
19.4683
19.4692
19.4768
19.5386
19.5693
19.571
19.5434
19.5359
19.5155
19.5577
19.5781
19.5385
19.5474
19.5475
19.5775
19.5672
19.5497
19.5642
19.5793
19.5465
19.4911
19.5318
19.51
19.5093
19.516
19.5424
19.5603
19.6043
19.6499
19.6189
19.5811
19.5662
19.5945
19.5673
19.507
19.5338
19.5153
19.457
19.4471
19.4558
19.3987
19.3399
19.3234
19.3353
19.3293
19.3075
19.2984
19.3206
19.3589
19.3534
19.3598
19.3874
19.3691
19.4132
19.4403
19.4582
19.482
19.442
19.4396
19.4556
19.4572
19.4569
19.4563
19.4821
19.4474
19.4661
19.4389
19.4914
19.5005
19.5237
19.5344
19.5694
19.5966
19.6077
19.5825
19.6175
19.6355
19.6304
19.681
19.6951
19.7132
19.7342
19.7464
19.6924
19.6834
19.6997
19.6892
19.7158
19.7145
19.7757
19.7855
19.7905
19.8111
19.8186
19.8237
19.8236
19.8092
19.8263
19.8379
19.834
19.876
19.8989
19.9352
19.9353
20.0007
19.9568
19.9424
19.9142
19.8699
19.8448
19.8482
19.882
19.8755
19.8564
19.908
19.8679
19.8455
19.7723
19.7553
19.7423
19.6885
19.713
19.7033
19.6283
19.5642
19.5131
19.4944
19.4992
19.5402
19.5429
19.4379
19.4517
19.4353
19.414
19.3793
19.3816
19.3482
19.3489
19.3386
19.3914
19.3988
19.3957
19.3968
19.395
19.4304
19.4511
19.4674
19.4596
19.4927
19.5003
19.49
19.4545
19.4741
19.4744
19.4579
19.4861
19.4875
19.4938
19.5126
19.555
19.5322
19.5468
19.5422
19.5783
19.5785
19.5664
19.5506
19.5817
19.6066
19.543
19.5921
19.5538
19.5206
19.5768
19.6035
19.5573
19.5775
19.6467
19.6273
19.6241
19.6618
19.6583
19.6923
19.6674
19.6585
19.6767
19.6368
19.5995
19.6004
19.6125
19.6344
19.6839
19.6891
19.7273
19.7093
19.7164
19.6913
19.6732
19.6572
19.5895
19.58
19.5394
19.5015
19.4818
19.4684
19.5118
19.4718
19.4736
19.4764
19.4858
19.4781
19.5017
19.4767
19.487
19.4723
19.4931
19.5306
19.5482
19.5664
19.6047
19.5521
19.5685
19.5098
19.5638
19.5886
19.604
19.6089
19.5268
19.482
19.507
19.5568
19.5046
19.5455
19.5612
19.5638
19.5739
19.5839
19.6277
19.6283
19.6582
19.6522
19.6948
19.7212
19.7729
19.7406
19.7294
19.6562
19.6694
19.6782
19.7198
19.7197
19.7201
19.7028
19.7026
19.6269
19.6462
19.6687
19.6987
19.7131
19.7003
19.7073
19.7043
19.6776
19.6256
19.5925
19.5386
19.5152
19.5309
19.5484
19.5047
19.4957
19.5291
19.5277
19.5719
19.5662
19.5463
19.5653
19.5286
19.5227
19.5508
19.5051
19.541
19.5353
19.5509
19.5684
19.5956
19.6258
19.5194
19.5319
19.561
19.5951
19.5251
19.5024
19.4752
19.4361
19.4304
19.465
19.4534
19.4561
19.407
19.3995
19.4373
19.408
19.4431
19.4342
19.4394
19.4791
19.4283
19.4623
19.4996
19.4763
19.5051
19.523
19.4994
19.4914
19.5073
19.5035
19.5097
19.5398
19.5627
19.5296
19.5014
19.3992
19.362
19.3554
19.3482
19.3911
19.415
19.4285
19.462
19.4636
19.4667
19.4989
19.4817
19.4633
19.4614
19.4357
19.413
19.461
19.4473
19.4043
19.3435
19.3112
19.223
19.2553
19.2546
19.2076
19.2458
19.2328
19.1974
19.238
19.2074
19.1592
19.1291
19.1052
19.0916
19.1157
19.0708
19.0604
19.0988
19.0678
19.0341
19.0348
19.0252
19.0026
19.0119
19.0634
19.0267
19.0248
19.006
19.0398
19.0202
19.0662
19.0584
19.0215
19.0539
19.0199
18.9958
19.0588
19.078
19.1248
19.1617
19.1459
19.1107
19.0968
19.1092
19.1092
19.0831
19.104
19.0859
19.1165
19.1355
19.1071
19.0295
19.055
19.1048
19.1089
19.1494
19.1534
19.1688
19.1561
19.0814
19.1006
19.0815
19.0447
19.0616
19.1032
19.1417
19.1409
19.157
19.2035
19.1637
19.1352
19.1474
19.1991
19.1975
19.2271
19.2667
19.3241
19.3467
19.3487
19.3409
19.3682
19.3579
19.3803
19.3667
19.4355
19.4594
19.4233
19.4129
19.3694
19.3076
19.3009
19.3289
19.2631
19.2663
19.3104
19.3656
19.3634
19.3304
19.3576
19.3827
19.4109
19.4012
19.3876
19.4006
19.3763
19.3797
19.391
19.3791
19.3727
19.376
19.4058
19.3974
19.362
19.3643
19.3142
19.3033
19.3055
19.3
19.2508
19.3171
19.297
19.2759
19.3027
19.2371
19.1747
19.208
19.2049
19.1548
19.0815
19.0492
19.0218
18.9926
19.0307
19.0701
19.0943
19.1047
19.1077
19.0855
19.0427
19.0642
19.0606
19.0355
19.0523
18.9959
19.0041
19.0364
19.0328
19.0339
19.0748
19.064
19.0178
18.9808
18.9633
18.9037
18.9309
18.9042
18.9235
18.9744
18.9311
18.9359
18.9235
18.9183
18.9664
18.9312
18.9846
18.9865
18.9292
18.9787
18.949
18.9772
18.9956
19.0252
18.9784
18.9786
18.9397
18.9938
18.9943
18.9839
19.0045
19.0389
19.0773
19.0573
19.0613
19.0736
19.0563
19.0365
19.0315
19.054
19.0149
19.0071
19.0051
19.0212
19.0213
18.9684
19.0032
18.9957
18.9885
18.9831
19.0173
19.0212
19.0833
19.0954
19.0722
19.0234
19.0664
19.0617
18.9897
18.9793
19.0144
19.0462
19.1016
19.1264
19.112
19.1139
19.1397
19.0884
19.0315
19.0161
18.99
19.0091
19.0218
19.0369
18.9802
18.949
19.0014
19.0599
19.0477
19.0864
19.1184
19.1489
19.195
19.2006
19.1809
19.1551
19.2133
19.218
19.2065
19.213
19.2472
19.2386
19.1872
19.1784
19.121
19.1071
19.0938
19.0625
19.0346
19.0116
19.0349
19.0591
19.0714
19.0772
19.0604
19.0389
19.0616
19.0749
19.1182
19.113
19.1309
19.1464
19.1201
19.1174
19.0853
19.1107
19.123
19.1046
19.0657
19.1097
19.0619
19.0788
19.0714
19.0807
18.9913
18.9616
18.9533
18.9905
18.9892
18.8963
18.9331
18.9929
18.9657
18.9639
19.0187
19.0501
19.0899
19.0336
18.9986
19.0418
18.9864
19.0155
18.9821
18.9805
18.9926
18.9205
18.9742
18.9344
18.9801
18.9548
18.8896
18.8724
18.8773
18.8431
18.9011
18.9111
18.9478
18.9955
18.966
18.9968
19.037
19.0475
19.0543
19.047
19.0578
19.0586
19.0977
19.0971
19.0844
19.1262
19.0976
19.084
19.1151
19.1519
19.1991
19.164
19.19
19.2069
19.1348
19.1445
19.0975
19.1187
19.1617
19.1359
19.1759
19.2079
19.21
19.2236
19.214
19.2301
19.2471
19.2897
19.3346
19.3572
19.3599
19.3539
19.276
19.2836
19.303
19.3348
19.3581
19.3166
19.3333
19.2914
19.3269
19.2567
19.2318
19.1847
19.1701
19.1965
19.1991
19.1711
19.135
19.0775
19.1258
19.1531
19.1776
19.1924
19.1322
19.1175
19.1354
19.1282
19.1603
19.1574
19.1163
19.1479
19.1526
19.1856
19.1627
19.2216
19.1982
19.1832
19.2251
19.2629
19.2504
19.2427
19.2375
19.255
19.2785
19.2533
19.2915
19.2551
19.2109
19.2224
19.2271
19.2165
19.2287
19.2629
19.2748
19.2777
19.3273
19.2982
19.3335
19.2899
19.2927
19.343
19.3814
19.3578
19.4111
19.4065
19.4169
19.3781
19.4095
19.3978
19.4249
19.4341
19.4927
19.5163
19.4946
19.4744
19.47
19.4489
19.4241
19.4182
19.3925
19.3261
19.309
19.3499
19.3869
19.3482
19.3244
19.3679
19.3741
19.3999
19.4041
19.4235
19.3477
19.4028
19.4271
19.4038
19.4617
19.419
19.4076
19.4383
19.4385
19.3685
19.3525
19.388
19.4426
19.4891
19.4897
19.4957
19.4917
19.4684
19.493
19.4215
19.4372
19.4452
19.4344
19.4701
19.4777
19.51
19.5454
19.5884
19.5902
19.5511
19.5698
19.5666
19.6211
19.6251
19.5853
19.603
19.6085
19.5945
19.611
19.6311
19.6735
19.6887
19.7217
19.7332
19.7215
19.7462
19.7459
19.7499
19.6592
19.6874
19.668
19.6961
19.6833
19.665
19.6581
19.6716
19.6947
19.7328
19.7592
19.6694
19.6702
19.6146
19.6469
19.6682
19.6299
19.6924
19.6292
19.5722
19.5325
19.478
19.4903
19.542
19.5456
19.6118
19.6051
19.6506
19.6365
19.59
19.5788
19.5462
19.555
19.5859
19.6001
19.6211
19.6505
19.6583
19.6823
19.6789
19.7109
19.7734
19.792
19.7982
19.8176
19.8669
19.8706
19.8599
19.8598
19.8936
19.8876
19.9426
19.9349
19.9118
19.9126
19.8725
19.86
19.8616
19.8989
19.952
20.003
20.0279
20.0523
19.962
20.0015
20.0071
20.0589
20.1122
20.1226
20.0646
20.0753
19.9594
19.9194
19.8571
19.866
19.8491
19.8992
19.9256
19.9754
20.0005
20.0249
20.0652
20.039
20.0587
20.0622
19.947
19.8603
19.8537
19.8857
19.9297
19.9634
19.9689
19.9452
19.8832
19.8284
19.8785
19.931
19.9227
19.9269
19.948
19.9689
19.9744
19.9937
19.9666
19.9767
20.0207
19.9613
19.9277
19.8761
19.7977
19.7872
19.7547
19.7943
19.8124
19.785
19.8007
19.8405
19.8252
19.8483
19.9023
19.872
19.8529
19.8633
19.8697
19.8412
19.8403
19.8761
19.8398
19.7865
19.8352
19.8086
19.8336
19.8161
19.8329
19.8531
19.8719
19.9141
19.8955
19.8988
19.8096
19.7636
19.8189
19.7657
19.7818
19.7634
19.7664
19.8064
19.807
19.8147
19.7094
19.6763
19.684
19.6288
19.597
19.5956
19.6452
19.6454
19.6939
19.7133
19.6314
19.6621
19.6359
19.6615
19.6873
19.6772
19.6327
19.6629
19.6406
19.5893
19.5681
19.587
19.6152
19.5623
19.6214
19.6429
19.6691
19.6739
19.6722
19.6855
19.6927
19.6389
19.6562
19.6668
19.6643
19.6699
19.6558
19.6498
19.6539
19.6124
19.6356
19.5202
19.5153
19.5517
19.5591
19.5779
19.6242
19.6442
19.6636
19.6567
19.683
19.6734
19.6837
19.6592
19.6422
19.6268
19.5843
19.5631
19.5053
19.531
19.5573
19.5575
19.5989
19.5109
19.4702
19.4897
19.46
19.4214
19.4761
19.4309
19.4567
19.4345
19.4351
19.4056
19.3757
19.3591
19.3544
19.3672
19.3955
19.4391
19.4284
19.4628
19.4829
19.4879
19.4882
19.4909
19.4949
19.4922
19.5563
19.5692
19.6247
19.6171
19.5672
19.5837
19.5891
19.5464
19.5687
19.5652
19.5653
19.5856
19.6235
19.6372
19.6824
19.6645
19.6752
19.6158
19.5957
19.6327
19.6328
19.6578
19.6314
19.6213
19.6654
19.6762
19.6798
19.6594
19.6885
19.6804
19.7114
19.7362
19.8006
19.8256
19.8158
19.8677
19.8524
19.8313
19.8245
19.8231
19.7521
19.7757
19.8181
19.7999
19.7081
19.703
19.708
19.6582
19.6624
19.6422
19.6199
19.6176
19.6005
19.6354
19.6405
19.6414
19.6223
19.636
19.6358
19.6325
19.5949
19.6082
19.6377
19.6457
19.6681
19.6323
19.677
19.6692
19.6369
19.5327
19.5761
19.5827
19.589
19.5587
19.5495
19.5575
19.514
19.5494
19.5776
19.6283
19.6096
19.5863
19.6088
19.5528
19.5747
19.5871
19.6398
19.642
19.6781
19.6978
19.6801
19.6767
19.6607
19.6643
19.6399
19.6609
19.6828
19.7281
19.7528
19.7445
19.7545
19.7563
19.843
19.8728
19.8996
19.9268
19.9433
19.9381
19.9383
19.9169
19.9142
19.9109
19.9127
19.9898
19.9367
19.9462
19.9587
19.9997
19.9876
19.9454
19.8819
19.8472
19.9024
19.8479
19.823
19.8665
19.8526
19.8566
19.8938
19.955
19.9672
19.9923
19.9802
19.9676
19.8909
19.8993
19.8951
19.8992
19.9498
19.9724
19.9796
20.0183
19.9963
19.9554
19.9362
19.923
19.9317
19.9093
19.8888
19.7959
19.7564
19.7446
19.7723
19.7317
19.7352
19.7344
19.7495
19.7086
19.7365
19.7435
19.7244
19.7729
19.7828
19.8312
19.8531
19.8342
19.848
19.8429
19.876
19.8443
19.8867
19.8799
19.9137
19.9305
19.9292
19.95
19.9394
19.8807
19.9116
19.9153
19.966
19.976
19.9391
19.9086
19.9173
19.9001
19.9428
19.9349
19.9015
19.8668
19.8623
19.8714
19.8602
19.9269
19.9392
19.9163
19.9233
19.9485
19.9591
19.9436
19.8913
19.934
19.901
19.8786
19.9013
19.8651
19.8982
19.8827
19.9059
19.9441
19.8723
19.8923
19.8832
19.9058
19.9023
19.9157
19.8952
19.8988
19.8389
19.8607
19.8895
19.8945
19.8618
19.8246
19.7528
19.7362
19.7749
19.7321
19.7573
19.7882
19.7314
19.7841
19.8373
19.851
19.8548
19.8822
19.9155
19.8617
19.8417
19.8582
19.8942
19.9003
19.9145
19.9205
19.8923
19.9121
19.8524
19.9096
19.9435
19.8768
19.8713
19.8638
19.863
19.8587
19.8432
19.7923
19.8256
19.8289
19.7222
19.7096
19.6606
19.6272
19.5823
19.6115
19.5446
19.4904
19.4789
19.4663
19.4577
19.423
19.4365
19.3835
19.4138
19.3686
19.3978
19.3969
19.4125
19.3641
19.3658
19.3657
19.4121
19.4134
19.4205
19.4057
19.41
19.3732
19.4115
19.4136
19.3578
19.3721
19.3142
19.3083
19.2834
19.3122
19.3304
19.3293
19.3582
19.3431
19.3472
19.373
19.3183
19.3256
19.2831
19.2957
19.2975
19.3065
19.3306
19.3481
19.3408
19.3112
19.3089
19.3452
19.3182
19.3663
19.3747
19.3574
19.3127
19.3695
19.4266
19.4241
19.4329
19.4479
19.487
19.4537
19.4519
19.4898
19.4526
19.4578
19.4765
19.4758
19.4877
19.5329
19.5141
19.5021
19.5025
19.489
19.5158
19.5063
19.4961
19.5379
19.5742
19.5756
19.5982
19.5986
19.6453
19.6631
19.7107
19.6802
19.6642
19.7027
19.718
19.7462
19.7438
19.6882
19.6411
19.6729
19.6663
19.6545
19.6738
19.5996
19.6178
19.6089
19.6024
19.5255
19.4957
19.5019
19.5478
19.5233
19.5454
19.4816
19.4394
19.431
19.4647
19.4534
19.4931
19.4294
19.4108
19.3971
19.4188
19.4505
19.4556
19.5028
19.547
19.575
19.5404
19.4948
19.5041
19.5125
19.4897
19.5222
19.5051
19.5304
19.5759
19.6254
19.5985
19.6355
19.6076
19.6129
19.6258
19.6351
19.5814
19.5298
19.4606
19.4709
19.4687
19.5192
19.4974
19.4472
19.4426
19.4045
19.3655
19.3764
19.3645
19.4111
19.3923
19.4385
19.4592
19.4753
19.4852
19.5195
19.5547
19.5853
19.5972
19.5961
19.5761
19.6145
19.5789
19.5817
19.5279
19.4671
19.4909
19.4822
19.4923
19.458
19.4185
19.4034
19.3417
19.3322
19.2239
19.2246
19.222
19.2616
19.2874
19.3046
19.3404
19.3351
19.3705
19.4081
19.4406
19.4313
19.3608
19.3389
19.3712
19.3968
19.4331
19.4156
19.4287
19.4415
19.4837
19.4366
19.3889
19.3896
19.378
19.4194
19.4091
19.4426
19.4656
19.4394
19.4041
19.3867
19.3655
19.3826
19.3648
19.3425
19.3698
19.4118
19.4455
19.4604
19.4944
19.5053
19.4616
19.498
19.4658
19.5003
19.5189
19.5394
19.5784
19.5006
19.4676
19.4139
19.4104
19.375
19.3848
19.3816
19.4067
19.3841
19.3576
19.3273
19.34
19.3844
19.4012
19.4153
19.3318
19.2979
19.2894
19.2833
19.2985
19.3377
19.3581
19.4056
19.4445
19.4543
19.4159
19.4097
19.4792
19.4965
19.5026
19.5137
19.4839
19.4585
19.4125
19.4208
19.4318
19.3433
19.3698
19.3971
19.4418
19.4486
19.4588
19.4607
19.432
19.4176
19.4131
19.4132
19.452
19.4352
19.3948
19.3557
19.3606
19.388
19.3883
19.3464
19.3534
19.3825
19.4305
19.3911
19.4228
19.4718
19.4889
19.4876
19.451
19.4551
19.4376
19.444
19.4392
19.4458
19.4925
19.4478
19.4317
19.4475
19.4863
19.4867
19.4863
19.4959
19.5334
19.5249
19.546
19.5659
19.6367
19.5895
19.6314
19.5714
19.5432
19.594
19.5563
19.5128
19.5061
19.4528
19.4683
19.5114
19.5018
19.4853
19.5217
19.5266
19.5202
19.4373
19.466
19.4929
19.4969
19.5143
19.5702
19.5365
19.4767
19.4839
19.4064
19.3428
19.3206
19.3243
19.3324
19.3068
19.359
19.3584
19.4007
19.453
19.4926
19.4936
19.5341
19.5027
19.5056
19.5104
19.5242
19.5571
19.5693
19.5522
19.5119
19.4916
19.5029
19.4678
19.4518
19.4676
19.5192
19.4888
19.4459
19.3663
19.3814
19.4256
19.4286
19.4023
19.3527
19.3546
19.322
19.2562
19.2418
19.2405
19.2117
19.2128
19.2096
19.1735
19.1253
19.0999
19.0909
19.1437
19.1733
19.1979
19.1205
19.1267
19.1493
19.1556
19.182
19.1748
19.1804
19.1477
19.1253
19.1354
19.1457
19.1825
19.1744
19.1879
19.1665
19.155
19.1444
19.0883
19.0357
19.0358
19.0705
19.1127
19.1222
19.1366
19.1281
19.1764
19.1198
19.0851
19.0796
19.0868
19.101
19.1414
19.1114
19.0966
19.0444
19.0815
19.1326
19.1777
19.2208
19.225
19.1408
19.1134
19.1469
19.151
19.1659
19.2039
19.218
19.1408
19.1027
19.1064
19.1156
19.1094
19.1157
19.0873
19.1095
19.1621
19.1758
19.2118
19.1959
19.2475
19.2786
19.2395
19.2678
19.2738
19.3053
19.309
19.3036
19.2751
19.3227
19.3082
19.3153
19.2959
19.3097
19.3014
19.3166
19.2735
19.296
19.2825
19.2797
19.3113
19.322
19.3319
19.2922
19.28
19.2913
19.2347
19.2832
19.2682
19.2338
19.2125
19.2005
19.1661
19.1351
19.0777
19.1131
19.08
19.051
19.0835
19.1083
19.1461
19.1477
19.1695
19.2266
19.2379
19.1886
19.1841
19.1921
19.2358
19.302
19.3517
19.308
19.296
19.3184
19.3637
19.3198
19.3133
19.2898
19.2931
19.2648
19.2986
19.3003
19.3142
19.2664
19.2296
19.2538
19.2717
19.3029
19.3397
19.371
19.3918
19.3352
19.3442
19.3534
19.3512
19.3189
19.3266
19.3365
19.3347
19.2669
19.262
19.2642
19.2695
19.2094
19.2159
19.2393
19.2558
19.2534
19.2211
19.1852
19.195
19.2244
19.1689
19.1969
19.2163
19.2147
19.1824
19.1824
19.1115
19.1415
19.1411
19.1197
19.1052
19.0882
19.1094
19.1218
19.1555
19.11
19.1032
19.0996
19.0619
19.0784
19.1245
19.1156
19.1375
19.1509
19.1558
19.1678
19.024
19.027
19.0345
19.0091
19.0387
19.0653
19.0473
19.0317
19.042
19.059
19.0677
19.0457
19.0716
19.075
19.0691
19.0868
19.0735
19.093
19.1159
19.1055
19.082
19.0931
19.0861
19.0145
19.0364
19.0408
18.9942
18.9703
18.9738
19.0104
19.0496
18.9979
19.0438
19.0435
19.0703
19.0622
19.0554
19.0397
19.0801
19.0956
19.1517
19.1446
19.1676
19.1827
19.1698
19.2466
19.2864
19.3049
19.3201
19.3592
19.3906
19.3808
19.4271
19.4579
19.4377
19.4935
19.4978
19.523
19.493
19.4927
19.4565
19.499
19.5069
19.4702
19.4283
19.4396
19.4094
19.4743
19.5189
19.4689
19.4552
19.4418
19.4715
19.455
19.4686
19.5188
19.5153
19.5303
19.5717
19.5973
19.6193
19.6091
19.6385
19.6465
19.6803
19.6586
19.6305
19.6289
19.6817
19.7156
19.6736
19.704
19.7126
19.7011
19.7017
19.7425
19.7824
19.7761
19.7959
19.753
19.7716
19.7128
19.7709
19.829
19.8502
19.7641
19.7948
19.7655
19.8145
19.8537
19.8871
19.914
19.8567
19.8399
19.8377
19.806
19.8456
19.851
19.8379
19.7865
19.7591
19.7496
19.7814
19.7602
19.754
19.709
19.6924
19.7123
19.7562
19.7692
19.7884
19.7727
19.7814
19.7904
19.7665
19.7976
19.8584
19.8488
19.8508
19.7671
19.7021
19.7462
19.719
19.7787
19.741
19.751
19.622
19.6831
19.7089
19.6643
19.6569
19.6644
19.6251
19.6185
19.5938
19.5429
19.478
19.4946
19.5126
19.5185
19.5519
19.5236
19.5409
19.5745
19.5318
19.526
19.4641
19.4316
19.374
19.3907
19.3723
19.376
19.3434
19.3191
19.3484
19.3293
19.3379
19.3646
19.333
19.3098
19.263
19.1533
19.1429
19.1843
19.1546
19.1941
19.1467
19.1296
19.1453
19.1293
19.0949
19.0896
19.0741
19.0682
19.0436
19.0049
19.0059
19.0153
19.0283
18.9998
18.9605
18.9606
18.9301
18.8989
18.944
18.955
18.9398
18.9719
18.9705
19.0082
19.048
18.972
19.012
19.0184
19.0066
19.0426
19.0658
19.0329
19.0276
18.9739
18.9559
18.969
18.9513
18.9521
18.9374
18.9179
18.8391
18.8232
18.8096
18.8215
18.7988
18.7853
18.811
18.8428
18.8708
18.8859
18.9121
18.8997
18.8998
18.946
18.8804
18.8674
18.8122
18.8284
18.8465
18.8857
18.8906
18.8721
18.8703
18.8987
18.9096
18.9132
18.9156
18.8994
18.9188
18.9144
18.8919
18.9129
18.9445
18.9588
18.9773
19.0102
18.9912
19.0242
19.0528
19.0642
19.0898
19.1001
19.0779
19.1078
19.1458
19.1672
19.1788
19.193
19.2201
19.1514
19.0979
19.0811
19.0552
19.0716
19.1066
19.1574
19.172
19.1821
19.1539
19.1634
19.1659
19.1938
19.2363
19.2507
19.2318
19.2704
19.3061
19.3558
19.376
19.4002
19.424
19.4292
19.349
19.372
19.4269
19.4205
19.35
19.2579
19.2103
19.2162
19.1767
19.2045
19.2177
19.2411
19.2485
19.1862
19.1182
19.0624
19.0989
19.0793
19.0888
19.1315
19.1354
19.1531
19.1415
19.1689
19.1482
19.1401
19.1107
19.1355
19.097
19.0954
19.0434
19.0485
19.0287
19.0811
19.0662
19.0793
19.0743
19.0851
19.0992
19.1103
19.1403
19.1366
19.1716
19.2094
19.2159
19.2381
19.2199
19.2721
19.2567
19.2882
19.3125
19.3592
19.3934
19.3763
19.3614
19.3872
19.4032
19.3505
19.3683
19.3987
19.4432
19.4813
19.4778
19.4933
19.5156
19.5001
19.5218
19.5002
19.498
19.5374
19.4949
19.4945
19.4752
19.5035
19.5071
19.5418
19.5088
19.5211
19.5652
19.568
19.5685
19.6275
19.6182
19.6077
19.6222
19.5813
19.6408
19.5829
19.5722
19.5536
19.5698
19.4858
19.5074
19.5167
19.5214
19.4858
19.4712
19.4895
19.5122
19.5017
19.4619
19.4372
19.4707
19.4751
19.5034
19.4713
19.4943
19.5056
19.4533
19.4753
19.4974
19.5009
19.5131
19.5188
19.4775
19.4944
19.5383
19.5715
19.5801
19.6177
19.6256
19.6031
19.5251
19.5498
19.5525
19.546
19.5752
19.5856
19.6121
19.6271
19.6238
19.6218
19.5916
19.5999
19.5203
19.4911
19.5423
19.5411
19.4921
19.5173
19.5245
19.5487
19.6003
19.6325
19.6726
19.6187
19.5992
19.5633
19.5866
19.566
19.5112
19.514
19.5364
19.5043
19.4942
19.4763
19.4908
19.4612
19.4393
19.428
19.449
19.4335
19.4161
19.4198
19.449
19.3861
19.3976
19.37
19.3781
19.3896
19.3846
19.425
19.3722
19.3533
19.3257
19.3008
19.2482
19.2584
19.2974
19.344
19.4256
19.4427
19.3835
19.3632
19.3558
19.3156
19.3104
19.3085
19.2566
19.2122
19.1769
19.1811
19.1594
19.1958
19.1767
19.1605
19.1599
19.1677
19.1197
19.1049
19.0837
19.0914
19.0349
19.006
19.0358
19.0625
19.0558
19.0821
19.1036
19.1247
19.1153
19.1208
19.1288
19.161
19.1545
19.1522
19.1889
19.1834
19.1765
19.1908
19.2333
19.2398
19.1987
19.2046
19.2165
19.1612
19.1821
19.1729
19.213
19.2141
19.2087
19.1936
19.194
19.1634
19.147
19.0812
19.0942
19.0782
19.0856
19.1199
19.1121
19.132
19.2066
19.1838
19.1051
19.1381
19.1703
19.1231
19.0827
19.0314
19.0333
19.0431
19.0461
18.9954
19.0486
19.0436
19.0175
19.0432
19.0391
19.0319
19.0455
19.0496
19.0245
18.9946
19.0219
19.0763
19.0636
19.028
18.9777
18.956
18.9354
18.9776
18.9696
18.9185
18.9647
18.9733
19.0051
19.0078
19.0176
19.0134
19.0083
19.0192
19.0377
18.9965
19.0014
19.0284
18.9628
19.0071
18.9611
18.9412
18.9246
18.9029
18.9011
18.8836
18.8312
18.7727
18.8062
18.8119
18.7645
18.7643
18.8042
18.868
18.8113
18.863
18.8558
18.9032
18.9121
18.9641
18.9868
18.9834
18.9996
19.0188
19.0136
19.0329
19.0321
19.0006
18.9951
19.009
19.0656
19.0382
19.018
19.0157
19.0084
19.0128
19.0841
19.0487
19.0951
19.1424
19.1388
19.1419
19.1799
19.2071
19.2025
19.2289
19.2909
19.3013
19.302
19.3328
19.3536
19.4077
19.4641
19.4794
19.494
19.4565
19.5223
19.5027
19.519
19.5213
19.5427
19.561
19.5584
19.5866
19.6336
19.633
19.5984
19.6026
19.6279
19.6471
19.6702
19.6494
19.5743
19.5731
19.5662
19.5788
19.5758
19.5599
19.5871
19.6155
19.5941
19.6051
19.5939
19.6064
19.5923
19.6107
19.6272
19.6407
19.5926
19.5462
19.5508
19.4546
19.4364
19.4686
19.505
19.52
19.5503
19.5496
19.5855
19.614
19.6631
19.6333
19.6619
19.6889
19.6927
19.7075
19.6645
19.6294
19.6294
19.6096
19.6118
19.6608
19.6513
19.6184
19.6027
19.6004
19.5896
19.6291
19.5855
19.635
19.64
19.6319
19.5759
19.5384
19.6151
19.6203
19.5957
19.5929
19.6043
19.5881
19.5883
19.5814
19.5833
19.53
19.5192
19.5126
19.5276
19.5138
19.5088
19.49
19.5131
19.4268
19.3663
19.3673
19.3698
19.3591
19.3962
19.415
19.3878
19.3773
19.408
19.428
19.482
19.4635
19.5012
19.5205
19.5559
19.6157
19.6124
19.5935
19.6274
19.5904
19.6033
19.6173
19.6633
19.6425
19.6534
19.674
19.7048
19.7446
19.7161
19.6873
19.6962
19.6442
19.6482
19.5866
19.5963
19.5789
19.5711
19.4778
19.5117
19.4858
19.485
19.4915
19.4926
19.5222
19.5045
19.4832
19.4537
19.4071
19.4085
19.4453
19.4912
19.4773
19.487
19.4135
19.472
19.4368
19.4459
19.4492
19.4011
19.3918
19.4002
19.3858
19.421
19.4352
19.3966
19.3712
19.3977
19.4067
19.4011
19.4037
19.4407
19.4733
19.4939
19.5192
19.5415
19.5581
19.5707
19.6156
19.602
19.5711
19.6259
19.6342
19.563
19.5468
19.5814
19.5982
19.5544
19.5666
19.5444
19.5009
19.5091
19.4999
19.4322
19.3956
19.3596
19.3344
19.3124
19.3211
19.3106
19.2797
19.2728
19.2993
19.254
19.2047
19.1631
19.1477
19.1451
19.1469
19.1433
19.1386
19.1218
19.1329
19.1719
19.1173
19.1366
19.1843
19.1875
19.201
19.1969
19.2245
19.2698
19.3018
19.2592
19.2444
19.2103
19.2195
19.2392
19.2227
19.2391
19.2421
19.231
19.2433
19.2601
19.2865
19.2746
19.2266
19.2505
19.317
19.3296
19.3175
19.3535
19.3796
19.323
19.2854
19.3361
19.3427
19.3878
19.3647
19.3697
19.3426
19.3543
19.3862
19.452
19.4175
19.3953
19.441
19.3788
19.3794
19.4163
19.4271
19.4621
19.4444
19.4751
19.4317
19.4838
19.5316
19.5548
19.5428
19.558
19.572
19.5919
19.5893
19.5942
19.585
19.5563
19.4988
19.4291
19.4188
19.4118
19.4051
19.357
19.346
19.36
19.3977
19.3778
19.3706
19.3725
19.3851
19.3762
19.4021
19.3638
19.3572
19.28
19.2586
19.2807
19.258
19.303
19.3587
19.3054
19.3367
19.3424
19.3569
19.3447
19.383
19.4067
19.3481
19.3717
19.3872
19.3394
19.3734
19.3781
19.4263
19.3975
19.4202
19.3904
19.3626
19.354
19.3455
19.3597
19.3432
19.3064
19.3624
19.3333
19.283
19.2097
19.1738
19.2031
19.1432
19.1856
19.2148
19.1842
19.1934
19.2414
19.2167
19.278
19.3319
19.2412
19.2395
19.2518
19.2295
19.2117
19.2407
19.2579
19.3278
19.3593
19.3162
19.3824
19.3561
19.3981
19.3419
19.3541
19.3645
19.345
19.2751
19.2611
19.2699
19.2597
19.3334
19.3041
19.2858
19.2943
19.3126
19.3424
19.3752
19.3874
19.2715
19.2471
19.2692
19.2839
19.2975
19.3375
19.3167
19.3269
19.2493
19.2122
19.2247
19.2704
19.263
19.2599
19.2587
19.1923
19.1576
19.1542
19.1757
19.2357
19.2675
19.2701
19.2813
19.323
19.3672
19.3549
19.3538
19.3633
19.3508
19.3913
19.3716
19.3296
19.2855
19.276
19.2704
19.2267
19.1924
19.2117
19.2234
19.2079
19.1784
19.1972
19.1635
19.1904
19.1908
19.2002
19.1239
19.0661
19.1001
19.1031
19.0994
19.0745
19.0671
19.0161
18.9526
18.9095
18.9371
18.951
18.905
18.9492
18.9432
18.9309
18.8855
18.9219
18.9374
18.9216
18.9303
18.9451
18.9646
18.9189
18.9332
18.8615
18.8195
18.7995
18.7951
18.844
18.879
18.9078
18.9184
18.9101
18.9358
18.9116
18.9753
18.9659
18.9704
18.945
18.9939
18.9806
18.9851
18.9367
18.917
18.9249
18.9405
18.9524
18.9663
18.9544
18.9598
18.9989
19.0412
19.0518
19.0103
19.0257
19.0081
19.0182
18.9643
19.0048
18.9813
18.9709
18.9485
18.9552
18.9693
18.9923
19.0541
19.0105
18.968
18.9699
18.9831
18.9705
18.9487
18.9544
18.9577
18.9692
18.9848
19.0194
18.9853
19.0313
19.0025
19.0187
19.0176
19.041
19.0778
19.0802
19.1206
19.0793
19.0786
19.1335
19.133
19.1883
19.169
19.1756
19.1232
19.1302
19.1458
19.1271
19.176
19.211
19.2785
19.2709
19.2873
19.3298
19.3629
19.4131
19.4874
19.4703
19.4857
19.49
19.47
19.4313
19.3952
19.3566
19.3721
19.3415
19.3592
19.3701
19.3439
19.3801
19.3906
19.4224
19.4323
19.4254
19.5071
19.5482
19.5531
19.5352
19.5373
19.6276
19.5955
19.5741
19.5822
19.5644
19.5432
19.5634
19.5666
19.4909
19.498
19.4571
19.4266
19.4185
19.4362
19.4514
19.4459
19.3888
19.4486
19.4255
19.3803
19.3345
19.296
19.2557
19.2259
19.1853
19.1073
19.1226
19.0972
19.1312
19.1242
19.145
19.168
19.1313
19.1582
19.1647
19.1689
19.1758
19.2028
19.2316
19.1987
19.1959
19.1834
19.1909
19.2284
19.2693
19.2735
19.2766
19.258
19.2542
19.2374
19.198
19.24
19.2016
19.2076
19.2337
19.2232
19.2588
19.2915
19.2529
19.2187
19.1973
19.1401
19.171
19.1485
19.0348
18.9923
18.9857
19.0092
18.9844
18.9826
18.9783
19.0283
19.032
18.9773
19.0042
18.9618
18.9502
18.9709
18.979
18.8963
18.9169
18.9283
18.9455
18.9268
18.9299
18.9785
18.937
18.8805
18.7833
18.7872
18.8014
18.8255
18.8221
18.8559
18.8553
18.8253
18.8566
18.7708
18.7829
18.7669
18.8055
18.7425
18.7095
18.7178
18.7326
18.7059
18.5973
18.5925
18.5249
18.5081
18.4904
18.5224
18.4759
18.4991
18.4779
18.5083
18.4795
18.4494
18.4993
18.4803
18.4902
18.5199
18.5015
18.5447
18.5892
18.518
18.5151
18.5352
18.5019
18.515
18.48
18.4289
18.4473
18.4603
18.4807
18.5237
18.5171
18.5473
18.5433
18.4726
18.5112
18.5153
18.518
18.5352
18.5114
18.4811
18.5143
18.5341
18.5496
18.591
18.6106
18.6638
18.6623
18.6626
18.6875
18.7354
18.7582
18.7199
18.7379
18.7478
18.7857
18.756
18.7596
18.7934
18.7908
18.7691
18.7855
18.7203
18.6636
18.7017
18.699
18.6634
18.5963
18.6221
18.6675
18.681
18.7013
18.7556
18.7522
18.7743
18.7891
18.8318
18.8481
18.8611
18.9025
18.875
18.8574
18.8715
18.8692
18.8877
18.9015
18.8708
18.88
18.9169
18.9425
18.9479
18.9546
18.9627
18.9551
18.9271
18.9338
18.915
18.8395
18.843
18.8369
18.8908
18.8527
18.8739
18.8663
18.8756
18.8914
18.8748
18.8499
18.8689
18.9261
18.9518
18.9665
18.9526
18.9539
18.976
18.9805
18.9691
18.973
18.9918
18.9371
18.9322
18.9373
18.9274
18.9577
18.8517
18.8319
18.8151
18.81
18.8434
18.8221
18.769
18.7672
18.8244
18.8547
18.8606
18.8763
18.8769
18.8475
18.8695
18.8763
18.8694
18.9239
18.918
18.9342
18.9259
18.8857
18.8834
18.9104
18.8818
18.8581
18.9012
18.9048
18.9223
18.985
19.0002
18.9894
18.9845
19.015
19.0179
18.977
18.9924
18.9917
19.0079
18.9908
18.976
18.9808
19.0004
19.0003
19.0565
19.0085
18.9803
19.0145
19.0901
19.0567
19.0259
18.9888
19.0051
19.0243
19.028
19.0686
19.0702
19.0734
19.069
19.0688
19.0254
18.9567
18.9746
18.9981
18.9744
18.9935
18.9806
18.988
19.0267
18.9999
19.0157
19.0309
19.0029
19.0267
19.022
19.0633
19.0678
19.114
19.1239
19.15
19.1546
19.0744
19.0629
19.0714
19.0329
18.9798
18.9646
19.001
19.032
19.0297
19.0001
18.9369
18.9386
18.9329
18.8974
18.9445
18.9644
18.9845
18.9719
18.9921
19.034
19.0352
19.0018
18.9903
19.0173
18.9666
18.9421
18.9308
18.9424
18.9467
18.9782
18.9778
19.0222
19.0146
18.9953
18.9997
18.956
18.9161
18.9498
18.9515
18.8991
18.886
18.91
18.9342
18.9383
18.9775
19.0105
18.9868
18.9793
18.987
18.9644
18.9818
18.9604
18.9484
18.979
18.9785
18.8897
18.8858
18.9067
18.8453
18.8384
18.8753
18.861
18.8553
18.8245
18.8782
18.9291
18.9481
18.9577
18.9698
18.9797
18.9962
18.9676
19.0113
19.0413
19.0922
19.0351
19.0733
19.0178
19.0112
19.0221
19.0561
19.0446
19.0775
19.1006
19.1408
19.1447
19.118
19.1287
19.152
19.1202
19.0756
19.0706
19.1352
19.1292
19.1559
19.081
19.1513
19.1845
19.2222
19.1973
19.2019
19.1854
19.1293
19.109
19.0772
19.0947
19.1142
19.167
19.1274
19.1099
19.101
19.053
19.0409
19.0428
19.1176
19.0999
19.1058
19.145
19.0442
18.9861
18.946
18.999
18.9695
18.9626
19.0025
19.0272
19.0128
19.0205
19.0415
19.0346
19.0583
19.0444
19.0505
19.0573
19.0953
19.1283
19.1177
19.1699
19.2083
19.2308
19.2274
19.1561
19.1617
19.1371
19.0974
19.1483
19.1445
19.0851
19.0964
19.0872
19.1413
19.1285
19.1148
19.1166
19.112
19.1475
19.1317
19.1765
19.1856
19.1631
19.2052
19.1803
19.1632
19.1373
19.1095
19.1198
19.1453
19.1198
19.09
19.0438
19.0843
19.1046
19.0762
19.1164
19.0912
19.1205
19.1155
19.1197
19.1256
19.1328
19.1987
19.2289
19.2641
19.3351
19.3818
19.4191
19.424
19.4262
19.4273
19.3738
19.3811
19.4363
19.4606
19.4804
19.4901
19.5215
19.5436
19.5094
19.4903
19.4934
19.4345
19.4753
19.4274
19.459
19.4627
19.4686
19.4918
19.4161
19.3671
19.3946
19.4394
19.4197
19.4476
19.4796
19.4752
19.48
19.4117
19.428
19.419
19.4011
19.3608
19.335
19.4196
19.373
19.3775
19.3251
19.2105
19.2
19.1832
19.221
19.2631
19.2428
19.2744
19.2177
19.209
19.2278
19.2419
19.2737
19.2756
19.3102
19.3028
19.3271
19.3603
19.3991
19.4228
19.439
19.4032
19.3714
19.4341
19.4892
19.4998
19.4565
19.4639
19.384
19.4052
19.3562
19.3427
19.2799
19.3028
19.3541
19.3693
19.3703
19.3768
19.3844
19.3886
19.3782
19.3686
19.3633
19.3651
19.3787
19.4034
19.3993
19.4112
19.37
19.337
19.2551
19.2646
19.2592
19.3069
19.2962
19.2988
19.2359
19.2019
19.1963
19.2021
19.1866
19.1985
19.2266
19.2286
19.2651
19.1977
19.2498
19.2164
19.1837
19.139
19.156
19.1655
19.1822
19.1813
19.2141
19.1952
19.1743
19.0954
19.0779
19.0395
19.056
19.0628
19.0665
19.1063
19.1425
19.1015
19.0937
19.0746
19.1237
19.0663
19.0457
18.9921
18.991
18.9771
18.9363
18.9774
18.9579
18.9012
18.9306
18.9749
18.9728
18.986
18.9954
19.0625
19.0973
19.1054
19.1342
19.0759
19.1335
19.1312
19.1341
19.1395
19.1199
19.117
19.0567
19.0505
19.0684
19.0859
19.0645
19.0168
19.0563
19.0535
19.055
18.9982
18.9977
19.0177
19.0424
19.0527
19.0699
19.0478
19.111
19.116
19.0968
19.0509
19.0797
19.0964
19.0339
18.9884
18.9829
18.9796
18.9786
18.9812
18.9361
18.9402
18.9537
18.9046
18.8772
18.8611
18.868
18.8854
18.9513
18.9194
18.8748
18.8796
18.8831
18.9058
18.9386
18.9871
19.0174
19.0479
18.9993
19.0394
19.0204
19.0768
19.1149
19.1192
19.1256
19.1708
19.1081
19.0968
19.1211
19.0036
19.0038
19.0111
19.028
19.0553
19.0872
19.0738
19.0651
19.0238
19.0454
19.1068
19.093
19.1017
19.0779
19.0397
19.0514
19.1211
19.1429
19.1445
19.1306
19.1193
19.1067
19.1484
19.196
19.1692
19.1832
19.1779
19.1661
19.1155
19.1165
19.111
19.1484
19.1127
19.1218
19.1123
19.1069
19.1759
19.1566
19.1688
19.1646
19.0766
19.0639
19.0727
19.0642
19.0248
19.0296
18.971
18.9029
18.9134
18.9668
19.0406
19.0025
18.9733
18.9262
18.931
18.9414
18.8996
18.8995
18.8872
18.9194
18.9329
18.8381
18.8215
18.8092
18.7831
18.7414
18.7007
18.7338
18.733
18.7253
18.7408
18.7309
18.6757
18.6744
18.7136
18.766
18.7769
18.7897
18.7928
18.8246
18.8088
18.8327
18.8205
18.7251
18.7253
18.698
18.746
18.6936
18.6827
18.6831
18.6698
18.6336
18.6099
18.5741
18.5837
18.6029
18.6216
18.554
18.5859
18.5837
18.5359
18.4412
18.427
18.4006
18.4471
18.4378
18.4758
18.4755
18.4985
18.5128
18.4728
18.4777
18.484
18.4703
18.483
18.5259
18.5531
18.5481
18.6142
18.6228
18.6316
18.6131
18.5841
18.5605
18.5844
18.6157
18.6097
18.6177
18.6117
18.5686
18.5237
18.5313
18.5819
18.5523
18.5249
18.5354
18.5241
18.5056
18.5153
18.5122
18.5797
18.5969
18.6007
18.581
18.5943
18.5346
18.4973
18.4536
18.472
18.4302
18.4289
18.4474
18.4963
18.4939
18.5071
18.5058
18.4963
18.5313
18.51
18.5589
18.5836
18.5284
18.5341
18.5513
18.5728
18.5548
18.5076
18.434
18.4699
18.4667
18.4846
18.468
18.4719
18.517
18.479
18.5044
18.5085
18.5347
18.5313
18.5069
18.4297
18.442
18.4722
18.4358
18.468
18.4407
18.4489
18.4104
18.4085
18.3719
18.3381
18.32
18.271
18.299
18.2649
18.3176
18.3319
18.3769
18.4195
18.449
18.4368
18.4472
18.4583
18.4785
18.4962
18.499
18.5433
18.5157
18.483
18.4885
18.5063
18.5239
18.5175
18.4757
18.5361
18.5649
18.5484
18.5447
18.5687
18.5744
18.5708
18.5623
18.5808
18.6017
18.6043
18.6104
18.6719
18.6889
18.6266
18.6357
18.5741
18.554
18.5501
18.5595
18.5755
18.64
18.5782
18.6288
18.5924
18.5425
18.5648
18.5996
18.6879
18.6877
18.7283
18.753
18.7498
18.7988
18.8066
18.7059
18.6824
18.6967
18.7321
18.7081
18.6943
18.6926
18.6904
18.6817
18.7038
18.6849
18.7015
18.7477
18.7745
18.8268
18.7672
18.7706
18.6826
18.6223
18.5661
18.5887
18.6593
18.6672
18.7022
18.6879
18.7112
18.7484
18.695
18.6599
18.7037
18.7156
18.7725
18.7558
18.7593
18.6862
18.6954
18.7365
18.8038
18.8152
18.7785
18.7749
18.7494
18.7481
18.7758
18.844
18.8341
18.8694
18.8689
18.8847
18.8995
18.933
18.9321
18.9423
18.904
18.9561
18.9733
19.0394
19.0283
19.0871
19.0557
19.0782
19.0391
18.9864
18.9868
18.9373
18.9811
19.0191
18.9772
19.0174
18.9541
18.9924
18.9968
18.9466
18.9833
18.9799
18.9875
18.9218
18.9373
18.9643
18.975
19.0055
18.991
19.0526
19.0419
19.0191
18.9687
19.0323
19.0359
18.9967
19.0302
18.9797
18.9999
18.985
18.9741
18.9954
19.0265
19.0633
19.1296
19.1365
19.0844
19.0761
19.1257
19.1422
19.1005
19.1493
19.1851
19.1771
19.2235
19.2198
19.1961
19.2248
19.1738
19.2013
19.1807
19.2126
19.0902
19.0592
19.0898
19.1236
19.1442
19.1435
19.1786
19.1543
19.188
19.1773
19.2256
19.2693
19.2389
19.2007
19.1873
19.1535
19.1431
19.144
19.1553
19.1786
19.1553
19.1315
19.1688
19.2151
19.2124
19.1976
19.1773
19.2174
19.1383
19.1634
19.2088
19.1777
19.1671
19.1795
19.1289
19.1044
19.115
19.0829
19.108
19.1028
19.0959
19.0718
19.0507
19.052
19.0865
19.0662
19.1118
19.082
19.1011
19.1217
19.1038
19.1523
19.0926
19.0287
19.0031
19.0121
18.985
19.0105
18.9765
19.0175
19.0375
19.0747
19.0393
19.0672
19.0986
19.1631
19.1848
19.1844
19.1777
19.1536
19.1916
19.1689
19.1922
19.1628
19.2089
19.2183
19.1962
19.1949
19.2277
19.2501
19.2865
19.2665
19.2624
19.2919
19.3242
19.4011
19.3947
19.396
19.3982
19.4046
19.3779
19.4418
19.4648
19.4971
19.4684
19.519
19.5519
19.5317
19.5916
19.5972
19.5496
19.5685
19.5683
19.5518
19.567
19.585
19.5276
19.4799
19.5046
19.5277
19.547
19.5805
19.514
19.5056
19.4772
19.5108
19.4954
19.5372
19.5613
19.6166
19.6733
19.5356
19.5473
19.4884
19.5033
19.5423
19.573
19.5059
19.5047
19.5494
19.543
19.5349
19.5488
19.5929
19.6185
19.5391
19.5393
19.516
19.4959
19.4691
19.4987
19.524
19.4989
19.4737
19.4772
19.4372
19.4416
19.3861
19.3856
19.4433
19.4729
19.454
19.4256
19.3796
19.3963
19.4096
19.4033
19.4252
19.4165
19.4035
19.3562
19.3569
19.3819
19.4221
19.4521
19.4233
19.4026
19.4463
19.3965
19.4317
19.4197
19.3887
19.3656
19.4109
19.4686
19.4746
19.4453
19.4042
19.3961
19.4272
19.4398
19.4248
19.4705
19.4231
19.4514
19.4454
19.4621
19.4745
19.4607
19.5184
19.5109
19.5467
19.5734
19.622
19.6588
19.6655
19.7102
19.7141
19.6831
19.672
19.6621
19.6315
19.6323
19.6723
19.6686
19.6697
19.683
19.6574
19.5934
19.5426
19.5393
19.5171
19.5093
19.5107
19.5339
19.5608
19.5816
19.5863
19.5763
19.565
19.6011
19.6014
19.5723
19.612
19.6423
19.6449
19.6754
19.6911
19.7189
19.7112
19.6447
19.6685
19.6887
19.6739
19.6569
19.6796
19.7146
19.7247
19.6949
19.7358
19.7143
19.7888
19.8487
19.8083
19.8157
19.8075
19.7657
19.7363
19.7452
19.6803
19.552
19.5217
19.4856
19.4677
19.4843
19.4686
19.4613
19.4625
19.5244
19.5598
19.557
19.5714
19.6124
19.6249
19.6475
19.6612
19.6603
19.7191
19.7365
19.6997
19.706
19.6897
19.7349
19.7646
19.78
19.798
19.8304
19.8674
19.8877
19.9124
19.9127
19.9589
20.0152
20.0023
19.9106
19.8645
19.8387
19.8141
19.8042
19.7865
19.7686
19.7052
19.6678
19.675
19.6964
19.6953
19.7656
19.8058
19.818
19.7963
19.7818
19.7554
19.7421
19.7488
19.7622
19.6471
19.642
19.6553
19.6346
19.6151
19.6255
19.5548
19.5072
19.461
19.4405
19.4114
19.4074
19.3724
19.3758
19.4137
19.4254
19.4856
19.4603
19.3875
19.338
19.3362
19.3193
19.3084
19.3246
19.2974
19.3233
19.324
19.2943
19.2055
19.1824
19.2009
19.1981
19.1601
19.167
19.2016
19.2098
19.2179
19.1868
19.1323
19.1321
19.0967
19.091
19.1384
19.1631
19.1175
19.1181
19.1626
19.1955
19.1998
19.1973
19.2028
19.2524
19.2669
19.303
19.3245
19.3522
19.3338
19.3098
19.2532
19.2135
19.2065
19.2109
19.2374
19.3003
19.2737
19.3009
19.1961
19.1917
19.2153
19.2594
19.2752
19.2264
19.1961
19.1662
19.1423
19.1776
19.2365
19.2522
19.1726
19.1707
19.1789
19.2029
19.206
19.2447
19.2771
19.2896
19.225
19.2203
19.1408
19.1389
19.1153
19.1564
19.1832
19.1743
19.225
19.2634
19.2815
19.3297
19.2922
19.2861
19.2358
19.2647
19.2359
19.2369
19.228
19.1203
19.1508
19.0917
19.0553
19.064
19.076
19.1126
19.1272
19.0659
19.0734
19.1054
19.0204
19.0161
18.9374
18.9545
18.9698
18.9946
18.9615
18.9815
18.9924
18.9767
18.9936
19.0227
18.9653
18.9249
18.8944
18.9098
18.9679
18.9502
18.8921
18.8885
18.8928
18.9461
18.9757
18.9636
18.9893
18.9672
18.9485
18.8868
18.8677
18.9006
18.9518
18.9743
18.9935
18.9738
18.974
18.9569
18.9922
18.9576
18.879
18.8745
18.846
18.8279
18.8346
18.868
18.8685
18.8497
18.8742
18.8424
18.8028
18.7971
18.8088
18.8065
18.8121
18.724
18.7322
18.77
18.8289
18.8169
18.8496
18.8016
18.7778
18.7432
18.7317
18.7132
18.7001
18.7275
18.7361
18.7455
18.735
18.7
18.7403
18.7565
18.771
18.7598
18.7478
18.8063
18.8567
18.8139
18.7993
18.8005
18.8287
18.8537
18.8839
18.9265
18.9309
18.9928
18.9662
18.9525
19.0087
19.0358
19.0597
19.1071
19.0709
19.1228
19.0292
18.9855
18.9202
18.8918
18.9159
18.8997
18.9128
18.9689
18.9553
18.9376
18.9491
18.9687
18.9345
19.0026
18.9826
18.9703
18.9362
18.9644
19.0062
19.0001
19.0117
19.0104
18.9737
18.9274
18.8806
18.8634
18.8618
18.9182
18.9353
18.8759
18.921
18.9171
18.8907
18.8312
18.8563
18.8589
18.9168
18.9111
18.8668
18.9131
18.9158
18.9164
18.8877
18.9097
18.9003
18.9159
18.9727
18.8997
18.9429
18.9375
18.9803
18.9438
18.895
18.8746
18.877
18.8832
18.903
18.8979
18.9057
18.9188
18.9351
18.8275
18.857
18.8902
18.9164
18.9317
18.9253
18.9348
18.9749
18.9746
19.0027
19.0349
18.9923
19.0197
19.0408
19.031
19.0064
18.944
18.9436
18.9287
18.9347
18.93
18.9798
18.9793
19.0124
18.9789
18.9635
19.0155
19.0209
19.0276
18.9955
19.0041
19.0436
19.0718
19.0663
19.0529
19.0052
18.9605
18.9475
18.9864
19.002
18.9906
19.0252
19.0473
19.0526
18.9894
19.0375
19.0568
19.1056
19.0604
19.0718
19.0887
19.1074
19.0881
19.0817
19.1269
19.1384
19.1696
19.1781
19.1977
19.1919
19.2039
19.1797
19.151
19.114
19.0851
19.0993
19.0996
19.1385
19.1124
19.113
19.1323
19.1603
19.1254
19.1311
19.1439
19.1341
19.1123
19.1698
19.1149
19.0801
19.1304
19.0687
19.0954
19.132
19.1321
19.1604
19.2033
19.2496
19.2603
19.2472
19.2464
19.2197
19.208
19.1331
19.1361
19.1676
19.1789
19.1488
19.1279
19.0604
19.0334
19.0441
19.0779
19.0496
19.0511
19.0777
19.1019
19.1271
19.1162
19.1202
19.1014
19.088
19.1371
19.1636
19.1266
19.09
19.0989
19.148
19.1605
19.0914
19.1146
19.1728
19.1803
19.1473
19.1039
19.1237
19.1015
19.0793
19.1198
19.1486
19.1903
19.2214
19.1788
19.2166
19.1996
19.1821
19.2194
19.1862
19.107
19.1195
19.1074
19.1367
19.0741
19.0872
19.0865
19.1361
19.094
19.0876
19.0854
19.0671
19.0411
19.0093
18.9369
18.9125
18.9275
18.9679
19.0196
19.0707
19.0661
19.0795
19.0264
19.0345
19.0316
19.0241
19.0494
19.0375
19.0215
19.0485
19.0206
19.083
19.0316
18.9599
18.9816
18.996
19.0522
19.0642
19.0534
19.0957
19.0854
19.1326
19.0991
19.0682
19.0436
18.9973
18.9566
18.9435
18.9595
18.9646
18.9568
18.977
18.9436
18.916
18.8898
18.9361
18.9469
18.9115
18.9305
18.9719
19.0167
19.046
19.1086
19.1009
19.0895
19.086
19.0709
19.079
19.0236
19.0451
18.9716
18.9972
19.0163
19.0088
18.9987
18.9821
19.0166
18.9637
18.9288
18.9555
18.9713
18.9233
18.884
18.901
18.8551
18.8745
18.9091
18.9343
18.8348
18.7618
18.7093
18.7083
18.7308
18.7497
18.761
18.7841
18.8077
18.8191
18.8192
18.8499
18.8729
18.917
18.907
18.9764
18.9303
18.9173
18.9686
18.9079
18.9057
18.9123
18.9428
18.9679
18.9654
18.981
18.9723
18.9765
18.9647
18.9432
18.9191
18.9541
18.8651
18.885
18.9369
18.9179
18.8798
18.8891
18.8639
18.8107
18.8338
18.8725
18.8937
18.8614
18.8657
18.7702
18.7788
18.7735
18.7933
18.828
18.8018
18.8367
18.826
18.8521
18.8611
18.8598
18.8331
18.8276
18.8204
18.8414
18.8687
18.8777
18.9077
18.9746
18.9632
18.8903
18.9152
18.9309
18.9157
18.8905
18.9263
18.9444
18.9679
19.0005
19.0242
19.0427
19.023
19.0654
19.0261
19.0237
18.9944
19.0043
18.9522
18.9802
18.9979
19.0123
19.0473
19.0754
19.1068
19.028
19.034
19.0849
19.098
19.1211
19.1731
19.2007
19.1906
19.1667
19.1993
19.2602
19.2225
19.1904
19.1737
19.2173
19.2587
19.2102
19.2316
19.2179
19.2555
19.2143
19.1321
19.0951
19.0763
19.0605
19.0754
19.133
19.1396
19.0625
18.9914
19.0548
19.0954
19.0307
18.9771
18.9923
18.9948
18.9767
18.951
18.9687
18.991
18.9931
18.9896
19.0124
19.0156
19.0437
18.9689
18.9986
18.9728
18.9686
18.9489
18.9121
18.949
18.9316
18.9189
18.9942
18.9679
18.9624
18.9763
18.9917
19.0174
19.02
18.9102
18.9473
18.9548
18.9297
18.9663
18.8844
18.8974
18.834
18.8517
18.8456
18.8718
18.8546
18.8995
18.8877
18.8836
18.8465
18.7938
18.7646
18.8191
18.7481
18.7679
18.6754
18.7101
18.7294
18.6773
18.7036
18.7402
18.7347
18.7868
18.8001
18.8272
18.7928
18.7622
18.7751
18.746
18.7987
18.8265
18.7986
18.7974
18.8056
18.7809
18.7423
18.7692
18.7358
18.7588
18.7782
18.8024
18.7635
18.7476
18.7941
18.825
18.834
18.7954
18.805
18.7769
18.8143
18.8472
18.8568
18.8672
18.8901
18.8768
18.9345
18.9668
18.9539
18.9415
18.9273
18.9163
18.9586
18.9475
18.954
18.996
19.0269
19.0756
19.0901
19.0976
19.1146
19.1308
19.1593
19.1443
19.1593
19.1274
19.173
19.1615
19.2105
19.2859
19.3047
19.3619
19.3796
19.3968
19.4046
19.389
19.4458
19.4381
19.4603
19.4263
19.3579
19.3687
19.3653
19.3407
19.3223
19.3053
19.2681
19.246
19.2339
19.2049
19.2116
19.2295
19.2306
19.2228
19.2388
19.2794
19.2829
19.3501
19.3569
19.2843
19.2893
19.2854
19.3077
19.3273
19.3426
19.3673
19.3657
19.4019
19.4015
19.3859
19.4311
19.4084
19.3933
19.4082
19.4248
19.455
19.457
19.4723
19.471
19.5278
19.5164
19.5686
19.5006
19.4657
19.4537
19.4227
19.453
19.4892
19.4489
19.3308
19.2757
19.2875
19.3094
19.2833
19.2579
19.2804
19.3181
19.255
19.2349
19.2339
19.2661
19.2771
19.2859
19.3112
19.3207
19.2593
19.3076
19.2635
19.2795
19.2465
19.2463
19.1907
19.1921
19.0975
19.127
19.1348
19.1935
19.232
19.1905
19.2073
19.2467
19.249
19.2747
19.2178
19.2366
19.2009
19.1263
19.1232
19.0795
19.1155
19.1626
19.1462
19.1396
19.1376
19.1353
19.0786
19.093
19.0724
19.1138
19.0888
19.1003
19.1079
19.0993
19.1204
19.1065
19.1319
19.1445
19.1551
19.1196
19.1004
19.0769
19.0463
19.078
19.0487
19.0227
19.019
19.0073
18.9805
18.9545
18.9481
18.9664
18.9977
19.0119
19.0493
18.9794
18.88
18.924
18.9768
19.0055
19.0273
19.0356
19.0722
19.1224
19.087
19.0935
19.1185
19.1555
19.182
19.1789
19.1838
19.1754
19.0684
19.0939
19.0866
19.1151
19.1622
19.1404
19.142
19.089
19.0943
19.0536
19.0749
19.0936
19.1065
19.1095
19.0753
19.0595
19.0075
19.0328
18.9928
19.0214
19.0694
19.108
19.1034
19.0686
19.0839
19.0948
19.1162
19.1224
19.1448
19.1984
19.1895
19.231
19.2839
19.3008
19.2768
19.2137
19.2586
19.1806
19.2315
19.2227
19.2001
19.203
19.2496
19.2788
19.2809
19.3023
19.3154
19.3715
19.414
19.4488
19.4259
19.4212
19.4121
19.446
19.5008
19.5232
19.5026
19.4438
19.3903
19.4633
19.4845
19.5071
19.5589
19.5477
19.5551
19.5563
19.5763
19.58
19.5981
19.5587
19.5643
19.5335
19.5156
19.4726
19.4869
19.4717
19.4207
19.4142
19.4015
19.4274
19.3803
19.3903
19.43
19.5003
19.5415
19.5551
19.4843
19.5311
19.5474
19.4909
19.4617
19.4597
19.4653
19.4687
19.4323
19.4749
19.4827
19.4945
19.4718
19.4587
19.4476
19.4644
19.4508
19.4569
19.4279
19.3645
19.3086
19.3465
19.34
19.3234
19.3325
19.332
19.3985
19.4157
19.3944
19.3832
19.3483
19.422
19.3584
19.4047
19.4474
19.444
19.4421
19.3993
19.4431
19.416
19.479
19.4985
19.4852
19.5374
19.5889
19.598
19.5978
19.6175
19.6188
19.6617
19.7251
19.7167
19.7305
19.6331
19.6811
19.699
19.7173
19.6753
19.7077
19.7422
19.7611
19.7071
19.7521
19.7159
19.7048
19.6777
19.6962
19.7162
19.7072
19.766
19.7878
19.8007
19.7971
19.803
19.785
19.7811
19.7419
19.7772
19.7858
19.796
19.7937
19.7261
19.7251
19.7052
19.6815
19.718
19.7195
19.6869
19.7179
19.7086
19.6548
19.6616
19.6204
19.6473
19.6004
19.5666
19.5937
19.6072
19.6311
19.6644
19.6632
19.6739
19.64
19.6806
19.6994
19.7121
19.6654
19.728
19.7194
19.738
19.7297
19.6455
19.5351
19.5811
19.5521
19.5098
19.4909
19.5535
19.5304
19.5109
19.5002
19.5036
19.4979
19.5054
19.5124
19.4857
19.5131
19.5408
19.5259
19.584
19.5906
19.5733
19.518
19.4972
19.551
19.5749
19.6102
19.6355
19.6601
19.654
19.6722
19.7023
19.7337
19.7415
19.774
19.6641
19.6762
19.6245
19.602
19.5502
19.5414
19.5208
19.5661
19.5687
19.5926
19.598
19.5817
19.5842
19.5548
19.5608
19.5223
19.515
19.4927
19.5458
19.584
19.6104
19.5837
19.5106
19.5428
19.5488
19.5312
19.4696
19.4786
19.5017
19.4609
19.4536
19.4603
19.466
19.452
19.4725
19.4228
19.4221
19.3731
19.3471
19.3739
19.4052
19.4057
19.4156
19.3531
19.418
19.4183
19.3642
19.4049
19.4647
19.4809
19.4382
19.4397
19.4004
19.3836
19.3828
19.3955
19.3577
19.3963
19.3981
19.4128
19.4501
19.4141
19.4193
19.4046
19.3997
19.4531
19.4855
19.504
19.4628
19.4584
19.4924
19.4592
19.4647
19.463
19.4485
19.358
19.3924
19.4266
19.4236
19.398
19.3829
19.3682
19.406
19.4299
19.383
19.4306
19.4664
19.4872
19.4868
19.4943
19.4874
19.4838
19.478
19.4884
19.4555
19.4623
19.4601
19.4173
19.4605
19.4143
19.4185
19.4691
19.4693
19.5055
19.4943
19.4648
19.5173
19.535
19.5821
19.5488
19.5744
19.5365
19.4299
19.4401
19.4249
19.4517
19.4522
19.4115
19.3376
19.3767
19.3429
19.3462
19.3366
19.3012
19.2757
19.3129
19.2952
19.3376
19.3739
19.3643
19.4052
19.3935
19.416
19.4225
19.4732
19.4362
19.4548
19.4285
19.398
19.389
19.4073
19.3736
19.3948
19.4012
19.4361
19.4611
19.4375
19.3794
19.3531
19.3201
19.3504
19.3297
19.3439
19.3169
19.3396
19.3604
19.3209
19.2871
19.318
19.2533
19.2873
19.2117
19.1986
19.1504
19.14
19.1249
19.1202
19.1469
19.1587
19.1476
19.0919
19.0845
18.991
19.0333
19.0395
18.9713
19.0245
19.0144
18.9872
18.9743
19.0036
19.0386
19.0642
19.0715
19.0879
19.0701
19.0972
19.0428
19.053
19.0627
19.0334
19.0553
19.0644
19.0978
19.0992
19.0598
19.074
19.0507
19.0792
19.0279
19.0404
19.0667
19.0315
19.0388
19.0239
19.043
19.0855
19.0988
19.1043
19.0874
19.0423
19.0808
19.1062
19.0538
19.0261
19.0033
18.9799
18.9756
18.9645
18.9666
18.9669
18.9605
18.9913
19.0415
19.0802
19.1057
19.0957
19.0562
19.0791
19.1291
19.1092
19.1289
19.1575
19.1201
19.1549
19.1257
19.1717
19.1771
19.1925
19.1907
19.1999
19.2162
19.2429
19.2385
19.2535
19.311
19.3021
19.3023
19.2646
19.3017
19.2709
19.2884
19.2951
19.3056
19.3237
19.3819
19.3727
19.3917
19.413
19.4076
19.4413
19.4465
19.4434
19.3545
19.3262
19.3543
19.3111
19.3552
19.3163
19.3237
19.3108
19.3241
19.3386
19.3553
19.3662
19.3906
19.3592
19.3769
19.4155
19.372
19.3737
19.3461
19.3357
19.352
19.3274
19.369
19.3724
19.4275
19.4467
19.4697
19.4859
19.5025
19.4954
19.5296
19.5811
19.5781
19.6343
19.6805
19.6678
19.6242
19.595
19.5852
19.5656
19.5678
19.5523
19.5401
19.5237
19.5507
19.587
19.5743
19.5867
19.5685
19.5553
19.5935
19.6267
19.6077
19.5653
19.5635
19.6232
19.6463
19.6835
19.7278
19.7459
19.7604
19.7127
19.7573
19.7649
19.7452
19.7621
19.7811
19.8443
19.8508
19.8903
19.8767
19.8948
19.7876
19.8027
19.7717
19.8224
19.7976
19.7508
19.7304
19.7597
19.7563
19.8091
19.7945
19.8356
19.8981
19.908
19.9492
19.9185
19.9051
19.9414
20.0005
20.0071
19.9964
19.9799
20.034
19.9596
19.9215
19.9663
19.9387
19.936
19.9637
20.0283
19.9577
19.9876
20.0054
20.0496
20.0729
20.1334
20.1361
20.1569
20.1208
20.0692
20.0317
20.0316
20.002
20.0085
20.0485
20.0559
20.0614
20.0519
20.0309
20.0564
20.0925
20.1036
20.0782
20.0336
20.0422
20.0899
20.0828
20.085
20.104
20.1566
20.1747
20.1442
20.1468
20.113
20.1147
20.1461
20.1654
20.1419
20.1365
20.0792
20.0827
20.116
20.1605
20.1121
20.1481
20.1881
20.1109
20.0803
20.1112
20.1469
20.1278
20.124
20.0966
20.0828
19.9501
19.9534
19.9883
20.0293
19.9913
20.0033
19.9888
19.9467
19.9667
19.8924
19.8767
19.8935
19.8196
19.7974
19.8154
19.8064
19.7923
19.778
19.7772
19.7316
19.7444
19.7611
19.7482
19.7779
19.7483
19.7294
19.6826
19.7338
19.7216
19.7048
19.6549
19.6676
19.7193
19.7606
19.7734
19.7626
19.7713
19.7956
19.8299
19.8322
19.8508
19.7927
19.8381
19.811
19.842
19.8646
19.9107
19.9069
19.8759
19.8614
19.9081
19.9444
19.9194
19.8957
19.8876
19.871
19.8939
19.8658
19.8122
19.8191
19.8137
19.8207
19.8465
19.8736
19.8227
19.7881
19.758
19.7891
19.8059
19.81
19.8313
19.8318
19.8018
19.6826
19.6996
19.676
19.6693
19.6702
19.6651
19.6261
19.5425
19.5455
19.5416
19.5561
19.5552
19.5612
19.5575
19.5499
19.5718
19.5578
19.5907
19.577
19.5382
19.5693
19.5643
19.5795
19.6091
19.6107
19.622
19.6157
19.6415
19.6598
19.6974
19.6635
19.6622
19.682
19.6666
19.6575
19.6594
19.6575
19.6117
19.6461
19.6811
19.6577
19.6761
19.6453
19.5972
19.5443
19.5329
19.5412
19.5847
19.5185
19.5201
19.5215
19.4999
19.5175
19.5593
19.554
19.5879
19.5625
19.5743
19.5492
19.5459
19.584
19.5841
19.604
19.6333
19.6675
19.6574
19.6288
19.6243
19.6782
19.6375
19.6877
19.6328
19.5687
19.5712
19.5544
19.4907
19.4861
19.445
19.4855
19.4849
19.4791
19.5114
19.5355
19.5539
19.5637
19.5698
19.5702
19.599
19.559
19.5844
19.6362
19.6378
19.6296
19.5894
19.5967
19.649
19.6343
19.6277
19.6583
19.6517
19.7079
19.733
19.7536
19.7895
19.7381
19.7649
19.6972
19.7379
19.7651
19.8076
19.7427
19.6997
19.589
19.5448
19.5233
19.5785
19.5963
19.5941
19.5952
19.6348
19.6836
19.6437
19.6757
19.6251
19.6231
19.6542
19.6715
19.6825
19.6982
19.6985
19.7127
19.749
19.752
19.72
19.7312
19.7737
19.7881
19.7579
19.8142
19.7964
19.864
19.8664
19.8668
19.8706
19.7855
19.7608
19.7627
19.7219
19.7358
19.7461
19.758
19.7274
19.7116
19.6247
19.6145
19.6493
19.5955
19.5282
19.5233
19.4851
19.4386
19.4467
19.4875
19.496
19.5446
19.5394
19.598
19.563
19.5891
19.5938
19.5277
19.5622
19.5509
19.5822
19.5914
19.634
19.6511
19.6217
19.6853
19.652
19.681
19.6926
19.7205
19.718
19.7047
19.7093
19.6727
19.6638
19.6283
19.6273
19.6444
19.5903
19.5827
19.6142
19.5679
19.6044
19.6049
19.6404
19.7091
19.6761
19.7144
19.7773
19.8104
19.8137
19.8164
19.7766
19.8034
19.822
19.8063
19.7376
19.6962
19.7498
19.716
19.7204
19.7269
19.6752
19.7013
19.7259
19.7456
19.6996
19.7222
19.7336
19.7519
19.681
19.7216
19.7011
19.6245
19.6082
19.6512
19.6728
19.6573
19.6794
19.6517
19.6748
19.7047
19.7265
19.7184
19.7289
19.7231
19.7232
19.7273
19.7068
19.7195
19.6983
19.725
19.7205
19.6941
19.702
19.7047
19.702
19.7405
19.7045
19.7172
19.7025
19.6804
19.697
19.6813
19.6988
19.678
19.6781
19.6388
19.6663
19.6659
19.6659
19.6625
19.6397
19.7023
19.7108
19.7024
19.6999
19.724
19.7276
19.7744
19.8007
19.8207
19.8167
19.8606
19.901
19.8715
19.8842
19.9319
19.8938
19.8596
19.8311
19.8511
19.8658
19.8964
19.8053
19.817
19.7572
19.7197
19.7611
19.8204
19.7786
19.6946
19.6914
19.6836
19.6865
19.6983
19.7154
19.7158
19.7104
19.7044
19.7266
19.7
19.6622
19.6725
19.6365
19.6256
19.6557
19.5909
19.6185
19.6045
19.6431
19.6189
19.5453
19.505
19.4826
19.5136
19.468
19.4931
19.4917
19.495
19.4775
19.4971
19.4993
19.4904
19.5152
19.5683
19.609
19.5431
19.5669
19.5216
19.4641
19.4528
19.4989
19.5383
19.4912
19.4845
19.4846
19.4827
19.4817
19.4201
19.4003
19.3694
19.3202
19.2722
19.3166
19.3128
19.3428
19.353
19.2838
19.2731
19.2676
19.3042
19.2356
19.2224
19.2243
19.2208
19.2856
19.2834
19.2745
19.313
19.3295
19.3631
19.3925
19.396
19.3353
19.3435
19.3251
19.3192
19.3358
19.3068
19.2776
19.2594
19.2512
19.2229
19.2207
19.2178
19.0911
19.0936
19.0718
19.0636
19.0518
19.0953
19.1139
19.0956
19.0711
19.0822
19.0592
19.1207
19.1354
19.1828
19.1901
19.177
19.1445
19.1661
19.1608
19.1176
19.0823
19.1374
19.1331
19.1543
19.1456
19.1529
19.2238
19.2788
19.3117
19.3609
19.3885
19.3524
19.3096
19.306
19.3628
19.396
19.4132
19.3798
19.423
19.4384
19.4258
19.4229
19.4004
19.446
19.3929
19.3059
19.2608
19.2601
19.2535
19.2853
19.331
19.3789
19.3376
19.3562
19.3909
19.3974
19.3847
19.4059
19.4374
19.419
19.3401
19.3676
19.362
19.3911
19.4112
19.3953
19.3645
19.3864
19.3996
19.4002
19.414
19.4582
19.443
19.3343
19.3259
19.3481
19.4072
19.4294
19.4184
19.3273
19.3189
19.2826
19.2875
19.2575
19.2826
19.2031
19.26
19.2712
19.2923
19.3152
19.3425
19.3259
19.3175
19.3696
19.3262
19.3049
19.3515
19.3239
19.3711
19.3865
19.4164
19.4492
19.3784
19.3857
19.4043
19.4618
19.4724
19.4461
19.4639
19.4513
19.4723
19.4728
19.4534
19.475
19.4608
19.4124
19.3873
19.3822
19.4499
19.4248
19.4073
19.4211
19.4191
19.4463
19.4738
19.4659
19.4814
19.4702
19.5067
19.5025
19.5156
19.4996
19.5204
19.5307
19.5182
19.4999
19.5409
19.575
19.5969
19.5665
19.5581
19.5145
19.4975
19.5284
19.5276
19.5149
19.554
19.5147
19.5438
19.5893
19.602
19.6247
19.6624
19.6439
19.6716
19.5639
19.5109
19.4866
19.4912
19.4031
19.3375
19.3113
19.3396
19.3287
19.371
19.3937
19.4114
19.395
19.3346
19.2963
19.2652
19.3214
19.374
19.3996
19.4232
19.3806
19.3254
19.3477
19.3903
19.3159
19.2702
19.2254
19.1709
19.1969
19.1712
19.1373
19.1075
19.165
19.2119
19.2038
19.1698
19.2251
19.2465
19.2652
19.2684
19.1989
19.1778
19.2119
19.1306
19.0515
19.0317
19.0736
19.1059
19.0977
19.0868
19.0916
19.142
19.1256
19.1349
19.1754
19.0972
19.1293
19.0725
19.065
19.1191
19.1383
19.1575
19.1546
19.1663
19.1441
19.1657
19.1106
19.1171
19.1214
19.1618
19.1643
19.2342
19.178
19.1497
19.108
19.088
19.0556
19.084
19.0867
19.1191
19.1033
19.1498
19.0521
19.0391
19.0215
19.0326
19.0512
19.0931
19.0798
19.0696
19.0833
19.1271
19.1023
19.1743
19.1759
19.18
19.1317
19.1053
19.1568
19.1802
19.1959
19.2281
19.2158
19.2623
19.2303
19.2754
19.233
19.2232
19.2233
19.2768
19.3234
19.3456
19.3097
19.3097
19.2816
19.264
19.2323
19.235
19.2848
19.2999
19.2763
19.2832
19.2283
19.2258
19.1687
19.1856
19.1941
19.1413
19.1111
19.1286
19.1838
19.1213
19.1053
19.1315
19.1722
19.175
19.1639
19.1513
19.1843
19.1911
19.1952
19.1816
19.1898
19.1437
19.1741
19.1689
19.2384
19.1995
19.2032
19.238
19.2569
19.2395
19.1746
19.1644
19.1764
19.1744
19.1742
19.1754
19.1214
19.1846
19.1836
19.2028
19.1882
19.2221
19.2244
19.1568
19.2072
19.2364
19.204
19.2282
19.2242
19.2395
19.1868
19.2061
19.2416
19.2489
19.2742
19.2442
19.1805
19.2006
19.2017
19.1463
19.1409
19.1539
19.157
19.1286
19.1215
19.0969
19.1073
19.0702
19.0783
19.0993
19.114
19.1435
19.192
19.2055
19.1894
19.1478
19.1683
19.1673
19.1391
19.0749
18.9918
18.9416
18.9443
18.9295
18.9604
18.9575
18.9916
19.0068
19.0356
19.0365
19.0206
19.0132
19.0092
19.0237
19.0286
19.03
19.0396
18.984
19.0273
19.0473
19.0931
19.0944
19.1041
19.0806
19.0942
19.1137
19.1881
19.2265
19.2373
19.2615
19.2548
19.2836
19.3
19.3218
19.3691
19.401
19.4602
19.4675
19.5022
19.5116
19.511
19.4764
19.4691
19.4313
19.4701
19.4159
19.4208
19.3894
19.3985
19.3875
19.3338
19.3086
19.2566
19.2847
19.2405
19.2407
19.2567
19.2273
19.1694
19.2007
19.2002
19.2364
19.2663
19.2248
19.2389
19.1888
19.1762
19.1576
19.1632
19.1277
19.1808
19.1534
19.1696
19.2176
19.2279
19.2349
19.21
19.2295
19.237
19.2611
19.2501
19.204
19.1603
19.079
19.0922
19.1084
19.103
19.0776
19.0744
19.0016
19.0127
18.9793
18.9662
18.9834
19.0324
19.0299
19.0349
19.0332
19.0223
19.0614
19.0349
19.0037
19.0105
19.0379
19.0352
18.9603
18.937
19.009
19.0351
19.0529
19.0557
19.0536
19.059
19.1212
19.1348
19.1227
19.0597
19.0291
19.017
19.053
19.0971
19.1146
19.126
19.1127
19.134
19.1759
19.1494
19.1453
19.1376
19.1839
19.1837
19.1929
19.1464
19.0895
19.1431
19.1258
19.1784
19.1685
19.1982
19.2127
19.2326
19.2641
19.2749
19.2513
19.1621
19.1517
19.1485
19.1074
19.1531
19.138
19.1589
19.1392
19.1777
19.1465
19.1865
19.2065
19.1867
19.1564
19.1502
19.1881
19.1747
19.1852
19.2248
19.2447
19.1944
19.1133
19.1275
19.1115
19.0823
19.012
19.051
19.0424
19.0122
19.0303
19.0412
19.0805
19.113
19.1616
19.0777
19.0844
19.0595
19.074
19.0329
19.0192
19.0537
19.03
19.0328
19.0479
19.0379
19.0676
19.1203
19.1429
19.1512
19.1569
19.1803
19.1697
19.2154
19.233
19.2315
19.22
19.2125
19.2157
19.2285
19.2206
19.2733
19.3297
19.295
19.2556
19.2414
19.2737
19.2961
19.2747
19.2182
19.2391
19.2287
19.2025
19.2285
19.2015
19.1956
19.2485
19.2786
19.242
19.259
19.1946
19.2623
19.2751
19.268
19.2063
19.2233
19.2492
19.2106
19.2328
19.1984
19.1685
19.1706
19.1692
19.1784
19.1662
19.1699
19.1783
19.1548
19.1654
19.0866
19.0968
19.1342
19.1532
19.139
19.202
19.23
19.2502
19.2061
19.224
19.2287
19.2217
19.2442
19.2723
19.275
19.3171
19.3043
19.2935
19.2655
19.2641
19.2803
19.3138
19.3047
19.2919
19.3572
19.305
19.3211
19.3289
19.3278
19.3235
19.3469
19.3881
19.337
19.362
19.3979
19.402
19.3815
19.3701
19.3638
19.3828
19.3492
19.3683
19.3477
19.3786
19.4155
19.4419
19.4108
19.3825
19.2657
19.2941
19.3453
19.342
19.361
19.3487
19.367
19.3864
19.3506
19.402
19.3517
19.2575
19.2848
19.25
19.2328
19.2656
19.2057
19.2093
19.144
19.1076
19.1715
19.144
19.1765
19.204
19.2165
19.2775
19.2688
19.3137
19.3091
19.3071
19.3045
19.2916
19.2583
19.2896
19.2666
19.2863
19.3072
19.3371
19.2943
19.2874
19.2453
19.1961
19.2295
19.1813
19.1266
19.1272
19.1179
19.0744
19.0058
19.0139
19.0464
19.0578
19.0859
19.0935
19.0543
19.1076
19.1018
19.1349
19.1666
19.131
19.0661
19.0465
19.0868
19.1351
19.1106
19.0959
19.1093
19.0115
19.0374
19.0435
19.0556
19.0341
19.0837
19.1108
19.1114
19.1895
19.2242
19.2567
19.2634
19.257
19.2721
19.2141
19.1141
19.1084
19.1105
19.1569
19.1365
19.1252
19.1633
19.1371
19.1477
19.1294
19.1326
19.1056
19.0812
19.0525
19.0731
19.0873
19.0954
19.0193
18.9753
18.9518
18.9007
18.9683
18.9935
19.0076
19.053
19.0876
19.1057
19.1002
19.1446
19.1554
19.1369
19.1139
19.1295
19.0824
19.0868
19.0434
18.9921
19.0244
19.0102
18.9027
18.8729
18.8866
18.8962
18.9557
18.9462
18.9452
18.9739
18.9614
18.9954
19.0325
19.076
19.119
19.0331
19.0095
18.9603
18.975
18.9739
18.984
19.0244
18.9452
18.9282
18.8221
18.8463
18.8399
18.8563
18.8767
18.9005
18.8949
18.8732
18.9129
18.8778
18.9099
18.9119
18.8999
18.8992
18.9358
18.9804
18.9406
18.8999
18.9119
18.9161
18.902
18.9383
18.9274
18.9134
18.9065
18.9133
18.8658
18.877
18.8619
18.8709
18.8085
18.7783
18.7659
18.6931
18.6623
18.6132
18.6261
18.6271
18.5704
18.5298
18.5113
18.4926
18.4617
18.5034
18.5197
18.5485
18.5259
18.5396
18.5264
18.568
18.524
18.5548
18.5774
18.5733
18.6157
18.6512
18.6389
18.6728
18.6642
18.6584
18.6511
18.6269
18.6279
18.5752
18.6185
18.6572
18.7078
