0
0.519502
0.528728
0.535461
0.538798
0.542495
0.548925
0.553077
0.558128
0.56586
0.573259
0.579614
0.583367
0.591633
0.59937
0.607885
0.615547
0.62254
0.630681
0.637799
0.641258
0.643266
0.651253
0.660775
0.665822
0.671701
0.679616
0.68404
0.692532
0.699788
0.704394
0.712147
0.715618
0.722428
0.727785
0.732914
0.737393
0.743899
0.746583
0.749647
0.752664
0.757088
0.76426
0.766952
0.771586
0.774209
0.778063
0.780019
0.785796
0.792039
0.799008
0.802429
0.806739
0.808733
0.813224
0.814432
0.818846
0.823195
0.826892
0.82886
0.831159
0.832623
0.837355
0.838823
0.841747
0.845945
0.850178
0.853341
0.857062
0.857668
0.858676
0.860044
0.862571
0.868009
0.870157
0.871301
0.87457
0.874695
0.874206
0.874291
0.8807
0.883304
0.887078
0.890601
0.894504
0.8947
0.893907
0.895485
0.894121
0.897182
0.899796
0.900832
0.90655
0.908106
0.908347
0.90926
0.910514
0.913617
0.914328
0.916068
0.917343
0.917655
0.918801
0.920249
0.922287
0.923117
0.926673
0.928731
0.929831
0.933118
0.931013
0.933416
0.937478
0.93673
0.937272
0.936409
0.936735
0.937442
0.936864
0.937614
0.93894
0.940316
0.941991
0.942833
0.944708
0.944336
0.946086
0.946455
0.946027
0.94631
0.946937
0.945419
0.944172
0.945847
0.943823
0.945953
0.949188
0.9504
0.94978
0.951185
0.94844
0.95137
0.950335
0.951024
0.951329
0.95162
0.951647
0.950937
0.950907
0.952477
0.953808
0.956386
0.957208
0.951266
0.952162
0.951891
0.952444
0.95416
0.956433
0.959191
0.958746
0.958894
0.961929
0.962951
0.964286
0.961955
0.961689
0.96031
0.961973
0.96323
0.964953
0.964258
0.964773
0.964046
0.963442
0.963927
0.962379
0.964305
0.966418
0.966295
0.966356
0.966408
0.967128
0.968157
0.970211
0.9709
0.972288
0.974139
0.973679
0.974058
0.974277
0.975016
0.97726
0.97647
0.978397
0.978093
0.975654
0.974724
0.97784
0.978023
0.975795
0.977547
0.9723
0.972426
0.975538
0.973936
0.97643
0.978916
0.980452
0.980752
0.981114
0.978421
0.979998
0.981628
0.98076
0.982383
0.983031
0.982894
0.980949
0.980524
0.979261
0.980594
0.980786
0.981729
0.980363
0.98214
0.981423
0.983088
0.981583
0.979876
0.978616
0.979427
0.981621
0.980921
0.979653
0.98061
0.980361
0.980477
0.977618
0.978485
0.979994
0.980968
0.980972
0.983777
0.985584
0.986279
0.98283
0.983322
0.981443
0.982195
0.980849
0.981482
0.981611
0.980642
0.978951
0.979926
0.979823
0.977678
0.979486
0.980587
0.97969
0.980554
0.981062
0.981069
0.982692
0.983999
0.982597
0.982003
0.981488
0.982704
0.983085
0.982185
0.982399
0.980678
0.980407
0.978232
0.97522
0.974776
0.974748
0.974406
0.975924
0.976119
0.977402
0.978938
0.979367
0.977785
0.97625
0.975657
0.973113
0.973922
0.97493
0.975605
0.978182
0.979589
0.981955
0.981247
0.979382
0.981008
0.98195
0.981747
0.983072
0.98565
0.986691
0.984259
0.98511
0.986525
0.98907
0.987814
0.985161
0.987934
0.989976
0.989996
0.9878
0.988688
0.989739
0.989481
0.988379
0.986632
0.986766
0.984856
0.982039
0.982352
0.979755
0.981132
0.982491
0.983745
0.983796
0.985819
0.985751
0.984784
0.983634
0.982835
0.98225
0.981598
0.981235
0.980654
0.980774
0.980702
0.979675
0.979278
0.979379
0.980012
0.98106
0.981628
0.98131
0.979046
0.981183
0.981324
0.982385
0.982661
0.982303
0.984243
0.984157
0.983648
0.983457
0.983316
0.981604
0.981456
0.981082
0.983021
0.984013
0.985672
0.984646
0.984962
0.987833
0.988682
0.990172
0.988846
0.987502
0.98541
0.986084
0.981731
0.980823
0.983014
0.98278
0.984854
0.983127
0.982458
0.98407
0.983642
0.98312
0.982344
0.983784
0.984735
0.984993
0.986748
0.9863
0.98674
0.987251
0.984879
0.985372
0.983906
0.984259
0.983212
0.98222
0.984186
0.983122
0.983697
0.983049
0.983879
0.985353
0.986299
0.987328
0.988003
0.98846
0.987327
0.987865
0.987233
0.984641
0.983929
0.983191
0.984148
0.984628
0.987058
0.986613
0.987613
0.986838
0.988602
0.987477
0.984786
0.985373
0.985313
0.985754
0.986352
0.987377
0.98601
0.985852
0.985803
0.984085
0.984004
0.984631
0.984821
0.983131
0.982702
0.980392
0.98179
0.983954
0.984411
0.983221
0.982494
0.983314
0.982601
0.981617
0.984139
0.986116
0.986902
0.98688
0.988231
0.988117
0.989543
0.989618
0.989822
0.987425
0.985011
0.984523
0.983721
0.983031
0.983224
0.98227
0.981501
0.98256
0.980851
0.978794
0.980381
0.980148
0.981191
0.978873
0.979707
0.981287
0.981849
0.981541
0.980887
0.983075
0.983303
0.984365
0.984158
0.98205
0.983104
0.984955
0.983168
0.984045
0.984951
0.983944
0.986015
0.986706
0.987245
0.98424
0.985542
0.986132
0.985634
0.983586
0.981037
0.981994
0.98011
0.981053
0.980587
0.978831
0.979694
0.975082
0.977771
0.978774
0.982835
0.98231
0.983433
0.984485
0.983851
0.984457
0.983615
0.982599
0.981928
0.982076
0.980972
0.980383
0.979736
0.979208
0.978548
0.979351
0.980695
0.980793
0.981907
0.983165
0.981919
0.982079
0.985046
0.985095
0.985099
0.98644
0.987214
0.986323
0.987992
0.988959
0.989679
0.986187
0.982265
0.982366
0.983792
0.984729
0.984755
0.985095
0.985695
0.986229
0.983078
0.984818
0.983816
0.983783
0.984227
0.982374
0.98207
0.983871
0.984229
0.984757
0.987662
0.988197
0.987992
0.986819
0.986768
0.982926
0.984969
0.987727
0.98787
0.987553
0.987661
0.986923
0.986367
0.985986
0.987021
0.98708
0.98505
0.986572
0.984621
0.983689
0.980737
0.980078
0.980696
0.980372
0.980108
0.981508
0.983496
0.984416
0.983571
0.982511
0.98184
0.982241
0.984377
0.985435
0.98422
0.985247
0.984928
0.985101
0.984229
0.982554
0.980973
0.981974
0.982931
0.985962
0.98664
0.985426
0.985352
0.984513
0.985721
0.987478
0.98427
0.983545
0.985433
0.986773
0.983827
0.982495
0.983085
0.98238
0.983755
0.981259
0.983794
0.982001
0.980739
0.981278
0.980515
0.980229
0.978368
0.9792
0.978894
0.976103
0.975703
0.977117
0.975827
0.976726
0.976464
0.978389
0.977796
0.978673
0.977781
0.976967
0.97874
0.979858
0.978965
0.980322
0.980925
0.980354
0.981033
0.978769
0.979912
0.981526
0.980026
0.98182
0.983449
0.983416
0.983464
0.980753
0.980735
0.982802
0.982966
0.984279
0.983751
0.982656
0.982284
0.983747
0.983712
0.981678
0.983202
0.983217
0.985242
0.987982
0.989206
0.989221
0.988581
0.987992
0.984811
0.983514
0.982514
0.983235
0.983699
0.983996
0.981125
0.981443
0.979677
0.981517
0.983594
0.984943
0.983489
0.986293
0.984737
0.982347
0.980756
0.981019
0.980695
0.979608
0.982895
0.981164
0.983342
0.984098
0.982006
0.983701
0.983382
0.98305
0.98314
0.981179
0.978416
0.979993
0.980462
0.979685
0.979558
0.979487
0.979066
0.980604
0.982556
0.983204
0.984505
0.985139
0.985267
0.985098
0.984071
0.983093
0.984733
0.986501
0.986412
0.985911
0.985274
0.983608
0.983193
0.984585
0.983127
0.983644
0.983189
0.984906
0.985924
0.98526
0.986342
0.987119
0.986111
0.986577
0.986857
0.987903
0.986546
0.983711
0.98354
0.985416
0.987826
0.986543
0.984989
0.986804
0.985568
0.986329
0.98695
0.98627
0.985415
0.987214
0.985996
0.986238
0.986853
0.987017
0.986026
0.986801
0.990052
0.988031
0.988525
0.986968
0.985278
0.985814
0.985383
0.985886
0.987485
0.985335
0.98689
0.986887
0.989166
0.988207
0.988539
0.987631
0.988166
0.985284
0.98422
0.986127
0.98502
0.98641
0.986858
0.987264
0.989872
0.987481
0.988928
0.986575
0.988535
0.989165
0.987649
0.984568
0.985431
0.983753
0.984503
0.98524
0.984881
0.98292
0.97975
0.979935
0.981773
0.980291
0.981426
0.981092
0.98303
0.984382
0.984091
0.981265
0.984341
0.981759
0.979905
0.980995
0.981671
0.980189
0.981495
0.981451
0.982255
0.981491
0.982514
0.983144
0.984706
0.983107
0.982034
0.981188
0.977391
0.97738
0.979043
0.980155
0.981344
0.981538
0.979477
0.98228
0.981949
0.983896
0.985072
0.982796
0.981358
0.981791
0.982257
0.980656
0.978778
0.978484
0.97777
0.977942
0.979506
0.976762
0.976531
0.976221
0.975923
0.976386
0.977174
0.9766
0.978535
0.975468
0.974142
0.974212
0.977711
0.977668
0.97578
0.977913
0.976406
0.976636
0.971333
0.973107
0.975608
0.977146
0.979518
0.980391
0.983276
0.984309
0.983297
0.984642
0.982585
0.982346
0.982597
0.982973
0.982469
0.983984
0.983798
0.983571
0.981278
0.982469
0.981356
0.980563
0.980026
0.979854
0.981597
0.982011
0.981374
0.982375
0.980892
0.979167
0.980573
0.984206
0.984182
0.984341
0.984768
0.987384
0.989279
0.990579
0.990055
0.98861
0.98846
0.988141
0.983372
0.982453
0.982488
0.980597
0.978074
0.979684
0.980611
0.979291
0.980365
0.978964
0.978036
0.976428
0.977738
0.978561
0.97977
0.979608
0.97989
0.981989
0.984848
0.98555
0.983203
0.98453
0.985401
0.986158
0.986029
0.987505
0.984499
0.982634
0.985841
0.985025
0.985733
0.982323
0.983938
0.984165
0.981883
0.981009
0.979842
0.981822
0.979908
0.979792
0.978705
0.978526
0.980989
0.98212
0.984262
0.982959
0.982151
0.982435
0.982204
0.983729
0.985627
0.984695
0.983967
0.985638
0.985665
0.984281
0.982563
0.980381
0.981068
0.981894
0.978781
0.981283
0.980078
0.978128
0.977855
0.978934
0.977021
0.978998
0.977019
0.979127
0.97912
0.976609
0.978571
0.980492
0.983898
0.982021
0.981792
0.981651
0.98194
0.980787
0.982384
0.983746
0.981777
0.983108
0.985244
0.983945
0.98174
0.984481
0.982266
0.983415
0.983917
0.983055
0.98459
0.985355
0.982304
0.9824
0.983362
0.983817
0.985796
0.984131
0.986226
0.984578
0.985176
0.984958
0.981636
0.982834
0.985552
0.986296
0.986555
0.98587
0.986119
0.988003
0.988739
0.98959
0.991345
0.990844
0.991089
0.989983
0.989148
0.990597
0.989606
0.988832
0.989257
0.986979
0.985522
0.984706
0.983961
0.985181
0.982643
0.983766
0.98337
0.982205
0.98245
0.985133
0.985641
0.984275
0.984125
0.983769
0.982499
0.982889
0.983026
0.984744
0.984469
0.983954
0.983644
0.984469
0.983799
0.985297
0.98573
0.984779
0.98623
0.988047
0.985432
0.986946
0.988759
0.986293
0.984597
0.9845
0.984429
0.983032
0.985256
0.980174
0.978713
0.981563
0.98156
0.983884
0.985923
0.985367
0.98346
0.985375
0.986653
0.985489
0.984542
0.984863
0.983454
0.984613
0.986513
0.98635
0.986769
0.986348
0.986978
0.98643
0.986107
0.986716
0.988504
0.985552
0.985643
0.985434
0.982826
0.983561
0.985364
0.982329
0.983112
0.98133
0.981179
0.9816
0.981571
0.982925
0.982886
0.982529
0.983683
0.984098
0.985685
0.984165
0.982756
0.980501
0.981092
0.980679
0.980833
0.981986
0.981395
0.98299
0.98145
0.982541
0.984489
0.984978
0.986068
0.985724
0.987383
0.986659
0.983869
0.98265
0.983149
0.981943
0.983275
0.981962
0.983588
0.98416
0.983395
0.982478
0.983324
0.983017
0.983339
0.983147
0.985088
0.984512
0.985338
0.983403
0.980961
0.982689
0.983422
0.983149
0.985697
0.985943
0.985506
0.985609
0.984944
0.985655
0.982165
0.983498
0.98158
0.980885
0.984573
0.984021
0.983338
0.982997
0.984201
0.982904
0.98133
0.984211
0.984734
0.982424
0.983287
0.984519
0.984329
0.986721
0.988139
0.990074
0.988696
0.987567
0.986216
0.985342
0.986824
0.986329
0.985131
0.986331
0.98508
0.985743
0.987392
0.987857
0.988519
0.990029
0.990951
0.989068
0.985729
0.986277
0.987987
0.987837
0.983703
0.981804
0.980965
0.983036
0.98474
0.98353
0.983695
0.983488
0.983335
0.980196
0.980215
0.979029
0.979554
0.977571
0.977936
0.980778
0.982382
0.982125
0.98316
0.980478
0.980638
0.981023
0.979543
0.979984
0.977511
0.979374
0.981613
0.982865
0.982231
0.981815
0.979753
0.978142
0.980004
0.978995
0.981895
0.983699
0.982953
0.983962
0.985141
0.982472
0.981611
0.981665
0.979261
0.980269
0.979443
0.980457
0.980932
0.981378
0.981785
0.984159
0.985242
0.985977
0.982542
0.982208
0.98411
0.984613
0.983822
0.983298
0.983116
0.983701
0.985294
0.98451
0.984633
0.983506
0.983023
0.984544
0.984857
0.983413
0.982629
0.981818
0.983654
0.984923
0.986141
0.986002
0.984962
0.984057
0.984203
0.982693
0.981814
0.983496
0.983281
0.980284
0.98263
0.979871
0.977636
0.979615
0.977339
0.974619
0.973196
0.971173
0.973076
0.974323
0.976485
0.978677
0.9788
0.978515
0.980223
0.982651
0.982086
0.982141
0.9824
0.982312
0.983827
0.982232
0.980694
0.978614
0.980189
0.980107
0.979055
0.979346
0.978678
0.978794
0.980833
0.980568
0.977274
0.976931
0.976334
0.979018
0.980071
0.980986
0.982579
0.981726
0.980536
0.982331
0.983328
0.982162
0.984627
0.982427
0.983029
0.981958
0.981838
0.9807
0.981706
0.980874
0.983462
0.983012
0.981519
0.982413
0.979484
0.979945
0.980227
0.980309
0.980762
0.982461
0.9814
0.983643
0.983842
0.98262
0.983231
0.985587
0.987225
0.986355
0.985678
0.984877
0.984126
0.98292
0.984364
0.984772
0.9825
0.982374
0.982973
0.98287
0.982137
0.981243
0.982124
0.980701
0.982114
0.981239
0.984664
0.987718
0.988787
0.990251
0.991499
0.991411
0.988242
0.987448
0.987319
0.987509
0.987477
0.984699
0.984824
0.985642
0.984303
0.983426
0.983256
0.982718
0.979768
0.976413
0.977223
0.976671
0.976093
0.978468
0.978426
0.980054
0.979461
0.982582
0.98207
0.981147
0.980037
0.981126
0.982119
0.981664
0.983363
0.981852
0.98314
0.98486
0.983408
0.982875
0.984531
0.984655
0.985975
0.984627
0.981421
0.984271
0.985393
0.983678
0.982496
0.981228
0.980967
0.979384
0.978601
0.982078
0.984294
0.984682
0.984054
0.985459
0.985007
0.985332
0.984231
0.984216
0.980531
0.983799
0.981763
0.980572
0.981554
0.980934
0.982243
0.981611
0.98288
0.981248
0.978723
0.976031
0.975541
0.977707
0.978945
0.979237
0.979711
0.981024
0.982395
0.984259
0.983254
0.982927
0.983035
0.979051
0.978442
0.980057
0.979876
0.98216
0.982421
0.983348
0.983722
0.983977
0.984715
0.984781
0.984538
0.984308
0.986807
0.986904
0.98839
0.987566
0.988387
0.986306
0.985089
0.986148
0.98739
0.98869
0.98866
0.986756
0.985784
0.986216
0.985282
0.986493
0.986341
0.984633
0.983367
0.98177
0.982041
0.983665
0.982906
0.983
0.983998
0.985135
0.985191
0.987087
0.986586
0.985887
0.984573
0.985022
0.985404
0.983563
0.981195
0.981424
0.980737
0.98183
0.984478
0.98354
0.983854
0.983237
0.982261
0.98341
0.98427
0.986004
0.984064
0.977905
0.979629
0.979844
0.980067
0.981136
0.978555
0.979404
0.981351
0.981876
0.983508
0.980991
0.98151
0.982753
0.980351
0.977884
0.978674
0.978658
0.976403
0.974523
0.976192
0.972753
0.973971
0.975397
0.975262
0.975174
0.974905
0.976291
0.975275
0.974973
0.975791
0.974479
0.9762
0.977111
0.975716
0.9774
0.976494
0.977876
0.979234
0.981707
0.980935
0.982116
0.981923
0.982404
0.981371
0.981375
0.982798
0.983816
0.983232
0.981795
0.98321
0.983015
0.98471
0.986394
0.987052
0.989683
0.988432
0.986115
0.986479
0.985919
0.98399
0.982423
0.98221
0.979996
0.978146
0.980619
0.979951
0.980426
0.981677
0.979207
0.978681
0.980035
0.979442
0.98105
0.98272
0.984374
0.98286
0.984437
0.985647
0.987041
0.985008
0.98327
0.985645
0.984228
0.982021
0.982364
0.98211
0.98047
0.980741
0.978781
0.979687
0.981987
0.982733
0.982762
0.982458
0.983694
0.981859
0.981641
0.984049
0.984086
0.982177
0.981408
0.978671
0.979247
0.980698
0.979756
0.981839
0.9818
0.982847
0.981346
0.979731
0.980065
0.98141
0.985293
0.984698
0.986905
0.986226
0.985931
0.986169
0.987007
0.985613
0.985879
0.988161
0.98795
0.988741
0.989918
0.986934
0.989576
0.98696
0.988044
0.98628
0.9861
0.985047
0.98352
0.985232
0.983039
0.9808
0.979618
0.978497
0.981303
0.980863
0.980465
0.981492
0.980766
0.979866
0.982644
0.98196
0.98417
0.98365
0.983647
0.983478
0.983426
0.982427
0.984838
0.984501
0.982351
0.985262
0.984335
0.983584
0.984381
0.983322
0.981792
0.982442
0.984793
0.985715
0.983639
0.984132
0.98519
0.984502
0.984024
0.984761
0.98381
0.982743
0.982919
0.982027
0.981775
0.980815
0.979333
0.978759
0.979277
0.978699
0.979857
0.978577
0.980078
0.980768
0.979178
0.979038
0.979721
0.98132
0.98077
0.982006
0.983482
0.983302
0.984569
0.983219
0.984153
0.98463
0.983821
0.982414
0.981504
0.981069
0.981608
0.983467
0.985465
0.986135
0.986119
0.986212
0.985049
0.986629
0.98701
0.984224
0.985584
0.985623
0.984792
0.985452
0.984214
0.984622
0.988436
0.988968
0.989128
0.98861
0.989379
0.988311
0.98888
0.991309
0.988539
0.987817
0.988411
0.987992
0.986025
0.987126
0.987349
0.985384
0.986338
0.986878
0.986569
0.983983
0.982757
0.982008
0.983939
0.985937
0.984741
0.986251
0.987707
0.986473
0.985657
0.987309
0.984995
0.984774
0.98601
0.985916
0.98471
0.983332
0.983514
0.984793
0.984821
0.984412
0.986098
0.985621
0.985994
0.984009
0.983188
0.982422
0.983168
0.982906
0.984933
0.985011
0.98582
0.985116
0.984229
0.983814
0.983818
0.983217
0.983036
0.983602
0.985008
0.985395
0.986254
0.982957
0.984547
0.983638
0.981305
0.982083
0.980436
0.981725
0.981013
0.980495
0.980657
0.978538
0.976606
0.975785
0.978059
0.980983
0.978301
0.979048
0.981673
0.981709
0.98174
0.981571
0.985722
0.983833
0.984088
0.984964
0.983669
0.98412
0.9843
0.98595
0.98342
0.979513
0.981863
0.983439
0.983724
0.982272
0.981477
0.982614
0.982558
0.982366
0.982599
0.983324
0.983561
0.980375
0.980354
0.977577
0.974957
0.97726
0.978796
0.981432
0.981665
0.984387
0.984239
0.984225
0.986534
0.986107
0.983155
0.982733
0.981908
0.980755
0.980139
0.981772
0.982475
0.983355
0.981242
0.982983
0.98403
0.985794
0.98448
0.985118
0.983384
0.983041
0.980701
0.981594
0.9829
0.981041
0.980459
0.979052
0.98037
0.981147
0.982234
0.982503
0.980617
0.980193
0.980868
0.982676
0.984262
0.98406
0.984506
0.985626
0.989744
0.988079
0.98581
0.98412
0.983576
0.984054
0.985165
0.983002
0.981456
0.982906
0.982628
0.98266
0.984324
0.984021
0.983064
0.984025
0.984095
0.985239
0.983307
0.982414
0.980248
0.982874
0.982037
0.98191
0.982381
0.981314
0.97912
0.979768
0.978655
0.98006
0.980648
0.98221
0.981627
0.981835
0.980225
0.98231
0.983293
0.981496
0.981294
0.983005
0.982148
0.983605
0.98088
0.982861
0.982003
0.980743
0.981033
0.980485
0.977173
0.974995
0.973325
0.975176
0.975027
0.975426
0.974378
0.975716
0.976613
0.97715
0.976881
0.977909
0.979097
0.979667
0.978752
0.977083
0.979013
0.979267
0.979477
0.979494
0.98068
0.981403
0.981401
0.982649
0.981339
0.980151
0.980995
0.980736
0.979955
0.980813
0.982589
0.980536
0.981883
0.98183
0.98321
0.97882
0.979988
0.979631
0.979159
0.97985
0.981231
0.98282
0.983416
0.983401
0.985585
0.984386
0.98354
0.983688
0.984992
0.988672
0.9883
0.98701
0.983869
0.981006
0.980716
0.980626
0.981399
0.982117
0.980818
0.980768
0.979981
0.980608
0.979329
0.981011
0.980084
0.982334
0.980607
0.982627
0.984539
0.983782
0.984331
0.984179
0.985967
0.983737
0.983172
0.98388
0.980853
0.977042
0.97683
0.976049
0.975894
0.980457
0.978913
0.977325
0.978779
0.97793
0.98063
0.98134
0.98069
0.982517
0.98193
0.980789
0.982424
0.981642
0.985589
0.985043
0.984336
0.986083
0.987573
0.987929
0.986568
0.985352
0.986544
0.986206
0.984171
0.984385
0.983966
0.984527
0.982594
0.983756
0.983477
0.985044
0.98669
0.987387
0.986305
0.987317
0.98477
0.982738
0.984359
0.981751
0.978211
0.97851
0.978308
0.980694
0.980819
0.978868
0.979672
0.980537
0.980825
0.98274
0.984966
0.986145
0.986862
0.985702
0.983725
0.983261
0.981744
0.982866
0.984392
0.984246
0.985195
0.984703
0.985833
0.986552
0.985294
0.987023
0.987558
0.98741
0.986471
0.984607
0.985471
0.986147
0.988735
0.986835
0.985689
0.985682
0.98588
0.985216
0.986126
0.985691
0.983702
0.983635
0.984467
0.985581
0.985412
0.9867
0.988659
0.985964
0.98217
0.980451
0.980363
0.980967
0.982155
0.979961
0.979141
0.979761
0.979708
0.982644
0.983752
0.983899
0.983748
0.982954
0.980191
0.98059
0.981412
0.982153
0.981985
0.981284
0.981613
0.981919
0.98381
0.984546
0.983471
0.979743
0.980546
0.981818
0.981503
0.981669
0.979537
0.978596
0.978912
0.97714
0.97776
0.980865
0.981235
0.983222
0.982816
0.983492
0.980512
0.980153
0.982965
0.981164
0.983699
0.98558
0.985752
0.984553
0.984471
0.983017
0.9846
0.984004
0.981315
0.980775
0.978852
0.98057
0.979825
0.97924
0.980158
0.981789
0.981946
0.981389
0.983646
0.982494
0.983024
0.985271
0.984752
0.984536
0.98436
0.984587
0.985809
0.986029
0.985124
0.985022
0.985833
0.985148
0.986287
0.986719
0.987293
0.98502
0.986164
0.985566
0.984725
0.985283
0.983027
0.982317
0.985453
0.985811
0.986202
0.986546
0.986401
0.988074
0.990193
0.990955
0.989904
0.989457
0.989368
0.990278
0.990955
0.993137
0.988825
0.987677
0.984997
0.984232
0.983033
0.984156
0.985254
0.983733
0.983418
0.982634
0.983521
0.983061
0.985635
0.985014
0.985866
0.986457
0.984481
0.983803
0.984491
0.982034
0.982971
0.982754
0.981274
0.984216
0.983832
0.983776
0.984798
0.983907
0.981688
0.982334
0.982385
0.982771
0.982658
0.983075
0.982259
0.983313
0.985166
0.984033
0.982297
0.982296
0.979672
0.980577
0.980831
0.981905
0.98402
0.983265
0.983949
0.98061
0.979813
0.981741
0.981215
0.980396
0.979418
0.979098
0.978444
0.977183
0.977039
0.978414
0.980797
0.982511
0.979638
0.979045
0.979356
0.978079
0.979445
0.97779
0.981341
0.982159
0.98371
0.984434
0.985844
0.986252
0.987847
0.986135
0.987802
0.987686
0.987832
0.987195
0.98536
0.985731
0.984691
0.984927
0.986156
0.987198
0.986493
0.986492
0.986788
0.988965
0.988142
0.986102
0.986944
0.984692
0.986981
0.989554
0.987282
0.985184
0.988032
0.987695
0.984439
0.982617
0.981869
0.979606
0.979939
0.981712
0.979593
0.97963
0.979369
0.981091
0.983445
0.984859
0.986197
0.983924
0.985702
0.986191
0.986892
0.985779
0.984271
0.984728
0.983847
0.981928
0.982839
0.984014
0.983359
0.982308
0.982781
0.983213
0.9837
0.98214
0.984966
0.98631
0.987635
0.986718
0.986597
0.985619
0.984327
0.985361
0.983935
0.983366
0.984962
0.98498
0.984831
0.985882
0.986586
0.989059
0.988916
0.984497
0.987134
0.986511
0.989188
0.989193
0.98826
0.987784
0.988529
0.988813
0.986853
0.98653
0.983924
0.984893
0.98479
0.985319
0.985436
0.985881
0.986935
0.98563
0.985992
0.985094
0.987424
0.984751
0.983677
0.983505
0.981187
0.976571
0.976536
0.978594
0.976957
0.979685
0.977409
0.977538
0.977663
0.977255
0.976421
0.979444
0.977808
0.975026
0.976428
0.977606
0.978792
0.977099
0.977074
0.976834
0.978676
0.979271
0.982102
0.982946
0.986952
0.987161
0.986711
0.985779
0.988018
0.985043
0.986756
0.987503
0.98805
0.988803
0.986376
0.986947
0.985238
0.985825
0.98493
0.985082
0.986572
0.985536
0.984053
0.987453
0.985526
0.984939
0.983972
0.982846
0.98308
0.985079
0.984862
0.986164
0.984975
0.983942
0.983928
0.982062
0.98275
0.984529
0.982814
0.982616
0.981888
0.981881
0.983197
0.984583
0.982882
0.981125
0.982668
0.982725
0.984778
0.986742
0.983761
0.984408
0.981415
0.98196
0.982031
0.983873
0.98306
0.983159
0.982082
0.984228
0.985162
0.986169
0.988137
0.98674
0.988377
0.990132
0.990029
0.989305
0.988803
0.987387
0.98734
0.98794
0.989882
0.990002
0.992395
0.99073
0.986695
0.984546
0.98438
0.982535
0.982307
0.981999
0.982472
0.981197
0.980527
0.979751
0.980206
0.981001
0.983317
0.978812
0.978397
0.979092
0.980604
0.981152
0.982078
0.981961
0.981921
0.98126
0.982518
0.982194
0.980998
0.982756
0.983243
0.983448
0.983302
0.984319
0.985494
0.985656
0.983358
0.984036
0.981096
0.981993
0.983481
0.984285
0.98601
0.985103
0.984879
0.984004
0.98462
0.982976
0.984178
0.982385
0.982592
0.9791
0.977905
0.979542
0.98279
0.981495
0.982514
0.984072
0.983522
0.984043
0.982549
0.9812
0.984907
0.984668
0.984075
0.985438
0.985109
0.981145
0.980313
0.980813
0.980188
0.97763
0.977017
0.974988
0.976126
0.976406
0.97858
0.97393
0.975593
0.976679
0.978005
0.976261
0.978654
0.97665
0.977962
0.978336
0.978398
0.977592
0.977857
0.978681
0.976976
0.977808
0.975884
0.976156
0.977699
0.980644
0.979803
0.9813
0.981811
0.983108
0.9821
0.982352
0.977528
0.98047
0.981505
0.981295
0.981598
0.982892
0.982774
0.982829
0.981843
0.981913
0.981246
0.980527
0.981106
0.981764
0.980906
0.979228
0.980435
0.981882
0.981257
0.981737
0.984368
0.983514
0.984141
0.984973
0.984157
0.983226
0.98285
0.9827
0.981158
0.980313
0.978824
0.979858
0.978912
0.981776
0.982205
0.985464
0.986827
0.989346
0.986883
0.988456
0.987002
0.985292
0.985545
0.98298
0.983213
0.983547
0.982202
0.985372
0.985287
0.983169
0.981322
0.980176
0.981212
0.982049
0.979519
0.982264
0.981361
0.978726
0.979141
0.977318
0.979361
0.979645
0.977555
0.975756
0.975171
0.976468
0.97582
0.974952
0.976024
0.978613
0.980737
0.98119
0.9818
0.981949
0.982656
0.983754
0.983395
0.982379
0.982681
0.983473
0.981401
0.981964
0.982016
0.984337
0.982078
0.983904
0.983794
0.98155
0.982143
0.981853
0.981341
0.984253
0.986135
0.986025
0.986263
0.984695
0.983704
0.982733
0.981243
0.981126
0.980921
0.98225
0.980058
0.977778
0.976531
0.976234
0.979554
0.9816
0.982115
0.981612
0.981007
0.982691
0.98371
0.984105
0.985145
0.986137
0.985253
0.983432
0.982265
0.984256
0.982895
0.981214
0.982461
0.984302
0.984739
0.984032
0.984169
0.984302
0.984674
0.984131
0.982416
0.984477
0.984224
0.98494
0.983052
0.982521
0.983456
0.984554
0.984526
0.984096
0.981711
0.982659
0.983103
0.98407
0.983358
0.984343
0.984308
0.98705
0.984976
0.984927
0.983251
0.985888
0.985916
0.985195
0.985062
0.985219
0.9836
0.984391
0.98625
0.983176
0.983001
0.981896
0.983788
0.982564
0.98288
0.983552
0.984888
0.984042
0.981508
0.981828
0.983835
0.984123
0.98457
0.982681
0.982266
0.981183
0.977843
0.977821
0.976144
0.97616
0.97689
0.976589
0.977512
0.978729
0.977656
0.980023
0.978936
0.978802
0.977289
0.979711
0.979117
0.980046
0.981937
0.981974
0.982117
0.984971
0.985638
0.985068
0.981976
0.981188
0.979245
0.981845
0.98282
0.982244
0.98398
0.983093
0.983793
0.983842
0.985165
0.984807
0.985649
0.982948
0.981168
0.982706
0.982074
0.982581
0.982936
0.984668
0.983238
0.985091
0.987859
0.988401
0.985708
0.983878
0.984621
0.983362
0.982974
0.985753
0.982812
0.979974
0.97966
0.98109
0.97988
0.979038
0.979127
0.979705
0.981819
0.980736
0.980506
0.981692
0.98403
0.983051
0.98531
0.985661
0.985546
0.98694
0.985464
0.985354
0.984588
0.983879
0.982373
0.981932
0.982787
0.983493
0.984751
0.984009
0.983694
0.983776
0.984108
0.984682
0.983665
0.985374
0.98455
0.985351
0.984471
0.98537
0.984724
0.985199
0.985617
0.985247
0.986677
0.987103
0.986059
0.98552
0.986343
0.986431
0.986948
0.986899
0.986319
0.986499
0.98754
0.990111
0.990224
0.987536
0.988797
0.986904
0.985272
0.986162
0.982779
0.983803
0.983766
0.982048
0.982122
0.984146
0.983199
0.984974
0.986971
0.986153
0.98698
0.98534
0.985789
0.984796
0.984533
0.985215
0.983147
0.981756
0.983733
0.982217
0.982138
0.981465
0.980452
0.980675
0.981167
0.981332
0.98135
0.980073
0.980143
0.979053
0.97895
0.979748
0.981406
0.983352
0.979431
0.981506
0.980934
0.982184
0.981815
0.98247
0.983256
0.983342
0.984266
0.986385
0.986906
0.986016
0.984032
0.984941
0.987869
0.987039
0.987167
0.98601
0.986506
0.988229
0.987385
0.98682
0.987529
0.987114
0.986919
0.989366
0.988162
0.986908
0.986683
0.987185
0.985627
0.985556
0.985061
0.987383
0.986152
0.986719
0.984799
0.98711
0.988327
0.985192
0.986913
0.983625
0.982023
0.983342
0.981997
0.980804
0.979861
0.98238
0.982296
0.981399
0.982404
0.9826
0.982742
0.983736
0.985644
0.986489
0.984391
0.982461
0.984573
0.984224
0.982178
0.983998
0.985358
0.986544
0.984213
0.984633
0.984048
0.983872
0.98304
0.980626
0.979384
0.979039
0.978602
0.979193
0.979046
0.981134
0.981745
0.981827
0.981766
0.983221
0.982478
0.98398
0.98204
0.982695
0.983225
0.982225
0.982401
0.982897
0.983737
0.985038
0.982153
0.981817
0.980035
0.981716
0.982718
0.981856
0.98147
0.979145
0.978519
0.980125
0.982336
0.980794
0.982928
0.984335
0.983013
0.983119
0.982788
0.983886
0.984552
0.986662
0.986712
0.988651
0.989063
0.990777
0.988165
0.987889
0.987122
0.986395
0.986776
0.985671
0.985055
0.983255
0.981498
0.981884
0.980694
0.981991
0.980457
0.983133
0.983899
0.981847
0.984557
0.983199
0.982325
0.982519
0.981343
0.98039
0.979253
0.981096
0.982672
0.981523
0.981244
0.984257
0.984264
0.984011
0.984194
0.984138
0.983707
0.982504
0.982826
0.984028
0.984798
0.984866
0.98678
0.988059
0.989269
0.98917
0.990472
0.988111
0.988117
0.989112
0.98978
0.98719
0.985694
0.984608
0.981622
0.980473
0.981688
0.982809
0.98465
0.982399
0.982045
0.983688
0.981687
0.984442
0.984365
0.983906
0.985943
0.984418
0.98603
0.988062
0.986863
0.987776
0.989267
0.987528
0.985773
0.986311
0.986573
0.98721
0.987396
0.986384
0.983769
0.984982
0.982656
0.982836
0.982575
0.98322
0.985215
0.985517
0.986281
0.987689
0.987049
0.986355
0.987411
0.986963
0.986039
0.986605
0.985474
0.984073
0.985562
0.984293
0.982234
0.980828
0.980069
0.977937
0.98101
0.981739
0.981991
0.983803
0.981758
0.983163
0.98489
0.984023
0.982477
0.981681
0.981853
0.980081
0.980093
0.979573
0.978836
0.981657
0.979285
0.97694
0.977394
0.976643
0.97952
0.980891
0.983068
0.982001
0.980971
0.981831
0.982334
0.981073
0.982065
0.981664
0.981053
0.981215
0.979749
0.979899
0.980602
0.981375
0.983267
0.98329
0.982124
0.980421
0.97935
0.980437
0.981048
0.980663
0.982821
0.98014
0.981611
0.982053
0.981359
0.978024
0.980614
0.980753
0.981042
0.983458
0.983787
0.98522
0.985702
0.983168
0.984286
0.982269
0.980373
0.981778
0.983324
0.983172
0.983859
0.981866
0.983292
0.982277
0.982318
0.983401
0.98644
0.985709
0.986627
0.987862
0.988239
0.986779
0.987382
0.988776
0.988927
0.986767
0.986811
0.986747
0.989319
0.98836
0.986331
0.984744
0.982609
0.980832
0.980436
0.981442
0.982109
0.981374
0.981528
0.982732
0.983266
0.981456
0.982276
0.98564
0.987287
0.986166
0.98578
0.987494
0.985818
0.984672
0.982996
0.983427
0.983728
0.983979
0.984473
0.983768
0.982522
0.983297
0.980511
0.981134
0.98172
0.982178
0.982865
0.985104
0.982751
0.980648
0.982886
0.979124
0.976719
0.977215
0.978144
0.977247
0.976844
0.976372
0.976218
0.974962
0.977574
0.978734
0.979499
0.981896
0.983645
0.981846
0.979386
0.980544
0.982238
0.980916
0.982289
0.98197
0.983671
0.986413
0.984663
0.982081
0.980832
0.98088
0.981059
0.979501
0.978887
0.979297
0.980003
0.980704
0.981458
0.983427
0.981097
0.981699
0.98151
0.982271
0.983222
0.980381
0.982548
0.98514
0.984501
0.985963
0.985057
0.98605
0.986956
0.987085
0.984744
0.983962
0.983497
0.985838
0.985392
0.984513
0.985109
0.985492
0.986913
0.984423
0.984682
0.983542
0.983852
0.983992
0.984046
0.984071
0.981762
0.981516
0.981009
0.982525
0.983619
0.983197
0.98406
0.982346
0.982859
0.983337
0.984353
0.98646
0.987686
0.98719
0.983937
0.983837
0.985708
0.983073
0.981189
0.981482
0.982965
0.984568
0.985248
0.984572
0.98371
0.980936
0.983339
0.981548
0.978126
0.977992
0.979463
0.980586
0.980319
0.980157
0.978644
0.979835
0.981385
0.983744
0.98332
0.984459
0.983655
0.983865
0.984218
0.985219
0.985493
0.985369
0.988878
0.988148
0.986676
0.986351
0.98506
0.984564
0.981358
0.979698
0.979095
0.979916
0.979608
0.979953
0.978079
0.978585
0.980148
0.98124
0.980581
0.981991
0.980569
0.98095
0.982557
0.982833
0.984887
0.984226
0.984991
0.984925
0.984227
0.982957
0.981584
0.981768
0.982243
0.981323
0.979032
0.982084
0.979444
0.981113
0.981254
0.981635
0.981016
0.98058
0.980879
0.982242
0.982974
0.980689
0.981337
0.982895
0.982902
0.9807
0.982183
0.984111
0.984432
0.983417
0.982663
0.98395
0.980921
0.982333
0.981551
0.98262
0.984256
0.980354
0.982269
0.982507
0.983723
0.982331
0.98014
0.97973
0.98045
0.977463
0.981471
0.982557
0.983482
0.984771
0.984614
0.983217
0.984283
0.984306
0.984588
0.982497
0.98357
0.983946
0.985034
0.98421
0.982351
0.983718
0.982345
0.980555
0.981414
0.982894
0.982285
0.979469
0.980729
0.982988
0.980045
0.978699
0.977363
0.978039
0.980153
0.978201
0.980611
0.981136
0.980352
0.981538
0.980493
0.981914
0.982358
0.985002
0.987149
0.987304
0.985556
0.983252
0.982015
0.983288
0.984083
0.984912
0.985673
0.982749
0.983507
0.982651
0.983036
0.980926
0.980026
0.979617
0.980322
0.980847
0.979626
0.979664
0.978551
0.978235
0.980865
0.980404
0.981524
0.983429
0.984022
0.983209
0.983814
0.984362
0.984557
0.985873
0.983926
0.984578
0.984768
0.986396
0.984979
0.98694
0.986509
0.986151
0.987018
0.986708
0.986434
0.987837
0.988077
0.988218
0.98893
0.9859
0.987296
0.985
0.984363
0.985024
0.984904
0.985369
0.98501
0.984573
0.985781
0.986035
0.98782
0.987086
0.987825
0.985628
0.985451
0.986606
0.987196
0.982406
0.984375
0.984797
0.984349
0.982307
0.983725
0.98541
0.987848
0.98683
0.989456
0.990809
0.990517
0.989702
0.989644
0.988637
0.986418
0.985722
0.985313
0.982777
0.980066
0.983421
0.985528
0.983399
0.98205
0.983276
0.982868
0.98416
0.983593
0.983838
0.982518
0.983569
0.98329
0.981156
0.982729
0.982747
0.981774
0.98334
0.981361
0.978004
0.97781
0.977822
0.981041
0.982356
0.982483
0.983847
0.981952
0.980229
0.980272
0.978485
0.977934
0.978827
0.978093
0.981803
0.981269
0.981948
0.981784
0.98408
0.983304
0.982577
0.982669
0.984145
0.985153
0.985021
0.982679
0.9803
0.979726
0.979791
0.981573
0.980922
0.981961
0.982862
0.983702
0.984529
0.982537
0.982495
0.982759
0.983827
0.981203
0.982288
0.981318
0.982872
0.983049
0.982815
0.982594
0.982377
0.981857
0.983579
0.986309
0.98436
0.984291
0.981146
0.981669
0.983014
0.979175
0.981552
0.979178
0.978153
0.977208
0.972339
0.973001
0.974672
0.975306
0.977192
0.978311
0.979113
0.979367
0.979674
0.980792
0.981157
0.981011
0.983373
0.982786
0.981371
0.983018
0.983285
0.982766
0.980401
0.982066
0.985196
0.987393
0.987444
0.986325
0.987909
0.986457
0.985908
0.984566
0.985363
0.984554
0.985638
0.985037
0.982402
0.983249
0.983616
0.984243
0.983555
0.98435
0.984856
0.987993
0.986897
0.98777
0.986385
0.987811
0.988958
0.991496
0.99296
0.991214
0.988502
0.986988
0.984978
0.983417
0.981494
0.981736
0.981327
0.984375
0.987496
0.989859
0.988605
0.990068
0.990832
0.98945
0.988909
0.988393
0.983313
0.979856
0.980481
0.98067
0.981115
0.981149
0.980394
0.980648
0.979254
0.979633
0.981778
0.983582
0.982266
0.981912
0.981914
0.980058
0.981712
0.983406
0.981753
0.983403
0.985826
0.98412
0.981617
0.979941
0.97861
0.977989
0.976362
0.979306
0.981353
0.979575
0.98187
0.983156
0.984699
0.985437
0.986659
0.985411
0.983138
0.983815
0.984937
0.981874
0.981535
0.982795
0.980959
0.979552
0.982232
0.980547
0.980774
0.980996
0.983695
0.98351
0.984439
0.985056
0.984816
0.984496
0.98287
0.982161
0.985125
0.985236
0.987425
0.987545
0.986787
0.987601
0.987489
0.988863
0.985656
0.983982
0.984854
0.982782
0.983008
0.982228
0.984168
0.98385
0.985772
0.987164
0.984901
0.986394
0.985126
0.985228
0.985407
0.983316
0.980773
0.981348
0.981031
0.980437
0.978825
0.981008
0.981392
0.980167
0.983149
0.983242
0.98548
0.984761
0.985046
0.985334
0.986248
0.985487
0.986511
0.985346
0.98458
0.982613
0.984021
0.985173
0.985945
0.983731
0.985597
0.981616
0.982426
0.983435
0.982989
0.983389
0.985643
0.986379
0.986418
0.985187
0.984369
0.984219
0.982532
0.98311
0.982118
0.979264
0.979421
0.976434
0.974631
0.97744
0.979
0.978189
0.979493
0.978492
0.978063
0.980003
0.98104
0.98005
0.981628
0.979937
0.982539
0.97938
0.98025
0.978283
0.977702
0.97813
0.977039
0.977687
0.978652
0.980729
0.981521
0.983009
0.984831
0.985695
0.986252
0.986283
0.98669
0.986375
0.98872
0.989833
0.992081
0.989324
0.987402
0.987692
0.987011
0.986019
0.987091
0.986054
0.986398
0.986335
0.986058
0.98475
0.98768
0.987117
0.986112
0.982287
0.981653
0.98146
0.980465
0.980966
0.981318
0.98047
0.983647
0.983768
0.982916
0.981843
0.981936
0.983275
0.984881
0.985356
0.987364
0.987124
0.985737
0.987698
0.986815
0.986236
0.985069
0.981403
0.978999
0.981052
0.982083
0.978653
0.97768
0.978747
0.978082
0.976468
0.978197
0.976919
0.974749
0.974308
0.975408
0.977126
0.978454
0.979737
0.980201
0.980319
0.980148
0.98142
0.979661
0.979555
0.981759
0.981272
0.982715
0.981259
0.983288
0.982692
0.981403
0.978639
0.979361
0.979779
0.980503
0.978982
0.97805
0.980452
0.979232
0.97999
0.978688
0.980728
0.979381
0.979397
0.979779
0.978251
0.97932
0.978625
0.980726
0.980744
0.981024
0.980918
0.980517
0.980519
0.979442
0.980977
0.979632
0.979383
0.980348
0.982411
0.983137
0.982918
0.983479
0.982701
0.985832
0.985953
0.985844
0.98367
0.983949
0.983275
0.982899
0.983776
0.982172
0.981988
0.98131
0.984576
0.983874
0.983709
0.984152
0.984197
0.981845
0.980663
0.97875
0.979355
0.98212
0.979486
0.979418
0.981464
0.980227
0.980877
0.981979
0.984531
0.984955
0.986165
0.986246
0.98404
0.982887
0.982192
0.98265
0.985141
0.985947
0.98795
0.988066
0.98993
0.989559
0.987571
0.986968
0.984931
0.98521
0.983171
0.983959
0.980995
0.979679
0.978686
0.980479
0.979924
0.979425
0.980179
0.982084
0.982257
0.983278
0.982108
0.981343
0.983408
0.982587
0.982497
0.982558
0.982348
0.983789
0.984108
0.983547
0.984332
0.985593
0.9835
0.985397
0.985364
0.984208
0.98476
0.984576
0.982579
0.982539
0.982244
0.985391
0.986242
0.985664
0.985653
0.987187
0.985222
0.983985
0.983916
0.980443
0.979727
0.981734
0.980664
0.980938
0.982952
0.982633
0.980975
0.981534
0.984242
0.983874
0.983471
0.979499
0.980644
0.980025
0.980377
0.980306
0.97939
0.981072
0.980057
0.978998
0.978952
0.979119
0.981673
0.981697
0.982809
0.981272
0.980421
0.978927
0.980304
0.978817
0.979195
0.981893
0.980877
0.980664
0.980705
0.979433
0.977983
0.980057
0.978484
0.97925
0.981964
0.979414
0.982758
0.984729
0.986256
0.987559
0.988811
0.990624
0.98591
0.98317
0.983846
0.984435
0.986761
0.986211
0.986648
0.985908
0.987012
0.984949
0.986959
0.985342
0.983372
0.984695
0.985287
0.985554
0.985753
0.983846
0.983237
0.984741
0.985943
0.984212
0.983523
0.982009
0.9814
0.980277
0.982008
0.980004
0.978939
0.979161
0.97726
0.978364
0.976315
0.977047
0.977726
0.978428
0.978311
0.980823
0.981516
0.981618
0.97738
0.978006
0.978602
0.980298
0.980285
0.981005
0.981465
0.980879
0.98084
0.981251
0.981554
0.981905
0.98132
0.978587
0.97779
0.976202
0.975389
0.976654
0.97925
0.9801
0.978909
0.979737
0.979863
0.97876
0.980312
0.979449
0.980004
0.979099
0.978788
0.980616
0.981228
0.980705
0.97789
0.979768
0.982514
0.982282
0.983019
0.983653
0.983217
0.982123
0.984834
0.986662
0.985452
0.985511
0.987064
0.989271
0.988486
0.987109
0.98727
0.986711
0.987003
0.985943
0.985457
0.986026
0.985213
0.985285
0.98414
0.985002
0.980925
0.980298
0.980719
0.981506
0.983041
0.985011
0.984516
0.984811
0.983359
0.983851
0.982845
0.985733
0.984688
0.982072
0.983464
0.982404
0.984004
0.984579
0.982673
0.979574
0.980691
0.980981
0.980448
0.981492
0.979082
0.981032
0.981053
0.981104
0.978561
0.978322
0.978024
0.979571
0.979037
0.97977
0.979952
0.979925
0.978438
0.979594
0.979376
0.98111
0.977402
0.978726
0.978566
0.980805
0.981351
0.981567
0.9803
0.982202
0.983006
0.982956
0.982141
0.982482
0.983654
0.981735
0.982514
0.97965
0.980248
0.983027
0.983833
0.981737
0.983403
0.981885
0.981527
0.979714
0.981306
0.979708
0.975275
0.973182
0.975549
0.975923
0.975917
0.975917
0.975926
0.976233
0.974793
0.972461
0.973452
0.971876
0.973216
0.973429
0.975711
0.975391
0.976814
0.977887
0.978485
0.981522
0.981759
0.982578
0.983313
0.981053
0.983261
0.981202
0.981876
0.980019
0.977785
0.980152
0.979922
0.979835
0.979617
0.979489
0.979087
0.977772
0.977429
0.972028
0.975014
0.974147
0.975779
0.977859
0.979983
0.982746
0.980533
0.982875
0.984938
0.985365
0.984757
0.982712
0.982379
0.98279
0.985021
0.986163
0.986304
0.985363
0.985371
0.986668
0.983691
0.981413
0.983501
0.983091
0.983967
0.983804
0.986715
0.987094
0.985117
0.982438
0.981135
0.980998
0.980087
0.979925
0.980277
0.981641
0.982754
0.98507
0.986234
0.987821
0.98627
0.984553
0.986256
0.982376
0.983969
0.984942
0.985322
0.986256
0.984956
0.983236
0.982122
0.980459
0.98137
0.982355
0.983566
0.984393
0.983664
0.98386
0.981733
0.980928
0.980994
0.981772
0.982392
0.980866
0.980483
0.979906
0.979668
0.981719
0.984637
0.985367
0.986033
0.987179
0.98419
0.984523
0.982899
0.985982
0.987616
0.987261
0.986161
0.982535
0.980914
0.980074
0.98068
0.980456
0.978882
0.979847
0.979648
0.981475
0.981549
0.981502
0.982381
0.980379
0.980099
0.980535
0.980198
0.981502
0.979242
0.977381
0.979217
0.981459
0.983137
0.983425
0.981993
0.981529
0.981199
0.983169
0.980153
0.980246
0.981839
0.98358
0.982928
0.982393
0.982187
0.982756
0.984101
0.982812
0.982539
0.984196
0.983001
0.983032
0.98486
0.986683
0.98765
0.987689
0.988731
0.989435
0.989563
0.989398
0.989398
0.991981
0.990692
0.991544
0.988732
0.985754
0.987346
0.982974
0.982106
0.982215
0.981109
0.980536
0.982495
0.984165
0.985051
0.986898
0.98618
0.985775
0.984756
0.985354
0.985677
0.986169
0.986259
0.987992
0.986375
0.983132
0.982152
0.980298
0.979436
0.979098
0.981464
0.983286
0.983016
0.98465
0.985346
0.985899
0.988142
0.988005
0.988056
0.988789
0.985075
0.985615
0.986005
0.986437
0.988646
0.988973
0.988729
0.986544
0.984729
0.984018
0.983602
0.981707
0.982445
0.985714
0.986083
0.986099
0.980942
0.981162
0.983945
0.983704
0.984601
0.982473
0.983693
0.981566
0.978375
0.977394
0.978895
0.979467
0.980467
0.980717
0.981327
0.979573
0.979623
0.979565
0.981503
0.982054
0.981579
0.98198
0.981319
0.982682
0.983474
0.985775
0.983016
0.983151
0.982965
0.981836
0.983133
0.984258
0.983833
0.984487
0.984416
0.983821
0.985525
0.985405
0.982997
0.981712
0.982259
0.983817
0.985099
0.983943
0.984642
0.984246
0.98537
0.983128
0.980242
0.981106
0.981139
0.983295
0.985708
0.9849
0.983032
0.982957
0.982789
0.985119
0.985919
0.984936
0.984549
0.981926
0.982251
0.983843
0.984577
0.986893
0.988895
0.987682
0.983262
0.981221
0.980877
0.981174
0.981406
0.981796
0.979834
0.980641
0.981896
0.981504
0.983743
0.98363
0.98642
0.98762
0.984578
0.985922
0.985205
0.982815
0.9839
0.982236
0.982059
0.983988
0.983957
0.984365
0.982276
0.983164
0.985374
0.985944
0.98412
0.986566
0.984733
0.982848
0.985179
0.983743
0.982981
0.983199
0.983693
0.984326
0.984419
0.986437
0.98429
0.980551
0.978236
0.979424
0.978353
0.977912
0.975775
0.978947
0.977535
0.976388
0.978115
0.979354
0.980296
0.98129
0.983284
0.98651
0.988091
0.986203
0.98508
0.983128
0.984635
0.987109
0.988514
0.985984
0.985012
0.985529
0.985844
0.983544
0.982023
0.98272
0.98249
0.982384
0.981158
0.980841
0.98176
0.979034
0.980904
0.982936
0.983429
0.984358
0.984562
0.984795
0.985499
0.985535
0.984914
0.983896
0.982449
0.982195
0.98298
0.982992
0.983883
0.982426
0.982435
0.982249
0.982442
0.980796
0.981513
0.98404
0.986074
0.986629
0.985877
0.984725
0.982871
0.98329
0.982318
0.984305
0.985937
0.985293
0.983854
0.982312
0.980011
0.981084
0.980016
0.979843
0.981583
0.982217
0.982942
0.982716
0.984093
0.9846
0.983471
0.981746
0.979399
0.980669
0.981895
0.981905
0.981292
0.980976
0.981881
0.983022
0.978772
0.980212
0.979522
0.978793
0.979695
0.981535
0.980673
0.981667
0.980962
0.980586
0.981294
0.980318
0.981071
0.979712
0.97966
0.980036
0.977859
0.979985
0.979299
0.980241
0.979567
0.981565
0.980723
0.978688
0.979712
0.978841
0.975676
0.976166
0.978233
0.979942
0.98078
0.978693
0.979966
0.978868
0.979914
0.981309
0.980993
0.980815
0.982285
0.983238
0.985686
0.984681
0.9839
0.983203
0.982682
0.985393
0.98605
0.985629
0.986023
0.986179
0.985357
0.984429
0.987063
0.988827
0.987631
0.98909
0.987039
0.988006
0.986036
0.98686
0.985394
0.98742
0.986721
0.986883
0.986274
0.986988
0.9871
0.990109
0.99088
0.990218
0.988979
0.988454
0.988181
0.987608
0.98701
0.9894
0.987449
0.985429
0.988189
0.989127
0.990555
0.988891
0.989616
0.988379
0.988145
0.986764
0.985732
0.984419
0.986427
0.986299
0.985055
0.986443
0.988073
0.986415
0.984987
0.987368
0.987602
0.986802
0.986783
0.985715
0.985846
0.985028
0.987893
0.987401
0.988623
0.985926
0.985829
0.985402
0.986385
0.986423
0.987848
0.988877
0.988387
0.989339
0.988011
0.986014
0.985301
0.984786
0.984566
0.984873
0.983357
0.982455
0.983127
0.982539
0.983178
0.979242
0.980549
0.981527
0.984596
0.98388
0.98331
0.981954
0.983206
0.984188
0.984891
0.986762
0.988943
0.989036
0.988079
0.983215
0.98099
0.982906
0.982921
0.984929
0.981894
0.980256
0.97788
0.980644
0.980536
0.980324
0.979447
0.978266
0.97626
0.977505
0.976269
0.97467
0.973261
0.974802
0.976627
0.976567
0.978898
0.978965
0.978485
0.980618
0.981732
0.982304
0.980115
0.977995
0.977238
0.97944
0.979316
0.979921
0.980216
0.978924
0.981186
0.983062
0.983817
0.983989
0.98234
0.983917
0.981477
0.97961
0.978933
0.978532
0.978394
0.979046
0.97739
0.978844
0.979382
0.978589
0.978314
0.97724
0.97707
0.976488
0.976077
0.975109
0.976748
0.976992
0.979481
0.977769
0.978405
0.978426
0.979663
0.979623
0.982032
0.981662
0.982378
0.983514
0.984559
0.987032
0.98591
0.982169
0.985135
0.985973
0.984352
0.984381
0.984084
0.979367
0.980324
0.980457
0.980779
0.981832
0.981603
0.983327
0.98193
0.981507
0.979183
0.975907
0.974987
0.978053
0.977993
0.976368
0.976323
0.976646
0.977858
0.979824
0.980846
0.980974
0.979415
0.980474
0.979852
0.979364
0.977239
0.978846
0.979991
0.980645
0.979634
0.979971
0.981281
0.982341
0.982531
0.980484
0.981232
0.97944
0.98088
0.980747
0.981389
0.981307
0.981772
0.982087
0.983206
0.983966
0.982308
0.984719
0.987291
0.985999
0.987341
0.986474
0.985272
0.987774
0.987646
0.986773
0.988155
0.987777
0.986791
0.985147
0.983502
0.984495
0.984398
0.98403
0.985127
0.987602
0.987649
0.987174
0.985476
0.985502
0.986942
0.988238
0.988174
0.989631
0.988421
0.989791
0.988804
0.990241
0.990353
0.989913
0.990326
0.990065
0.985327
0.985001
0.986575
0.9887
0.983712
0.98185
0.979915
0.982362
0.981331
0.980786
0.981049
0.982873
0.981419
0.97727
0.976096
0.975311
0.977934
0.97744
0.979457
0.981354
0.98058
0.981036
0.982741
0.984245
0.982123
0.982347
0.979771
0.980714
0.97812
0.980003
0.978168
0.979354
0.977274
0.979174
0.97986
0.980176
0.980113
0.980653
0.982223
0.981305
0.981771
0.980558
0.982964
0.985476
0.985475
0.985752
0.985192
0.986028
0.988174
0.988207
0.989162
0.99007
0.990403
0.988991
0.987742
0.987365
0.987479
0.984888
0.986555
0.988307
0.988437
0.989564
0.989629
0.989168
0.990193
0.987552
0.989715
0.986414
0.988883
0.989632
0.987359
0.986217
0.986644
0.987926
0.987405
0.987747
0.986825
0.988196
0.98928
0.988989
0.988298
0.989617
0.9883
0.987714
0.988893
0.986886
0.989025
0.989052
0.989042
0.987443
0.989048
0.983329
0.98355
0.985602
0.987432
0.982553
0.981371
0.981173
0.982587
0.981333
0.980067
0.979372
0.98035
0.979772
0.980378
0.981498
0.983377
0.982714
0.979069
0.978634
0.979318
0.979547
0.980809
0.980032
0.977369
0.979182
0.980427
0.981323
0.982737
0.985762
0.987338
0.984475
0.983919
0.984553
0.984178
0.983191
0.984237
0.984192
0.985689
0.987744
0.987894
0.988037
0.987357
0.988299
0.984713
0.986136
0.987523
0.987496
0.986806
0.987547
0.987656
0.986073
0.987389
0.987111
0.988494
0.98635
0.986214
0.984487
0.985248
0.983507
0.982426
0.983534
0.98329
0.982836
0.98162
0.982126
0.983143
0.984125
0.984814
0.98484
0.983329
0.983544
0.982385
0.983
0.984158
0.984628
0.984584
0.984773
0.982605
0.983603
0.982821
0.984462
0.982986
0.98326
0.983368
0.982228
0.97989
0.981303
0.982247
0.983439
0.986882
0.988784
0.984071
0.982098
0.978884
0.97772
0.977273
0.977585
0.977698
0.976133
0.975815
0.9746
0.9753
0.976285
0.976482
0.978175
0.978394
0.979572
0.979188
0.978
0.979043
0.97949
0.977829
0.978756
0.980253
0.981545
0.981627
0.983299
0.983805
0.985892
0.98593
0.987186
0.986689
0.98778
0.985336
0.984837
0.98657
0.985784
0.982483
0.983809
0.985495
0.985735
0.984989
0.984607
0.984016
0.982342
0.982145
0.981376
0.983131
0.981917
0.981439
0.980937
0.981169
0.981393
0.98204
0.979184
0.980432
0.978197
0.979357
0.980979
0.981001
0.981529
0.986505
0.985347
0.980716
0.979668
0.97989
0.979912
0.978556
0.977223
0.977029
0.977589
0.978191
0.976548
0.978925
0.976741
0.974585
0.97626
0.977274
0.978653
0.978699
0.978514
0.977014
0.977856
0.979776
0.980608
0.980303
0.980857
0.977302
0.976097
0.9755
0.978448
0.979044
0.977721
0.978653
0.981103
0.983346
0.982934
0.983187
0.982025
0.982536
0.981202
0.9815
0.982157
0.982803
0.983434
0.981443
0.982923
0.981677
0.980543
0.980474
0.981048
0.980429
0.979243
0.977515
0.975629
0.978151
0.979215
0.978606
0.978743
0.977811
0.979534
0.978601
0.980624
0.979801
0.981703
0.982164
0.985776
0.983672
0.981207
0.982288
0.983472
0.983734
0.983936
0.985308
0.98359
0.982388
0.98444
0.986873
0.98457
0.984778
0.98446
0.983802
0.982454
0.984854
0.983014
0.984734
0.986159
0.985302
0.985882
0.988046
0.988349
0.985894
0.985165
0.986638
0.985217
0.98474
0.985452
0.985998
0.989132
0.992411
0.991425
0.99213
0.988889
0.989709
0.9898
0.986653
0.987957
0.987511
0.987233
0.986583
0.986602
0.987673
0.987725
0.984798
0.984752
0.98567
0.988362
0.98896
0.986669
0.98461
0.98493
0.985402
0.987274
0.986195
0.986464
0.986596
0.986538
0.985681
0.98607
0.986
0.986927
0.985788
0.984518
0.986194
0.98607
0.984004
0.983444
0.983126
0.982581
0.981486
0.982831
0.985186
0.984802
0.98598
0.985641
0.986292
0.986943
0.988832
0.988238
0.98932
0.987429
0.986085
0.987393
0.986265
0.983704
0.984098
0.984742
0.984721
0.98755
0.988373
0.9864
0.984373
0.983321
0.983909
0.985237
0.980835
0.982849
0.983391
0.985911
0.983944
0.982436
0.984289
0.984482
0.984556
0.984229
0.984905
0.982084
0.981692
0.981388
0.982689
0.982472
0.980959
0.98109
0.980241
0.981527
0.983082
0.982083
0.981228
0.979251
0.979031
0.980317
0.981024
0.980674
0.981778
0.982988
0.982678
0.982182
0.981108
0.98015
0.982053
0.981639
0.984465
0.986725
0.98648
0.988451
0.987516
0.984911
0.984706
0.982398
0.983993
0.985703
0.985455
0.985607
0.9859
0.986555
0.987278
0.988702
0.988721
0.986647
0.987174
0.985446
0.985724
0.98162
0.981699
0.982825
0.983725
0.983413
0.984116
0.983326
0.983738
0.983915
0.984346
0.986048
0.98578
0.982624
0.984006
0.982861
0.980375
0.980866
0.982185
0.982256
0.983048
0.982166
0.984216
0.981523
0.982756
0.982495
0.98159
0.980863
0.979592
0.978363
0.977987
0.979621
0.978848
0.976567
0.977795
0.978771
0.979528
0.980857
0.98196
0.981518
0.981793
0.982982
0.982093
0.981717
0.981972
0.982968
0.979823
0.980054
0.982825
0.983946
0.981547
0.980936
0.981095
0.980307
0.979389
0.978208
0.978118
0.977103
0.9777
0.978176
0.978063
0.977722
0.977204
0.976929
0.977297
0.980904
0.978421
0.977301
0.978351
0.978976
0.97577
0.976493
0.976353
0.97565
0.974773
0.976044
0.976934
0.978882
0.979098
0.981201
0.982879
0.981397
0.983964
0.985447
0.984859
0.985164
0.985396
0.984842
0.983835
0.984486
0.9822
0.982111
0.979552
0.979013
0.979434
0.98053
0.981339
0.980052
0.980311
0.980558
0.981847
0.983409
0.983089
0.982057
0.982518
0.985413
0.984697
0.984803
0.98309
0.982965
0.980253
0.979167
0.980193
0.980082
0.981233
0.981637
0.980795
0.979926
0.980575
0.982103
0.984418
0.984259
0.983434
0.985766
0.980659
0.979766
0.981871
0.98114
0.981629
0.981703
0.982998
0.981353
0.981985
0.982762
0.982814
0.984219
0.985497
0.988114
0.989503
0.98909
0.989046
0.989964
0.989666
0.988516
0.987584
0.986861
0.98613
0.986777
0.985646
0.984724
0.984318
0.98636
0.983367
0.985444
0.984738
0.985168
0.984605
0.984722
0.983752
0.982815
0.981587
0.980882
0.981885
0.980036
0.981242
0.985229
0.984137
0.985112
0.985798
0.987759
0.987483
0.988475
0.989307
0.984786
0.984469
0.986726
0.984257
0.986117
0.985502
0.986596
0.984712
0.984725
0.982014
0.980395
0.980179
0.979933
0.979853
0.981135
0.980831
0.982773
0.983728
0.983577
0.981996
0.981039
0.981572
0.979768
0.982141
0.981805
0.981628
0.981762
0.982774
0.983273
0.986115
0.986991
0.985654
0.984905
0.98525
0.983877
0.98281
0.983178
0.984685
0.987692
0.986035
0.983969
0.986263
0.985409
0.986038
0.984258
0.985213
0.983478
0.981751
0.981435
0.979763
0.980657
0.981198
0.984297
0.983271
0.981997
0.983447
0.983543
0.985071
0.985462
0.986202
0.9829
0.98234
0.984566
0.984277
0.985474
0.98591
0.985264
0.985277
0.983612
0.983689
0.984778
0.984193
0.984293
0.983722
0.98384
0.981305
0.980144
0.97939
0.98055
0.983052
0.983536
0.983599
0.986253
0.987662
0.988405
0.986478
0.987992
0.987323
0.987546
0.988607
0.987596
0.987634
0.986117
0.98437
0.985162
0.984039
0.983571
0.983038
0.982925
0.982569
0.981093
0.981985
0.982231
0.98249
0.981742
0.98439
0.98279
0.981094
0.982959
0.983613
0.983682
0.9819
0.982286
0.980287
0.978741
0.978148
0.98064
0.980948
0.980646
0.982902
0.982336
0.980613
0.978183
0.978662
0.981022
0.978619
0.979096
0.980559
0.981448
0.981106
0.980502
0.977938
0.97675
0.977511
0.978114
0.980601
0.980172
0.980482
0.980776
0.98109
0.981773
0.980145
0.983189
0.982438
0.980904
0.980908
0.983134
0.981366
0.979082
0.976835
0.975886
0.975848
0.977831
0.978749
0.980252
0.980771
0.982982
0.983238
0.985438
0.984477
0.983265
0.984466
0.984876
0.984536
0.98268
0.985165
0.984658
0.985428
0.983667
0.984458
0.98515
0.984638
0.985836
0.983258
0.979521
0.979276
0.98157
0.982409
0.982086
0.982897
0.982675
0.984928
0.985731
0.985927
0.983793
0.986856
0.986492
0.98555
0.986077
0.985396
0.984677
0.984101
0.986037
0.985486
0.985007
0.986285
0.986846
0.986637
0.983034
0.983459
0.979774
0.981828
0.981089
0.978883
0.981538
0.982669
0.986369
0.985685
0.986345
0.985692
0.985764
0.985743
0.988645
0.987415
0.985512
0.983375
0.982007
0.978914
0.976396
0.975832
0.974497
0.973561
0.974531
0.976874
0.977154
0.979125
0.980339
0.981625
0.981652
0.982596
0.985342
0.986047
0.984831
0.983314
0.984014
0.988183
0.986727
0.985403
0.984457
0.983232
0.98211
0.98226
0.982847
0.982961
0.981219
0.979715
0.979074
0.9805
0.982312
0.982653
0.984548
0.984274
0.986208
0.98423
0.982714
0.980916
0.980198
0.980386
0.978318
0.977677
0.976549
0.977588
0.978608
0.980919
0.981586
0.984175
0.983206
0.981481
0.983331
0.982247
0.984242
0.98396
0.986137
0.987686
0.985918
0.983502
0.981887
0.980299
0.980103
0.980785
0.980114
0.980352
0.979515
0.97917
0.976254
0.975593
0.979043
0.977702
0.977594
0.977766
0.980861
0.98144
0.982896
0.981907
0.978939
0.978857
0.976971
0.978185
0.978075
0.976305
0.976184
0.976183
0.978424
0.979114
0.9791
0.980743
0.982939
0.984809
0.982734
0.982049
0.980832
0.979173
0.980026
0.982584
0.981127
0.980271
0.982229
0.982102
0.981824
0.981198
0.984644
0.984125
0.981628
0.977147
0.975853
0.977872
0.980042
0.980371
0.982216
0.981763
0.980691
0.981931
0.97861
0.981142
0.979098
0.977965
0.977152
0.976848
0.977748
0.978692
0.978171
0.97515
0.976539
0.97565
0.97445
0.97487
0.97669
0.976225
0.976677
0.974935
0.97647
0.975597
0.974177
0.975906
0.977416
0.976138
0.975501
0.977097
0.978749
0.982446
0.980449
0.980435
0.978803
0.97836
0.980776
0.979618
0.977777
0.97754
0.977018
0.977985
0.978775
0.980276
0.980305
0.98135
0.979286
0.980782
0.981944
0.982245
0.981727
0.980391
0.980176
0.979926
0.981576
0.980488
0.983031
0.983901
0.98439
0.983622
0.983781
0.983126
0.985477
0.98534
0.984404
0.984775
0.983505
0.98423
0.982422
0.982399
0.982933
0.979972
0.980496
0.981442
0.978227
0.977947
0.979496
0.980175
0.978429
0.976284
0.977862
0.977474
0.976773
0.978854
0.981745
0.981626
0.983974
0.984115
0.985302
0.984265
0.983997
0.985968
0.986989
0.984863
0.9861
0.985323
0.986175
0.986388
0.987886
0.988452
0.988836
0.989597
0.987466
0.986494
0.985883
0.985207
0.983663
0.982733
0.982653
0.980207
0.980942
0.97996
0.982399
0.982666
0.981966
0.981945
0.98005
0.979988
0.979807
0.97843
0.979514
0.982475
0.982796
0.983533
0.984987
0.984154
0.985508
0.986624
0.985494
0.986324
0.986298
0.984601
0.983815
0.981325
0.980759
0.981468
0.978678
0.977544
0.978195
0.978347
0.981506
0.979033
0.979229
0.980152
0.983882
0.984477
0.98309
0.985675
0.985268
0.98594
0.984908
0.984703
0.98508
0.987086
0.986915
0.989403
0.987897
0.987894
0.988348
0.98712
0.985758
0.985142
0.986317
0.986479
0.987591
0.989071
0.988885
0.987806
0.987237
0.986803
0.986877
0.98602
0.984999
0.986394
0.986822
0.984603
0.982172
0.982465
0.983321
0.984311
0.986571
0.985073
0.985615
0.984473
0.987855
0.98759
0.986545
0.981948
0.984168
0.985826
0.987137
0.988034
0.986256
0.984884
0.982845
0.984474
0.981775
0.98029
0.98156
0.982908
0.984046
0.984532
0.983651
0.985277
0.987497
0.984902
0.986132
0.985705
0.983016
0.982448
0.981112
0.984748
0.986077
0.987171
0.986041
0.987211
0.987381
0.98337
0.983766
0.985002
0.983802
0.983147
0.981874
0.98222
0.98453
0.983194
0.982729
0.979133
0.979383
0.980522
0.979029
0.98059
0.981822
0.984281
0.985245
0.985259
0.987155
0.986462
0.984822
0.984387
0.984383
0.984486
0.984277
0.983941
0.983403
0.983738
0.985736
0.985576
0.987302
0.986399
0.984061
0.981033
0.979409
0.977564
0.977438
0.977379
0.977806
0.978826
0.977924
0.978378
0.978343
0.98016
0.981595
0.97918
0.978779
0.979338
0.977427
0.976971
0.975675
0.975517
0.977153
0.97798
0.976639
0.977359
0.97859
0.978377
0.977881
0.980778
0.979349
0.979052
0.980238
0.983407
0.985775
0.985387
0.983608
0.984267
0.983741
0.984467
0.984351
0.985857
0.985783
0.986251
0.983949
0.984303
0.981859
0.983497
0.984437
0.985359
0.985894
0.986276
0.987126
0.988146
0.987144
0.986883
0.985495
0.983173
0.982008
0.981038
0.979033
0.98237
0.982184
0.980488
0.97736
0.980423
0.981361
0.981863
0.982619
0.981846
0.983391
0.982522
0.981649
0.981808
0.982592
0.983644
0.985028
0.984288
0.982807
0.981561
0.979755
0.979238
0.977929
0.981934
0.981984
0.982298
0.983514
0.983173
0.982914
0.980709
0.982908
0.981465
0.979919
0.982752
0.982986
0.982241
0.983192
0.98403
0.984481
0.98437
0.982968
0.983078
0.984882
0.986356
0.986509
0.985706
0.988248
0.987817
0.988109
0.988212
0.986278
0.985612
0.985009
0.984606
0.986429
0.986857
0.982783
0.983863
0.984183
0.984642
0.984661
0.985389
0.983847
0.983037
0.983966
0.983493
0.985283
0.985127
0.983445
0.984513
0.983651
0.983682
0.982385
0.9806
0.981588
0.982264
0.980904
0.980862
0.979697
0.982692
0.984313
0.981216
0.982147
0.980668
0.98307
0.981844
0.982043
0.983193
0.982911
0.984148
0.986528
0.987435
0.989189
0.988765
0.99009
0.990115
0.990166
0.988027
0.985415
0.985061
0.9852
0.986619
0.987866
0.988599
0.989174
0.988882
0.988483
0.985284
0.985953
0.982303
0.983738
0.983529
0.984581
0.986753
0.985665
0.98634
0.983704
0.981245
0.982582
0.985438
0.985356
0.987924
0.989476
0.987254
0.987641
0.985347
0.985135
0.98495
0.984511
0.983331
0.982583
0.986019
0.983988
0.983907
0.980905
0.979068
0.979643
0.979304
0.980908
0.981666
0.980098
0.980796
0.98093
0.979652
0.981044
0.981173
0.984075
0.984563
0.985683
0.985628
0.986713
0.988628
0.989365
0.989308
0.989976
0.989283
0.987968
0.992117
0.992811
0.993919
0.993507
0.99111
0.986697
0.987378
0.985284
0.984771
0.982734
0.983155
0.984958
0.984407
0.983541
0.983847
0.985223
0.985262
0.986086
0.986152
0.985504
0.985923
0.98817
0.989022
0.988528
0.988099
0.98508
0.983719
0.981339
0.982933
0.983201
0.983362
0.981858
0.980489
0.977504
0.977169
0.979773
0.981167
0.979723
0.98053
0.981222
0.982581
0.983284
0.982163
0.983915
0.983001
0.983075
0.982454
0.981595
0.983441
0.984171
0.98578
0.987164
0.986584
0.983404
0.979967
0.979142
0.978614
0.980107
0.979304
0.980473
0.983474
0.984616
0.984479
0.984668
0.984146
0.986062
0.985336
0.986242
0.985066
0.98534
0.985877
0.983907
0.986536
0.98617
0.985443
0.984975
0.986259
0.986312
0.988324
0.988117
0.991171
0.992905
0.990868
0.990617
0.987292
0.98917
0.986859
0.987583
0.987938
0.984116
0.985254
0.982401
0.982896
0.98379
0.98351
0.9826
0.981829
0.983075
0.982677
0.981007
0.981651
0.981983
0.983653
0.983909
0.984433
0.984555
0.981871
0.985818
0.985828
0.984094
0.982533
0.984036
0.983735
0.982241
0.980119
0.980041
0.978816
0.979811
0.981738
0.978936
0.978147
0.980385
0.979657
0.978306
0.976536
0.977458
0.977066
0.98085
0.978436
0.976211
0.976167
0.977048
0.979482
0.981809
0.982346
0.983587
0.984855
0.983455
0.982826
0.981946
0.985518
0.987538
0.986768
0.985202
0.985986
0.983606
0.981872
0.983757
0.979708
0.979373
0.980367
0.979396
0.981553
0.9826
0.980532
0.979789
0.980008
0.980884
0.982794
0.980427
0.979792
0.979884
0.978761
0.979633
0.98276
0.983314
0.983136
0.981976
0.984417
0.984326
0.985433
0.986622
0.985665
0.985513
0.985545
0.987159
0.985295
0.984264
0.984123
0.985847
0.986288
0.98562
0.984257
0.983203
0.985955
0.986454
0.98663
0.986395
0.980771
0.979169
0.98031
0.979999
0.978621
0.978669
0.97816
0.976595
0.978382
0.978942
0.983122
0.981955
0.983215
0.982804
0.98254
0.983145
0.979311
0.980828
0.981156
0.982255
0.982584
0.978857
0.979423
0.97862
0.979839
0.979631
0.97837
0.979102
0.978097
0.976877
0.975745
0.974604
0.973841
0.975075
0.978199
0.981503
0.981179
0.98141
0.98014
0.981625
0.983152
0.983255
0.982779
0.980495
0.982084
0.98162
0.984101
0.982206
0.98316
0.98325
0.984043
0.981075
0.980163
0.979044
0.981576
0.982703
0.984319
0.983765
0.984094
0.983263
0.982559
0.979264
0.979941
0.979935
0.98183
0.98197
0.983418
0.983618
0.984722
0.983667
0.983833
0.984872
0.98307
0.982696
0.98302
0.985984
0.986233
0.98652
0.98912
0.987471
0.98777
0.986329
0.983701
0.982489
0.983048
0.984443
0.98633
0.985496
0.9859
0.982351
0.981321
0.98153
0.983279
0.980266
0.979946
0.980001
0.98001
0.979425
0.978215
0.97785
0.981061
0.981924
0.982279
0.982364
0.982863
0.980286
0.98146
0.981314
0.981331
0.979661
0.979157
0.979521
0.982032
0.983173
0.985051
0.985448
0.98512
0.985816
0.985863
0.987392
0.98856
0.984737
0.985382
0.9871
0.986679
0.985963
0.983315
0.978878
0.97966
0.979747
0.979798
0.979429
0.977861
0.98175
0.980531
0.981069
0.981683
0.982135
0.980995
0.981317
0.979276
0.97796
0.97882
0.977916
0.978096
0.976684
0.978164
0.978418
0.979936
0.979415
0.978027
0.976458
0.974443
0.97452
0.973941
0.977296
0.980052
0.982806
0.984069
0.985143
0.983442
0.985308
0.985251
0.985599
0.984891
0.985337
0.98701
0.985308
0.985983
0.985406
0.986358
0.985799
0.98661
0.984768
0.985055
0.985017
0.985645
0.984806
0.984893
0.984567
0.985091
0.983412
0.983755
0.9829
0.98169
0.980776
0.983684
0.98411
0.982746
0.983641
0.98215
0.980858
0.983012
0.983835
0.983075
0.985852
0.982729
0.982833
0.979901
0.977251
0.977667
0.979818
0.984469
0.984488
0.986998
0.987272
0.985162
0.986189
0.985976
0.982148
0.981575
0.9841
0.984691
0.984159
0.985057
0.983327
0.983427
0.983685
0.986614
0.985528
0.986867
0.987928
0.988578
0.991053
0.988771
0.986515
0.983661
0.98182
0.979453
0.980083
0.981613
0.982566
0.984322
0.984082
0.98343
0.984885
0.983919
0.982977
0.982065
0.981247
0.983049
0.981919
0.983155
0.979527
0.979484
0.980305
0.984452
0.983603
0.982678
0.982601
0.981888
0.982488
0.981723
0.98583
0.984212
0.985468
0.985092
0.981942
0.982235
0.98171
0.981052
0.983287
0.982338
0.982153
0.982695
0.985959
0.985056
0.986634
0.986427
0.987884
0.98395
0.979845
0.980125
0.979056
0.980917
0.979807
0.978359
0.980151
0.978276
0.980916
0.982035
0.980529
0.982755
0.984285
0.985141
0.98408
0.984927
0.9864
0.985635
0.985953
0.984863
0.986859
0.987306
0.984563
0.982655
0.986482
0.986666
0.984626
0.985246
0.982312
0.983135
0.981619
0.981582
0.98125
0.980579
0.980615
0.982662
0.982302
0.982084
0.982296
0.983039
0.982685
0.982779
0.985816
0.987274
0.986008
0.986228
0.985129
0.984584
0.986207
0.984292
0.984387
0.983671
0.983636
0.981943
0.981179
0.981354
0.981549
0.982733
0.984194
0.985613
0.984697
0.986495
0.985872
0.985135
0.986612
0.986921
0.984899
0.983686
0.982603
0.983286
0.984984
0.98486
0.984664
0.983464
0.984236
0.986479
0.987848
0.98648
0.985803
0.983609
0.984987
0.982384
0.983907
0.985233
0.985893
0.9831
0.9829
0.982922
0.982036
0.981863
0.981641
0.981929
0.983131
0.984376
0.984866
0.982935
0.982904
0.982414
0.980269
0.981113
0.980174
0.983403
0.984938
0.986351
0.987492
0.985263
0.983278
0.98232
0.984065
0.980786
0.981004
0.981126
0.981755
0.981401
0.981736
0.98214
0.982278
0.983728
0.986788
0.987601
0.987644
0.987386
0.986128
0.986895
0.985859
0.987476
0.986463
0.987304
0.987626
0.98706
0.98689
0.987127
0.987185
0.987689
0.985821
0.985114
0.986221
0.988529
0.990882
0.99071
0.990124
0.990069
0.989068
0.988539
0.989539
0.991601
0.991024
0.990265
0.990565
0.991659
0.99092
0.991328
0.988276
0.98614
0.985884
0.985346
0.985551
0.985822
0.985621
0.983512
0.981567
0.983578
0.984864
0.985143
0.986419
0.982042
0.983142
0.981826
0.982923
0.981588
0.982472
0.983966
0.983945
0.987535
0.983991
0.985225
0.979391
0.980416
0.981923
0.982572
0.978914
0.979214
0.981441
0.980051
0.97821
0.979483
0.982411
0.984716
0.98184
0.980906
0.980872
0.980026
0.979418
0.980781
0.982286
0.98073
0.978301
0.97782
0.975285
0.976468
0.977605
0.97756
0.981317
0.982274
0.979796
0.979047
0.979597
0.980558
0.980173
0.979224
0.979723
0.978373
0.979142
0.977377
0.979209
0.980126
0.980869
0.982216
0.979558
0.979594
0.979702
0.978674
0.979921
0.981451
0.981547
0.980806
0.982909
0.985114
0.985891
0.983668
0.982269
0.982033
0.982922
0.983383
0.983153
0.983159
0.981507
0.982967
0.981453
0.980635
0.980306
0.979597
0.982023
0.980107
0.982595
0.98366
0.986017
0.987637
0.987459
0.989281
0.98871
0.987352
0.984528
0.983686
0.982382
0.9827
0.985122
0.98506
0.984368
0.984677
0.983933
0.983918
0.982619
0.982925
0.984179
0.984061
0.982923
0.981957
0.981161
0.98329
0.982706
0.98247
0.980815
0.981891
0.980265
0.981036
0.980288
0.978757
0.979887
0.982016
0.981971
0.98176
0.97974
0.978248
0.978884
0.978813
0.980081
0.979281
0.980157
0.982717
0.983887
0.983078
0.983593
0.984168
0.986281
0.987566
0.985599
0.985914
0.985744
0.98388
0.982824
0.983428
0.981167
0.978367
0.977873
0.977065
0.976637
0.976126
0.976372
0.977608
0.978175
0.981884
0.982293
0.982163
0.982916
0.983775
0.98429
0.985201
0.985588
0.986281
0.988035
0.988803
0.984846
0.984577
0.981014
0.981801
0.981484
0.982361
0.982917
0.981541
0.98191
0.981976
0.98315
0.981583
0.984201
0.984833
0.982555
0.980109
0.979246
0.979317
0.976594
0.978644
0.977707
0.978049
0.976431
0.975264
0.976516
0.9792
0.980005
0.98273
0.983413
0.981306
0.981672
0.98029
0.980843
0.982267
0.982237
0.981939
0.978968
0.980685
0.981604
0.98057
0.97744
0.978464
0.977363
0.979024
0.979626
0.981842
0.981174
0.982305
0.981179
0.982918
0.983285
0.98537
0.987841
0.984259
0.981265
0.979372
0.979671
0.980548
0.979026
0.979514
0.980282
0.98254
0.981053
0.978952
0.97714
0.977025
0.978596
0.97766
0.979665
0.98003
0.981696
0.980667
0.978423
0.978114
0.975372
0.975539
0.97482
0.971434
0.974216
0.974551
0.975006
0.975481
0.978036
0.98003
0.980128
0.981043
0.979506
0.98349
0.983364
0.985251
0.984368
0.984382
0.983253
0.982897
0.982218
0.983145
0.982253
0.982404
0.984327
0.985347
0.983543
0.985519
0.983396
0.982197
0.982737
0.984643
0.984846
0.984342
0.983967
0.981631
0.980513
0.982871
0.985879
0.985742
0.985529
0.985842
0.98704
0.987006
0.986477
0.987352
0.989976
0.989341
0.986773
0.985124
0.983209
0.982704
0.981931
0.982483
0.982545
0.982237
0.984676
0.986589
0.98754
0.989272
0.986415
0.985943
0.983341
0.983821
0.982309
0.983303
0.980781
0.978129
0.978464
0.977457
0.974069
0.976617
0.977662
0.977673
0.975591
0.975294
0.977521
0.978778
0.976897
0.976923
0.976439
0.979329
0.978973
0.980317
0.977854
0.977376
0.976187
0.976102
0.977241
0.978826
0.978044
0.977401
0.977944
0.979363
0.981439
0.981018
0.979612
0.980128
0.97968
0.982279
0.980295
0.980572
0.981437
0.981152
0.980522
0.979644
0.980707
0.981003
0.982627
0.983807
0.985587
0.985361
0.98573
0.984067
0.98624
0.985849
0.981967
0.983667
0.985037
0.984797
0.984612
0.985546
0.985809
0.984026
0.985392
0.984718
0.984016
0.982997
0.983565
0.984462
0.983851
0.982986
0.984501
0.985435
0.985642
0.983849
0.985809
0.987022
0.987359
0.985933
0.984441
0.98243
0.983119
0.983531
0.984692
0.986823
0.985971
0.984036
0.984665
0.985104
0.984623
0.984866
0.984317
0.986463
0.98722
0.984559
0.984584
0.985048
0.986339
0.987903
0.988489
0.988661
0.986778
0.987965
0.987747
0.9867
0.987911
0.987461
0.986571
0.987841
0.987114
0.989829
0.986703
0.985567
0.982754
0.980843
0.982992
0.983373
0.984383
0.98668
0.987254
0.985392
0.986491
0.986385
0.985225
0.987871
0.986099
0.986019
0.98209
0.983825
0.984582
0.982311
0.981972
0.983075
0.98013
0.980795
0.978098
0.976792
0.978516
0.980555
0.981431
0.98014
0.981684
0.98159
0.978441
0.978569
0.979743
0.979198
0.982882
0.980997
0.976805
0.979396
0.978844
0.980541
0.98067
0.981323
0.979959
0.980808
0.981559
0.979481
0.980462
0.979692
0.982005
0.981234
0.981457
0.982365
0.983079
0.98479
0.985256
0.986599
0.987284
0.987378
0.985552
0.983772
0.984511
0.986125
0.987066
0.98595
0.98579
0.986028
0.98705
0.98475
0.985116
0.985604
0.984917
0.984804
0.986371
0.984365
0.985764
0.983753
0.984015
0.982749
0.984248
0.983007
0.984137
0.983931
0.983504
0.983356
0.984799
0.986585
0.986357
0.987788
0.988337
0.987466
0.989183
0.988916
0.987996
0.98725
0.985503
0.982878
0.98317
0.984663
0.9842
0.982899
0.984711
0.986667
0.985835
0.984149
0.986027
0.986463
0.986767
0.98245
0.983157
0.985198
0.985079
0.984852
0.984942
0.985078
0.982491
0.984298
0.986372
0.989095
0.986113
0.985297
0.983828
0.984511
0.984709
0.982217
0.982653
0.984955
0.98491
0.983618
0.984384
0.985677
0.9875
0.984931
0.98495
0.987077
0.985812
0.98465
0.987246
0.985278
0.982796
0.984615
0.984217
0.985582
0.986872
0.985542
0.985314
0.987258
0.988199
0.987819
0.98574
0.986064
0.986186
0.986386
0.983109
0.984242
0.985466
0.984532
0.981258
0.982015
0.982244
0.980901
0.982076
0.984594
0.98322
0.982319
0.982624
0.983937
0.985002
0.985158
0.98479
0.984669
0.984823
0.986924
0.987812
0.986576
0.985179
0.984644
0.986981
0.987036
0.986492
0.988379
0.988744
0.989155
0.986092
0.985523
0.986203
0.984198
0.981495
0.982356
0.983441
0.985674
0.985536
0.984767
0.985486
0.984867
0.984978
0.984057
0.983343
0.981431
0.980689
0.980358
0.982127
0.981549
0.982271
0.983309
0.984993
0.981878
0.980524
0.978762
0.976884
0.976622
0.978331
0.977539
0.978532
0.979852
0.981598
0.982974
0.984414
0.984781
0.983912
0.981615
0.982516
0.983685
0.984523
0.984087
0.983675
0.982483
0.983266
0.981087
0.983632
0.981747
0.978662
0.980616
0.981304
0.983371
0.982952
0.980806
0.98324
0.983303
0.983965
0.981529
0.97799
0.978415
0.975841
0.975025
0.974064
0.976611
0.976639
0.978164
0.979176
0.979035
0.97751
0.977424
0.979255
0.979042
0.977609
0.979954
0.981024
0.983189
0.983828
0.986058
0.986283
0.988585
0.988419
0.98921
0.987245
0.983582
0.984971
0.982868
0.982878
0.9814
0.980855
0.980819
0.981847
0.983468
0.98301
0.980206
0.982368
0.983037
0.979895
0.979783
0.981329
0.979795
0.982051
0.983421
0.984942
0.983285
0.981408
0.980396
0.982996
0.983954
0.985494
0.984632
0.98537
0.986005
0.985499
0.983867
0.984094
0.984522
0.985873
0.986531
0.988789
0.985976
0.98244
0.983776
0.980824
0.980761
0.982782
0.982603
0.984775
0.984119
0.984003
0.982987
0.984003
0.982315
0.983216
0.982247
0.981778
0.979558
0.979426
0.981808
0.983144
0.981333
0.981208
0.980307
0.979584
0.980784
0.980912
0.981746
0.981471
0.980773
0.977432
0.978594
0.980438
0.97876
0.979732
0.978569
0.980088
0.978394
0.978013
0.978895
0.978561
0.977212
0.978881
0.978516
0.978324
0.980637
0.982359
0.98365
0.986272
0.985219
0.980877
0.980278
0.981913
0.98186
0.981333
0.981239
0.982933
0.982859
0.983231
0.984692
0.9831
0.983724
0.984551
0.98296
0.981235
0.982419
0.983667
0.982551
0.983167
0.982177
0.981075
0.98245
0.982018
0.982949
0.982597
0.983921
0.985361
0.98463
0.983868
0.98622
0.985734
0.984753
0.982763
0.983928
0.985062
0.982955
0.983134
0.983066
0.983273
0.984569
0.984066
0.984064
0.983521
0.983485
0.983346
0.983148
0.982376
0.983326
0.983234
0.98398
0.984988
0.984609
0.982117
0.980387
0.983249
0.985118
0.984908
0.983492
0.981559
0.983329
0.982736
0.981587
0.982094
0.983745
0.983938
0.983116
0.982585
0.982976
0.983825
0.981677
0.982341
0.979757
0.978663
0.97955
0.978996
0.979727
0.979387
0.978546
0.982136
0.982721
0.982789
0.982805
0.984265
0.986898
0.987841
0.985467
0.985011
0.984406
0.983902
0.985146
0.98282
0.983881
0.982107
0.98242
0.98166
0.981492
0.981649
0.981127
0.982064
0.98397
0.983552
0.983449
0.982212
0.984015
0.981571
0.982968
0.981233
0.981515
0.981949
0.97966
0.977015
0.977712
0.978559
0.979548
0.980474
0.981103
0.978265
0.978429
0.979927
0.980999
0.98204
0.983287
0.98173
0.981877
0.981571
0.980249
0.97973
0.980379
0.98077
0.980827
0.98108
0.980513
0.980713
0.9805
0.981815
0.983075
0.984105
0.980261
0.98187
0.981887
0.984013
0.984813
0.98711
0.985668
0.983526
0.983936
0.986954
0.987488
0.985329
0.985367
0.984094
0.983941
0.985953
0.985441
0.985857
0.986789
0.988807
0.989074
0.987999
0.987811
0.988103
0.989998
0.990924
0.985068
0.986311
0.98454
0.986524
0.986269
0.988075
0.99057
0.989498
0.991518
0.990808
0.991406
0.991887
0.988867
0.989346
0.988078
0.989018
0.984861
0.983086
0.983422
0.983973
0.983443
0.980442
0.979027
0.979359
0.979619
0.976933
0.977876
0.977063
0.976574
0.976167
0.974948
0.977142
0.977601
0.97605
0.976565
0.9787
0.976044
0.979023
0.978047
0.978665
0.978832
0.97808
0.97961
0.979398
0.980195
0.981619
0.981241
0.982392
0.981845
0.980847
0.980204
0.980818
0.981659
0.982406
0.982198
0.981825
0.9839
0.982356
0.984549
0.980302
0.979758
0.980111
0.979434
0.980349
0.982577
0.981437
0.978951
0.977535
0.97762
0.979237
0.977937
0.976446
0.977531
0.978286
0.978294
0.976742
0.977536
0.979329
0.97953
0.981663
0.982154
0.982287
0.981206
0.981215
0.979665
0.981737
0.982324
0.982245
0.982797
0.983046
0.981825
0.982948
0.984388
0.986814
0.988267
0.986939
0.98669
0.987271
0.985988
0.987506
0.985056
0.985401
0.98306
0.980571
0.979503
0.97714
0.977825
0.979202
0.979541
0.979715
0.980524
0.978169
0.978907
0.978198
0.976581
0.978008
0.975869
0.974547
0.973635
0.975041
0.975938
0.976705
0.979982
0.980325
0.98151
0.981469
0.982645
0.980993
0.983076
0.984046
0.982555
0.980811
0.981838
0.980883
0.980152
0.980177
0.980979
0.981716
0.982797
0.983282
0.984528
0.98367
0.982717
0.983253
0.986326
0.985286
0.98501
0.986044
0.986131
0.988323
0.988384
0.988356
0.987945
0.989365
0.990224
0.990033
0.991357
0.990178
0.984998
0.983789
0.984564
0.984157
0.985407
0.986396
0.9854
0.983434
0.982265
0.981919
0.98094
0.978637
0.980274
0.978812
0.977388
0.979259
0.976952
0.977751
0.977284
0.977836
0.979592
0.980325
0.980236
0.979537
0.980902
0.979916
0.981303
0.980642
0.980961
0.983644
0.983809
0.98414
0.985222
0.981454
0.979893
0.977928
0.98021
0.975841
0.979657
0.978161
0.977828
0.978491
0.979619
0.981114
0.982016
0.982842
0.98411
0.985839
0.986822
0.987421
0.986493
0.984604
0.983696
0.98475
0.986116
0.985216
0.983634
0.980585
0.978841
0.982626
0.982095
0.980005
0.981635
0.98102
0.980845
0.980068
0.980549
0.980382
0.98108
0.98049
0.979214
0.977023
0.975912
0.974287
0.974097
0.974838
0.972247
0.972921
0.975061
0.976401
0.975869
0.975386
0.977022
0.979574
0.982006
0.981255
0.977779
0.979028
0.980274
0.978736
0.979407
0.978289
0.978886
0.978522
0.978914
0.979696
0.981128
0.98132
0.980231
0.979561
0.979781
0.979805
0.978861
0.980918
0.978454
0.97788
0.9765
0.978289
0.977921
0.977419
0.97634
0.977943
0.981018
0.980921
0.980275
0.981666
0.980687
0.983253
0.984558
0.984883
0.986148
0.98595
0.985979
0.984607
0.986808
0.983803
0.986403
0.986708
0.984569
0.986615
0.988591
0.989312
0.987349
0.989164
0.987158
0.988508
0.990359
0.988929
0.988972
0.984771
0.987925
0.987895
0.986596
0.985677
0.985942
0.988047
0.988157
0.985237
0.985812
0.983946
0.983914
0.985486
0.986818
0.988238
0.987232
0.988583
0.987546
0.989208
0.986941
0.986236
0.984019
0.983143
0.981457
0.982582
0.98307
0.981924
0.981443
0.980268
0.97991
0.980917
0.980736
0.981947
0.981856
0.980779
0.982977
0.984396
0.984419
0.987011
0.985524
0.986275
0.984176
0.982703
0.982123
0.982718
0.983389
0.982323
0.982011
0.983046
0.982184
0.984086
0.985882
0.985929
0.983208
0.985326
0.986103
0.986124
0.984596
0.979985
0.977451
0.980583
0.980032
0.979393
0.979755
0.981252
0.980728
0.980724
0.981509
0.980951
0.979088
0.980239
0.980956
0.979968
0.980177
0.983133
0.983345
0.985658
0.984783
0.98211
0.980795
0.980845
0.983064
0.982917
0.981913
0.980806
0.981765
0.982429
0.983942
0.981739
0.982838
0.983514
0.98537
0.982082
0.98129
0.980435
0.979663
0.977562
0.977358
0.977125
0.97893
0.980487
0.982866
0.982999
0.982809
0.981203
0.98113
0.981351
0.97776
0.975572
0.976077
0.978262
0.979828
0.980372
0.980251
0.980014
0.980773
0.981516
0.981027
0.980349
0.97876
0.980224
0.97997
0.982646
0.984593
0.984947
0.982789
0.983392
0.983127
0.983666
0.982214
0.98143
0.98283
0.985201
0.985574
0.98475
0.982034
0.984847
0.98606
0.985249
0.986473
0.988628
0.98875
0.987799
0.986451
0.985642
0.983801
0.984342
0.98459
0.983475
0.984818
0.98596
0.987113
0.988564
0.987773
0.986348
0.987551
0.986282
0.987402
0.987775
0.987639
0.985534
0.986312
0.987105
0.984809
0.984128
0.985082
0.984925
0.98195
0.983422
0.983797
0.985662
0.983868
0.982064
0.983509
0.982525
0.981956
0.979092
0.981105
0.982756
0.984492
0.985699
0.984375
0.985219
0.985787
0.985224
0.98435
0.981624
0.981581
0.981655
0.980369
0.983639
0.980369
0.980076
0.98272
0.980941
0.981478
0.981913
0.979988
0.98237
0.98228
0.983783
0.983712
0.986679
0.987138
0.985471
0.985088
0.98575
0.986319
0.985576
0.982334
0.980906
0.981444
0.978893
0.979419
0.980056
0.979481
0.978389
0.979757
0.981294
0.981305
0.981927
0.980459
0.981604
0.981797
0.984175
0.984106
0.986319
0.984353
0.986219
0.985991
0.984006
0.984127
0.985157
0.980218
0.981766
0.982278
0.983042
0.984638
0.983765
0.983059
0.982469
0.981347
0.982732
0.983474
0.984312
0.984105
0.984206
0.985785
0.983864
0.982582
0.980861
0.980446
0.980366
0.976701
0.976009
0.974561
0.975593
0.974726
0.975503
0.975742
0.974979
0.976308
0.975296
0.976644
0.972133
0.97574
0.977779
0.973762
0.976341
0.975126
0.974415
0.973477
0.973734
0.9763
0.978279
0.978459
0.977975
0.97777
0.97926
0.978009
0.977895
0.976969
0.977747
0.979406
0.981749
0.982687
0.982341
0.981577
0.983228
0.982926
0.983543
0.979878
0.979017
0.98002
0.979442
0.979377
0.978488
0.980093
0.982361
0.982584
0.98215
0.980449
0.980705
0.983098
0.983327
0.982068
0.982029
0.981632
0.980964
0.980564
0.981078
0.982744
0.98157
0.982765
0.983699
0.984915
0.985192
0.984835
0.981674
0.978645
0.979966
0.983895
0.984833
0.987296
0.988245
0.98477
0.985394
0.983899
0.984619
0.984622
0.984268
0.984919
0.985234
0.985092
0.985897
0.984408
0.985372
0.987969
0.986833
0.9859
0.984857
0.986303
0.984799
0.98531
0.984999
0.983878
0.98212
0.98334
0.982395
0.982738
0.983775
0.982508
0.983738
0.983509
0.982336
0.980503
0.979818
0.982036
0.97979
0.982348
0.981262
0.980448
0.980554
0.981058
0.980022
0.980454
0.980505
0.980186
0.979322
0.981025
0.98104
0.980708
0.980658
0.981628
0.982071
0.98395
0.982325
0.98359
0.982337
0.983929
0.983868
0.982074
0.982453
0.98263
0.983582
0.984789
0.9844
0.982985
0.984163
0.983789
0.984295
0.983759
0.983543
0.983754
0.982582
0.980949
0.980711
0.9794
0.980488
0.981218
0.982476
0.98388
0.983741
0.981204
0.98043
0.981555
0.983104
0.98212
0.979597
0.981023
0.98369
0.985535
0.98619
0.987326
0.98814
0.987948
0.984569
0.98573
0.985783
0.985381
0.985772
0.986239
0.986858
0.98778
0.988272
0.986453
0.986973
0.982798
0.98421
0.983383
0.985103
0.983857
0.981614
0.980404
0.98194
0.979865
0.981563
0.981227
0.981344
0.983964
0.984191
0.984993
0.984379
0.982987
0.984183
0.984478
0.984441
0.982149
0.981385
0.984037
0.982057
0.981373
0.983329
0.982169
0.983638
0.986285
0.990372
0.987789
0.987262
0.985844
0.987343
0.986417
0.988341
0.988951
0.99182
0.989128
0.984739
0.984129
0.98314
0.981164
0.98154
0.981851
0.981163
0.980849
0.980515
0.981197
0.982677
0.983154
0.984481
0.983781
0.983602
0.983426
0.985306
0.986355
0.987246
0.987514
0.988005
0.987386
0.986552
0.986168
0.985827
0.98466
0.986745
0.987764
0.986024
0.984638
0.98339
0.982806
0.983969
0.98505
0.983017
0.985193
0.9867
0.984147
0.982599
0.982576
0.983703
0.983949
0.98166
0.980693
0.981995
0.980657
0.979727
0.981438
0.981186
0.980562
0.9815
0.981393
0.980833
0.982278
0.98121
0.982558
0.9845
0.981654
0.981578
0.983156
0.983868
0.984965
0.984397
0.983266
0.981583
0.979792
0.980591
0.98034
0.981292
0.981616
0.980193
0.980085
0.981873
0.981685
0.982162
0.98247
0.98345
0.986509
0.987493
0.986839
0.986294
0.98701
0.987541
0.987856
0.987504
0.986796
0.983298
0.984492
0.984407
0.985571
0.984694
0.987043
0.988865
0.985496
0.984489
0.985104
0.987207
0.983468
0.980479
0.979692
0.978817
0.979062
0.981459
0.980136
0.979692
0.978341
0.979941
0.981228
0.982901
0.980403
0.980639
0.978392
0.980844
0.980589
0.981724
0.981189
0.980274
0.980756
0.97916
0.980032
0.979561
0.9804
0.980649
0.981269
0.982266
0.982418
0.983109
0.983881
0.984229
0.986351
0.985002
0.982348
0.983031
0.982265
0.982456
0.982379
0.984206
0.982404
0.984303
0.983063
0.98287
0.983282
0.982338
0.98336
0.981973
0.983246
0.982807
0.98444
0.98411
0.983008
0.983503
0.982989
0.983749
0.98528
0.985808
0.985503
0.986403
0.987405
0.986353
0.984567
0.98273
0.982122
0.981967
0.982496
0.981361
0.98276
0.981906
0.982968
0.98361
0.979534
0.979089
0.981376
0.979293
0.980862
0.979457
0.979852
0.98083
0.980776
0.982525
0.982099
0.983573
0.985146
0.985152
0.985165
0.986231
0.983422
0.98561
0.987207
0.988531
0.985911
0.982645
0.983423
0.982175
0.979025
0.979408
0.976214
0.977936
0.975913
0.977909
0.978944
0.97993
0.982353
0.98271
0.982278
0.983799
0.984266
0.983
0.984133
0.985774
0.98521
0.985697
0.984115
0.983301
0.98528
0.984017
0.983855
0.984116
0.983847
0.986681
0.986195
0.986089
0.986894
0.986176
0.985372
0.984888
0.987043
0.985206
0.985862
0.980745
0.978571
0.977398
0.973798
0.974927
0.978053
0.97966
0.979986
0.978655
0.98128
0.982922
0.984268
0.988312
0.985711
0.986264
0.987983
0.987603
0.987762
0.987517
0.987121
0.987435
0.988259
0.986488
0.984121
0.985245
0.985769
0.986269
0.985277
0.986764
0.985402
0.98723
0.987528
0.98861
0.988834
0.984788
0.984648
0.986418
0.983385
0.981853
0.981583
0.982328
0.98263
0.982972
0.980399
0.979999
0.981011
0.983439
0.981447
0.979972
0.980484
0.980086
0.980705
0.983253
0.982124
0.984137
0.98294
0.986103
0.98512
0.986501
0.985011
0.983373
0.984435
0.982485
0.982634
0.983514
0.983791
0.983194
0.98287
0.984953
0.98349
0.983467
0.984923
0.986341
0.987178
0.983492
0.983818
0.982978
0.980944
0.979191
0.978477
0.978872
0.976663
0.977275
0.978548
0.97846
0.978143
0.977424
0.977846
0.981058
0.981867
0.982711
0.984778
0.985335
0.984554
0.985286
0.985686
0.984466
0.983317
0.982394
0.980981
0.979237
0.981646
0.982277
0.982381
0.983659
0.982033
0.982613
0.984344
0.986792
0.984411
0.984776
0.984585
0.984831
0.97932
0.979754
0.978626
0.976177
0.974483
0.978711
0.980241
0.980524
0.98294
0.981624
0.979774
0.981624
0.981503
0.98099
0.980513
0.980553
0.979418
0.980818
0.978817
0.978617
0.978147
0.979052
0.980116
0.979327
0.979843
0.980158
0.979932
0.981815
0.980056
0.979866
0.978057
0.976027
0.976393
0.976972
0.977195
0.977206
0.977116
0.975022
0.976008
0.975142
0.974305
0.976539
0.975667
0.978655
0.979146
0.980103
0.979415
0.981786
0.983366
0.983684
0.983788
0.984784
0.983022
0.984491
0.985951
0.985634
0.985366
0.986676
0.984326
0.983833
0.984019
0.984712
0.985237
0.986161
0.9827
0.982263
0.97883
0.978356
0.980239
0.98293
0.981581
0.978979
0.97985
0.980199
0.980287
0.981005
0.980682
0.980745
0.980297
0.981301
0.982339
0.98045
0.979872
0.9814
0.981857
0.980831
0.980245
0.978762
0.979561
0.978965
0.980675
0.978988
0.975342
0.973641
0.974614
0.975639
0.975972
0.975658
0.978443
0.979033
0.979606
0.980977
0.979916
0.980178
0.982437
0.985506
0.986308
0.98395
0.984926
0.984103
0.983213
0.98239
0.983983
0.984877
0.984963
0.986107
0.985599
0.986623
0.986091
0.984446
0.983707
0.982917
0.982308
0.979144
0.979442
0.979986
0.983342
0.983586
0.981802
0.981624
0.981977
0.983435
0.980546
0.980381
0.981339
0.982872
0.984354
0.984653
0.986267
0.985154
0.984332
0.984906
0.985409
0.984451
0.982414
0.982117
0.983096
0.982524
0.983283
0.982662
0.979898
0.978903
0.97741
0.976124
0.976711
0.976816
0.972709
0.973561
0.975378
0.976713
0.976709
0.979935
0.981277
0.980114
0.977888
0.978109
0.978197
0.981593
0.982498
0.985812
0.985743
0.984831
0.985406
0.98226
0.981451
0.981257
0.980879
0.983362
0.983725
0.982479
0.982167
0.981157
0.983668
0.984429
0.985447
0.986972
0.985409
0.985184
0.982887
0.981926
0.982527
0.983572
0.982502
0.980138
0.981624
0.980745
0.982727
0.981233
0.981878
0.984187
0.983082
0.980343
0.977593
0.978096
0.978798
0.980193
0.982349
0.983588
0.983036
0.982779
0.982683
0.982949
0.982268
0.98088
0.982884
0.983701
0.97873
0.98041
0.981682
0.983
0.982891
0.983781
0.982658
0.983594
0.983768
0.983177
0.984454
0.985657
0.984626
0.98094
0.980909
0.981933
0.984533
0.986308
0.98484
0.981935
0.982126
0.980835
0.981559
0.981379
0.982553
0.981544
0.98472
0.983595
0.985255
0.986059
0.987265
0.986282
0.985326
0.985693
0.982147
0.982191
0.983199
0.984596
0.985412
0.985382
0.984324
0.985509
0.98225
0.982625
0.982792
0.98634
0.984953
0.986357
0.988317
0.98714
0.987946
0.988281
0.987647
0.986997
0.986725
0.984894
0.982406
0.982688
0.98558
0.985299
0.984399
0.984364
0.985149
0.985424
0.985228
0.984604
0.982732
0.982738
0.982865
0.983872
0.984235
0.984707
0.985107
0.982814
0.98236
0.980681
0.983154
0.984202
0.985179
0.981527
0.982304
0.981996
0.980818
0.982411
0.983146
0.983573
0.985864
0.985501
0.986289
0.986571
0.985142
0.987699
0.987552
0.984015
0.98366
0.978864
0.979393
0.978284
0.97682
0.975375
0.974145
0.974271
0.975531
0.97628
0.977968
0.979573
0.979367
0.980123
0.978355
0.977924
0.978289
0.98072
0.984243
0.98553
0.986568
0.985054
0.983369
0.984532
0.987326
0.985171
0.982958
0.981244
0.980589
0.980495
0.980263
0.981159
0.981813
0.984275
0.986374
0.98534
0.982168
0.985824
0.986166
0.986118
0.986233
0.984705
0.9837
0.984535
0.983661
0.98044
0.979691
0.981969
0.983065
0.982681
0.981929
0.981246
0.983926
0.984343
0.985331
0.984731
0.983024
0.982041
0.980326
0.979518
0.981889
0.984222
0.985814
0.984757
0.985445
0.984055
0.983087
0.98182
0.984457
0.981977
0.983368
0.982997
0.986112
0.983431
0.982401
0.980432
0.981233
0.980228
0.98243
0.982349
0.984499
0.984849
0.986673
0.982747
0.982698
0.982697
0.982799
0.982271
0.983278
0.984403
0.98229
0.984282
0.985784
0.98493
0.988319
0.987813
0.988669
0.984963
0.982325
0.985972
0.984777
0.985052
0.985813
0.985658
0.985868
0.985558
0.988339
0.987026
0.986429
0.986927
0.988343
0.988634
0.9889
0.984406
0.985983
0.983167
0.981699
0.979919
0.980254
0.98311
0.983073
0.98186
0.982391
0.981374
0.978922
0.978695
0.979068
0.978215
0.979382
0.976136
0.977133
0.979094
0.977098
0.977034
0.978967
0.980556
0.981491
0.980637
0.981687
0.983526
0.983925
0.983517
0.981904
0.982358
0.982531
0.984421
0.982848
0.984889
0.981874
0.982224
0.982211
0.980729
0.979693
0.97969
0.981596
0.981907
0.981323
0.980283
0.981629
0.982208
0.982901
0.983702
0.984225
0.983287
0.985078
0.983722
0.982722
0.985702
0.986853
0.984757
0.984496
0.985381
0.98635
0.984593
0.986082
0.985392
0.986215
0.985995
0.983937
0.981229
0.983796
0.9832
0.981028
0.9805
0.98108
0.981014
0.980749
0.981861
0.979066
0.977729
0.976461
0.977918
0.978634
0.979006
0.981092
0.984161
0.9848
0.98468
0.984622
0.986079
0.985919
0.986901
0.982509
0.980644
0.979976
0.981795
0.981117
0.981659
0.980928
0.982802
0.983997
0.984944
0.984327
0.984359
0.983442
0.981723
0.98312
0.982031
0.980469
0.981113
0.980937
0.980608
0.980311
0.983131
0.983289
0.984883
0.98254
0.982136
0.980984
0.983935
0.987446
0.988108
0.987502
0.987267
0.987887
0.986858
0.986652
0.988734
0.987868
0.989439
0.988576
0.991287
0.99042
0.989172
0.988587
0.988864
0.988089
0.989408
0.988587
0.98778
0.989095
0.989475
0.98891
0.986799
0.985247
0.984956
0.984216
0.982523
0.98239
0.982185
0.980746
0.979931
0.982941
0.982385
0.983247
0.982007
0.977857
0.980681
0.979814
0.980252
0.980145
0.980886
0.978569
0.981086
0.980974
0.981515
0.984361
0.9833
0.982227
0.978233
0.979467
0.980207
0.979989
0.978787
0.97721
0.97754
0.9758
0.978255
0.976582
0.977635
0.978331
0.978706
0.975838
0.97655
0.976089
0.976079
0.979175
0.981989
0.982582
0.983379
0.98397
0.983524
0.983931
0.981353
0.980022
0.979169
0.980302
0.980949
0.979003
0.978352
0.981696
0.981885
0.984251
0.984258
0.982834
0.983443
0.986817
0.985562
0.98564
0.984737
0.982215
0.984476
0.985838
0.987198
0.986785
0.988934
0.987046
0.987234
0.986745
0.986977
0.987308
0.984909
0.984692
0.985416
0.984702
0.984879
0.983461
0.984261
0.983097
0.98471
0.983471
0.984118
0.985353
0.985818
0.985955
0.985157
0.983262
0.981191
0.980004
0.979662
0.977941
0.979894
0.979411
0.979612
0.979729
0.979
0.978006
0.980494
0.982442
0.981201
0.980216
0.980991
0.983064
0.981945
0.983099
0.985309
0.987347
0.98501
0.982632
0.98187
0.983108
0.982082
0.981379
0.982345
0.98383
0.983767
0.98394
0.983937
0.985868
0.987319
0.988286
0.985712
0.986021
0.984396
0.983767
0.984384
0.982053
0.983627
0.982505
0.982535
0.983402
0.981815
0.983023
0.984029
0.983079
0.982377
0.982184
0.98404
0.981583
0.984464
0.984976
0.985246
0.984929
0.982548
0.981464
0.98142
0.981612
0.984018
0.985528
0.985936
0.983241
0.981569
0.982193
0.982384
0.981446
0.980546
0.980956
0.980463
0.979025
0.980513
0.979993
0.980886
0.983188
0.98388
0.982447
0.982906
0.983115
0.986002
0.985846
0.985023
0.982282
0.9848
0.986664
0.985069
0.987497
0.983967
0.984106
0.983883
0.983877
0.983749
0.983661
0.983709
0.986305
0.98744
0.987469
0.986245
0.986568
0.986743
0.986432
0.986102
0.987865
0.989374
0.988455
0.98777
0.988186
0.986585
0.985748
0.986827
0.988201
0.985455
0.985185
0.986698
0.985487
0.985465
0.984373
0.985188
0.985892
0.986198
0.985079
0.987674
0.984372
0.984679
0.983297
0.981216
0.981628
0.983459
0.985694
0.98436
0.983981
0.986015
0.986724
0.984932
0.984323
0.983887
0.984983
0.982155
0.982325
0.981908
0.983857
0.987314
0.987766
0.985716
0.985568
0.982919
0.984213
0.986914
0.986581
0.987321
0.986911
0.986489
0.987172
0.984845
0.98495
0.98322
0.979738
0.980019
0.977164
0.975609
0.977092
0.97692
0.977478
0.978143
0.97737
0.980034
0.979912
0.980936
0.982967
0.981951
0.983916
0.983549
0.985238
0.984963
0.983676
0.9821
0.98142
0.97974
0.980948
0.980975
0.982176
0.983303
0.983565
0.984111
0.984175
0.982272
0.980819
0.981406
0.98098
0.979545
0.980544
0.98072
0.979418
0.976707
0.977841
0.979845
0.98109
0.981178
0.981421
0.980419
0.981955
0.981309
0.982931
0.982449
0.980227
0.980147
0.977308
0.97949
0.982428
0.981033
0.980895
0.982695
0.981539
0.982915
0.981596
0.980728
0.980467
0.981644
0.985009
0.98431
0.986894
0.986639
0.98731
0.985247
0.984615
0.985722
0.984535
0.981827
0.982068
0.982645
0.984283
0.983212
0.983199
0.984836
0.982265
0.984173
0.983837
0.983331
0.981862
0.981875
0.980837
0.981221
0.983429
0.983998
0.981712
0.978761
0.979361
0.977677
0.980871
0.982162
0.9814
0.984168
0.985878
0.985829
0.985983
0.986677
0.987284
0.98731
0.985053
0.984615
0.982969
0.983194
0.981101
0.981299
0.982708
0.98342
0.978375
0.975395
0.976218
0.979884
0.982231
0.982028
0.98345
0.984444
0.984805
0.985181
0.986926
0.987835
0.989684
0.985341
0.984472
0.982405
0.982829
0.981826
0.983146
0.984591
0.982486
0.982668
0.976937
0.979321
0.981311
0.98235
0.982476
0.984002
0.984204
0.98402
0.984065
0.985404
0.984905
0.984523
0.983619
0.981659
0.983799
0.984334
0.983841
0.982572
0.983522
0.98164
0.982055
0.98312
0.983495
0.982349
0.982284
0.981163
0.980971
0.982434
0.982738
0.982138
0.982608
0.982543
0.980863
0.978293
0.975429
0.975559
0.977232
0.978874
0.977896
0.974198
0.977097
0.978333
0.979208
0.979151
0.981247
0.9815
0.979568
0.980113
0.980281
0.981769
0.982812
0.982982
0.982579
0.98248
0.983683
0.985103
0.983428
0.985158
0.985784
0.98398
0.984942
0.984229
0.98368
0.982754
0.984053
0.985844
0.986924
