0
0.00206227
0.00266475
0.0109381
0.01767
0.0155081
0.0265895
0.0288788
0.0419786
0.0293409
0.0601357
0.0541046
0.0605159
0.0487225
0.0716047
0.0751976
0.077843
0.0776871
0.10387
0.10882
0.0854062
0.0906152
0.0402886
0.121929
0.064568
0.122871
0.0852732
0.100725
0.0981761
0.17439
0.128503
0.0941861
0.137252
0.144731
0.226524
0.207649
0.132578
0.211364
0.162613
0.232635
0.140903
0.233314
0.176891
0.246555
0.142064
0.248268
0.157624
0.216192
0.306443
0.275341
0.24901
0.31779
0.16295
0.249147
0.333682
0.345829
0.241813
0.22098
0.142604
0.341543
0.346652
0.242731
0.315641
0.193256
0.379219
0.439122
0.202007
0.511436
0.322099
0.463798
0.444374
0.361119
0.498231
0.420415
0.38785
0.214751
0.382096
0.281231
0.281771
0.354121
0.206063
0.445236
0.654767
0.314895
0.392133
0.465286
0.425881
0.575633
0.270028
0.400588
0.453099
0.535324
0.3586
0.366312
0.393449
0.332039
0.172723
0.52503
0.470504
0.50065
0.669046
0.511056
0.417047
0.497952
0.49624
0.518928
0.793906
0.588006
0.431032
0.545021
0.566559
0.604764
0.672887
0.622074
0.489314
0.315759
0.716435
0.597656
0.595909
0.663324
0.43859
0.703987
0.558039
0.720355
0.553173
0.528337
0.624615
0.669396
0.576769
0.856964
0.661431
0.763011
0.568818
0.654949
0.605736
0.790725
0.706498
0.601677
0.862589
0.955295
0.689907
0.365815
0.623606
0.722793
0.421699
0.738597
0.645188
0.973295
0.802244
1.11541
0.436561
0.791891
0.688357
0.801604
0.684608
0.967715
0.869275
1.00304
1.32179
0.84157
0.689555
0.754812
1.20373
1.04657
1.10104
0.831546
1.02538
0.682794
0.636825
0.696173
0.686344
1.08549
0.858834
1.09285
0.661074
0.762861
0.856654
0.694973
0.769148
0.572245
1.32037
0.892438
0.636028
0.920903
1.30464
0.566389
0.627941
0.609737
0.907229
0.961904
0.764994
1.34358
0.788034
0.713073
1.33493
0.807962
0.562429
1.20732
0.999927
0.981669
0.927277
1.59955
1.19132
1.02618
1.09211
1.01386
0.945489
1.14246
0.974444
0.857231
0.79417
0.913568
0.974388
1.19912
0.986816
0.858745
0.776577
1.10343
1.0586
1.56629
0.956115
0.875147
1.01954
1.20029
1.44405
0.914702
0.973443
0.729175
0.724208
0.813771
0.847239
0.912869
0.894952
0.825806
0.834423
0.784833
1.13827
0.812466
1.2005
0.845598
1.02438
1.08203
1.19387
0.89457
0.972225
0.743739
1.102
1.16252
0.848982
0.949854
0.932377
0.642021
0.975183
0.921891
1.1203
0.829053
0.695249
1.14752
1.21369
0.89188
1.15515
1.19038
1.03821
1.09732
1.10367
1.14002
1.15606
1.36514
0.803883
0.889411
1.03263
1.19882
1.03067
1.14348
1.29556
1.03731
0.974792
0.727795
0.965824
1.50368
0.886192
0.931632
0.774609
0.882405
0.873244
0.972968
1.0243
1.37545
1.06251
1.35678
1.25345
0.85428
0.774338
1.04281
1.05942
1.21481
1.18171
1.15797
0.766435
1.26382
0.832272
1.08534
0.929035
1.02909
1.21857
1.04742
1.08467
1.16535
0.848258
0.808238
1.25846
0.760455
0.958288
1.15795
1.2323
0.911049
1.08039
1.06063
1.19102
1.45195
1.31371
1.11651
1.1126
1.37857
1.23877
0.836443
1.17068
0.916789
1.4503
1.21154
1.05319
1.23775
1.43335
1.61407
1.47265
1.23005
0.9483
1.0308
0.688284
1.48924
1.02522
1.50871
1.24354
1.38697
0.786063
1.22361
1.59413
0.923826
1.2024
0.994754
1.79221
1.37981
1.06104
1.47806
1.23659
1.32343
0.795674
1.58893
1.1226
1.28374
1.5628
0.875316
0.9288
1.97484
1.3144
1.29725
1.30655
1.31016
1.19589
1.77498
0.95006
1.07288
0.683141
1.15027
0.902559
1.43229
1.01119
1.15772
1.53634
1.40775
1.03399
1.07654
1.31415
1.33557
1.24282
0.791788
1.51437
1.13645
1.21127
1.23243
1.30982
1.23264
1.67158
1.56477
1.56953
1.05138
1.04507
1.57908
0.868472
1.12786
1.39734
1.17773
1.16175
2.01113
1.76892
1.20712
1.31667
0.917576
1.69003
1.35156
1.12759
1.59872
0.903876
1.48556
1.44427
1.94019
1.00933
1.2026
0.738639
1.19765
1.3875
1.40733
1.07462
0.774782
1.78061
1.80594
0.782245
1.35021
1.73123
1.56029
1.36985
1.38016
1.08687
1.47013
0.723778
1.34771
1.06766
1.42795
1.04393
1.72431
1.39075
1.39488
1.29604
1.38862
1.29333
1.1068
1.43221
1.3255
1.29622
1.73869
0.978581
1.35891
1.11581
1.20127
1.05689
1.29349
1.19233
1.82479
1.01219
1.19214
1.5248
1.33469
1.74017
1.09391
1.32885
1.27108
1.84853
1.88738
0.978452
2.10934
1.18199
1.5129
1.63724
1.53642
1.07879
1.55084
1.50578
1.44612
1.27113
1.34303
1.17071
0.89615
1.43485
1.4595
1.36809
1.28957
1.54649
1.58274
1.84406
1.89536
1.39029
1.62089
1.20084
1.25408
1.98596
1.56491
1.30059
1.10163
1.69744
1.4139
0.856725
1.70351
1.25858
1.29352
1.48045
1.44116
1.48573
0.883904
1.43815
1.91613
1.55766
1.57418
1.56451
1.19008
1.76954
0.987171
1.32508
1.09489
1.24768
1.38011
2.12106
1.29087
1.08705
1.33278
0.799718
1.16429
1.41548
1.56116
1.51441
1.10432
1.40004
1.50439
1.21039
1.57532
1.51388
1.16727
1.82715
1.6351
1.61103
1.46341
1.11165
1.51175
1.94674
1.25736
0.795187
1.25448
1.68795
1.73127
1.16674
1.58791
2.37768
1.20669
1.73811
0.654269
1.51292
1.33875
1.10964
2.11655
1.69859
1.33897
1.72493
1.15191
2.0505
1.97385
1.71896
1.48176
0.829564
1.37763
0.735909
0.600945
0.597674
2.11459
1.99246
1.25063
1.34689
1.79387
1.07299
1.05081
1.85338
1.6795
1.33824
1.53378
1.47468
1.16202
1.57848
1.56934
1.15127
1.52525
1.79629
1.03104
1.4549
0.952559
1.51028
2.03259
1.03699
1.37672
2.11794
1.67882
1.05551
1.44828
1.26049
1.89682
1.09954
1.37355
1.76497
1.3937
1.6711
1.24376
0.864329
1.90562
1.39039
1.5219
0.88938
1.44161
1.50801
1.43759
1.68539
1.36322
1.38552
2.61086
1.46997
1.25269
1.49721
1.45161
2.10247
1.80484
1.41051
1.97517
1.73964
1.80073
1.68512
1.25061
1.36763
1.01875
2.24601
1.37461
1.69035
1.06897
1.37018
0.972985
1.56896
1.43095
1.04127
1.67487
2.27105
1.53905
1.50559
1.03
1.29192
1.07077
1.57903
2.37846
1.00794
1.60818
0.889134
1.39253
1.60715
1.42185
2.02323
1.62855
1.22709
1.21131
1.82312
1.30856
1.39959
1.56792
1.67827
1.34107
1.49277
2.52791
1.59819
1.79664
1.53364
1.14882
0.996242
1.3825
1.07897
1.2331
1.55308
1.25281
1.70757
1.42083
1.21924
2.26523
1.07984
1.4475
2.25566
0.93137
1.2841
1.96613
1.35647
1.80559
1.81577
0.782807
1.2556
0.698975
1.52491
1.45303
1.3148
0.81581
1.4649
1.54365
1.53324
1.5424
1.74661
1.22917
1.64971
1.48002
1.07275
1.58297
1.57078
1.54627
1.43009
1.20712
1.37877
2.20012
1.71403
1.38476
1.0591
2.49191
1.0198
1.16936
1.65467
1.37148
0.968024
1.95478
1.32151
1.53589
1.92381
1.54286
1.09614
1.11158
0.969755
0.963769
1.30987
1.72802
0.822364
1.58179
1.51773
1.9399
1.44582
1.43148
1.72992
2.02327
0.871838
1.64876
1.40978
1.31917
1.66583
1.65794
0.887952
1.18939
1.86976
1.55893
1.34868
0.960143
1.16537
2.10589
1.73455
0.910875
1.98469
1.50768
1.00992
1.726
1.28863
1.78039
1.35419
1.38995
1.15485
1.72484
1.2863
1.80699
1.49564
1.15806
1.98993
1.62946
1.97778
1.21374
1.96089
1.56938
1.43229
1.96346
1.37647
1.97409
2.05798
1.46008
1.50135
1.76885
1.95216
0.781333
1.5216
1.466
1.92752
1.29423
1.70664
1.24707
1.14974
1.64006
1.85023
1.34019
1.5985
1.27363
1.34568
1.18129
1.60532
1.66724
1.75258
1.242
2.40134
1.54982
1.03659
1.17103
1.48141
1.09968
2.02974
0.957407
1.47846
1.73449
1.26502
1.26748
1.45607
1.17052
1.40754
1.50446
1.80283
1.71563
1.47783
1.82488
1.52933
1.43946
1.27833
1.11284
1.55177
0.776082
2.06501
1.89408
1.07609
1.49729
1.37515
1.99016
2.29103
1.37586
1.75506
0.876515
1.2595
1.72025
1.82002
2.35578
1.27095
2.06625
1.09717
1.21366
2.04604
2.14068
1.4506
1.21657
1.32523
1.74527
1.14067
1.55222
1.62972
1.26736
1.85535
1.06588
1.78026
1.44096
1.96886
0.95623
1.0503
1.37648
1.05357
1.82393
1.94248
1.88649
1.54668
1.24153
0.977222
2.32736
2.02756
1.44675
1.83898
1.7463
1.29956
2.05893
1.11113
1.55487
1.84774
1.02404
0.917478
1.77946
1.97118
2.38104
1.54138
1.28102
1.78718
1.49963
1.90659
1.41127
1.16407
1.60901
1.65992
1.38404
1.46231
1.47796
1.40211
1.08517
0.913945
1.61733
1.20376
1.76989
1.14582
1.47981
2.17926
1.50236
2.2431
1.13856
0.87628
1.73733
2.0733
1.92961
1.17712
0.82184
1.14542
2.13513
1.28744
1.33182
1.22783
1.77893
0.935402
1.91165
1.21996
1.67197
2.14774
1.57788
1.49613
1.08783
1.23765
1.58862
1.47901
0.852493
1.60663
0.942417
0.941788
2.03267
1.28305
1.54832
1.08023
1.24583
1.60086
1.99102
1.71906
0.983595
1.69716
1.93485
1.60158
1.87053
1.88698
1.07825
1.76769
1.4687
1.28472
0.913735
2.04351
1.27023
1.02446
0.947739
1.848
1.63449
1.19282
1.34496
1.9317
1.61207
1.76927
2.10833
1.05289
1.85206
1.28363
1.93778
1.84086
1.62426
1.7731
1.35731
1.7382
1.62006
1.41089
1.59584
1.33709
1.83382
1.66579
1.62425
1.26649
1.88207
1.49966
1.17276
2.02809
1.84235
1.15738
1.66698
1.79332
1.56903
1.87935
1.59051
0.59941
1.12039
0.550853
1.54272
1.72256
1.40038
1.49674
1.40294
1.37365
1.74114
1.25139
1.99058
1.84471
1.83999
1.83969
2.29511
1.39174
2.03406
0.854371
1.50059
1.70378
2.44258
1.44425
2.55913
1.62368
1.3558
1.79619
1.67163
1.43146
0.719956
1.10743
1.23456
1.54752
1.21014
2.05242
1.31251
1.24747
1.79176
1.41533
1.46358
0.871183
1.8589
1.08991
1.53823
1.94478
1.69391
1.13888
1.37271
1.02682
1.79753
1.78233
1.01464
1.91343
1.55617
1.25577
1.46805
2.2039
1.62034
2.00421
1.96379
1.31877
1.38133
1.5296
1.34828
1.43438
1.14583
1.90434
0.864905
2.15287
1.09662
1.02567
1.6797
1.69382
1.89049
1.12414
1.20315
1.66439
1.79533
1.03919
1.49074
1.43685
0.978897
1.19832
1.43767
1.62213
1.85036
1.79406
1.2957
0.997853
1.82069
1.09515
1.78944
1.01251
1.39779
1.38572
1.11633
2.00763
1.64995
1.53355
1.7751
2.11118
1.97705
1.17714
1.29414
2.39049
1.40591
1.22669
1.46926
1.72687
1.65819
1.61607
2.04302
1.51075
1.52492
1.78471
1.48561
1.54982
1.33955
2.19302
1.24878
1.55179
1.71308
1.72269
1.15088
1.456
1.14312
1.78266
1.88416
1.58136
2.01737
1.74874
1.22225
1.56611
1.36286
1.92899
1.10693
1.68813
1.38367
1.34053
1.38721
1.83563
1.81168
2.27161
1.77784
1.93019
2.07757
1.29152
1.24727
1.87105
2.25581
1.49199
1.75829
2.31164
1.39463
1.97298
1.42094
1.38552
0.948143
2.08098
1.53189
1.56732
0.971501
1.66521
1.85216
1.27455
2.68546
1.47461
1.06275
1.60597
1.87482
1.68453
1.33224
1.13679
1.3236
1.25741
1.56639
0.802541
1.06502
1.16084
1.88598
1.05551
1.63857
1.22147
1.56992
1.59496
1.58076
1.66178
1.56649
0.853364
1.21029
1.12939
1.83276
1.33975
1.96819
1.67255
1.72057
1.36623
1.68056
1.68994
1.28212
1.41492
1.78565
2.13092
1.12743
1.18035
1.69311
1.6381
1.61291
1.59287
1.95701
1.35011
1.64678
1.55191
1.44258
1.73743
1.767
1.85839
1.42084
1.46558
1.67684
1.58273
0.753724
1.91439
1.65972
1.78685
2.12118
1.79438
2.28885
1.58488
1.02283
1.74827
1.40825
1.05792
2.33724
1.43175
1.96027
0.794138
0.630593
1.48371
2.63696
1.70412
1.1484
1.16736
0.852059
1.21635
1.10905
1.73015
1.53961
1.43089
1.82634
1.51785
1.39902
1.07826
1.8689
1.47063
1.30993
1.69719
1.05843
1.41331
1.61712
2.29436
1.65135
1.50903
1.80478
1.78348
1.49256
2.04401
1.32557
1.31425
1.75653
1.28438
1.77733
1.46954
1.7432
1.97501
1.7262
1.29564
1.62258
1.75179
1.25317
1.32911
2.00831
2.32517
1.08903
1.84584
2.3938
1.07262
1.44046
2.00885
1.6187
1.53538
1.4013
1.41484
2.17312
1.16475
1.0598
1.41597
2.27725
1.16687
1.77399
1.27627
1.54375
1.45439
1.50149
1.7109
1.53945
1.34375
2.11067
1.33715
1.19535
2.39263
1.28893
1.98301
1.63116
1.25854
1.22565
1.204
1.57296
1.60477
0.902935
1.6099
1.07131
1.59141
2.27057
1.70302
1.70767
0.8822
1.81984
1.84863
1.20498
1.57497
1.09057
1.53351
1.20855
2.24247
1.30562
1.97207
1.22273
1.76008
1.38832
1.45459
1.89706
1.60032
1.2818
1.39012
1.73726
1.23235
2.05335
1.36099
1.84073
1.70677
1.07812
1.49686
2.31821
1.088
1.7705
0.972485
1.27832
1.04934
1.70078
1.71099
1.4691
1.65129
1.83305
1.71814
1.04035
1.29715
1.32408
2.01191
2.42275
1.86827
1.73399
1.4551
1.55289
1.18758
1.72115
1.00927
1.76779
1.50794
1.74879
2.11743
1.44692
1.41753
1.62903
1.74996
1.59633
1.6942
1.97031
2.16418
1.00936
2.07892
1.73456
1.29568
2.46284
1.13624
1.37044
0.971201
1.89724
1.37434
1.72107
1.44792
1.44114
1.16622
1.19128
1.27636
1.54076
1.65358
1.88115
1.13948
1.33556
2.27184
1.54733
2.53099
1.67396
1.73673
2.29885
1.2401
1.24518
1.66133
1.01919
1.54106
1.6264
1.60973
1.61237
1.13548
2.0317
1.63964
1.90585
1.5821
1.81794
1.50337
1.71771
1.56153
1.7041
1.57332
1.62535
1.50327
1.53326
0.900395
1.43914
1.83933
1.36803
1.96392
1.57666
2.37094
1.46322
1.03336
2.29781
1.50523
0.892167
2.17775
1.40139
1.21047
1.43391
1.88777
1.61597
1.22656
1.4953
1.68294
1.43319
1.49923
1.7936
1.78895
1.02359
1.28876
1.78966
2.03361
1.55677
1.59944
1.83841
1.3154
1.43475
1.96132
1.74303
1.58839
2.07912
1.71775
1.93309
0.869733
1.15446
1.40339
1.75037
1.36055
1.7727
1.03933
1.25758
1.40833
1.47367
1.37709
2.29524
1.66869
1.69467
1.08224
1.79722
0.994653
0.782254
1.3823
1.54578
1.81598
1.6575
1.71127
1.85712
2.40971
1.3986
1.79088
1.40803
1.43029
1.53186
1.51757
1.39782
1.07899
2.02371
1.43388
1.4577
1.87854
1.12417
1.34592
1.14019
1.65869
1.80287
1.96358
1.73907
1.51003
1.31321
0.919171
1.69064
1.44487
2.14779
1.79677
1.11532
1.5728
1.30379
1.54795
1.2032
1.79661
1.54707
2.03024
1.45563
2.39733
1.48746
1.74085
1.39969
1.35512
2.0224
1.67304
2.05929
1.83504
1.11786
1.76443
1.96437
1.33912
1.49709
1.7769
1.38804
1.49549
1.276
1.25639
1.47373
1.97585
1.12844
1.64414
1.58413
1.88095
1.26776
1.88216
1.4354
0.997196
0.879956
1.44528
1.30531
0.994824
1.14771
1.36536
1.323
1.73386
1.06278
1.51383
1.20475
1.34509
1.58123
1.60261
2.09493
1.37282
1.77828
1.35718
1.32949
1.5529
1.34297
1.93231
2.06878
1.73242
1.94867
1.62974
1.58888
1.57192
0.834167
2.08912
1.46364
0.886912
1.60918
1.70273
1.46028
1.84886
1.93952
1.98207
1.15185
1.57214
1.44897
1.34499
1.29173
1.4496
1.14496
1.97536
1.1505
1.30129
2.19243
1.6596
1.68653
1.34971
1.79741
1.5557
0.956503
1.84674
1.57744
1.81
1.94674
1.19002
1.6655
1.20495
1.19134
1.39854
1.9034
1.40588
1.06486
1.2088
1.68443
1.78846
1.42449
0.475557
1.97581
1.48679
2.2557
1.80451
1.87324
1.8133
0.845092
2.50258
1.1381
1.73608
1.5282
1.50364
1.15391
2.04033
1.20997
1.30749
1.33091
1.52292
2.41973
1.73012
1.55594
1.59418
0.988399
1.72158
0.850169
1.31933
1.13756
1.18201
1.44025
1.56392
1.66327
0.805832
1.77002
2.37684
1.83632
1.50803
1.50167
1.32448
1.56005
1.2879
1.48179
1.24288
1.0572
1.72653
1.17912
1.53156
2.02673
1.06428
1.63931
1.28721
1.02494
1.23138
2.08451
1.23044
1.94076
1.58668
1.91723
1.71073
1.50916
1.38693
1.05883
1.58891
1.67704
2.44442
1.78152
1.30012
1.4281
2.72544
1.81801
1.19628
1.73222
1.58628
1.35819
1.30993
1.22071
1.29353
1.27496
1.12291
1.81978
1.74322
1.95774
1.18178
1.27941
1.33543
1.52542
1.54823
1.28239
1.65672
1.73581
1.28944
1.74177
2.10669
1.38176
1.95726
1.60973
0.983656
2.02145
1.57946
1.114
1.61926
1.98573
1.10352
1.88244
1.72214
1.93616
1.60562
1.2775
2.00595
1.29095
1.11537
1.56556
1.62633
1.86858
1.32942
1.10888
1.46938
1.33152
1.63134
1.13969
1.2586
0.969687
1.71401
1.49586
1.34046
1.56745
1.1329
1.38402
0.967205
1.72968
1.49441
1.73804
1.88172
1.15555
1.58618
2.42222
1.97821
2.01929
1.81653
1.19752
0.939359
1.31223
2.17411
1.41833
1.66668
1.44593
1.23016
1.46656
1.14892
1.88977
1.18684
1.88707
0.930473
2.03851
0.954257
1.60822
0.629686
1.05026
1.15051
1.80047
1.88432
1.80645
1.08417
1.6181
1.26314
2.35527
1.68676
1.29068
1.62494
2.16365
1.46264
1.71931
1.53911
1.5686
1.64357
1.63515
1.68255
1.08517
1.23709
1.39692
1.61901
1.27682
2.07246
1.46877
0.984973
1.31454
1.49143
1.86022
1.29431
1.44015
1.01658
1.55122
1.505
1.0912
2.1426
1.74964
1.31218
1.31754
1.37101
1.08828
1.47389
1.50426
1.38398
2.79803
1.52081
1.37621
1.27493
0.65591
1.62706
2.03544
1.41798
1.22542
1.76331
1.51486
2.37399
1.83475
2.00888
1.62266
1.55319
1.83335
1.36607
1.22425
1.69564
1.81668
1.75364
1.53064
1.35512
1.02312
1.32467
1.80772
1.946
1.18205
1.89693
1.40743
1.94195
1.17643
1.64868
1.25112
1.38475
1.12187
1.57839
1.47175
1.33931
1.36974
1.70934
2.02771
1.13854
2.29836
1.75262
1.54706
1.81644
1.96939
1.44865
1.79571
2.55849
1.95094
1.67858
1.48223
1.80294
1.55186
1.95702
1.24277
1.99086
1.53404
1.55599
0.890482
1.22181
1.55292
1.36072
1.75503
1.91394
1.03744
1.58584
1.51892
0.743917
1.04448
1.31196
2.17209
1.46515
2.15175
1.0043
1.24828
1.48208
1.33046
1.31997
1.72976
1.34791
1.94849
1.62244
2.22562
1.00923
2.53881
1.61408
1.53111
1.74772
1.03248
1.01051
1.52624
1.41191
1.30419
1.71514
1.46155
2.34352
1.24023
1.73029
2.0304
1.53952
1.15724
1.60315
1.98282
1.23955
1.73204
2.05647
1.31706
1.19273
1.40804
1.86193
2.02332
2.07717
1.35203
1.30344
2.04932
1.26703
1.48748
1.99014
1.28716
1.71968
1.54506
1.99919
2.99061
1.72967
1.44936
2.26447
1.53641
1.56574
2.33045
2.17529
1.54524
1.80168
1.45801
1.55917
1.8577
1.24476
1.51064
1.203
1.34437
1.43067
1.20575
1.51536
1.57308
1.55719
1.05431
1.85435
1.29322
1.63068
1.59431
2.09252
1.45347
1.89025
1.38001
1.11236
1.0583
1.7106
1.67038
1.45903
1.40887
0.917878
1.43213
1.63352
2.35291
1.41392
1.68582
1.66461
2.49785
0.861895
1.80582
2.06901
1.73909
1.1825
1.44671
1.52023
1.95882
1.73907
1.34424
1.0746
1.77619
1.47124
1.78615
2.36799
1.47431
0.912294
1.79078
1.25298
0.644336
1.44006
1.82608
1.6771
1.11568
1.55267
1.26308
1.53104
1.57354
1.44452
1.33388
1.45139
1.42016
1.63234
1.72425
1.09267
2.09073
1.88673
1.77707
1.00642
1.02598
1.66146
1.4512
1.35085
0.899406
1.46863
1.23631
2.26534
1.64979
1.47443
1.17846
1.06334
1.19862
1.23941
1.90573
1.57797
2.23845
1.55496
1.85825
1.24107
1.84413
1.81676
1.74554
1.69607
1.3346
1.64272
1.64126
1.66428
1.34952
1.33654
0.865871
1.4116
1.59126
1.86766
1.60194
1.14224
1.7357
2.08801
0.770204
1.79818
1.07591
1.25586
1.28743
1.80494
1.13532
1.45126
1.44488
1.29365
1.0556
1.67085
1.75583
1.7204
1.57847
2.31502
1.85044
1.51768
2.1525
1.82845
1.25223
1.94005
1.34958
2.26944
2.11554
1.02583
1.39659
1.08963
1.23812
1.55775
1.51965
2.06513
1.65918
1.64992
2.46141
1.77011
1.40101
1.30526
1.02558
1.13201
1.19155
1.2598
1.89881
1.00935
1.20777
1.41181
1.39784
2.00227
1.67484
1.5152
2.02165
1.83568
2.38646
2.27447
1.79664
1.53318
1.83721
1.56279
2.03818
1.68123
1.32156
1.15575
2.12375
1.82855
1.47582
1.23062
1.22112
1.72575
1.75234
1.21412
1.14551
1.74166
2.15194
1.82587
1.32956
1.93576
1.80863
1.24651
1.19404
2.3949
2.01161
1.35752
1.06795
1.07349
1.6146
1.91143
0.789182
1.80708
2.12503
1.30679
1.85352
1.3998
1.43698
1.40815
1.72809
1.37435
0.947979
1.40281
1.79782
1.35867
1.73207
1.52292
1.93508
2.07349
2.26883
1.42824
1.78001
1.85164
1.37264
1.97856
1.71976
1.83877
1.61515
1.34547
1.77318
1.86156
1.40269
1.33833
1.41837
1.50701
1.03709
1.33932
1.37041
2.04537
1.95956
1.0535
1.44156
1.92815
1.50833
1.25817
1.69586
1.41636
0.903358
1.5766
1.3169
1.96401
1.80307
1.4211
1.78181
1.59545
1.81258
1.4942
1.72486
1.71348
1.29826
2.14896
1.88033
1.13072
0.891083
0.805358
1.48308
1.24822
1.54332
1.01388
2.33035
1.41629
1.46838
1.30068
2.65634
1.4723
1.32241
1.69553
2.00688
1.72651
1.59968
1.38826
1.20864
1.98653
2.77152
2.1246
1.81386
1.56336
1.03976
1.11653
1.31241
1.19898
1.52778
1.17614
1.07104
1.66528
1.80835
1.03283
0.890663
1.70116
0.957638
2.03464
1.05146
1.58776
1.467
1.76182
1.16282
1.1257
1.04649
1.55583
2.0364
1.35479
1.65464
1.26525
1.38444
2.05158
1.18908
1.55405
1.47271
1.41494
1.19083
1.85222
1.2589
1.29466
1.20272
1.23807
1.95622
1.479
1.79703
1.26206
2.05876
1.16977
1.49985
2.25265
1.84234
2.17306
1.71041
1.35496
1.92319
1.37017
1.5318
1.37827
1.42186
2.07912
1.28505
1.01817
1.93605
1.18018
1.30999
1.9717
1.11088
1.0792
2.26619
1.15833
1.75751
1.45798
1.76632
1.64655
1.31354
2.03324
1.82509
1.51947
1.45663
1.76333
1.93273
1.33745
1.64965
1.88959
0.926637
1.11436
1.32184
1.3817
2.06017
1.62385
1.5091
1.4878
1.66101
1.68874
1.51778
1.56859
1.75908
2.03717
1.46431
1.92042
1.94458
1.23504
1.39656
1.69926
0.856968
1.23748
1.78838
1.57011
1.8502
1.51321
1.16715
1.82329
1.76285
1.58897
1.15
1.85351
1.23043
2.48782
1.95206
2.10973
1.81914
1.30739
1.82948
1.69842
1.72064
1.79676
1.36214
1.77129
1.85405
2.06106
0.984831
1.79349
1.75272
1.02452
2.16268
1.6813
0.870179
1.43973
0.906974
1.92001
1.42026
1.88264
1.12689
1.30613
0.976169
1.78716
2.06685
1.91186
1.29975
1.5228
1.55691
1.59529
1.57149
1.1554
1.8399
2.03155
1.59229
1.6099
1.40877
2.01584
1.88725
1.35885
1.87969
0.887244
1.94888
2.02401
1.25101
2.18504
1.2605
2.13403
2.20346
1.79917
1.22983
1.53157
1.63248
1.69858
1.42684
1.87407
1.96224
1.19898
1.70966
1.50826
1.50513
1.45459
1.29263
1.87827
1.44146
1.73681
1.6613
2.09737
1.67375
1.33793
1.38026
2.85367
1.76548
1.35147
2.0323
1.96606
1.86594
1.48722
2.13208
1.50528
1.4119
1.38861
1.19476
1.46889
1.40065
0.924556
1.88131
1.44833
1.60345
2.03103
1.24738
1.38661
1.40986
1.61262
1.66121
2.29381
1.73209
1.96646
1.57906
2.18988
1.25959
1.92214
1.4187
1.64814
1.59947
1.5592
1.36682
1.56169
1.53662
1.34542
1.47363
1.48816
1.82251
1.11252
1.96426
1.10457
0.790791
1.71887
1.88683
1.96761
1.90145
1.60451
1.45273
1.56502
1.32566
1.42702
2.21025
1.43523
1.32667
0.462917
1.96609
1.41741
1.71402
1.25932
1.66923
1.21455
1.47292
1.56504
1.10587
1.74997
1.66341
1.51213
1.11189
1.16805
1.86624
1.32114
2.00616
1.4759
1.46956
1.66503
2.21185
0.991221
1.64552
1.37627
1.26723
2.22465
1.6647
1.7597
1.46504
1.16462
1.75338
0.980016
2.05013
1.69545
1.63205
1.20438
0.977803
1.65083
1.82042
2.15156
1.82779
2.34982
1.37912
1.5627
1.23727
1.63143
1.67971
1.86749
1.59787
1.54082
1.63276
1.6844
1.30336
1.58592
1.52036
0.837001
1.84929
1.90999
1.85721
1.72499
1.48752
1.12545
1.76519
1.22227
1.62308
1.57104
1.46969
1.21126
1.93502
1.11119
1.27552
1.76028
1.58164
1.84727
1.58051
1.57751
2.18756
1.27039
2.23023
1.62446
1.37842
1.65068
1.49019
1.08803
1.41418
1.29131
1.99813
1.55099
0.992164
1.37692
1.33403
1.17512
1.64515
1.63485
0.960115
1.17053
1.45761
1.25119
1.73887
1.60488
1.53494
1.66775
1.33225
1.19746
1.28107
0.917578
1.87517
0.989257
1.99217
1.58232
1.65849
1.40363
1.66467
2.029
1.44131
0.871078
1.06325
1.90565
1.33208
1.27721
1.90161
2.27496
2.16098
1.68399
1.72396
1.38338
0.986525
1.91403
1.95756
1.22868
2.03889
1.73719
2.054
1.21079
1.29448
1.55325
1.37323
1.81629
1.62163
2.054
1.46082
1.09415
1.18341
2.02932
1.78514
1.297
2.09285
1.08402
0.939953
1.15794
2.25473
2.06866
1.78401
2.31379
1.10851
1.34598
1.69163
2.29782
0.974198
1.99408
1.40314
1.54552
1.35267
1.14255
1.41707
1.14675
1.54922
1.18102
1.45064
1.31251
1.54395
1.5395
1.15946
2.1196
1.38455
2.18525
1.3185
0.961621
1.34927
1.27026
1.05665
1.4804
1.97581
1.45698
2.26621
1.64908
0.893091
1.28858
1.41398
1.93931
1.331
2.42157
1.95927
1.29998
1.33792
1.57865
1.32024
0.853936
1.52502
1.72015
2.28559
1.39317
1.72486
1.09351
1.65984
1.94545
1.27579
1.39228
1.65627
1.4727
1.62143
2.01351
2.20717
2.16683
2.09793
1.63879
1.27526
1.46692
0.753384
1.71555
1.39524
1.42579
2.27554
1.49168
1.34748
1.38162
1.93295
1.42832
2.07009
1.46089
1.51431
1.41908
1.58675
1.55855
1.10529
0.999485
1.78759
1.96337
1.27287
1.88332
1.80054
1.90743
1.76528
1.69251
1.64334
1.02227
1.72538
1.69178
1.33612
2.08053
1.86708
1.73831
2.10631
2.02301
1.36587
1.54125
1.51067
0.911589
1.45414
1.26758
1.64658
1.15331
2.10724
2.08994
1.99851
1.18507
1.8178
1.24146
2.42992
1.46042
1.48572
1.08782
1.25187
1.1996
1.11533
1.4594
1.89574
2.04215
1.84791
1.61231
1.91706
2.05844
1.71343
1.48213
1.80124
1.18101
2.09698
1.22939
1.41813
1.28196
1.24201
1.96617
1.87019
2.05167
1.48188
2.0431
1.95212
2.56471
2.1113
1.54798
1.27274
0.856804
1.27207
2.19916
1.52689
1.05943
1.09005
1.51939
1.79507
2.03887
1.51058
1.91961
1.65752
1.47991
1.075
1.95994
1.40691
2.2089
1.61918
2.64864
1.49398
1.98977
1.77528
1.00583
1.26136
0.999076
1.59317
2.19028
1.25782
2.00222
1.28856
1.58885
1.46981
1.58358
1.56589
1.71083
2.37657
1.37452
2.59714
2.05503
1.41602
1.92529
1.68794
1.1957
0.969917
1.10728
2.03303
0.961299
2.12934
1.16068
1.79871
1.73829
1.90225
1.52641
2.03561
2.43907
1.2656
1.51507
1.32544
1.51989
1.32894
1.08257
1.43539
1.65697
1.46277
1.56457
2.21553
1.31043
1.14608
2.32978
1.41035
1.59459
1.63334
1.46191
2.44807
1.55833
2.07246
1.91758
1.41365
1.94954
1.60204
1.4507
2.04018
1.31207
1.75842
1.43135
1.61199
1.57485
1.60934
1.10436
1.32291
1.11915
1.28363
1.78981
1.48978
1.11925
1.83367
1.62204
1.63809
0.923154
1.5669
1.50514
2.06283
2.29688
1.64575
1.44216
2.10486
1.11349
1.33956
1.66979
1.99724
0.913048
1.33366
2.17036
1.79561
1.06619
1.85106
1.47703
1.20577
1.97482
1.42929
1.03079
2.01379
1.54922
1.27451
1.44331
1.6884
0.900359
1.7748
1.50007
1.66649
1.36247
1.94287
1.68824
1.85323
1.64407
1.99538
1.04252
1.10131
1.55178
1.28933
1.1355
1.7763
1.70351
1.52141
1.54264
1.71919
1.55277
1.41752
1.2254
1.91444
1.60311
2.05651
1.25782
1.88791
1.04531
1.11661
1.81839
1.31675
1.13547
1.71732
1.34127
2.10137
1.43599
1.18194
1.40118
1.6027
1.80954
2.01872
1.33844
2.08906
1.2331
1.79354
0.898254
1.70894
1.55842
1.41162
1.52897
1.53529
1.47255
1.75126
1.19142
1.17697
1.92078
0.869198
1.77775
1.9202
1.82368
1.74375
1.99584
1.79761
1.47993
1.52673
1.63176
1.45289
1.64454
1.85755
2.09242
1.43771
1.65057
1.88423
1.72805
1.56976
1.53919
1.00614
1.58135
1.83535
1.28924
1.61769
1.82093
1.60654
2.02973
1.739
1.86296
1.16666
1.69763
1.99361
1.09558
1.82606
1.57691
1.76525
1.38525
1.69081
2.79195
2.42037
2.12252
1.35885
1.16355
2.00792
1.30594
1.35302
1.81612
1.83789
0.816134
1.35192
1.25609
0.858431
1.53227
1.69101
1.42687
1.95621
1.34829
1.94256
1.34391
1.26525
1.75246
1.7397
1.5557
2.04542
1.18203
1.12359
1.62538
2.11379
1.86642
1.01989
0.945013
1.56923
1.61834
1.84219
1.44048
1.43957
1.44389
1.14872
1.87741
1.33398
1.41818
1.70458
1.77376
1.85205
1.16477
1.68899
1.47781
1.81832
1.59968
1.17004
1.81371
0.882289
0.924238
0.875692
1.32623
1.13209
1.96014
2.21692
1.38006
1.7328
1.53144
1.66606
1.64029
1.63589
1.38899
1.46465
1.42767
1.68169
1.59995
0.914641
1.12117
1.17978
1.15053
1.1377
1.80339
1.62656
1.48097
1.90661
1.368
1.45994
1.13347
0.862491
0.785508
1.88277
2.16371
0.954249
1.44817
2.01571
1.79179
1.33984
1.30478
1.21647
1.35962
1.65727
0.714929
1.47688
1.67297
1.99799
1.4564
1.39515
1.75072
1.69715
1.73564
2.40932
1.41741
1.23256
1.9918
1.21619
2.16006
1.62367
1.49105
2.00818
1.56653
1.89786
1.82498
1.95029
1.65128
1.80102
1.1576
1.90483
2.06162
1.86235
1.79691
1.62832
1.70704
1.75148
0.671184
1.7145
1.90255
1.66117
1.79725
1.17315
1.42965
1.64263
1.5834
1.16356
1.66919
1.29987
1.6017
1.94652
2.08994
1.2511
1.5923
1.64312
1.5988
1.50232
2.02858
1.69252
1.41449
0.820617
1.06633
1.44199
1.34117
1.56316
1.14692
0.642187
1.48841
1.6135
1.35337
1.81771
1.55046
2.12505
2.44749
1.67696
1.56541
1.89404
1.61743
1.33575
1.87816
1.85296
1.65285
1.4282
1.5162
1.27058
0.858197
1.49958
1.47437
1.22228
1.40963
1.31656
1.02661
1.61427
1.21917
1.50627
1.73026
1.46104
1.03001
2.05777
2.01533
1.54773
1.91592
1.61895
1.60356
1.39803
1.86304
1.52922
0.701096
1.40728
1.54602
1.69861
1.25299
1.45093
1.55152
1.67091
1.62566
1.2441
2.31866
1.44181
1.2323
1.06183
1.05377
1.87998
0.775171
1.41513
1.87641
1.77698
1.11569
2.01064
1.21388
2.33162
2.20766
2.26285
1.6094
2.08745
1.58713
1.39438
1.49154
0.948647
1.64398
1.08387
1.39859
1.88486
1.15055
1.41513
1.68501
1.99381
1.1134
2.4285
1.50273
0.990517
1.17681
2.01032
1.13709
1.05997
1.74526
1.26345
1.52537
1.30557
1.20874
1.47053
1.7933
1.58436
1.18307
1.15201
1.38558
1.4535
1.34814
2.16482
1.6369
1.71646
1.59296
1.55248
1.56065
1.67307
1.46939
1.55122
1.157
1.58916
1.30011
1.81063
1.19108
0.899556
1.65417
1.27538
1.35713
1.3082
2.47006
1.11003
1.68371
1.09845
1.63255
1.85315
1.46178
1.4707
1.74238
1.87127
1.49544
1.37141
1.14684
1.62963
1.49794
1.46476
1.77281
2.26551
1.27107
2.50792
1.20385
1.54258
1.06723
2.41927
1.81231
2.23069
1.56308
1.21403
1.03179
1.49269
1.00896
1.4882
1.66567
1.82712
1.16301
1.47956
1.82513
1.64118
1.40356
1.60155
0.880133
1.26127
1.72119
1.84298
1.59305
1.89131
1.41716
1.47216
1.9457
1.11132
2.69964
1.74669
1.52517
1.4142
0.781559
1.46273
1.33247
2.16947
1.42543
1.42303
1.35052
1.32534
1.61778
1.63128
1.82063
1.54763
2.10906
1.58719
2.23003
1.56463
1.27544
1.41803
1.19859
1.20263
1.99814
1.06048
1.58633
1.51141
1.23196
1.5853
0.919183
1.51812
1.88391
1.38326
1.41678
2.14707
0.831857
1.61797
1.34514
1.97382
1.2938
1.56934
1.31254
1.89019
1.52925
1.48723
1.30737
1.59097
1.25445
1.61695
1.55651
1.18172
1.65258
1.94121
1.50722
1.52216
0.805361
1.91396
1.83026
1.79445
1.74918
2.23065
1.31169
1.49584
1.70242
1.58622
1.36085
1.81624
1.05146
2.06735
1.82462
0.992035
1.32196
1.77021
1.33443
1.03888
2.21523
0.848335
1.18384
1.30049
1.20636
1.37359
1.54358
1.53003
0.938903
1.3987
1.60204
1.85052
1.21946
1.67074
1.70018
1.81258
1.10337
1.0016
1.03491
1.64086
2.31816
1.22323
1.13109
1.56459
1.0849
1.46594
1.79778
1.85215
1.06497
1.75723
0.971471
1.09217
2.37014
0.961085
1.81181
1.20115
1.4117
1.0797
1.54607
1.24084
1.04064
1.75285
1.54356
2.19785
2.4353
1.12028
1.50959
1.20901
1.05613
2.32192
1.11225
1.79474
1.6306
1.83028
1.25888
1.53985
1.63707
1.3334
1.98217
1.64677
1.42604
1.53425
1.0874
1.29879
2.04153
1.82574
1.54779
1.58902
0.977265
1.01556
1.76913
1.23464
1.10887
1.67522
1.82978
1.92641
1.86762
1.67067
2.47036
1.33249
1.33723
1.50615
1.7889
0.969167
2.19211
1.63811
1.53375
1.58483
1.33193
1.37564
1.14646
1.39306
1.50374
1.3762
1.652
1.41897
1.98416
0.719764
1.29806
1.76513
1.58878
1.33088
1.58339
1.20365
1.84497
1.98293
1.68538
1.71393
1.50486
1.12904
1.32189
1.59233
1.72003
1.69242
1.09073
1.87618
1.74052
1.62617
1.88204
1.43001
1.01246
1.89364
1.74937
1.01789
1.96161
1.87284
1.2109
1.68501
1.91297
1.05985
1.26266
1.03327
1.72978
1.20001
1.59783
1.48131
1.39017
1.51371
1.81814
2.09174
1.13181
1.80447
1.64509
1.44521
2.04924
1.93652
2.03623
1.16826
1.50807
1.11441
1.12685
2.03135
1.1224
1.6714
1.88498
1.8219
1.24308
1.16696
0.829955
1.23529
1.33895
1.55476
2.42177
1.16416
1.76698
1.4328
1.43286
1.14507
2.09594
1.85537
0.907381
1.77171
1.98719
1.32127
1.73825
1.66957
1.97598
1.96732
1.92245
2.41519
2.32394
1.0661
1.89377
2.63199
1.6256
1.68522
1.30185
1.48905
1.95938
2.34565
1.31501
1.76416
1.78276
1.47489
1.89401
1.76293
1.24797
1.49071
1.32071
2.35833
1.62684
1.69987
1.87729
1.64656
1.20587
2.26455
1.2864
1.86253
1.49746
1.6031
1.87208
1.70466
1.33449
1.42047
2.38676
2.14008
1.79617
1.93332
0.785733
1.78557
2.01091
1.11428
0.918167
1.47801
1.3998
1.23947
1.32875
2.29645
1.60677
1.54141
1.56442
0.843976
1.12343
2.03189
1.76269
1.71744
2.01149
0.862691
1.66542
1.27972
1.63311
1.87126
2.06043
2.42898
1.99392
1.87245
1.74988
1.73306
1.45597
1.48536
1.38936
2.04639
1.31605
1.00715
1.49908
1.20601
1.86728
1.28313
1.66883
1.80603
1.6258
1.12054
2.31782
1.6182
1.11912
1.88606
1.42595
1.50103
1.51548
1.48482
1.72997
1.37622
2.03342
1.61443
1.0668
1.62173
1.66602
2.61511
1.33082
1.54264
1.60612
1.58375
2.17534
1.39559
1.55671
1.69971
1.95046
1.5407
1.22834
1.27577
1.61926
0.81426
1.37955
1.66337
1.80478
1.29074
1.691
1.67757
1.39271
1.37757
1.199
2.13502
1.2324
1.83585
1.64874
1.46612
1.07258
1.94005
1.53681
2.00179
1.19003
1.5105
1.38655
1.4212
1.37382
1.39666
1.14761
1.60535
1.09043
1.75161
1.39297
1.94514
1.63581
1.29734
1.84255
1.9172
1.59205
1.56445
1.20603
2.43765
2.47615
1.53577
1.92947
1.39552
1.81629
1.46363
1.44896
1.60596
1.21739
1.58354
2.06513
1.34256
2.05334
1.14035
1.24514
1.64292
1.54796
1.36069
1.52556
1.99245
1.57663
1.9122
1.95426
1.80711
1.74863
1.88709
1.01264
2.63804
1.73147
2.15701
2.09293
0.811451
1.4743
1.15369
1.82334
1.64594
1.45303
1.61939
1.41908
1.64834
1.55377
1.67613
1.4247
1.10229
1.91005
2.6191
1.27622
1.49157
1.95485
1.44086
1.6835
1.80496
1.287
1.97091
1.30055
1.3788
1.54975
1.87136
2.0383
0.677377
1.71369
2.00152
1.53583
0.954151
1.34492
1.67425
1.29484
1.79788
0.986911
1.02858
2.39025
1.27176
1.69725
1.43759
1.53346
1.5748
1.58886
1.95082
1.17446
1.36057
1.79138
1.50715
1.14477
1.70269
1.25874
1.2406
1.6116
1.66301
1.43856
0.926216
2.49096
1.39655
1.72336
1.58266
2.08202
1.738
1.05312
1.31169
1.41422
1.21772
1.33759
1.47771
1.79137
1.06421
1.96479
1.41666
1.02544
1.64314
2.08151
1.86493
1.84118
2.01278
1.41051
1.54134
0.939265
1.28882
2.79723
1.35488
1.77806
1.66403
0.928325
1.62084
2.07637
0.742203
2.32047
1.92302
1.31596
2.13499
1.17869
1.20763
1.61213
1.60585
1.83071
1.29835
1.15206
2.21141
1.67533
1.22801
1.26393
2.35712
1.85527
1.1946
1.99872
1.24596
1.80156
1.03445
1.67418
1.17442
1.3679
1.62993
1.65976
1.16848
1.81765
1.42911
1.40653
1.05303
1.89891
1.56023
1.46301
1.65058
1.66889
2.29605
1.88023
2.18217
1.67874
1.59795
1.2533
1.80296
1.6597
1.15915
1.22884
1.09261
1.38107
1.65454
2.07814
1.61562
0.725445
1.20896
1.70664
0.708789
1.99421
2.14063
1.203
1.32861
1.62382
0.794268
1.63168
1.28043
1.57724
1.57009
1.71584
1.46597
1.78395
1.34443
1.96942
1.30315
1.23054
1.59445
0.985604
1.24987
1.14584
1.2594
1.63708
1.3472
1.84603
1.43689
1.35663
1.29135
1.8043
1.17113
1.26493
1.40909
1.57095
0.930904
2.15998
1.23487
1.63155
1.49544
1.85198
2.01139
1.87774
1.64063
1.21187
2.10537
1.36778
1.73704
1.04514
1.77387
1.98574
1.57011
1.51437
1.18113
1.60346
1.46557
0.670853
1.28495
2.13163
1.40153
1.97355
1.42043
0.745107
1.35515
1.66534
1.55958
1.31133
1.78266
2.15958
1.38608
1.41855
1.77769
1.27751
1.94524
0.978425
1.01202
1.49553
1.70249
1.51373
1.88163
1.31951
1.71585
1.74336
1.52427
1.88026
1.38222
0.760014
1.37424
1.23018
2.21705
1.92677
1.46953
1.54886
1.64725
2.06193
1.74152
1.36293
1.39271
1.31213
2.08407
0.886637
0.990755
2.22446
1.60908
1.63466
1.67222
1.40908
1.62119
1.03954
1.62475
1.47283
1.64754
1.36497
1.51772
1.93486
1.96609
1.55223
1.33246
1.35994
1.7508
1.67301
1.62096
1.46388
1.49041
1.59627
2.20407
1.44985
1.6074
1.53879
2.5687
1.15572
1.68474
1.98732
1.46565
0.960197
2.00063
1.07934
1.37907
1.75417
1.23055
1.5352
1.33356
1.99735
1.15201
2.19293
1.91924
1.059
1.86347
1.41343
1.29649
2.17982
1.61184
1.72165
1.34812
1.4021
1.81145
1.17077
1.75338
1.33966
1.78796
2.08516
1.91041
1.64617
1.93657
1.32299
1.24045
1.44038
1.4853
1.53623
1.62638
0.663013
1.37547
1.39442
2.01724
1.41469
1.86049
1.74069
1.00235
1.23712
1.37201
1.2139
1.98448
1.54439
1.28477
0.802395
0.983963
1.51571
1.02923
1.54225
1.25972
1.00346
1.08515
1.74077
2.27134
1.53706
1.17109
1.34077
1.00641
1.24655
1.61896
1.32593
1.61419
1.25323
1.39132
1.64463
2.15857
1.83712
2.13862
1.37248
1.97416
0.97504
2.33684
1.07513
1.88203
1.02504
1.16329
1.04674
1.74241
0.948746
1.66769
1.68802
1.44664
1.43154
1.23191
1.70709
1.26267
1.32341
1.58528
1.46164
1.54539
1.72069
1.66465
1.73921
1.44811
1.49981
1.16804
1.34265
2.46308
1.79496
1.04949
1.66625
1.90506
1.91922
1.50663
1.44448
1.57235
1.4665
1.2244
1.54467
1.37901
1.59262
1.1949
1.03542
1.75702
1.27577
1.04512
1.19288
1.69512
1.33957
1.21878
0.971277
1.81731
1.40779
1.36485
1.21137
1.50722
1.49076
1.00366
1.2921
1.16929
1.1733
1.10206
2.44448
1.56779
1.47149
0.795316
1.98028
2.19759
1.92153
1.31355
1.36767
2.21691
1.76277
1.29269
1.32331
2.16547
1.49639
1.07878
1.46087
1.08649
1.5395
1.54975
1.57594
1.23115
2.31362
1.29546
1.57033
1.24047
1.89603
1.65449
2.15985
1.67214
1.99099
1.54333
1.41876
1.18165
1.69493
1.86632
1.58532
2.01994
1.03817
1.46724
1.52154
1.48828
2.23981
1.58905
1.30951
0.78056
1.60041
1.32123
1.03092
1.21957
1.40431
1.49701
0.985812
1.7056
1.35368
1.72028
2.02206
1.76427
1.75495
1.28137
0.836083
1.75149
1.85339
1.60552
2.09711
1.52376
1.80956
2.04539
0.981032
1.36651
1.33236
1.93503
1.98829
1.78537
1.73529
1.49135
1.68655
1.15448
1.42666
1.77922
1.54179
1.35889
1.37713
1.59046
1.51376
1.30798
1.95847
1.79618
1.78066
1.93893
2.40447
1.94936
1.28441
1.04002
1.50419
1.38451
0.902018
1.56069
1.50582
1.55163
1.33146
1.44277
1.50907
1.27037
2.08959
1.76979
1.28113
1.75578
1.47276
2.05153
1.88725
1.67284
2.0081
1.23665
2.12201
1.39726
1.23686
2.02878
1.62978
1.88803
1.13808
1.36886
2.21299
1.22654
1.5742
2.03541
1.80747
1.20533
1.63021
1.33481
2.50638
0.873148
1.27018
1.02711
1.52116
1.76123
1.43596
1.9975
1.44347
2.02308
1.3986
1.42888
1.84828
1.67447
1.2571
1.61901
1.63368
0.747819
2.1521
1.78346
1.47452
1.99836
1.63266
1.75698
1.41766
1.50589
1.14729
1.65843
1.53971
1.1266
2.02209
1.95767
1.14706
1.4446
1.29326
1.28741
1.36298
2.09083
1.23629
1.32735
1.2999
2.01019
1.88249
2.24327
1.75417
1.64479
2.29303
2.12185
1.74818
1.5461
1.17494
1.32387
2.00421
1.3871
1.46373
1.78382
1.71264
1.29348
1.8761
1.43086
1.32999
2.50792
1.48655
1.16272
1.80674
1.48163
1.35756
1.75543
1.49357
1.46718
1.34892
1.7936
1.59628
1.26681
1.52814
1.53985
1.95096
0.969427
1.83142
1.33514
1.01514
2.44703
1.34006
2.27074
1.39207
2.22373
1.36102
1.88996
1.73406
1.4861
1.45626
1.83895
1.94597
2.09402
1.6341
0.856871
1.0441
1.67075
1.25716
1.98367
1.67276
1.415
1.47368
1.23919
2.25929
2.05719
1.43825
1.99862
1.13258
1.53601
1.22891
0.894668
1.42728
1.07042
1.73294
1.63441
2.25887
2.08265
1.54228
1.50833
1.74756
1.87593
2.62226
1.77271
1.16534
2.09933
1.6181
1.82121
1.72631
1.28061
1.71251
1.86868
2.22424
1.96585
1.89018
1.7868
0.652428
1.72122
2.314
1.61049
0.841227
1.15489
2.2198
1.72112
1.05889
1.80351
1.50978
1.74365
2.14388
0.947919
1.26939
1.52439
2.69231
1.70426
1.34443
1.86694
2.09117
1.79001
1.72531
1.39883
1.37038
2.27407
1.73539
1.19162
1.44452
1.80558
1.88203
1.77345
1.22103
1.10166
1.10501
1.70185
1.77348
2.10297
1.64268
1.46476
1.79559
1.43381
2.01983
1.48928
1.77516
1.153
1.1756
1.41012
1.59897
1.69028
1.61525
2.02527
1.84109
1.50263
1.73587
1.86065
1.38506
1.28536
1.91254
1.49502
1.43809
1.55559
1.56031
1.34858
1.61204
1.1278
1.86971
2.28012
1.33119
1.16079
1.36358
1.16972
2.0742
1.31321
1.95136
2.10126
1.20568
1.69342
0.870631
1.38805
0.83704
1.33047
1.72698
1.18116
1.26642
1.32134
1.07178
1.0593
2.85207
1.33033
1.16686
1.11632
1.13399
1.25439
1.27337
1.28066
1.20676
1.68958
1.99353
1.98005
1.13056
1.34605
1.63269
1.58938
1.95783
1.87553
1.11911
1.64156
2.79707
1.42378
1.41446
1.30522
0.931603
1.49131
1.26371
1.82433
2.09529
1.02267
1.77411
1.60896
1.40841
1.5581
2.02457
1.50072
1.88388
1.55994
1.62043
1.71173
2.11461
1.86022
1.35579
2.12892
1.47305
1.48484
1.39591
1.7795
1.3545
1.5384
1.99104
1.32379
1.85868
1.60548
1.71199
1.47872
2.291
0.554324
1.83008
1.09701
1.44627
1.61905
1.81065
1.36401
1.24897
1.28388
0.816105
1.42845
1.72418
1.4989
1.32543
1.04023
1.21553
0.715175
2.01114
1.84553
2.57432
1.48899
1.67961
1.42358
1.69763
1.4408
0.892905
1.27115
1.54015
1.38613
1.9301
1.56822
1.66131
1.66775
2.25744
1.41819
1.42037
1.74417
2.42055
1.26718
1.57705
1.74836
1.50737
1.79509
1.88089
1.49565
1.69939
1.20701
1.79538
0.960633
1.25226
1.78737
2.05517
1.22174
1.57312
1.47956
1.64795
1.02646
1.72259
1.21398
2.00987
1.71027
1.61901
2.18519
1.34642
1.51925
2.09942
1.02029
1.8009
1.60348
1.47873
1.4831
2.09378
1.78656
2.03503
1.77134
1.84761
2.01265
2.34764
2.09766
1.82206
1.48183
2.00103
1.05445
1.64822
1.22555
1.66859
1.48721
1.77525
1.984
1.09421
1.30561
1.57664
1.44927
2.29518
1.31706
1.9478
1.67536
1.0025
1.7347
1.74736
1.6023
1.39921
1.42664
1.40018
2.15187
1.56433
1.73005
2.78738
1.32966
1.91788
2.15486
1.24335
1.59406
1.34499
2.26935
1.67879
1.68414
1.13795
1.89856
1.35686
1.39737
1.48572
1.19641
1.37505
1.32402
1.31846
1.57464
1.58286
1.5227
1.94409
1.16782
2.13486
1.54592
1.48144
1.31784
1.7348
1.62633
1.67574
1.9441
1.27986
2.3908
1.25919
0.970006
0.987963
1.23154
1.38959
1.97188
1.19717
1.29042
1.36625
1.97679
1.49116
2.00353
1.69962
2.08838
1.63118
2.11487
1.68685
2.56894
1.55802
1.76018
2.12889
1.99758
1.33355
1.68337
1.76523
1.1096
1.47821
1.48237
1.70451
1.74998
1.64272
1.19027
1.39869
2.45064
2.00794
0.960842
1.55941
2.14412
0.924451
1.36161
0.965937
1.28528
1.4251
1.79514
1.1274
1.4084
1.86237
2.68235
1.33891
1.78857
2.43789
1.77496
2.3261
1.30085
1.46973
1.29198
1.67467
1.61952
1.37332
1.88716
1.45572
0.919084
1.59507
1.6945
1.21416
1.82454
1.45041
1.23734
1.51671
1.97675
2.43189
1.26691
2.58466
1.74995
1.80339
1.37126
0.952517
1.09951
1.481
1.40303
1.84045
1.70606
1.18252
1.66586
1.9196
1.35728
1.28997
1.57029
1.43654
1.67265
1.40045
1.83796
1.85758
1.82476
1.82207
1.21853
1.45295
0.954972
2.09347
2.14467
1.33237
2.02269
1.2976
1.01808
1.39007
1.63869
1.61509
1.27768
1.49919
1.05183
0.9068
1.94472
1.51034
1.91778
1.21597
1.1124
1.28547
1.61218
1.54603
1.67851
1.59666
2.24116
1.46344
2.0284
1.81018
1.7223
1.65982
2.03035
1.19074
1.1218
1.50316
1.22042
1.5372
1.19592
2.37396
1.98601
1.77756
1.61144
2.93866
0.860488
1.49618
1.34876
1.39269
1.78983
1.05742
2.073
1.68865
1.4009
1.23011
1.77039
1.58803
1.74485
1.64071
1.41388
1.74773
1.34499
1.24371
1.62037
2.03965
1.76607
1.73276
0.922041
2.06928
1.45225
1.39821
1.02601
1.63149
1.78981
1.61754
1.64122
1.16426
2.16336
1.8308
2.41015
1.55509
1.39816
1.43592
1.78256
1.17564
2.07439
1.17044
1.60317
2.08556
0.457557
1.34235
1.2964
1.52731
1.2013
1.66077
1.1595
1.5277
1.48169
1.66291
1.50984
1.94313
2.13914
2.04451
1.19719
1.64491
1.78921
1.65672
1.54275
1.81125
1.63402
1.42024
0.751798
1.89376
1.4308
1.7941
1.76206
1.55957
1.63362
1.11093
2.82778
1.15813
1.91956
2.03911
1.16738
0.924448
1.52372
1.99796
1.46364
1.88993
1.60281
1.36867
1.40684
0.956437
1.9529
1.2525
1.49866
2.21089
1.68631
1.27387
1.57655
1.25248
1.88159
1.73056
1.75056
1.39314
1.3085
1.15602
1.75858
1.52939
1.76402
1.64061
1.63098
2.13129
1.11613
1.10628
1.42939
1.70561
1.54181
2.08189
1.51899
1.14623
1.25619
1.85736
2.02967
1.52459
1.02992
2.21086
1.17351
2.14549
1.84218
1.42122
1.13182
2.35489
1.01636
1.32493
1.16824
1.61906
1.53621
1.95829
1.50591
1.60693
1.8221
1.25482
2.14387
1.65317
2.10928
1.4886
1.37409
1.57985
1.83126
1.53191
1.65555
1.66529
1.30895
1.12184
1.62544
1.4769
1.9377
2.02842
1.81422
1.03041
1.93462
2.57399
2.26375
0.824385
1.19489
1.05942
1.72753
2.15673
1.68229
1.4589
0.909556
1.3228
1.39897
1.27458
1.52821
2.14968
1.41727
1.65458
1.66948
1.51688
0.836697
1.76199
1.27001
1.87937
1.86746
2.05828
0.7575
1.13794
1.59586
1.48024
1.84475
1.46529
1.88579
1.31058
1.70052
1.39028
2.02371
1.49758
1.15089
1.87405
1.77961
1.64839
1.82042
1.63154
1.74619
1.71223
2.02736
1.31577
1.21574
1.71551
1.06876
1.80647
2.15066
2.04232
1.54389
1.73518
1.26893
1.44603
2.19646
1.97928
1.84982
1.10989
1.19689
2.07218
1.70186
1.71273
0.978339
1.79797
1.56295
1.08963
1.58944
1.29707
2.47469
1.30857
1.8987
2.29035
1.39783
1.45254
2.16887
1.68425
1.40436
1.5631
1.71242
1.5405
1.59708
1.52151
1.63437
1.01893
1.12084
1.61246
1.20756
1.25249
1.3367
2.21293
1.51559
1.74834
1.60905
1.81603
0.906703
2.1995
1.72688
1.50269
2.11273
1.35045
2.05658
1.47187
1.16798
1.94947
1.82586
1.28032
2.14436
1.24559
1.63657
1.54113
1.49835
1.21346
1.592
1.85665
1.61242
0.926493
1.76372
2.2512
1.23165
1.64964
1.31971
1.29929
1.47437
1.69701
0.939984
1.76131
1.95545
1.85742
1.62617
2.31692
1.14206
1.0717
1.71048
1.57273
1.9201
2.28862
0.752091
2.83614
1.88257
2.00627
1.6256
1.88284
2.15373
1.24214
2.56102
1.22315
1.52671
1.68538
1.3857
1.36777
1.52916
1.61952
1.97263
1.77655
1.45841
1.9396
1.1885
2.27394
1.68253
1.03215
1.37902
1.92914
1.98238
1.50869
1.83797
1.12262
1.39619
1.22535
2.0018
1.70102
1.82228
1.68885
1.77145
1.63951
1.25051
1.31979
1.02039
2.13743
1.3558
1.91812
1.34983
1.31956
1.30134
1.28991
1.25881
2.1093
1.43588
1.1472
1.52678
1.61211
1.61753
1.86126
1.29196
2.08259
1.70162
1.82268
2.08897
1.40034
1.55339
1.2387
1.07823
1.11387
2.35831
1.39689
1.71744
1.85894
1.98194
1.7101
1.821
1.27922
1.35473
1.72771
1.29972
1.94222
1.15618
1.70171
1.06569
1.80879
1.11084
1.75682
1.72563
1.47192
1.19484
1.71689
1.95238
1.49998
1.97888
1.52833
1.78243
0.892514
1.60487
2.01234
1.41823
1.59022
1.44798
1.25174
2.13414
1.02714
2.25067
1.17779
1.47051
2.04423
1.42899
1.17797
1.46759
1.99626
1.23301
1.87259
1.83684
1.60489
1.2827
1.58282
2.06433
2.42048
1.7606
1.32752
0.874612
1.34676
1.55801
1.58375
1.45343
2.04294
1.50961
1.30718
1.64756
1.38514
0.609824
1.57342
1.19362
1.72301
1.02312
1.50445
1.32688
1.26646
1.59232
1.52602
1.19151
0.957356
1.62814
0.824354
1.90278
2.5933
1.70802
1.95914
1.76275
1.35794
2.07379
2.09577
1.14006
1.75497
1.28771
0.845471
2.22361
1.06486
1.4311
2.03215
1.35885
1.63412
1.88656
1.31814
2.32336
1.65591
1.47995
1.37624
1.62789
2.12272
1.52347
1.63702
2.35554
1.0353
1.47361
1.31055
1.04153
1.69304
1.37025
1.89189
1.69398
1.60584
1.40073
1.2757
2.00311
1.39053
1.69315
1.48467
1.6163
0.78354
1.79102
2.2624
1.17438
1.44879
1.18028
1.76586
1.21536
1.61804
1.2089
1.26517
1.0546
2.16935
1.57208
1.9973
1.44351
1.87915
2.3002
0.919302
1.29462
1.49853
1.62723
1.41684
1.78847
1.59098
2.14437
1.58329
1.59956
1.88917
1.75158
1.74318
1.38641
2.07738
2.05002
1.93793
1.6232
2.68108
1.02433
1.86284
1.01616
1.42169
1.51041
2.25551
1.62779
1.09492
1.53414
1.3181
1.74364
1.43922
1.28731
0.979008
1.76536
1.04378
2.18523
1.61871
1.74997
1.1224
1.42905
1.14339
2.15734
1.59268
1.0824
1.31304
1.05094
1.18241
1.61304
1.93173
1.53373
1.24937
1.12116
1.12718
1.69639
1.77991
1.92471
1.84795
1.75452
1.73999
1.8542
2.061
2.45719
1.54666
1.28514
1.32482
2.00918
1.69317
1.70247
1.57057
1.92717
1.5869
1.48257
1.28274
1.06475
2.39837
0.91677
1.88864
1.53117
1.31793
1.04318
1.43419
1.37663
1.75637
1.63354
1.89848
1.31836
2.01078
2.58868
1.36661
1.62292
1.83187
1.8017
1.77544
1.3484
1.63099
1.37428
1.7132
1.45227
1.48461
1.06868
1.51356
1.45303
2.11004
2.14103
1.7765
1.79203
1.80523
0.933938
1.42999
1.38084
0.958584
1.48676
1.61584
2.31012
1.02761
1.22553
0.962748
1.04485
1.44491
1.38489
1.49404
1.19907
2.57292
1.51183
1.73116
1.96646
1.78216
2.43759
1.44337
1.23507
1.65577
1.49394
1.93591
1.81493
1.12606
1.21354
1.91433
1.8387
1.418
1.47036
1.63714
1.57146
1.41132
1.65827
1.86366
1.63091
2.23468
1.4105
1.83485
1.88509
1.47374
1.73836
1.40476
1.63843
2.13791
1.45596
1.55413
2.44234
1.99086
1.73906
0.934739
1.26717
1.56568
0.818643
1.19282
1.48569
1.57187
1.47682
1.99078
1.26868
1.93838
0.715797
2.49887
1.75706
0.931664
1.72099
1.57142
1.70028
1.74537
1.64178
1.70335
2.01312
1.83211
2.02471
2.42244
1.38406
1.95805
1.44793
1.8137
1.67052
2.01455
2.42696
1.99294
2.01367
1.35743
1.84947
0.970153
1.31553
1.80464
1.60289
1.51339
1.60518
1.98353
1.57121
1.35398
0.68567
1.88787
0.807959
1.97024
1.20334
1.84055
1.29825
2.54071
2.57242
0.933688
1.28862
2.21059
1.83866
1.11462
1.54017
1.421
1.48407
1.89997
1.80663
1.72546
1.42227
1.9525
1.59275
1.17245
1.31242
1.11745
0.760199
1.53188
1.21866
1.71321
2.47925
1.24021
1.577
1.52605
1.29699
1.6212
1.55457
1.0525
1.89174
1.82821
1.18482
1.39509
1.57788
1.56573
2.25285
1.46752
1.63017
1.04995
1.62662
1.31274
2.05578
1.6904
1.11585
2.50618
1.27849
1.89137
1.54996
0.915325
1.20357
1.62155
1.83893
1.72753
1.41877
0.672418
1.75121
1.56278
1.21189
1.87449
1.19637
1.76268
1.32158
0.949355
2.21736
1.82116
1.45416
1.26958
1.37598
1.24806
1.47199
1.46518
1.78146
1.23197
1.71578
2.10674
1.97302
2.02356
1.25772
1.52026
1.58025
1.8712
1.48034
2.01958
1.38997
1.7
1.2062
1.58747
1.30733
1.49581
1.2728
1.94854
2.05671
1.29593
1.33231
1.31607
1.6376
1.35722
1.75999
1.33863
1.51225
1.91996
1.67029
2.37459
1.57844
1.20437
1.49989
1.34463
1.65257
2.52354
1.88336
1.70768
1.88635
1.36559
2.18705
2.02914
1.71849
1.54017
1.48557
1.76487
1.23758
1.20757
1.85848
1.7568
2.09263
1.8997
1.41978
1.18702
1.13211
2.40849
1.50952
0.920449
1.67638
1.77776
1.47152
1.57658
1.19303
1.67899
1.52355
1.68237
1.5164
1.39499
2.15674
1.62927
2.06362
1.91635
1.63062
1.78859
1.77194
1.64773
2.59623
1.14788
1.41929
1.28826
2.06812
1.44828
1.58379
1.50723
1.58595
1.42487
1.47355
2.0284
1.62023
0.43505
1.47305
1.56712
1.36313
1.71297
2.08769
1.55004
1.38411
1.46936
1.71944
1.59791
1.5143
1.89232
2.47723
2.36977
1.09318
2.24129
1.4756
2.1418
1.56011
1.73321
1.90202
2.27191
2.28144
1.63447
1.56355
2.26632
1.00615
1.55169
1.52578
1.55887
1.62182
1.38996
1.51626
1.97891
1.45558
2.01605
1.91178
1.21392
1.82103
1.49978
1.60311
2.29115
1.6688
1.93912
1.7786
1.28789
2.04516
1.55219
1.60781
1.73895
1.54505
2.40407
1.39674
1.79945
1.56478
1.37559
1.18812
2.16117
1.892
1.92464
1.58365
1.70658
1.29742
1.39297
0.861012
2.18169
1.27418
1.96169
1.2655
1.62377
1.37532
1.73261
1.98946
1.94557
1.15832
1.51532
1.33954
2.04565
1.86713
1.30571
1.38076
1.74911
1.39925
0.694771
1.73237
1.24511
1.72381
1.79463
1.37445
1.27994
0.969562
2.30539
1.54063
1.26413
1.61464
1.20461
0.973138
1.56767
2.1042
1.58015
1.35628
0.747582
2.1191
1.47396
2.03355
1.70152
1.49155
1.48989
1.38475
2.04884
1.4716
1.43689
1.92372
1.66748
1.27406
0.904016
1.28905
1.51051
1.87022
1.64075
1.92476
0.929999
2.34662
1.67194
1.23925
1.13021
1.69198
2.26102
1.46817
1.90232
1.36446
1.29112
1.74708
1.37014
1.98487
1.89207
1.7275
1.32906
1.93536
1.33476
1.20077
1.68227
2.17623
1.8314
1.9562
1.53414
2.54617
1.12238
2.08516
1.80561
1.46339
1.45285
2.37077
1.96726
1.61189
1.60981
1.13336
1.54114
1.57437
2.2134
2.06171
1.39289
1.45807
2.61797
1.8253
1.49578
1.22661
1.70805
1.43964
1.5511
1.57517
1.59828
2.06072
1.03711
1.4735
1.97151
0.997365
1.58006
1.63376
1.84621
1.95512
1.955
2.00799
1.45436
1.74438
1.84649
1.70998
1.49052
1.07021
1.21578
1.46434
1.50809
1.07784
1.88597
1.58819
1.08139
1.76233
1.76417
1.50012
0.907675
1.16754
1.46167
1.24692
1.34722
1.83658
1.22793
1.44685
1.31333
1.26818
1.6274
1.134
1.86592
1.70772
1.705
1.69582
1.61058
1.20647
1.57446
1.73449
1.48012
1.74739
1.51353
1.79421
1.61706
1.3223
1.16331
1.62206
1.64223
1.69668
1.09589
1.60181
2.02163
1.309
1.38349
1.97369
1.63218
1.69652
0.985477
1.59132
1.48835
1.70195
1.09828
1.56301
1.3021
1.90655
1.14829
0.986317
1.53204
1.94008
1.44299
1.19256
1.5692
1.82773
1.52792
1.1248
1.07448
1.69002
2.04484
1.24731
0.982639
1.50442
1.39774
1.50385
1.87097
1.31574
1.90849
1.5554
2.18803
1.726
1.03203
1.18285
1.43656
1.61526
2.1444
1.48775
1.65253
1.92723
1.86086
2.41516
1.62155
1.82657
1.2304
1.23537
1.29872
1.21288
1.50841
1.88328
1.67161
1.23646
2.12573
1.80931
1.94133
1.23162
1.16212
1.30415
1.73716
1.80153
1.06345
1.51125
1.75396
1.4358
1.3447
1.59044
1.64631
2.35894
1.98617
2.00491
0.923882
1.44045
1.09106
1.69853
2.06426
1.4407
1.80718
1.33347
1.61408
2.1556
2.03534
2.48394
1.74082
1.85149
1.21371
2.01015
2.03132
1.69166
1.2617
1.88221
1.39735
1.60404
1.36505
1.66003
1.69797
1.5701
1.52719
1.42755
2.02203
1.33121
1.48318
1.44697
1.0574
1.95631
2.25228
1.80862
1.6706
1.48499
1.55553
1.55967
1.44519
1.63939
1.91963
1.49957
1.7085
1.30975
1.78528
1.47133
1.04073
1.60245
1.74659
1.8091
1.6604
1.55282
2.24982
1.19272
1.72897
1.67733
1.44616
1.07671
1.0922
1.71671
1.22317
1.81549
2.25872
1.77851
1.57335
1.76871
1.61964
1.90629
1.63604
1.0316
1.73115
1.76487
1.90391
1.68156
1.47218
1.81906
1.84218
1.40146
2.66514
1.1542
1.74365
1.50952
1.35005
1.166
1.66559
1.84238
1.57456
1.1405
1.23919
1.26438
1.45832
1.36517
1.43893
1.43008
1.44636
1.89781
2.19663
1.79113
1.7151
1.65937
2.28796
2.1304
2.24763
2.19315
1.38584
1.58848
1.46976
1.93401
1.92218
0.993063
1.6158
1.05052
0.947985
1.67647
1.65279
1.39242
1.26906
2.25983
1.87617
2.0067
1.9906
2.08985
1.76048
1.10411
1.72841
2.35352
1.74643
1.79795
1.90206
1.10856
1.15167
1.53594
1.29171
1.81417
1.37639
1.79741
1.87461
1.53845
2.31583
1.60754
2.37337
1.643
1.34091
1.86152
1.39222
2.49499
1.49402
1.82177
0.805817
1.25292
1.88267
1.60366
1.17162
1.6242
1.2637
1.27363
1.44141
1.61104
1.32314
1.29347
1.00886
1.14299
1.49173
1.74786
1.27985
1.44074
1.12894
1.24874
1.6542
1.32828
1.61881
1.10382
2.01927
1.17136
1.24076
1.12322
1.7089
1.20624
1.66654
1.59341
1.69271
1.54305
1.64204
1.7935
1.59021
2.43801
1.33013
1.56652
1.60437
1.27491
1.62503
1.29722
1.86526
1.6265
1.64799
1.40647
1.57327
1.38191
2.13196
1.70651
1.18791
1.20263
1.38909
1.29869
1.41733
1.34796
1.67356
1.72429
1.52539
1.60019
1.19233
1.25662
1.5985
1.67522
1.24697
1.2786
1.43831
1.67081
1.7528
0.976284
1.31211
1.02319
1.43376
1.44175
1.59109
2.19045
1.8967
1.65828
1.39863
1.64768
0.750638
1.58824
1.76893
1.24012
1.06587
1.79225
1.21974
1.33913
2.34696
0.863357
1.81245
1.74756
1.92613
1.13141
1.83721
1.27969
1.74658
1.37673
2.17098
2.08192
2.44949
0.952523
1.89553
1.51537
0.989824
2.38211
2.51233
0.971269
1.63811
1.33259
0.919435
1.82555
1.82674
1.11407
0.91013
1.67064
1.52686
1.88093
1.62155
1.96707
1.43706
2.21676
1.25908
1.29987
1.86165
1.84615
0.72933
1.44636
2.26351
1.75775
1.70106
2.512
1.7154
1.31901
1.54865
1.89349
1.47144
1.44894
1.55985
1.66461
1.44189
1.62144
2.02739
1.08891
1.4928
1.94808
1.61042
2.0757
1.65506
1.73924
1.33806
1.7984
1.14984
1.73479
1.69036
1.90972
1.21265
2.34169
1.26363
1.07787
1.21997
1.83604
2.09564
1.3169
1.44014
1.01081
1.22969
2.28471
2.07279
1.17821
1.31998
2.09101
1.93822
1.07793
2.22933
1.52506
1.86023
1.33829
1.91153
1.61761
1.99888
1.17002
1.60356
1.8429
1.50122
1.62722
1.98828
1.30479
1.18641
1.22193
1.14141
1.18944
1.74885
1.3167
1.91974
1.29099
1.14808
1.93481
1.81072
1.4715
1.95415
1.30793
1.25477
1.12474
1.66112
1.04348
1.52511
1.02276
1.65276
1.82754
1.72106
0.985973
1.21855
1.37453
1.92174
0.89385
1.02873
1.996
1.44584
2.4188
2.28551
1.18764
1.27623
1.75499
1.28369
1.51927
1.47117
1.59856
1.60007
2.00373
0.984473
1.56691
1.8337
1.26038
1.50286
1.12892
1.83253
1.43257
1.82389
1.42986
0.935537
1.57011
1.59259
1.75409
2.13517
1.99612
1.44738
1.75244
2.02557
2.24751
1.88826
2.14444
1.33283
1.91987
0.964426
1.06121
0.935729
1.10053
1.80047
1.55733
1.89585
1.49332
1.58924
0.684542
1.2239
1.74305
0.86741
1.36439
1.15071
1.08339
1.57084
1.45813
1.2536
1.29257
1.74846
2.36691
1.27716
1.47391
1.17904
1.93802
1.13406
1.37444
1.548
1.53905
0.922713
1.59989
1.15569
1.84676
1.69087
2.24327
1.95002
1.06432
1.32849
1.07906
1.73157
1.76459
1.57642
1.82835
1.05562
1.57276
1.64097
1.63424
1.83617
1.3741
1.83375
2.25152
1.12383
1.43571
1.58495
1.45459
2.10314
1.67988
1.63768
1.21698
1.74333
1.6014
1.78334
1.85117
1.66572
1.57734
1.75995
2.16349
1.30659
1.57291
1.30463
1.67058
1.51078
1.86268
1.55832
1.56932
1.70762
1.62373
1.64961
1.1496
2.11048
1.74748
1.21158
1.9313
1.46323
2.10544
1.79952
1.28261
1.45347
1.82095
1.36432
2.22541
1.09579
1.51004
1.05221
1.66192
1.28286
1.67738
0.420776
1.21138
1.63529
1.72568
2.01439
1.54603
1.3433
1.60879
1.54237
0.797249
1.58444
1.28952
1.40287
1.40652
1.43237
1.2823
1.36996
2.03507
1.32889
1.34625
1.29594
1.31787
1.14547
1.36245
1.88658
2.16593
1.22683
1.45466
1.19308
1.76406
1.26364
2.24055
1.56926
1.57138
1.26279
1.61571
2.50863
1.69846
0.806608
2.11046
1.49519
1.27294
1.97998
1.34314
1.45548
1.33786
1.6456
1.77129
1.99739
1.43644
1.82887
1.65294
1.2968
1.23462
1.79551
1.85393
1.46316
1.69588
1.64194
1.93099
1.76214
1.05795
1.93575
1.44775
1.95793
1.70398
1.22004
1.22538
1.13471
1.57229
1.00466
1.04095
1.31757
1.67238
1.54342
1.49977
1.28278
1.3906
2.30631
1.40722
2.33216
1.46618
2.16886
1.57013
1.65526
1.31013
1.71948
1.21347
0.959176
1.26792
1.445
1.62934
2.08248
1.11203
1.52008
1.34383
1.45329
1.69358
1.32083
1.40915
2.10712
1.27576
0.947664
1.51814
1.50239
1.38239
0.814377
1.31941
2.09299
1.71036
2.05476
1.74277
2.07566
2.01817
1.76109
2.41082
1.60547
1.78718
1.19604
1.13003
1.87935
1.30149
1.07885
1.52947
1.89166
0.989029
1.4308
1.59995
1.46489
1.74388
1.93504
1.81921
1.78893
1.61152
1.49137
1.39176
1.16222
1.55263
1.45745
1.36404
1.16775
1.20257
1.43102
1.30772
1.77661
0.897804
1.28673
1.4735
0.65017
1.50656
1.67302
1.53742
1.35099
1.18793
1.29112
1.59238
1.37067
1.90348
1.93795
1.15478
1.73728
1.30557
1.56051
1.88881
1.97501
1.69049
1.25113
1.31415
1.59269
1.15643
2.20397
1.73678
1.33283
1.55993
1.56547
1.8287
1.50259
1.51576
1.43505
1.68098
1.67475
1.50156
2.65294
1.9535
1.74051
1.06101
1.6652
1.23034
2.00572
1.07757
1.89236
1.72579
1.67015
1.56071
2.08311
1.69716
1.66232
1.45155
1.27517
1.47338
1.49902
1.66273
2.0018
1.43635
1.55255
1.19059
1.59779
2.2318
1.15261
2.54262
0.811907
1.2637
0.922977
1.12703
2.16409
2.25656
1.57788
1.16055
1.66752
0.967872
1.55293
1.38571
1.5191
1.70648
1.90732
2.03673
1.39442
1.53018
0.863579
1.14879
1.52319
1.71828
1.07325
1.46054
1.59704
1.73086
2.06432
1.4885
1.41849
1.38447
1.55341
1.73448
1.41157
2.92017
1.43419
1.89997
0.855219
1.69896
2.04791
1.58319
1.18222
1.67801
1.90589
1.59429
0.903235
1.81973
1.3291
1.24553
2.03731
1.5946
1.43783
1.543
1.92049
1.87669
1.18314
0.595999
1.62044
1.78106
1.12151
1.08239
1.48573
0.938764
1.92134
1.51192
2.80947
2.38853
2.31004
1.7825
2.05913
1.60231
1.74725
1.22581
1.14342
1.44386
2.07019
1.11539
1.87077
1.60268
2.16204
1.99473
1.793
1.31862
1.21924
1.09447
2.34076
2.01525
1.14852
1.82771
2.06816
1.58249
1.82465
1.85225
1.76961
1.20481
2.01061
1.85123
1.42875
2.00862
1.70571
1.76637
1.99014
1.50213
1.70131
1.97966
2.21766
1.5189
1.68345
1.31636
1.42196
1.44955
2.37521
2.04154
1.70665
1.41973
1.75043
1.79912
1.06678
1.8036
1.28005
1.54914
1.41089
1.99683
1.00298
1.54568
1.49052
1.28216
1.45321
2.47877
1.15421
1.82664
1.38858
1.3858
1.91405
1.20899
1.97321
2.07616
1.24965
2.10652
0.812909
1.74206
1.99671
1.14504
1.27593
1.20083
1.65848
1.14412
1.72405
2.01593
1.2107
0.9995
1.65499
1.50885
1.10325
1.87659
1.956
2.06476
1.2937
1.71715
1.71903
1.34952
1.59326
1.72802
2.09489
1.93159
1.76394
1.06467
1.34441
2.2819
1.46756
1.29851
1.61371
1.52917
1.62284
1.87179
1.52637
1.6011
1.1712
1.67171
1.88842
1.66682
1.42183
1.58043
1.58191
1.72494
1.45395
1.83854
1.79324
1.30058
1.69933
0.978948
1.06111
1.70853
1.33785
1.86723
1.37238
2.25281
2.20501
0.859318
1.37119
1.68197
2.05256
0.986064
1.30951
1.37686
1.30519
2.09287
1.05717
1.73992
1.85723
1.67024
1.36099
1.5067
1.72293
1.35865
2.45747
1.54201
1.25836
1.20276
1.14181
1.38999
1.71518
1.27742
1.51689
1.40987
0.823637
1.35079
1.36963
1.57123
1.97259
1.42679
1.35571
1.29767
1.23364
1.87679
1.26447
1.7495
1.98555
1.52396
1.50835
2.25808
1.85314
2.4682
1.1907
1.58749
1.22294
1.46223
1.5363
1.39501
1.50627
0.904537
1.53245
1.35103
1.71922
1.92839
1.64359
1.34712
1.57358
2.2886
1.17487
0.945471
1.48084
1.46373
1.28141
1.9131
1.26124
1.42124
1.793
1.76468
1.52639
1.64765
1.91326
1.2945
1.52771
1.32626
1.1286
1.03332
1.18175
1.62052
1.0075
1.41466
1.71785
1.64472
1.29044
1.42228
1.52775
1.95449
1.40001
2.37395
1.17097
1.45032
1.42343
1.33774
1.38096
0.861885
1.52615
1.93371
1.34001
1.67491
1.25961
1.88846
2.11399
1.33298
2.66354
1.50173
1.53315
2.07678
1.66583
1.25661
1.4751
1.30854
1.31598
1.4787
2.36534
1.52804
1.64026
1.72121
1.75665
1.98246
1.3925
0.774471
1.10379
1.61999
1.28267
1.35332
1.6929
1.44441
1.34347
1.71389
1.76057
1.92379
1.36016
1.73318
1.75514
1.52587
1.53804
2.07272
1.06383
2.06561
1.59542
1.3777
1.14492
1.51583
2.21924
2.06335
2.06162
1.72419
1.73804
2.25774
1.76668
1.26768
1.63326
2.13594
1.95279
1.50569
1.01417
1.8001
1.89666
2.35287
1.88747
1.51336
1.28168
1.47672
1.49987
1.19897
2.38561
1.42107
1.00055
1.53863
1.53266
1.32502
1.39723
1.95787
1.43352
2.06605
1.38025
1.59842
1.55346
1.54849
1.25566
1.77233
1.28432
1.84664
1.91504
0.973501
1.43684
1.21493
2.0715
1.87348
1.90614
2.18482
1.89512
1.62829
1.28829
1.29934
1.18422
1.26176
1.12856
1.33261
1.83503
2.00092
1.67191
1.41602
1.26977
1.24586
1.90118
2.08268
0.990304
1.74317
1.39024
1.92458
2.0114
1.95083
1.43615
1.87604
0.823746
2.0037
1.09914
1.89608
1.03499
1.66578
1.46214
1.71463
0.846276
1.70689
1.55137
1.61296
1.87893
1.89288
1.0905
1.78305
1.65258
1.4553
2.08875
1.15576
1.30329
1.71457
0.99736
1.57378
1.43152
1.18518
1.65586
1.37634
1.74431
1.42886
1.85623
1.00357
1.29651
1.2936
1.78762
1.11888
1.83283
2.06349
1.40377
1.74054
2.20755
1.86934
1.44573
2.06421
1.37675
1.40108
1.17438
1.43483
1.87745
1.23664
1.70135
1.74835
1.33197
1.64958
1.2608
0.998738
1.49215
1.76221
1.44162
1.26875
1.93871
0.893981
2.02366
1.47492
1.41189
1.62663
1.92821
2.29288
1.13238
1.75283
1.51341
1.4046
1.23633
2.63865
0.975271
1.93419
2.0728
1.54108
1.4589
2.01914
1.29015
1.73162
1.32449
2.04761
0.98408
0.891664
1.65816
1.62275
1.44227
1.96435
1.46783
1.2351
1.30875
1.93927
1.75645
1.51747
1.54364
1.65016
1.79663
1.6865
1.52763
2.05412
1.44182
1.42842
1.27434
2.00307
1.14475
1.09537
1.76136
1.68208
0.920034
1.36041
1.06729
1.51379
1.8089
1.42879
2.01469
1.27329
0.804178
1.60376
1.66237
1.62795
1.56556
2.18366
1.59105
1.29771
1.67725
1.58839
1.32305
1.27851
2.33268
1.42479
1.46007
1.14057
1.1696
2.4444
1.89109
1.57644
1.89416
1.91562
1.6137
1.36918
1.0775
1.67371
1.41515
1.53787
1.60084
1.78932
2.45115
1.32252
1.28144
1.45034
1.58295
2.05882
1.76912
1.26044
1.44932
2.31965
1.37111
1.79682
1.13115
1.34919
0.927899
1.92913
2.18998
1.60818
1.62283
1.4346
1.35932
1.38076
1.56782
1.18378
1.9242
1.65714
1.61787
1.41587
1.39413
1.98669
1.86882
1.93691
2.15717
1.56359
1.84562
1.31179
1.18624
1.98998
1.07671
2.0205
1.11448
2.00963
1.48421
1.70125
1.58649
1.70525
1.5238
1.83661
1.62495
2.13274
1.6339
1.39718
1.2991
2.2037
1.75135
1.68958
2.20328
1.60969
1.60846
1.84785
1.46192
1.70986
1.3251
1.47565
1.31265
1.91047
1.28519
1.99874
1.89063
1.01087
1.77573
1.23054
1.82005
1.08263
1.86394
2.29806
1.45875
1.28599
1.75561
2.36606
1.24415
1.2418
1.02411
1.52307
1.31276
1.45476
1.84095
1.14988
1.4329
1.22682
1.69647
0.9794
1.43183
1.63363
1.06333
1.20392
1.57807
1.17677
2.85911
1.96659
1.75
1.8175
1.42472
1.93971
1.01277
1.0258
1.58898
1.07669
1.82279
2.2137
2.38102
1.4018
1.07193
1.5874
1.77027
1.51599
0.813761
1.35487
1.90284
1.78085
1.59571
1.53651
1.19324
1.90593
1.34665
2.56262
1.44155
1.99904
1.77521
1.44679
1.77438
1.59898
1.2796
1.19461
1.11531
0.644744
1.2586
1.45502
1.26898
1.30652
1.8545
1.3166
2.09686
2.4249
1.27328
1.69847
1.7586
1.21727
1.63654
1.50391
1.6931
1.03911
1.45542
1.3961
1.8825
1.5523
1.31246
1.56864
1.57366
1.44436
1.67343
1.50345
0.818124
1.99694
1.84462
2.63593
1.10949
1.05546
1.92844
2.05567
2.31515
1.44658
1.52113
0.98626
1.48096
1.40672
1.8153
1.94328
1.70268
2.08109
1.47779
2.33594
1.47814
1.21324
1.3021
1.41288
2.49005
2.1282
1.27267
2.23273
1.97244
1.85309
2.21705
1.50498
1.18913
1.53712
1.35497
0.753436
1.71643
1.35848
1.24516
1.71281
1.96432
1.66836
1.98246
1.12231
1.23063
2.46051
1.88198
2.40775
1.65667
1.52409
1.92869
0.919572
1.75401
1.30403
1.87878
1.68746
1.49236
1.34427
1.78785
1.82326
1.12365
1.05288
1.45856
2.37184
1.33855
2.551
2.21781
1.67278
1.7347
1.08446
1.08809
1.89078
1.67667
2.33635
1.73253
1.66008
1.56492
0.856031
1.4121
1.19453
2.07767
1.46428
1.65648
2.31629
1.5776
1.17233
1.26302
1.03086
2.5235
1.43512
1.33336
1.6549
0.836003
1.514
1.53861
1.50166
1.99877
1.56382
1.37633
2.18936
2.22778
1.8228
1.51536
1.65801
1.84473
1.73877
1.81831
1.32017
1.10947
1.44838
1.25224
2.47934
1.81564
2.08998
1.79511
1.94722
1.65715
1.9969
1.9194
0.972951
1.57059
1.87058
1.40168
1.45898
1.99295
1.48905
2.33283
1.34931
1.50597
1.73729
1.62058
1.29538
1.41735
1.87016
1.26088
1.3531
0.863993
1.92315
1.33619
1.70454
1.405
1.28661
1.15985
1.05132
1.48875
0.713429
1.63874
1.47768
1.39678
1.2938
1.8114
1.5009
2.23617
1.56196
1.45964
1.79749
1.55426
1.49727
1.60645
1.27694
1.33009
1.11952
1.75985
1.42216
1.6033
1.8533
1.93748
1.41584
1.43644
1.54088
1.35811
1.77347
1.69965
1.60313
1.21096
0.913322
2.04548
1.3257
2.29856
0.966698
1.14551
1.82034
1.48337
1.40369
1.38282
1.34684
1.7582
1.27528
1.34644
1.60469
2.28499
1.68277
2.35395
1.7349
0.815578
0.934315
1.07452
1.25843
1.65761
1.77312
1.88441
1.58245
1.77741
1.39244
2.23279
1.41282
1.48557
0.917871
1.44531
1.11075
1.53884
1.57573
1.65514
1.5688
1.87849
1.46064
1.0957
1.54468
1.5284
0.911734
1.41238
2.20443
1.49979
1.46535
1.59482
1.88912
1.43103
1.4813
1.35908
1.4989
1.43578
1.28934
1.18108
1.65585
1.84069
1.39372
1.07666
1.42254
1.76921
1.29596
2.31462
1.42683
1.15171
1.66034
1.1152
1.55338
1.99643
1.66739
1.37779
1.5207
1.82892
1.34043
1.18197
1.24854
1.42691
1.61763
0.976806
1.68914
1.71693
1.32749
1.65749
1.12988
1.79079
1.88866
2.2711
1.0768
1.48856
1.11855
1.35094
1.59437
1.72798
1.56129
1.45568
1.28859
1.4317
0.994721
1.09321
1.32362
2.28133
0.895088
1.25539
1.48459
1.46297
1.32516
1.90856
1.85833
1.94116
1.43783
1.37118
1.96922
1.17527
2.1748
1.48913
1.43723
1.18401
1.36945
1.34367
1.97126
1.74351
1.55787
1.16676
1.97383
2.0873
1.84661
1.54941
1.46063
1.56091
1.53643
2.04809
1.81386
1.30742
1.51065
1.70992
2.29613
1.54696
1.09435
1.35467
1.48722
1.50221
1.2704
1.67443
0.849219
1.68984
2.11278
1.13457
1.78046
1.58164
1.37121
1.43114
1.41311
1.28887
2.06831
1.77552
1.60295
1.54181
1.65734
1.4816
1.4237
1.38577
1.40696
0.874337
2.19861
1.26642
1.18786
1.29028
1.72
1.87187
1.29327
0.99194
1.37865
1.64146
1.6572
1.7641
1.85391
1.73245
0.958256
1.31108
1.58646
1.25896
1.13456
2.35732
1.09809
0.992698
1.36736
1.73145
1.69685
1.73929
2.16258
1.77924
1.47786
1.1807
1.05801
1.6331
1.89828
1.46607
1.64165
1.37164
1.3712
1.22884
1.46005
1.54027
1.00505
1.65968
1.34418
1.18546
1.58535
1.78409
1.1369
1.44359
1.07523
1.55919
1.22206
1.88989
1.69257
1.56481
1.9152
2.1303
1.82489
1.51626
1.1627
1.31694
1.63582
1.82379
1.69226
1.39001
2.03504
1.59486
1.88092
1.48319
1.39251
1.96309
1.32631
1.25628
2.03283
1.95305
1.66963
2.04014
1.54877
1.56333
1.40907
1.80404
1.96319
2.14219
1.7108
1.25301
1.2128
1.45942
1.08634
2.57949
1.7057
1.521
1.60719
1.61981
1.28515
1.69638
1.13488
1.31983
2.44285
1.80889
1.28295
1.41838
1.45375
1.3753
1.64867
1.38517
1.24073
1.4372
1.59035
1.11466
1.20072
1.85942
1.52801
1.75942
1.40532
1.56357
1.41873
2.26434
1.28328
1.54586
1.47755
1.48304
1.71181
1.20468
2.52171
1.5455
1.34704
1.61346
1.39033
1.16619
1.25363
1.43389
1.64545
1.02552
1.07996
1.75635
1.54404
2.10271
2.04745
1.72006
1.20497
1.29769
1.22832
1.85509
2.0272
1.30972
1.9651
2.00204
1.06707
1.89336
1.43749
1.43715
0.583816
1.81456
1.48394
2.06596
2.09355
2.46592
1.42294
1.84117
0.897068
1.29934
1.44905
0.931301
1.11524
1.12675
1.69489
1.47693
1.97396
1.83066
1.57915
1.91178
1.57366
2.16936
2.25026
1.36137
2.2003
1.38009
1.12344
1.03194
2.01432
1.02705
1.27924
1.10057
1.88176
1.63564
1.2871
1.71825
1.1963
1.63439
1.94567
0.775919
1.37372
1.83603
1.42413
1.3689
1.59969
1.81715
0.85989
1.44822
1.15948
1.27977
1.79054
1.09049
1.31514
1.27689
1.90445
1.36029
1.29598
1.8034
1.27236
0.797724
1.44302
1.57186
1.02127
2.12675
0.97502
1.15829
1.44199
0.790382
1.03107
1.43856
1.84324
2.23644
1.34517
1.50834
1.6186
1.56434
1.12276
1.4503
0.939918
1.89909
2.00696
1.13041
1.70876
1.39399
1.23235
0.836378
1.09271
1.82291
2.01954
1.30038
2.03809
2.00268
1.33189
1.69318
2.79495
1.97689
1.25891
1.80841
1.14901
1.25222
1.65846
1.4562
1.67872
1.75035
1.13786
1.37348
1.51981
0.700077
1.28004
1.4833
1.48829
1.53697
1.31927
1.18741
1.042
1.58917
1.64802
1.69403
0.972317
1.04127
1.8841
1.8114
1.63244
1.90051
1.49668
1.53437
1.44426
1.01227
1.78865
1.50085
1.38382
1.44143
1.7295
1.7483
1.73454
1.05896
1.6144
1.44801
1.65452
2.02632
1.83976
1.00231
1.22749
1.88533
1.78779
1.76417
1.58951
1.77398
1.30268
1.8647
1.6572
1.33111
1.84279
1.4983
2.00813
1.15242
1.66964
1.76096
1.18456
1.81767
1.56192
1.28676
0.74319
1.09407
2.41791
1.39943
2.03912
1.3633
1.34853
1.69485
1.78138
1.63442
1.83966
1.97694
1.49591
1.6327
1.01579
1.86703
2.40891
1.84301
1.10196
1.58099
0.774071
1.21954
1.21115
0.919022
1.9802
1.87669
1.74545
1.70896
1.32675
2.34671
1.77143
2.04188
1.62467
2.04147
1.57215
1.62208
1.4504
1.76609
1.86863
1.53604
1.61562
1.35195
1.70823
1.83589
1.742
1.6239
2.19389
2.08077
1.05318
1.07067
1.73818
2.05576
1.63145
1.0345
1.95921
2.10198
1.14231
1.24515
1.88562
1.11994
2.0243
1.52216
1.21656
1.27671
1.98419
1.45329
1.16612
1.56053
1.28865
1.55972
1.3446
1.03083
1.77533
1.75088
2.02528
0.9528
1.59799
1.11935
1.6465
1.47345
1.7866
1.48579
1.42111
0.991825
1.6948
1.82322
1.19344
1.91339
1.77546
1.38753
1.64912
1.39783
2.10082
1.88229
1.50521
1.5266
1.09254
1.22531
0.881328
1.53926
1.08741
1.64864
1.0251
1.92618
1.50138
1.72619
1.72408
1.87367
1.16976
1.24599
2.25646
1.87461
1.50348
1.51003
1.43489
1.62915
1.27968
1.89278
1.3112
1.43908
1.67682
1.74943
1.73463
1.16338
1.5953
1.83055
1.91108
1.59638
1.49912
1.22599
1.63134
1.39321
1.40315
1.50554
1.75309
1.08831
1.57561
1.35234
1.88445
1.34595
1.39927
1.72943
2.11587
2.19102
1.8051
1.20016
1.11602
1.82868
1.61139
1.14872
1.65562
1.53959
1.32446
1.0281
1.75222
0.762897
1.50917
1.9148
1.86945
1.75617
1.33161
1.25087
1.26012
1.99386
1.71134
1.68543
1.17161
1.47205
1.27184
0.948594
1.47182
1.72231
1.96238
1.0789
1.59103
1.67568
1.74247
1.59568
1.96536
1.42207
1.18748
1.81578
1.27125
1.81648
1.14012
1.89921
1.45963
1.66949
1.90636
1.99034
1.25795
1.35249
2.13314
1.64979
1.37943
1.02281
1.04763
1.53729
2.14758
1.51726
1.12158
1.79052
1.76168
2.31712
1.4639
1.79593
1.86806
1.38434
0.829497
1.18783
1.31967
1.63251
1.6335
1.12768
1.70737
1.86432
1.76687
1.65512
1.89205
2.01572
1.77862
1.25853
1.07712
1.52037
1.8861
1.30743
1.78487
1.10504
0.925199
1.75198
1.42623
2.01615
0.845852
1.32957
1.17738
2.23711
1.44304
1.62733
1.22085
1.99282
1.42124
1.68271
0.971814
1.52512
2.11563
1.25991
1.2624
1.48225
1.16894
1.71312
1.34046
1.34728
1.7401
1.36576
2.21168
1.4085
1.35844
1.11713
1.60749
1.60882
1.39272
1.76523
0.937448
1.67336
1.45771
1.35893
2.0863
1.65886
1.10477
0.998979
1.59892
1.02065
1.93666
1.69062
1.35934
1.70325
1.80164
1.89839
1.40366
1.42464
1.38229
1.91544
1.20944
1.03761
0.896595
1.11631
1.20548
1.64811
1.73767
2.00049
1.22677
1.50602
1.68385
1.5978
1.94365
1.67299
1.56967
1.11087
1.02311
2.43326
1.21046
1.49212
1.06138
1.4159
1.04998
1.72892
1.44927
1.61094
1.33161
1.70482
1.13384
1.24018
0.943246
2.02628
1.83476
1.84676
1.42362
1.32958
1.08813
1.65333
1.29843
1.26509
1.29326
1.48399
1.66951
2.08419
1.54555
1.44523
2.46345
1.2737
1.63711
1.72926
2.28091
2.3832
1.2135
1.78417
1.22609
1.1593
1.67122
1.53924
1.81199
2.04392
1.80222
1.35537
1.02228
1.95685
1.76076
1.38257
1.57958
1.86785
1.30654
1.48915
1.25407
1.75381
1.41505
1.80958
1.45048
1.50063
1.52529
1.57961
1.33389
1.14901
2.15677
2.02696
1.22755
0.685039
1.72577
2.04677
2.07074
2.02031
1.16334
1.61576
1.72803
1.5181
2.1613
1.21019
1.82112
1.5951
1.3329
1.73915
2.06299
1.95939
1.79348
1.5148
1.25096
2.11735
1.61917
1.471
1.53536
2.07459
1.33875
1.42741
1.46223
1.76945
1.41226
2.04982
0.854589
1.42167
1.78952
1.49385
1.70235
1.86387
1.64343
1.66593
1.80564
1.53816
1.60174
2.16728
1.90327
1.25084
1.13332
1.61044
1.27652
1.27699
1.40091
1.66248
2.04317
1.68523
1.79416
1.67998
1.60596
1.27607
1.54524
1.37331
1.34561
2.27112
1.87337
1.67312
1.41989
1.43646
1.54311
1.21661
2.2216
1.76159
1.57856
1.9255
0.706778
1.35096
1.95438
1.5617
1.71411
1.49828
1.84955
1.42803
1.69247
1.80298
1.45798
1.56299
1.21435
1.58579
1.68085
1.31465
1.59166
1.6341
1.09096
1.69795
1.52873
1.33912
1.25417
2.04081
1.87358
1.66522
1.39809
1.66341
1.41103
1.90222
2.00513
1.79158
1.0904
2.25267
1.62428
1.6558
2.17626
1.98424
1.54781
1.02149
1.62458
1.81759
0.991086
1.09195
1.56222
1.63375
1.80189
0.910974
1.09226
1.14323
1.45799
1.27774
1.07094
1.71861
1.47243
1.6592
1.64648
1.1147
1.59235
1.25811
1.66904
1.66325
1.46921
1.59139
1.30913
1.85186
1.45585
1.34956
1.26003
1.77019
1.7503
1.59732
2.43159
2.06348
1.39659
1.32368
1.52527
1.53204
1.44395
1.08002
0.779002
1.52906
1.61342
1.45507
1.37962
1.54887
1.53856
1.36738
1.54096
1.48001
1.49557
2.66046
1.5302
1.6559
1.91979
2.1836
1.23353
2.15898
1.80124
2.03699
1.77502
1.59
0.82898
1.88329
1.5675
1.01934
1.28354
2.20341
1.88543
1.15699
1.48129
1.51824
1.3843
1.27112
2.19647
1.24739
1.48797
2.18719
2.21389
1.59872
2.08452
1.51944
1.93281
1.3282
1.82964
1.5451
1.93397
2.24067
1.35372
1.83132
1.61179
2.08262
1.31486
1.33335
1.39735
1.33494
1.23133
1.56096
1.85982
1.50414
1.29238
1.57067
1.8655
1.4453
1.8799
1.19374
1.61971
1.38832
0.905929
1.33425
2.04908
1.6217
1.29458
1.35369
1.30971
1.84101
1.35217
1.83945
1.79114
1.07995
1.09687
1.7775
1.03121
1.10469
1.79767
1.17757
1.44563
1.39801
1.47502
1.13362
1.96696
1.26295
1.56534
1.55859
1.80175
1.6355
1.59661
2.07056
1.30051
1.55382
1.81381
1.40812
1.20598
2.04476
1.40574
1.49352
1.90217
1.56223
1.66968
1.31175
1.84447
1.57257
1.51457
1.51846
1.53733
1.58733
1.60345
1.7182
2.10966
1.30395
1.90522
1.58489
1.31218
2.44918
1.47349
1.78104
2.13385
1.70927
1.49423
0.905195
1.46444
2.02419
1.27836
1.95877
1.76185
1.18592
1.21388
1.88651
1.56476
1.46034
1.05647
1.4402
1.48133
1.53328
1.64239
1.02496
1.49107
1.59944
1.38316
2.68262
1.51327
1.38496
1.81081
1.90905
2.12389
1.45582
1.45671
1.82171
1.97629
1.08345
2.058
1.43298
1.15149
1.57788
1.29464
1.75769
1.804
1.54512
1.62944
1.01881
1.259
1.28753
1.04748
1.50708
1.69551
1.72841
1.23831
1.1973
1.62285
1.07812
2.18868
1.94596
1.38597
1.62202
1.79005
1.05962
0.622251
1.67214
1.22877
1.63972
1.75593
1.6045
1.15772
1.34125
1.86222
1.2524
1.56295
1.27174
1.65421
1.32406
1.51787
1.21548
0.965594
1.69384
1.84191
1.65938
0.967489
1.23232
1.24241
1.4458
2.29168
1.24726
2.20668
1.57217
2.12365
0.798817
1.39621
1.47071
1.51023
2.00627
1.88334
1.1965
1.43646
1.69252
1.22846
1.2765
1.68428
1.58506
1.3894
1.89419
1.42424
1.85566
1.26865
1.61466
1.14465
1.53624
1.81531
1.20937
1.27978
1.48663
1.70269
2.15965
1.97861
1.373
2.00871
1.2469
1.41414
1.17938
1.40758
1.20625
1.78768
0.970311
1.7206
1.66082
1.31162
1.1875
2.13674
1.02471
1.81762
1.68868
1.85684
1.7621
1.97965
1.00261
1.8483
1.92007
2.11507
1.56491
1.55966
2.07898
1.53021
1.04615
1.79337
1.31246
2.00344
1.05922
1.13647
1.6336
1.08833
1.53969
1.58635
1.85724
1.54653
2.03321
1.88538
1.25809
1.62845
1.1492
1.73072
1.44864
1.87716
2.65315
1.20782
1.11908
1.49055
1.47064
1.40408
1.08437
1.00949
1.44947
0.957076
1.65954
1.77369
2.06491
1.29744
1.63024
1.65041
1.33243
2.05862
1.61663
2.04725
1.3069
1.66414
1.79702
1.68203
1.40545
2.47114
1.3083
1.68008
2.13489
1.74177
1.79775
1.84384
1.29671
1.78404
1.89063
1.29852
1.87203
0.793922
1.83503
1.32412
1.17874
1.29679
1.2317
1.75255
1.47884
1.24883
1.69553
1.53544
1.14107
1.73614
1.20779
1.36008
1.60062
1.60134
0.86711
1.27793
1.52585
1.30284
1.93516
1.32817
2.13278
1.82427
1.70109
1.71081
2.17263
1.34291
1.81457
1.39485
1.67526
1.39892
1.52249
1.08895
0.917445
1.71508
1.62415
1.14791
1.48128
1.54759
1.65856
1.97056
0.857056
1.56479
1.38089
1.78472
0.905819
2.00571
2.11839
1.75502
1.27582
1.23512
0.784271
1.63017
2.4232
1.22374
1.69288
1.22917
1.16113
1.61442
0.742466
1.69971
1.43806
1.72347
1.72568
1.23225
1.96993
0.854518
2.03023
0.969262
1.94421
1.50054
1.46143
2.79226
1.38229
0.754649
1.54105
0.778699
1.78731
1.00228
1.3988
1.40171
1.31698
1.0279
1.25499
1.70986
1.39057
2.13328
1.38881
1.85043
1.66187
1.09128
1.38041
1.75038
1.69433
1.19627
2.07912
1.82257
1.35026
1.8274
1.138
1.35728
1.56906
1.37204
2.44717
0.788578
1.68109
2.10668
1.9472
1.96838
1.47745
1.60786
1.57679
0.64397
1.23107
1.32293
1.35719
1.34356
1.08185
1.49447
1.90763
1.61697
1.11414
1.40699
1.45517
1.80505
1.54123
1.45947
1.42936
1.53301
1.81084
1.9834
1.40514
2.22959
1.8683
1.43035
1.54944
1.91529
1.38617
1.33499
1.6833
0.747839
1.29761
1.8886
1.16795
1.50212
2.02087
1.52066
2.19569
1.12421
1.35462
1.68095
1.59008
1.29322
1.15359
1.99718
1.012
1.254
1.24859
1.47895
0.773418
1.8243
1.04969
1.61656
1.63103
2.06824
1.6511
1.39282
1.33133
1.18714
1.70234
1.1118
1.81924
1.73962
2.08669
1.27467
1.40879
1.40094
1.30754
2.32539
1.1131
1.56558
1.47731
1.44432
1.60338
1.64771
2.3448
2.4376
1.49396
1.29358
1.34119
1.09149
1.36644
1.07512
2.59944
0.998336
2.1288
1.81024
1.80683
1.77208
1.27868
1.41381
1.6798
1.60799
1.2408
1.66028
1.36787
1.73401
1.56049
1.65055
1.17024
1.21233
0.934986
1.66332
1.68378
1.78919
1.64234
1.4276
1.72432
1.12208
1.36163
1.58216
2.31365
1.91746
1.44544
1.73553
1.72249
1.44624
1.65719
1.22796
1.74774
1.1323
0.815977
1.71554
2.06462
1.63912
1.36663
1.59471
1.32683
1.44884
1.25368
0.995724
1.48465
2.10183
1.15117
1.25594
1.63276
1.23142
1.26837
1.49299
1.69017
1.81209
2.36161
2.04994
2.24067
1.32141
1.90207
1.49083
1.78992
1.46567
0.964523
1.6156
1.64076
1.84596
0.890449
1.75902
1.24128
1.5059
2.48787
1.97845
1.98373
1.51743
1.66827
1.86542
1.58733
1.81824
1.7151
1.74428
1.61905
1.61029
1.85986
1.42371
1.80675
1.92173
1.40477
1.18187
1.40017
1.55483
1.41429
1.45079
1.11124
1.17248
1.62314
2.30447
0.91151
2.05242
1.73204
1.47563
1.31964
1.31995
1.55456
1.74179
1.28229
1.25147
1.26648
1.79456
1.47036
2.29738
1.48155
1.13873
1.19805
2.44152
1.55265
1.78642
1.9766
2.19805
1.3847
1.37616
2.21711
1.89943
1.63885
1.26199
1.91785
1.79625
1.95673
1.24063
1.54745
1.6955
1.74262
1.76281
1.72913
1.29657
1.46075
1.11919
2.13281
1.86159
1.4886
1.64105
1.42584
1.77635
2.07657
1.73237
1.53163
2.07468
1.60006
0.944352
1.88018
1.46796
1.78313
0.970718
1.44861
1.56663
1.8616
1.594
1.76839
1.74803
1.74887
1.53812
1.68598
1.94243
1.86469
1.05544
2.03603
1.3759
1.24622
1.69907
1.67007
1.36144
2.12769
1.06258
1.54542
1.53426
1.65067
2.60565
1.04296
1.91981
2.23472
0.907932
1.70098
1.75588
1.6761
1.2033
1.5214
1.76668
2.0402
1.67804
1.3539
1.728
2.16351
2.03596
1.70155
1.34002
1.36121
1.40913
1.68617
1.22482
1.64283
1.43295
1.20219
1.63585
1.05693
2.23019
1.31852
1.66664
1.40527
1.89269
1.79314
1.24406
1.14732
1.97329
1.39154
1.28404
1.32028
1.54218
0.95462
0.903914
1.23621
1.29127
1.39033
1.95233
2.09689
1.12332
1.77925
1.49841
1.2528
1.08065
1.57985
1.63923
2.27905
1.32589
1.16919
1.11007
1.51663
2.21572
1.33704
1.97713
1.98408
1.32792
1.75254
1.34056
1.68631
2.15101
1.48264
1.54735
1.15104
2.1047
1.31914
1.47091
1.85508
1.35529
1.68731
1.35488
1.57935
1.76804
1.71705
2.277
1.89078
1.3425
1.96575
1.89136
1.78068
1.55665
1.07776
1.38888
1.83342
1.5776
1.47001
1.34699
1.30563
2.07837
1.37578
1.47421
1.18912
1.72738
0.962661
1.66769
1.12469
1.42146
1.73111
1.33386
1.07583
1.63671
1.90362
1.80474
1.37284
2.27009
1.39046
1.34466
1.42241
1.64732
1.7248
1.8576
1.62042
1.51925
1.78211
1.66304
1.58393
1.18813
1.69767
0.896621
1.13977
1.13015
1.87079
1.64114
1.22177
1.35627
1.93538
1.70182
1.13869
2.06244
1.87184
1.51137
1.28448
1.48621
1.70672
2.50027
2.15142
1.58937
1.25333
1.65884
1.37258
1.51821
1.59576
1.90195
1.55684
1.45235
1.50517
1.76312
2.25659
1.6159
1.71516
2.25242
1.83964
2.16719
1.59973
1.5969
1.77442
1.65245
1.77322
1.92343
1.41704
1.40496
1.58603
1.72036
1.50165
1.80044
1.83995
1.62278
1.8941
1.22568
1.44062
2.1304
1.26421
1.83163
1.5278
1.53791
1.94139
1.88228
1.41765
1.87517
1.43812
1.41732
1.6649
1.18506
1.81618
1.95762
1.81808
1.22376
1.80776
1.27338
1.59137
1.49997
1.87848
1.56577
1.79091
1.51031
0.799131
2.17741
2.27126
1.61621
1.0111
1.79368
1.76644
2.23486
1.77409
1.52065
1.7799
1.78297
1.27977
1.50828
1.20129
2.02002
1.50641
1.88652
1.24253
1.47881
1.45257
1.80461
1.68305
1.29921
1.65625
2.17044
1.56924
1.71436
2.02227
1.34985
1.27146
1.41522
1.53682
1.36229
1.51362
2.50062
2.16446
1.44449
1.1772
1.4624
1.43057
1.11134
1.27222
1.5599
1.06515
1.7327
1.1722
1.75807
1.80609
1.16223
2.55409
2.0657
1.09962
1.83309
2.01576
1.44005
1.38973
1.04596
1.26462
1.92548
1.72449
1.56804
1.5948
1.65655
1.41631
1.74787
1.36793
1.17828
1.75019
1.85357
1.43166
1.36647
1.37065
1.12043
1.37847
1.674
1.87968
1.66759
2.1168
1.28235
1.67127
1.38868
1.24442
1.44888
1.12017
1.58892
1.31563
2.08611
2.17712
1.62408
1.80313
1.65249
1.42414
1.45841
1.65442
1.08919
1.53537
1.43032
1.55046
1.57806
1.55841
1.22881
1.71808
1.48582
1.04502
1.63171
1.30898
1.94023
1.97073
1.21733
1.73556
1.03214
1.30357
1.47593
1.57349
1.48164
1.41361
1.52241
1.60433
1.33639
1.45599
1.73444
2.53157
2.39099
0.858284
1.24899
1.45453
1.41264
1.74563
1.17954
1.28969
1.68898
1.76458
1.08605
1.72554
1.38935
1.60205
1.49531
2.24667
1.48199
1.81758
1.66417
2.1644
1.10344
0.979969
1.23154
1.44519
1.78807
1.71972
1.89749
2.00015
1.25841
1.33128
1.52002
2.9141
0.763761
1.63643
1.06176
1.02196
1.97793
1.89057
1.93822
1.39773
1.57059
0.762765
1.21234
1.49507
1.4656
2.07471
1.08744
2.12223
1.50447
1.50877
2.18418
1.24517
1.44644
1.6878
1.37446
0.961683
2.02029
0.933988
1.54234
1.56643
1.64677
1.51083
1.30723
1.90743
1.39006
1.43584
0.660913
1.47947
1.9458
1.47812
1.14712
2.36152
1.81561
1.2223
1.59002
1.45125
1.56917
1.5767
1.02093
2.20421
1.86093
1.86074
2.21857
1.53644
2.01422
1.67845
1.4681
1.62217
1.72526
0.878599
1.30419
1.51107
1.07984
2.0654
1.874
2.2503
1.63206
1.55347
1.1099
0.9629
0.980632
1.52297
1.69045
1.53866
1.22671
1.70849
1.61273
1.57576
1.64708
2.36106
1.06482
1.23699
1.42599
1.39467
1.22394
2.16903
1.31159
1.31211
1.81656
1.3325
1.82467
2.08627
1.60653
1.82933
1.34794
1.5329
1.43549
1.28791
1.09145
1.92961
1.75781
1.69101
0.935774
1.76527
0.995017
1.76717
1.26791
1.18826
1.41154
1.72811
1.47792
2.02407
1.12027
1.8339
1.52412
1.2513
1.52324
2.04259
1.43197
1.79203
1.80572
1.64125
1.21582
1.73949
2.08048
1.36665
2.06021
1.10765
1.229
1.49115
1.36529
1.33481
2.00626
1.64902
1.48035
1.55442
1.29546
1.55398
1.6356
1.30733
1.66666
2.05026
1.22552
1.49513
1.44283
1.27877
1.40626
1.48995
1.1551
1.41918
2.27043
1.90639
1.20438
2.51267
1.04888
2.27672
1.05585
0.765415
1.39425
2.14526
1.25547
1.88188
1.69136
1.8019
1.54052
1.79239
1.48711
1.94449
1.03931
1.54685
1.78492
1.13222
1.835
2.07597
2.08881
1.32973
0.856126
1.72849
1.69451
1.23415
1.77123
1.46156
1.55567
1.50438
0.969179
1.42058
1.15974
1.97738
1.18769
1.32749
1.67143
1.29604
1.83301
2.12665
1.30254
1.05036
0.85444
1.5352
2.2519
1.31492
1.83166
1.75596
1.45203
1.40515
1.28944
1.25715
1.29162
2.14425
0.938392
1.57465
1.32421
1.57607
2.1349
1.41662
2.1371
1.64035
1.2749
2.0451
1.1368
2.05519
1.47507
1.14149
2.22791
1.78908
0.719596
1.20883
1.07105
1.7576
1.27398
1.64347
1.27915
1.45734
1.74222
1.44699
1.34593
1.87844
1.69076
1.74372
1.44378
1.64343
