0
0.0939899
0.158797
0.223078
0.289108
0.357658
0.427168
0.497307
0.567121
0.633335
0.708098
0.781067
0.849493
0.922192
0.998052
1.06812
1.14321
1.2244
1.30759
1.38533
1.45516
1.53543
1.60792
1.68714
1.75199
1.82637
1.89987
1.98305
2.06886
2.1494
2.23645
2.32183
2.40989
2.49161
2.59071
2.66995
2.753
2.83106
2.92261
3.01101
3.0953
3.1853
3.26123
3.34102
3.42326
3.53072
3.61525
3.71265
3.79009
3.87491
3.97958
4.07215
4.15747
4.25109
4.33693
4.42413
4.52151
4.61229
4.69871
4.78917
4.8832
4.9498
5.041
5.11726
5.19706
5.27901
5.39042
5.49014
5.58288
5.67694
5.74829
5.85718
5.92081
6.02436
6.12505
6.2206
6.31199
6.37309
6.46521
6.5322
6.60391
6.68407
6.76071
6.86395
6.95351
7.04369
7.13902
7.24365
7.31208
7.3988
7.48572
7.58097
7.68059
7.75904
7.83619
7.94447
8.00741
8.0635
8.13173
8.19591
8.30301
8.37116
8.47542
8.56093
8.64221
8.72665
8.79879
8.88469
8.94186
9.02149
9.09927
9.16072
9.21977
9.27777
9.34838
9.39616
9.46652
9.5344
9.59153
9.65968
9.71057
9.76925
9.82487
9.89774
9.99025
10.0675
10.1181
10.2048
10.2513
10.3158
10.3779
10.439
10.5268
10.549
10.6309
10.7186
10.7702
10.8261
10.8486
10.9422
11.0183
11.0717
11.1136
11.1824
11.2347
11.2898
11.3066
11.3873
11.4416
11.4826
11.5354
11.5816
11.6479
11.6854
11.7266
11.7813
11.8489
11.9408
11.9923
12.057
12.1079
12.1416
12.2209
12.2642
12.3228
12.3717
12.4499
12.5024
12.5859
12.6913
12.7521
12.8167
12.9008
12.9836
13.0437
13.1146
13.2108
13.2967
13.3427
13.3738
13.4353
13.4575
13.4975
13.5472
13.5794
13.6469
13.6703
13.6938
13.7963
13.8381
13.881
13.9514
13.9751
14.0071
14.0229
14.1101
14.1388
14.1528
14.1765
14.2034
14.2852
14.352
14.4258
14.4639
14.5292
14.5594
14.5927
14.6133
14.6528
14.6991
14.7272
14.7647
14.8178
14.9045
14.9667
14.9896
15.0456
15.1093
15.1401
15.1921
15.2748
15.3532
15.3668
15.3552
15.4054
15.3943
15.4336
15.4994
15.5077
15.5679
15.6757
15.7122
15.7932
15.8423
15.9301
15.9135
15.9717
16.0393
16.0693
16.1237
16.1814
16.1758
16.2192
16.2284
16.2762
16.2829
16.3378
16.3155
16.3298
16.3904
16.3682
16.41
16.414
16.4639
16.4285
16.3998
16.3927
16.4226
16.4352
16.4686
16.5125
16.5676
16.6055
16.5838
16.6291
16.6987
16.7697
16.8158
16.8419
16.9162
16.9297
16.9608
16.9986
17.0439
17.0736
17.1466
17.1856
17.2639
17.2864
17.3394
17.3456
17.3959
17.4374
17.4991
17.5738
17.589
17.6309
17.6555
17.6698
17.7044
17.7143
17.7281
17.7546
17.8034
17.8042
17.8692
17.8682
17.8873
17.9165
17.875
17.9342
17.9815
18.0297
18.101
18.1167
18.1674
18.1456
18.1757
18.1413
18.1984
18.23
18.2912
18.3212
18.3563
18.3916
18.4177
18.4043
18.454
18.4638
18.5138
18.579
18.5731
18.5776
18.631
18.7136
18.7883
18.7964
18.7968
18.8514
18.8877
18.9316
18.8909
18.8981
18.9238
18.9249
18.9564
19.0037
19.0654
19.073
19.1084
19.1627
19.1654
19.1863
19.2295
19.1795
19.2315
19.2079
19.2422
19.2551
19.2697
19.3307
19.3674
19.4373
19.474
19.5211
19.5151
19.5492
19.5631
19.5672
19.6378
19.6858
19.7433
19.7686
19.8186
19.792
19.8651
19.9313
19.8734
19.8942
19.9376
19.9748
20.0044
20.0446
20.0763
20.0433
20.0449
20.0785
20.0713
20.1396
20.2198
20.2133
20.1789
20.2128
20.2474
20.2849
20.2705
20.2525
20.2849
20.3325
20.3827
20.4088
20.4503
20.5047
20.5839
20.6288
20.6812
20.7481
20.801
20.815
20.7591
20.8099
20.8343
20.8575
20.8849
20.8804
20.9115
20.973
20.9826
20.9853
21.0005
20.997
21.032
20.9994
21.0265
21.0713
21.0824
21.0503
21.0543
21.1069
21.1902
21.2278
21.2397
21.2998
21.3284
21.2954
21.2797
21.3056
21.3031
21.314
21.3296
21.3489
21.438
21.3759
21.3787
21.3981
21.4039
21.3233
21.2975
21.3238
21.3416
21.3557
21.338
21.3856
21.4349
21.4307
21.4633
21.4674
21.4312
21.4173
21.4183
21.4152
21.4347
21.5073
21.6044
21.632
21.6265
21.6487
21.6971
21.7457
21.8321
21.8385
21.8184
21.8837
21.9029
21.9751
22.0432
21.9601
21.9865
21.9041
21.9294
21.9933
22.001
22.0406
22.1341
22.1857
22.2619
22.2773
22.2691
22.2058
22.2573
22.2768
22.3266
22.3402
22.3037
22.3182
22.3681
22.396
22.3579
22.4171
22.4466
22.4489
22.3661
22.3492
22.3562
22.3278
22.3057
22.3444
22.3005
22.2755
22.203
22.164
22.1819
22.2143
22.1907
22.1515
22.1803
22.2545
22.1779
22.2031
22.213
22.2157
22.2984
22.2641
22.2684
22.2828
22.1846
22.1473
22.1226
22.1455
22.1318
22.0971
22.1436
22.0538
22.0793
22.1544
22.2168
22.2515
22.313
22.2967
22.2883
22.3414
22.3684
22.3221
22.3294
22.3371
22.3304
22.39
22.3503
22.3788
22.3632
22.3254
22.3052
22.2548
22.3079
22.3734
22.4026
22.4224
22.4042
22.4695
22.4496
22.4817
22.4564
22.4992
22.5401
22.558
22.6149
22.6804
22.6804
22.6805
22.7103
22.7068
22.6992
22.7057
22.6536
22.6061
22.64
22.665
22.6478
22.6109
22.6073
22.5416
22.5019
22.4204
22.4836
22.51
22.5087
22.5748
22.6161
22.6532
22.6722
22.6659
22.7031
22.7201
22.749
22.8176
22.7867
22.8155
22.8987
22.897
22.8975
22.9117
22.9059
22.9238
22.962
22.998
22.983
22.9857
22.936
22.9473
22.8915
22.9098
22.9615
22.995
22.9986
23.0218
23.0266
22.9685
22.9925
22.9957
23.0293
22.9774
22.9182
22.8876
22.8614
22.9121
22.9353
22.859
22.9015
22.929
22.9549
22.8945
22.907
22.8765
22.9091
22.9193
22.9091
22.9091
22.918
23.0112
22.9514
23.0132
22.9556
22.9486
22.9385
22.9677
22.9965
22.9633
22.9494
22.924
22.9212
22.9831
23.01
23.0526
23.0752
23.1006
23.0819
23.1153
23.12
23.1183
23.1607
23.1461
23.126
23.2042
23.1228
23.158
23.2221
23.2093
23.1972
23.2406
23.2487
23.2357
23.2337
23.2078
23.2149
23.2003
23.2532
23.3228
23.3383
23.4052
23.4442
23.4324
23.4651
23.4689
23.5295
23.5554
23.5821
23.5856
23.6108
23.5924
23.6073
23.6683
23.7428
23.6458
23.7071
23.6631
23.6657
23.6503
23.7145
23.6932
23.6542
23.7161
23.695
23.7275
23.6642
23.6649
23.6695
23.7458
23.8058
23.7863
23.7298
23.7439
23.7601
23.7572
23.7878
23.7855
23.8257
23.8237
23.837
23.8273
23.7614
23.8201
23.7959
23.8065
23.8156
23.8831
23.9238
23.9052
23.9177
23.8447
23.8187
23.7444
23.7164
23.7005
23.7579
23.8062
23.8691
23.8545
23.8554
23.8558
23.9239
23.8976
23.8838
23.8949
23.9004
23.8777
23.9384
23.9567
23.9461
23.9535
23.9513
23.9016
23.8761
23.8287
23.868
23.8756
23.8266
23.8227
23.8887
23.8687
23.8983
23.9511
23.97
23.9382
23.9993
23.9999
23.9681
23.9422
23.9581
23.9758
23.9429
23.9767
23.9957
24.0215
23.9814
23.9361
23.9508
23.9404
23.9446
23.9617
23.9341
23.7812
23.8392
23.8485
23.8326
23.8173
23.8345
23.7701
23.7833
23.7281
23.651
23.6001
23.598
23.6083
23.6615
23.6234
23.6944
23.7645
23.7502
23.7919
23.8214
23.7537
23.7775
23.8001
23.7839
23.8051
23.7669
23.7775
23.7991
23.8015
23.6942
23.6869
23.712
23.7503
23.7298
23.8194
23.7969
23.7525
23.7849
23.7863
23.7406
23.77
23.7137
23.6987
23.5996
23.5683
23.534
23.5673
23.5275
23.4853
23.5153
23.4645
23.4866
23.4106
23.444
23.4575
23.4259
23.4772
23.4792
23.4805
23.5174
23.4624
23.4686
23.5194
23.5324
23.5044
23.4323
23.5132
23.4889
23.4783
23.508
23.55
23.5602
23.6042
23.6379
23.6515
23.6102
23.6447
23.6187
23.5602
23.5896
23.6342
23.6595
23.7301
23.7288
23.604
23.6291
23.6132
23.6824
23.7246
23.7078
23.7183
23.6872
23.7224
23.7586
23.7925
23.8034
23.8005
23.7916
23.8629
23.8762
23.8579
23.843
23.9049
23.9492
23.9819
24.015
24.0766
24.1037
24.0912
24.1051
24.147
24.1418
24.1162
24.0994
24.1362
24.0654
24.1059
24.1214
24.1718
24.2076
24.2197
24.2262
24.1811
24.1373
24.1487
24.1552
24.1014
24.0347
24.0706
24.0814
24.0318
24.0689
24.1035
24.1273
24.131
24.0966
24.1529
24.2058
24.1907
24.1435
24.186
24.1687
24.236
24.2146
24.2347
24.2488
24.2177
24.2113
24.2572
24.2629
24.2662
24.2366
24.2352
24.1849
24.2038
24.2324
24.2236
24.2553
24.2342
24.2869
24.2887
24.2439
24.2292
24.2144
24.1274
24.0816
24.0565
24.0715
24.0643
24.0781
24.0306
24.0625
24.0584
24.075
24.0843
24.0926
24.1412
24.1497
24.1986
24.2078
24.2038
24.2778
24.2577
24.1592
24.1541
24.0467
24.043
24.0687
24.0634
24.105
24.1234
24.1184
24.1578
24.219
24.1883
24.1632
24.1335
24.1866
24.1145
24.1173
24.1186
24.1156
24.1582
24.1666
24.1399
24.1529
24.1418
24.0513
24.0747
24.0401
24.0503
24.1078
24.1451
24.1597
24.2263
24.203
24.1424
24.1331
24.0683
24.0508
24.0243
24.0351
24.0096
24.0342
24.0542
24.0301
24.0567
24.0391
24.0249
24.0191
23.9548
23.8168
23.8401
23.8219
23.851
23.8252
23.7273
23.7377
23.7849
23.8168
23.8163
23.8557
23.8679
23.8833
23.9521
23.9718
23.9996
23.9857
24.0761
24.1009
24.1258
24.1249
24.1091
24.145
24.0403
24.0154
23.9947
23.9408
23.9426
23.8984
23.8228
23.7521
23.6721
23.7228
23.7299
23.6157
23.6235
23.6223
23.6583
23.6877
23.6817
23.6887
23.6869
23.658
23.6359
23.6382
23.6874
23.6908
23.7023
23.7084
23.6253
23.6185
23.6639
23.6153
23.6841
23.7462
23.8064
23.8134
23.8051
23.8066
23.8886
23.8886
23.8919
23.9161
23.9446
23.9921
23.9898
23.9457
23.9427
23.9227
23.9655
24.0216
24.0657
24.0191
24.0778
24.117
24.0512
23.9972
24.0251
23.9953
24.0079
24.0858
24.0545
24.0456
24.0855
24.1013
24.1419
24.196
24.2092
24.2184
24.2036
24.2351
24.2437
24.2688
24.2956
24.1826
24.1837
24.2274
24.2921
24.2982
24.3473
24.3403
24.3293
24.3601
24.4513
24.3326
24.3188
24.3277
24.3756
24.3117
24.2726
24.3079
24.2185
24.1839
24.1916
24.2292
24.2878
24.239
24.2697
24.2799
24.3669
24.4325
24.4694
24.4574
24.4396
24.4308
24.3464
24.2701
24.2892
24.1722
24.1505
24.1015
24.0823
23.9959
23.9605
23.9374
24.0057
24.0511
24.1008
24.1113
24.124
24.1365
24.112
24.1095
24.0753
24.1035
24.0986
24.1458
24.2134
24.2604
24.2601
24.2533
24.2144
24.1865
24.2591
24.3074
24.3244
24.3782
24.3845
24.4078
24.413
24.4417
24.4035
24.4153
24.4124
24.4552
24.4976
24.4397
24.4367
24.4976
24.5018
24.523
24.4898
24.491
24.5331
24.5501
24.4525
24.4376
24.4472
24.3467
24.2988
24.1637
24.1704
24.1983
24.229
24.2439
24.3011
24.25
24.3125
24.3155
24.3864
24.3619
24.329
24.2588
24.23
24.2396
24.2968
24.3194
24.3386
24.365
24.33
24.2841
24.3117
24.2602
24.2895
24.2705
24.2736
24.2359
24.3011
24.2656
24.2919
24.3062
24.3648
24.3953
24.3992
24.3863
24.4406
24.468
24.5056
24.5364
24.5829
24.6301
24.7172
24.6321
24.6451
24.6639
24.7129
24.7559
24.7568
24.7518
24.6371
24.6932
24.7333
24.7628
24.7636
24.8265
24.7974
24.8522
24.8415
24.8089
24.8361
24.894
24.8554
24.8067
24.8309
24.7836
24.8042
24.7621
24.8031
24.8327
24.7998
24.8301
24.841
24.8597
24.909
24.9236
24.9356
24.9348
24.8309
24.7816
24.7658
24.7914
24.7799
24.7517
24.7883
24.7455
24.7696
24.7618
24.783
24.738
24.7084
24.6465
24.6265
24.6119
24.5803
24.6018
24.5629
24.5605
24.5391
24.4966
24.4861
24.4815
24.4618
24.5108
24.5335
24.5698
24.5797
24.507
24.437
24.3883
24.3781
24.4416
24.459
24.5197
24.5547
24.6121
24.6343
24.5892
24.6056
24.4904
24.4193
24.3612
24.3344
24.3584
24.3697
24.292
24.2595
24.2104
24.2197
24.2422
24.2519
24.2791
24.3014
24.3082
24.2909
24.2818
24.27
24.2052
24.2236
24.2494
24.2924
24.2953
24.3007
24.3423
24.3246
24.3148
24.365
24.387
24.4154
24.4757
24.5362
24.5048
24.5343
24.4864
24.5432
24.5829
24.6171
24.6485
24.6408
24.6851
24.7044
24.7252
24.7524
24.7997
24.8292
24.7949
24.8073
24.7979
24.7634
24.7948
24.77
24.7641
24.7831
24.7471
24.7606
24.7685
24.7887
24.7904
24.7412
24.7701
24.7808
24.8281
24.8896
24.894
24.8498
24.8666
24.849
24.8039
24.7148
24.7317
24.7805
24.7849
24.806
24.7925
24.8145
24.7438
24.7653
24.7646
24.7447
24.6798
24.6338
24.6218
24.6095
24.6657
24.672
24.704
24.7593
24.8041
24.8665
24.8299
24.8531
24.7747
24.8036
24.807
24.7995
24.743
24.7375
24.7104
24.7053
24.6789
24.7387
24.8008
24.7823
24.7425
24.7267
24.6724
24.6765
24.6676
24.6883
24.5846
24.5678
24.597
24.563
24.5323
24.5735
24.5914
24.5806
24.6367
24.6782
24.6172
24.622
24.5641
24.4668
24.4653
24.437
24.4141
24.4793
24.5048
24.533
24.5531
24.5372
24.6067
24.6452
24.6826
24.6072
24.6117
24.6691
24.6442
24.6816
24.6519
24.5993
24.5432
24.522
24.5319
24.5319
24.6023
24.6048
24.5969
24.5222
24.5322
24.5407
24.5656
24.5266
24.5694
24.601
24.5355
24.6162
24.595
24.6369
24.6415
24.6439
24.7335
24.7653
24.8166
24.7887
24.8376
24.8613
24.8625
24.8344
24.8756
24.9356
24.9159
24.9507
24.8876
24.8467
24.8615
24.8479
24.8407
24.9095
24.8416
24.7742
24.8074
24.8623
24.8723
24.8765
24.8125
24.8329
24.8936
24.8667
24.8919
24.9604
24.8929
24.945
24.9942
24.9754
25.0352
25.0227
25.0129
25.0603
25.1105
25.1525
25.1934
25.1697
25.148
25.1519
25.2546
25.3215
25.2886
25.2714
25.2914
25.2446
25.2436
25.2304
25.25
25.2736
25.3144
25.3147
25.3187
25.2615
25.2681
25.27
25.3483
25.3123
25.3335
25.3477
25.3137
25.3169
25.3257
25.3431
25.2768
25.3334
25.2985
25.3517
25.3221
25.2838
25.3199
25.228
25.2644
25.2283
25.1369
25.1831
25.2358
25.2689
25.2115
25.1033
25.1306
25.1555
25.2201
25.2345
25.1975
25.1419
25.1408
25.1448
25.187
25.1792
25.2418
25.2783
25.2217
25.1482
25.0769
24.9323
24.8842
24.9499
24.961
24.9658
24.9709
25.0142
24.9526
24.9788
24.9296
24.9358
24.9009
24.9581
24.9883
24.9766
25.0037
24.9465
24.9249
24.9077
24.8988
24.9351
24.9363
24.9102
24.9144
24.9181
24.9239
24.9597
24.8879
24.9208
24.7582
24.7499
24.7235
24.7696
24.7884
24.7321
24.6725
24.6813
24.7215
24.7344
24.7722
24.7869
24.8283
24.8091
24.8128
24.8752
24.8652
24.8787
24.8685
24.8571
24.8991
24.9664
24.9959
25.0468
25.0165
24.9932
24.993
24.9953
24.9964
25.0027
25.0386
25.012
25.0277
25.0561
25.0288
24.9909
25.0232
24.956
24.946
24.9767
24.9296
24.942
24.987
25.0286
25.0475
25.0493
25.0864
25.1003
25.1142
25.1613
25.1559
25.0809
25.0769
25.1532
25.0683
25.1399
25.1232
25.1236
25.0618
25.0528
24.9781
24.9397
25.0014
24.9696
25.0791
25.0757
25.0393
25.1107
25.1415
25.0682
25.0512
25.0549
25.0546
25.0646
25.0692
24.9813
24.9658
25.0106
24.9319
24.9326
24.9844
25.0008
24.982
24.8917
24.9041
24.9416
24.926
24.9008
24.8137
24.8001
24.7631
24.789
24.7685
24.8016
24.7824
24.7808
24.8111
24.7807
24.778
24.7787
24.7298
24.7109
24.7041
24.6632
24.6717
24.656
24.6505
24.6229
24.658
24.7005
24.7263
24.7854
24.8365
24.8022
24.8478
24.8368
24.7996
24.7799
24.7482
24.7581
24.7634
24.6931
24.7029
24.7469
24.753
24.7398
24.7733
24.8071
24.7558
24.7603
24.782
24.8014
24.8018
24.8574
24.9173
24.8762
24.9071
24.8935
24.9652
24.9524
24.9517
24.9708
24.8993
24.7929
24.711
24.6997
24.7494
24.7216
24.78
24.7545
24.7212
24.714
24.7468
24.8019
24.811
24.8025
24.7813
24.829
24.8243
24.7112
24.6004
24.5946
24.5798
24.6241
24.6472
24.6351
24.5921
24.6198
24.5929
24.5707
24.6228
24.6066
24.5622
24.5177
24.5082
24.5807
24.6568
24.661
24.6121
24.6283
24.7213
24.6826
24.6301
24.6569
24.7327
24.7481
24.7193
24.7815
24.7953
24.763
24.8191
24.8561
24.8902
24.9293
25.0044
24.9925
24.9203
24.9337
24.9696
24.9844
25.001
25.0437
25.0754
25.1284
25.1914
25.2355
25.2577
25.1741
25.1303
25.0984
25.1934
25.1927
25.2255
25.2811
25.2755
25.3594
25.4205
25.4095
25.426
25.4572
25.4743
25.5291
25.5086
25.5607
25.4739
25.5462
25.5387
25.5118
25.4405
25.383
25.3897
25.4239
25.4396
25.4567
25.4457
25.4757
25.5293
25.5498
25.5772
25.586
25.6527
25.6506
25.6594
25.6601
25.6354
25.6512
25.6094
25.5555
25.4845
25.4011
25.2707
25.2973
25.1743
25.1252
25.1049
25.0501
25.0491
25.0827
25.0936
25.0775
25.0194
24.9971
25.03
25.0574
25.0446
24.9923
24.9647
24.9826
25.0248
25.0427
24.9675
24.9636
24.9317
24.8864
24.8858
24.8812
24.8721
24.9115
24.9106
24.8875
24.8967
24.8636
24.8712
24.9041
24.9495
24.9269
24.9511
24.8996
24.732
24.7528
24.7731
24.697
24.6886
24.6301
24.6422
24.6421
24.622
24.576
24.553
24.5243
24.5124
24.5603
24.5549
24.529
24.5018
24.5241
24.5603
24.4445
24.4517
24.4501
24.4088
24.4035
24.3346
24.3644
24.396
24.412
24.4032
24.479
24.4997
24.5455
24.5626
24.5508
24.5333
24.5337
24.5772
24.5677
24.6013
24.5775
24.5746
24.6
24.5942
24.7031
24.6824
24.7529
24.7296
24.792
24.752
24.7543
24.774
24.7528
24.7344
24.7923
24.7838
24.7932
24.8182
24.7957
24.7526
24.7624
24.8154
24.8822
24.8781
24.9119
24.9034
24.9592
24.8429
24.8419
24.9303
24.9768
24.9514
24.9778
25.0116
24.9756
24.9961
25.0542
25.0876
25.049
25.0753
24.9597
24.9918
25.0115
25.0418
25.0647
25.0359
25.0047
25.0175
25.0304
24.9642
25.0077
25.0391
25.0982
25.0798
25.1195
25.1707
25.1897
25.1089
25.1235
25.1112
25.1647
25.2159
25.2543
25.2274
25.2318
25.2528
25.3241
25.2287
25.1539
25.187
25.1986
25.256
25.2136
25.2579
25.132
25.1303
24.9816
24.9823
24.986
24.9591
24.9448
24.9615
24.939
24.8965
24.8618
24.8786
24.9439
24.9377
24.9367
24.9362
24.9216
24.855
24.8579
24.8738
24.6899
24.5296
24.5426
24.5062
24.5331
24.5776
24.4796
24.4112
24.4215
24.4537
24.4059
24.3546
24.3471
24.3038
24.2519
24.2476
24.2205
24.1915
24.2585
24.2607
24.2782
24.2875
24.2731
24.2631
24.214
24.2144
24.2194
24.253
24.2465
24.2504
24.1911
24.2233
24.2018
24.2119
24.2108
24.218
24.2664
24.1881
24.1517
24.1424
24.1364
24.1181
24.172
24.2645
24.2046
24.2344
24.2269
24.2522
24.2584
24.2432
24.192
24.1741
24.1624
24.1855
24.1803
24.1943
24.1676
24.1701
24.2245
24.2047
24.1578
24.1387
24.1818
24.1932
24.1443
24.1467
24.1148
24.1837
24.187
24.1474
24.1837
24.1426
24.2382
24.2064
24.139
24.0996
24.1197
24.0717
24.029
23.9636
23.9938
23.9655
23.9947
23.9716
23.987
23.9441
23.8951
23.8992
23.9325
23.9638
23.9232
23.9552
23.9042
23.964
23.9481
23.8798
23.8677
23.9035
23.9254
23.9174
23.9741
23.9239
23.9132
23.9773
23.9015
23.9124
23.9645
23.9868
24.0281
23.9944
24.0149
24.0175
24.0944
24.1731
24.1004
24.1079
24.1078
24.1328
24.0709
24.1125
24.0639
24.0665
24.0954
24.1476
24.1629
24.2273
24.2685
24.1882
24.1374
24.1855
24.204
24.2163
24.2274
24.118
24.1481
24.1354
24.1446
24.1954
24.1096
24.1542
24.1047
24.1168
24.1355
24.204
24.2187
24.2407
24.2652
24.313
24.2406
24.2356
24.1682
24.1965
24.1991
24.2093
24.2049
24.2008
24.2055
24.2387
24.2591
24.2983
24.2645
24.2897
24.3321
24.3176
24.3324
24.3576
24.3835
24.3174
24.3657
24.4036
24.3227
24.4152
24.3622
24.4386
24.4723
24.4524
24.4827
24.5588
24.6062
24.5707
24.5914
24.6616
24.6473
24.616
24.6566
24.5715
24.6072
24.6554
24.6283
24.6663
24.6639
24.715
24.7392
24.7742
24.7816
24.7398
24.7628
24.7422
24.7248
24.7976
24.8203
24.7492
24.7148
24.7548
24.7732
24.8332
24.8072
24.7907
24.8244
24.8268
24.8143
24.7502
24.7329
24.7191
24.7859
24.8324
24.7655
24.6726
24.6883
24.6724
24.7085
24.7628
24.8018
24.8473
24.7925
24.7416
24.7468
24.7792
24.8064
24.7646
24.7245
24.7933
24.805
24.7677
24.7441
24.744
24.736
24.6828
24.721
24.7485
24.7788
24.7889
24.7831
24.8344
24.7977
24.8433
24.7928
24.7951
24.8528
24.7836
24.7503
24.752
24.7785
24.6687
24.6231
24.5539
24.5087
24.5255
24.5955
24.5846
24.5861
24.6256
24.6314
24.676
24.6707
24.6641
24.587
24.5939
24.5874
24.6347
24.7
24.7334
24.7172
24.7319
24.7207
24.7378
24.7707
24.8096
24.7929
24.7635
24.7958
24.8124
24.7008
24.6946
24.653
24.7133
24.7542
24.708
24.7218
24.7479
24.7178
24.6551
24.6455
24.6879
24.682
24.7209
24.6985
24.6679
24.6709
24.6035
24.6407
24.6899
24.7005
24.6773
24.6599
24.6806
24.6622
24.6205
24.6665
24.6694
24.7015
24.7761
24.7285
24.7228
24.7502
24.7738
24.7814
24.8098
24.878
24.8918
24.8808
24.8862
24.9429
25.0214
25.0481
25.0333
25.0113
25.0822
25.0107
25.0358
24.9773
25.0469
25.0204
25.0853
25.0991
25.0439
25.0598
25.009
25.0228
24.9934
25.0291
25.0341
24.9954
25.0476
25.0116
25.0157
24.9684
24.956
24.9624
24.9784
24.9603
24.8285
24.8617
24.7804
24.6733
24.6169
24.5178
24.5066
24.5271
24.513
24.4987
24.5073
24.5373
24.5283
24.4152
24.3653
24.3363
24.3102
24.3325
24.3636
24.3681
24.3318
24.3818
24.397
24.3997
24.3259
24.3261
24.3844
24.3398
24.3467
24.3918
24.3902
24.3423
24.3791
24.3199
24.2951
24.2784
24.2941
24.2583
24.2969
24.2884
24.2531
24.3003
24.3694
24.4127
24.3823
24.376
24.4241
24.4621
24.3584
24.4253
24.4499
24.4618
24.4075
24.3884
24.3405
24.3868
24.4232
24.389
24.3436
24.2738
24.2876
24.2409
24.325
24.3516
24.316
24.3083
24.2929
24.2947
24.3371
24.3252
24.3445
24.2469
24.2394
24.1997
24.1621
24.2116
24.132
24.0577
24.0163
24.0038
24.0385
24.0218
24.0007
23.9869
24.0001
24.0477
24.0149
23.9838
23.9835
24.0355
24.0145
23.9623
24.0169
24.0223
24.0668
24.0767
24.0975
24.1505
24.1743
24.1849
24.1465
24.1364
24.1214
24.0777
24.0896
24.0495
24.0271
24.0112
23.9614
23.9906
23.9961
24.0321
23.9765
24.0105
24.0686
24.0982
24.1058
24.1272
24.0588
24.0666
24.0796
24.0096
23.9999
24.0557
24.0751
24.0638
24.099
24.0811
24.0901
24.0823
24.0045
23.9835
23.9828
23.9663
23.962
24.0232
23.9442
23.9438
23.9767
23.9583
23.9561
23.9852
24.0138
23.9776
24.0133
23.9738
23.9567
23.9344
23.9222
23.8875
23.8267
23.8297
23.8895
23.8879
23.8012
23.8134
23.8527
23.8219
23.8889
23.8352
23.839
23.8634
23.8506
23.8258
23.8087
23.8105
23.7242
23.6715
23.7037
23.766
23.7686
23.7746
23.8781
23.8234
23.842
23.803
23.8215
23.8801
23.8495
23.8837
23.918
23.9573
23.9012
23.975
23.9939
24.0386
24.0747
24.0403
24.0729
24.059
24.0565
24.0698
24.07
24.1143
24.1671
24.1659
24.2274
24.2583
24.2496
24.2912
24.3263
24.3287
24.3263
24.3065
24.3068
24.2344
24.1762
24.2299
24.268
24.3352
24.3519
24.2562
24.2503
24.3009
24.3499
24.2992
24.2266
24.1981
24.2047
24.1801
24.203
24.1893
24.1907
24.1985
24.2022
24.1222
24.1129
24.1362
24.0432
24.0101
23.9832
24.0138
24.0211
24.0365
24.0344
24.0318
24.0393
23.9805
23.9892
23.922
23.8727
23.8937
23.838
23.8532
23.8548
23.8552
23.8735
23.8921
23.8746
23.8829
23.9161
23.9062
23.9057
23.8635
23.8623
23.9018
23.939
23.9679
23.9672
23.9803
23.9557
23.927
23.8831
23.8535
23.8554
23.8427
23.8342
23.882
23.9028
23.9828
24.0005
23.946
23.9425
23.8821
23.8718
23.9207
23.9637
24.0007
24.0165
23.8776
23.812
23.7248
23.7588
23.7889
23.6733
23.6581
23.7117
23.6856
23.7009
23.6994
23.6742
23.6966
23.6923
23.7626
23.8012
23.7998
23.8731
23.8992
23.928
23.9935
23.9918
24.016
24.0384
24.0332
24.0761
24.0952
24.0725
24.1615
24.1625
24.2103
24.2453
24.2807
24.3209
24.3415
24.2946
24.3041
24.3637
24.3234
24.3891
24.4428
24.4382
24.4873
24.5055
24.5531
24.6086
24.5671
24.6265
24.6386
24.586
24.5445
24.5805
24.5855
24.6067
24.6548
24.7117
24.7994
24.7598
24.7596
24.7555
24.7838
24.7875
24.8405
24.8487
24.8975
24.8147
24.8223
24.8311
24.872
24.9144
24.8786
24.9097
24.929
24.8847
24.9357
24.8117
24.7888
24.7679
24.7822
24.8116
24.8223
24.8113
24.8844
24.902
24.9438
24.9921
24.9469
25.0214
25.0437
24.9328
24.883
24.9176
24.9489
24.9681
24.99
24.9928
24.9677
24.9402
24.9444
24.8991
24.9273
24.9257
24.9137
24.9275
24.9979
24.9692
24.9616
25.031
25.0931
25.1559
25.0864
25.0755
25.0956
25.0474
25.068
25.0134
25.0653
25.0113
24.9874
24.9877
25.0456
25.0451
24.9707
24.9873
25.043
24.9988
25.0356
25.0515
25.0989
25.1367
25.1636
25.1072
25.0898
25.0453
25.0029
24.9695
24.9774
25.0312
25.0375
25.0104
25.0026
25.0562
25.0493
25.0099
25.0939
25.0831
25.0612
25.0311
24.9641
25.0254
25.0233
25.0509
25.0295
25.078
25.0871
25.0245
24.9597
24.9542
24.7653
24.7456
24.7288
24.7453
24.7168
24.7096
24.6774
24.6907
24.6856
24.6868
24.7333
24.6817
24.6875
24.7293
24.7266
24.7253
24.7867
24.8501
24.8252
24.7995
24.8472
24.8176
24.893
24.8911
24.8681
24.8134
24.8217
24.6895
24.7278
24.7148
24.8123
24.8935
24.905
24.874
24.9201
24.8172
24.7904
24.7063
24.7285
24.7464
24.7636
24.8219
24.7714
24.8382
24.8254
24.8161
24.7947
24.7638
24.7944
24.8233
24.8127
24.818
24.7256
24.7029
24.724
24.7094
24.6829
24.6312
24.6535
24.6053
24.6237
24.5195
24.4561
24.4297
24.4443
24.463
24.4895
24.5272
24.5619
24.5523
24.4874
24.5505
24.5403
24.5295
24.5625
24.6093
24.5597
24.5359
24.5774
24.5794
24.5818
24.5862
24.6341
24.6082
24.5699
24.5904
24.5552
24.5099
24.5264
24.5464
24.5557
24.5954
24.6761
24.6695
24.6492
24.6785
24.6457
24.6269
24.6675
24.669
24.6804
24.6424
24.595
24.6255
24.5954
24.6412
24.6131
24.645
24.6675
24.6794
24.7231
24.7653
24.7218
24.7073
24.6617
24.6439
24.6364
24.704
24.5975
24.5855
24.6176
24.5705
24.5963
24.5898
24.6
24.6
24.6079
24.5816
24.5773
24.5861
24.579
24.5398
24.5449
24.5794
24.6433
24.6466
24.6179
24.6626
24.5389
24.4137
24.4242
24.4997
24.4523
24.4265
24.4234
24.4466
24.4255
24.3934
24.4082
24.4106
24.4163
24.4155
24.4227
24.425
24.4134
24.4609
24.4346
24.3571
24.3705
24.3741
24.3812
24.395
24.4244
24.4363
24.3853
24.4007
24.4557
24.4496
24.4859
24.5267
24.5467
24.4431
24.4962
24.5062
24.4922
24.4378
24.4502
24.4991
24.5357
24.5495
24.5725
24.6286
24.6248
24.616
24.5369
24.514
24.5822
24.5127
24.5627
24.5334
24.5044
24.525
24.4803
24.4291
24.4444
24.4859
24.4726
24.4819
24.4635
24.5116
24.4457
24.4814
24.4759
24.4963
24.4385
24.481
24.4897
24.5132
24.552
24.5175
24.6103
24.5677
24.4951
24.5178
24.4944
24.5233
24.5503
24.4944
24.4542
24.5058
24.5402
24.5348
24.5254
24.5515
24.5691
24.5388
24.5263
24.4642
24.4545
24.4317
24.4906
24.5421
24.4132
24.4862
24.4314
24.4864
24.4979
24.5284
24.5947
24.6593
24.7187
24.7466
24.768
24.7045
24.7096
24.727
24.7147
24.7524
24.7314
24.7182
24.6718
24.6572
24.6959
24.7492
24.7562
24.7633
24.7768
24.694
24.629
24.7342
24.7451
24.7856
24.8337
24.8368
24.8059
24.8353
24.8161
24.8137
24.8342
24.7103
24.7065
24.7878
24.7558
24.6827
24.6247
24.6157
24.6212
24.6274
24.6213
24.663
24.6118
24.6192
24.5942
24.6293
24.6675
24.7155
24.5899
24.5297
24.5343
24.5677
24.5782
24.6057
24.6476
24.6177
24.6219
24.6268
24.6224
24.6458
24.5816
24.6172
24.6251
24.6014
24.559
24.5369
24.591
24.6122
24.6853
24.7059
24.6764
24.6676
24.6771
24.7086
24.7547
24.76
24.6647
24.5656
24.606
24.6483
24.5691
24.5067
24.5195
24.4581
24.4516
24.4482
24.4614
24.4713
24.3705
24.3789
24.4139
24.4249
24.4758
24.5293
24.5048
24.4389
24.4471
24.4069
24.3536
24.319
24.3137
24.2548
24.2871
24.2716
24.1951
24.2304
24.2088
24.2088
24.1927
24.2112
24.1491
24.1601
24.2388
24.2818
24.2079
24.2426
24.2501
24.3262
24.3474
24.3619
24.3318
24.3921
24.3344
24.358
24.3513
24.3584
24.3826
24.4205
24.3985
24.4332
24.449
24.4292
24.4628
24.4437
24.443
24.4189
24.4202
24.3602
24.3824
24.4168
24.4135
24.3887
24.3907
24.3831
24.4425
24.4388
24.4412
24.483
24.5189
24.5343
24.4606
24.4813
24.3238
24.3337
24.313
24.3141
24.3559
24.3648
24.361
24.2967
24.2919
24.3073
24.2496
24.2332
24.2071
24.2057
24.1686
24.163
24.103
24.1328
24.1378
24.1331
24.1343
24.131
24.0439
24.1098
24.1642
24.1605
24.146
24.1571
24.1364
24.1187
24.1208
24.1424
24.1646
24.1142
24.1163
24.1474
24.1796
24.1698
24.2088
24.2713
24.3139
24.2509
24.2158
24.191
24.1947
24.2098
24.2057
24.2088
24.2215
24.2235
24.2413
24.2549
24.2718
24.2832
24.2887
24.3622
24.2938
24.1854
24.1832
24.1908
24.1881
24.1368
24.1652
24.1438
24.1523
24.1927
24.1948
24.2284
24.2613
24.28
24.1959
24.2163
24.235
24.264
24.3442
24.3924
24.4322
24.4134
24.4495
24.461
24.5137
24.54
24.5073
24.5043
24.5449
24.5348
24.5144
24.5571
24.6056
24.6423
24.6113
24.5139
24.5111
24.52
24.5054
24.4817
24.5429
24.6261
24.6683
24.7016
24.6942
24.7632
24.8293
24.8247
24.76
24.7484
24.7658
24.7674
24.7412
24.7085
24.7257
24.7315
24.672
24.7409
24.7848
24.8113
24.843
24.8685
24.8336
24.8403
24.8567
24.8448
24.8519
24.7226
24.7046
24.7103
24.7225
24.7937
24.7111
24.6793
24.7277
24.7723
24.8035
24.8401
24.8688
24.8413
24.8763
24.9174
24.9771
24.9265
24.9774
24.962
25.014
25.0562
25.0673
25.0941
25.0523
25.0562
25.0639
24.9787
25.0694
25.0577
25.0781
25.0797
25.0928
25.0649
25.0584
25.112
25.14
25.1317
25.1435
25.0564
25.0497
25.0478
25.0312
25.0204
25.0903
25.1151
25.0154
25.0323
25.0216
24.9887
24.9578
24.8831
24.9656
24.9193
24.9216
24.8614
24.837
24.8104
24.8607
24.9221
24.9647
24.9654
24.9772
24.9491
24.934
24.9373
24.9318
24.8849
24.8829
24.8586
24.9103
24.9339
24.9707
24.9473
24.9636
24.9949
24.9868
25.0555
25.1366
25.1076
25.0652
25.0509
24.9885
24.9815
24.9924
24.862
24.8591
24.8259
24.8622
24.898
24.9551
24.9539
24.9825
25.0148
25.0477
25.0014
25.0821
25.157
25.1385
25.2054
25.2135
25.2075
25.2449
25.2142
25.2125
25.2
25.2013
25.2198
25.2228
25.249
25.334
25.3306
25.3502
25.3788
25.3798
25.4272
25.44
25.4384
25.4188
25.4473
25.4012
25.3855
25.2691
25.2648
25.2244
25.1558
25.1354
25.0957
25.0451
25.0935
25.0466
25.0916
25.1299
25.1106
25.1043
25.0879
25.1803
25.2131
25.2393
25.2406
25.185
25.1556
25.177
25.1219
25.141
25.164
25.2005
25.2091
25.1464
25.1853
25.0809
25.0815
25.0093
24.8843
24.7937
24.8083
24.8559
24.8978
24.8839
24.8436
24.8432
24.7576
24.702
24.7029
24.7054
24.7318
24.6672
24.6264
24.6155
24.6065
24.6082
24.5908
24.6415
24.6982
24.6531
24.6525
24.6967
24.6648
24.564
24.5788
24.5533
24.5112
24.5256
24.515
24.5236
24.5115
24.579
24.6274
24.6346
24.669
24.7188
24.6824
24.6881
24.6171
24.6321
24.6783
24.6784
24.687
24.6526
24.6492
24.6593
24.5972
24.5759
24.5588
24.4588
24.4217
24.3886
24.3159
24.2939
24.2034
24.2641
24.2546
24.257
24.2773
24.2367
24.2047
24.1268
24.1172
24.1035
24.1358
24.1569
24.2154
24.2071
24.2324
24.2179
24.2476
24.2681
24.2528
24.2756
24.2869
24.2728
24.3351
24.3816
24.3428
24.3379
24.3611
24.3861
24.3544
24.338
24.3849
24.4122
24.3969
24.4194
24.4524
24.4325
24.4447
24.4537
24.4339
24.4821
24.508
24.584
24.5799
24.6269
24.6334
24.6673
24.6411
24.6223
24.6293
24.6966
24.596
24.6059
24.6244
24.6326
24.7001
24.6747
24.6681
24.6899
24.6668
24.6534
24.6927
24.6643
24.7079
24.7342
24.7813
24.7226
24.657
24.6069
24.5741
24.5694
24.5098
24.5211
24.6082
24.6644
24.6564
24.6185
24.6907
24.6962
24.6463
24.676
24.6577
24.6695
24.6267
24.6939
24.6496
24.6385
24.6374
24.6091
24.567
24.5752
24.5122
24.5016
24.5498
24.5272
24.5209
24.5443
24.6021
24.5915
24.6498
24.6537
24.6244
24.6927
24.6999
24.6701
24.7449
24.8112
24.8465
24.8703
24.8539
24.8448
24.8953
24.8662
24.8608
24.8616
24.8433
24.9055
24.8575
24.8915
24.8196
24.7661
24.786
24.7296
24.7518
24.7294
24.722
24.7402
24.7463
24.7328
24.7378
24.7014
24.7652
24.7996
24.8326
24.8816
24.9672
25.0092
25.0749
25.0821
25.0437
25.1108
25.1162
25.1209
25.2186
25.2455
25.2736
25.2161
25.2517
25.3139
25.3182
25.379
25.3979
25.4115
25.4064
25.434
25.479
25.4128
25.3523
25.3707
25.4053
25.3663
25.3634
25.3147
25.3792
25.4108
25.4308
25.4125
25.3513
25.4097
25.362
25.4113
25.4375
25.4493
25.3913
25.3966
25.408
25.4667
25.4534
25.5147
25.4848
25.5156
25.5168
25.4433
25.4181
25.448
25.4364
25.486
25.4968
25.5258
25.5559
25.5718
25.531
25.5191
25.5294
25.4575
25.4537
25.4483
25.4822
25.4347
25.3768
25.3314
25.2667
25.237
25.2335
25.2154
25.2
25.2358
25.19
25.2293
25.2658
25.2791
25.2871
25.3211
25.2397
25.1958
25.2147
25.2573
25.2938
25.2818
25.2747
25.1812
25.1307
25.0837
25.1277
25.1228
25.2011
25.1756
25.2057
25.2019
25.2018
25.2518
25.2741
25.2707
25.286
25.2857
25.3365
25.3227
25.3202
25.3362
25.3286
25.2927
25.3138
25.2859
25.2451
25.172
25.1001
25.068
25.1208
25.1381
25.1744
25.1664
25.1587
25.1374
25.0814
25.0928
25.0198
24.9887
24.9871
24.9659
24.9344
24.904
24.9311
24.9576
24.9656
24.9384
24.9099
24.8961
24.8899
24.8767
24.8666
24.8784
24.8801
24.9171
24.8245
24.7705
24.8102
24.8025
24.7287
24.704
24.6923
24.6654
24.6448
24.5834
24.4791
24.5125
24.3852
24.4332
24.4575
24.5099
24.428
24.4718
24.3624
24.286
24.2175
24.23
24.2719
24.2919
24.2177
24.2293
24.197
24.1624
24.2066
24.2022
24.1507
24.106
24.123
24.1324
24.1168
24.0837
24.1023
24.1256
24.1384
24.184
24.1543
24.0931
24.049
24.0918
24.031
24.1085
24.0953
24.0718
24.1253
24.1314
24.1318
24.1608
24.1941
24.224
24.1787
24.1762
24.1992
24.2314
24.2461
24.293
24.2547
24.1886
24.1272
24.121
24.0773
24.0504
24.0194
24.1026
24.0584
24.0956
24.1531
24.1262
24.1117
24.1845
24.2228
24.197
24.2109
24.2297
24.2886
24.2956
24.3425
24.3552
24.297
24.3034
24.3733
24.3451
24.4331
24.4402
24.4829
24.4831
24.4369
24.5096
24.4888
24.5266
24.5625
24.5552
24.5944
24.6477
24.5568
24.5456
24.574
24.62
24.6249
24.5988
24.6103
24.6453
24.6029
24.6351
24.6652
24.6197
24.6521
24.6412
24.6249
24.6855
24.7372
24.7213
24.6295
24.6346
24.6995
24.6805
24.7191
24.7849
24.7837
24.8
24.8273
24.8709
24.854
24.9176
24.8981
24.849
24.7938
24.76
24.8061
24.7597
24.7578
24.7199
24.7244
24.7268
24.7698
24.8188
24.7845
24.79
24.8001
24.8293
24.8871
24.8768
24.8409
24.8339
24.835
24.8787
24.853
24.8026
24.8242
24.8234
24.7191
24.7144
24.6663
24.6645
24.6905
24.6954
24.6598
24.6239
24.5614
24.5497
24.5951
24.5565
24.5551
24.6044
24.6516
24.6639
24.597
24.5841
24.6241
24.6437
24.6252
24.5115
24.5371
24.5557
24.561
24.4722
24.5179
24.5601
24.6453
24.6147
24.653
24.6313
24.6423
24.6077
24.5559
24.6373
24.6157
24.6093
24.5553
24.4366
24.5249
24.4907
24.49
24.4461
24.4067
24.2735
24.2711
24.2445
24.2125
24.2463
24.2512
24.3038
24.2858
24.2286
24.2738
24.1986
24.2153
24.0972
24.0566
24.0753
24.0792
24.112
24.1516
24.0806
24.141
24.1482
24.2292
24.21
24.2532
24.1642
24.1886
24.2136
24.2259
24.2063
24.2214
24.1704
24.1711
24.0907
24.1257
24.1638
24.1424
24.1156
24.1892
24.2227
24.2555
24.2218
24.2501
24.2835
24.3092
24.3233
24.3403
24.3173
24.1887
24.0926
24.1263
24.1305
24.0567
24.0396
24.0459
24.0769
24.0369
24.041
24.0548
24.1009
24.132
24.1287
24.1208
24.1392
24.1381
24.1077
24.1143
24.0915
24.1076
24.1139
24.0752
24.0791
24.0895
24.1237
24.0632
24.0189
24.0345
24.0579
24.026
23.9979
23.9653
23.9332
23.9296
24.0234
24.0938
24.1102
24.1096
24.0056
24.0457
24.0468
24.0021
24.0013
24.0284
24.0558
24.0256
23.9176
23.9443
23.9562
23.9417
23.9396
23.9194
23.88
23.8979
23.911
23.8516
23.8486
23.8513
23.8883
23.8488
23.8632
23.8859
23.9631
24.0002
24.0683
24.1094
24.1017
24.1041
24.1711
24.132
24.2141
24.2346
24.2368
24.2348
24.246
24.1917
24.272
24.2362
24.2909
24.316
24.3984
24.4204
24.4243
24.4197
24.3874
24.4158
24.4303
24.4713
24.4325
24.5232
24.502
24.5184
24.5561
24.5933
24.5387
24.5515
24.609
24.6233
24.6286
24.5837
24.6394
24.5913
24.5319
24.5278
24.5448
24.5835
24.5973
24.5946
24.5221
24.5308
24.5042
24.4991
24.5304
24.4822
24.5135
24.5251
24.5234
24.4777
24.4975
24.4243
24.4821
24.48
24.4859
24.4861
24.5212
24.4236
24.3843
24.3746
24.4091
24.3898
24.3689
24.3312
24.3967
24.401
24.3562
24.2967
24.2345
24.2738
24.3282
24.3329
24.3922
24.3691
24.3733
24.344
24.3789
24.4338
24.3949
24.3758
24.3685
24.4241
24.4471
24.4177
24.4234
24.4298
24.4379
24.4646
24.3829
24.402
24.4013
24.3747
24.3977
24.4062
24.4979
24.4811
24.4813
24.4967
24.5078
24.4906
24.5093
24.5018
24.515
24.5852
24.6297
24.6801
24.6907
24.7166
24.6965
24.7379
24.7253
24.7715
24.7826
24.7669
24.6824
24.7521
24.8015
24.7075
24.6104
24.5912
24.6342
24.6805
24.6929
24.7425
24.6968
24.7237
24.6257
24.6691
24.696
24.6418
24.5758
24.6541
24.6497
24.6814
24.6518
24.689
24.7154
24.6809
24.703
24.692
24.6643
24.6599
24.6902
24.727
24.7338
24.6925
24.729
24.6835
24.7355
24.7637
24.8289
24.8507
24.814
24.8658
24.8351
24.8349
24.8317
24.8586
24.7334
24.7728
24.7865
24.8308
24.8642
24.7426
24.712
24.7689
24.758
24.7527
24.807
24.8364
24.8949
24.9037
24.9007
24.8971
24.9014
24.9279
24.952
24.9021
24.9055
24.9316
24.9337
24.916
24.9374
24.95
24.8981
24.888
24.871
24.9231
24.9675
24.9155
24.9581
24.9487
24.8687
24.8751
24.8883
24.8423
24.8477
24.8753
24.9128
24.8908
24.8981
24.9042
24.8606
24.8485
24.8897
24.9482
24.9421
24.9656
24.9482
24.9458
25.0012
25.0082
24.9753
24.9818
25.0396
24.983
24.9782
25.0129
25.0054
24.9382
24.8567
24.8904
24.8604
24.9179
24.972
25.0167
25.0036
24.9015
24.8276
24.8957
24.9218
24.9227
24.7766
24.6884
24.6123
24.6103
24.5814
24.5302
24.4667
24.5242
24.5635
24.4811
24.4954
24.4157
24.4182
24.3875
24.3183
24.3777
24.3415
24.4096
24.3678
24.3806
24.3967
24.3769
24.3754
24.4291
24.4922
24.5345
24.6386
24.6434
24.6543
24.5675
24.5788
24.6085
24.6602
24.6899
24.6939
24.6906
24.7367
24.8282
24.8264
24.8983
24.8504
24.8914
24.9341
24.8845
24.8406
24.8506
24.8832
24.8159
24.8368
24.8838
24.7685
24.8036
24.718
24.7914
24.7637
24.7631
24.7211
24.6886
24.6353
24.6409
24.6686
24.6154
24.6535
24.6317
24.6253
24.6922
24.6549
24.6153
24.5878
24.5576
24.455
24.4247
24.408
24.3786
24.4018
24.3103
24.3507
24.3534
24.3417
24.2883
24.2399
24.2197
24.2239
24.283
24.3239
24.2951
24.1733
24.1456
24.1705
24.1491
24.0938
24.0842
24.1171
24.0951
24.1268
24.1084
24.0917
24.1066
24.1099
24.1454
24.1387
24.1439
24.1471
24.2412
24.2348
24.2085
24.2071
24.1764
24.1103
24.1793
24.1531
24.219
24.2754
24.3164
24.3144
24.3315
24.3639
24.3808
24.3432
24.3528
24.3945
24.4107
24.4156
24.4012
24.3706
24.3755
24.4289
24.4555
24.459
24.3272
24.2794
24.3072
24.3411
24.3285
24.3577
24.4021
24.3369
24.362
24.3634
24.3133
24.2856
24.2319
24.1753
24.237
24.2913
24.3035
24.2633
24.2529
24.2154
24.2138
24.2772
24.3468
24.3785
24.3696
24.4218
24.4429
24.4322
24.4661
24.289
24.2132
24.2933
24.3587
24.2959
24.2891
24.2371
24.2056
24.1173
24.1701
24.1647
24.1757
24.1431
24.1584
24.2293
24.2554
24.33
24.3436
24.3442
24.4009
24.443
24.4567
24.4539
24.4706
24.488
24.5034
24.5393
24.5382
24.448
24.4533
24.4539
24.4444
24.3719
24.3525
24.3557
24.3606
24.3709
24.3986
24.3949
24.3918
24.3981
24.4354
24.4197
24.3561
24.3766
24.379
24.3346
24.3698
24.3042
24.3068
24.3299
24.3802
24.366
24.3263
24.3006
24.3151
24.2796
24.2558
24.2297
24.1547
24.2239
24.2631
24.2518
24.2286
24.2117
24.2241
24.2426
24.2636
24.2529
24.1936
24.2274
24.1629
24.1659
24.1884
24.1037
24.0873
24.0685
24.1302
24.1363
24.0543
23.9737
23.9323
24.0033
24.0236
24.0795
24.0185
24.0297
24.0254
23.9749
23.9974
24.0474
24.0995
24.0505
23.9923
24.0154
24.0111
24.0307
24.0301
24.0134
24.0097
24.0546
24.1235
24.12
24.0469
24.0361
24.0365
24.0226
24.1017
24.0874
24.0335
24.0617
24.0803
24.0976
24.0686
24.0656
24.0982
24.016
23.9874
23.9905
23.9755
23.9546
23.9626
23.9701
24.0098
24.0033
23.9953
24.0392
24.0476
24.0099
23.9676
24.0058
23.9352
24.0008
23.9661
23.9962
23.9887
23.9614
23.9607
24.0207
24.036
23.9068
23.9091
23.9295
23.9504
23.8918
23.9511
23.9915
24.025
24.0873
24.1047
24.0858
24.1189
24.0396
24.0586
23.9914
23.9981
23.927
23.9973
24.0481
23.919
23.913
23.9221
23.887
23.815
23.8225
23.7512
23.8012
23.8526
23.9156
23.8678
23.9291
23.9319
23.9085
23.9428
23.9486
23.9646
23.9783
24.0234
24.0494
24.0281
23.9839
24.0197
23.9626
23.9428
23.9579
23.975
23.9984
24.0215
24.0438
24.0909
24.0737
24.0934
24.1222
24.1179
24.1002
23.9969
24.0322
23.9732
23.9324
23.9501
23.9609
23.937
23.9577
23.9098
23.9476
23.9158
23.8095
23.8628
23.8339
23.8432
23.8618
23.8948
23.9178
23.969
23.8532
23.9044
23.917
23.8953
23.8786
23.9458
23.9363
23.8946
23.9068
23.9319
23.8708
23.8197
23.7699
23.7319
23.7878
23.8018
23.8628
23.9279
23.982
23.9981
24.0223
23.9176
23.8662
23.8451
23.9077
23.9465
23.9283
23.9396
23.9135
23.8795
23.8905
23.857
23.8853
23.874
23.8936
23.877
23.9073
23.8894
23.9024
23.8662
23.8419
23.8368
23.8129
23.7806
23.7721
23.7692
23.8533
23.8862
23.8591
23.8307
23.8508
23.8956
23.8587
23.9238
23.9419
23.9496
23.9711
24.0078
23.8838
23.9135
23.9248
23.9672
23.9778
24.0085
24.0953
24.1296
24.1334
24.1732
24.1909
24.1568
24.1444
24.0947
24.1028
24.081
24.0586
24.0839
24.1297
24.0688
24.0984
24.094
24.0763
24.0829
24.0699
24.0758
24.063
23.9896
23.9789
24.0424
24.0756
24.0386
24.0402
24.0026
24.0253
24.0709
24.0178
24.0713
24.1317
24.056
24.0629
24.0204
23.9696
24.0142
24.015
24.0443
23.9308
23.9485
23.9268
23.8719
23.817
23.8453
23.766
23.7675
23.7647
23.792
23.7237
23.7252
23.8029
23.7735
23.7917
23.812
23.8144
23.8656
23.8861
23.8495
23.9057
23.8756
23.8596
23.8732
23.8378
23.8914
23.8723
23.8663
23.7938
23.7801
23.7926
23.8508
23.8738
23.9351
23.939
23.9996
23.9133
23.9456
23.8459
23.8585
23.8723
23.8192
23.8157
23.8421
23.8427
23.8409
23.8555
23.8936
23.8317
23.7166
23.7841
23.7273
23.7646
23.7431
23.6747
23.7339
23.7206
23.7076
23.7199
23.7848
23.7721
23.844
23.8873
23.8053
23.6998
23.6988
23.7616
23.793
23.7934
23.8175
23.8501
23.8252
23.8533
23.8925
23.8521
23.87
23.8812
23.9213
23.9791
23.981
23.9975
23.9846
23.9594
23.9761
24.0233
23.8914
23.9238
23.836
23.8761
23.8891
23.8682
23.9135
23.891
23.9373
23.9433
23.9709
23.9013
23.9171
23.9458
23.9475
23.9588
23.9931
24.009
24.03
24.0575
24.0826
24.0935
24.135
24.1496
24.1806
24.2047
24.2596
24.1972
24.1463
24.15
24.1387
24.136
24.1694
24.2092
24.2603
24.2484
24.2176
24.3174
24.2501
24.1942
24.1733
24.2588
24.2637
24.2189
24.2352
24.276
24.2629
24.2891
24.2797
24.2636
24.2643
24.3005
24.2591
24.1731
24.2238
24.2592
24.3163
24.3346
24.3217
24.379
24.4235
24.435
24.4059
24.3631
24.4052
24.3332
24.329
24.3856
24.4086
24.4812
24.5593
24.559
24.4538
24.3946
24.4359
24.4215
24.431
24.493
24.4733
24.4512
24.5169
24.4684
24.5171
24.4575
24.343
24.3581
24.366
24.3987
24.405
24.4444
24.3749
24.4048
24.4196
24.4792
24.5024
24.5112
24.4444
24.4269
24.4748
24.4814
24.5026
24.4566
24.4434
24.5235
24.4436
24.427
24.4469
24.4611
24.4518
24.3615
24.4104
24.3787
24.3301
24.2606
24.1984
24.1872
24.249
24.3158
24.3025
24.2675
24.3072
24.2582
24.1178
24.1213
24.0322
24.062
24.0634
24.093
24.1225
24.1766
24.1242
24.1348
24.1084
24.1548
24.1956
24.1613
24.0907
24.0987
24.0705
24.1275
24.1242
24.1427
24.0573
24.0481
24.0401
24.107
24.1443
24.1088
24.1533
24.1233
24.1407
24.2103
24.1861
24.166
24.1262
24.0161
24.0608
24.1253
24.143
24.1689
24.1879
24.1052
24.1141
24.0919
24.0991
24.107
24.1551
24.1373
24.2371
24.2229
24.1485
24.1171
24.0673
24.1158
24.176
24.1584
24.1526
24.0969
24.0707
24.1049
24.1323
24.2114
24.175
24.2026
24.2415
24.2471
24.2098
24.1646
24.1991
24.1336
24.1337
24.1974
24.1636
24.1573
24.2025
24.2372
24.2928
24.2938
24.315
24.2966
24.3439
24.2475
24.2069
24.2062
24.2647
24.2286
24.2023
24.2574
24.2894
24.2445
24.3042
24.3213
24.2902
24.307
24.3591
24.3802
24.4051
24.4119
24.3616
24.3566
24.3357
24.3323
24.3296
24.3965
24.3995
24.4026
24.372
24.3129
24.3526
24.332
24.3312
24.3844
24.361
24.3707
24.4177
24.4329
24.4817
24.4644
24.5309
24.5472
24.5877
24.5755
24.49
24.4793
24.4672
24.4643
24.5299
24.4754
24.5198
24.5309
24.5181
24.4703
24.3693
24.4192
24.3766
24.4287
24.3314
24.3862
24.3023
24.3078
24.2612
24.2469
24.2761
24.2938
24.3027
24.2633
24.2658
24.3018
24.3234
24.3106
24.2945
24.2985
24.3035
24.3176
24.339
24.3609
24.4125
24.4528
24.4575
24.4291
24.43
24.4563
24.4732
24.4961
24.4717
24.488
24.4333
24.4444
24.3199
24.382
24.2936
24.3299
24.305
24.2854
24.3215
24.2417
24.2602
24.3179
24.3832
24.3223
24.2918
24.2683
24.2632
24.2182
24.2501
24.1848
24.2047
24.2234
24.2129
24.1429
24.1684
24.17
24.1985
24.1903
24.2164
24.2463
24.3207
24.3105
24.2858
24.2887
24.1999
24.203
24.1739
24.18
24.1934
24.1142
24.101
24.0949
24.1197
24.095
24.0829
24.0338
23.9943
24.0667
24.0477
24.0085
24.0392
24.104
24.1403
24.0291
23.9968
23.9757
24.0363
23.9946
23.8998
23.8445
23.7792
23.8525
23.8227
23.8487
23.8129
23.8291
23.8268
23.8388
23.9034
23.8357
23.8248
23.8482
23.8929
23.9273
23.9629
24.0185
24.0488
24.0418
24.0492
24.0226
24.0558
23.9429
23.9273
23.864
23.8658
23.8714
23.9115
23.9397
23.9933
23.9783
23.9823
24.0061
24.0147
24.0763
24.1477
24.134
24.13
24.1228
24.1377
24.0778
24.13
24.139
24.0755
24.1077
24.1123
24.0808
24.1068
24.104
24.0184
24.0382
24.0315
24.0138
24.0237
24.0367
23.9656
23.9571
23.9934
23.9759
23.964
23.958
23.9736
24.0231
24.0393
24.1078
24.0865
24.0471
24.0117
23.9927
23.9259
23.9553
24.0182
24.0065
24.0326
24.0464
24.0294
24.0841
24.0977
24.1457
24.1367
24.0687
24.0445
24.0758
24.0433
24.0399
24.0077
23.9993
23.9892
24.0278
24.0589
24.0859
24.1308
24.1147
24.1893
24.2344
24.2953
24.2825
24.2935
24.2976
24.296
24.307
24.3162
24.3214
24.366
24.365
24.3999
24.416
24.4825
24.5512
24.5671
24.5336
24.5933
24.6276
24.6834
24.6626
24.7214
24.7343
24.7668
24.7139
24.7548
24.7473
24.7573
24.7505
24.7291
24.7356
24.7968
24.7324
24.7176
24.6646
24.6488
24.6535
24.6166
24.5268
24.5201
24.5312
24.5305
24.5111
24.5108
24.4901
24.5073
24.5072
24.5283
24.55
24.5587
24.5505
24.536
24.5317
24.5132
24.5641
24.4945
24.5311
24.6372
24.6491
24.6237
24.6131
24.6488
24.6769
24.7104
24.7323
24.7437
24.755
24.7543
24.7746
24.8132
24.805
24.8716
24.7583
24.7843
24.75
24.7614
24.8263
24.9286
24.8723
24.824
24.764
24.7868
24.7542
24.7639
24.7269
24.745
24.7603
24.7172
24.7655
24.7047
24.7297
24.6941
24.6725
24.7173
24.6752
24.7259
24.7233
24.6525
24.698
24.6523
24.7241
24.7621
24.8089
24.8334
24.8545
24.8647
24.7994
24.8022
24.7815
24.7899
24.8241
24.8413
24.8232
24.7805
24.8037
24.6641
24.5848
24.565
24.4891
24.4909
24.5158
24.5175
24.537
24.5182
24.4648
24.449
24.4818
24.4953
24.4907
24.5278
24.5149
24.4827
24.5442
24.4653
24.4473
24.4107
24.4229
24.3283
24.3909
24.4372
24.4571
24.5123
24.4337
24.48
24.5462
24.4829
24.4954
24.4162
24.4009
24.3365
24.3548
24.1927
24.2238
24.2883
24.2591
24.22
24.1845
24.2155
24.2415
24.2452
24.2711
24.2474
24.27
24.2704
24.2894
24.3244
24.341
24.3136
24.3046
24.3136
24.3153
24.3281
24.3118
24.3861
24.3487
24.3994
24.3438
24.3831
24.4076
24.4212
24.4405
24.4236
24.4258
24.4711
24.4897
24.4354
24.366
24.3385
24.3689
24.3585
24.3572
24.3693
24.3644
24.3684
24.3481
24.377
24.4069
24.4109
24.4883
24.5307
24.5425
24.5784
24.5939
24.5541
24.5691
24.6315
24.6332
24.6674
24.5781
24.5479
24.5268
24.5713
24.5719
24.4879
24.4457
24.5006
24.4753
24.4925
24.5517
24.5784
24.5857
24.4583
24.4587
24.408
24.3378
24.3783
24.3579
24.3721
24.3513
24.2665
24.3311
24.3629
24.3506
24.3743
24.3594
24.4106
24.4036
24.3347
24.3345
24.4272
24.4744
24.4805
24.5011
24.5126
24.524
24.5354
24.6128
24.6085
24.6198
24.6438
24.6607
24.5729
24.5613
24.5217
24.4702
24.5046
24.4725
24.4263
24.381
24.4283
24.4553
24.5068
24.4677
24.5067
24.4741
24.4429
24.474
24.4595
24.4869
24.4527
24.4536
24.4908
24.4534
24.5125
24.5386
24.5769
24.6412
24.5779
24.5934
24.5739
24.5469
24.5269
24.3566
24.3776
24.425
24.3885
24.3293
24.3287
24.3552
24.3237
24.3337
24.3985
24.3843
24.3743
24.3187
24.2565
24.2366
24.2359
24.2249
24.2557
24.2529
24.2299
24.2882
24.293
24.2911
24.306
24.3116
24.2945
24.1911
24.1381
24.1841
24.2094
24.2164
24.2205
24.1791
24.249
24.1961
24.1543
24.1644
24.1768
24.1924
24.2128
24.2222
24.2118
24.2618
24.2341
24.2367
24.1876
24.2066
24.1901
24.1703
24.2459
24.2502
24.2954
24.254
24.1695
24.2471
24.267
24.2909
24.2489
24.2676
24.2335
24.2285
24.2617
24.2219
24.1731
24.1841
24.2072
24.2307
24.2405
24.1754
24.1187
24.1515
24.2248
24.0758
24.0884
24.1068
24.0944
24.0949
24.1037
24.0803
24.0916
24.0927
24.0939
24.1502
24.0996
24.0455
24.0594
24.1064
24.1054
24.0867
23.9917
23.9835
24.0302
23.9946
24.0013
23.9796
23.9965
24.0414
24.1084
24.1344
24.0777
23.9714
24.0047
24.0373
24.0423
24.0133
23.897
23.9147
23.9711
23.9714
23.9562
23.9524
23.9299
23.8925
23.9339
23.8466
23.7762
23.8122
23.8443
23.8708
23.8742
23.9306
23.9409
24.0133
24.0131
23.997
23.9882
24.0416
24.0461
24.0292
24.0308
23.9376
24.027
24.0963
24.1543
24.1522
24.2011
24.2335
24.2686
24.2878
24.2759
24.1655
24.1924
24.2281
24.2789
24.3229
24.3285
24.4001
24.4103
24.3787
24.3133
24.3253
24.3843
24.3643
24.3878
24.4097
24.3827
24.4058
24.3264
24.3251
24.2839
24.318
24.3358
24.3535
24.3486
24.3894
24.2806
24.1764
24.2219
24.2681
24.2529
24.2649
24.2549
24.3026
24.346
24.2615
24.297
24.3416
24.3305
24.3428
24.3829
24.4487
24.4498
24.3319
24.3493
24.3821
24.3319
24.3311
24.3326
24.2595
24.3138
24.2197
24.2983
24.2991
24.2594
24.3137
24.3002
24.3262
24.2952
24.3357
24.2409
24.2375
24.2778
24.3163
24.2963
24.3132
24.2858
24.2614
24.2736
24.3237
24.3225
24.296
24.3091
24.3126
24.3126
24.3004
24.3667
24.3037
24.261
24.31
24.3443
24.3555
24.3479
24.3204
24.2094
24.2048
24.2066
24.1947
24.2083
24.1451
24.1377
24.1433
24.0872
24.1321
24.1358
24.167
24.1503
24.1036
24.1517
24.1376
24.1292
24.0885
24.1093
24.1509
24.1878
24.1695
24.1269
24.1299
24.0856
24.051
24.1084
24.1259
24.1433
24.191
24.1907
24.1054
24.1113
24.1107
24.1113
24.1148
24.1515
24.1687
24.1557
24.1805
24.1817
24.2039
24.1522
24.1204
24.0981
24.0883
24.0605
24.1209
24.162
24.1894
24.2742
24.2473
24.2726
24.3003
24.2789
24.2375
24.2242
24.291
24.2617
24.2535
24.2632
24.3281
24.3491
24.3413
24.2724
24.3448
24.3354
24.3255
24.3012
24.2941
24.2978
24.3306
24.3425
24.354
24.3555
24.3402
24.343
24.3042
24.272
24.243
24.2403
24.3098
24.356
24.288
24.3549
24.4277
24.463
24.4952
24.4722
24.5101
24.5308
24.5631
24.6416
24.6773
24.6509
24.6298
24.6266
24.5818
24.6446
24.6232
24.6669
24.6679
24.6819
24.6657
24.6327
24.6864
24.7318
24.7549
24.7303
24.7298
24.7246
24.6549
24.6657
24.6367
24.6524
24.6219
24.5951
24.6051
24.6355
24.6323
24.6264
24.6703
24.697
24.7365
24.7081
24.7127
24.7347
24.7175
24.7678
24.7121
24.7154
24.7659
24.6679
24.6319
24.5925
24.5362
24.5229
24.5361
24.5809
24.6021
24.5607
24.6085
24.5824
24.6179
24.6178
24.6234
24.6631
24.6426
24.6849
24.6359
24.6208
24.6055
24.5428
24.4746
24.5108
24.4794
24.4681
24.5026
24.5113
24.5192
24.4759
24.4901
24.5713
24.5161
24.4351
24.4466
24.4236
24.3815
24.3858
24.3938
24.3956
24.4528
24.4802
24.471
24.4405
24.4653
24.4651
24.4056
24.4786
24.4141
24.4279
24.481
24.4083
24.4854
24.4803
24.4311
24.435
24.4309
24.478
24.5481
24.5898
24.5233
24.5601
24.6129
24.6508
24.6339
24.6994
24.6976
24.7459
24.7966
24.8125
24.7675
24.7412
24.7909
24.7373
24.7906
24.8001
24.8361
24.8748
24.8713
24.8096
24.88
24.8625
24.8472
24.8513
24.8719
24.7707
24.7709
24.8551
24.8837
24.9339
24.8895
24.7714
24.8417
24.9021
24.836
24.8208
24.7538
24.7714
24.785
24.8485
24.8524
24.8348
24.7344
24.7909
24.8099
24.7936
24.6969
24.7906
24.8274
24.8272
24.712
24.6587
24.605
24.6715
24.5126
24.5382
24.585
24.6019
24.6037
24.5636
24.5871
24.5075
24.5046
24.4674
24.4348
24.444
24.4847
24.4402
24.3731
24.4041
24.3748
24.3348
24.3593
24.2698
24.2597
24.2737
24.1666
24.0948
24.1448
24.1428
24.1444
24.1896
24.1901
24.0817
24.0837
24.055
24.0538
24.0364
24.0673
24.0978
24.0881
24.0674
24.0485
24.0016
24.0171
24.0507
24.025
24.0485
24.0148
24.032
24.033
24.0678
24.089
24.0804
24.1349
24.089
24.1286
24.0321
24.0907
24.0445
24.0885
24.0997
24.0465
24.0638
24.0379
23.9717
23.9952
23.9995
24.0217
24.013
24.0029
24.0199
24.0506
24.0441
24.1109
24.1589
24.1001
24.0947
24.0884
24.0703
24.041
24.0128
24.0129
23.9584
23.985
23.9906
23.9913
24.0379
23.949
23.9957
23.9975
23.9417
23.9176
23.9237
23.8714
23.9038
23.9467
23.9883
23.9753
23.9878
23.9733
23.9711
23.9659
23.8427
23.8341
23.8579
23.8519
23.8612
23.8316
23.8643
23.8494
23.844
23.876
23.8612
23.8863
23.8012
23.7937
23.8489
23.8681
23.8747
23.8463
23.8744
23.8424
23.8609
23.864
23.8647
23.8466
23.8133
23.7994
23.7359
23.6524
23.6602
23.7008
23.7287
23.7171
23.6297
23.5558
23.5562
23.6076
23.6029
23.5988
23.689
23.7222
23.7314
23.7257
23.769
23.7726
23.7704
23.7478
23.8014
23.8433
23.7322
23.7718
23.7288
23.6773
23.6612
23.6514
23.6833
23.7067
23.7441
23.7879
23.8146
23.8468
23.8915
23.8725
23.8045
23.7919
23.8049
23.8565
23.9312
23.9532
23.9788
23.988
23.912
23.8658
23.8365
23.8712
23.8501
23.8384
23.7931
23.8238
23.8653
23.9213
23.8952
23.9605
23.9903
23.9325
23.9387
23.9354
23.9192
23.9662
24.0384
24.0606
24.1173
24.137
24.1159
24.074
24.0342
24.0785
24.1416
24.1353
24.1669
24.1656
24.1848
24.1302
24.1219
24.0109
23.9763
24.012
24.0275
23.9765
24.0023
23.9758
23.9508
23.9041
23.9593
24.0029
23.9895
24.0214
23.9551
23.9464
23.9686
23.93
23.9694
23.9761
23.9279
23.9627
23.894
23.8764
23.9084
23.9359
23.9117
23.9104
23.9323
23.8998
23.9119
23.8996
23.8762
23.8536
23.9052
23.9173
23.9508
23.8748
23.8869
23.98
23.9766
24.0513
24.0384
24.0957
24.1063
24.1591
24.2038
24.1723
24.1799
24.2509
24.2299
24.1881
24.1251
24.1592
24.1807
24.1805
24.2021
24.207
24.2614
24.3104
24.2337
24.2444
24.2706
24.3016
24.3196
24.3039
24.3514
24.3117
24.3663
24.3177
24.2651
24.1931
24.2223
24.2407
24.2152
24.2109
24.2345
24.337
24.3087
24.2707
24.1863
24.2028
24.2611
24.2807
24.3033
24.3545
24.3508
24.3739
24.3708
24.369
24.4209
24.3736
24.3958
24.3565
24.308
24.3856
24.3768
24.3541
24.3702
24.4248
24.401
24.3885
24.3885
24.3228
24.3557
24.3968
24.428
24.3894
24.3794
24.3869
24.3627
24.3273
24.3842
24.3258
24.2562
24.336
24.3672
24.4479
24.4019
24.4176
24.402
24.4364
24.3145
24.3227
24.2367
24.2369
24.2627
24.3058
24.3238
24.3867
24.4196
24.4922
24.5338
24.5069
24.561
24.5877
24.5106
24.4737
24.478
24.5228
24.4266
24.448
24.4795
24.4215
24.3698
24.3531
24.3787
24.3475
24.3712
24.392
24.3842
24.4273
24.5
24.5603
24.5657
24.5997
24.6237
24.6922
24.6905
24.7466
24.7567
24.7286
24.7505
24.7147
24.7295
24.6996
24.6936
24.7306
24.7568
24.781
24.7511
24.786
24.8223
24.8318
24.8087
24.7759
24.8265
24.8351
24.8911
24.8063
24.7877
24.7252
24.6663
24.6582
24.7008
24.7438
24.7035
24.6992
24.6496
24.6393
24.7148
24.6991
24.7516
24.7653
24.7542
24.7161
24.6453
24.6812
24.6943
24.713
24.7452
24.751
24.6939
24.5997
24.6066
24.6037
24.6778
24.6903
24.7077
24.6924
24.7399
24.707
24.7242
24.732
24.7988
24.8579
24.8813
24.8866
24.9062
24.9442
24.8764
24.8684
24.8918
24.8804
24.8514
24.816
24.8209
24.8871
24.8571
24.8948
24.9255
24.9719
25.0247
25.0102
25.0002
24.9791
24.9712
24.9864
25.0276
24.977
24.8692
24.852
24.8791
24.8625
24.817
24.7416
24.7125
24.6682
24.6185
24.5938
24.5839
24.6271
24.6303
24.6088
24.599
24.5735
24.5501
24.543
24.5783
24.5649
24.6059
24.6859
24.7424
24.6719
24.6969
24.78
24.7471
24.7819
24.685
24.7193
24.6749
24.6553
24.721
24.6582
24.6636
24.6904
24.6981
24.667
24.5676
24.6062
24.6245
24.5512
24.5466
24.5279
24.5917
24.5814
24.6192
24.6739
24.6392
24.629
24.6409
24.632
24.7015
24.6197
24.6412
24.6215
24.6209
24.6307
24.6415
24.6531
24.583
24.5241
24.5623
24.545
24.5783
24.6318
24.6338
24.5986
24.6338
24.6038
24.5836
24.6286
24.6079
24.638
24.6947
24.6475
24.6167
24.6773
24.681
24.7311
24.6583
24.7038
24.7424
24.8196
24.8169
24.8993
24.9924
24.9742
24.907
24.9536
24.9498
24.9423
24.9129
24.9541
25.0091
24.9824
25.0273
25.0204
25.0391
25.0653
25.0814
25.12
25.0608
25.0409
24.9995
25.0631
24.9829
25.0072
24.9969
24.9712
24.9941
24.9283
24.9148
24.8667
24.898
24.9524
24.9137
24.8521
24.8559
24.868
24.8588
24.8006
24.8127
24.8264
24.8267
24.8968
24.9006
24.8862
24.9013
24.8553
24.7776
24.7602
24.7643
24.7567
24.6592
24.6899
24.636
24.6453
24.6154
24.5768
24.6225
24.5206
24.5861
24.5873
24.518
24.4966
24.5561
24.5767
24.6519
24.6734
24.654
24.607
24.6054
24.6094
24.6
24.5346
24.551
24.5703
24.5116
24.5229
24.5201
24.6052
24.6199
24.6632
24.6438
24.5998
24.4684
24.4872
24.4034
24.4456
24.4396
24.4187
24.389
24.4295
24.4949
24.5073
24.5373
24.4346
24.3904
24.3707
24.3921
24.3409
24.2955
24.3576
24.4106
24.4251
24.4254
24.3027
24.2611
24.2364
24.2116
24.2501
24.2199
24.2457
24.281
24.3074
24.3433
24.3033
24.2462
24.2845
24.2113
24.065
24.0521
24.012
24.042
23.9947
24.0279
24.0246
24.0611
24.0606
24.0843
24.099
24.1315
24.1522
24.1596
24.1379
24.1285
24.122
24.1658
24.1637
24.1724
24.1337
24.1338
24.1657
24.1874
24.2036
24.1655
24.1634
24.2196
24.1295
24.1289
24.1509
24.0738
24.1478
24.1541
24.1641
24.1929
24.2025
24.2174
24.2855
24.3564
24.4056
24.3962
24.451
24.4309
24.4046
24.3908
24.4481
24.3998
24.4225
24.4575
24.4505
24.3474
24.3911
24.3951
24.3772
24.3842
24.42
24.4218
24.4613
24.4253
24.4074
24.3934
24.4126
24.4045
24.4013
24.3444
24.3147
24.344
24.3539
24.4087
24.3494
24.3733
24.3147
24.3429
24.2411
24.3053
24.2989
24.3261
24.3548
24.3078
24.2684
24.2572
24.274
24.2883
24.2718
24.3046
24.3463
24.2971
24.3508
24.3649
24.4176
24.4695
24.5316
24.4664
24.462
24.531
24.483
24.4687
24.4405
24.4254
24.4673
24.4767
24.4187
24.3944
24.3652
24.3387
24.2536
24.1621
24.1813
24.2663
24.3013
24.3132
24.3636
24.3748
24.3533
24.3347
24.3715
24.38
24.2777
24.3365
24.3043
24.2469
24.2639
24.2332
24.222
24.2796
24.232
24.2041
24.2228
24.2383
24.2137
24.2649
24.2241
24.2201
24.2737
24.3171
24.3752
24.3867
24.4372
24.4369
24.4932
24.4739
24.4768
24.4906
24.4258
24.2894
24.2965
24.3327
24.4221
24.4652
24.4033
24.4333
24.4894
24.4985
24.4806
24.5092
24.5644
24.5395
24.5099
24.5032
24.5287
24.4869
24.5446
24.5262
24.4507
24.4977
24.4633
24.4199
24.4084
24.4607
24.4804
24.4782
24.4661
24.5341
24.5869
24.6108
24.5569
24.4866
24.5321
24.4678
24.3475
24.326
24.3147
24.3148
24.3108
24.2213
24.1903
24.1644
24.1758
24.1509
24.1767
24.1283
24.1354
24.099
24.081
24.0542
24.0999
24.0576
24.1272
24.091
24.1071
24.1279
24.1007
24.1123
24.1291
24.1683
24.204
24.197
24.2479
24.1702
24.1735
24.0779
23.9905
23.9862
23.9961
23.9934
24.0841
24.072
24.0944
24.0237
23.9708
23.834
23.7557
23.8012
23.8032
23.8284
23.8516
23.8609
23.8554
23.8788
23.9513
23.9464
23.9536
23.9643
24.0445
23.9866
23.9519
23.9674
23.9463
23.9647
23.944
23.8732
23.8383
23.8102
23.8028
23.825
23.9202
23.9242
23.9084
23.9058
23.9288
23.92
23.9177
23.8992
23.912
23.9005
23.893
23.8555
23.8691
23.8922
23.9228
23.9445
23.9754
23.9823
23.7926
23.7904
23.8516
23.7909
23.7887
23.7786
23.7812
23.8204
23.7886
23.7704
23.7926
23.7971
23.8447
23.8647
23.8984
23.8485
23.8385
23.8822
23.8534
23.82
23.8453
23.8121
23.8486
23.8802
23.8414
23.8052
23.8755
23.9043
23.9022
23.8835
23.9436
23.8162
23.7973
23.8033
23.7926
23.7798
23.7502
23.6501
23.6686
23.6614
23.6248
23.6981
23.6338
23.5632
23.5737
23.5475
23.5596
23.5128
23.5311
23.511
23.553
23.5828
23.613
23.5807
23.5363
23.6334
23.6847
23.6598
23.5879
23.6479
23.6884
23.6791
23.6576
23.6809
23.6739
23.6585
23.656
23.6725
23.6903
23.7535
23.7359
23.728
23.7016
23.7605
23.7663
23.7561
23.7731
23.7628
23.7529
23.7394
23.7507
23.7868
23.8194
23.8229
23.7883
23.8419
23.8137
23.909
23.8243
23.8266
23.8567
23.8907
23.8982
23.9407
23.9469
23.9484
23.9366
23.951
23.9111
23.8845
23.7901
23.854
23.8356
23.8159
23.8278
23.8391
23.8481
23.8294
23.8442
23.8565
23.916
23.9394
23.9565
23.9946
23.9435
23.9937
24.0088
24.0007
24.0132
24.0388
24.0865
24.0473
24.0523
24.0371
23.9905
23.9548
24.0384
24.0358
23.9778
23.9406
23.9738
23.9555
23.9353
23.9779
23.9361
23.9609
23.9955
23.9732
23.9291
23.8504
23.8196
23.7737
23.7243
23.7015
23.6913
23.762
23.8104
23.8528
23.7925
23.821
23.8284
23.8864
23.943
23.9431
23.9543
23.8557
23.8674
23.8194
23.8002
23.7795
23.7781
23.7638
23.8001
23.8016
23.862
23.9064
23.8762
23.8979
23.932
24.0175
24.0174
23.9803
23.9735
23.9998
24.0275
24.0846
24.1509
24.2052
24.1874
24.1844
24.1994
24.2455
24.2324
24.2487
24.2133
24.2267
24.2417
24.2008
24.2667
24.2534
24.2649
24.3192
24.3615
24.3722
24.3962
24.4253
24.4593
24.4731
24.5157
24.5078
24.5131
24.4773
24.4467
24.4718
24.5152
24.5193
24.5025
24.4729
24.3534
24.2868
24.2337
24.2125
24.1987
24.207
24.2503
24.2626
24.3212
24.2988
24.2976
24.3503
24.3342
24.2518
24.2319
24.2122
24.2501
24.2311
24.2741
24.3158
24.2679
24.2279
24.2578
24.269
24.3299
24.3469
24.345
24.3895
24.3984
24.3798
24.3417
24.3896
24.458
24.4902
24.3487
24.3869
24.3218
24.3198
24.261
24.2197
24.197
24.2102
24.2792
24.301
24.242
24.2213
24.1298
24.1119
24.1598
24.1173
24.1728
24.1041
24.1126
24.1891
24.2052
24.205
24.2229
24.2321
24.2813
24.3259
24.2657
24.2708
24.2575
24.319
24.3123
24.1792
24.2057
24.215
24.2592
24.2426
24.2135
24.2245
24.2626
24.2651
24.2416
24.2298
24.2949
24.3054
24.2842
24.2221
24.1509
24.0342
24.0466
24.0667
24.0638
24.0733
24.1284
24.171
24.1934
24.1991
24.2019
24.2013
24.2481
24.2026
24.1719
24.2191
24.1382
24.1675
24.2089
24.1859
24.2232
24.1987
24.1887
24.2067
24.1341
24.1291
24.1186
24.0798
24.0765
24.0088
23.9732
24.0077
24.0005
24.0374
24.0556
24.0492
24.0817
24.1139
24.1048
24.0108
23.9814
24.0413
24.0059
24.0299
24.0852
24.0967
24.06
24.0855
24.0334
24.036
23.993
24.0058
24.025
24.026
24.038
24.0254
23.9899
23.9037
23.997
23.9733
24.0127
24.0469
24.0773
24.0463
24.0275
24.0428
23.9956
24.005
23.9904
24.033
24.0722
24.0744
24.0373
24.0404
24.0659
24.0608
24.082
24.0662
24.0495
24.1122
24.1208
24.0628
24.0054
23.9028
23.8884
23.9
23.8744
23.8214
23.839
23.9032
23.8597
23.933
23.9768
23.9903
23.9936
24.0292
24.0758
24.127
24.1385
24.2128
24.1732
24.1071
24.0433
24.0381
24.1075
24.1247
24.1111
24.1151
24.137
24.1563
24.1758
24.1092
24.1249
24.1578
24.2249
24.2024
24.2438
24.2502
24.2233
24.1525
24.113
24.1608
24.1605
24.1677
24.1733
24.1753
24.1997
24.2253
24.2192
24.2263
24.15
24.1417
24.1628
24.2236
24.2036
24.3006
24.3703
24.3788
24.4244
24.3606
24.3822
24.376
24.3672
24.3452
24.3824
24.443
24.4265
24.4917
24.5521
24.572
24.5679
24.5386
24.5162
24.4945
24.5083
24.5764
24.5902
24.6293
24.6641
24.6582
24.6247
24.6243
24.6143
24.6412
24.6379
24.6112
24.6569
24.6798
24.7076
24.7205
24.7027
24.753
24.804
24.8148
24.8663
24.8957
24.9711
25.0377
25.0031
24.917
24.8919
24.9785
24.9988
25.0492
25.0334
25.0772
25.0434
25.0623
24.9727
25.0214
24.9811
24.9158
24.9186
24.9597
24.9587
24.9098
24.8933
24.8846
24.9172
24.9515
24.9463
24.9581
24.9165
24.8698
24.8825
24.9004
24.8588
24.8499
24.8195
24.879
24.9071
24.9514
25.0088
25.0144
25.0169
25.0699
24.9776
25.0361
25.0093
24.9496
24.9716
24.9386
24.949
24.9264
24.9514
24.9521
24.909
24.8818
24.9267
24.9278
24.9372
24.8677
24.8829
24.8863
24.9191
24.8785
24.8715
24.8837
24.9075
24.9147
24.9248
24.9685
25.0206
25.0642
25.1161
25.1218
25.0821
25.1691
25.1504
25.1657
25.1168
25.1388
25.0799
25.1008
25.1217
25.0298
24.9808
24.9875
24.9874
24.9346
25.014
24.9905
25.0333
24.9773
24.9914
24.9658
24.9712
24.9907
24.9128
24.8931
24.8647
24.8083
24.8401
24.9389
24.9291
24.9455
25.0121
25.0012
25.0384
25.0742
25.1084
25.1359
25.1451
25.1353
25.2035
25.1758
25.1226
25.1041
25.0824
25.0351
24.9688
24.9739
25.0257
24.9843
24.9884
25.0113
25.0035
25.0335
25.0236
25.0749
25.1018
25.1282
25.1678
25.1997
25.1684
25.1409
25.1133
25.1393
25.1966
25.1711
25.0782
25.0687
24.991
24.9056
24.9402
24.8246
24.8496
24.8912
24.9255
24.908
24.9552
24.9429
24.8989
24.8965
24.9304
24.8541
24.8454
24.885
24.8863
24.8493
24.8528
24.9415
24.9215
24.8853
24.8838
24.917
24.8552
24.8663
24.7871
24.7409
24.6929
24.7177
24.7242
24.7571
24.792
24.7138
24.7221
24.7559
24.705
24.6946
24.5692
24.5409
24.5453
24.5483
24.4888
24.473
24.4327
24.4652
24.4955
24.4948
24.5222
24.5237
24.4874
24.4762
24.4581
24.4898
24.5012
24.5018
24.5228
24.5634
24.4616
24.3444
24.3564
24.4195
24.3508
24.309
24.3288
24.3728
24.355
24.3619
24.3458
24.3691
24.2937
24.266
24.2745
24.22
24.2601
24.2147
24.2449
24.2187
24.2412
24.3168
24.329
24.3167
24.3623
24.376
24.4408
24.4895
24.5271
24.5684
24.6042
24.6085
24.6358
24.6867
24.7213
24.7962
24.8045
24.7766
24.7794
24.7769
24.7542
24.7379
24.6808
24.6927
24.6585
24.6134
24.6338
24.6293
24.674
24.6664
24.6787
24.6778
24.7126
24.7236
24.7648
24.7933
24.72
24.7675
24.8255
24.8003
24.8615
24.8794
24.8137
24.8279
24.8786
24.8918
24.961
24.9673
24.9797
24.9817
24.989
25.0135
24.9466
24.9637
24.9466
24.9717
24.8716
24.8978
24.8967
24.9312
24.9757
25.0453
24.9921
25.0014
25.0175
25.0351
25.0255
25.047
25.0621
25.0639
25.053
25.0612
25.072
24.9574
25.0129
25.054
25.0511
25.0222
25.0622
25.1201
25.118
25.1047
25.0845
25.1079
25.1243
25.1005
25.0921
25.1184
25.1075
25.1129
25.0675
25.1323
25.172
25.1623
25.0693
25.0551
24.9612
24.9726
24.9832
24.973
25.0439
25.0392
25.0056
25.0041
25.0478
25.0691
25.0993
25.1021
25.1292
25.1531
25.1233
25.1467
25.121
25.1214
25.142
25.2012
25.235
25.2415
25.2362
25.2129
25.2677
25.2913
25.19
25.159
25.2121
25.1751
25.2033
25.2208
25.2311
25.2104
25.2345
25.2667
25.3209
25.2636
25.1956
25.2154
25.1439
25.1044
25.0659
25.124
25.0978
25.1176
25.0859
25.0343
25.0389
25.0707
25.114
25.1439
25.1775
25.2339
25.2494
25.1707
25.123
25.1661
25.1726
25.1465
25.1221
25.125
25.124
25.0893
25.157
25.1456
25.1132
25.1637
25.1986
25.2363
25.2923
25.305
25.316
25.3003
25.2882
25.3447
25.3503
25.3734
25.37
25.3294
25.3084
25.3507
25.393
25.4358
25.415
25.3627
25.31
25.2949
25.3305
25.2721
25.236
25.1362
25.1845
25.1918
25.1824
25.1623
25.1869
25.1157
25.1544
25.1006
25.1185
25.0496
25.0669
25.04
25.0383
24.992
24.9755
24.8873
24.8633
24.8444
24.8291
24.8157
24.7565
24.7908
24.7502
24.7578
24.7616
24.7454
24.7527
24.6245
24.6325
24.6157
24.6495
24.6215
24.6116
24.6211
24.605
24.5962
24.6054
24.6128
24.5921
24.5804
24.6545
24.6483
24.6873
24.6776
24.6026
24.5348
24.5917
24.6187
24.6443
24.6116
24.5653
24.5382
24.5663
24.5389
24.5509
24.4465
24.4439
24.4805
24.5382
24.5408
24.5526
24.5157
24.4715
24.5415
24.5719
24.6038
24.629
24.6335
24.6566
24.6438
24.6391
24.6417
24.6068
24.5889
24.5047
24.5415
24.5873
24.6087
24.573
24.5535
24.5169
24.5269
24.6057
24.6528
24.6422
24.6897
24.6664
24.6696
24.7152
24.6931
24.7163
24.7531
24.7901
24.8229
24.9006
24.9768
24.9385
24.8914
24.8325
24.7919
24.8115
24.7741
24.8279
24.8482
24.9058
24.9196
24.9156
24.8912
24.859
24.7308
24.6493
24.614
24.6127
24.6184
24.6139
24.6704
24.6948
24.7084
24.6767
24.6563
24.6318
24.6845
24.6486
24.701
24.7009
24.6761
24.6606
24.6224
24.6584
24.6811
24.6392
24.6864
24.6693
24.609
24.6146
24.6371
24.6299
24.6393
24.657
24.5867
24.6607
24.6168
24.618
24.6286
24.6098
24.6372
24.6819
24.6349
24.6168
24.5826
24.5412
24.5303
24.5774
24.5243
24.5214
24.5368
24.5293
24.509
24.5445
24.5278
24.5672
24.5347
24.6098
24.5602
24.4926
24.3896
24.4687
24.3621
24.318
24.3301
24.3349
24.3902
24.3696
24.406
24.3993
24.4414
24.4116
24.4394
24.4492
24.488
24.4865
24.5071
24.449
24.4608
24.4012
24.4059
24.4356
24.4359
24.4717
24.4179
24.4972
24.4888
24.4506
24.4783
24.5075
24.5202
24.5344
24.5551
24.5778
24.6001
24.6181
24.6223
24.5788
24.5112
24.4087
24.3914
24.4183
24.4234
24.4099
24.4002
24.4437
24.4554
24.4975
24.5239
24.6102
24.6553
24.6124
24.6147
24.6477
24.6522
24.6861
24.6747
24.7045
24.6554
24.6139
24.6856
24.7112
24.7613
24.7771
24.8271
24.8711
24.8917
24.8793
24.8588
24.8841
24.7647
24.7783
24.8145
24.8482
24.7844
24.8489
24.7393
24.7351
24.7579
24.7162
24.7279
24.7368
24.7047
24.6671
24.6569
24.7188
24.7532
24.7532
24.7321
24.6651
24.6812
24.6943
24.698
24.7584
24.7472
24.7833
24.8104
24.8033
24.7259
24.7837
24.7988
24.8109
24.7842
24.7077
24.6869
24.6896
24.7034
24.7033
24.7133
24.6958
24.6955
24.7173
24.7677
24.7935
24.7894
24.7179
24.6945
24.6654
24.6969
24.5815
24.4782
24.4944
24.4642
24.4573
24.4102
24.3632
24.3527
24.431
24.4512
24.4674
24.4364
24.4498
24.4992
24.4822
24.5014
24.4912
24.424
24.4125
24.4175
24.374
24.4603
24.3681
24.3003
24.3152
24.2783
24.3007
24.3323
24.347
24.3465
24.345
24.3612
24.4007
24.474
24.4922
24.5368
24.6096
24.6716
24.5703
24.5359
24.5752
24.5254
24.4387
24.4915
24.4974
24.5243
24.5079
24.5292
24.482
24.5133
24.5437
24.5235
24.5956
24.616
24.6722
24.6644
24.6473
24.6728
24.6444
24.5961
24.5564
24.5408
24.5649
24.567
24.5809
24.5645
24.5104
24.506
24.5411
24.5461
24.4149
24.3953
24.4547
24.4474
24.5022
24.4837
24.508
24.4989
24.5202
24.5725
24.6379
24.613
24.6001
24.6941
24.7277
24.7961
24.7915
24.8325
24.8846
24.8342
24.8186
24.8889
24.874
24.8781
24.8392
24.9059
24.9432
24.889
24.923
24.8969
24.9312
24.9462
25.0136
25.0434
25.0785
25.1599
25.169
25.1999
25.2297
25.1061
25.148
25.1806
25.2205
25.2291
25.2786
25.1594
25.1063
25.1158
25.1457
25.1806
25.2121
25.233
25.1412
25.176
25.1891
25.2136
25.2423
25.0975
25.0523
25.0748
25.0639
25.0521
24.9956
24.9325
24.9985
24.8563
24.8583
24.7932
24.7551
24.7679
24.7239
24.738
24.7733
24.7445
24.6264
24.6085
24.5203
24.5916
24.5828
24.5424
24.5406
24.534
24.5098
24.4549
24.5301
24.495
24.4733
24.4659
24.5164
24.4994
24.5173
24.4947
24.5123
24.5513
24.537
24.4882
24.4314
24.4653
24.4971
24.488
24.4746
24.5283
24.5483
24.5228
24.5591
24.5863
24.5179
24.4432
24.5215
24.4795
24.5606
24.5811
24.5474
24.6228
24.6119
24.6369
24.6425
24.6491
24.6143
24.603
24.574
24.6109
24.4994
24.5147
24.4706
24.5053
24.4961
24.5493
24.5308
24.5548
24.5617
24.578
24.6049
24.5577
24.5435
24.5387
24.5261
24.5332
24.5446
24.4187
24.4525
24.4464
24.4462
24.4872
24.5353
24.5914
24.5955
24.521
24.5538
24.6181
24.6309
24.6569
24.6423
24.5861
24.6259
24.6171
24.6101
24.6148
24.6295
24.6633
24.6417
24.6564
24.6682
24.7361
24.8266
24.8638
24.8547
24.9107
24.8923
24.8663
24.879
24.8908
24.9231
24.8848
24.8998
24.8726
24.8077
24.8427
24.8191
24.8219
24.8618
24.8809
24.8279
24.8452
24.867
24.8912
24.9514
25.0025
25.0344
25.0945
25.1321
25.1071
25.1128
25.0946
25.0982
25.1342
25.1152
25.1734
25.2495
25.2737
25.2467
25.1513
25.13
25.069
24.9932
24.9433
24.9995
25.0487
25.0116
25.0508
25.0948
25.1384
25.1731
25.1711
25.2008
25.2089
25.2446
25.2739
25.3254
25.2388
25.2919
25.3109
25.3435
25.3832
25.3513
25.3284
25.3868
25.41
25.3379
25.3617
25.4145
25.4508
25.4706
25.4345
25.4817
25.4395
25.4479
25.4485
25.4273
25.3884
25.3971
25.4671
25.4421
25.4992
25.5388
25.5258
25.4929
25.531
25.5132
25.5253
25.5254
25.5809
25.5033
25.4494
25.3821
25.3992
25.4488
25.4743
25.3611
25.3813
25.4479
25.4451
25.433
25.3951
25.4535
25.4419
25.3494
25.26
25.2316
25.188
25.2314
25.2823
25.3069
25.2894
25.2371
25.3188
25.2492
25.2308
25.184
25.179
25.0987
25.0999
25.1131
25.1201
25.1697
25.1214
25.1549
25.2139
25.2067
25.2669
25.2887
25.2682
25.2856
25.2951
25.2939
25.2586
25.1841
25.1931
25.241
25.2415
25.1801
25.1346
25.1441
25.0993
25.1227
25.1459
25.1421
25.1656
25.0957
25.0444
25.0644
24.9651
24.9144
24.9117
24.9428
24.9169
24.9971
25.0388
25.0834
25.0614
25.0428
25.0805
25.101
25.1361
25.0938
25.081
25.1113
25.1239
25.1398
25.1654
25.1973
25.1839
25.1659
25.0815
25.096
25.0176
25.0294
25.0339
25.0438
25.0245
24.9216
24.9473
24.8549
24.8948
24.9441
24.9969
24.983
25.0124
24.9434
24.9361
24.9436
24.9847
24.9936
24.9905
25.0185
25.0213
25.0285
25.0076
25.0498
25.0615
25.1176
25.1405
25.1623
25.1931
25.2051
25.1432
25.158
25.2165
25.1776
25.0189
25.0087
25.0739
25.0019
24.8308
24.6756
24.6625
24.637
24.705
24.6928
24.781
24.7559
24.7123
24.6647
24.6708
24.6742
24.6311
24.5594
24.5354
24.5567
24.569
24.5406
24.524
24.5174
24.4719
24.4446
24.48
24.5486
24.5714
24.5414
24.4596
24.4853
24.4762
24.5007
24.4285
24.4484
24.3639
24.3417
24.3129
24.3389
24.3856
24.2611
24.2768
24.2169
24.1679
24.0534
24.041
24.0398
24.0091
24.0244
23.9273
23.9631
24.0186
24.0383
24.0813
24.0568
24.1134
24.105
24.057
24.0492
24.0804
23.9828
24.0147
23.9529
23.9418
23.99
24.0501
23.985
23.9159
23.9372
23.9357
23.9565
23.9351
23.9683
23.9731
23.9686
24.0589
24.0017
24.0211
23.9188
23.9477
23.9655
23.9927
23.991
24.0155
24.0766
24.0178
24.0015
23.9606
23.9618
23.9868
24.0405
24.0253
24.0003
23.9681
24.0014
24.0883
24.1346
24.1715
24.1843
24.2011
24.207
24.2432
24.2656
24.2737
24.2034
24.1923
24.1732
24.1728
24.1671
24.1676
24.2311
24.2962
24.2617
24.2708
24.3276
24.3782
24.4449
24.434
24.4332
24.3705
24.3857
24.424
24.4911
24.4666
24.4259
24.3164
24.3519
24.3222
24.3483
24.3416
24.3141
24.3197
24.3762
24.4567
24.44
24.3861
24.4071
24.4178
24.3996
24.4267
24.4556
24.4581
24.4287
24.4878
24.4817
24.4156
24.3611
24.334
24.34
24.3895
24.3586
24.4069
24.4304
24.4028
24.3939
24.3794
24.3936
24.3379
24.3334
24.3408
24.3178
24.3961
24.4003
24.3948
24.318
24.3146
24.2981
24.2514
24.1835
24.2008
24.1539
24.0961
24.0589
24.0892
24.1273
24.0883
24.0862
24.1072
24.0978
24.0705
24.0474
24.0092
23.9571
23.965
23.9693
23.9283
23.9158
23.9263
23.915
23.9592
24.0341
24.0301
24.04
23.9884
23.9967
23.9863
24.0269
24.0571
24.0377
24.0575
24.0487
24.0665
24.1139
24.1039
24.1613
24.1802
24.2226
24.2283
24.238
24.2494
24.2397
24.3156
24.2368
24.2131
24.1987
24.162
24.1948
24.2275
24.2772
24.3183
24.3536
24.2824
24.2846
24.3529
24.3274
24.353
24.4085
24.44
24.4258
24.483
24.4704
24.4675
24.4459
24.4515
24.5116
24.4559
24.4087
24.4014
24.4068
24.3342
24.3905
24.3846
24.3492
24.3351
24.3521
24.331
24.3851
24.3298
24.3257
24.2836
24.2891
24.2321
24.1919
24.2227
24.2211
24.1906
24.1779
24.2345
24.248
24.2705
24.2371
24.1894
24.1944
24.1771
24.1353
24.1156
24.1452
24.1441
24.1752
24.2394
24.0706
24.0296
24.0259
23.9652
24.0456
24.0737
24.125
24.0279
24.0667
24.0524
24.0322
24.0847
24.0579
24.1084
24.1037
24.1292
24.1094
24.0883
24.0812
24.1321
24.1684
24.182
24.1838
24.2068
24.2633
24.2602
24.2991
24.2444
24.2793
24.2321
24.2713
24.2213
24.2627
24.3202
24.3251
24.2742
24.2392
24.2272
24.2114
24.2169
24.2684
24.3066
24.2909
24.359
24.3618
24.3475
24.3536
24.3092
24.3138
24.3394
24.3174
24.2953
24.3233
24.3392
24.35
24.325
24.2895
24.2444
24.2712
24.2809
24.2439
24.2669
24.3045
24.2796
24.1947
24.1817
24.1407
24.1266
24.1429
24.0858
24.1273
24.0731
24.0436
23.9984
23.9929
23.9443
23.967
24.0029
23.9402
23.9793
23.9965
23.9928
24.0553
24.0694
23.9542
23.9226
23.8732
23.9215
23.8929
23.9371
23.9572
23.9161
23.9281
23.9143
23.9329
23.912
23.9268
24.0138
24.0968
24.0312
24.0131
24.0299
24.1056
24.1425
24.1373
24.1495
24.1188
24.192
24.1895
24.1995
24.1648
24.2278
24.2892
24.273
24.262
24.2718
24.3282
24.3375
24.3592
24.4335
24.4587
24.4789
24.5305
24.4986
24.4245
24.4433
24.4372
24.4966
24.4971
24.4886
24.5032
24.5675
24.5302
24.5395
24.6025
24.6953
24.7208
24.6503
24.6476
24.6387
24.6373
24.6448
24.6495
24.6988
24.7156
24.7114
24.7134
24.6357
24.6733
24.6951
24.7565
24.8052
24.7788
24.7683
24.7738
24.7253
24.7637
24.8083
24.7896
24.8302
24.6459
24.6239
24.5434
24.5163
24.5176
24.4755
24.4804
24.4432
24.5003
24.4814
24.5419
24.518
24.4913
24.5182
24.5509
24.5129
24.4097
24.4717
24.4387
24.4151
24.3821
24.4266
24.3044
24.3237
24.346
24.2791
24.3241
24.2029
24.2203
24.1505
24.1377
24.0762
24.0456
24.0711
24.0746
24.0453
24.0471
24.0914
24.1053
24.0424
23.9854
23.9732
23.9776
23.9711
24.0273
23.9732
23.9801
23.9575
23.9571
23.9585
23.9866
23.9071
23.9344
24.0088
24.0304
24.102
24.0906
24.1561
24.2186
24.2543
24.2425
24.198
24.0967
24.005
23.9948
24.0156
24.0386
24.0956
24.1221
24.1064
24.1302
24.1752
24.1979
24.2469
24.2093
24.18
24.2019
24.1813
24.2097
24.2099
24.207
24.1639
24.1934
24.1878
24.2108
24.221
24.1344
24.18
24.2136
24.2523
24.3053
24.3581
24.4051
24.3972
24.4168
24.4238
24.4966
24.4937
24.5443
24.5521
24.576
24.529
24.4997
24.4937
24.5648
24.5357
24.5371
24.4917
24.3935
24.4036
24.3826
24.3807
24.3933
24.3211
24.3077
24.3098
24.3426
24.2608
24.2542
24.2711
24.225
24.2573
24.2777
24.24
24.2573
24.213
24.1855
24.1695
24.2409
24.2443
24.3361
24.3315
24.2504
24.2354
24.2496
24.2906
24.2612
24.3259
24.3126
24.3275
24.287
24.3136
24.3435
24.391
24.4078
24.4736
24.4898
24.5055
24.4205
24.3721
24.3497
24.3564
24.3495
24.3041
24.3087
24.4001
24.4091
24.4356
24.4665
24.4253
24.4389
24.4215
24.3832
24.3874
24.4248
24.3635
24.3778
24.3573
24.3528
24.3418
24.3759
24.3163
24.2931
24.3215
24.371
24.3407
24.2912
24.2094
24.1568
24.1964
24.222
24.2148
24.2706
24.2403
24.2795
24.2804
24.2466
24.2741
24.2652
24.2575
24.2757
24.2759
24.2994
24.304
24.3339
24.3113
24.3069
24.3438
24.3799
24.4189
24.4693
24.4579
24.4861
24.4946
24.4734
24.5398
24.5255
24.5571
24.5189
24.5857
24.5706
24.5212
24.5488
24.4992
24.5644
24.5603
24.5215
24.4862
24.5502
24.5253
24.5336
24.551
24.59
24.6144
24.6152
24.6749
24.6693
24.7404
24.7194
24.7847
24.8196
24.7866
24.7615
24.7758
24.7752
24.7723
24.7421
24.7647
24.807
24.8624
24.8005
24.8666
24.8971
24.905
24.8418
24.8292
24.8644
24.8575
24.8532
24.8201
24.7961
24.831
24.9181
24.9421
24.9496
24.906
24.9558
24.9135
24.926
24.97
24.9598
24.969
24.8886
24.8659
24.8204
24.7904
24.7787
24.7772
24.671
24.6767
24.6455
24.6461
24.6222
24.5629
24.5906
24.6281
24.6459
24.5917
24.631
24.7049
24.7415
24.7577
24.7879
24.7306
24.7656
24.8313
24.7879
24.7694
24.7839
24.7967
24.7758
24.7893
24.7323
24.7256
24.7173
24.7558
24.7071
24.6949
24.6817
24.7551
24.7862
24.7786
24.716
24.7943
24.7813
24.8537
24.8158
24.7371
24.83
24.9051
24.9472
25.0108
25.0544
25.0444
25.0537
25.0401
25.0688
25.0318
25.065
25.1028
25.0972
25.1127
25.0881
25.168
25.1848
25.2703
25.3284
25.2909
25.3311
25.2944
25.3267
25.2965
25.3393
25.3563
25.3644
25.3925
25.3959
25.4608
25.4038
25.3851
25.3374
25.4232
25.4869
25.478
25.4914
25.5585
25.5306
25.5632
25.5932
25.542
25.5842
25.633
25.6446
25.6226
25.6575
25.6477
25.6231
25.5653
25.4034
25.3776
25.3578
25.3759
25.4473
25.4226
25.4042
25.4278
25.439
25.4831
25.4719
25.4063
25.4692
25.5042
25.4678
25.4766
25.4991
25.5408
25.5466
25.4556
25.4948
25.5031
25.4962
25.5103
25.5666
25.5632
25.5694
25.5612
25.5497
25.5716
25.5893
25.5476
25.5866
25.6044
25.5459
25.5175
25.431
25.4153
25.4488
25.5233
25.5348
25.5027
25.4769
25.4103
25.4094
25.4759
25.5257
25.5794
25.5715
25.5998
25.5853
25.6429
25.6544
25.6889
25.67
25.6492
25.6761
25.6724
25.7424
25.7486
25.7573
25.7751
25.7482
25.7449
25.7533
25.7231
25.7164
25.7525
25.6575
25.6917
25.7296
25.7678
25.7152
25.6861
25.6545
25.7278
25.6491
25.6672
25.6067
25.5933
25.6173
25.6988
25.7063
25.7884
25.7406
25.7746
25.8309
25.802
25.8796
25.8648
25.9434
25.8783
25.8226
25.7423
25.711
25.7263
25.7302
25.7041
25.6662
25.5504
25.523
25.4737
25.4315
25.4651
25.5065
25.5738
25.6263
25.5772
25.6217
25.5953
25.5293
25.5574
25.5844
25.5483
25.5249
25.5413
25.5748
25.6008
25.5918
25.5793
25.5334
25.5823
25.5977
25.6304
25.6467
25.6572
25.6969
25.6557
25.7182
25.7436
25.7473
25.7514
25.7415
25.806
25.8404
25.8898
25.8923
25.9325
25.9701
26.0346
25.9983
26.0308
26.0544
26.0916
26.164
26.1655
26.1642
26.1163
26.1442
26.0946
26.0335
26.0236
25.9971
26.0335
26.0562
25.9664
25.994
26.0457
26.0368
25.97
25.9553
26.0171
26.0399
25.9969
25.935
25.9381
25.9342
25.8744
25.9144
25.9428
25.9533
26.0005
25.8824
25.8965
25.8316
25.7465
25.7613
25.5999
25.6147
25.6714
25.6467
25.6022
25.6405
25.574
25.5713
25.5211
25.505
25.4525
25.4469
25.4149
25.4421
25.369
25.3937
25.3512
25.3752
25.4502
25.4957
25.5299
25.525
25.5773
25.5813
25.5294
25.5724
25.5315
25.5292
25.5515
25.5319
25.5991
25.6241
25.6557
25.6264
25.5842
25.4999
25.4823
25.5556
25.5093
25.5425
25.4517
25.4677
25.4525
25.4648
25.4844
25.5291
25.4713
25.4947
25.5381
25.5401
25.5496
25.526
25.5448
25.5197
25.532
25.5376
25.5149
25.491
25.5156
25.475
25.4889
25.3439
25.3473
25.3465
25.3804
25.3796
25.344
25.3213
25.3263
25.3381
25.4009
25.3798
25.3762
25.4096
25.3865
25.4412
25.3768
25.3508
25.3768
25.296
25.2733
25.1929
25.176
25.1742
25.21
25.2833
25.2293
25.2507
25.1329
25.0696
25.0484
25.064
25.0131
25.0197
25.0585
24.9816
24.9401
24.9706
24.9748
25.0032
24.9958
24.9769
25.013
25.0086
24.9253
24.9087
24.9417
24.9198
24.9258
24.918
24.8871
24.8616
24.859
24.8901
24.8463
24.8461
24.8709
24.897
24.9532
24.9858
25.037
25.024
25.0291
25.0351
25.0646
24.989
24.9949
25.0102
25.0413
24.9896
24.9561
24.9509
24.8438
24.8597
24.8902
24.9818
25.0668
25.0456
25.0314
24.9514
24.9515
24.8869
24.867
24.8434
24.8514
24.8522
24.8522
24.81
24.838
24.8027
24.8481
24.8486
24.8402
24.8985
24.943
24.8965
24.7725
24.8116
24.8822
24.7813
24.8087
24.8198
24.8471
24.8539
24.8976
24.9554
24.9875
24.9943
24.9963
25.0088
25.0017
24.9583
24.9657
25.0302
24.9793
24.9977
25.0544
25.0497
25.0672
24.9775
25.0397
24.9989
25.0238
25.0247
24.9531
24.9029
24.899
24.8796
24.8111
24.7698
24.777
24.6938
24.7482
24.7959
24.8585
24.8541
24.8173
24.872
24.8632
24.9037
24.9148
24.8952
24.9226
24.9548
24.7078
24.73
24.713
24.7246
24.763
24.7919
24.8145
24.8332
24.8992
24.9401
24.9936
25.0167
25.0117
25.1139
25.0252
25.0091
25.0074
25.0061
24.9343
24.8631
24.9199
24.9209
24.9445
24.9394
24.9736
24.9606
24.9369
24.9867
24.9814
24.9979
25.017
24.9726
25.0258
25.0871
25.0243
25.0757
25.1249
25.1534
25.0467
25.0515
25.1163
25.1116
25.1243
25.1221
25.0774
24.9964
25.0163
24.9762
24.987
25.019
25.0031
24.9952
24.9992
25.0105
24.9699
24.995
24.8747
24.8022
24.8438
24.8938
24.7978
24.8148
24.8567
24.8599
24.9121
24.9149
24.842
24.8574
24.8894
24.8416
24.8137
24.8426
24.9295
24.9268
24.8954
24.8788
24.8433
24.8813
24.858
24.8734
24.8885
24.8494
24.8532
24.8569
24.8759
24.8687
24.8831
24.9294
24.9178
24.9379
24.9535
24.9188
24.8961
24.9853
25.0381
25.0673
25.1306
25.1304
25.0509
24.971
24.8675
24.849
24.6836
24.6302
24.6376
24.6078
24.6173
24.6051
24.6256
24.612
24.6361
24.6558
24.6524
24.5793
24.6248
24.6054
24.6681
24.6645
24.653
24.6496
24.6644
24.628
24.5803
24.5609
24.536
24.5346
24.4702
24.3398
24.3161
24.2449
24.255
24.264
24.2407
24.2669
24.2011
24.1927
24.2037
24.1899
24.2176
24.1857
24.1724
24.1378
24.0724
24.1046
24.083
24.1401
24.149
24.103
24.1091
24.0551
24.1054
24.1211
24.1447
24.1576
24.1845
24.0532
24.0455
24.1431
24.1375
24.2388
24.2368
24.1703
24.2132
24.2501
24.2478
24.2241
24.2434
24.2721
24.2178
24.2666
24.2388
24.2038
24.2272
24.1921
24.2018
24.1493
24.1193
24.1363
24.0839
24.1224
24.1591
24.1372
24.1674
24.1871
24.2463
24.305
24.3633
24.3858
24.4047
24.3254
24.2701
24.2377
24.2772
24.3269
24.3513
24.3159
24.3347
24.2359
24.2973
24.34
24.223
24.2039
24.2061
24.1789
24.1854
24.1773
24.2349
24.2957
24.2656
24.3162
24.3246
24.3491
24.3643
24.2469
24.245
24.1708
24.2022
24.222
24.2456
24.252
24.232
24.2873
24.3309
24.3429
24.1856
24.1157
24.1121
24.112
24.1482
24.2174
24.1695
24.1825
24.2082
24.2454
24.2994
24.3594
24.3871
24.4103
24.4431
24.5086
24.5314
24.5439
24.4829
24.5286
24.5878
24.5438
24.5298
24.5118
