0
0.000599934
0.00146865
0.0045962
0.0050177
0.00555401
0.00911184
0.0151223
0.00647661
0.0110404
0.00954505
0.0141492
0.023317
0.0201268
0.0273423
0.0210701
0.0332673
0.0257467
0.0180672
0.0134399
0.0438947
0.0203595
0.0296261
0.0400575
0.0266649
0.0242675
0.0528804
0.0374643
0.0333572
0.0652766
0.036902
0.0311486
0.0327718
0.0481742
0.0623689
0.0963439
0.0932396
0.06368
0.0457093
0.0386618
0.0495929
0.0884501
0.044032
0.0554579
0.100687
0.102649
0.0728653
0.118237
0.0982333
0.0904543
0.106876
0.0855135
0.0837617
0.100912
0.110535
0.0751896
0.0820254
0.0999974
0.0669785
0.138742
0.149261
0.118179
0.107362
0.0596009
0.103598
0.210195
0.1004
0.1174
0.0770465
0.172296
0.119299
0.125757
0.108332
0.101253
0.137826
0.177458
0.0869474
0.157271
0.199435
0.147816
0.160452
0.142144
0.213762
0.104103
0.150571
0.13591
0.175264
0.126652
0.112091
0.160417
0.133051
0.152793
0.191529
0.140274
0.22191
0.112187
0.163632
0.286593
0.227475
0.150625
0.173561
0.145212
0.147709
0.103122
0.148581
0.156918
0.204836
0.124806
0.203698
0.17369
0.180839
0.165112
0.202179
0.152868
0.305236
0.131796
0.214707
0.17829
0.342906
0.363162
0.176008
0.135379
0.189518
0.207442
0.16272
0.183935
0.187634
0.233809
0.247306
0.306565
0.335589
0.176107
0.237425
0.181173
0.267504
0.209872
0.167609
0.233716
0.383122
0.236456
0.248828
0.274426
0.24323
0.196884
0.206643
0.242299
0.209428
0.25469
0.186312
0.220644
0.220274
0.304772
0.262269
0.241265
0.269373
0.255195
0.311103
0.41886
0.325497
0.272709
0.333913
0.307136
0.255273
0.281714
0.233701
0.340246
0.35318
0.233712
0.194548
0.310439
0.270761
0.30349
0.26288
0.250058
0.315624
0.291374
0.260417
0.344905
0.291942
0.294865
0.256107
0.150151
0.42926
0.242982
0.331523
0.368984
0.340331
0.361213
0.320482
0.394385
0.199095
0.341863
0.268609
0.258224
0.341224
0.406268
0.263586
0.311071
0.341142
0.41231
0.338937
0.302495
0.320251
0.322563
0.244437
0.326659
0.38299
0.295742
0.282691
0.237199
0.417398
0.353989
0.396563
0.340722
0.190651
0.267962
0.417592
0.298362
0.456844
0.340126
0.289127
0.376685
0.255529
0.383126
0.245104
0.428847
0.352308
0.402565
0.276156
0.360009
0.29258
0.323682
0.3169
0.328203
0.387882
0.359736
0.312073
0.355638
0.310462
0.339511
0.315175
0.393153
0.438961
0.344258
0.443334
0.275276
0.424902
0.581957
0.35402
0.300249
0.409974
0.330192
0.342945
0.324764
0.294791
0.346998
0.221615
0.377819
0.268365
0.496711
0.234912
0.348939
0.347401
0.442637
0.416819
0.385891
0.470967
0.303669
0.21475
0.428322
0.456944
0.377816
0.274823
0.372284
0.362396
0.542817
0.471868
0.271153
0.497743
0.330473
0.276688
0.498488
0.385663
0.315711
0.280648
0.326851
0.38001
0.49717
0.352465
0.471604
0.362328
0.303421
0.253328
0.400933
0.24286
0.487569
0.500655
0.582958
0.615822
0.522419
0.541238
0.475149
0.396839
0.375103
0.328257
0.379377
0.449867
0.348075
0.557932
0.243014
0.321416
0.552382
0.446366
0.526555
0.494127
0.510018
0.469194
0.335895
0.346473
0.446671
0.414446
0.497958
0.405882
0.48963
0.44612
0.39441
0.42867
0.491004
0.520619
0.301778
0.548862
0.550802
0.419017
0.645615
0.522248
0.43131
0.285835
0.456894
0.645833
0.338033
0.488083
0.376435
0.495921
0.421804
0.425367
0.628652
0.456453
0.489765
0.363819
0.540762
0.314089
0.477079
0.419532
0.38208
0.270769
0.448934
0.524154
0.423477
0.457302
0.400863
0.404221
0.541803
0.459168
0.582037
0.256429
0.372884
0.413981
0.500578
0.491401
0.580888
0.384818
0.453895
0.325557
0.597032
0.49124
0.58685
0.442384
0.322266
0.386965
0.472039
0.449487
0.384613
0.386718
0.428721
0.452267
0.490361
0.340591
0.420784
0.697668
0.402446
0.384251
0.405148
0.453818
0.572409
0.469767
0.515556
0.328257
0.523907
0.452036
0.547101
0.492722
0.573392
0.365225
0.390896
0.457447
0.33928
0.400446
0.500069
0.499559
0.596237
0.455566
0.600797
0.551531
0.506642
0.478915
0.324049
0.625262
0.42146
0.32137
0.394272
0.47822
0.365905
0.640855
0.556781
0.716447
0.243041
0.472429
0.587798
0.505329
0.381162
0.396675
0.665332
0.614137
0.534328
0.500349
0.413685
0.41123
0.390499
0.488024
0.337932
0.538489
0.331899
0.502806
0.453098
0.455123
0.49355
0.371063
0.555285
0.506635
0.401197
0.527641
0.624262
0.543887
0.462847
0.483614
0.330084
0.667902
0.398662
0.444567
0.523102
0.487528
0.385693
0.66576
0.370606
0.68228
0.30736
0.578536
0.624145
0.585624
0.474997
0.406053
0.585486
0.389248
0.471287
0.513915
0.486032
0.4639
0.451111
0.452964
0.297343
0.547036
0.529783
0.519907
0.296996
0.612296
0.468191
0.796505
0.528719
0.361688
0.523392
0.396848
0.492269
0.441211
0.481399
0.594554
0.480743
0.502083
0.457921
0.45579
0.324472
0.48794
0.356879
0.359391
0.401325
0.441014
0.447973
0.510589
0.472262
0.555467
0.531762
0.345677
0.429108
0.486421
0.341778
0.492517
0.642875
0.53586
0.592418
0.406496
0.653942
0.668054
0.5223
0.399863
0.51271
0.487005
0.516209
0.330277
0.619993
0.553158
0.462973
0.598886
0.57646
0.439351
0.329192
0.534592
0.777502
0.395638
0.558528
0.567929
0.469093
0.458359
0.625364
0.663846
0.487845
0.546512
0.723744
0.415128
0.578988
0.324636
0.584322
0.553923
0.701567
0.374847
0.445614
0.671957
0.371273
0.540782
0.410436
0.308326
0.540905
0.656672
0.541049
0.303467
0.572088
0.444449
0.499807
0.471055
0.625939
0.376514
0.644647
0.317435
0.562192
0.353206
0.583198
0.439878
0.454075
0.602944
0.392609
0.587145
0.41769
0.374398
0.566396
0.500753
0.666914
0.671385
0.658651
0.418745
0.512624
0.438022
0.610941
0.699072
0.793355
0.529039
0.551058
0.477649
0.459725
0.581588
0.535724
0.469521
0.611926
0.780212
0.289833
0.344077
0.491396
0.717171
0.55042
0.608342
0.42465
0.47402
0.469607
0.573397
0.561075
0.35438
0.449726
0.509594
0.460188
0.628057
0.548174
0.525213
0.454786
0.444958
0.735554
0.450038
0.410799
0.678846
0.596716
0.495092
0.46356
0.435452
0.653621
0.606738
0.471042
0.44472
0.590658
0.632167
0.450489
0.463528
0.734685
0.50121
0.391103
0.604529
0.605409
0.417176
0.548014
0.619349
0.512531
0.534243
0.617967
0.499619
0.506409
0.608811
0.480015
0.586712
0.515946
0.573323
0.450239
0.48898
0.474868
0.546455
0.65259
0.568898
0.277954
0.671451
0.726081
0.573561
0.344526
0.502543
0.592325
0.504679
0.653319
0.640223
0.574245
0.332372
0.453822
0.377274
0.630602
0.764334
0.318732
0.383061
0.542518
0.43508
0.435498
0.517109
0.395001
0.51661
0.678526
0.285978
0.685352
0.431693
0.766194
0.508374
0.445365
0.572246
0.465886
0.634161
0.600047
0.522333
0.308452
0.521992
0.433481
0.537992
0.656936
0.481513
0.299414
0.229
0.667612
0.464246
0.483409
0.601571
0.443482
0.582788
0.46043
0.534039
0.614605
0.543351
0.665567
0.589269
0.472696
0.370414
0.522699
0.432657
0.629765
0.465429
0.493613
0.256495
0.47584
0.510666
0.588973
0.502688
0.554795
0.570284
0.425754
0.411918
0.453815
0.463196
0.543684
0.648182
0.550089
0.555663
0.562851
0.784343
0.473547
0.395261
0.519677
0.570229
0.539314
0.519726
0.738614
0.580543
0.513144
0.410768
0.421173
0.620106
0.862971
0.579011
0.469876
0.658648
0.416898
0.548625
0.521438
0.548043
0.454806
0.522833
0.425878
0.368458
0.815186
0.72717
0.295227
0.440885
0.483989
0.537245
0.638832
0.483253
0.521198
0.449231
0.649555
0.471236
0.726665
0.607268
0.388878
0.535544
0.528419
0.431158
0.624348
0.608059
0.456512
0.394651
0.735374
0.59776
0.581172
0.626464
0.458892
0.588147
0.549495
0.5663
0.481124
0.517401
0.353191
0.662504
0.576789
0.446474
0.258365
0.549876
0.816362
0.687132
0.533526
0.646907
0.497388
0.361245
0.744539
0.59664
0.402647
0.574946
0.547705
0.551114
0.450105
0.676889
0.713102
0.545328
0.437689
0.499834
0.513629
0.327438
0.524896
0.446282
0.520129
0.658001
0.712315
0.372167
0.447408
0.650244
0.440874
0.582878
0.433373
0.644135
0.504929
0.511435
0.419359
0.545297
0.522611
0.50607
0.548921
0.469455
0.48557
0.475522
0.490549
0.568615
0.604306
0.689577
0.724734
0.584336
0.333826
0.620884
0.480424
0.435197
0.531518
0.609846
0.408398
0.610876
0.505896
0.666839
0.585076
0.474389
0.330385
0.655485
0.54818
0.799004
0.343568
0.524528
0.634473
0.669994
0.739866
0.593534
0.621513
0.540058
0.465421
0.564715
0.262447
0.459901
0.681257
0.741447
0.655987
0.54866
0.538071
0.559276
0.496644
0.524119
0.56633
0.511987
0.426589
0.515287
0.505173
0.556441
0.653812
0.352951
0.480762
0.406474
0.401442
0.719222
0.345716
0.58754
0.258804
0.726478
0.487239
0.591828
0.349325
0.375371
0.549654
0.478264
0.62939
0.585861
0.464166
0.535564
0.531094
0.720314
0.531079
0.447246
0.518368
0.562477
0.325153
0.396434
0.591664
0.559235
0.534799
0.767898
0.326378
0.645021
0.327723
0.418281
0.681969
0.546789
0.571348
0.533054
0.382923
0.654989
0.325078
0.418246
0.646469
0.612419
0.50634
0.227603
0.680788
0.619946
0.530704
0.476645
0.798786
0.484087
0.549432
0.606452
0.77376
0.730408
0.630739
0.993332
0.49896
0.471064
0.452793
0.428708
0.594105
0.29862
0.575226
0.487782
0.470227
0.430351
0.635666
0.583542
0.390127
0.623191
0.59292
0.475412
0.596333
0.622849
0.431975
0.46941
0.492068
0.986899
0.438992
0.461188
0.468769
0.649937
0.542484
0.474849
0.49255
0.468478
0.353351
0.690005
0.376443
0.692606
0.493729
0.798499
0.510588
0.579325
0.700014
0.34147
0.61913
0.966626
0.622089
0.825722
0.391587
0.395297
0.837211
0.393639
0.578825
0.596593
0.43246
0.566476
0.577473
0.54605
0.428789
0.428153
0.696306
0.518704
0.60866
0.396483
0.612235
0.699802
0.677616
0.496048
0.591569
0.676335
0.391301
0.496416
0.296993
0.306984
0.683921
0.582953
0.476548
0.39897
0.747677
0.547544
0.543258
0.472445
0.853178
0.371743
0.593899
0.562608
0.46601
0.529794
0.625095
0.748073
0.527124
0.64561
0.501622
0.297061
0.355074
0.644231
0.385935
0.643123
0.66699
0.516199
0.567417
0.413568
0.509252
0.589792
0.639083
0.466833
0.552776
0.547978
0.5328
0.691673
0.400346
0.572859
0.602673
0.423706
0.784306
0.495055
0.616343
0.268694
0.586187
0.660008
0.198903
0.701336
0.547908
0.643547
0.450647
0.606798
0.786736
0.39539
0.561955
0.340468
0.557289
0.484158
0.661883
0.432962
0.644411
0.412162
0.417484
0.613083
0.585063
0.707423
0.697469
0.958895
0.607779
0.30243
0.510424
0.802274
0.716303
0.507179
0.276287
0.541145
0.551386
0.587443
0.48225
0.541054
0.73425
0.565648
0.59962
0.588511
0.606051
0.530551
0.441122
0.601374
0.593808
0.805679
0.426112
0.364274
0.570731
0.38938
0.480013
0.540557
0.371076
0.611233
0.376717
0.480493
0.450115
0.699864
0.692679
0.663651
0.439975
0.366049
0.703486
0.528046
0.464776
0.73497
0.36416
0.527032
0.506623
0.57488
0.527763
0.671834
0.507692
0.748519
0.687589
0.61342
0.584728
0.77499
0.66735
0.415366
0.560866
0.352692
0.516195
0.426008
0.575097
0.384972
0.567876
0.708875
0.504585
0.794189
0.733733
0.45165
0.722983
0.662177
0.76053
0.700708
0.451798
0.670345
0.481445
0.73868
0.515511
0.431384
0.497142
0.658898
0.758539
0.399523
0.628946
0.725284
0.677353
0.672084
0.63613
0.811648
0.562292
0.476623
0.486244
0.473193
0.614429
0.611817
0.654531
0.533477
0.608015
0.58456
0.605756
0.624335
0.803189
0.52392
0.467724
0.556283
0.386202
0.617263
0.552364
0.556695
0.948125
0.484231
0.502217
0.653707
0.638381
0.558657
0.470118
0.41111
0.449469
0.646268
0.439776
0.512255
0.458979
0.653933
0.489823
0.598026
0.584274
0.622689
0.341465
0.511572
0.62584
0.631212
0.413295
0.578356
0.500962
0.448066
0.698472
0.356721
0.610696
0.506888
0.628976
0.65078
0.467607
0.631133
0.968862
0.716094
0.464603
0.483243
0.522744
0.430978
0.606829
0.383173
0.520416
0.422544
0.631387
0.568417
0.535265
0.606641
0.513215
0.394366
0.629438
0.472571
0.687952
0.538029
0.552628
0.617472
0.60548
0.65904
0.56427
0.619599
0.575193
0.776724
0.595805
0.535973
0.535804
0.390166
0.60212
0.57946
0.53978
0.761951
0.745059
0.427894
0.498258
0.541236
0.512791
0.700311
0.604342
0.509461
0.439051
0.547437
0.714867
0.538694
0.509138
0.542826
0.645323
0.497886
0.45516
0.627023
0.768556
0.387895
0.444697
0.724663
0.626228
0.427783
0.372095
0.517131
0.582504
0.624922
0.663891
0.582664
0.449769
0.426729
0.485682
0.372336
0.478676
0.440869
0.373576
0.630422
0.530108
0.790153
0.527177
0.502537
0.654168
0.509504
0.542322
0.522427
0.38666
0.637559
0.796427
0.648412
0.587714
0.358513
0.675509
0.612921
0.629005
0.574435
0.813563
0.214694
0.514185
0.619647
0.363956
0.52925
0.332757
0.520449
0.417907
0.557507
0.684524
0.522131
0.557307
0.690508
0.600039
0.623901
0.353907
0.954229
0.541484
0.506711
0.582853
0.509028
0.661858
0.759964
0.577477
0.470425
0.656702
0.442934
0.522432
0.536658
0.567244
0.528051
0.56792
0.49258
0.620255
0.547783
0.463527
0.644131
0.786252
0.791986
0.698817
0.571084
0.59963
0.601673
0.701351
0.51671
0.574897
0.461065
0.595694
0.622053
0.620239
0.651398
0.554403
0.575258
0.483947
0.565725
0.658619
0.709307
0.51703
0.481584
0.323998
0.521965
0.566078
0.577209
0.544956
0.57896
0.368724
0.395429
0.820888
0.691267
0.508835
0.665066
0.585425
0.482122
0.575931
0.49331
0.801802
0.588622
0.479187
0.498904
0.693566
0.539165
0.616687
0.443347
0.72444
0.776348
0.740325
0.403097
0.498824
0.345525
0.576906
0.56563
0.43512
0.608545
0.74514
0.4312
0.394095
0.559013
0.720796
0.467955
0.649007
0.499514
0.392693
0.597044
0.63123
0.419781
0.397026
0.585021
0.635108
0.704338
0.629497
0.669416
0.690937
0.799519
0.424652
0.525975
0.579545
0.384301
0.666938
0.471179
0.679831
0.569834
0.507628
0.640971
0.67584
0.411752
0.646092
0.508632
0.69062
0.762512
0.341548
0.794972
0.580735
0.571823
0.414109
0.528255
0.4053
0.517251
0.609005
0.64676
0.442171
0.628565
0.246147
0.898916
0.759149
0.376646
0.40327
0.567638
0.600675
0.602406
0.456165
0.614695
0.634994
0.448672
0.526536
0.544415
0.526375
0.54538
0.467958
0.514748
0.665938
0.443076
0.579157
0.467724
0.327495
0.437592
0.466299
0.549132
0.609648
0.627436
0.786383
0.693075
0.65596
0.654308
0.578351
0.835171
0.597595
0.739759
0.410467
0.604528
0.528373
0.609622
0.669063
0.61063
0.381636
0.474954
0.480631
0.719833
0.428573
0.580209
0.618237
0.889064
0.454905
0.53304
0.519428
0.470913
0.665887
0.625665
0.555711
0.502903
0.290872
0.427226
0.377754
0.476783
0.684238
0.612865
0.679107
0.346045
0.510683
0.605735
0.67139
0.662361
0.570491
0.862416
0.513385
0.492497
0.489864
0.425393
0.689927
0.435584
0.718617
0.599661
0.461428
0.471544
0.582424
0.434957
0.414744
0.441092
0.601908
0.570287
0.772559
0.677544
0.50933
0.469078
0.612474
0.514874
0.54025
0.463892
0.305619
0.64524
0.700169
0.494834
0.500978
0.305462
0.275687
0.499516
0.539497
0.426463
0.508085
0.392094
0.39727
0.615782
0.41142
0.600056
0.500187
0.739814
0.416891
0.458704
0.52518
0.509971
0.574085
0.546368
0.532095
0.267102
0.667622
0.491011
0.529425
0.566287
0.639589
0.735769
0.691669
0.45152
0.338809
0.54772
0.761623
0.595733
0.739645
0.712143
0.603003
0.43434
0.525971
0.523713
0.590279
0.507564
0.576503
0.573928
0.636086
0.44333
0.568387
0.602982
0.546746
0.568668
0.562159
0.749315
0.610868
0.394907
0.47435
0.445674
0.488665
0.678097
0.593981
0.666663
0.485883
0.537829
0.533469
0.587399
0.469763
0.637267
0.479542
0.397464
0.66046
0.708808
0.75757
0.430777
0.607489
0.552036
0.373027
0.602321
0.391901
0.553853
0.643871
0.799159
0.618271
0.611995
0.444573
0.743354
0.380349
0.412832
0.510079
0.556552
0.607598
0.620467
0.705269
0.582932
0.508868
0.461922
0.657445
0.674819
0.728467
0.676659
0.777758
0.729458
0.422868
0.598945
0.449391
0.582744
0.524545
0.776028
0.519945
0.41929
0.543847
0.618022
0.611742
0.726484
0.420301
0.656546
0.675946
0.718733
0.728068
0.47231
0.552072
0.586915
0.765704
0.530201
0.774131
0.458221
0.409944
0.262634
0.434038
0.560479
0.721031
0.339869
0.477698
0.615619
0.804274
0.704488
0.6784
0.548937
0.464517
0.383173
0.762482
0.403589
0.452015
0.577487
0.356461
0.751085
0.355697
0.434598
0.478722
0.659651
0.359635
0.47203
0.74471
0.77027
0.459053
0.806899
0.625569
0.420545
0.474273
0.496006
0.437148
0.625391
0.645509
0.448441
0.785541
0.502105
0.576165
0.383247
0.860226
0.436976
0.876518
0.385859
0.374276
0.475301
0.571814
0.62516
0.635402
0.593399
0.478778
0.426142
0.447376
0.65201
0.281305
0.50857
0.357523
0.669738
0.520016
0.664176
0.705683
0.502989
0.657351
0.589598
0.626779
0.709413
0.32716
0.505557
0.621233
0.457626
0.580679
0.51962
0.380244
0.552495
0.573123
0.794045
0.361558
0.42308
0.599102
0.37475
0.642368
0.437163
0.526793
0.680067
0.806874
0.447144
0.715326
0.68322
0.562682
0.602513
0.495887
0.5561
0.698111
0.594758
0.428717
0.655186
0.409684
0.49808
0.549126
0.667734
0.591448
0.383321
0.519876
0.483987
0.528383
0.628521
0.648738
0.458993
0.712823
0.548537
0.659566
0.440201
0.421636
0.564133
0.634724
0.777836
0.445748
0.693616
0.468929
0.802728
0.552936
0.565625
0.528969
0.583406
0.595063
0.46549
0.406936
0.730386
0.355879
0.375992
0.590426
0.619542
0.67118
0.69427
0.702983
0.457843
0.556753
0.524659
0.58754
0.515271
0.458433
0.566007
0.578529
0.584828
0.648279
0.560163
0.380183
0.464786
0.620406
0.608845
0.698978
0.373616
0.732569
0.614186
0.832639
0.689608
0.508369
0.78072
0.488389
0.480425
0.779637
0.512931
0.633306
0.564145
0.735193
0.545621
0.707414
0.534798
0.588176
0.478836
0.460658
0.63481
0.571385
0.494732
0.429138
0.493693
0.831802
0.669652
0.572171
0.578193
0.596976
0.738014
0.439659
0.536174
0.553483
0.651751
0.4915
0.565225
0.470452
0.43409
0.585125
0.407264
0.464855
0.519086
0.417229
0.543628
0.750764
0.708151
0.57854
0.602701
0.461985
0.517349
0.699599
0.528018
0.689487
0.743622
0.490357
0.583584
0.776229
0.537637
0.517375
0.87247
0.704132
0.43694
0.792262
0.486101
0.620617
0.391491
0.649203
0.403165
0.681781
0.758296
0.354122
0.673728
0.606841
0.61774
0.722384
0.339759
0.693518
0.442066
0.603719
0.473825
0.46804
0.528054
0.632374
0.695134
0.416227
0.493584
0.544481
0.62434
0.30806
0.567622
1.18746
0.442875
0.659616
0.542469
0.638444
0.523447
0.657003
0.606295
0.510057
0.961778
0.793228
0.580906
0.764543
0.660505
0.531146
0.594226
0.50299
0.515349
0.406215
0.708767
0.782796
0.453465
0.629834
0.479187
0.601977
0.851053
0.668342
0.627959
0.625481
0.664304
0.569408
0.395141
0.393738
0.550662
0.430927
0.632646
0.681691
0.629304
0.746067
0.297504
0.654383
0.487514
0.68039
0.453024
0.602269
0.698891
0.495832
0.263042
0.433479
0.682493
0.672617
0.594024
0.457091
0.431911
0.236803
0.648353
0.702688
0.506865
0.552402
0.724568
0.504778
0.566118
0.470673
0.357559
0.342622
0.482878
0.483279
0.485271
0.522813
0.3838
0.510085
0.776667
0.413665
0.398271
0.346024
0.518139
0.287706
0.642878
0.312568
0.461467
0.446443
0.482244
0.384966
0.451148
0.65219
0.494603
0.443115
0.488572
0.420013
0.50847
0.838594
0.490082
0.615873
0.554969
0.435974
0.709156
0.385402
0.459538
0.637336
0.588028
0.598937
0.513527
0.559798
0.604257
0.307955
0.712518
0.46293
0.630198
0.605089
0.567075
0.466552
0.539272
0.278919
0.560362
0.340784
0.577543
0.507002
0.533294
0.6306
0.789974
0.557282
0.571796
0.610122
0.708788
0.348834
0.571454
0.61733
0.568808
0.553715
0.687034
0.522811
0.670824
0.521026
0.624685
0.523587
0.548826
0.446083
0.500697
0.44046
0.486191
0.572859
0.645076
0.553626
0.493585
0.627319
0.639609
0.405877
0.298294
0.421034
0.421054
0.45174
0.426571
0.654531
0.634094
0.528998
0.513658
0.427904
0.536261
0.286755
0.70114
0.317415
0.443834
0.552239
0.584521
0.39348
0.581697
0.434711
0.869343
0.531483
0.895697
0.316995
0.458517
0.535656
0.438681
0.790474
0.605127
0.358513
0.431139
0.570256
0.636136
0.379794
0.360903
0.355879
0.396733
0.610418
0.546774
0.465292
0.562071
0.772293
0.548919
0.484655
0.543161
0.628294
0.82072
0.399036
0.557826
0.573906
0.480524
0.394267
0.42918
0.688729
0.637565
0.337254
0.696375
0.610809
0.626077
0.603106
0.536497
0.405669
0.462972
0.654052
0.595844
0.498764
0.510372
0.308936
0.364184
0.543792
0.617638
0.690377
0.663643
0.688918
0.479274
0.675642
0.536386
0.449743
0.436061
0.521378
0.470537
0.584662
0.200371
0.615958
0.35926
0.717007
0.515901
0.463715
0.321752
0.624275
0.721753
0.498048
0.571577
0.513996
0.543823
0.513057
0.551566
0.772175
0.52781
0.788241
0.372534
0.517731
0.238288
0.463272
0.403628
0.530445
0.447662
0.213682
0.41145
0.473412
0.548127
0.573076
0.460416
0.709648
0.65371
0.659423
0.420252
0.510131
0.441777
0.508941
0.45863
0.288039
0.33196
0.401366
0.466241
0.423407
0.524457
0.666415
0.42327
0.667238
0.569144
0.545067
0.627112
0.530191
0.393785
0.524906
0.796379
0.431409
0.472214
0.722907
0.561393
0.413552
0.609507
0.617736
0.197686
0.786662
0.504662
0.626741
0.417265
0.470675
0.780651
0.728373
0.44075
0.743409
0.439847
0.63375
0.44134
0.512661
0.544872
0.467855
0.625651
0.58141
0.400192
0.432336
0.812453
0.377939
0.437018
0.520217
0.491608
0.686516
0.273017
0.352131
0.391198
0.584616
0.611509
0.711461
0.495806
0.557209
0.548681
0.749829
0.645259
0.361941
0.560195
0.609184
0.590918
0.483842
0.44596
0.533187
0.518778
0.536527
0.605485
0.591029
0.625657
0.78769
0.723669
0.358368
0.799178
0.455183
0.579755
0.543164
0.583198
0.806577
0.325879
0.375841
0.653667
0.511721
0.430264
0.549471
0.535582
0.388703
0.573158
0.563532
0.465272
0.493486
0.588813
0.71288
0.637743
0.62562
0.744182
0.360751
0.614765
0.557604
0.587814
0.457947
0.725013
0.465124
0.898948
0.665197
0.42517
0.2963
0.348549
0.559882
0.6366
0.64298
0.665778
0.548832
0.556239
0.465887
0.421981
0.643964
0.483237
0.82206
0.552825
0.593349
0.41435
0.545388
0.61797
0.559589
0.667458
0.458166
0.709784
0.532013
0.442329
0.588554
0.707933
0.613547
0.464729
0.432916
0.605997
0.643702
0.448247
0.524785
0.646428
0.548426
0.534097
0.86539
0.539443
0.596339
0.736813
0.522124
0.550438
0.492713
0.517314
0.606571
0.652271
0.401297
0.581202
0.570426
0.569956
0.835325
0.45133
0.599411
0.557315
0.755454
0.700906
0.727256
0.689291
0.45536
0.660209
0.664508
0.51973
0.626536
0.672199
0.60695
0.479588
0.690741
0.396019
0.506857
0.67757
0.338456
0.745476
0.820712
0.56455
0.71279
0.763476
0.447065
0.57379
0.566055
0.314114
0.589962
0.806679
0.415939
0.618512
0.420907
0.870114
0.469081
0.423447
0.53403
0.384932
0.409382
0.763123
0.623789
0.492103
0.465017
0.486111
0.533031
0.675531
0.825193
0.530212
0.453612
0.751684
0.461736
0.407043
0.517954
0.479836
0.586105
0.490705
0.515804
0.710227
0.61459
0.4442
0.602474
0.445309
0.365006
0.583317
0.617271
0.653107
0.528816
0.641744
0.472565
0.455299
0.644195
0.512726
0.581012
0.748744
0.424463
0.447512
0.573163
0.519498
0.585981
0.592818
0.590531
0.601989
0.693316
0.845259
0.777182
0.489062
0.549922
0.615194
0.494613
0.588256
0.583103
0.350443
0.553732
0.528224
0.716387
0.665016
0.453403
0.740851
0.662467
0.684937
0.4666
0.323566
0.389641
0.598932
0.558529
0.411332
0.481599
0.397848
0.712601
0.556009
0.705173
0.651265
0.65962
0.722341
0.514219
0.547377
0.71252
0.485147
0.511932
0.569636
0.665762
0.626596
0.474507
0.544046
0.410835
0.42135
0.452485
0.558906
0.677737
0.499488
0.582218
0.559903
0.552661
0.543908
0.616815
0.406061
0.609511
0.631638
0.473017
0.486755
0.769359
0.538957
0.734347
0.547487
0.653826
0.669577
0.36767
0.671188
0.59039
0.423742
0.309974
0.59981
0.511016
0.504086
0.638079
0.548993
0.618612
0.41525
0.490681
0.421425
0.70816
0.678168
0.430102
0.472943
0.603085
0.523288
0.547744
0.624431
0.555192
0.614333
0.546709
0.700886
0.379769
0.442005
0.695186
0.27137
0.430328
0.626816
0.485166
0.629159
0.416591
0.467116
0.52508
0.630588
0.602123
0.418306
0.480865
0.850159
0.420704
0.576077
0.174068
0.651581
0.781975
0.613137
0.578449
0.599034
0.546452
0.374378
0.473605
0.500238
0.552535
0.661137
0.583697
0.52131
0.423868
0.554619
0.79164
0.639387
0.253332
0.555283
0.367663
0.556696
0.561956
0.729024
0.552919
0.769707
0.379194
0.562477
0.574909
0.566073
0.68928
0.477521
0.71758
0.570355
0.563585
0.299723
0.557302
0.571728
0.630678
0.631407
0.491298
0.337046
0.481971
0.492462
0.850786
0.400346
0.780955
0.688501
0.334807
0.74802
0.6627
0.482482
0.730239
0.441385
0.750306
0.769788
0.475972
0.242614
0.714954
0.592891
0.733367
0.566126
0.59448
0.610745
0.517576
0.513978
0.810383
0.658502
0.487049
0.612129
0.473338
0.338799
0.379955
0.497314
0.417443
0.369433
0.657306
0.67242
0.593227
0.722909
0.608219
0.681592
0.533456
0.473258
0.418477
0.439222
0.518421
0.622477
0.821379
0.594084
0.514228
0.538756
0.597503
0.488869
0.488467
0.420307
0.415258
0.549952
0.543679
0.596062
0.421545
0.519544
0.436415
0.62727
0.489959
0.573321
0.541965
0.627745
0.866545
0.424455
0.501986
0.506375
0.878275
0.887775
0.833306
0.61068
0.545732
0.270187
0.610427
0.521464
0.524544
0.349869
0.513345
0.357152
0.741844
0.5858
0.584859
0.718646
0.708418
0.62022
0.575779
0.498168
0.796942
0.759999
0.877041
0.612315
0.585096
0.734479
0.709728
0.627081
0.486136
0.649853
0.401335
0.847394
0.623928
0.572409
0.555449
0.593899
0.701666
0.619014
0.528903
0.606825
0.589357
0.499314
0.510109
0.604505
0.532602
0.558126
0.882944
0.435015
0.667395
0.60379
0.799379
0.672443
0.714884
0.594697
0.881107
0.54195
0.533486
0.304462
0.736679
0.471353
0.59276
0.667485
0.382048
0.551742
0.583013
0.601398
0.662444
0.57807
0.595503
0.403164
0.496129
0.553609
0.623617
0.681511
0.538957
0.697171
0.922928
0.631429
0.671569
0.649358
0.542805
0.692144
0.78658
0.43388
0.625336
0.523661
0.353064
0.389982
0.626227
0.437534
0.721394
0.552901
0.717866
0.614317
0.498248
0.51671
0.462164
0.475191
0.571998
0.25047
0.773921
0.671767
0.489917
0.857139
0.311529
0.51601
0.449963
0.524748
0.540725
0.591637
0.652431
0.227836
0.600847
0.309925
0.292832
0.716895
0.594774
0.499076
0.704669
0.469576
0.467128
0.497067
0.649519
0.455003
0.56057
0.687891
0.300306
0.512102
0.331953
0.286265
0.530473
0.652071
0.865767
0.63722
0.572228
0.700001
0.915829
0.550927
0.58487
0.659249
0.551238
0.626287
0.646856
0.602262
0.412318
0.605311
0.633822
0.638749
0.643702
0.755955
0.357234
0.512045
0.59821
0.505094
0.819548
0.585788
0.392308
0.66021
0.497856
0.599889
0.348415
0.597889
0.677114
0.507454
0.704126
0.544019
0.584326
0.503516
0.477311
0.64277
0.450987
0.53696
0.595726
0.425533
0.438216
0.491597
0.792205
0.434365
0.458028
0.429118
0.33879
0.432984
0.307178
0.513533
0.619149
0.754605
0.365433
0.570997
0.569644
0.796159
0.626306
0.339495
0.632744
0.706283
0.519149
0.62448
0.687492
0.345966
0.758402
0.51668
0.644997
0.575266
0.462764
0.440065
0.656365
0.582674
0.41715
0.447658
0.633671
0.423335
0.589087
0.575316
0.502549
0.443303
0.719883
0.661657
0.555967
0.4029
0.580685
0.694186
0.470333
0.715544
0.700765
0.707848
0.730831
0.497642
0.822392
0.65593
0.625518
0.411225
0.448537
0.462416
0.548277
0.278211
0.457902
0.590713
0.476218
0.536811
0.539739
0.681937
0.530596
0.518788
0.562212
0.716803
0.669492
0.532311
0.397001
0.449438
0.489779
0.631086
0.551798
0.874044
0.480262
0.548835
0.416633
0.807603
0.499085
0.237051
0.587601
0.499959
0.479993
0.545631
0.468595
0.788402
0.688053
0.283463
0.633388
0.676827
0.379601
0.682552
0.508775
0.644659
0.444704
0.530364
0.582719
0.399814
0.434027
0.660161
0.686472
0.694352
0.512546
0.772874
0.601339
0.537776
0.566168
0.532028
0.702055
0.626592
0.494272
0.377256
0.637247
0.372682
0.456556
0.538204
0.612222
0.515139
0.624791
0.663269
0.480962
0.308901
0.449865
0.407035
0.829518
0.595157
0.564887
0.47473
0.700813
0.415354
0.730389
0.519958
0.640596
0.626226
0.524342
0.4177
0.859286
0.52486
0.380129
0.473139
0.597082
0.682016
0.455648
0.680468
0.689603
0.576209
0.598309
0.427857
0.528117
0.318666
0.653097
0.406263
0.465525
0.533275
0.485878
0.465614
0.654501
0.451431
0.510265
0.376613
0.509408
0.743579
0.573123
0.290449
0.414189
0.522254
0.518455
0.609176
0.451277
0.514268
0.437134
0.582591
0.516984
0.73956
0.577082
0.717918
0.599843
0.54363
0.440563
0.605806
0.558475
0.606124
0.644949
0.44192
0.33919
0.541597
0.509935
0.756616
0.538897
0.465381
0.679079
0.389358
0.752577
0.490703
0.549248
0.555943
0.44779
0.466631
0.595385
0.328976
0.640673
0.631784
0.561076
0.495403
0.500048
0.368889
0.548906
0.757493
0.540141
0.69774
0.650516
0.581199
0.423222
0.611923
0.733712
0.593128
0.55327
0.51809
0.568164
0.618056
0.582527
0.528853
0.460599
0.596239
0.644449
0.679604
0.505708
0.435778
0.654584
0.58041
0.679799
0.720236
0.613846
0.523818
0.474326
0.52604
0.643577
0.477107
0.371781
0.487452
0.645343
0.575948
0.304435
0.573847
0.266016
0.634612
0.576077
0.543185
0.595132
0.340358
0.413465
0.860637
0.55721
0.541276
0.506935
0.783334
0.584673
0.571962
0.499058
0.637269
0.479204
0.71923
0.560418
0.351434
0.519703
0.453469
0.610555
0.528487
0.544012
0.526412
0.701577
0.660455
0.551039
0.576725
0.526673
0.610717
0.679323
0.374762
0.601845
0.573619
0.460407
0.409103
0.754291
0.453127
0.801756
0.740888
0.570348
0.522184
0.682713
0.440375
0.558911
0.468558
0.722535
0.603982
0.586382
0.696016
0.66976
0.758221
0.50227
0.48445
0.605639
0.433097
0.493622
0.528486
0.583783
0.49183
0.494739
0.568422
0.657885
0.56658
0.456134
0.601062
0.559298
0.415642
0.466922
0.737048
0.631365
0.448344
0.371717
0.570513
0.353143
0.557668
0.749575
0.573702
0.592679
0.569722
0.547448
0.672127
0.439504
0.720659
0.484987
0.497585
0.494881
0.76411
0.480146
0.373917
0.479499
0.668323
0.630772
0.660553
0.437878
0.580755
0.611021
0.382861
0.482726
0.510602
0.68163
0.30834
0.446801
0.418889
0.443095
0.687187
0.54033
0.427297
0.407859
0.563328
0.628239
0.522238
0.455629
0.75116
0.435783
0.589076
0.477395
0.601035
0.598632
0.34542
0.391876
0.552211
0.461949
0.544748
0.506822
0.424787
0.648626
0.297296
0.599437
0.509858
0.402854
0.640217
0.486554
0.746851
0.334187
0.455204
0.738923
0.504735
0.692921
0.439505
0.846988
0.588677
0.462069
0.646564
0.606052
0.49484
0.490594
0.585573
0.323772
0.672206
0.640728
0.647401
0.652149
0.503394
0.437368
0.69033
0.866425
0.614046
0.32497
0.581175
0.607182
0.588126
0.597374
0.553475
0.529279
0.505493
0.674641
0.442668
0.408498
0.629519
0.465846
0.384747
0.460931
0.545751
0.476062
0.574023
0.408786
0.607168
0.483687
0.517095
0.65669
0.505916
0.624719
0.543394
0.314803
0.476648
0.556834
0.378099
0.378807
0.41318
0.818758
0.624402
0.513488
0.855785
0.546699
0.565901
0.597157
0.65577
0.636474
0.530899
0.621173
0.715396
0.666097
0.623813
0.462068
0.70545
0.756421
0.48417
0.571443
0.559344
0.660598
0.672037
0.69919
0.461278
0.772386
0.402608
0.372027
0.504048
0.706123
0.419608
0.54288
0.54795
0.58043
0.533636
0.609294
0.479239
0.657361
0.440346
0.480689
0.812114
0.452731
0.552042
0.587766
0.819077
0.908206
0.431554
0.565871
0.837097
0.645798
0.766156
0.618101
0.472302
0.558004
0.396043
0.566759
0.627873
0.513011
0.42369
0.586913
0.809036
0.873995
0.388393
0.687139
0.625372
0.735885
0.512441
0.338086
0.708734
0.823257
0.486837
0.617283
0.800215
0.253843
0.506795
0.495171
0.792122
0.659005
0.461037
0.678715
0.510316
0.666693
0.618375
0.428161
0.587242
0.533224
0.426581
0.61144
0.488662
0.608958
0.341951
0.574593
0.387032
0.544184
0.80991
0.669427
0.464874
0.477697
0.424832
0.534707
0.369553
0.578437
0.559437
0.559481
0.533053
0.476647
0.534622
0.732155
0.590568
0.369512
0.564542
0.408847
0.617709
0.466098
0.337737
0.850003
0.631838
0.722358
0.517396
0.4781
0.506035
0.336116
0.590848
0.39184
0.506975
0.709395
0.43366
0.466513
0.589982
0.504702
0.500626
0.507066
0.556765
0.328538
0.571891
0.53302
0.548411
0.314226
0.452873
0.503048
0.654699
0.660892
0.482413
0.606152
0.686281
0.440995
0.53936
0.765306
0.588664
0.532711
0.699064
0.572047
0.363008
0.527965
0.458802
0.773568
0.628423
0.638471
0.844048
0.236555
0.529676
0.575795
0.333701
0.571094
0.823699
0.537351
0.493434
0.709112
0.416278
0.430191
0.459284
0.236661
0.499611
0.596404
0.365037
0.44652
0.627487
0.60292
0.774266
0.622206
0.624668
0.670156
0.678236
0.462081
0.741329
0.682662
0.714122
0.592564
0.619887
0.491792
0.529431
0.455015
0.677305
0.641156
0.554791
0.614513
0.647225
0.623038
0.760718
0.706425
0.554736
0.640235
0.304705
0.455011
0.567414
0.539483
0.617125
0.478162
0.766935
0.656512
0.68551
0.763637
0.323337
0.484362
0.794041
0.278133
0.464076
0.416428
0.473887
0.661371
0.623008
0.716819
0.578056
0.507615
0.633428
0.523167
0.578656
0.446162
0.886002
0.495665
0.496917
0.577565
0.796955
0.524575
0.420781
0.619502
0.496622
0.55876
0.275889
0.877034
0.684864
0.494913
0.573512
0.581969
0.507673
0.567245
0.381216
0.673216
0.546897
0.860478
0.449176
0.315859
0.708729
0.753699
0.394764
0.61827
0.579851
0.602845
0.576319
0.680217
0.603341
0.554076
0.530408
0.506873
0.640477
0.267242
0.419442
0.529199
0.754981
0.591846
0.578176
0.617714
0.52728
0.429654
0.469544
0.773259
0.613544
0.408984
0.574131
0.643039
0.619362
0.685365
0.63177
0.478342
0.626427
0.69969
0.558049
0.646991
0.676399
0.645212
0.671095
0.581625
0.522453
0.622911
0.624874
0.468308
0.535491
0.553537
0.542494
0.412468
0.523909
0.465109
0.588434
0.767879
0.450793
0.621894
0.605461
0.55824
0.368207
0.483141
0.64877
0.552262
0.593028
0.591289
0.701219
0.761042
0.528782
0.549767
0.579638
0.473964
0.607074
0.602658
0.514912
0.671192
0.670152
0.403393
0.590728
0.43098
0.513986
0.433436
0.465625
0.528104
0.745031
0.596498
0.550604
0.445002
0.357137
0.519039
0.530181
0.376966
0.65067
0.603491
0.501508
0.589203
0.589761
0.601139
0.401445
0.612658
0.741954
0.680268
0.409674
0.433085
0.58568
0.52095
0.589361
0.581485
0.57144
0.50406
0.671711
0.656529
0.525548
0.314607
0.500695
0.527499
0.249323
0.27869
0.497847
0.650571
0.677993
0.54624
0.432879
0.492097
0.441097
0.568019
0.538607
0.544562
0.551
0.681118
0.614226
0.388153
0.444488
0.699573
0.531888
0.437013
0.378767
0.362423
0.749631
0.345705
0.474561
0.499165
0.581117
0.231879
0.671311
0.617601
0.772995
0.552462
0.582599
0.570333
0.594425
0.632769
0.72943
0.634884
0.472279
0.575772
0.543351
0.469551
0.566593
0.741965
0.553007
0.549993
0.396787
0.607714
0.580415
0.718722
0.513398
0.472201
0.658132
0.551785
0.629619
0.853464
0.660886
0.546717
0.438676
0.489867
0.623611
0.522453
0.584163
0.438978
0.809815
0.430279
0.521418
0.634989
0.545474
0.602975
0.542505
0.610574
0.328258
0.509968
0.565308
0.65699
0.664296
0.724702
0.65822
0.800427
0.508426
0.41628
0.559825
0.814475
0.486423
0.355446
0.395035
0.694982
0.386321
0.568146
0.445683
0.567864
0.547288
0.623164
0.345862
0.601108
0.719033
0.361795
0.418377
0.642559
0.765021
0.62116
0.565544
0.368827
0.397981
0.337338
0.628205
0.606206
0.423378
0.495658
0.842623
0.540649
0.654851
0.613961
0.362585
0.615112
0.510133
0.630544
0.608145
0.450364
0.469887
0.537139
0.297024
0.555534
0.654482
0.266325
0.691083
0.741929
0.482286
0.568953
0.533655
0.550899
0.485847
0.676744
0.433761
0.353855
0.621981
0.613404
0.706103
0.399174
0.718918
0.49632
0.485197
0.838097
0.694995
0.591792
0.495067
0.719808
0.318274
0.437148
0.65883
0.560446
0.529096
0.701556
0.39071
0.381516
0.500962
0.394453
0.767344
0.704098
0.726824
0.463701
0.593347
0.408954
0.667946
0.391409
0.745004
0.435944
0.697698
0.393551
0.688297
0.655159
0.638371
0.767471
0.454048
0.586517
0.542802
0.477673
0.655939
0.399437
0.738511
0.575144
0.400491
0.494224
0.499539
0.652822
0.810846
0.753223
0.592838
0.647838
0.560616
0.528583
0.436829
0.442351
0.389992
0.47067
0.658203
0.512527
0.513548
0.526817
0.823125
0.620811
0.424231
0.630032
0.648488
0.371433
0.602363
0.384438
0.686775
0.666128
0.693682
0.627609
0.555028
0.794283
0.796369
0.48899
0.55682
0.765562
0.475939
0.590741
0.540013
0.330159
0.891457
0.483164
0.412293
0.754829
0.610126
0.363766
0.465899
0.406544
0.358562
0.400377
0.585248
0.712616
0.486135
0.60629
0.414945
0.781546
0.773
0.404989
0.66924
0.702174
0.594493
0.434955
0.503682
0.601737
0.450167
0.535356
0.530113
0.567991
0.578779
0.681079
0.477845
0.336234
0.474529
0.897937
0.59535
0.562109
0.347653
0.343423
0.476926
0.654144
0.586721
0.581181
0.714858
0.722011
0.561592
0.573541
0.437513
0.539081
0.619216
0.606881
0.629941
0.569513
0.536921
0.571228
0.64381
0.648653
0.252958
0.544506
0.455383
0.480971
0.555011
0.711063
0.776021
0.663868
0.513528
0.745139
0.342773
0.804475
0.479203
0.557091
0.866412
0.569579
0.711987
0.51123
0.625896
0.441311
0.6598
0.37915
0.654437
0.726194
0.514531
0.43704
0.664025
0.519809
0.543219
0.499481
0.679065
0.496791
0.533672
0.516597
0.495915
0.751111
0.51196
0.373846
0.594882
0.517042
0.663173
0.509348
0.526447
0.883683
0.437799
0.620984
0.694175
0.485083
0.775739
0.779501
0.554489
0.680042
0.596638
0.552688
0.571512
0.608586
0.571098
0.484947
0.324531
0.700763
0.250741
0.490979
0.52365
0.645653
0.588602
0.716081
0.694138
0.484297
0.454263
0.654857
0.630142
0.608652
0.583217
0.488027
0.585854
0.476829
0.668957
0.373593
0.436315
0.451653
0.536328
0.565981
0.528608
0.45993
0.64386
0.658862
0.479035
0.672521
0.623956
0.462615
0.579403
0.362885
0.617029
0.671477
0.755337
0.535553
0.542406
0.397737
0.615464
0.584619
0.463157
0.331747
0.447464
0.399614
0.4287
0.329996
0.42453
0.530384
0.456468
0.559276
0.602863
0.501786
0.525036
0.549683
0.623668
0.37475
0.636041
0.412308
0.402946
0.550778
0.541568
0.58432
0.480878
0.766475
0.711816
0.548556
0.58593
0.483543
0.559617
0.695091
0.703578
0.312783
0.499909
0.708855
0.855009
0.564022
0.474663
0.564119
0.518889
0.571359
0.330397
0.433404
0.720101
0.336227
0.654848
0.620805
0.617356
0.629092
0.51684
0.614382
0.441643
0.581863
0.630887
0.713218
0.48554
0.681574
0.380018
0.319379
0.291985
0.564797
0.590407
0.508777
0.701431
0.60569
0.561473
0.708141
0.720872
0.808109
0.554164
0.43337
0.530299
0.448684
0.544987
0.455001
0.509268
0.483903
0.502102
0.466542
0.688773
0.497652
0.54782
0.566941
0.635852
0.702456
0.604799
0.393731
0.595052
0.632957
0.450914
0.687916
0.611129
0.577273
0.811585
0.586594
0.516211
0.797011
0.460067
0.702107
0.477481
0.389823
0.513352
0.416037
0.595926
0.602079
0.329462
0.558981
0.410754
0.435127
0.80797
0.493345
0.496105
0.414103
0.796669
0.757645
0.548298
0.57038
0.593328
0.437094
0.45693
0.672911
0.729325
0.711137
0.494366
0.598632
0.452095
0.578006
0.359315
0.579244
0.544121
0.745643
0.702609
0.456358
0.770671
0.47225
0.374071
0.324385
0.437476
0.460445
0.719533
0.37825
0.653088
0.571942
0.681938
0.723722
0.584893
0.527398
0.407863
0.656529
0.571008
0.359999
0.548566
0.425854
0.376293
0.756114
0.400722
0.482642
0.434274
0.426685
0.691048
0.714943
0.513324
0.470443
0.642436
0.250246
0.605377
0.516425
0.544077
0.687725
0.503848
0.605271
0.600861
0.561413
0.384764
0.449105
0.54728
0.518204
0.394906
0.444298
0.579508
0.696081
0.556257
0.671289
0.704496
0.631264
0.554783
1.01278
0.742144
0.545326
0.470347
0.628704
0.462063
0.596692
0.524458
0.499918
0.40455
0.444652
0.567371
0.428408
0.527851
0.685078
0.666014
0.657177
0.441484
0.514858
0.561035
0.719568
0.691349
0.465918
0.372803
0.538393
0.444904
0.343235
0.678114
0.441625
0.609513
0.614716
0.497706
0.515163
0.817009
0.638784
0.433324
0.397883
0.510727
0.345536
0.456851
0.635811
0.634894
0.7343
0.578338
0.694224
0.623937
0.574771
0.491964
0.52378
0.45868
0.634325
0.469389
0.530869
0.346452
0.594935
0.548841
0.738104
0.567749
0.448816
0.700082
0.689289
0.795395
0.30299
0.466501
0.897839
0.856906
0.394765
0.603056
0.4112
0.66724
0.731848
0.56901
0.569519
0.533154
0.611397
0.481938
0.581247
0.549094
0.371931
0.304756
0.414794
0.365907
0.47698
0.486487
0.670564
0.477132
0.583289
0.354382
0.576398
0.649232
0.434935
0.645227
0.566918
0.699355
0.627218
0.870979
0.412581
0.574635
0.543707
0.697448
0.677279
0.429449
0.464364
0.377224
0.593182
0.524333
0.519944
0.405832
0.455318
0.640167
0.332763
0.461957
0.502016
0.646891
0.554073
0.604786
0.654411
0.468295
0.54829
0.407877
0.445483
0.628291
0.706085
0.416217
0.48803
0.407333
0.620394
0.287605
0.295594
0.580782
0.461377
0.694097
0.551542
0.853786
0.516143
0.502377
0.514715
0.504922
0.61737
0.401171
0.348655
0.489514
0.737047
0.595028
0.538246
0.404814
0.488442
0.709775
0.699398
0.521158
0.556912
0.500009
0.571685
0.784208
0.258593
0.778906
0.593216
0.401811
0.662938
0.383951
0.609053
0.616983
0.322407
0.228054
0.576168
0.521033
0.552179
0.333018
0.812651
0.649459
0.558682
0.659293
0.477085
0.588138
0.710586
0.617364
0.65578
0.343125
0.393941
0.447098
0.549913
0.668074
0.516411
0.432334
0.478641
0.664029
0.618778
0.616239
0.473565
0.687517
0.579331
0.483261
0.614367
0.429854
0.555401
0.512193
0.683089
0.554163
0.505218
0.728988
0.500957
0.536532
0.40421
0.524323
0.79655
0.611675
0.772448
0.6222
0.602132
0.565083
0.623911
0.656646
0.8502
0.438195
0.899804
0.5331
0.418787
0.387005
0.500734
0.828272
0.77533
0.539216
0.391405
0.549022
0.616434
0.543359
0.601483
0.402913
0.498282
0.537372
0.576361
0.440356
0.54369
0.687202
0.516701
0.64513
0.631451
0.458924
0.533961
0.686937
0.561862
0.871759
0.484256
0.41488
0.370779
0.557807
0.445827
0.59814
0.528767
0.52032
0.916211
0.526227
0.544524
0.586837
0.47344
0.52864
0.627614
0.61582
0.444566
0.637378
0.784636
0.532441
0.648708
0.625018
0.481246
0.695859
0.622158
0.662645
0.560996
0.677001
0.579141
0.816707
0.468483
0.560301
0.62246
0.615978
0.599233
0.72814
0.475012
0.741419
0.539309
0.568568
0.54547
0.835588
0.589812
1.05664
0.805996
0.658944
0.355865
0.659621
0.304961
0.63046
0.401315
0.463513
0.507411
0.265746
0.556223
0.476661
0.373099
0.365201
0.59856
0.674833
0.653402
0.622909
0.610877
0.517564
0.447037
0.535569
0.656523
0.398094
0.405977
0.524155
0.566233
0.436911
0.416042
0.465467
0.660663
0.390768
0.497887
0.686893
0.613305
0.437046
0.672611
0.55203
0.566536
0.70973
0.578469
0.587846
0.600714
0.770634
0.644451
0.495522
0.416556
0.586236
0.445739
0.515018
0.534672
0.388892
0.391188
0.786791
0.572288
0.680945
0.395501
0.656933
0.687098
0.694821
0.654187
0.466071
0.49287
0.364982
0.662983
0.309291
0.902516
0.737389
0.873225
0.66667
0.530686
0.464063
0.266446
0.706769
0.667336
0.500554
0.481458
0.513111
0.579294
0.796501
0.545453
0.464961
0.573999
0.548355
0.716678
0.69363
0.482997
0.571641
0.403789
0.549801
0.341239
0.559497
0.747617
0.611434
0.668308
0.651804
0.792238
0.848821
0.639874
0.607253
0.518243
0.43181
0.600593
0.520391
0.569688
0.614736
0.40099
0.762468
0.47568
0.586666
0.421322
0.708507
0.858297
0.853585
0.394092
0.568283
0.669071
0.673207
0.725271
0.383967
0.33635
0.79909
0.648211
0.373451
0.701182
0.606234
0.52831
0.569626
0.846857
0.633615
0.541808
0.689136
0.499363
0.681306
0.496206
0.601436
0.454456
0.706684
0.422089
0.631131
0.800522
0.541864
0.558794
0.51901
0.542414
0.483817
0.681226
0.635121
0.531625
0.78014
0.705119
0.698603
0.435635
0.334484
0.54946
0.595114
0.277359
0.638643
0.726929
0.601196
0.541538
0.715783
0.649976
0.655045
0.518381
0.462447
0.54294
0.429821
0.681395
0.594227
0.547084
0.5957
0.801292
0.55357
0.481489
0.652261
0.686892
0.582685
0.518374
0.731574
0.442299
0.4494
0.763515
0.730496
0.617496
0.656447
0.515025
0.487538
0.544008
0.604731
0.50402
0.37201
0.563185
0.644792
0.604915
0.25453
0.484351
0.67034
0.645681
0.719009
0.60383
0.626524
0.529484
0.600107
0.56564
0.635965
0.503582
0.615685
0.553796
0.60121
0.492362
0.621313
0.460884
0.59865
0.574717
0.838621
0.427109
0.689645
0.593085
0.482827
0.791162
0.49879
0.657885
0.475402
0.642096
0.784843
0.434926
0.498561
0.50386
0.552067
0.622061
0.477415
0.688377
0.711331
0.60148
0.726307
0.612372
0.707328
0.49199
0.499961
0.52377
0.677239
0.459101
0.769029
0.631057
0.787627
0.599615
0.676635
0.469104
0.499668
0.561951
0.821345
0.522529
0.491187
0.728632
0.384234
0.617505
0.587171
0.496496
0.554331
0.377607
0.531217
0.602221
0.416249
0.729734
0.894462
0.459476
0.43057
0.505901
0.51285
0.534179
0.7024
0.501467
0.957564
0.564095
0.560104
0.631967
0.722315
0.453834
0.485178
0.618029
0.506376
0.5667
0.324394
0.709828
0.617501
0.413126
0.621164
0.543363
0.567729
0.550681
0.504533
0.336165
0.460505
0.537432
0.412415
0.432314
0.576928
0.711044
0.596272
0.519629
0.490236
0.340703
0.591165
0.46752
0.884521
0.766394
0.755857
0.568817
0.530096
0.584014
1.04086
0.520292
0.618136
0.686396
0.580085
0.495219
0.591788
0.653261
0.823474
0.504268
0.85564
0.618011
0.449875
0.541953
0.609211
0.594428
0.482529
0.627197
0.523257
0.572123
0.680157
0.541417
0.36118
0.738977
0.592703
0.607154
0.942406
0.553197
0.409182
0.704782
0.617061
0.404366
0.600301
0.657068
0.754111
0.672767
0.516312
0.656258
0.78947
0.633636
0.635179
0.715007
0.678495
0.500872
0.690012
0.423812
0.636906
0.5336
0.698052
0.548553
0.573362
0.429089
0.661038
0.344724
0.504988
0.345854
0.295444
0.690973
0.475357
0.418091
0.60767
0.44075
0.740273
0.569365
0.518376
0.551715
0.622674
0.446076
0.471041
0.412016
0.447545
0.701954
0.698567
0.561955
0.508987
0.527395
0.695366
0.329095
0.42806
0.475431
0.533104
0.398016
0.78986
0.387244
0.480518
0.618124
0.576795
0.404544
0.543416
0.571255
0.470486
0.690667
0.629962
0.502419
0.624925
0.579208
0.478744
0.562264
0.566815
0.590858
0.93021
0.582394
0.59731
0.587208
0.412648
0.782592
0.559703
0.651493
0.907294
0.516037
0.624952
0.627721
0.537599
0.794103
0.770456
0.314709
0.396581
0.53396
0.501366
0.71298
0.551806
0.525911
0.79492
0.573651
0.631918
0.408621
0.607842
0.546576
0.509134
0.56844
0.493506
0.763462
0.796367
0.516201
0.494341
0.465178
0.48692
0.340304
0.685822
0.536793
0.454809
0.521438
0.599648
0.640518
0.727095
0.672685
0.339394
0.575036
0.64888
0.374895
0.596262
0.565756
0.867978
0.645179
0.66178
0.504604
0.51
0.611077
0.538591
0.610348
0.717759
0.852174
0.344654
0.586441
0.493623
0.588221
0.464746
0.436939
0.679956
0.654433
0.496381
0.627009
0.594381
0.370155
0.46673
0.609737
0.647856
0.387505
0.706413
0.664883
0.527948
0.649837
0.594754
0.491185
0.627307
0.598269
0.666771
0.544989
0.658701
0.599728
0.428831
0.380614
0.738255
0.561023
0.402549
0.551387
0.739089
0.554811
0.415245
0.589214
0.675898
0.639526
0.532509
0.717222
0.552739
0.69292
0.557694
0.595537
0.431341
0.671128
0.655133
0.465625
0.544564
0.680441
0.355374
0.655904
0.390258
0.699442
0.460695
0.60106
0.568683
0.5215
0.61064
0.727718
0.654088
0.564777
0.387844
0.369775
0.692312
0.523117
0.61956
0.591637
0.446553
0.605025
0.387494
0.595859
0.254119
0.541557
0.707909
0.38602
0.649127
0.510812
0.506433
0.868093
0.729016
0.505934
0.47047
0.729823
0.626088
0.537508
0.701274
0.677734
0.866678
0.531765
0.572892
0.520256
0.544133
0.468542
0.367433
0.730874
0.663123
0.557319
0.563824
0.559077
0.453143
0.696905
0.493668
0.593989
0.632028
0.586673
1.00064
0.661576
0.45312
0.653908
0.565036
0.728356
0.467726
0.499012
0.666481
0.577883
0.714968
0.567457
0.616824
0.404673
0.621874
0.610472
0.434334
0.59518
0.554203
0.567279
0.561655
0.561212
0.507106
0.439281
0.483997
0.744172
0.508197
0.554437
0.273162
0.594916
0.495662
0.613067
0.609921
0.587343
0.598147
0.532085
0.540039
0.68531
0.449078
0.457351
0.569589
0.637764
0.343497
0.450575
0.517892
0.326702
0.517118
0.503027
0.812743
0.524768
0.462601
0.734064
0.527632
0.384985
0.665701
0.826877
0.612213
0.489361
0.79355
0.532043
0.580501
0.618414
0.674214
0.517696
0.648643
0.457574
0.46306
0.574752
0.662444
0.668571
0.712955
0.450472
0.596555
0.489564
0.525473
0.678612
0.412175
0.399794
0.626286
0.648409
0.469445
0.541599
0.654009
0.764237
0.544058
0.512533
0.492065
0.615815
0.408322
0.554537
0.499611
0.721062
0.442823
0.646134
0.700241
0.587514
0.538239
0.305021
0.347352
0.38518
0.779098
0.500457
0.651001
0.830799
0.465868
0.869076
0.544218
0.529277
0.542061
0.493412
0.616643
0.516531
0.527572
0.537553
0.660654
0.452234
0.832994
0.360029
0.253841
0.54385
0.60489
0.724308
0.658327
0.526709
0.43528
0.371409
0.553998
0.462132
0.612047
0.543217
0.508164
0.43897
0.643575
0.442106
0.662289
0.625248
0.663975
0.610397
0.482108
0.48661
0.559776
0.555761
0.429278
0.542675
0.616762
0.541444
0.588645
0.565287
0.615094
0.570159
0.496077
0.3247
0.634751
0.57248
0.560362
0.489719
0.617445
0.677452
0.641953
0.446967
0.584378
0.680698
0.440857
0.535656
0.889164
0.659083
0.51995
0.468879
0.490178
0.615905
0.379638
0.550531
0.555324
0.418471
0.964073
0.397923
0.609688
0.425487
0.554855
0.496726
0.54758
0.493553
0.572072
0.449619
0.473268
0.573627
0.402874
0.714304
0.801793
0.609674
0.568878
0.452601
0.582974
0.85956
0.547459
0.566463
0.534563
0.748747
0.69615
0.679954
0.710233
0.498652
0.447633
0.64622
0.56478
0.516894
0.555895
0.325589
0.625064
0.535747
0.373213
0.629408
0.55772
0.480573
0.414982
0.553017
0.82545
0.330532
0.465743
0.558822
0.46129
0.524171
0.742324
0.48151
0.774849
0.493984
0.557122
0.585165
0.678912
0.659685
0.571649
0.605698
0.641826
0.633096
0.705149
0.599209
0.618
0.484728
0.484854
0.470147
0.622751
0.530272
0.523525
0.515611
0.485468
0.554294
0.505884
0.436777
0.404059
0.769517
0.678078
0.727788
0.539715
0.634644
0.618205
0.789399
0.659599
0.631094
0.663785
0.534308
0.572234
0.689944
0.581885
0.639934
0.611934
0.559399
0.423817
0.818988
0.376822
0.633126
0.474201
0.50865
0.669442
0.609422
0.461896
0.598046
0.33414
0.591995
0.373653
0.787147
0.77382
0.521625
0.87688
0.632747
0.570337
0.482776
0.623164
0.548169
0.724108
0.505762
0.611884
0.495526
0.698058
0.659649
0.711292
0.506705
0.723792
0.581627
0.647188
0.475979
0.461918
0.684936
0.368461
0.603963
0.665223
0.556361
0.48352
0.633595
0.547898
0.51015
0.491162
0.555669
0.343215
0.524048
0.516878
0.689637
0.391968
0.447089
0.570455
0.565346
0.565696
0.5672
0.482083
0.569909
0.392592
0.487739
0.657989
0.427877
0.726749
0.548024
0.462424
0.654239
0.413835
0.819103
0.736931
0.659313
0.541177
0.667715
0.532422
0.492547
0.610547
0.72159
0.563104
0.628747
0.427671
0.917789
0.574077
0.571896
0.365577
0.641817
0.489607
0.356161
0.415165
0.529128
0.645685
0.600832
0.544876
0.487933
0.598153
0.62816
0.655708
0.545146
0.631973
0.451163
0.498338
0.510077
0.593605
0.540984
0.485686
0.545164
0.606831
0.634108
0.511438
0.694958
0.755819
0.560203
0.76552
0.55328
0.422205
0.559656
0.552017
0.724723
0.548947
0.731269
0.523422
0.540359
0.726204
0.479889
0.294818
0.477177
0.488187
0.539202
0.782595
0.607552
0.643479
0.427523
0.390278
0.823119
0.350297
0.606099
0.643229
0.758637
0.587501
0.34224
0.607313
0.395016
0.588794
0.428428
0.62758
0.396054
0.592962
0.626594
0.601283
0.374661
0.435087
0.55536
0.627274
0.45182
0.628498
0.381153
0.51568
0.583703
0.455867
0.590558
0.361694
0.600293
0.667241
0.851564
0.635804
0.459253
0.539203
0.639646
0.560869
0.606212
0.424907
0.349602
0.435106
0.427633
0.81198
0.552536
0.428864
0.685291
0.663403
0.299922
0.486979
0.723443
0.516337
0.583296
0.607786
0.33828
0.73753
0.497836
0.533417
0.494284
0.725741
0.442363
0.463895
0.536204
0.44974
0.569098
0.569624
0.511693
0.604122
0.503643
0.642564
0.447669
0.431611
0.622314
0.55159
0.501674
0.535511
0.705406
0.40563
0.631146
0.421283
0.733729
0.38608
0.775778
0.473167
0.628617
0.513742
0.644467
0.520622
0.487252
0.62769
0.380204
0.504315
0.391804
0.967426
0.400683
0.811868
0.600718
0.544489
0.498314
0.342711
0.477748
0.600259
0.559782
0.392424
0.441767
0.51893
0.704008
0.506981
0.587565
0.557519
0.548432
0.513902
0.46843
0.596894
0.543245
0.435816
0.365412
0.565271
0.597715
0.425345
0.50167
0.55831
0.436063
0.286115
0.475
0.650011
0.620153
0.607298
0.673442
0.458857
0.550695
0.56741
0.693321
0.430497
0.503084
0.594987
0.521512
0.365963
0.548963
0.70351
0.264418
0.558478
0.406431
0.576692
0.432097
0.455918
0.625514
0.494232
0.586576
0.4731
0.592418
0.554363
0.345781
0.23318
0.673001
0.643079
0.546816
0.443496
0.651968
0.379029
0.62156
0.456648
0.704034
0.557589
0.474301
0.44064
0.461921
0.497917
0.589762
0.663134
0.456762
0.607137
0.657975
0.602953
0.532374
0.384165
0.581986
0.548408
0.686717
0.67536
0.507246
0.476688
0.644909
0.478607
0.524078
0.494962
0.622141
0.730777
0.438353
0.377152
0.530899
0.724854
0.775497
0.610401
0.463902
0.57114
0.805875
0.654586
0.599069
0.639352
0.595499
0.636819
0.670822
0.82045
0.698658
0.665811
0.515982
0.608633
0.306046
0.593888
0.503299
0.609488
0.665063
0.619474
0.392839
0.679472
0.547688
0.746364
0.599711
0.564335
0.697967
0.463706
0.52523
0.255019
0.45394
0.814772
0.459926
0.273927
0.616054
0.634377
0.44261
0.372147
0.565204
0.616256
0.476985
0.356359
0.630652
0.592167
0.470355
0.60065
0.5181
0.489582
0.593103
0.592413
0.519289
0.784815
0.660999
0.417579
0.45149
0.482785
0.589767
0.581824
0.54548
0.389745
0.574929
0.418138
0.80662
0.718518
0.553698
0.627805
0.569383
0.749454
0.72703
0.607638
0.694803
0.778746
0.43091
0.367124
0.395847
0.695197
0.810112
0.578754
0.684355
0.702573
0.475347
0.370954
0.773918
0.377011
0.515292
0.494504
0.468
0.578671
0.658519
0.578917
0.461148
0.530595
0.684432
0.415248
0.705405
0.566088
0.483037
0.314532
0.553247
0.726808
0.638942
0.738451
0.419559
0.424002
0.741747
0.492634
0.5248
0.62271
0.560569
0.655147
0.362468
0.374742
0.620852
0.589295
0.661754
0.504047
0.469253
0.488177
0.606028
0.392549
0.908221
0.257375
0.528778
0.422837
0.361478
0.47525
0.659609
0.517741
0.694908
0.668496
0.378869
0.741069
0.587437
0.326168
0.645872
0.655495
0.560315
0.658547
0.677847
0.287648
0.458351
0.343001
0.449967
0.549592
0.514674
0.750878
0.340426
0.811759
0.410093
0.402528
0.384311
0.602138
0.549156
0.353899
0.545037
0.44707
0.611229
0.53491
0.613095
0.303824
0.339499
0.663419
0.532631
0.61107
0.599761
0.736058
0.385505
0.558785
0.765458
0.270022
0.664383
0.646237
0.745073
0.471701
0.52969
0.338663
0.617887
0.769015
0.760158
0.294584
0.520077
0.632409
0.477224
0.484176
0.609324
0.927197
0.773837
0.547811
0.576758
0.499727
0.564739
0.622459
0.561224
0.587786
0.520359
0.673742
0.508621
0.347604
0.56778
0.511943
0.42491
0.534447
0.607492
0.556694
0.382775
0.347182
0.41925
0.483272
0.50742
0.478341
0.675725
0.464124
0.59813
0.484442
0.768434
0.316176
0.529681
0.332076
0.619165
0.609404
0.443144
0.370579
0.590061
0.803022
0.776887
0.468372
0.5527
0.511832
0.39551
0.900946
0.284163
0.434159
0.557615
0.308608
0.426915
0.574481
0.416772
0.251629
0.635891
0.581345
0.482845
0.61078
0.485566
0.487962
0.779406
0.636276
0.582052
0.4875
0.499584
0.781862
0.467868
0.7828
0.518549
0.55118
0.577866
0.534148
0.471424
0.50922
0.352638
0.765791
0.686375
0.459906
0.589984
0.631177
0.707496
0.470059
0.588297
0.551261
0.406204
0.449674
0.732251
0.566436
0.488246
0.525606
0.573807
0.364998
0.539021
0.689004
0.595629
0.602125
0.437638
0.830679
0.634795
0.607082
0.533623
0.539938
0.632002
0.572706
0.670693
0.582108
0.466325
0.557746
0.620157
0.395726
0.570191
0.634588
0.331186
0.623508
0.305292
0.354147
0.740511
0.735032
0.578696
0.39269
0.690333
0.600346
0.626462
0.443506
0.700794
0.611102
0.666558
0.699522
0.705607
0.503576
0.473387
0.540977
0.519596
0.633893
0.431456
0.715407
0.607182
0.701618
0.621607
0.482637
0.554114
0.567211
0.571137
0.436675
0.703343
0.494836
0.558679
0.914361
0.631501
0.343053
0.834436
0.518609
0.314482
0.461302
0.568238
0.392588
0.739576
0.589658
0.642859
0.601902
0.477023
0.661801
0.605574
0.600969
0.561324
0.487139
0.485117
0.47332
0.552357
0.57064
0.602799
0.358224
0.771492
0.59332
0.37897
0.659684
0.474171
0.268355
0.593183
0.469756
0.619418
0.589682
0.431562
0.396203
0.561967
0.279276
0.505809
0.573637
0.606722
0.573159
0.583327
0.368528
0.870244
0.432501
0.75823
0.531177
0.632496
0.248959
0.397277
0.325884
0.45343
0.409688
0.422798
0.607113
0.653159
0.766372
0.584769
0.726889
0.500741
0.665924
0.516542
0.613725
0.608763
0.422392
0.483248
0.456514
0.432143
0.533787
0.475485
0.670891
0.526387
0.553912
0.422068
0.824764
0.76727
0.506239
0.438682
0.544053
0.355943
0.441327
0.684944
0.274354
0.31352
0.53059
0.731664
0.485237
0.597719
0.525923
0.440663
0.530941
0.380667
0.66647
0.400504
0.490272
0.566627
0.322895
0.633524
0.623256
0.630797
0.576648
0.444317
0.480924
0.668617
0.672225
0.572993
0.488015
0.673315
0.488003
0.515573
0.580706
0.413846
0.646581
0.638188
0.626716
0.475389
0.584219
0.478255
0.79658
0.513518
0.367704
0.588175
0.573936
0.352411
0.414081
0.676943
0.472056
0.825858
0.375859
0.424608
0.433056
0.755887
0.658441
0.827065
0.521763
0.751883
0.685534
0.449825
0.581445
0.423876
0.54258
0.442072
0.723584
0.447908
0.532079
0.551442
0.535729
0.614625
0.341242
0.413086
0.709027
0.428026
0.326648
0.668864
0.736155
0.605904
0.36163
0.459979
0.601225
0.411017
0.285481
0.597827
0.696669
0.883258
0.588479
0.562833
0.550422
0.462936
0.553566
0.649322
0.623677
0.578783
0.449074
0.430952
0.447725
0.554029
0.409635
0.759488
0.403548
0.554462
0.593942
0.513174
0.707376
0.74055
0.775332
0.817355
0.741681
0.803455
0.415001
0.638814
0.639403
0.533514
0.511255
0.600159
0.544881
0.653216
0.61907
0.579743
0.557282
0.723512
0.46671
0.338715
0.428672
0.6215
0.546789
0.452907
0.693809
0.628832
0.45053
0.47084
0.654349
0.428262
0.57372
0.630252
0.616779
0.575016
0.436596
0.563814
0.483285
0.749325
0.542207
0.660092
0.61232
0.810143
0.418516
0.489324
0.658191
0.807876
0.420732
0.554252
0.756421
0.505672
0.703153
0.652113
0.45449
0.512172
0.482907
0.668053
0.874751
0.579535
0.535201
0.392759
0.449346
0.504551
0.724543
0.535196
0.796397
0.568641
0.459678
0.941042
0.607563
0.509968
0.841553
0.680912
0.696831
0.55498
0.544655
0.465255
0.678435
0.421099
0.519842
0.475909
0.300294
0.595067
0.551298
0.430872
0.6235
0.687563
0.677622
0.430189
0.555839
0.512614
0.695421
0.613571
0.55471
0.768794
0.603066
0.557338
0.59988
0.6034
0.420936
0.519841
0.654335
0.537468
0.289269
0.629304
0.607287
0.520496
0.662164
0.61518
0.736504
0.481109
0.453261
0.553101
0.649006
0.489138
0.575561
0.482475
0.646518
0.588019
0.497541
0.334334
0.462528
0.60767
0.573617
0.540024
1.01882
0.553678
0.557175
0.546825
0.711443
0.357207
0.648303
0.645815
0.726372
0.58257
0.362073
0.867761
0.462507
0.406122
0.459853
0.529047
0.486676
0.466184
0.30776
0.464559
0.5841
0.309898
0.710048
0.499748
0.581644
0.569202
0.3206
0.579273
0.503917
0.414018
0.665599
0.665135
0.562725
0.663911
0.477847
0.675952
0.508423
0.454254
0.583637
0.573496
0.509331
0.528851
0.360175
0.38
0.582495
0.353737
0.553385
0.60551
0.427908
0.332473
0.650306
0.557566
0.569823
0.422165
0.561775
0.551484
0.761769
0.533244
0.740953
0.608319
0.521644
0.629507
0.41196
0.529354
0.593436
0.432667
0.372527
0.479244
0.603626
0.425085
0.528546
0.509469
0.662043
0.477885
0.675132
0.864088
0.498359
0.801776
0.518172
0.60752
0.628891
0.841832
0.452248
0.582717
0.629905
0.640375
0.886785
0.465396
0.694345
0.443693
0.550118
0.890345
0.562597
0.424153
0.437996
0.981409
0.525616
0.48089
0.614409
0.560993
0.350386
0.580385
0.608249
0.604621
0.684041
0.383808
0.801549
0.462721
0.463537
0.455315
0.701429
0.476955
0.460002
0.883403
0.578473
0.405729
0.692462
0.501313
0.443892
0.490315
0.63151
0.497427
0.484967
0.505462
0.795231
0.615881
0.638943
0.710236
0.680441
0.496622
0.428767
0.48579
0.375066
0.652829
0.546337
0.469169
0.460702
0.570397
0.41466
0.510473
0.614723
0.752125
0.50276
0.616545
0.578838
0.46738
0.377374
0.582273
0.641936
0.735954
0.491376
0.476961
0.513643
0.599192
0.4299
0.592472
0.54783
0.659958
0.478893
0.424548
0.578023
0.445799
0.597115
0.666775
0.517968
0.51381
0.606492
0.525483
0.721695
0.617143
0.763059
0.607306
0.577158
0.587203
0.464239
0.523675
0.647086
0.869702
0.488924
0.405411
0.561524
0.700376
0.573675
0.327255
0.725035
0.666461
0.572503
0.565524
0.423882
0.652988
0.377323
0.659788
0.670518
0.356976
0.599
0.654493
0.512788
0.632098
0.51421
0.482697
0.428731
0.376523
0.616093
0.383114
0.43599
0.72538
0.470498
0.406125
0.549702
0.414369
0.71561
0.811879
0.815279
0.65729
0.666652
0.422232
0.426927
0.617435
0.323845
0.525799
0.683509
0.590036
0.610023
0.541569
0.468767
0.535207
0.473627
0.372568
0.690573
0.748065
0.412552
0.470558
0.47784
0.48949
0.587818
0.536379
0.591307
0.511999
0.461003
0.539559
0.597873
0.501907
0.417352
0.358523
0.761958
0.641481
0.617576
0.467734
0.462589
0.539535
0.522523
0.540789
0.414254
0.339355
0.645466
0.459175
0.653679
0.49289
0.540244
0.590577
0.58523
0.650095
0.732074
0.345712
0.556357
0.372518
0.510354
0.70381
0.544285
0.492335
0.502
0.644236
0.595796
0.545404
0.470441
0.633044
0.53755
0.559651
0.356939
0.799099
0.604701
0.421163
0.507456
0.32189
0.371111
0.724595
0.371283
0.64591
0.395244
0.509578
0.844277
0.428487
0.523158
0.384653
0.62972
0.369918
0.576942
0.670408
0.557837
0.427141
0.671078
0.408207
0.397942
0.729654
0.719027
0.353477
0.553771
0.712054
0.5474
0.490273
0.638157
0.562343
0.746752
0.515342
0.64721
0.712893
0.696548
0.677217
0.400704
0.482358
0.508129
0.565259
0.555023
0.603626
0.713003
0.530855
0.516641
0.576703
0.537285
0.536845
0.507245
0.790238
0.605867
0.278341
0.439648
0.670983
0.494242
0.372765
0.814657
0.644231
0.557311
0.33897
0.814499
0.545206
0.623433
0.516371
0.699015
0.625208
0.513805
0.38834
0.61978
0.424034
0.570203
0.537436
0.546226
0.66135
0.760992
0.514425
0.586064
0.371969
0.652591
0.573343
0.712754
0.448957
0.498099
0.414138
0.550444
0.517134
0.547676
0.565981
0.629138
0.655354
0.741818
0.501581
0.674583
0.653186
0.631219
0.491009
0.488982
0.53897
0.618152
0.667909
0.609227
0.561279
0.367258
0.776242
0.697389
0.522627
0.617364
0.633927
0.762121
0.962718
0.351062
0.405019
0.531811
0.397828
0.646277
0.467908
1.04775
0.518288
0.410855
0.398446
0.629014
0.844763
0.571081
0.523401
0.544792
0.31915
0.575525
0.542952
0.415707
0.418378
0.640973
0.662817
0.568783
0.49406
0.302659
0.591738
0.267541
0.765721
0.470198
0.630071
0.549894
0.515187
0.463731
0.531589
0.733525
0.637387
0.598746
0.633193
0.396437
0.538893
0.563527
0.68809
0.429532
0.804735
0.561999
0.524611
0.666239
0.615354
0.73364
0.599746
0.780894
0.476766
0.435041
0.902449
0.268407
0.56667
0.540348
0.730453
0.645501
0.465695
0.532941
0.735816
0.613301
0.476981
0.531625
0.392934
0.359807
0.413939
0.440911
0.382347
0.540314
0.724088
0.668356
0.541452
0.637499
0.453425
0.716035
0.704563
0.570392
0.604319
0.421864
0.529816
0.535038
0.57281
0.606443
0.510364
0.542495
0.590542
0.616161
0.452861
0.302993
0.658156
0.337632
0.578631
0.308438
0.675046
0.452992
0.321669
0.54091
0.553421
0.517649
0.448955
0.582932
0.4029
0.476086
0.805769
0.647325
0.670709
0.491854
0.478081
0.57421
0.383198
0.647187
0.396654
0.514612
0.305253
0.560061
0.501654
0.476459
0.493949
0.650768
0.698512
0.653003
0.401909
0.600124
0.482451
0.760619
0.679278
0.504839
0.502717
0.582249
0.548936
0.56864
0.517172
0.781034
0.556522
0.381494
0.440531
0.557165
0.368102
0.491709
0.567141
0.751984
0.617254
0.67233
0.665998
0.664368
0.620828
0.612776
0.507272
0.576797
0.713359
0.421472
0.683604
0.527525
0.496143
0.437563
0.401245
0.512163
0.394988
0.406888
0.491064
0.748592
0.45563
0.390144
0.616303
0.459756
0.528062
0.547553
0.45968
0.738358
0.596201
0.529163
0.566625
0.579465
0.502477
0.535988
0.681791
0.838037
0.563911
0.502223
0.407739
0.715667
0.414399
0.793515
0.448355
0.643207
0.361775
0.497607
0.82157
0.542331
0.592014
0.652374
0.552948
0.612558
0.617027
0.683753
0.499677
0.548377
0.492656
0.522501
0.600723
0.339155
0.607746
0.47727
0.638796
0.652278
0.738608
0.313401
0.671516
0.497225
0.560155
0.413048
0.508406
0.395609
0.613121
0.590791
0.428259
0.414169
0.504959
0.486662
0.455028
0.38527
0.849566
0.625767
0.397358
0.453755
0.665028
0.445611
0.452303
0.606959
0.426466
0.509035
0.649916
0.741565
0.459852
0.82589
0.645088
0.663436
0.455007
0.536953
0.645717
0.843532
0.791895
0.541374
0.472642
0.671682
0.739637
0.501115
0.54116
0.551226
0.333467
0.55355
0.520854
0.636801
0.484517
0.476838
0.578095
0.708021
0.459503
0.550233
0.536164
0.446489
0.348159
0.728921
0.517021
0.720597
0.6424
0.460726
0.502045
0.470811
0.666313
0.575147
0.744137
0.468313
0.482251
0.543378
0.492106
0.716558
0.285253
0.698521
0.543992
0.676845
0.416603
0.497574
0.544427
0.46883
0.580844
0.489503
0.607278
0.487804
0.655846
0.609409
0.537548
0.503094
0.802548
0.539926
0.552701
0.646435
0.57447
0.602946
0.698571
0.624723
0.39957
0.576896
0.412159
0.379567
0.610347
0.687082
0.624222
0.599961
0.571866
0.446011
0.907853
0.68725
0.649324
0.805141
0.392922
0.679028
0.427306
0.707134
0.315366
0.561198
0.781768
0.544396
0.646402
0.5747
0.52406
0.311371
0.47221
0.508066
0.521377
0.52697
0.60238
0.389215
0.579517
0.566963
0.720159
0.54505
0.509508
0.470295
0.861285
0.56774
0.596182
0.781437
0.686995
0.594351
0.405993
0.648222
0.725159
0.501689
0.689646
0.628879
0.495963
0.68449
0.729692
0.598315
0.713877
0.711625
0.506983
0.474053
0.494684
0.48155
0.397572
0.426913
0.742783
0.678428
0.42783
0.671354
0.452611
0.563773
0.831507
0.393618
0.653399
0.640408
0.609668
0.659374
0.48124
0.460873
0.882842
0.548316
0.597453
0.528714
0.779512
0.368582
0.323583
0.712082
0.69686
0.560628
0.747249
0.41701
0.376254
0.450142
0.467329
0.535323
0.392928
0.462068
0.701566
0.787266
0.47664
0.526345
0.969165
0.722757
0.720501
0.516772
0.380758
0.542644
0.634697
0.436129
0.385715
0.544478
0.801638
0.523761
0.677539
0.954749
0.479013
0.600956
0.492714
0.674472
0.415924
0.841858
0.574833
0.412169
0.526935
0.369665
0.180475
0.350759
0.584934
0.802927
0.569667
0.378729
0.517693
0.681349
0.71751
0.414042
0.619527
0.695965
0.727542
0.74063
0.633846
0.598109
0.498715
0.411855
0.693125
0.500897
0.556498
0.52028
0.470769
0.54657
0.576965
0.319224
0.322132
0.431513
0.298963
0.548566
0.37511
0.54782
0.828079
0.836319
0.634268
0.372599
0.360368
0.707787
0.800103
0.706582
0.576871
0.495901
0.492301
0.610352
0.715094
0.33995
0.531046
0.501458
0.458387
0.832552
0.782234
0.616863
0.621722
0.640694
0.585737
0.540744
0.576273
0.491383
0.621641
0.488142
0.488434
0.691478
0.589651
0.661738
0.448595
0.476473
0.505603
0.51919
0.543046
0.654871
0.524699
0.52283
0.472571
0.539713
0.590247
0.541157
0.714303
0.563848
0.677215
0.724119
0.49841
0.635909
0.37009
0.604651
0.46554
0.430486
0.729919
0.625782
0.590525
0.679359
0.566342
0.483149
0.499471
0.417917
0.703778
0.711462
0.696606
0.649841
0.537805
0.500251
0.466501
0.545438
0.477098
0.593682
0.334503
0.620664
0.513623
0.642258
0.45443
0.80456
0.381679
0.594579
0.387297
0.510586
0.584605
0.532248
0.778138
0.74525
0.534411
0.405088
0.479453
0.506165
0.54613
0.339559
0.515513
0.635319
0.47004
0.458352
0.675087
0.68065
0.591721
0.691277
0.844084
0.483118
0.446037
0.657195
0.514245
0.480788
0.978939
0.701211
0.678657
0.61504
0.470499
0.651569
0.795032
0.677983
0.402599
0.478647
0.517486
0.531558
0.48325
0.515748
0.565275
0.514073
0.366741
0.282
0.516841
0.567432
0.736229
0.584704
0.432007
0.559754
0.627743
0.577008
0.355939
0.416073
0.539388
0.887512
0.61346
0.419004
0.5313
0.423984
0.470558
0.626116
0.529738
0.545353
0.623259
0.865815
0.560458
0.700954
0.516598
0.524513
0.684546
0.631385
0.47976
0.529305
0.60422
0.697481
0.664341
0.655515
0.710297
0.406201
0.425421
0.45631
0.436256
0.735277
0.691181
0.69347
0.428326
0.680174
0.637008
0.409052
0.795757
0.55019
0.278357
0.571277
0.576328
0.786171
0.409638
0.724391
0.544387
0.822853
0.732213
0.650386
0.638985
0.622761
0.292436
0.614923
0.781793
0.610586
0.609619
0.60818
0.538657
0.614476
0.810608
0.369164
0.670403
0.573539
0.595717
0.476685
0.861853
0.516131
0.501865
0.537162
0.587709
0.63871
0.754
0.331272
0.580617
0.525723
0.412482
0.528801
0.678918
0.702231
0.500747
0.452392
0.711713
0.598307
0.645886
0.570235
0.54339
0.481295
0.585338
0.6504
0.459149
0.554906
0.638266
0.414083
0.303766
0.554503
0.573107
0.697014
0.492454
0.778794
0.560957
0.511961
0.787403
0.694047
0.582454
0.467404
0.646921
0.372624
0.621367
0.396779
0.409937
0.565079
0.626519
0.461727
0.647421
0.819178
0.501196
0.655025
0.534332
0.558046
0.619937
0.385324
0.487561
0.473632
0.550602
0.540839
0.618565
0.458214
0.520863
0.767448
0.465354
0.723472
0.516796
0.616259
0.550844
0.640924
0.63975
0.743211
0.481382
0.619407
0.342754
0.761014
0.409535
0.410521
0.631725
0.674179
0.566052
0.372113
0.603614
0.642062
0.495753
0.566736
0.358407
0.70121
0.660639
0.550524
0.465032
0.355174
0.599798
0.469824
0.668763
0.707267
0.637365
0.51771
0.55634
0.752199
0.530212
0.674886
0.807121
0.585053
0.514741
0.625458
0.803406
0.689272
0.371593
0.384226
0.541186
0.384638
0.706962
0.40995
0.636564
0.592302
0.389443
0.701848
0.489452
0.764419
0.373787
0.685525
0.690029
0.479377
0.4682
0.43454
0.585568
0.597121
0.515587
0.501555
0.284737
0.545446
0.506849
0.558419
0.406184
0.869153
0.511421
0.570756
0.686278
0.599791
0.579018
0.568614
0.639379
0.561331
0.525555
0.406348
0.607596
0.474883
0.537886
0.682206
0.576862
0.401835
0.502866
0.701373
0.319793
0.572242
0.425208
0.541649
0.506373
0.6902
0.654085
0.57693
0.549448
0.621081
0.359639
0.59166
0.370309
0.377369
0.429988
0.540308
0.825672
0.660421
0.594232
0.567352
0.521503
0.452587
0.462119
0.634977
0.451165
0.788892
0.516932
0.701746
0.834278
0.307365
0.373138
0.513278
0.372769
0.65926
0.603436
0.597415
0.584901
0.463622
0.361025
0.437905
0.520228
0.461009
0.777646
0.825894
0.714287
0.650093
0.44741
0.814878
0.475837
0.483448
0.510174
0.717658
0.73604
0.625878
0.681624
0.404353
0.475159
0.589523
0.506047
0.525449
0.525579
0.680141
0.412887
0.527043
0.520468
0.647631
0.890367
0.47678
0.652695
0.686411
0.470179
0.479358
0.490406
0.799561
0.690797
0.556066
0.426633
0.824438
0.76169
0.713522
0.430089
0.446012
0.763214
0.315021
0.36087
0.890291
0.584143
0.450605
0.76495
0.5892
0.456375
0.54118
0.500801
0.606335
0.322861
0.560254
0.393994
0.409564
0.769783
0.58336
0.608104
0.776643
0.213462
0.612115
0.688855
0.514784
0.721458
0.523354
0.353228
0.562561
0.62968
0.753562
0.581978
0.640614
0.607177
0.508174
0.608815
0.589104
0.672933
0.458381
0.726141
0.445302
0.489586
0.290081
0.39907
0.46493
0.619824
0.792392
0.642377
0.524174
0.706554
0.628366
0.670898
0.56929
0.527129
0.294561
0.422486
0.516932
0.840704
0.827152
0.664707
0.640148
0.740321
0.634892
0.57421
0.647583
0.605896
0.795825
0.532928
0.592524
0.458129
0.675993
0.875986
0.416012
0.596288
0.76052
0.751604
0.516479
0.660882
0.442289
0.623181
0.398334
0.558453
0.498161
0.575213
0.76804
0.524914
0.421341
0.656553
0.758441
0.639344
0.54164
0.618261
0.769278
0.593172
0.37922
0.508248
0.364575
0.493354
0.571202
0.642187
0.530422
0.492858
0.612941
0.678168
0.515877
0.730598
0.476792
0.790272
0.732827
0.767722
0.801457
0.583817
0.453587
0.747112
0.331487
0.601572
0.586686
0.825402
0.781399
0.622883
0.434374
0.606756
0.754117
0.496762
0.269768
0.252724
0.677478
0.570795
0.393707
0.474342
0.445409
0.531869
0.610778
0.557002
0.35099
0.344295
0.870627
0.506593
0.411264
0.650845
0.410954
0.252924
0.594361
0.690234
0.372345
0.64681
0.353818
0.47602
0.518743
0.564022
0.548172
0.618413
0.57487
0.45264
0.502256
0.76852
0.834676
0.444561
0.716424
0.391187
0.893054
0.532009
0.401467
0.640912
0.38787
0.513132
0.616759
0.587047
0.522343
0.616587
0.423046
0.500134
0.695347
0.536368
0.541172
0.64961
0.491742
0.420649
0.354752
0.750829
0.296662
0.608019
0.514608
0.730712
0.524233
0.618468
0.524272
0.673494
0.611756
0.707768
0.631988
0.553604
0.458172
0.578047
0.321642
0.59898
0.487416
0.706796
0.43485
0.647473
0.727002
0.676545
0.583005
0.784559
0.604378
0.650418
0.599867
0.780617
0.559381
0.712764
0.441358
0.571775
0.567672
0.507744
0.470477
0.532522
0.541528
0.642318
0.34889
0.750049
0.672446
0.548184
0.639945
0.60323
0.571827
0.568706
0.457746
0.550495
0.489256
0.872793
0.469848
0.412762
0.410661
0.330587
0.614159
0.41826
0.526562
0.537488
0.579569
0.338242
0.520203
0.5998
0.450107
0.664311
0.346255
0.555637
0.487166
0.658051
0.694485
0.734971
0.708166
0.595929
0.444277
0.670543
0.376072
0.419545
0.656403
0.529098
0.843655
0.589385
0.446733
0.490769
0.506972
0.73752
0.636174
0.394859
0.600591
0.629476
0.582382
0.500905
0.523977
0.547485
0.445919
0.623953
0.551145
0.597522
0.507439
0.609207
0.546412
0.599632
0.604757
0.699252
0.477763
0.462732
0.530364
0.419214
0.560466
0.594083
0.601583
0.595484
0.673191
0.580994
0.49432
0.596688
0.677328
0.4961
0.461049
0.662707
0.345314
0.558831
0.688932
0.5448
0.503125
0.504577
0.743613
0.420976
0.534962
0.801701
0.740145
0.401005
0.693243
0.391934
0.725912
0.455811
0.555954
0.56575
0.594632
0.520781
0.444773
0.632516
0.423042
0.804789
0.552172
0.758896
0.585533
0.716917
0.493791
0.505448
0.595379
0.565221
0.592059
0.273085
0.44642
0.467627
0.406267
0.523194
0.756102
0.575931
0.493978
0.416676
0.493584
0.378313
0.550617
0.523765
0.781449
0.585194
0.61944
0.63954
0.669455
0.551532
0.825357
0.49405
0.622533
0.517667
0.409775
0.607925
0.637521
0.520894
0.525095
0.411802
0.388289
0.461473
0.527515
0.584258
0.664862
0.346308
0.691232
0.569165
0.710832
0.507575
0.458634
0.902006
0.462401
0.59616
0.530284
0.416642
0.552395
0.593998
0.851636
0.555059
0.361636
0.837309
0.550701
0.497044
0.569798
0.402139
0.660912
0.458799
0.391697
0.641762
0.570831
0.597625
0.699647
0.658488
0.487843
0.844945
0.489411
0.688513
0.349631
0.513175
0.567997
0.719739
0.526407
0.617258
0.50089
0.589494
0.631496
0.528963
0.622314
0.455451
0.587341
0.676469
0.647013
0.431157
0.518783
0.544407
0.6809
0.616542
0.665489
0.443136
0.541569
0.578195
0.51139
0.785888
0.516955
0.533498
0.523121
0.299026
0.47419
0.519881
0.522429
0.624653
0.848299
0.527153
0.488486
0.515395
0.699752
0.452103
0.749148
0.504312
0.484281
0.395388
0.522516
0.584262
0.52241
0.307879
0.487826
0.586103
0.616758
0.709272
0.419761
0.461734
0.377052
0.655193
0.686326
0.567594
0.381398
0.489791
0.51604
0.393093
0.417884
0.420125
0.512226
0.437324
0.675189
0.708527
0.515888
0.670204
0.395733
0.707875
0.539578
0.56605
0.436697
0.363672
0.700066
0.458626
0.659264
0.313798
0.48978
0.297665
0.571019
0.587394
0.32575
0.523548
0.543452
0.535579
0.745002
0.533443
0.458067
0.274048
0.581651
0.659038
0.386967
0.462913
0.499922
0.438245
0.524124
0.692335
0.532714
0.620974
0.55786
0.442919
0.57091
0.367443
0.505952
0.431536
0.49608
0.503558
0.567671
0.49226
0.732972
0.626292
0.518592
0.417703
0.429952
0.505062
0.310325
0.476394
0.777696
0.571214
0.693329
0.445295
0.561492
0.417575
0.717621
0.798669
0.611935
0.520068
0.456523
0.621323
0.439003
0.719509
0.500127
0.775277
0.626462
0.659641
0.662244
0.504002
0.652746
0.856783
0.309166
0.617146
0.70697
0.607889
0.626193
0.433812
0.389769
0.486077
0.57017
0.396322
0.71592
0.540537
0.488927
0.735788
0.445245
0.519511
0.478577
0.58759
0.778864
0.754147
0.711946
0.507085
0.322884
0.36008
0.419869
0.712759
0.366935
0.634479
0.646058
0.702273
0.736416
0.750109
0.40302
0.399973
0.569958
0.40733
0.44421
0.745925
0.345194
0.440851
0.556659
0.725512
0.551988
0.505822
0.754299
0.4697
0.654277
0.674777
0.422518
0.478663
0.414922
0.509903
0.707393
0.430649
0.568309
0.590363
0.508936
0.610688
0.442904
0.619057
0.676896
0.624332
0.807852
0.475496
0.637763
0.716051
0.428274
0.643914
0.715217
0.403281
0.750618
0.478817
0.660642
0.316838
0.659442
0.626886
0.68584
0.520863
0.503195
0.388218
0.407358
0.582882
0.530174
0.510773
0.663464
0.631318
0.459761
0.538023
0.609683
0.449113
0.690186
0.634457
0.56883
0.613882
0.480677
0.615878
0.56311
0.489244
0.624958
0.587497
0.714295
0.595092
0.405425
0.914874
0.473802
0.707681
0.600271
0.449738
0.679806
0.471244
0.478365
0.773387
0.714361
0.431175
0.381131
0.414753
0.630768
0.608471
0.661808
0.458916
0.65332
0.854295
0.468544
0.503351
0.338828
0.527091
0.680261
0.789209
0.715056
0.474668
0.6289
0.480463
0.430245
0.575337
0.463056
0.474361
0.707589
0.633838
0.534661
0.532523
0.497037
0.583614
0.588169
0.532226
0.657369
0.64383
0.412607
0.578159
0.436514
0.453701
0.49863
0.705242
0.424608
0.88464
0.79668
0.58418
0.616425
0.62102
0.369158
0.45993
0.57111
0.569824
0.493152
0.578435
0.665703
0.595457
0.595804
0.496667
0.760079
0.70665
0.535319
0.716726
0.869244
0.500065
0.461154
0.461447
0.473966
0.316493
0.610403
0.678042
0.825006
0.641382
0.662917
0.694756
0.574223
0.60373
0.66933
0.67852
0.660576
0.649923
0.529276
0.497281
0.4843
0.612464
0.58458
0.743136
0.576873
0.533657
0.599071
0.736886
0.649365
0.598028
0.479807
0.547027
0.438847
0.439019
0.414138
0.629502
0.537737
0.508582
0.665937
0.629889
0.650682
0.651724
0.373354
0.44609
0.543728
0.426856
0.51025
0.789011
0.674282
0.401427
0.62959
0.622793
0.752692
0.494612
0.532706
0.622259
0.68623
0.515055
0.507488
0.60801
0.598159
0.791265
0.31946
0.413314
0.464107
0.664435
0.562564
0.553149
0.369771
0.531386
0.613906
0.433165
0.5083
0.553556
0.560703
0.622827
0.35667
0.636772
0.512177
0.526514
0.601682
0.630535
0.50428
0.322827
0.631493
0.555275
0.429024
0.824268
0.533109
0.581071
0.601171
0.719019
0.57108
0.63326
0.487084
0.754962
0.450495
0.61466
0.6542
0.274847
0.361784
0.385185
0.458348
0.86675
0.654409
0.346858
0.379836
0.639615
0.287677
0.666217
0.587664
0.697209
0.495591
0.526305
0.389209
0.334479
0.345017
0.544941
0.427068
0.617107
0.632593
0.478916
0.498861
0.543897
0.567037
0.244128
0.779906
0.479224
0.5443
0.59456
0.511376
0.374718
0.403368
0.71897
0.588022
0.424073
0.539933
0.503387
0.566166
0.621381
0.310114
0.546004
0.431172
0.579129
0.489634
0.54443
0.807714
0.430602
0.378134
0.754544
0.485279
0.540457
0.437759
0.563191
0.502276
0.854718
0.744225
0.497593
0.523047
0.524229
0.586795
0.345786
0.820946
0.428109
0.575816
0.703797
0.692961
0.424446
0.546165
0.562052
0.435323
0.536065
0.546108
0.561566
0.434878
0.493663
0.466596
0.51647
0.557113
0.704041
0.475054
0.610222
0.6286
0.708943
0.478787
0.498022
0.823212
0.47804
0.62853
0.366931
0.614271
0.622392
0.40388
0.557612
0.545783
0.691855
0.276956
0.601857
0.568982
0.483319
0.598482
0.591009
0.580312
0.505375
0.306889
0.310875
0.635529
0.678623
0.717481
0.35168
0.642948
0.663492
0.585564
0.527564
0.52044
0.578074
0.746433
0.559322
0.519831
0.612036
0.406703
0.42146
0.593848
0.67216
0.643965
0.60873
0.507071
0.76243
0.578042
0.696056
0.359728
0.671352
0.500602
0.522774
0.571091
0.519143
0.420259
0.616694
0.535071
0.365021
0.670207
0.512909
0.463255
0.588707
0.614413
0.589239
0.469885
0.663246
0.443099
0.561443
0.511876
0.64941
0.420055
0.410237
0.710701
0.383949
0.644552
0.742357
0.351433
0.63981
0.541493
0.805407
0.442697
0.658799
0.415501
0.651061
0.731945
0.375696
0.66217
0.472887
0.784381
0.50659
0.412117
0.513613
0.732326
0.582007
0.552319
0.398546
0.700135
0.682433
0.569431
0.375894
0.45708
0.470871
0.394312
0.810647
0.480744
0.714969
0.535704
0.48429
0.663219
0.502413
0.533597
0.596236
0.557689
0.477636
0.473543
0.633603
0.801709
0.67731
0.457358
0.643931
0.620339
0.589368
0.514737
0.498235
0.586204
0.581383
0.469523
0.649952
0.488759
0.52664
0.384112
0.406896
0.592946
0.482896
0.564929
0.507758
0.472768
0.453982
0.433582
0.709285
0.57309
0.419269
0.461129
0.401071
0.505908
0.731417
0.611313
0.413525
0.521324
0.450139
0.546121
0.398836
0.455616
0.249147
0.352997
0.406842
0.445951
0.42956
0.595408
0.679341
0.653104
0.67039
0.624418
0.643786
0.539743
0.727762
0.504452
0.5987
0.645598
0.515171
0.74204
0.68752
0.628201
0.524196
0.36011
0.417934
0.663008
0.71005
0.504035
0.644375
0.454455
0.438719
0.935328
0.420833
0.559109
0.447487
0.792125
0.587422
0.649537
0.544572
0.672027
0.63717
0.464655
0.408738
0.314057
0.670306
0.585208
0.720965
0.598218
0.583029
0.624306
0.45218
0.457322
0.652896
0.706431
0.466785
0.515896
0.361841
0.668269
0.642021
0.488438
0.504436
0.433845
0.565667
0.580876
0.647789
0.553469
0.47659
0.676552
0.633179
0.377773
0.603411
0.61241
0.521235
0.5311
0.473337
0.722879
0.412235
0.479345
0.811382
0.414014
0.514787
0.582845
0.578113
0.484137
0.659416
0.548341
0.720264
0.364042
0.373495
0.329087
0.691145
0.467295
0.319434
0.638315
0.540169
0.594788
0.493083
0.610733
0.559611
0.445981
0.738101
0.709295
0.538195
0.688554
0.53174
0.581483
0.676977
0.548761
0.537169
0.589713
0.840008
0.610085
0.408063
0.569027
0.374446
0.540508
0.51193
0.483497
0.562982
0.600419
0.51132
0.533178
0.394488
0.304658
0.596291
0.80003
0.638717
0.553663
0.335755
0.627426
0.639262
0.549254
0.661787
0.219582
0.413765
0.639965
0.578503
0.476873
0.554129
1.08291
0.408641
0.465851
0.482275
0.410407
0.442428
0.487198
0.55228
0.632174
0.402852
0.463276
0.737159
0.639716
0.384895
0.589794
0.490983
0.487969
0.489797
0.563133
0.348651
0.476299
0.619359
0.579163
0.754384
0.433124
0.407784
0.814993
0.620601
0.652835
0.734765
0.724841
0.538923
0.492181
0.441986
0.465763
0.391254
0.700336
0.728967
0.352243
0.712648
0.548013
0.45027
0.777643
0.593942
0.65218
0.450542
0.771053
0.484497
0.381646
0.521117
0.400189
0.603899
0.377263
0.398449
0.803957
0.478196
0.775058
0.421547
0.562794
0.502398
0.410532
0.54118
0.649457
0.84327
0.378593
0.356663
0.719929
0.658041
0.643637
0.493846
0.650428
0.381082
0.58478
0.733146
0.469955
0.426397
0.483539
0.575933
0.5245
0.629546
0.660607
0.604032
0.684224
0.760395
0.548345
0.692119
0.455241
0.464341
0.602874
0.451966
0.805541
0.390491
0.610995
0.646106
0.744618
0.557669
0.653154
0.601851
0.492468
0.516228
0.642481
0.52559
0.677669
0.509218
0.420269
0.617207
0.706729
0.654527
0.652918
0.467203
0.40522
0.391793
0.580022
0.54914
0.445935
0.308756
0.573311
0.494401
0.634894
0.692861
0.524593
0.43933
0.39538
0.416686
0.348706
0.552866
0.586579
0.407902
0.523345
0.695389
0.36878
0.67914
0.483173
0.453578
0.432928
0.532199
0.65645
0.523775
0.43982
0.51691
0.619014
0.537657
0.464017
0.384887
0.656581
0.807211
0.449498
0.569551
0.581549
0.385316
0.396738
0.634819
0.336321
0.317022
0.584936
0.64865
0.582616
0.669459
0.744833
0.661414
0.740707
0.863678
0.708533
0.555154
0.570057
0.289422
0.486455
0.697469
0.577584
0.691446
0.490996
0.560743
0.509708
0.517253
0.332552
0.520598
0.602762
0.54626
0.676411
0.672758
0.463313
0.508685
0.463969
0.564641
0.575295
0.425559
0.496371
0.690241
0.925527
0.532933
0.569111
0.458419
0.670341
0.525311
0.6818
0.611777
0.798851
0.513546
0.82562
0.54738
0.60265
0.672368
0.434128
0.430948
0.612399
0.628169
0.521003
0.447296
0.663992
0.524703
0.53714
0.48399
0.686247
0.561722
0.584323
0.478173
0.366733
0.549306
0.609443
0.504345
0.567308
0.512929
0.413213
0.443143
0.504683
0.624081
0.764558
0.611107
0.779406
0.556035
0.507183
0.492663
0.640551
0.697377
0.599387
0.522678
0.82401
0.441918
0.609039
0.639473
0.582496
0.613303
0.463233
0.552222
0.835546
0.916317
0.367002
0.615938
0.649248
0.593367
0.564181
0.635312
0.551305
0.696742
0.449798
0.430757
0.597508
0.358189
0.648575
0.562192
0.487938
0.545532
0.668327
0.670596
0.682368
0.639675
0.669419
0.472164
0.564285
0.582652
0.675063
0.70294
0.471467
0.49261
0.646021
0.647699
0.696002
0.804946
0.838607
0.645317
0.571551
0.58495
0.668929
0.803633
0.675698
0.693256
0.544109
0.528255
0.67103
0.540391
0.58901
0.540328
0.741415
0.684198
0.614029
0.706636
0.629938
0.432145
0.554963
0.492737
0.682866
0.566436
0.493862
0.673975
0.535461
0.686441
0.652352
0.438725
0.611943
0.514134
0.479936
0.437809
0.795167
0.403003
0.655598
0.433937
0.662661
0.651304
0.430398
0.732268
0.528496
0.511067
0.538384
0.371842
0.749015
0.354024
0.797552
0.526919
0.654803
0.860749
0.571772
0.349228
0.481281
0.777373
0.465639
0.543755
0.878248
0.737514
0.427669
0.650881
0.469036
0.54846
0.491507
0.536597
0.653097
0.67516
0.497052
0.451313
0.602675
0.47108
0.437433
0.452539
0.671455
0.527194
0.70401
0.700953
0.509159
0.829488
0.51162
0.417357
0.632089
0.606734
0.607332
0.711337
0.975526
0.408239
0.66299
0.588182
0.643093
0.858053
0.403315
0.536257
0.349622
0.598195
0.521188
0.798052
0.540919
0.385923
0.670697
0.446067
0.405501
0.732833
0.501471
0.526235
0.595295
0.649917
0.599104
0.68428
0.393538
0.481964
0.748254
0.648486
0.902277
0.627023
0.467773
0.547493
0.677464
0.471189
0.630504
0.749807
0.465821
0.585286
0.573312
0.394449
0.556515
0.609491
0.590261
0.570469
0.627703
0.772194
0.706831
0.455113
0.493934
0.774742
0.559376
0.300206
0.761776
0.883801
0.34162
0.738413
0.555378
0.459181
0.684122
0.418389
0.629916
0.621346
0.546454
0.516929
0.796662
0.535387
0.347177
0.494925
0.396823
0.762308
0.756878
0.559963
0.476372
0.451694
0.321647
0.392362
0.435355
0.567709
0.411993
0.567723
0.496376
0.764877
0.623938
0.64577
0.507814
0.4731
0.585434
0.782584
0.531156
0.598602
0.53709
0.445156
0.569681
0.615892
0.807762
0.608581
0.439794
0.392194
0.632368
0.512404
0.692101
0.584632
0.556811
0.461099
0.785377
0.545463
0.573502
0.60713
0.470353
0.512417
0.691846
0.597646
0.490479
0.651918
0.583536
0.698806
0.780243
0.400402
0.591792
0.583689
0.475525
0.729517
0.511743
0.918153
0.444876
0.629818
0.37519
0.455053
0.625387
0.5249
0.48002
0.597203
0.442436
0.415987
0.658243
0.527261
0.711926
0.630617
0.48925
0.437606
0.623673
0.533957
0.667321
0.582608
0.536553
0.482095
0.633978
0.883334
0.742197
0.497081
0.409991
0.480309
0.524843
0.490579
0.911294
0.90388
0.414292
0.485384
0.710867
0.444393
0.59189
0.435019
0.486985
0.402559
0.410525
0.491865
0.53627
0.459732
0.527602
0.404615
0.548813
0.471164
0.583276
0.509599
0.604281
0.379774
0.410782
0.46603
0.433208
0.359701
0.736219
0.586319
0.605829
0.663058
0.553947
0.605683
0.549235
0.532566
0.621374
0.67434
0.640297
0.547485
0.620189
0.420042
0.661406
0.557972
0.623405
0.585399
0.511891
0.507121
0.430741
0.425845
0.559817
0.649438
0.676983
0.876323
0.66943
0.392928
0.486277
0.709939
0.615153
0.482462
0.684057
0.558732
0.544998
0.566531
0.762479
0.387071
0.575262
0.543177
0.53173
0.447651
0.70673
0.593268
0.737519
0.401317
0.576685
0.482813
0.731703
0.294924
0.558429
0.495525
0.54404
0.362663
0.459077
0.528405
0.460101
0.826748
0.624389
0.529622
0.806259
0.641304
0.497168
0.541696
0.468304
0.793525
0.597265
0.541296
0.389764
0.515559
0.629439
0.55084
0.790594
0.626673
0.652165
0.881246
0.627744
0.584842
0.632904
0.523132
0.777775
0.710836
0.519316
0.593395
0.615454
0.565526
0.575039
0.638934
0.481941
0.847324
0.49638
0.528913
0.581666
0.699159
0.692126
0.489232
0.628156
0.574276
0.635676
0.278194
0.41572
0.761623
0.517945
0.537237
0.584531
0.639413
0.321354
0.754719
0.623152
0.5142
0.530079
0.554227
0.625684
0.737569
0.428699
0.526913
0.453493
0.56415
0.659356
0.505296
0.721812
0.547792
0.447277
0.538581
0.455259
0.591657
0.416126
0.537789
0.417573
0.738279
0.301147
0.598025
0.535462
0.468161
0.604007
0.574942
0.565508
0.42649
0.562007
0.367517
0.51806
0.469222
0.501275
0.559819
0.579399
0.730336
0.422003
0.465245
0.560174
0.536556
0.551978
0.527548
0.295597
0.593197
0.314177
0.340115
0.401382
0.508329
0.569311
0.786672
0.503848
0.378325
0.342536
0.797463
0.614949
0.731915
0.510183
0.724599
0.438038
0.56566
0.385688
0.420369
0.441887
0.465088
0.751328
0.277512
0.640768
0.429695
0.51652
0.600142
0.391601
0.548309
0.553844
0.353122
0.61256
0.672783
0.447239
0.446423
0.56773
0.476836
0.655206
0.635036
0.363309
0.709433
0.564957
0.597812
0.297734
0.434486
0.737485
0.702029
0.424106
0.403574
0.740383
0.484449
0.510944
0.396047
0.53745
0.463509
0.666712
0.466785
0.650172
0.460737
0.687557
0.526447
0.450457
0.752613
0.415098
0.55892
0.400134
0.45297
0.612148
0.625231
0.391729
0.671889
0.584789
0.76633
0.41873
0.636568
0.562942
0.659038
0.463588
0.435006
0.58067
0.573801
0.599388
0.636215
0.61594
0.603601
0.807516
0.595614
0.43828
0.560962
0.801088
0.360146
0.575897
0.451722
0.433377
0.6293
0.526931
0.835597
0.618968
0.631186
0.429695
0.359907
0.629299
0.408573
0.429519
0.672496
0.732853
0.505799
0.535899
0.482864
0.659404
0.572664
0.778511
0.508637
0.798924
0.628679
0.611529
0.370958
0.378172
0.843106
0.749356
0.568296
0.559954
0.533477
0.625273
0.502452
0.537605
0.649967
0.601579
0.418377
0.563546
0.54459
0.736982
0.372292
0.877112
0.565438
0.642688
0.566838
0.630813
0.37324
0.489014
0.447396
0.338791
0.99809
0.575975
0.347616
0.695525
0.364945
0.578316
0.487143
0.497426
0.805033
0.541761
0.785448
0.583977
0.628218
0.716973
0.442153
0.437444
0.909873
0.593965
0.475621
0.461165
0.58716
0.686531
0.527042
0.285305
0.56563
0.381403
0.389436
0.580986
0.547177
0.622418
0.362832
0.61802
0.585137
0.515624
0.402373
0.719052
0.415597
0.388577
0.639297
0.525848
0.609422
0.440409
0.635105
0.819352
0.561302
0.431739
0.804125
0.543173
0.704242
0.571189
0.500471
0.595671
0.44872
0.528567
0.586125
0.648768
0.473561
0.509779
0.708882
0.482617
0.538405
0.771986
0.61188
0.683821
0.781316
1.12471
0.551233
0.320594
0.575534
0.58963
0.566563
0.788438
0.597668
0.72303
0.651073
0.501303
0.684919
0.385275
0.442115
0.611775
0.566782
0.455178
0.651536
0.505566
0.606376
0.367251
0.290376
0.834692
0.519835
0.644508
0.410187
0.513527
0.326392
0.399143
0.637982
0.439981
0.316128
0.646216
0.594175
0.431193
0.40099
0.653317
0.371039
0.756427
0.528986
0.420618
0.653581
0.701196
0.70777
0.652862
0.899853
0.88997
0.633167
0.585644
0.63331
0.741571
0.493001
0.542492
0.670606
0.659773
0.487543
0.582466
0.301105
0.607991
0.742614
0.687734
0.527211
0.421602
0.593702
0.529173
0.997256
0.41461
0.471296
0.56923
0.625669
0.400345
0.531505
0.417858
0.691843
0.561395
0.444615
0.549112
0.453193
0.575941
0.701565
0.584461
0.3681
0.640891
0.642859
0.665813
0.637491
0.405868
0.424224
0.447626
0.481877
0.726604
0.553352
0.458661
0.538018
0.565066
0.6579
0.67099
0.580597
0.606765
0.606197
0.339625
0.613245
0.795843
0.726125
0.438757
0.676955
0.516708
0.753028
0.643449
0.520938
0.557244
0.250528
0.652863
0.75585
0.597877
0.537882
0.584983
0.336895
0.464198
0.505251
0.651873
0.764843
0.760774
0.549587
0.964141
0.634282
0.782608
0.39003
0.45055
0.311508
0.674918
0.661022
0.504263
0.360253
0.484888
0.403047
0.583761
0.767363
0.594104
0.627666
0.719962
0.713476
0.377947
0.675428
0.836839
0.324702
0.78256
0.627715
0.645723
0.579867
0.567158
0.40819
0.550338
0.488885
0.705535
0.590784
0.610592
0.542713
0.445901
0.657964
0.641029
0.646881
0.561483
0.464474
0.603597
0.23467
0.505522
0.475192
0.60211
0.606333
0.72606
0.629152
0.495125
0.719952
0.867813
0.457781
0.524205
0.5793
0.699261
0.415932
0.678778
0.646434
0.695379
0.488452
0.723707
0.618205
0.454074
0.654046
0.49367
0.667609
0.469536
0.654581
0.597313
0.456675
0.496576
0.644717
0.68241
0.593291
0.646372
0.657931
0.550446
0.668388
0.477713
0.371358
0.560702
0.635964
0.59095
0.664729
0.66965
0.672323
0.574839
0.570409
0.742188
0.48409
0.680223
0.312643
0.35473
0.582194
0.498805
0.468782
0.615116
0.547654
0.474211
0.480376
0.564823
0.73504
0.540198
0.649191
0.523265
0.640527
0.389558
0.602722
0.717116
0.644008
0.485739
0.381075
0.458848
0.760569
0.518217
0.548438
0.478217
0.577791
0.597757
0.506426
0.631965
0.758774
0.67853
0.527733
0.590977
0.521179
0.620369
0.523838
0.651818
0.387429
0.389181
0.336963
0.434448
0.630819
0.488756
0.547192
0.55292
0.363682
0.456595
0.618805
0.716044
0.492036
0.39788
0.636723
0.55055
0.464559
0.53007
0.858872
0.586965
0.51684
0.367406
0.474548
0.624838
0.413911
0.744464
0.565955
0.464341
0.869101
0.538374
0.53781
0.681946
0.53563
0.573565
0.561711
0.772291
0.716375
0.587916
0.319185
0.356926
0.523304
0.557025
0.510886
0.710197
0.46937
0.514682
0.450489
0.493087
0.486552
0.324613
0.561945
0.694832
0.350229
0.600654
0.449229
0.52671
0.451499
0.667704
0.590597
0.548702
0.647955
0.463202
0.568503
0.476908
0.614293
0.476026
0.690999
0.577909
0.469991
0.343054
0.632595
0.372605
0.679578
0.488964
0.426479
0.596644
0.544805
0.599019
