0
0.0468218
0.0786814
0.111315
0.144132
0.177483
0.212717
0.247759
0.280623
0.314465
0.348288
0.384968
0.419245
0.453856
0.490271
0.526805
0.565749
0.603691
0.640061
0.675874
0.70993
0.749949
0.788729
0.826665
0.860758
0.901785
0.941804
0.979933
1.01907
1.06097
1.10492
1.14432
1.18921
1.22956
1.27372
1.31822
1.35347
1.39003
1.4284
1.46669
1.51239
1.55028
1.59528
1.6419
1.69756
1.74044
1.78731
1.83425
1.8803
1.92373
1.96026
2.00659
2.04894
2.08877
2.1446
2.1927
2.23874
2.28226
2.31922
2.36275
2.39874
2.44964
2.49187
2.53737
2.58181
2.6277
2.67163
2.71677
2.7668
2.81571
2.85512
2.89674
2.93907
2.97945
3.02086
3.05024
3.08974
3.14252
3.18292
3.24055
3.28786
3.32917
3.35647
3.40652
3.44195
3.48987
3.53026
3.5616
3.61498
3.65138
3.68902
3.72897
3.75822
3.80872
3.84424
3.88338
3.92725
3.9588
3.99896
4.03686
4.07566
4.11749
4.16007
4.19566
4.23035
4.26513
4.31582
4.32643
4.37218
4.4143
4.46014
4.48237
4.50584
4.55655
4.58945
4.63873
4.66669
4.70584
4.74552
4.77399
4.80522
4.8512
4.89137
4.92397
4.94362
4.96919
5.00232
5.02888
5.0649
5.08307
5.12563
5.15459
5.19394
5.22654
5.2408
5.27973
5.30009
5.33501
5.37464
5.40486
5.4491
5.47998
5.49351
5.51805
5.5409
5.57315
5.60019
5.64528
5.6688
5.71131
5.74451
5.79055
5.80019
5.84549
5.87279
5.90091
5.93327
5.94479
5.98325
6.02387
6.05784
6.07777
6.11272
6.14081
6.15472
6.19188
6.22831
6.25446
6.28032
6.28874
6.30615
6.33715
6.37195
6.40023
6.42813
6.46281
6.48814
6.48558
6.49966
6.53262
6.56776
6.59588
6.63387
6.64937
6.66359
6.69621
6.73485
6.75746
6.77315
6.79733
6.80099
6.83537
6.84056
6.88205
6.91491
6.95105
6.98766
7.01741
7.03483
7.0432
7.05982
7.07665
7.10739
7.1229
7.13699
7.14146
7.16279
7.18231
7.21529
7.2497
7.28872
7.30168
7.33045
7.36195
7.38381
7.39293
7.42704
7.43935
7.45949
7.49343
7.4967
7.51009
7.53522
7.55333
7.56982
7.59831
7.62723
7.64272
7.67111
7.68084
7.69966
7.72473
7.75166
7.76281
7.78982
7.80415
7.83237
7.86382
7.90011
7.91791
7.95741
7.97324
7.98426
8.00242
8.01761
8.01272
8.00289
8.02559
8.0675
8.07997
8.08394
8.11932
8.14737
8.18819
8.18864
8.21167
8.20152
8.21524
8.2101
8.22099
8.24898
8.2416
8.25514
8.26974
8.28328
8.27748
8.29693
8.30568
8.33933
8.39155
8.41978
8.43998
8.47889
8.5
8.50473
8.48686
8.523
8.53779
8.5379
8.53801
8.55177
8.56232
8.58904
8.61275
8.65054
8.65485
8.67192
8.70709
8.72076
8.74207
8.75257
8.74488
8.76767
8.77053
8.80745
8.80033
8.81325
8.82823
8.85169
8.89112
8.93648
8.95632
8.97968
8.99808
9.01889
9.04587
9.01383
9.03885
9.0501
9.08155
9.06567
9.09657
9.13707
9.14519
9.19203
9.18191
9.18094
9.20521
9.21151
9.2216
9.24288
9.24703
9.29197
9.30971
9.32698
9.34556
9.36772
9.38736
9.37868
9.39984
9.38871
9.41051
9.43538
9.44895
9.45662
9.47806
9.47972
9.51158
9.55121
9.56196
9.58748
9.6066
9.59924
9.59922
9.62562
9.60917
9.62557
9.63664
9.6575
9.68003
9.66086
9.66931
9.68082
9.71564
9.7217
9.75305
9.75693
9.74931
9.77427
9.78748
9.79861
9.80076
9.80186
9.80338
9.81739
9.84096
9.86851
9.86926
9.89086
9.89586
9.90307
9.89373
9.88521
9.90131
9.92489
9.93837
9.93602
9.96363
9.99791
10.0098
9.99758
10.017
10.0528
10.0858
10.0922
10.073
10.0811
10.1046
10.1232
10.1167
10.12
10.1459
10.0974
10.1286
10.1425
10.1596
10.1828
10.1778
10.1838
10.1739
10.1967
10.1844
10.1836
10.1914
10.2252
10.2571
10.2759
10.2856
10.2748
10.2682
10.2822
10.2826
10.264
10.2718
10.2905
10.31
10.33
10.3179
10.3265
10.3168
10.2979
10.3107
10.2966
10.2702
10.3015
10.3298
10.3349
10.3477
10.3684
10.3865
10.4063
10.391
10.4048
10.4252
10.3837
10.35
10.361
10.3618
10.3512
10.3503
10.3394
10.3254
10.3391
10.3436
10.3585
10.3449
10.3375
10.3507
10.3606
10.3832
10.3682
10.3643
10.3718
10.4006
10.417
10.4384
10.4487
10.4283
10.4408
10.4358
10.4704
10.4795
10.5083
10.5291
10.5476
10.5539
10.5977
10.5994
10.6069
10.6365
10.6352
10.6512
10.6172
10.6235
10.6241
10.6574
10.6603
10.6954
10.7119
10.7284
10.7414
10.7527
10.7682
10.7402
10.7391
10.7431
10.746
10.7788
10.7897
10.8063
10.8377
10.8406
10.8337
10.8357
10.8486
10.8501
10.855
10.8861
10.9074
10.8639
10.8856
10.8985
10.9217
10.9327
10.9564
10.9677
10.9797
10.9897
10.9673
10.9519
10.9889
10.9978
10.9628
10.9707
10.9542
10.9649
10.9408
10.9525
10.9602
10.9836
10.9718
10.9699
10.9586
10.9457
10.9622
10.9507
10.9368
10.964
10.9592
10.974
10.9835
10.9848
11.0102
10.9939
11.0135
11.0346
11.0335
11.0182
11.0328
11.0394
11.0786
11.0777
11.1067
11.1003
11.1235
11.1664
11.1477
11.1632
11.2017
11.1864
11.2057
11.2132
11.2099
11.2148
11.2346
11.2244
11.2223
11.2151
11.2359
11.246
11.2586
11.2514
11.246
11.2079
11.2175
11.2269
11.2468
11.2247
11.2165
11.1959
11.1831
11.1764
11.1817
11.1941
11.2009
11.1665
11.1613
11.1203
11.0983
11.0908
11.1136
11.1195
11.1124
11.1249
11.0929
11.0653
11.0533
11.0726
11.0941
11.1004
11.0968
11.0954
11.1042
11.1005
11.1344
11.1491
11.1324
11.1257
11.1245
11.1475
11.1754
11.186
11.1831
11.1723
11.1769
11.1544
11.1609
11.1984
11.1149
11.1233
11.1366
11.1497
11.1458
11.1378
11.1596
11.1767
11.1353
11.1668
11.1405
11.1437
11.1676
11.1683
11.1422
11.1522
11.16
11.1848
11.1764
11.206
11.2313
11.1944
11.2228
11.2623
11.2584
11.2631
11.2698
11.2827
11.3075
11.3405
11.3355
11.313
11.299
11.3078
11.3164
11.3112
11.2967
11.3098
11.2874
11.2856
11.3003
11.3096
11.3201
11.3271
11.3206
11.3539
11.3579
11.3729
11.3769
11.3682
11.3596
11.3832
11.3964
11.4331
11.4669
11.4917
11.4812
11.4748
11.4629
11.4591
11.4631
11.4752
11.466
11.4839
11.4873
11.4936
11.5212
11.5236
11.5061
11.5062
11.4814
11.5187
11.5307
11.5041
11.5173
11.4967
11.5062
11.4889
11.4884
11.5049
11.4875
11.5013
11.5271
11.514
11.5101
11.5108
11.4826
11.4706
11.4785
11.5043
11.4962
11.4767
11.4623
11.4329
11.4527
11.4873
11.5031
11.5233
11.4891
11.5155
11.5099
11.5113
11.5241
11.5311
11.5428
11.5597
11.5526
11.5448
11.5191
11.5118
11.514
11.5015
11.4813
11.4669
11.4942
11.5035
11.4975
11.5218
11.5639
11.5254
11.5209
11.5462
11.5806
11.5988
11.5312
11.5306
11.5382
11.5507
11.5421
11.5448
11.54
11.535
11.5655
11.5774
11.5671
11.547
11.5745
11.5659
11.5608
11.5689
11.5741
11.5592
11.5737
11.5557
11.5586
11.5578
11.5846
11.5804
11.59
11.5811
11.5868
11.592
11.5732
11.5346
11.5538
11.5405
11.5576
11.5735
11.5792
11.6059
11.5951
11.6013
11.5777
11.5815
11.5917
11.5767
11.6235
11.6021
11.6439
11.6447
11.6297
11.607
11.6177
11.6125
11.6232
11.6299
11.6561
11.6435
11.6084
11.6299
11.6524
11.6448
11.6533
11.6757
11.6907
11.6923
11.6955
11.7144
11.7547
11.7771
11.7911
11.8088
11.8187
11.7782
11.7813
11.801
11.7939
11.8164
11.8235
11.8331
11.8366
11.8515
11.8353
11.8194
11.8478
11.852
11.8842
11.9045
11.9179
11.9181
11.9343
11.9717
11.9857
11.981
11.9647
11.9289
11.8953
11.9141
11.8878
11.9165
11.9356
11.9077
11.8917
11.886
11.9082
11.9347
11.9179
11.9124
11.9071
11.9091
11.8609
11.8231
11.801
11.7605
11.7832
11.7821
11.7921
11.8039
11.8005
11.8192
11.8526
11.8722
11.8607
11.8639
11.8306
11.8559
11.8753
11.8662
11.89
11.8961
11.9308
11.9576
11.918
11.9135
11.909
11.9327
11.961
11.9741
11.9792
11.9221
11.8864
11.9149
11.9051
11.9124
11.8896
11.8973
11.9317
11.9127
11.9051
11.9047
11.9143
11.9329
11.9083
11.8878
11.8713
11.8998
11.9321
11.9697
11.9586
11.9275
11.9006
11.9347
11.9466
11.965
11.986
11.9638
11.9692
11.9963
12.0027
11.9755
11.9888
12.0391
12.0589
12.0494
12.0694
12.0502
12.0424
12.045
12.0227
12.0004
11.9667
11.9646
11.9516
11.9666
11.9684
11.9999
12.0246
12.0538
12.0824
12.0841
12.0589
12.0817
12.1032
12.1096
12.1051
12.1248
12.1474
12.1304
12.1342
12.1603
12.1733
12.1665
12.1409
12.1598
12.1233
12.1591
12.178
12.16
12.1554
12.1529
12.1728
12.1602
12.1707
12.1631
12.1548
12.1873
12.1675
12.1649
12.188
12.1261
12.1661
12.1848
12.1895
12.2028
12.2101
12.1545
12.1475
12.143
12.1737
12.193
12.2189
12.2491
12.253
12.2594
12.2933
12.3153
12.2641
12.2743
12.2812
12.2628
12.2613
12.2419
12.2364
12.2287
12.2564
12.2663
12.2671
12.2875
12.3001
12.301
12.2822
12.2663
12.2523
12.2734
12.2707
12.2577
12.2972
12.3102
12.3069
12.2814
12.2627
12.2513
12.2161
12.2278
12.2124
12.1704
12.1444
12.1205
12.1172
12.1153
12.1085
12.105
12.105
12.1016
12.0975
12.1241
12.0951
12.1023
12.0985
12.0862
12.0991
12.116
12.129
12.1287
12.1103
12.1117
12.1355
12.0953
12.0848
12.0301
12.0304
12.0189
11.999
12.0228
12.031
12.0323
12.039
12.017
11.9884
11.9547
11.9728
11.9944
11.9925
11.9855
12.0155
11.9669
11.979
11.9958
12.0286
12.0291
12.0244
12.0308
12.0312
12.0286
12.0533
12.04
12.0355
12.0316
12.0301
12.0422
12.0391
12.0442
12.0348
12.0085
12.0063
11.9886
11.9548
11.9326
11.9471
11.9594
11.9937
11.9906
12.0034
12.0308
12.0413
12.0642
12.0587
12.0879
12.0985
12.1382
12.1377
12.1573
12.1688
12.1352
12.1281
12.1214
12.1624
12.1278
12.1455
12.1362
12.1597
12.1708
12.1604
12.1332
12.1598
12.1631
12.1174
12.1429
12.1543
12.1695
12.179
12.1912
12.1789
12.1454
12.1342
12.1221
12.1243
12.1174
12.0615
12.0788
12.0558
12.0858
12.0894
12.0925
12.1046
12.1111
12.1358
12.0944
12.1029
12.0881
12.0954
12.0434
12.0445
12.0313
12.0436
11.974
12.0015
12.0092
12.0132
11.9964
11.9412
11.9643
11.9566
11.9787
11.9507
11.9488
11.9647
11.9673
11.9395
11.9483
11.9039
11.8632
11.8338
11.8545
11.8356
11.8307
11.8124
11.7972
11.7743
11.7828
11.8062
11.8231
11.7891
11.7759
11.7695
11.7095
11.7183
11.7097
11.6776
11.7056
11.6873
11.6897
11.6453
11.6799
11.6913
11.7028
11.7329
11.7018
11.731
11.6971
11.6714
11.7121
11.6691
11.6793
11.6576
11.6654
11.6689
11.6902
11.7051
11.7228
11.7432
11.7335
11.6722
11.6535
11.6369
11.6101
11.5913
11.5911
11.5548
11.5649
11.5693
11.5408
11.5143
11.4939
11.4876
11.51
11.5136
11.4963
11.5413
11.5486
11.5836
11.5758
11.5705
11.5315
11.5161
11.5031
11.4956
11.4745
11.4618
11.4565
11.464
11.5015
11.4732
11.4693
11.4697
11.472
11.4776
11.4818
11.4728
11.4654
11.4502
11.4522
11.4524
11.4503
11.4727
11.4496
11.449
11.4406
11.4333
11.4417
11.4583
11.4757
11.4681
11.4649
11.4461
11.3962
11.3782
11.3719
11.402
11.4424
11.4303
11.4512
11.4665
11.4715
11.5037
11.4986
11.4852
11.5125
11.5267
11.5323
11.5406
11.5351
11.5381
11.5461
11.5521
11.5599
11.533
11.5503
11.5521
11.562
11.551
11.5373
11.5415
11.5426
11.5542
11.5757
11.5852
11.6086
11.628
11.6067
11.6064
11.6293
11.6152
11.6209
11.6042
11.5992
11.5997
11.6374
11.6616
11.6578
11.6836
11.6513
11.6376
11.6366
11.6188
11.6249
11.5833
11.6102
11.5669
11.5644
11.5953
11.6126
11.6006
11.6163
11.6415
11.6591
11.6881
11.6888
11.7055
11.6793
11.6579
11.6492
11.6591
11.6834
11.6946
11.7137
11.7459
11.7691
11.7964
11.7973
11.8118
11.8287
11.7881
11.7739
11.7779
11.7689
11.7165
11.6832
11.6827
11.666
11.6744
11.7037
11.6936
11.7092
11.7145
11.7244
11.7164
11.6942
11.6831
11.6982
11.7047
11.7179
11.738
11.7369
11.7493
11.7796
11.7724
11.7612
11.749
11.7872
11.7881
11.7793
11.8039
11.7954
11.8114
11.7811
11.7878
11.8181
11.7786
11.7698
11.7571
11.6915
11.7342
11.7141
11.7174
11.7408
11.7605
11.7415
11.743
11.7237
11.7592
11.7564
11.7384
11.761
11.8101
11.8128
11.803
11.8111
11.8165
11.821
11.8461
11.8616
11.8709
11.8634
11.9049
11.8748
11.8579
11.8497
11.8862
11.8596
11.8678
11.8954
11.9091
11.938
11.9559
11.9772
11.9527
11.9596
11.9682
11.9684
11.9768
12.0068
11.9686
11.9606
11.9567
11.9842
11.9849
11.9956
11.927
11.9435
11.9718
11.997
12.027
12.0098
12.0053
12.0172
12.0451
12.0675
12.0698
12.0661
12.0794
12.0944
12.1278
12.1205
12.0648
12.0635
12.0791
12.1125
12.1172
12.1001
12.1325
12.1137
12.0731
12.0308
12.0068
11.9868
11.9589
11.9311
11.9439
11.9461
11.9632
11.9373
11.9623
11.9827
11.9534
11.9353
11.934
11.8917
11.9172
11.9105
11.9249
11.8933
11.8593
11.8571
11.8705
11.8732
11.8908
11.9086
11.9088
11.8925
11.912
11.8951
11.9014
11.9008
11.9054
11.9221
11.9579
11.9738
11.9898
11.9835
11.9779
11.9987
12.0044
12.0193
12.0315
12.049
12.0365
12.0628
12.0545
12.0679
12.0458
12.0369
12.0437
12.0244
11.9857
11.9836
11.953
11.9487
11.9244
11.9419
11.9629
11.9736
12.0016
11.9691
11.9669
11.9537
11.9553
11.9562
11.9518
11.9613
11.9622
11.9203
11.9364
11.9576
11.9469
11.9672
11.9429
11.96
11.9499
11.9116
11.9003
11.9176
11.9329
11.9339
11.9465
11.9481
11.9427
11.9271
11.9293
11.9449
11.9596
11.9835
11.9765
11.9778
11.9994
12.018
12.0083
12.0034
12.0491
12.0754
12.0996
12.1239
12.1108
12.0914
12.0738
12.0867
12.0832
12.1072
12.0866
12.0736
12.041
12.0277
12.0181
12.0304
12.0366
12.0428
12.0204
12.0345
12.0246
12.0227
12.0424
12.0443
12.0099
11.9674
11.9807
11.9684
11.9473
11.949
11.9429
11.9227
11.8929
11.9047
11.8952
11.9102
11.9441
11.9618
11.9911
12.0129
12.009
11.972
11.9767
11.9977
11.9888
11.975
11.9843
12.0077
11.9689
11.9318
11.9619
11.971
11.9763
11.9753
11.9702
11.9782
11.9763
11.9516
11.9576
11.9539
11.9677
11.9802
11.9626
11.944
11.95
11.9203
11.946
11.9732
11.9376
11.9441
11.9733
11.9859
11.9773
11.9833
11.9991
11.9746
11.9918
11.977
12.009
12.011
12.0296
12.0196
12.006
12.0153
11.9951
11.9468
11.922
11.9511
11.9495
11.9538
11.9774
11.9943
11.9989
11.9753
12.0061
12.0407
12.0703
12.0547
12.0629
12.0706
12.0384
12.0266
12.0248
12.0259
12.0438
12.0444
12.0444
12.0522
12.0592
12.0829
12.1034
12.112
12.1058
12.1406
12.1583
12.1524
12.1378
12.1534
12.1522
12.1814
12.1412
12.1367
12.1501
12.1644
12.1525
12.1803
12.1705
12.1833
12.1493
12.1804
12.1736
12.1708
12.1668
12.1639
12.1495
12.1489
12.1524
12.1556
12.136
12.1556
12.1676
12.184
12.1802
12.1372
12.1484
12.1193
12.1023
12.0854
12.0864
12.0927
12.1096
12.0585
12.0671
12.0817
12.0491
12.0221
12.0158
11.9474
11.9536
11.9311
11.9223
11.945
11.9244
11.9285
11.9106
11.9364
11.9028
11.9167
11.9371
11.9284
11.9284
11.9525
11.9096
11.9088
11.8895
11.9175
11.9025
11.9004
11.9223
11.9476
11.9419
11.9211
11.9592
11.9491
11.9732
11.9726
11.9627
11.9845
11.9532
11.9455
11.9593
11.9718
11.9444
11.9307
11.9358
11.9465
11.9507
11.9568
11.9705
11.9939
12.005
12.0282
12.0402
12.0153
12.0495
12.0687
12.0531
12.0663
12.0933
12.1214
12.1215
12.1487
12.1863
12.2164
12.2089
12.2274
12.2253
12.2402
12.2589
12.2661
12.2648
12.2931
12.2846
12.2736
12.2577
12.284
12.2929
12.2977
12.2946
12.3073
12.2869
12.3141
12.3128
12.328
12.3491
12.3497
12.37
12.355
12.3746
12.4141
12.4055
12.4057
12.4122
12.4535
12.4887
12.4619
12.4846
12.4395
12.425
12.4206
12.4177
12.4199
12.411
12.4427
12.4766
12.5017
12.4348
12.4165
12.4524
12.4498
12.4587
12.4428
12.4372
12.403
12.4318
12.3933
12.4145
12.4508
12.4671
12.4788
12.4423
12.4459
12.4245
12.4366
12.4542
12.4746
12.4978
12.5294
12.5154
12.5341
12.5194
12.5312
12.5015
12.5148
12.4854
12.4971
12.5006
12.486
12.4872
12.4707
12.5054
12.5207
12.4938
12.4746
12.4534
12.4763
12.4625
12.4764
12.4765
12.4855
12.4438
12.4369
12.4398
12.4059
12.413
12.4103
12.3738
12.3352
12.3351
12.3339
12.3068
12.3092
12.3485
12.3374
12.3408
12.3849
12.3861
12.3735
12.3785
12.4073
12.4286
12.4412
12.447
12.4499
12.4521
12.4395
12.4476
12.4604
12.4724
12.4858
12.508
12.5001
12.4991
12.5285
12.5473
12.5048
12.4926
12.503
12.4992
12.5106
12.511
12.4997
12.4938
12.4494
12.4475
12.4362
12.4434
12.4531
12.4772
12.4237
12.4114
12.4354
12.4211
12.4248
12.4397
12.4544
12.471
12.4648
12.4394
12.448
12.4243
12.3639
12.4101
12.4004
12.3988
12.4282
12.4447
12.4424
12.4494
12.4399
12.4711
12.5098
12.4469
12.4741
12.4482
12.4447
12.4503
12.4267
12.3946
12.3888
12.3876
12.3583
12.3653
12.3364
12.307
12.3377
12.3656
12.3801
12.3593
12.3545
12.34
12.3216
12.3345
12.3295
12.3108
12.3159
12.3416
12.346
12.341
12.3108
12.3262
12.3047
12.3326
12.3707
12.4106
12.3629
12.3612
12.3912
12.3823
12.3812
12.4214
12.4338
12.4396
12.3934
12.4168
12.3372
12.3306
12.3576
12.357
12.3594
12.3665
12.3554
12.3475
12.3494
12.3858
12.3755
12.389
12.3605
12.3534
12.3685
12.3655
12.3538
12.3572
12.3902
12.4279
12.439
12.445
12.4313
12.4282
12.4641
12.4754
12.4956
12.497
12.4816
12.4793
12.4685
12.4819
12.4987
12.5195
12.5059
12.4834
12.4949
12.4845
12.4805
12.478
12.4935
12.4939
12.5057
12.5068
12.5313
12.5308
12.5488
12.52
12.5309
12.5194
12.507
12.5118
12.4931
12.5058
12.5192
12.538
12.5294
12.4916
12.4855
12.5146
12.5213
12.4578
12.4393
12.4438
12.4579
12.4358
12.4677
12.4745
12.4975
12.5165
12.5044
12.4344
12.4402
12.4573
12.4636
12.4628
12.481
12.5137
12.4904
12.525
12.5056
12.5034
12.5286
12.5292
12.5341
12.5619
12.5657
12.5816
12.5905
12.5963
12.6095
12.6292
12.6348
12.6315
12.6496
12.6677
12.6501
12.6227
12.5799
12.5567
12.5431
12.5453
12.5691
12.5727
12.5889
12.5821
12.6129
12.5988
12.6205
12.6115
12.5492
12.5705
12.5615
12.5132
12.5252
12.488
12.4428
12.4835
12.5132
12.5284
12.5128
12.5332
12.5266
12.4785
12.4766
12.4755
12.4664
12.4568
12.4564
12.3836
12.4029
12.3864
12.394
12.3611
12.3499
12.3561
12.3379
12.3217
12.3137
12.3333
12.383
12.3849
12.3767
12.3776
12.362
12.3715
12.3335
12.3431
12.3358
12.302
12.2641
12.2969
12.3076
12.316
12.308
12.3235
12.3164
12.3516
12.3687
12.3597
12.3943
12.4197
12.4385
12.4413
12.4446
12.4445
12.4576
12.4331
12.4009
12.4239
12.4283
12.4441
12.4453
12.421
12.4035
12.4211
12.4444
12.451
12.4671
12.4407
12.4787
12.4857
12.5083
12.5338
12.5332
12.5393
12.5589
12.5292
12.537
12.5296
12.5433
12.5685
12.5367
12.5316
12.5549
12.5564
12.555
12.5344
12.5449
12.5041
12.5256
12.5711
12.5895
12.6042
12.6123
12.6242
12.6563
12.6729
12.6641
12.6848
12.7389
12.76
12.778
12.8161
12.8308
12.8222
12.8285
12.809
12.8241
12.8384
12.798
12.8192
12.8388
12.8473
12.8215
12.8258
12.8131
12.8232
12.8275
12.8247
12.8211
12.8057
12.8179
12.7756
12.7862
12.7608
12.7774
12.7866
12.8081
12.788
12.8284
12.8349
12.838
12.7825
12.7979
12.7852
12.7906
12.7373
12.7593
12.7703
12.7638
12.757
12.7825
12.7561
12.7852
12.7825
12.7603
12.7672
12.7747
12.7215
12.7155
12.7005
12.6785
12.6972
12.7225
12.6952
12.6584
12.6755
12.6836
12.6822
12.7049
12.7116
12.7116
12.7224
12.7074
12.7439
12.7639
12.7593
12.7405
12.7494
12.7525
12.7059
12.7227
12.721
12.7135
12.7275
12.7338
12.7606
12.782
12.7998
12.7919
12.8022
12.7786
12.7765
12.7479
12.7242
12.711
12.693
12.6852
12.6805
12.6998
12.7138
12.6641
12.6647
12.6675
12.6564
12.6564
12.6152
12.6181
12.6187
12.5661
12.5397
12.535
12.564
12.5626
12.5578
12.5481
12.5595
12.5399
12.5373
12.5403
12.5537
12.5721
12.5115
12.5266
12.5304
12.5355
12.5445
12.5804
12.6048
12.5975
12.6082
12.5989
12.6072
12.6367
12.6553
12.6584
12.6435
12.6373
12.6659
12.6568
12.6417
12.6235
12.6075
12.6158
12.6022
12.62
12.5941
12.6074
12.611
12.59
12.5508
12.5512
12.5671
12.5565
12.5731
12.5879
12.5833
12.5624
12.5557
12.5634
12.5147
12.5128
12.4781
12.4619
12.4213
12.4065
12.4445
12.4687
12.4656
12.4561
12.4851
12.5037
12.5396
12.5321
12.5115
12.5147
12.4855
12.4885
12.4619
12.4648
12.4571
12.4912
12.4941
12.4699
12.4667
12.4649
12.439
12.4472
12.4673
12.4606
12.4574
12.4779
12.4816
12.491
12.5053
12.499
12.4982
12.4756
12.4907
12.5216
12.5423
12.5842
12.5502
12.5569
12.5761
12.5546
12.5322
12.5385
12.5365
12.4966
12.4906
12.4512
12.4598
12.4757
12.4878
12.52
12.5242
12.5094
12.5073
12.5067
12.525
12.5405
12.559
12.5429
12.5869
12.5638
12.6
12.6322
12.6313
12.6177
12.6123
12.6519
12.6666
12.67
12.6453
12.5963
12.6192
12.6294
12.6255
12.6547
12.6368
12.6467
12.6424
12.611
12.5783
12.5566
12.5685
12.5988
12.6045
12.5952
12.576
12.6032
12.5724
12.5787
12.5753
12.5682
12.5594
12.5758
12.5825
12.5391
12.5692
12.5747
12.5809
12.6222
12.5999
12.5928
12.5509
12.5441
12.555
12.6042
12.6012
12.6066
12.6067
12.5892
12.6011
12.5581
12.5383
12.527
12.5315
12.5397
12.543
12.5157
12.5033
12.5334
12.5176
12.4922
12.4385
12.426
12.407
12.4223
12.3976
12.381
12.3887
12.3568
12.3428
12.3546
12.3746
12.3586
12.3556
12.4015
12.4169
12.3958
12.3983
12.3863
12.3795
12.4012
12.4516
12.4522
12.4397
12.4716
12.4479
12.4612
12.4542
12.4491
12.4075
12.3771
12.3657
12.3705
12.3487
12.3657
12.3389
12.2877
12.2463
12.2069
12.1997
12.1906
12.1824
12.1595
12.1165
12.1246
12.1494
12.1464
12.1291
12.1248
12.1465
12.1477
12.1475
12.1327
12.123
12.1411
12.1613
12.2013
12.216
12.2562
12.2887
12.294
12.2654
12.2256
12.2637
12.2388
12.2485
12.2236
12.2163
12.2095
12.2386
12.2839
12.2743
12.2491
12.205
12.2089
12.2201
12.177
12.1964
12.1923
12.2178
12.2334
12.2405
12.1908
12.1932
12.1544
12.1495
12.1536
12.1555
12.1014
12.0998
12.0554
12.0491
12.0755
12.0739
12.0953
12.0789
12.0909
12.0716
12.1024
12.109
12.1158
12.1061
12.1134
12.1303
12.089
12.0858
12.1206
12.1434
12.1327
12.1055
12.0994
12.0736
12.0802
12.09
12.1001
12.0976
12.0786
12.077
12.1024
12.0951
12.114
12.1297
12.1171
12.0993
12.1058
12.1068
12.1499
12.1356
12.0857
12.1046
12.0943
12.1081
12.1012
12.1078
12.0995
12.0937
12.1136
12.1296
12.1615
12.1736
12.1551
12.1362
12.1503
12.1136
12.107
12.1084
12.135
12.134
12.1268
12.1152
12.1386
12.1345
12.1475
12.1659
12.1635
12.1676
12.1835
12.2079
12.1894
12.1912
12.1766
12.1578
12.1554
12.1333
12.1377
12.1259
12.1622
12.1593
12.1557
12.1706
12.1815
12.2067
12.237
12.225
12.1687
12.1556
12.1744
12.173
12.1451
12.1299
12.1693
12.1593
12.1113
12.1368
12.1204
12.1109
12.1239
12.0943
12.1023
12.0932
12.0883
12.0957
12.118
12.1279
12.1189
12.093
12.1113
12.097
12.074
12.0499
12.0609
12.075
12.0846
12.0883
12.0942
12.1033
12.093
12.0755
12.0684
12.0573
12.0539
12.0933
12.0745
12.0524
12.0862
12.0654
12.0734
12.102
12.0822
12.0903
12.0861
12.0963
12.114
12.0781
12.0644
12.0586
12.0318
12.0261
12.0085
12.0211
11.9931
11.9961
12.0034
11.9883
12.0207
12.03
12.0616
12.0524
12.0327
12.0252
11.9998
11.9887
11.9426
11.9389
11.9283
11.9218
11.913
11.9375
11.9522
11.9627
11.9701
11.9693
11.9642
11.9473
11.9593
11.9717
11.9923
12.005
11.9787
12.0253
12.023
12.0135
12.0014
12.0074
12.0347
12.0603
12.0477
12.0869
12.0952
12.0946
12.0816
12.0828
12.068
12.0638
12.0327
11.9911
12.0113
12.0349
12.0034
12.0181
12.018
12.0194
11.974
11.9637
11.9567
11.9743
11.9957
12.0226
11.9892
11.9982
12.0016
12.0229
12.0316
12.0301
12.0411
12.0369
12.0134
12.0272
12.0264
11.9999
11.9994
11.9965
11.991
11.9974
12.0219
12.0246
12.0533
12.0683
12.079
12.0582
12.0801
12.1059
12.1276
12.1374
12.1383
12.146
12.1414
12.1054
12.0954
12.0981
12.1339
12.1506
12.1276
12.1631
12.1898
12.191
12.2127
12.1656
12.1475
12.1691
12.1576
12.1263
12.1467
12.1561
12.1465
12.1773
12.1731
12.1881
12.1589
12.164
12.1529
12.1842
12.1779
12.1654
12.1762
12.2191
12.2083
12.22
12.2209
12.2052
12.2523
12.2294
12.2318
12.215
12.2406
12.2634
12.2599
12.2619
12.2963
12.2756
12.2802
12.2731
12.2391
12.2257
12.2152
12.1958
12.2043
12.2137
12.226
12.2302
12.2001
12.1888
12.1488
12.143
12.1297
12.1594
12.1318
12.153
12.1777
12.1796
12.1918
12.1312
12.1125
12.1383
12.1335
12.1428
12.1159
12.0826
12.052
12.0678
12.0482
12.0512
12.0696
12.0829
12.0461
12.0498
12.0359
12.0266
12.0384
12.0408
12.0396
12.0438
12.055
12.0172
11.9879
12.0044
11.9981
11.9718
11.9948
11.9979
11.9986
11.9846
11.9711
11.978
11.93
11.9605
11.9956
11.9691
11.9191
11.8366
11.8387
11.8338
11.8108
11.8294
11.8334
11.8522
11.8402
11.8752
11.8703
11.8452
11.8137
11.818
11.8003
11.7967
11.7984
11.7894
11.7954
11.771
11.7493
11.7306
11.743
11.743
11.7429
11.7791
11.7506
11.7438
11.7498
11.7042
11.6786
11.6847
11.7127
11.711
11.653
11.6434
11.6343
11.6483
11.6439
11.6334
11.6208
11.655
11.6048
11.5794
11.5058
11.4811
11.4664
11.4839
11.4605
11.4569
11.455
11.4621
11.493
11.5162
11.5174
11.5348
11.5615
11.5553
11.5438
11.5703
11.6024
11.6293
11.6251
11.5796
11.572
11.5853
11.5924
11.6112
11.6089
11.6411
11.6098
11.6061
11.5878
11.5583
11.527
11.5173
11.5235
11.5453
11.5288
11.517
11.5287
11.5442
11.5845
11.6075
11.6115
11.5772
11.5746
11.5595
11.5612
11.5706
11.5467
11.5573
11.5698
11.5457
11.5465
11.5377
11.5001
11.514
11.5272
11.5483
11.5264
11.5486
11.5595
11.5306
11.5135
11.5087
11.5137
11.4894
11.4759
11.49
11.4715
11.4884
11.5049
11.5204
11.5282
11.4942
11.4909
11.4955
11.4992
11.5032
11.5282
11.518
11.5222
11.5351
11.5513
11.545
11.5432
11.554
11.563
11.5854
11.5431
11.5529
11.5028
11.5096
11.5113
11.4903
11.4887
11.4692
11.4759
11.455
11.461
11.4482
11.4439
11.4317
11.419
11.4185
11.437
11.4099
11.3797
11.395
11.4042
11.4294
11.425
11.4127
11.4365
11.4228
11.4129
11.408
11.4338
11.4409
11.4136
11.4144
11.4398
11.4241
11.3871
11.405
11.4377
11.4477
11.4481
11.453
11.4541
11.4301
11.4289
11.4572
11.4683
11.484
11.4555
11.4889
11.4989
11.4926
11.4972
11.5119
11.547
11.5028
11.5066
11.4914
11.5029
11.5348
11.5446
11.5225
11.5375
11.5281
11.5044
11.5048
11.4918
11.4968
11.467
11.4646
11.4319
11.4653
11.4542
11.4698
11.4741
11.432
11.4376
11.4376
11.3803
11.354
11.3288
11.262
11.2344
11.2514
11.2653
11.2469
11.2133
11.2352
11.2177
11.2197
11.2156
11.1985
11.2202
11.2688
11.2367
11.2639
11.2539
11.2465
11.2316
11.2257
11.2425
11.2575
11.2608
11.2676
11.3124
11.3441
11.3614
11.3553
11.3889
11.3875
11.4266
11.4222
11.4519
11.4675
11.5123
11.5392
11.55
11.5392
11.5473
11.5414
11.5404
11.5342
11.5514
11.5741
11.5778
11.5918
11.5833
11.5733
11.5806
11.5887
11.5885
11.6311
11.6498
11.6454
11.6288
11.6421
11.6252
11.6239
11.6413
11.6742
11.6993
11.686
11.6765
11.6785
11.6634
11.6855
11.6712
11.6353
11.6565
11.657
11.6798
11.6862
11.6909
11.692
11.6972
11.6633
11.6724
11.6212
11.6103
11.6166
11.6241
11.635
11.6321
11.634
11.64
11.6586
11.6481
11.6713
11.6789
11.6996
11.7005
11.6819
11.694
11.7039
11.7124
11.7044
11.7068
11.7204
11.7121
11.7374
11.7517
11.754
11.7659
11.7682
11.7398
11.7247
11.7477
11.7248
11.7388
11.7065
11.6826
11.7113
11.7122
11.7353
11.7146
11.6897
11.6836
11.6299
11.6276
11.6367
11.6307
11.6603
11.6377
11.6413
11.652
11.6814
11.6896
11.7003
11.7209
11.7367
11.7384
11.727
11.7206
11.7003
11.6896
11.6898
11.7033
11.7153
11.7
11.7126
11.6982
11.7043
11.6866
11.6741
11.701
11.6722
11.6583
11.6395
11.6352
11.65
11.6411
11.6194
11.631
11.6276
11.6219
11.6531
11.6577
11.6477
11.6733
11.6677
11.6583
11.6825
11.6623
11.6866
11.6551
11.6613
11.6513
11.6339
11.6262
11.6351
11.6359
11.5993
11.6197
11.6332
11.6526
11.6584
11.6302
11.6346
11.6261
11.6189
11.631
11.6406
11.6311
11.6342
11.6312
11.6361
11.6402
11.6607
11.6607
11.6291
11.6254
11.5985
11.6015
11.5869
11.5727
11.5751
11.5591
11.5892
11.5765
11.5905
11.6016
11.5561
11.5744
11.534
11.5344
11.5399
11.558
11.5701
11.582
11.5786
11.5442
11.5411
11.5602
11.5728
11.6004
11.6164
11.6309
11.6425
11.6296
11.5759
11.5943
11.5533
11.5781
11.5463
11.5298
11.5436
11.5672
11.5772
11.5778
11.5947
11.5895
11.6211
11.6254
11.6153
11.608
11.5985
11.5765
11.5648
11.5972
11.6368
11.6401
11.6211
11.6491
11.6507
11.6505
11.6796
11.6619
11.6685
11.6823
11.686
11.6666
11.6629
11.6649
11.6541
11.671
11.6657
11.693
11.6978
11.6632
11.6657
11.6995
11.7186
11.7311
11.7511
11.7304
11.7302
11.7379
11.7065
11.7189
11.7105
11.6795
11.7036
11.7045
11.6224
11.5797
11.6068
11.6293
11.6044
11.5935
11.5841
11.5704
11.5693
11.5282
11.5482
11.5814
11.6042
11.5871
11.5739
11.552
11.5773
11.6159
11.6157
11.6164
11.6371
11.6099
11.633
11.6451
11.6096
11.6204
11.6229
11.6392
11.6575
11.6693
11.684
11.702
11.7397
11.7367
11.738
11.6969
11.7206
11.7412
11.7559
11.7748
11.774
11.8011
11.8147
11.8173
11.833
11.8578
11.8581
11.8486
11.8292
11.8549
11.8872
11.8739
11.8853
11.8549
11.8745
11.8825
11.9112
11.9295
11.9468
11.9653
11.9919
12.0099
11.9979
12.0123
12.0308
11.975
11.9736
12.005
12.0543
12.0239
11.9849
11.9705
11.9617
11.9879
12.0013
11.9879
11.9997
12.0012
11.9845
11.9654
11.9812
11.9464
11.9366
11.9597
11.9723
11.9694
11.9538
11.9791
11.9717
11.9653
11.9779
11.9894
12.0061
12.0291
12.0189
11.9986
12.0218
12.0333
12.0696
12.0867
12.083
12.0676
12.0411
12.0592
12.0185
11.9951
12.0062
12.0043
11.972
11.9618
11.9796
11.9879
11.9348
11.9786
11.9796
11.9195
11.9505
11.9412
11.9414
11.9235
11.9268
11.9476
11.94
11.9274
11.9395
11.9486
11.9593
11.9526
11.981
11.9641
11.9756
11.9796
11.9637
11.9755
11.9843
11.9878
11.9424
11.9488
11.9486
11.977
11.9901
11.9936
12.0126
12.0197
11.9715
11.9872
11.9926
11.9752
11.9374
11.9275
11.9246
11.915
11.9181
11.9472
11.9652
11.9843
11.981
11.9411
11.9576
11.9858
12.002
11.9796
12.01
12.0094
12.0106
12.0458
11.9835
11.965
11.9675
11.987
12.0053
11.9901
12.0207
12.0358
12.0569
11.9984
12.0075
12.0069
12.0046
12.0385
12.0476
11.9478
11.9559
11.9591
11.9871
12.0057
12.0203
12.003
11.9869
12.0015
12.0116
12.0003
11.9683
11.9731
11.9705
11.9882
11.9925
11.9837
12.0083
11.9791
11.9672
11.9463
11.941
11.9315
11.927
11.9543
11.9667
11.9663
11.9574
11.9064
11.9176
11.9449
11.974
11.9363
11.9549
11.974
11.9722
11.9837
11.9962
12.0091
11.9815
11.9819
11.9775
11.9986
12.004
12.0137
11.9879
11.9755
11.9931
11.9828
11.9882
12.0044
11.994
11.9746
11.9866
12.0135
12.0035
11.9975
12.0158
11.9761
12.0189
11.9831
11.9916
11.9797
11.9818
12.0077
12.0112
12.0045
12.0402
12.0339
12.0527
12.0542
12.04
12.0123
12.0073
11.9856
11.986
11.9715
11.9859
11.9813
12.0172
12.0327
12.0312
12.0579
12.033
12.0083
12.0334
12.0189
12.0433
12.05
12.0336
11.9884
12.0226
11.9999
12.0135
12.025
12.0052
12.0231
12.0361
12.045
12.0331
12.0632
12.0951
12.0779
12.0887
12.1037
12.1143
12.1247
12.1008
12.0922
12.0645
12.0466
12.0599
12.0361
12.0086
11.9927
12.0174
12.0171
12.0343
12.0653
12.0907
12.0872
12.1267
12.1599
12.1797
12.203
12.1647
12.1825
12.1506
12.1379
12.1286
12.1395
12.1751
12.2022
12.2172
12.2369
12.2123
12.1717
12.2006
12.179
12.1432
12.17
12.1711
12.1737
12.1976
12.1878
12.1466
12.1637
12.1524
12.175
12.208
12.2009
12.1979
12.1963
12.1762
12.1602
12.1525
12.1801
12.1905
12.2211
12.2601
12.2741
12.2998
12.2662
12.2702
12.3015
12.3347
12.3504
12.3322
12.3349
12.2944
12.2765
12.2532
12.2655
12.2639
12.2476
12.2065
12.2412
12.2294
12.2299
12.2312
12.2456
12.262
12.2535
12.2318
12.2632
12.2357
12.2604
12.2253
12.2164
12.201
12.1923
12.2065
12.2274
12.2421
12.2274
12.2244
12.2186
12.228
12.2254
12.1597
12.1828
12.1594
12.1756
12.1752
12.1686
12.1759
12.1831
12.1849
12.1948
12.2343
12.2333
12.2796
12.276
12.2817
12.2698
12.2625
12.2208
12.232
12.2083
12.2359
12.2442
12.2745
12.3037
12.2991
12.2715
12.2723
12.2718
12.2163
12.2217
12.2425
12.2306
12.2448
12.2478
12.2106
12.1564
12.1687
12.1632
12.1339
12.1249
12.1364
12.1633
12.1984
12.1849
12.1622
12.1711
12.2017
12.1985
12.2109
12.2245
12.2154
12.2494
12.2261
12.2342
12.2216
12.2263
12.2213
12.2421
12.2179
12.2341
12.214
12.2196
12.2137
12.2163
12.2067
12.2139
12.2026
12.1951
12.2108
12.2241
12.2385
12.2447
12.2755
12.2924
12.3078
12.3228
12.2903
12.3105
12.3094
12.2902
12.2467
12.2756
12.3008
12.2792
12.2528
12.261
12.2196
12.204
12.2103
12.1953
12.1841
12.141
12.0865
12.0691
12.0729
12.0755
12.0848
12.1083
12.0874
12.0917
12.1145
12.1374
12.1456
12.1858
12.2024
12.2248
12.222
12.2625
12.2792
12.2321
12.2299
12.2216
12.2548
12.2722
12.2791
12.297
12.2992
12.3095
12.3104
12.3019
12.3095
12.3171
12.3204
12.3216
12.3472
12.3495
12.3359
12.3512
12.3471
12.3547
12.3474
12.3528
12.3779
12.3631
12.3854
12.4089
12.4026
12.392
12.4084
12.395
12.4018
12.3891
12.3985
12.411
12.4028
12.3779
12.3926
12.4241
12.4221
12.4314
12.4344
12.4391
12.4619
12.4635
12.466
12.4538
12.485
12.4527
12.429
12.4206
12.411
12.4012
12.4244
12.4328
12.4546
12.4377
12.4261
12.3772
12.389
12.4148
12.3944
12.3886
12.3775
12.3905
12.3524
12.3637
12.3839
12.3865
12.3757
12.3682
12.3786
12.3864
12.3732
12.3796
12.3803
12.3887
12.3901
12.3716
12.3004
12.2768
12.3122
12.3118
12.2788
12.2692
12.229
12.2423
12.2371
12.2736
12.3083
12.272
12.2253
12.2238
12.2382
12.2292
12.2408
12.2339
12.2411
12.2231
12.2493
12.23
12.2386
12.2222
12.2249
12.2378
12.1951
12.2176
12.2106
12.2289
12.2415
12.2415
12.2217
12.2505
12.2471
12.2383
12.2146
12.235
12.21
12.2251
12.2104
12.1874
12.1976
12.1905
12.1898
12.1922
12.1942
12.1703
12.1297
12.1326
12.1477
12.1339
12.1533
12.1319
12.1493
12.1395
12.1676
12.1819
12.1451
12.148
12.17
12.1839
12.2143
12.239
12.19
12.2025
12.2145
12.228
12.2158
12.2125
12.221
12.227
12.2309
12.2319
12.1464
12.1745
12.1963
12.1768
12.1863
12.2001
12.2238
12.2004
12.2303
12.2279
12.2465
12.2714
12.2749
12.2602
12.253
12.2674
12.2846
12.2489
12.2386
12.2231
12.2414
12.2435
12.2729
12.2928
12.311
12.3353
12.3464
12.392
12.4238
12.4393
12.4393
12.4095
12.4192
12.388
12.3945
12.3893
12.3599
12.3899
12.3919
12.3767
12.3583
12.3247
12.3485
12.3675
12.3835
12.3674
12.36
12.3257
12.3588
12.3804
12.3672
12.3716
12.396
12.4202
12.4061
12.4054
12.3888
12.3502
12.3503
12.3128
12.3287
12.3561
12.3275
12.3575
12.3249
12.3099
12.3258
12.311
12.3197
12.3383
12.3065
12.256
12.2922
12.2931
12.297
12.2796
12.2851
12.3017
12.2661
12.2855
12.291
12.2889
12.3039
12.2505
12.245
12.2373
12.2297
12.2256
12.2536
12.2273
12.2447
12.2459
12.234
12.2523
12.2733
12.3056
12.3357
12.323
12.3416
12.3307
12.3122
12.347
12.3089
12.3118
12.3021
12.2927
12.3237
12.3559
12.3804
12.3748
12.4003
12.4038
12.3842
12.389
12.2844
12.2853
12.2848
12.27
12.2543
12.261
12.2672
12.2887
12.3097
12.3132
12.333
12.3252
12.3367
12.3401
12.3545
12.3666
12.3514
12.3594
12.3818
12.4067
12.437
12.4414
12.4141
12.4272
12.4164
12.4152
12.4335
12.418
12.4073
12.3935
12.4074
12.3879
12.3815
12.3908
12.3567
12.3635
12.3682
12.3671
12.3794
12.3343
12.3207
12.3304
12.3355
12.3263
12.2985
12.3118
12.2865
12.2707
12.275
12.2948
12.2926
12.2939
12.2704
12.2635
12.2799
12.2509
12.285
12.3088
12.3138
12.3141
12.3229
12.3418
12.3308
12.3459
12.3687
12.3758
12.3961
12.412
12.4152
12.4059
12.3977
12.3681
12.3861
12.392
12.3777
12.3914
12.3731
12.3758
12.3323
12.3329
12.3187
12.3325
12.2965
12.3279
12.3629
12.36
12.3544
12.375
12.3415
12.3283
12.3368
12.3393
12.3171
12.2584
12.2576
12.2838
12.2819
12.2564
12.2372
12.2221
12.2405
12.2027
12.2151
12.2183
12.2527
12.2524
12.2758
12.2289
12.2469
12.2215
12.1836
12.1871
12.2365
12.2437
12.2838
12.3124
12.2991
12.2954
12.3081
12.3309
12.3457
12.3499
12.3464
12.3199
12.3322
12.3194
12.3513
12.3648
12.3829
12.3713
12.3943
12.423
12.4376
12.4634
12.481
12.4653
12.445
12.4508
12.4652
12.4414
12.4689
12.4566
12.4345
12.4455
12.4215
12.4375
12.4611
12.47
12.4681
12.4745
12.4702
12.5155
12.5077
12.5032
12.5442
12.5397
12.5505
12.5369
12.5077
12.5229
12.5302
12.5575
12.5313
12.5353
12.5405
12.5212
12.5169
12.5477
12.5446
12.5379
12.5189
12.471
12.5002
12.5075
12.5306
12.5062
12.5108
12.5531
12.5513
12.5578
12.5578
12.5405
12.5655
12.5662
12.561
12.5289
12.5691
12.5714
12.5699
12.5638
12.5699
12.5948
12.5925
12.6035
12.5962
12.6114
12.5991
12.6129
12.5839
12.5622
12.5286
12.5379
12.5126
12.4948
12.5076
12.486
12.4509
12.44
12.4593
12.4426
12.4316
12.4089
12.3793
12.4004
12.3943
12.3631
12.3671
12.3839
12.4112
12.3799
12.3735
12.4038
12.4194
12.3763
12.3747
12.368
12.3357
12.3514
12.3248
12.3118
12.3012
12.2799
12.2618
12.2609
12.253
12.2223
12.2119
12.2062
12.2155
12.2263
12.211
12.2433
12.2593
12.2583
12.2459
12.237
12.2673
12.2796
12.2796
12.3186
12.3448
12.3637
12.3505
12.3265
12.313
12.3236
12.3625
12.3845
12.3771
12.3457
12.3637
12.4013
12.4362
12.3986
12.4076
12.4078
12.432
12.4257
12.4291
12.4242
12.4394
12.4157
12.4232
12.4396
12.4303
12.4315
12.4467
12.4511
12.4328
12.4134
12.3947
12.3846
12.402
12.4175
12.4208
12.3675
12.3637
12.3712
12.3576
12.3724
12.3446
12.3464
12.3503
12.3792
12.3861
12.3862
12.3684
12.3898
12.3331
12.3157
12.3096
12.2855
12.2931
12.2761
12.2448
12.2327
12.1916
12.1835
12.1441
12.1522
12.1604
12.1824
12.1668
12.1944
12.203
12.1739
12.191
12.2226
12.2094
12.1863
12.1497
12.1312
12.0911
12.0879
12.1098
12.1117
12.1085
12.0845
12.12
12.1294
12.1038
12.1158
12.1193
12.1107
12.0983
12.1007
12.1269
12.1312
12.1567
12.1407
12.148
12.191
12.218
12.2062
12.238
12.1847
12.1777
12.1896
12.2213
12.1845
12.1924
12.1928
12.1939
12.2047
12.2513
12.2601
12.2692
12.2679
12.2897
12.2914
12.273
12.2925
12.2746
12.3001
12.2936
12.3378
12.3279
12.3456
12.3743
12.3619
12.3306
12.3374
12.3281
12.3652
12.374
12.3938
12.3791
12.3744
12.3655
12.3695
12.3795
12.3856
12.332
12.324
12.3267
12.3408
12.3522
12.367
12.3694
12.3905
12.3998
12.3759
12.3697
12.3494
12.3363
12.3401
12.3082
12.3122
12.354
12.3674
12.3669
12.3917
12.4133
12.4078
12.3907
12.4177
12.3922
12.4062
12.3939
12.4037
12.3993
12.3613
12.3154
12.3206
12.3029
12.3284
12.2982
12.3168
12.3313
12.3408
12.3352
12.3618
12.3666
12.3867
12.408
12.4202
12.4302
12.4142
12.408
12.3831
12.3642
12.3597
12.356
12.341
12.3322
12.359
12.3639
12.4024
12.3879
12.339
12.3639
12.357
12.3724
12.3663
12.3853
12.4054
12.4097
12.3812
12.3777
12.3675
12.3185
12.3284
12.3533
12.373
12.3772
12.4113
12.4055
12.403
12.4363
12.4355
12.4423
12.471
12.4923
12.44
12.4267
12.4152
12.4278
12.4346
12.432
12.4252
12.4122
12.3883
12.3829
12.4023
12.4198
12.4288
12.416
12.3954
12.4066
12.4371
12.4673
12.4478
12.4528
12.4291
12.4657
12.4519
12.3755
12.3697
12.3665
12.3833
12.3686
12.3365
12.335
12.3036
12.3083
12.3017
12.2923
12.3148
12.2922
12.3252
12.3347
12.3604
12.307
12.279
12.2855
12.2822
12.2671
12.2478
12.2454
12.2417
12.2576
12.256
12.2378
12.2087
12.2005
12.1856
12.1793
12.1752
12.1515
12.1338
12.1395
12.1558
12.16
12.193
12.2161
12.1891
12.2152
12.2415
12.2424
12.2339
12.2583
12.2488
12.2468
12.2357
12.2373
12.245
12.2297
12.2137
12.2222
12.2081
12.2153
12.2324
12.2628
12.2713
12.2621
12.2587
12.2654
12.2685
12.2613
12.2187
12.1998
12.1865
12.1799
12.1992
12.2036
12.1921
12.1573
12.1752
12.1541
12.1685
12.173
12.1441
12.1618
12.1561
12.1578
12.1741
12.1625
12.137
12.1344
12.1044
12.0917
12.0837
12.1172
12.0826
12.0961
12.1168
12.0777
12.0589
12.0637
12.0389
12.0626
12.0619
12.0678
12.0775
12.039
12.0406
12.0373
12.0342
11.9754
11.9872
11.9835
11.9655
11.962
11.9484
11.9733
11.9736
12.0119
11.9957
12.0011
12.014
12.0535
12.0774
12.0792
12.107
12.1059
12.1134
12.1298
12.1629
12.1717
12.2074
12.1978
12.2232
12.2232
12.2015
12.175
12.2058
12.1905
12.2042
12.2
12.1892
12.1859
12.1996
12.1983
12.2154
12.2133
12.2284
12.2358
12.2429
12.2284
12.2203
12.2147
12.2425
12.2243
12.1973
12.2059
12.2283
12.2503
12.2037
12.2096
12.2218
12.2076
12.2248
12.243
12.2296
12.2259
12.2299
12.2567
12.2667
12.2554
12.2328
12.2303
12.2248
12.2435
12.2764
12.2735
12.2698
12.3122
12.3392
12.3678
12.3502
12.3433
12.3186
12.3235
12.3399
12.335
12.3332
12.3235
12.3333
12.3398
12.3529
12.3024
12.2893
12.2822
12.2702
12.2879
12.2933
12.306
12.2951
12.2798
12.3059
12.3052
12.2407
12.2223
12.2042
12.207
12.204
12.2149
12.2383
12.1879
12.2343
12.246
12.2288
12.2384
12.2407
12.2524
12.2421
12.2444
12.2754
12.2682
12.2489
12.2624
12.2466
12.2433
12.215
12.2059
12.1684
12.2071
12.2213
12.1775
12.1173
12.1216
12.1393
12.1124
12.1265
12.1334
12.153
12.1858
12.2199
12.2237
12.1987
12.2124
12.1626
12.1397
12.1338
12.14
12.1355
12.1253
12.0663
12.0915
12.1071
12.1118
12.1276
12.1038
12.0729
12.0963
12.1177
12.13
12.1494
12.1828
12.1834
12.1786
12.1633
12.1744
12.1733
12.1764
12.1519
12.1678
12.1544
12.1487
12.151
12.1653
12.1592
12.1573
12.1841
12.1765
12.1313
12.1603
12.1729
12.1945
12.1835
12.1691
12.2071
12.1656
12.1536
12.1422
12.1358
12.1538
12.1214
12.1281
12.1472
12.1292
12.1497
12.1566
12.1578
12.1619
12.1528
12.1643
12.1637
12.1702
12.186
12.1928
12.223
12.229
12.2364
12.249
12.2313
12.2047
12.2194
12.2409
12.2322
12.2252
12.2206
12.2495
12.2428
12.2177
12.2239
12.2389
12.2496
12.2695
12.2814
12.2877
12.2447
12.2307
12.231
12.2483
12.2499
12.216
12.2037
12.1805
12.1747
12.1784
12.197
12.2187
12.243
12.2212
12.214
12.2239
12.2229
12.2341
12.2023
12.2072
12.2113
12.2248
12.2083
12.2072
12.194
12.2106
12.1663
12.1673
12.1312
12.1407
12.1658
12.1834
12.1611
12.1449
12.1608
12.1574
12.155
12.161
12.127
12.1217
12.1475
12.1608
12.1884
12.2124
12.2015
12.2052
12.1785
12.1596
12.1622
12.1989
12.2376
12.2419
12.2474
12.2693
12.2797
12.265
12.2797
12.3237
12.3421
12.3331
12.3352
12.3277
12.3257
12.3457
12.3681
12.3541
12.3803
12.3671
12.3795
12.3799
12.4082
12.4328
12.4376
12.4579
12.4227
12.4057
12.3562
12.3919
12.4052
12.4263
12.4246
12.4067
12.4576
12.4479
12.4644
12.4774
12.4951
12.5095
12.492
12.5317
12.5115
12.5322
12.5233
12.4701
12.4993
12.501
12.5464
12.5444
12.5389
12.4949
12.5015
12.5248
12.5033
12.5034
12.5464
12.5294
12.5181
12.5187
12.5003
12.4961
12.5036
12.5093
12.5402
12.5304
12.5153
12.535
12.5546
12.544
12.5508
12.5634
12.5445
12.5349
12.5681
12.5599
12.5733
12.5863
12.6033
12.6295
12.6282
12.6123
12.6378
12.6485
12.6381
12.6252
12.6337
12.6303
12.6122
12.5715
12.5292
12.5447
12.5752
12.5757
12.5838
12.5534
12.5368
12.529
12.5143
12.5165
12.504
12.5211
12.5008
12.4984
12.4938
12.4741
12.435
12.4214
12.4491
12.4944
12.4802
12.4312
12.4089
12.4447
12.4767
12.4807
12.4828
12.4936
12.5105
12.4772
12.462
12.4589
12.4362
12.4719
12.4622
12.4663
12.45
12.4633
12.465
12.4664
12.4735
12.4894
12.498
12.5271
12.5527
12.5788
12.559
12.5615
12.5627
12.5579
12.5468
12.5279
12.5486
12.5834
12.5856
12.5633
12.5622
12.5312
12.5752
12.5451
12.4826
12.494
12.5224
12.5493
12.593
12.5778
12.5468
12.5745
12.5928
12.6021
12.6366
12.6301
12.6429
12.6394
12.6633
12.6455
12.6688
12.6367
12.6354
12.6555
12.6173
12.572
12.5327
12.5601
12.6123
12.6352
12.6374
12.647
12.6415
12.6529
12.6345
12.6599
12.6472
12.6353
12.6114
12.6392
12.6868
12.6823
12.7079
12.722
12.728
12.7533
12.7811
12.7996
12.7899
12.778
12.8048
12.822
12.8184
12.8111
12.8279
12.8302
12.773
12.7767
12.7955
12.7836
12.8034
12.7855
12.827
12.8458
12.8263
12.8082
12.8161
12.8403
12.859
12.8635
12.8817
12.8661
12.8464
12.8451
12.8878
12.8817
12.9014
12.9261
12.9394
12.9062
12.9064
12.8991
12.9161
12.9029
12.9153
12.9141
12.9369
12.9202
12.9169
12.9011
12.9188
12.9259
12.9262
12.8937
12.8797
12.8881
12.8554
12.8536
12.87
12.7949
12.7927
12.7626
12.7872
12.7976
12.8073
12.8221
12.8052
12.822
12.8326
12.8195
12.8439
12.8099
12.8319
12.8492
12.8411
12.8323
12.835
12.8602
12.8539
12.8943
12.8934
12.8671
12.8251
12.7937
12.7795
12.7883
12.7986
12.8038
12.7752
12.7748
12.7591
12.7103
12.7158
12.7206
12.7016
12.6673
12.6518
12.6404
12.6325
12.644
12.6532
12.6291
12.6267
12.5977
12.6207
12.6306
12.6198
12.6128
12.5892
12.5668
12.5728
12.5821
12.5883
12.6193
12.634
12.6391
12.6112
12.617
12.5618
12.5655
12.5686
12.5894
12.5243
12.5195
12.5192
12.4999
12.4538
12.4674
12.4798
12.4854
12.4488
12.4791
12.4758
12.431
12.4163
12.4022
12.3743
12.3512
12.3417
12.3199
12.3339
12.3252
12.3406
12.267
12.2842
12.2775
12.3077
12.2879
12.2953
12.3131
12.2996
12.2778
12.2702
12.2784
12.2476
12.1873
12.2214
12.1832
12.1778
12.137
12.1296
12.1168
12.1569
12.1353
12.1549
12.1612
12.1902
12.2255
12.2448
12.2707
12.2473
12.256
12.2875
12.2324
12.2236
12.2152
12.212
12.235
12.2206
12.1749
12.1508
12.1556
12.1534
12.168
12.1736
12.1867
12.1892
12.2114
12.1905
12.1899
12.187
12.199
12.1266
12.0851
12.0909
12.0827
12.0453
11.9407
11.9459
11.9514
11.9711
11.9623
11.9497
11.9739
11.9694
11.963
11.9778
12.0076
12.0156
12.0354
12.0205
11.9952
12.0087
12.0368
12.057
12.0725
12.0627
12.0527
12.027
12.0507
12.075
12.0773
12.0963
12.1034
12.1083
12.0566
12.0094
12.0123
12.0199
12.0265
12.0182
12.0169
12.0164
12.0141
12.0312
12.011
11.9855
12.0192
12.0456
12.0498
12.0393
12.0412
12.0481
12.0306
12.0241
12.0328
12.0467
12.064
12.015
11.9756
11.9709
12.0179
12.0054
12.0198
12.0144
11.9814
11.981
11.978
11.9829
11.9959
12.0101
12.0332
12.0349
12.0619
12.0544
12.0561
12.007
12.0075
12.0269
12.0333
12.0701
12.0615
12.0135
12.005
11.9733
11.9473
11.9681
11.9814
11.9975
11.9983
11.9759
11.9565
11.9832
11.9774
11.9789
11.999
12.0018
12.0501
12.0598
12.061
12.0617
12.0797
12.085
12.0721
12.0736
12.0787
12.0777
12.0871
12.0934
12.0437
12.0598
12.0144
12.0093
12.0331
12.0442
12.0496
12.0475
12.0319
12.0577
12.0618
12.0487
12.0586
12.0077
12.0176
11.981
11.9545
11.9324
11.9457
11.9332
11.9593
11.9507
11.938
11.9408
11.9814
11.9926
12.0334
12.0526
12.0131
12.0387
12.0149
12.0476
12.0736
12.0529
12.0826
12.0836
12.0878
12.0802
12.0631
12.0801
12.0803
12.0779
12.0656
12.0537
12.0857
12.0891
12.0784
12.0501
12.0773
12.0587
12.0766
12.0772
12.0747
12.0644
12.0571
12.0547
12.0866
12.0788
12.0905
12.0652
12.0892
12.0882
12.0635
12.0979
12.0641
12.0705
12.0778
12.0907
12.1051
12.107
12.0992
12.1226
12.1351
12.1355
12.1806
12.1756
12.1885
12.162
12.1284
12.1262
12.1197
12.1417
12.1405
12.1403
12.1476
12.16
12.1085
12.1352
12.1166
12.1499
12.1242
12.1152
12.1219
12.0645
12.0589
12.0302
11.9955
11.9973
12.0119
11.9917
12.0211
12.0405
12.0452
12.0371
11.984
11.9908
11.997
11.9692
11.9853
11.9985
12.0396
12.0789
12.0612
12.0458
12.053
12.0299
12.0046
11.9918
12.0013
12.0144
12.0355
12.01
12.0206
12.0234
11.9992
12.0148
12.0404
12.0387
12.033
12.0436
12.0499
12.0927
12.0832
12.0965
12.0935
12.0586
12.0147
12.0158
11.9998
11.9758
11.9485
11.9408
11.9697
11.9675
11.9481
11.9583
11.979
11.9794
11.9858
11.9746
12.0181
11.9695
11.9725
11.9569
11.9434
11.9492
11.9923
11.9747
11.9869
12.0161
12.0292
12.0289
12.0025
12.0261
12.0232
12.0392
12.0282
12.0366
12.0309
12.0679
12.0358
12.0771
12.0554
12.0185
12.023
12.0218
12.047
12.0551
12.0631
12.047
12.0694
12.1057
12.1252
12.1147
12.1088
12.0819
12.1106
12.0912
12.1004
12.0941
12.0595
12.0716
12.0445
12.0209
12.0054
12.0101
12.0248
12.0609
12.0501
12.0663
12.0721
12.0718
12.0694
12.0888
12.0571
12.0581
12.0703
12.0815
12.1012
12.1046
12.0865
12.0594
12.0629
12.0755
12.0844
12.0618
12.0846
12.0773
12.087
12.0864
12.0964
12.0877
12.0945
12.1141
12.1092
12.0846
12.0982
12.079
12.0839
12.0913
12.1047
12.1488
12.1216
12.1297
12.1139
12.093
12.0808
12.1054
12.1119
12.1141
12.1336
12.1199
12.1273
12.1335
12.135
12.1032
12.0915
12.1258
12.1245
12.1684
12.1746
12.1767
12.1409
12.1404
12.1476
12.1627
12.1483
12.1403
12.1834
12.1963
12.2098
12.2169
12.2063
12.2101
12.2143
12.1971
12.2152
12.2097
12.2206
12.2057
12.1929
12.1924
12.2281
12.2266
12.258
12.2298
12.2402
12.2081
12.1866
12.1844
12.1764
12.1928
12.1941
12.1714
12.1392
12.1519
12.1684
12.1497
12.1491
12.1469
12.1356
12.1302
12.1272
12.1381
12.1642
12.1804
12.1586
12.1531
12.1997
12.1748
12.1542
12.1623
12.1443
12.1546
12.1617
12.1601
12.157
12.1716
12.1666
12.1045
12.1282
12.1428
12.1653
12.1394
12.1697
12.1794
12.1896
12.1369
12.1121
12.0996
12.1255
12.0719
12.0663
12.025
11.9793
11.9866
12.0068
12.0237
11.9994
12.0003
11.985
11.9685
11.961
11.996
12.0097
11.9966
12.007
12.0169
12.0239
12.0495
12.0366
12.012
12.003
12.0394
12.032
12.054
12.0641
12.0638
12.0709
12.0944
12.0787
12.0585
12.0881
12.1258
12.1308
12.1205
12.1304
12.1215
12.1129
12.1115
12.0801
12.0905
12.1077
12.1351
12.1111
12.1298
12.1189
12.1377
12.1403
12.1058
12.1188
12.1025
12.1159
12.0679
12.0995
12.1176
12.1256
12.1384
12.1607
12.1353
12.1161
12.1292
12.124
12.1142
12.0746
12.0956
12.0993
12.0577
12.0836
12.0536
12.0302
12.0433
12.0602
12.0076
12.0216
12.017
12.0318
12.0582
12.0799
12.0805
12.0957
12.0818
12.0486
12.0656
12.0709
12.0604
12.0599
12.0913
12.0892
12.0999
12.1031
12.1392
12.1299
12.0951
12.08
12.1051
12.1376
12.1316
12.0961
12.1055
12.0386
12.0435
12.0498
12.0935
12.061
12.0409
12.031
12.0556
12.0583
12.0595
12.081
12.0656
12.0348
12.0244
12.0399
12.0233
12.031
11.9844
12.0042
12.0184
12.0309
12.018
12.0301
12.0182
12.0319
12.0214
12.0336
12.0095
12.0329
12.0385
12.0449
12.0595
12.0695
12.0609
11.9825
11.9839
12.0008
12.0216
12.0086
12.0012
11.9952
11.992
12.0042
12.0174
12.0416
12.0767
12.0612
12.0723
12.0683
12.0799
12.1106
12.1412
12.1344
12.1031
12.0995
12.1082
12.1249
12.1049
12.1072
12.0695
12.0419
12.0687
12.0889
12.0701
12.0905
12.0741
12.0986
12.1328
12.1751
12.1642
12.1867
12.1551
12.1397
12.1389
12.1521
12.1311
12.1365
12.1145
12.1003
12.1052
12.1128
12.1372
12.1267
12.1055
12.0929
12.0754
12.0941
12.1148
12.1146
12.0877
12.0433
12.0308
12.0266
12.042
12.0509
12.0585
12.0414
12.0485
12.0652
12.0379
12.033
12.0465
12.0465
12.0514
12.0415
12.083
12.0733
12.0792
12.0631
12.0656
12.0601
12.0663
12.0763
12.0741
12.0424
11.9963
11.9933
11.9896
11.9784
11.9717
11.9866
11.9788
12.0019
11.9973
11.9852
11.9907
11.9599
11.9575
11.9572
11.9549
11.9657
11.9489
11.9194
11.8773
11.9063
11.9212
11.9176
11.9068
11.9176
11.8946
11.9186
11.9174
11.9274
11.9551
11.9622
11.9141
11.9121
11.8895
11.8825
11.8954
11.8298
11.8088
11.815
11.814
11.7705
11.8125
11.7655
11.7876
11.7791
11.7968
11.8062
11.8104
11.8088
11.7761
11.7942
11.7929
11.8409
11.8725
11.895
11.8881
11.8894
11.8924
11.8719
11.8848
11.8969
11.9054
11.8826
11.8887
11.8954
11.9297
11.9236
11.9116
11.9388
11.9786
11.9751
11.9781
11.9673
11.9776
11.9809
12.0158
12.0408
12.02
12.0098
12.0331
12.0313
12.0101
12.0049
12.0091
11.9697
11.9645
11.9593
11.9774
12.0236
12.0341
12.0678
12.097
12.1031
12.1106
12.1135
12.1478
12.1259
12.1441
12.1599
12.1395
12.1584
12.164
12.1723
12.1896
12.1875
12.2191
12.2331
12.1938
12.1929
12.2297
12.2056
12.1916
12.1474
12.145
12.1411
12.1663
12.1829
12.1923
12.2047
12.2081
12.2006
12.2054
12.2263
12.2213
12.2091
12.2149
12.2543
12.2439
12.2311
12.1997
12.2085
12.2378
12.2424
12.2412
12.2347
12.2753
12.2669
12.2917
12.2789
12.272
12.2831
12.3113
12.3442
12.3623
12.3591
12.3358
12.3289
12.3075
12.3102
12.2857
12.2989
12.329
12.2995
12.3007
12.2917
12.2596
12.279
12.3
12.2714
12.3078
12.3285
12.3327
12.3396
12.3212
12.2854
12.2705
12.2905
12.2603
12.2985
12.2734
12.2913
12.2987
12.2965
12.3012
12.2621
12.2706
12.2638
12.2663
12.2925
12.2986
12.3187
12.336
12.337
12.3528
12.3055
12.3254
12.3224
12.33
12.346
12.3343
12.31
12.3051
12.2822
12.2697
12.2919
12.2666
12.2805
12.2892
12.3039
12.3243
12.3325
12.3268
12.3476
12.3588
12.3702
12.3615
12.367
12.3694
12.3969
12.406
12.3562
12.3928
12.4201
12.396
12.3818
12.3491
12.361
12.3695
12.3915
12.3802
12.3629
12.3421
12.333
12.313
12.301
12.3244
12.3151
12.2765
12.2861
12.3034
12.3016
12.3235
12.3265
12.334
12.3734
12.3985
12.4245
12.4275
12.4482
12.4517
12.439
12.4602
12.4252
12.4357
12.4369
12.4372
12.4508
12.4724
12.4561
12.4703
12.5049
12.5478
12.5531
12.5846
12.6081
12.6019
12.5338
12.5239
12.4956
12.4666
12.4637
12.4853
12.4919
12.5075
12.4946
12.5169
12.5511
12.5411
12.531
12.5202
12.558
12.5645
12.5584
12.5675
12.5921
12.615
12.5726
12.5773
12.5654
12.5786
12.6038
12.6045
12.6068
12.6028
12.5589
12.5677
12.568
12.538
12.5351
12.557
12.5627
12.5671
12.5876
12.623
12.616
12.6302
12.6255
12.6615
12.6853
12.716
12.743
12.7511
12.7364
12.7106
12.7345
12.7309
12.6867
12.6821
12.6835
12.7091
12.7101
12.7369
12.7502
12.7721
12.7315
12.6961
12.6796
12.7093
12.7222
12.7331
12.7389
12.7051
12.7123
12.6671
12.6925
12.6969
12.6804
12.6614
12.6637
12.6575
12.6836
12.6933
12.7168
12.7603
12.7685
12.7988
12.8056
12.8162
12.7902
12.7872
12.8006
12.7722
12.7601
12.775
12.7854
12.7609
12.764
12.7631
12.7237
12.703
12.6958
12.7188
12.73
12.6863
12.698
12.6847
12.7119
12.7111
12.7241
12.7441
12.7414
12.7552
12.7339
12.7669
12.7715
12.7849
12.7876
12.8031
12.7617
12.7833
12.794
12.8229
12.8032
12.8151
12.7999
12.7877
12.8093
12.8141
12.8504
12.8283
12.8256
12.8287
12.8486
12.8214
12.8328
12.8025
12.769
12.7291
12.7521
12.7361
12.738
12.7527
12.6877
12.711
12.7156
12.688
12.6812
12.6737
12.6852
12.6881
12.6697
12.6231
12.605
12.5666
12.5468
12.5082
12.5048
12.5038
12.4908
12.4698
12.4861
12.4532
12.4488
12.4583
12.4781
12.481
12.5009
12.4853
12.4802
12.4716
12.4923
12.498
12.4909
12.4773
12.4913
12.4889
12.4999
12.4954
12.5249
12.5084
12.51
12.4877
12.4493
12.4305
12.4251
12.4468
12.432
12.4315
12.4549
12.4248
12.4148
12.4208
12.4183
12.4113
12.4281
12.364
12.3396
12.3317
12.3248
12.3098
12.2921
12.3175
12.3104
12.3103
12.2596
12.2745
12.297
12.2314
12.2435
12.2154
12.1787
12.1456
12.1665
12.1645
12.1715
12.1541
12.1867
12.1734
12.1617
12.1396
12.1364
12.1275
12.064
12.0537
12.0565
12.0777
12.0623
12.0252
12.0336
12.049
12.0221
12.0117
11.9897
11.9815
11.9877
11.9504
11.9551
11.9397
11.9419
11.9297
11.8827
11.881
11.8908
11.8858
11.9013
11.9212
11.9174
11.8935
11.9084
11.9192
11.9244
11.9289
11.9644
11.9464
11.8953
11.893
11.9113
11.9311
11.9246
11.9004
11.8957
11.8653
11.8763
11.9061
11.8909
11.9077
11.9092
11.9522
11.9383
11.8991
11.9133
11.8944
11.9087
11.9227
11.9394
11.9502
11.9721
11.9525
11.9694
12.0007
11.9597
11.964
11.978
11.9545
11.9447
11.9319
11.9681
11.9546
11.986
11.9997
12.0024
11.996
11.9336
11.9535
11.9822
12.0159
12.027
12.0095
12.0264
12.0254
12.0214
11.9961
12.0376
12.0508
12.0334
12.0267
12.0393
11.9961
11.9949
11.9917
12.0044
11.9809
11.9446
11.9244
11.9011
11.8968
11.9326
11.9466
11.9642
11.9555
11.9807
11.9467
11.9673
12.0187
12.048
12.0482
12.0614
12.0389
12.0081
12.006
12.0452
12.0455
12.0416
12.03
12.0514
12.0867
12.0597
12.0811
12.0848
12.1053
12.1188
12.1416
12.1642
12.1534
12.1609
12.1241
12.1307
12.1531
12.1487
12.1782
12.1999
12.189
12.1809
12.1974
12.2061
12.1935
12.2188
12.188
12.1595
12.1744
12.1588
12.1426
12.1395
12.1058
12.1072
12.1133
12.1497
12.1779
12.1963
12.2174
12.2099
12.2298
12.246
12.2599
12.2282
12.218
12.2108
12.2208
12.261
12.2466
12.2306
12.1824
12.1859
12.1801
12.1592
12.176
12.1817
12.1689
12.1436
12.1349
12.093
12.0714
12.0909
12.1158
12.1571
12.1824
12.1189
12.133
12.0988
12.0301
12.0416
12.0061
12.0193
12.0458
12.0532
12.0698
12.0825
12.0244
12.0502
12.0654
12.0513
12.069
12.1041
12.0906
12.1121
12.1474
12.1559
12.1386
12.0942
12.0684
12.036
12.052
12.0175
12.0372
12.0431
12.0728
12.0494
12.0317
12.0704
12.0765
12.095
12.118
12.1104
12.135
12.106
12.1263
12.1054
12.095
12.0685
12.074
12.0706
12.0689
12.0241
12.0018
11.9988
12.0149
12.0192
12.037
12.0579
12.0768
12.1036
12.1384
12.1423
12.1495
12.1499
12.1481
12.165
12.1453
12.1398
12.1086
12.0837
12.0699
12.075
12.0352
12.0586
12.0809
12.0862
12.0653
12.0353
12.0394
12.0537
12.033
12.053
12.0249
12.0498
12.062
12.0702
12.0957
12.1005
12.1038
12.1177
12.1143
12.1291
12.1465
12.144
12.1496
12.1171
12.1173
12.1569
12.1603
12.1062
12.1431
12.1339
12.1421
12.146
12.1334
12.0975
12.1201
12.0814
12.1031
12.1281
12.1361
12.1684
12.2031
12.2389
12.2298
12.2098
12.2146
12.2245
12.226
12.224
12.2464
12.2651
12.2851
12.2909
12.313
12.3132
12.3269
12.3715
12.3439
12.3508
12.3095
12.3254
12.3494
12.3586
12.3589
12.3827
12.4001
12.404
12.3314
12.3628
12.3784
12.3734
12.3592
12.3409
12.3526
12.3411
12.2671
12.2447
12.2258
12.2223
12.214
12.2383
12.2517
12.2401
12.2603
12.2801
12.304
12.2768
12.2422
12.2476
12.2582
12.2711
12.287
12.2685
12.2562
12.2229
12.1961
12.1999
12.2386
12.2524
12.2508
12.2485
12.264
12.3129
12.3031
12.3252
12.3407
12.3402
12.3222
12.2939
12.3231
12.3201
12.2977
12.3036
12.29
12.3106
12.2622
12.1912
12.2111
12.1907
12.2044
12.1957
12.205
12.2031
12.2232
12.2372
12.2394
12.2312
12.2332
12.2284
12.2041
12.2068
12.2374
12.2782
12.2841
12.2892
12.3247
12.3399
12.3467
12.3562
12.3498
12.332
12.3063
12.3119
12.3319
12.3286
12.3308
12.3252
12.2984
12.31
12.3364
12.3465
12.3233
12.3204
12.3266
12.3298
12.354
12.3332
12.3588
12.3876
12.4035
12.3675
12.3717
12.3802
12.3904
12.3566
12.4025
12.4196
12.41
12.3862
12.3747
12.3628
12.3654
12.326
12.2937
12.3119
12.2963
12.3093
12.3142
12.3311
12.3512
12.3679
12.3855
12.4138
12.4015
12.3913
12.4145
12.4368
12.4311
12.4559
12.4804
12.5045
12.5311
12.5364
12.5125
12.5105
12.5046
12.5167
12.4707
12.4851
12.4892
12.4327
12.4259
12.3729
12.3679
12.3283
12.3188
12.34
12.3319
12.3409
12.3621
12.3647
12.3534
12.3905
12.3977
12.4341
12.4315
12.4237
12.4096
12.413
12.4424
12.4445
12.4468
12.4449
12.4191
12.375
12.3827
12.3633
12.3859
12.3898
12.4019
12.4267
12.4252
12.4433
12.4356
12.43
12.4554
12.475
12.4912
12.4963
12.4985
12.5055
12.5237
12.5334
12.5277
12.5473
12.5257
12.5081
12.523
12.5328
12.5328
12.4876
12.4943
12.5052
12.4908
12.4724
12.4735
12.5063
12.4563
12.4794
12.4821
12.5136
12.4646
12.5043
12.445
12.455
12.4462
12.4797
12.451
12.4972
12.4905
12.5016
12.4991
12.4975
12.4757
12.472
12.4648
12.4414
12.4619
12.4638
12.4799
12.4924
12.4349
12.406
12.3735
12.3887
12.3867
12.3794
12.4208
12.4017
12.3775
12.3674
12.3756
12.3553
12.3789
12.3807
12.3683
12.3284
12.348
12.3655
12.3785
12.3519
12.3737
12.3836
12.4029
12.4372
12.4192
12.393
12.3879
12.3801
12.3795
12.386
12.3605
12.3823
12.3892
12.3625
12.3386
12.3425
12.3287
12.3453
12.3603
12.3676
12.3831
12.3949
12.4002
12.4038
12.3719
12.3915
12.3639
12.3372
12.3431
12.329
12.3153
12.3024
12.3203
12.3338
12.3409
12.3642
12.342
12.3005
12.2929
12.2696
12.2682
12.2346
12.2667
12.2586
12.2489
12.2583
12.2597
12.2578
12.2517
12.2496
12.254
12.2425
12.2497
12.2972
12.2922
12.2828
12.301
12.2914
12.3223
12.3382
12.3227
12.3356
12.3288
12.3082
12.3044
12.3176
12.3319
12.3603
12.3309
12.3553
12.3552
12.3698
12.3573
12.3839
12.3978
12.4245
12.4421
12.4617
12.4561
12.4722
12.4858
12.4645
12.4789
12.4719
12.4956
12.5077
12.5113
12.5115
12.4896
12.4567
12.4705
12.4859
12.4782
12.5133
12.5032
12.4305
12.443
12.4492
12.4406
12.4009
12.3951
12.3639
12.3805
12.3809
12.3693
12.376
12.3426
12.3571
12.3534
12.3675
12.3481
12.3644
12.3842
12.3762
12.3702
12.3364
12.3524
12.373
12.3515
12.3717
12.3916
12.3928
12.4172
12.412
12.4422
12.4549
12.4569
12.4668
12.4408
12.4565
12.4358
12.4435
12.4456
12.4661
12.459
12.4615
12.4535
12.4653
12.4967
12.5225
12.5228
12.5196
12.4976
12.4951
12.505
12.518
12.5382
12.5654
12.579
12.6078
12.6161
12.6069
12.5999
12.6392
12.6197
12.6263
12.6276
12.6285
12.6041
12.5977
12.5894
12.5483
12.5299
12.5327
12.5339
12.502
12.4789
12.4952
12.5158
12.4733
12.4425
12.4607
12.4875
12.5088
12.4937
12.4745
12.4883
12.4886
12.4759
12.444
12.4622
12.4545
12.4922
12.5258
12.5514
12.534
12.5174
12.528
12.5097
12.5192
12.5233
12.547
12.5488
12.5642
12.6124
12.6336
12.6257
12.6577
12.6481
12.6378
12.6555
12.6849
12.6971
12.6795
12.6986
12.6917
12.6988
12.6978
12.7063
12.727
12.685
12.6654
12.6489
12.6524
12.6813
12.6638
12.6664
12.6361
12.6608
12.6561
12.6864
12.6961
12.7145
12.7144
12.7133
12.7028
12.7242
12.7362
12.7449
12.7635
12.7485
12.7547
12.7549
12.7654
12.7894
12.7677
12.7829
12.8263
12.8189
12.8014
12.7382
12.7277
12.711
12.7108
12.7277
12.7333
12.7551
12.7477
12.7465
12.7802
12.7944
12.7923
12.7714
12.7758
12.7509
12.7259
12.7063
12.6875
12.686
12.6976
12.6886
12.71
12.7144
12.7214
12.6993
12.6863
12.6912
12.6726
12.6694
12.6747
12.6805
12.693
12.7065
12.7303
12.7443
12.7613
12.773
12.7796
12.8029
12.7977
12.8238
12.7957
12.8295
12.8277
12.8581
12.8415
12.8537
12.8416
12.8205
12.8221
12.843
12.8355
12.8188
12.8599
12.7805
12.7996
12.7875
12.7671
12.751
12.765
12.7535
12.767
12.7463
12.7239
12.7079
12.6737
12.6681
12.6638
12.6833
12.6894
12.7299
12.6799
12.7195
12.7015
12.6857
12.7193
12.7336
12.7243
12.7385
12.7441
12.7266
12.736
12.747
12.7432
12.7294
12.728
12.7314
12.7739
12.7684
12.7465
12.759
12.7356
12.7385
12.7405
12.7712
12.755
12.7341
12.735
12.7072
12.7207
12.7388
12.7252
12.7189
12.696
12.698
12.6717
12.7172
12.7375
12.7617
12.7746
12.7411
12.7498
12.7706
12.7872
12.774
12.7653
12.7835
12.7463
12.7708
12.7708
12.7599
12.7914
12.7925
12.7937
12.7774
12.7703
12.7924
12.7972
12.8046
12.8009
12.794
12.7351
12.7299
12.7355
12.7296
12.7638
12.8069
12.7569
12.7349
12.7536
12.7224
12.7465
12.7752
12.7606
12.6965
12.696
12.694
12.691
12.6736
12.6302
12.6097
12.6296
12.6098
12.6316
12.6065
12.6217
12.6135
12.5752
12.5682
12.5842
12.6105
12.5802
12.6044
12.6236
12.6476
12.6617
12.6504
12.6523
12.6667
12.6674
12.6459
12.6903
12.6886
12.7189
12.6883
12.6953
12.7
12.7484
12.7576
12.7868
12.8
12.7805
12.7961
12.805
12.7723
12.7212
12.7055
12.6976
12.6871
12.7047
12.7222
12.7166
12.6879
12.7035
12.7031
12.6465
12.6598
12.6257
12.629
12.6341
12.6399
12.6461
12.6832
12.6874
12.71
12.6944
12.6893
12.6536
12.6526
12.6395
12.626
12.6075
12.6284
12.6527
12.6667
12.6482
12.6202
12.6162
12.5984
12.5931
12.6042
12.6466
12.6463
12.6621
12.6361
12.6484
12.663
12.6897
12.6952
12.711
12.725
12.7243
12.7547
12.7505
12.737
12.7445
12.7666
12.7465
12.7818
12.7939
12.7379
12.7357
12.7047
12.7199
12.6825
12.6633
12.6719
12.6601
12.6158
12.5859
12.5841
12.5878
12.5308
12.5424
12.5417
12.5318
12.515
12.5394
12.5811
12.5621
12.5539
12.5512
12.5295
12.522
12.5309
12.5344
12.5423
12.534
12.5126
12.5345
12.5242
12.5097
12.5107
12.5241
12.562
12.5324
12.5054
12.5264
12.532
12.4885
12.4983
12.5087
12.4749
12.484
12.4827
12.456
12.4793
12.4945
12.5018
12.4949
12.5225
12.5313
12.5052
12.5002
12.509
12.5221
12.5098
12.5455
12.5672
12.5552
12.5387
12.5647
12.5995
12.6018
12.5875
12.5673
12.5751
12.5571
12.5652
12.5642
12.5739
12.6083
12.6076
12.5956
12.5809
12.5409
12.5501
12.5639
12.5268
12.5276
12.5022
12.4866
12.4961
12.4831
12.454
12.4588
12.4763
12.4304
12.4386
12.4636
12.4599
12.4781
12.4897
12.4618
12.4506
12.4657
12.465
12.4054
12.4017
12.3635
12.3707
12.3862
12.3799
12.3749
12.4028
12.386
12.4006
12.3717
12.372
12.3698
12.3397
12.345
12.2941
12.2767
12.2703
12.2536
12.2569
12.2768
12.28
12.2566
12.2737
12.2862
12.2989
12.3275
12.3117
12.2707
12.3005
12.2741
12.2659
12.279
12.3071
12.3235
12.296
12.2632
12.2625
12.2582
12.2885
12.3044
12.3353
12.3566
12.3596
12.3747
12.3535
12.3407
12.3409
12.3695
12.385
12.3674
12.3886
12.3696
12.3004
12.2567
12.2521
12.268
12.2648
12.2797
12.247
12.2323
12.166
12.1425
12.1762
12.171
12.2076
12.2123
12.2466
12.2127
12.1892
12.2187
12.2151
12.211
12.1854
12.145
12.1626
12.1552
12.1487
12.1606
12.184
12.2113
12.2207
12.2499
12.2538
12.2656
12.2974
12.2828
12.3058
12.297
12.3364
12.344
12.3412
12.3252
12.3307
12.3478
12.3332
12.3283
12.3667
12.3616
12.3753
12.3948
12.3876
12.3975
12.4078
12.4137
12.4385
12.4161
12.4312
12.3844
12.4133
12.4385
12.4495
12.4333
12.4328
12.42
12.4196
12.4113
12.414
12.4253
12.4147
12.4316
12.4377
12.4366
12.4443
12.4054
12.3763
12.3666
12.3829
12.4034
12.4012
12.4172
12.4244
12.3853
12.3604
12.3687
12.3876
12.3825
12.4145
12.42
12.3937
12.3621
12.3785
12.396
12.3801
12.386
12.3883
12.4
12.3893
12.4203
12.4215
12.4398
12.4257
12.4345
12.4119
12.3813
12.3359
12.3731
12.3939
12.4083
12.4045
12.3765
12.3554
12.3451
12.3312
12.3512
12.3564
12.3325
12.3021
12.305
12.3173
12.3413
12.2844
12.2404
12.2397
12.2337
12.2445
12.2153
12.1999
12.1449
12.1462
12.1805
12.1911
12.197
12.2039
12.173
12.1886
12.1889
12.1991
12.2265
12.255
12.2784
12.2971
12.2892
12.2779
12.2856
12.2657
12.267
12.2627
12.2418
12.2823
12.2388
12.2421
12.2552
12.2423
12.1929
12.1916
12.2067
12.191
12.218
12.233
12.247
12.262
12.2884
12.2783
12.3
12.3055
12.3261
12.3656
12.3489
12.323
12.3519
12.368
12.3853
12.3994
12.3327
12.332
12.307
12.297
12.2856
12.264
12.2696
12.257
12.2746
12.2614
12.2452
12.215
12.2435
12.2382
12.2304
12.26
12.2983
12.2953
12.3014
12.3062
12.323
12.3272
12.3206
12.2878
12.2875
12.3289
12.3021
12.3221
12.2828
12.2698
12.2943
12.2967
12.2835
12.2603
12.2773
12.2992
12.314
12.3343
12.3421
12.3285
12.3451
12.3489
12.3565
12.2757
12.3176
12.3264
12.3441
12.3356
12.337
12.3551
12.367
12.3403
12.3389
12.346
12.3308
12.3505
12.3337
12.3528
12.3533
12.3254
12.3309
12.2946
12.2899
12.2865
12.2787
12.2858
12.203
12.2066
12.185
12.1869
12.1674
12.1798
12.1734
12.1683
12.1526
12.1079
12.1113
12.1293
12.1331
12.1528
12.1652
12.1478
12.1458
12.1538
12.1786
12.1925
12.2073
12.2141
12.2337
12.2328
12.1799
12.1452
12.1229
12.1211
12.1281
12.1243
12.1089
12.1224
12.1313
12.106
12.1001
12.0799
12.0417
12.0106
12.0257
12.0376
12.0573
12.078
12.087
12.0852
12.0934
12.0745
12.0879
12.0964
12.1097
12.1088
12.0701
12.0827
12.0799
12.0802
12.0809
12.0721
12.1019
12.1097
12.0988
12.1163
12.1359
12.1436
12.1538
12.1786
12.141
12.1177
12.1052
12.1167
12.1091
12.1265
12.1568
12.1563
12.1622
12.1643
12.1645
12.1588
12.1588
12.1239
12.1038
12.0924
12.0568
12.0696
12.1125
12.0922
12.1035
12.1062
12.1096
12.0981
12.114
12.1055
12.0889
12.08
12.0836
12.063
12.0576
12.031
12.0153
12.0361
12.0503
12.0669
12.0691
12.0429
12.0098
12.0131
12.0587
12.0763
12.0548
12.0481
12.0711
12.0259
11.9859
11.9773
11.9947
11.9756
11.9737
11.9958
11.9758
11.983
12.0123
11.9993
12.022
11.9767
12.0137
12.0007
11.9197
11.8915
11.8681
11.8631
11.8745
11.8859
11.861
11.8812
11.9333
11.9124
11.919
11.9307
11.921
11.9543
11.9727
11.9633
11.9434
11.9793
11.9884
11.9902
11.985
11.9851
11.9933
11.9481
11.9429
11.9295
11.958
11.9095
11.904
11.8937
11.9216
11.9468
11.9457
11.9637
11.9835
12.0023
12.0061
11.9951
12.0033
12.0202
12.0115
12.0103
11.9974
12.0183
12.0031
11.9973
12.0289
12.0382
12.0562
12.026
12.0054
12.0225
12.0485
12.0513
12.0423
12.0183
11.9947
12.0436
12.0526
12.0713
12.0579
12.048
12.0591
12.0449
12.0548
12.0485
12.0737
12.0887
12.0819
12.1053
12.1125
12.1294
12.1569
12.135
12.1478
12.1367
12.1543
12.1546
12.1462
12.1207
12.1288
12.1266
12.1145
12.1098
12.1083
12.0854
12.0957
12.0872
12.0847
12.0998
12.1056
12.0746
12.0953
12.0499
12.0101
12.0098
12.0013
11.9808
12.0116
12.0235
12.0098
12.0292
12.0316
12.0661
12.0825
12.102
12.0852
12.0953
12.1085
12.1039
12.1176
12.143
12.1714
12.1979
12.2141
12.2051
12.1957
12.1825
12.2014
12.2026
12.1696
12.1871
12.1845
12.1871
12.1817
12.1698
12.1587
12.1695
12.1777
12.2068
12.1991
12.1914
12.2356
12.258
12.2707
12.2523
12.2668
12.2557
12.2519
12.2764
12.2889
12.269
12.3126
12.3116
12.3517
12.3072
12.2664
12.2378
12.2388
12.2386
12.2593
12.2325
12.2428
12.245
12.2593
12.28
12.2935
12.3067
12.3287
12.3037
12.3071
12.2787
12.2975
12.2574
12.2782
12.3114
12.3423
12.3472
12.3624
12.3571
12.3714
12.3548
12.3424
12.3248
12.3351
12.3172
12.318
12.3256
12.3331
12.3182
12.295
12.3019
12.3136
12.3412
12.322
12.327
12.2976
12.3149
12.2852
12.2804
12.269
12.1995
12.199
12.2045
12.192
12.1653
12.2041
12.1969
12.2274
12.2392
12.2349
12.2138
12.21
12.2239
12.2241
12.2033
12.2136
12.2226
12.2286
12.2354
12.2578
12.2507
12.2614
12.2698
12.1978
12.1944
12.1687
12.1374
12.1251
12.1007
12.1292
12.1182
12.0572
12.0747
12.0525
12.069
12.0607
12.0674
12.0708
12.018
12.0224
12.0346
12.0266
12.0298
12.0389
12.0087
12.0099
12.0221
12.0314
12.0537
12.0477
12.0626
12.0614
12.077
12.0715
12.0793
12.076
12.0763
12.0892
12.0901
12.1099
12.0804
12.0319
12.0725
12.0827
12.0524
12.0609
12.0783
12.0768
12.115
12.1261
12.0667
12.0769
12.0693
12.1009
12.1071
12.1148
12.1257
12.1239
12.1334
12.1445
12.1558
12.1694
12.1589
12.1494
12.1841
12.21
12.2064
12.1862
12.2219
12.172
12.1419
12.1505
12.1482
12.1048
12.1252
12.152
12.144
12.0969
12.1365
12.1532
12.1707
12.1959
12.2067
12.2025
12.2362
12.2576
12.2656
12.2595
12.2589
12.2299
12.2442
12.2514
12.26
12.2772
12.2878
12.2756
12.2965
12.3117
12.3417
12.3428
12.3627
12.3356
12.341
12.3796
12.3881
12.3353
12.3334
12.3117
12.3529
12.3623
12.3944
12.37
12.3814
12.3836
12.3996
12.4044
12.4264
12.4175
12.4029
12.4216
12.4496
12.4515
12.4632
12.445
12.4228
12.4151
12.4541
12.4164
12.388
12.4089
12.4187
12.4057
12.3798
12.4021
12.3823
12.3745
12.3987
12.399
12.3976
12.4135
12.4181
12.3943
12.3592
12.3457
12.3461
12.3562
12.3566
12.3355
12.3509
12.3758
12.3589
12.3574
12.3936
12.3732
12.382
12.3728
12.4129
12.4312
12.3935
12.4122
12.3965
12.4071
12.4129
12.3817
12.3166
12.3046
12.3304
12.305
12.3219
12.3391
12.3206
12.311
12.2968
12.3085
12.2704
12.3113
12.2723
12.2658
12.2436
12.2614
12.2687
12.2821
12.2627
12.2471
12.2443
12.259
12.2623
12.2375
12.2493
12.2676
12.2297
12.2026
12.2102
12.2096
12.2164
12.218
12.2533
12.282
12.2543
12.2058
12.2156
12.1843
12.1676
12.1453
12.1326
12.1299
12.1264
12.1668
12.1794
12.2009
12.2251
12.1618
12.1341
12.1443
12.1629
12.1247
12.1355
12.1312
12.1309
12.1233
12.1362
12.1204
12.1379
12.1624
12.1653
12.1533
12.1578
12.1172
12.1072
12.1286
12.1323
12.1024
12.0821
12.0912
12.1201
12.1267
12.1573
12.1455
12.1435
12.1655
12.1804
12.224
12.2076
12.2011
12.2284
12.2616
12.2636
12.2517
12.2749
12.2527
12.2478
12.2524
12.2527
12.2654
12.2533
12.2547
12.2477
12.2036
12.2185
12.2321
12.2292
12.2137
12.2058
12.1376
12.099
12.1055
12.1012
12.0699
12.0348
11.9914
11.9802
11.9856
11.9789
11.9949
11.9825
12.031
12.0176
12.0406
12.0427
12.0544
12.067
12.062
12.0168
11.9957
12.0195
12.006
12.0221
12.0432
12.0533
12.055
12.071
12.0654
12.1038
12.1112
12.1115
12.1257
12.1272
12.0561
12.081
12.0556
12.0096
12.008
11.9948
11.9992
12.0045
11.9803
11.9914
11.9534
11.9651
11.9839
12.0082
12.0223
12.0265
12.023
12.0323
12.0479
12.044
12.0496
12.048
12.0691
12.0905
12.1028
12.0743
12.0697
12.1044
12.0771
12.0393
12.0428
12.0097
12.0007
12.0459
12.029
12.0322
12.005
11.9953
11.9856
11.9856
11.9827
11.9849
11.9314
11.9572
11.9753
11.9904
11.9824
11.9657
11.9373
11.954
11.9404
11.9275
11.9133
11.9102
11.9091
11.8595
11.8626
11.8776
11.8796
11.8721
11.8917
11.8942
11.8886
11.9026
11.8936
11.9066
11.9083
11.9456
11.9493
11.9202
11.9456
11.9082
11.9325
11.9137
11.9084
11.8924
11.8834
11.9075
11.906
11.9103
11.9425
11.9593
11.9719
11.9838
12.0061
12.007
11.9625
11.9594
11.9355
11.9505
11.9392
11.9132
11.9005
11.9065
11.8912
11.8588
11.872
11.893
11.8843
11.8508
11.839
11.8768
11.8438
11.8693
11.8964
11.901
11.9162
11.9198
11.9368
11.9368
11.8907
11.89
11.8725
11.8798
11.8925
11.8851
11.9136
11.9317
11.9353
11.9641
11.9579
11.9582
11.9549
11.9761
11.9787
11.9554
11.9498
11.9673
11.9406
11.9505
11.9769
11.9932
11.9756
11.9542
11.9758
11.983
12.0085
12.0399
12.0602
12.0697
12.0538
12.0531
12.0732
12.1142
12.1055
12.0868
12.0706
12.0383
12.0156
12.0154
11.9987
12.0134
12.064
12.0693
12.0433
12.0586
12.0597
12.0506
12.0627
12.0671
12.0761
12.072
12.0963
12.0734
12.0901
12.0713
12.0863
12.0982
12.1269
12.1132
12.1106
12.1418
12.1529
12.1783
12.2121
12.2236
12.2059
12.2184
12.2317
12.2086
12.1825
12.1921
12.1824
12.1726
12.1859
12.1837
12.1865
12.1798
12.1468
12.1156
12.1086
12.0973
12.0871
12.0678
12.0838
12.0953
12.0821
12.0545
12.0352
12.0532
12.017
12.027
12.0005
12.0022
12.0079
12.0324
12.0492
12.0724
12.0493
12.0737
12.098
12.0978
12.1224
12.1441
12.13
12.1041
12.0923
12.0937
12.0961
12.0991
12.0969
12.1392
12.1614
12.1839
12.1391
12.1482
12.1607
12.1771
12.1436
12.1396
12.1616
12.146
12.1292
12.1185
12.0917
12.1225
12.1592
12.1459
12.1598
12.161
12.1842
12.2012
12.1999
12.2062
12.1918
12.1947
12.1134
12.1359
12.1692
12.1901
12.214
12.2263
12.2111
12.2183
12.2087
12.24
12.2753
12.3011
12.293
12.3288
12.316
12.3047
12.2521
12.2545
12.277
12.2883
12.2875
12.3013
12.3089
12.2963
12.3149
12.3302
12.3375
12.3347
12.2974
12.2175
12.1844
12.2153
12.186
12.1967
12.1791
12.1789
12.1758
12.2
12.24
12.2203
12.2581
12.2685
12.2255
12.2008
12.1515
12.1804
12.2162
12.2004
12.1955
12.1602
12.1952
12.1729
12.1677
12.2021
12.2067
12.1876
12.1534
12.1675
12.1938
12.1697
12.1307
12.1345
12.1313
12.1208
12.1373
12.1086
12.1268
12.1262
12.1044
12.0763
12.0822
12.0879
12.0831
12.064
12.06
12.0792
12.0863
12.1089
12.087
12.0942
12.0815
12.1087
12.0665
12.0831
12.069
12.0544
12.0717
12.0786
12.1263
12.1441
12.1525
12.1738
12.1654
12.1852
12.1724
12.1933
12.1984
12.2236
12.2131
12.1646
12.1681
12.1555
12.1616
12.1349
12.1521
12.1565
12.1509
12.128
12.132
12.1287
12.15
12.1475
12.1167
12.143
12.1192
12.1406
12.1417
12.1469
12.1285
12.1445
12.099
12.1018
12.0912
12.0731
12.0481
12.047
12.0573
12.0625
12.0541
12.0702
12.0849
12.0853
12.0945
12.0672
12.0544
12.0639
12.0536
12.082
12.0744
12.0586
12.0829
12.0988
12.1306
12.1054
12.0696
12.0728
12.0635
11.982
11.9964
12.0235
12.0342
12.0585
12.0831
12.0905
12.1035
12.1392
12.1024
12.1037
12.1117
12.1457
12.1751
12.1983
12.1991
12.1603
12.165
12.1704
12.1499
12.1622
12.1572
12.1797
12.1725
12.1675
12.1867
12.206
12.1846
12.1702
12.1417
12.1002
12.097
12.1274
12.1307
12.1086
12.1124
12.1504
12.1316
12.1085
12.1134
12.1042
12.0752
12.0985
12.1108
12.1233
12.1281
12.1406
12.1572
12.1991
12.1971
12.2219
12.2468
12.2712
12.2729
12.282
12.3156
12.2907
12.2705
12.2595
12.257
12.2994
12.2875
12.3024
12.3114
12.321
12.3142
12.3304
12.3138
12.3281
12.3534
12.2977
12.301
12.3021
12.2926
12.3199
12.303
12.3134
12.2802
12.3084
12.3041
12.264
12.2655
12.3173
12.3318
12.3083
12.2962
12.2613
12.2474
12.2775
12.2721
12.2688
12.2971
12.2983
12.3074
12.3213
12.3244
12.2961
12.3159
12.3422
12.3447
12.2852
12.3057
12.3291
12.3171
12.3037
12.3187
12.3275
12.3476
12.3823
12.3409
12.3577
12.3468
12.346
12.3229
12.3426
12.341
12.3265
12.3394
12.3392
12.2862
12.3021
12.2819
12.3151
12.3373
12.3661
12.3774
12.3463
12.3161
12.2864
12.3067
12.3002
12.2888
12.27
12.3077
12.341
12.3467
12.3421
12.3365
12.3322
12.3499
12.3304
12.346
12.3449
12.3378
12.3638
12.3754
12.3137
12.3043
12.3144
12.2972
12.2563
12.2582
12.2818
12.3085
12.3059
12.3115
12.2876
12.2914
12.2808
12.2816
12.2746
12.2773
12.2776
12.2442
12.2264
12.2085
12.2314
12.2466
12.2161
12.199
12.1956
12.1859
12.1942
12.2286
12.2454
12.2307
12.2509
12.241
12.232
12.2483
12.2489
12.2416
12.2333
12.2402
12.2275
12.2536
12.2639
12.2585
12.2349
12.2365
12.2666
12.2744
12.2836
12.2683
12.2648
12.2605
12.2714
12.3071
12.3092
12.3025
12.3112
12.306
12.3242
12.3204
12.3266
12.3104
12.2754
12.2954
12.3098
12.3084
12.2833
12.2917
12.2934
12.3035
12.2997
12.2935
12.2868
12.317
12.302
12.3021
12.281
12.2479
12.2272
12.2406
12.2373
12.2574
12.2146
12.2098
12.2365
12.254
12.2557
12.2454
12.241
12.2218
12.2007
12.2331
12.2487
12.2362
12.2569
12.2775
12.2715
12.2954
12.2452
12.2388
12.2106
12.2284
12.2118
12.2466
12.2483
12.2804
12.2808
12.2906
12.2788
12.229
12.2179
12.23
12.1814
12.162
12.1214
12.1263
12.0937
12.0935
12.0891
12.0841
12.0735
12.0537
12.0638
12.1062
12.1258
12.1595
12.1408
12.1452
12.1289
12.1494
12.1542
12.1389
12.078
12.0985
12.0971
12.0951
12.1214
12.1018
12.121
12.1333
12.1339
12.1302
12.1032
12.0888
12.0968
12.1156
12.1245
12.125
12.1418
12.1412
12.112
12.0887
12.0317
12.0271
12.0139
12.0243
12.0244
12.0287
12.0434
12.0746
12.0661
12.0578
12.0134
12.025
12.0421
12.0772
12.0993
12.1031
12.1066
12.1153
12.1153
12.1462
12.1336
12.1355
12.1413
12.131
12.1232
12.1514
12.162
12.1718
12.1663
12.1703
12.1533
12.1974
12.2125
12.2046
12.1567
12.1731
12.1677
12.189
12.1908
12.1918
12.1822
12.1789
12.1629
12.1723
12.193
12.1942
12.1812
12.1937
12.1825
12.1879
12.1882
12.1747
12.1318
12.135
12.1605
12.1526
12.1527
12.1406
12.1652
12.1515
12.1692
12.1754
12.1812
12.2011
12.2304
12.2014
12.1568
12.1226
12.1276
12.1613
12.1644
12.149
12.1299
12.1629
12.1432
12.1313
12.0895
12.0571
12.0787
12.0831
12.0754
12.1118
12.1313
12.1096
12.1452
12.1623
12.1728
12.1501
12.1519
12.1893
12.194
12.2163
12.2109
12.2207
12.2307
12.2289
12.26
12.2557
12.2731
12.2662
12.2778
12.3175
12.3351
12.3253
12.3119
12.3205
12.3449
12.355
12.387
12.3678
12.3298
12.3121
12.2866
12.2645
12.1991
12.2012
12.1865
12.1851
12.1915
12.1863
12.2002
12.1898
12.2022
12.1946
12.2268
12.2429
12.232
12.2345
12.2504
12.2797
12.2806
12.2819
12.2618
12.2778
12.2792
12.2947
12.3277
12.3314
12.312
12.2673
12.2868
12.2701
12.2374
12.2239
12.2312
12.2297
12.2095
12.2134
12.2464
12.236
12.1985
12.2186
12.2352
12.2494
12.2466
12.2187
12.2504
12.2476
12.2231
12.2543
12.244
12.287
12.2754
12.2425
12.2433
12.2567
12.2838
12.2783
12.2796
12.2912
12.2816
12.308
12.2817
12.3173
12.3171
12.3302
12.3053
12.2745
12.3099
12.3075
12.2984
12.2805
12.2766
12.2673
12.269
12.2544
12.2294
12.2659
12.2575
12.2662
12.2573
12.2915
12.2816
12.2851
12.2513
12.2356
12.2797
12.2442
12.2367
12.2428
12.2475
12.2573
12.2446
12.2525
12.2579
12.2917
12.2698
12.2982
12.3278
12.3103
12.3259
12.2657
12.2574
12.2774
12.2385
12.2434
12.2515
12.2871
12.2936
12.3196
12.3134
12.3026
12.2904
12.2744
12.2448
12.256
12.263
12.231
12.2476
12.2422
12.2643
12.284
12.2688
12.2522
12.2607
12.2709
12.2974
12.2921
12.2803
12.2702
12.2751
12.2739
12.2872
12.2693
12.2627
12.2761
12.2823
12.2502
12.2644
12.2626
12.2917
12.2803
12.3088
12.3107
12.296
12.3111
12.3081
12.3116
12.3331
12.3413
12.3639
12.3428
12.347
12.3501
12.3154
12.2382
12.2604
12.2481
12.2578
12.2831
12.2897
12.3051
12.3218
12.3602
12.3387
12.2969
12.3311
12.3186
12.2916
12.2794
12.2744
12.2102
12.2192
12.2437
12.1872
12.1896
12.205
12.2039
12.204
12.2062
12.2159
12.1881
12.1744
12.1838
12.1772
12.1863
12.2086
12.2132
12.1984
12.1524
12.1748
12.1914
12.2026
12.1655
12.1534
12.1409
12.1792
12.1536
12.1998
12.1844
12.1393
12.15
12.1669
12.1785
12.2162
12.1965
12.1992
12.1945
12.1739
12.1173
12.0942
12.1141
12.1324
12.1446
12.137
12.1158
12.1165
12.1302
12.0996
12.088
12.0988
12.1062
12.1325
12.1238
12.1283
12.162
12.1919
12.1897
12.1936
12.1486
12.1763
12.2035
12.1856
12.1676
12.1906
12.1854
12.2187
12.2261
12.2518
12.2696
12.2594
12.2894
12.286
12.2932
12.2932
12.3159
12.2985
12.3507
12.3096
12.2614
12.2393
12.2406
12.2484
12.2401
12.2199
12.2153
12.2183
12.22
12.2079
12.2142
12.1829
12.1876
12.2169
12.2217
12.2399
12.262
12.2515
12.2415
12.2216
12.2613
12.2544
12.2498
12.2346
12.2455
12.2277
12.2447
12.2127
12.2008
12.2267
12.2715
12.274
12.2567
12.2458
12.2661
12.2904
12.2941
12.3029
12.291
12.2867
12.2867
12.3192
12.3073
12.3292
12.3013
12.3157
12.3209
12.3236
12.3322
12.3168
12.2521
12.2317
12.2366
12.2298
12.2568
12.2328
12.2331
12.2008
12.2354
12.2057
12.2023
12.2113
12.2325
12.2115
12.149
12.1557
12.1338
12.1668
12.1898
12.2021
12.2036
12.2344
12.2352
12.248
12.2587
12.2747
12.2727
12.2828
12.2973
12.3084
12.3173
12.3288
12.3747
12.4274
12.4055
12.4248
12.4104
12.3879
12.3876
12.3662
12.3918
12.391
12.3906
12.386
12.3942
12.4012
12.4059
12.4299
12.436
12.4605
12.4731
12.5019
12.5166
12.5333
12.569
12.572
12.5871
12.5926
12.6011
12.6305
12.619
12.6252
12.6526
12.68
12.6871
12.6703
12.7076
12.675
12.695
12.6897
12.6827
12.6457
12.6417
12.6408
12.6692
12.6889
12.7094
12.694
12.68
12.6526
12.6758
12.6838
12.6734
12.6377
12.6611
12.6346
12.564
12.5622
12.5792
12.5759
12.5561
12.5709
12.597
12.5913
12.5794
12.5791
12.567
12.5818
12.565
12.5658
12.5918
12.5892
12.6016
12.5836
12.5798
12.5367
12.5715
12.555
12.5635
12.5759
12.5671
12.546
12.5242
12.5607
12.5709
12.5499
12.5074
12.5198
12.4887
12.4701
12.4718
12.4835
12.5053
12.4394
12.4323
12.4399
12.4858
12.4918
12.4887
12.4627
12.4502
12.4527
12.4635
12.4985
12.5079
12.5129
12.4925
12.4989
12.5406
12.5553
12.4808
12.4565
12.4256
12.407
12.4169
12.4101
12.428
12.4123
12.4464
12.4375
12.4497
12.4132
12.409
12.3807
12.3574
12.3884
12.4075
12.4137
12.407
12.3956
12.4148
12.4258
12.433
12.4454
12.4505
12.4449
12.4095
12.4066
12.3868
12.3892
12.3868
12.4079
12.3777
12.3984
12.411
12.4138
12.4247
12.4528
12.432
12.4538
12.4589
12.4368
12.4112
12.4304
12.442
12.4486
12.4724
12.5028
12.4785
12.4696
12.4721
12.4911
12.4872
12.4782
12.4923
12.4637
12.4728
12.4624
12.4673
12.4803
12.4596
12.4649
12.4703
12.5147
12.5231
12.5003
12.5493
12.5432
12.5638
12.5559
12.5348
12.5116
12.5166
12.5179
12.528
12.5275
12.5143
12.4824
12.48
12.4878
12.5039
12.5568
12.5613
12.5314
12.5262
12.5113
12.5184
12.5406
12.5559
12.5882
12.521
12.517
12.4834
12.5016
12.5149
12.5209
12.5331
12.5229
12.5572
12.5638
12.5776
12.5703
12.5824
12.5879
12.5963
12.5903
12.5844
12.5901
12.6097
12.5936
12.6005
12.6205
12.5884
12.5818
12.5918
12.6168
12.6065
12.5862
12.5296
12.4974
12.5
12.5338
12.5363
12.5304
12.5325
12.5493
12.5489
12.5527
12.5498
12.5615
12.5722
12.6086
12.603
12.5863
12.5728
12.5451
12.5439
12.5573
12.5942
12.5817
12.5415
12.4831
12.493
12.4621
12.4731
12.4815
12.466
12.4886
12.5197
12.484
12.4695
12.4834
12.4845
12.4379
12.4331
12.3974
12.3937
12.3989
12.3894
12.3651
12.3507
12.3261
12.3742
12.3964
12.4131
12.4038
12.4253
12.3974
12.3939
12.3915
12.382
12.379
12.4015
12.3668
12.3944
12.3845
12.3592
12.3698
12.3807
12.361
12.3681
12.389
12.3747
12.3903
12.3773
12.3964
12.3986
12.384
12.3571
12.4117
12.3958
12.372
12.3716
12.3648
12.3586
12.3152
12.3235
12.3429
12.3209
12.3206
12.3492
12.3762
12.3512
12.3753
12.3713
12.3755
12.3661
12.3745
12.3447
12.3629
12.3651
12.3997
12.378
12.3934
12.3807
12.3888
12.3593
12.3377
12.3413
12.3325
12.3183
12.3366
12.3488
12.3315
12.2858
12.3127
12.326
12.2753
12.2882
12.3143
12.3068
12.345
12.3409
12.3502
12.3372
12.3257
12.3165
12.3357
12.358
12.3928
12.3846
12.3438
12.3517
12.352
12.3402
12.3578
12.3484
12.3026
12.3219
12.3452
12.3771
12.3687
12.3575
12.371
12.316
12.3172
12.273
12.241
12.2385
12.1867
12.1533
12.146
12.165
12.2026
12.2095
12.2107
12.2213
12.2352
12.2493
12.2609
12.2702
12.2506
12.2327
12.2477
12.2357
12.1883
12.1872
12.1875
12.2123
12.2117
12.2202
12.2284
12.2245
12.2428
12.1947
12.1504
12.1394
12.1613
12.1518
12.1449
12.1323
12.1379
12.1249
12.0908
12.1088
12.1208
12.1256
12.0698
12.0508
12.0628
12.0627
12.0505
12.0086
12.038
12.0185
12.0057
11.9755
11.8936
11.8979
11.9283
11.9456
11.9399
11.9453
11.9529
11.9895
11.9964
12.0096
12.0304
12.0525
12.0578
11.9934
