0
2.24394
2.2615
2.29323
2.30983
2.32251
2.34275
2.36446
2.38323
2.4065
2.42534
2.46029
2.48814
2.51374
2.54299
2.56227
2.59095
2.61783
2.63771
2.67759
2.70855
2.74406
2.76724
2.80316
2.82957
2.86124
2.88983
2.92257
2.96331
2.99498
3.01854
3.05362
3.06439
3.08967
3.1234
3.14314
3.17482
3.20323
3.22965
3.2627
3.28519
3.30789
3.3192
3.3337
3.34141
3.3465
3.34738
3.35526
3.38267
3.40696
3.43106
3.4574
3.48046
3.5007
3.51691
3.52621
3.52186
3.53718
3.54373
3.55762
3.57757
3.6002
3.61471
3.64147
3.66363
3.67574
3.68942
3.69838
3.70342
3.71009
3.72345
3.74414
3.75682
3.76479
3.767
3.78182
3.7942
3.81459
3.83393
3.84163
3.84628
3.85686
3.87452
3.87515
3.87833
3.88972
3.89771
3.9088
3.92131
3.91435
3.92941
3.93503
3.94488
3.94514
3.9436
3.94502
3.95812
3.96733
3.97764
3.97259
3.98196
3.98254
3.97932
3.97704
3.98806
3.98219
4.00154
4.01678
4.03071
4.04215
4.04028
4.04877
4.05667
4.06973
4.07074
4.07948
4.08784
4.08455
4.08662
4.08401
4.09079
4.09312
4.09537
4.08901
4.09922
4.10149
4.10041
4.10073
4.10211
4.1039
4.10277
4.11127
4.09698
4.10157
4.09961
4.1085
4.11533
4.1281
4.12903
4.13505
4.14195
4.14748
4.15115
4.15601
4.15918
4.16324
4.17709
4.17146
4.16952
4.17053
4.16563
4.16089
4.16484
4.16072
4.1695
4.18832
4.19183
4.19693
4.20229
4.2138
4.2175
4.21528
4.20704
4.19671
4.20076
4.20399
4.21034
4.21676
4.21342
4.2142
4.20312
4.21558
4.2053
4.20752
4.19898
4.19336
4.20788
4.20626
4.2092
4.21945
4.22536
4.23936
4.23839
4.2455
4.23954
4.23194
4.24476
4.24097
4.24471
4.24076
4.24531
4.25218
4.25283
4.2558
4.25899
4.25872
4.25855
4.26497
4.26857
4.26936
4.26592
4.26063
4.24107
4.22646
4.21131
4.21959
4.22634
4.22368
4.22123
4.22851
4.23868
4.24617
4.24516
4.25427
4.26936
4.25992
4.25471
4.24989
4.25432
4.26506
4.26497
4.26242
4.25237
4.25405
4.25268
4.26238
4.26023
4.26393
4.25608
4.25842
4.26368
4.26697
4.27101
4.26986
4.28007
4.28216
4.28069
4.27957
4.2759
4.26583
4.25905
4.25571
4.25569
4.25819
4.27431
4.26918
4.27661
4.28083
4.27364
4.27134
4.26626
4.26824
4.2757
4.28976
4.2952
4.29279
4.28161
4.28157
4.28799
4.30379
4.29782
4.2936
4.30231
4.2959
4.30483
4.29987
4.2878
4.27423
4.26516
4.26668
4.28027
4.2874
4.28553
4.28694
4.28826
4.2816
4.2804
4.27926
4.27795
4.28931
4.28777
4.27038
4.26608
4.25806
4.25687
4.27153
4.2778
4.28135
4.27382
4.27628
4.2805
4.2883
4.28372
4.27994
4.28668
4.28113
4.28227
4.27946
4.27492
4.27545
4.2756
4.28135
4.28657
4.29085
4.29098
4.29428
4.29758
4.29435
4.28126
4.28103
4.27585
4.26963
4.26622
4.26497
4.27625
4.2629
4.25903
4.26727
4.27738
4.28334
4.28194
4.28105
4.27997
4.27629
4.27919
4.28972
4.28772
4.28887
4.2984
4.29035
4.27409
4.27124
4.27815
4.2871
4.27787
4.2985
4.30174
4.30047
4.30261
4.29759
4.29772
4.29171
4.28894
4.3001
4.30047
4.30651
4.30247
4.29517
4.28934
4.28264
4.27688
4.27602
4.28958
4.2877
4.28843
4.28911
4.29458
4.29515
4.28622
4.28485
4.28833
4.28999
4.29322
4.29621
4.29067
4.29305
4.28969
4.29659
4.2961
4.29308
4.28351
4.28392
4.288
4.30281
4.307
4.30642
4.29513
4.28607
4.28661
4.27925
4.28127
4.28588
4.2787
4.2922
4.29976
4.29883
4.29458
4.3006
4.30538
4.31263
4.31369
4.30329
4.30008
4.297
4.29763
4.28662
4.28662
4.29177
4.29274
4.29164
4.29565
4.29586
4.29844
4.31062
4.30409
4.30156
4.30209
4.30718
4.31396
4.30836
4.31637
4.32244
4.32302
4.32974
4.32599
4.32341
4.3179
4.31498
4.33308
4.32445
4.31653
4.3119
4.31584
4.32375
4.32038
4.32633
4.3264
4.32149
4.32748
4.33506
4.33985
4.34663
4.33259
4.33404
4.32703
4.31993
4.32006
4.31904
4.32192
4.31608
4.31674
4.30258
4.30185
4.30384
4.31119
4.32139
4.31382
4.31388
4.3195
4.32293
4.31785
4.32268
4.31275
4.30813
4.30027
4.28777
4.29346
4.30007
4.30582
4.31119
4.30943
4.30981
4.31442
4.32426
4.33052
4.33899
4.32214
4.32588
4.31987
4.3234
4.32376
4.31876
4.31772
4.32641
4.33197
4.32377
4.33205
4.33194
4.33254
4.32424
4.32445
4.31553
4.31322
4.31434
4.31085
4.31077
4.31598
4.31499
4.31024
4.31378
4.31577
4.3101
4.31289
4.30667
4.30182
4.29943
4.3005
4.29884
4.30022
4.30623
4.29748
4.27987
4.27407
4.26796
4.26445
4.26555
4.26771
4.27508
4.26768
4.27193
4.28336
4.28395
4.28791
4.28286
4.28575
4.28831
4.29598
4.29311
4.30182
4.28799
4.29369
4.29259
4.28788
4.29
4.29454
4.28468
4.28357
4.27707
4.26947
4.26615
4.25955
4.26233
4.25522
4.26212
4.26566
4.26703
4.26882
4.26497
4.26605
4.26815
4.26803
4.27496
4.25571
4.26837
4.27437
4.28219
4.28177
4.27214
4.2813
4.27529
4.27705
4.27109
4.26732
4.26961
4.26108
4.2651
4.2628
4.26863
4.27663
4.29265
4.29645
4.30021
4.2971
4.30183
4.30338
4.30822
4.3124
4.31261
4.31141
4.3076
4.31558
4.30349
4.30887
4.29693
4.29347
4.28724
4.28086
4.29434
4.28735
4.28323
4.29468
4.30766
4.29587
4.29858
4.28735
4.28456
4.28996
4.29236
4.28996
4.28534
4.28082
4.27809
4.28743
4.27604
4.28844
4.28321
4.28133
4.29057
4.29663
4.29737
4.28935
4.29684
4.28768
4.28389
4.28891
4.28344
4.28761
4.29057
4.29647
4.2833
4.28833
4.28846
4.29625
4.29818
4.2987
4.30708
4.299
4.30622
4.30976
4.30099
4.2963
4.30561
4.30503
4.30689
4.30606
4.30025
4.29398
4.28631
4.28886
4.29348
4.30165
4.29565
4.30191
4.2946
4.29947
4.31135
4.29213
4.30088
4.30147
4.30587
4.3061
4.31064
4.30487
4.30275
4.29449
4.29245
4.29743
4.30189
4.30138
4.30768
4.3001
4.30808
4.32523
4.327
4.31313
4.29443
4.29321
4.29475
4.30105
4.28819
4.27843
4.28108
4.27558
4.2699
4.27845
4.27412
4.28398
4.28556
4.29343
4.29211
4.30212
4.30942
4.3109
4.30719
4.29724
4.29686
4.29805
4.28948
4.2868
4.29426
4.29691
4.30317
4.31363
4.30148
4.29667
4.29733
4.30878
4.2965
4.27952
4.28006
4.27258
4.27834
4.26367
4.26406
4.26655
4.26754
4.2752
4.26603
4.26551
4.27571
4.27327
4.2736
4.2793
4.26899
4.28253
4.28502
4.28587
4.28304
4.29013
4.28376
4.2769
4.27882
4.27432
4.266
4.27512
4.279
4.28587
4.28436
4.27463
4.27705
4.29049
4.28544
4.28343
4.28731
4.28822
4.27829
4.28642
4.27905
4.27289
4.27455
4.27698
4.27536
4.27478
4.28504
4.28681
4.29248
4.29289
4.29459
4.28378
4.28581
4.28856
4.29213
4.30472
4.29674
4.29393
4.29319
4.29659
4.29647
4.29817
4.2753
4.27179
4.28383
4.28317
4.29052
4.2792
4.28774
4.29134
4.2951
4.29484
4.30169
4.30203
4.29708
4.3018
4.30807
4.30295
4.31052
4.30952
4.30269
4.30005
4.3007
4.3174
4.32488
4.31947
4.32685
4.31652
4.31237
4.30789
4.30706
4.30773
4.3129
4.28472
4.29419
4.3037
4.30889
4.32508
4.32279
4.32446
4.32721
4.32876
4.32522
4.32752
4.32702
4.31117
4.30552
4.30932
4.30299
4.30144
4.30855
4.30938
4.31173
4.29185
4.29601
4.29329
4.29131
4.29671
4.30327
4.3021
4.2963
4.29677
4.29326
4.29741
4.30296
4.30314
4.29436
4.29696
4.28395
4.28867
4.27829
4.27568
4.28196
4.29045
4.29296
4.2873
4.28501
4.2764
4.27499
4.26992
4.28483
4.28365
4.28104
4.27409
4.27446
4.28285
4.28486
4.28665
4.28643
4.28728
4.28183
4.28373
4.28339
4.28609
4.28102
4.27426
4.27825
4.28008
4.28124
4.28416
4.28048
4.27449
4.27699
4.28154
4.27906
4.28163
4.27819
4.28587
4.2937
4.28808
4.27881
4.27633
4.27339
4.27955
4.28946
4.28362
4.28277
4.27632
4.27961
4.28149
4.28956
4.28975
4.29536
4.3048
4.306
4.30286
4.30667
4.31361
4.30597
4.30757
4.31862
4.30316
4.3048
4.30847
4.29505
4.299
4.29376
4.29822
4.29824
4.29564
4.29472
4.29566
4.28091
4.28251
4.28255
4.28146
4.27994
4.28364
4.29119
4.28447
4.29322
4.29161
4.2845
4.28045
4.28558
4.29423
4.28352
4.28778
4.28218
4.28569
4.28658
4.29178
4.29835
4.29748
4.2903
4.295
4.28725
4.28438
4.28166
4.27237
4.27394
4.27588
4.27383
4.28283
4.28059
4.27465
4.28735
4.27689
4.28845
4.2877
4.28966
4.28454
4.27699
4.28514
4.27374
4.28205
4.27111
4.28104
4.28084
4.28275
4.28655
4.28767
4.2844
4.29418
4.29797
4.29495
4.30865
4.30426
4.29166
4.29228
4.29033
4.29529
4.30214
4.30714
4.30955
4.31498
4.30527
4.30219
4.29289
4.29023
4.29113
4.3011
4.29434
4.2968
4.30193
4.29147
4.29704
4.28027
4.27437
4.27472
4.28751
4.29193
4.28569
4.29071
4.29055
4.28797
4.28908
4.28862
4.29622
4.28511
4.28289
4.27795
4.28132
4.2909
4.29389
4.2833
4.28516
4.28128
4.2972
4.27845
4.28404
4.28784
4.29265
4.29664
4.30115
4.30444
4.29933
4.30278
4.30596
4.30208
4.28648
4.29042
4.30021
4.29612
4.30104
4.29328
4.30013
4.29926
4.30747
4.31174
4.30686
4.31054
4.31643
4.31819
4.30516
4.30467
4.3116
4.2997
4.30576
4.30423
4.31078
4.31137
4.31662
4.31917
4.32719
4.31767
4.31654
4.31313
4.29939
4.28858
4.28576
4.28126
4.28029
4.27888
4.27864
4.27786
4.28477
4.28189
4.2838
4.2837
4.27837
4.28694
4.29059
4.2857
4.27998
4.27658
4.27296
4.2611
4.26288
4.26627
4.2771
4.28568
4.29556
4.2932
4.29414
4.28998
4.28679
4.28535
4.28327
4.29134
4.29194
4.29667
4.29001
4.28099
4.2738
4.27176
4.28211
4.28856
4.28414
4.2861
4.28411
4.28276
4.27476
4.27889
4.27666
4.27027
4.26266
4.26222
4.2608
4.26735
4.26191
4.26403
4.26427
4.25671
4.2469
4.24869
4.25512
4.26233
4.25725
4.25346
4.26064
4.26142
4.27738
4.27269
4.26784
4.26847
4.27502
4.27548
4.28537
4.28773
4.28037
4.28669
4.28749
4.2964
4.28221
4.28865
4.28496
4.27602
4.27097
4.27089
4.27145
4.28447
4.29828
4.29428
4.29984
4.31708
4.31428
4.31208
4.31614
4.30486
4.29563
4.30523
4.31743
4.3074
4.29401
4.28964
4.29643
4.30237
4.2927
4.29313
4.29222
4.28972
4.28188
4.27232
4.27646
4.26489
4.27617
4.28115
4.28158
4.28363
4.28475
4.28552
4.29781
4.30263
4.29763
4.28967
4.28922
4.29203
4.2857
4.28995
4.28782
4.28842
4.30106
4.30291
4.28545
4.27929
4.2801
4.29032
4.30079
4.29729
4.29888
4.30297
4.30426
4.2981
4.29451
4.2853
4.27588
4.2794
4.27334
4.27171
4.27028
4.27535
4.28116
4.28551
4.27513
4.27861
4.27592
4.26756
4.26456
4.26137
4.26962
4.26132
4.25718
4.25562
4.25416
4.24935
4.2529
4.25426
4.25853
4.26381
4.26523
4.27131
4.28726
4.28674
4.28202
4.28551
4.28833
4.27642
4.29038
4.2949
4.29118
4.28674
4.28422
4.28045
4.28836
4.28564
4.28229
4.27867
4.2906
4.29344
4.28968
4.28487
4.29759
4.28663
4.29238
4.2886
4.29563
4.29677
4.30272
4.30538
4.30849
4.30113
4.30594
4.30976
4.31972
4.3211
4.31921
4.31958
4.31437
4.30727
4.29183
4.2957
4.29308
4.29805
4.29851
4.30129
4.29702
4.30197
4.30818
4.3119
4.31348
4.30403
4.30146
4.29813
4.29468
4.29876
4.29297
4.29267
4.29524
4.2959
4.3002
4.29642
4.30033
4.29746
4.28476
4.28373
4.29201
4.29985
4.30042
4.30394
4.30842
4.29659
4.28998
4.29771
4.30688
4.31317
4.31962
4.29988
4.29924
4.29479
4.29758
4.29408
4.28658
4.27912
4.28451
4.28673
4.28668
4.29046
4.28416
4.27583
4.27831
4.2809
4.28258
4.28607
4.29288
4.30297
4.30132
4.29781
4.30856
4.30849
4.30872
4.30159
4.28951
4.27584
4.28282
4.28074
4.28936
4.29273
4.30226
4.30311
4.29175
4.28679
4.28636
4.28554
4.28405
4.27401
4.28251
4.28526
4.27641
4.27716
4.28284
4.27325
4.27375
4.26365
4.26914
4.27568
4.28189
4.2821
4.28928
4.28633
4.29001
4.29067
4.29737
4.29137
4.29469
4.29041
4.29778
4.30136
4.30877
4.301
4.29681
4.29965
4.31369
4.30205
4.30189
4.28926
4.29319
4.2955
4.29073
4.28234
4.28885
4.28575
4.28558
4.28753
4.28303
4.28152
4.27749
4.2841
4.27658
4.28421
4.28468
4.28805
4.29337
4.30015
4.29909
4.29498
4.29785
4.30991
4.30686
4.3019
4.29516
4.29791
4.29999
4.29933
4.29569
4.29145
4.28183
4.27761
4.2869
4.2893
4.29716
4.29446
4.29163
4.28923
4.29204
4.2961
4.28661
4.28676
4.29809
4.29122
4.29079
4.2866
4.28713
4.2943
4.31109
4.30466
4.2859
4.28387
4.28716
4.29296
4.29447
4.2958
4.29269
4.29886
4.29755
4.29782
4.29485
4.28866
4.30445
4.30715
4.30875
4.30253
4.30219
4.29279
4.28822
4.28181
4.27034
4.27357
4.26774
4.27868
4.27894
4.28632
4.28086
4.28671
4.28542
4.27766
4.27339
4.26989
4.28422
4.27385
4.27832
4.27763
4.29051
4.28734
4.28438
4.28098
4.28381
4.27524
4.27918
4.27814
4.28488
4.28657
4.2868
4.29155
4.29302
4.28664
4.29688
4.29473
4.30088
4.30391
4.30302
4.30485
4.29396
4.29171
4.28372
4.29235
4.29604
4.28103
4.28906
4.28354
4.28042
4.27452
4.2773
4.28359
4.28538
4.28818
4.28795
4.29786
4.29915
4.29352
4.29831
4.3066
4.31684
4.33252
4.31891
4.32627
4.32088
4.31588
4.29736
4.30085
4.30573
4.31091
4.29868
4.29806
4.2865
4.28872
4.27668
4.28526
4.29019
4.28626
4.29406
4.29781
4.2976
4.29902
4.28933
4.28746
4.28743
4.29795
4.29781
4.30474
4.28844
4.28863
4.28563
4.29341
4.29784
4.29605
4.30071
4.30993
4.3178
4.33191
4.32899
4.32171
4.32264
4.32335
4.32347
4.31124
4.29393
4.27949
4.28275
4.27911
4.27393
4.28519
4.27635
4.27741
4.26853
4.25715
4.26785
4.26517
4.25034
4.23967
4.24305
4.24353
4.25286
4.25797
4.26029
4.25114
4.25396
4.26066
4.25492
4.24836
4.25457
4.27078
4.28383
4.29176
4.2927
4.29065
4.29605
4.30103
4.29629
4.28406
4.28432
4.30075
4.30528
4.29974
4.29438
4.28884
4.29079
4.29776
4.28651
4.27933
4.28735
4.29076
4.28762
4.28568
4.28623
4.28912
4.28593
4.29499
4.29203
4.29352
4.293
4.28528
4.28911
4.29053
4.27953
4.28796
4.28911
4.28775
4.28476
4.28389
4.29152
4.27907
4.28735
4.28913
4.28982
4.28973
4.29379
4.29929
4.3188
4.31726
4.31291
4.30652
4.30051
4.29785
4.28867
4.28778
4.29322
4.30189
4.30445
4.29703
4.29729
4.30595
4.30393
4.29078
4.29118
4.29575
4.29775
4.30398
4.30477
4.29751
4.29496
4.28277
4.28732
4.28046
4.29144
4.29578
4.29935
4.29859
4.30521
4.30471
4.3023
4.30402
4.3101
4.31341
4.29429
4.29365
4.29562
4.28288
4.28186
4.28849
4.28735
4.29042
4.28898
4.27311
4.27228
4.27114
4.26774
4.26492
4.26054
4.25605
4.2616
4.26547
4.27238
4.28168
4.28103
4.28406
4.29295
4.29191
4.28728
4.28747
4.28443
4.29098
4.29215
4.30198
4.31057
4.31458
4.30093
4.31031
4.31305
4.305
4.30916
4.30178
4.29479
4.29396
4.29383
4.29145
4.28854
4.29469
4.2836
4.27995
4.28115
4.28652
4.28568
4.29312
4.29676
4.28748
4.28441
4.27277
4.27407
4.27318
4.281
4.29222
4.29032
4.2876
4.28147
4.28724
4.28676
4.27309
4.27991
4.28434
4.28505
4.28552
4.27914
4.2777
4.27962
4.27757
4.27219
4.27196
4.26602
4.26674
4.27037
4.27427
4.27758
4.28773
4.27009
4.27442
4.27595
4.27756
4.28076
4.27417
4.2781
4.2724
4.27473
4.28378
4.28818
4.29645
4.29194
4.28576
4.28975
4.29085
4.2944
4.28984
4.28885
4.28337
4.29262
4.29697
4.29789
4.29925
4.29181
4.29175
4.297
4.28251
4.28825
4.29297
4.29594
4.29672
4.29048
4.28818
4.29071
4.29528
4.28745
4.2959
4.298
4.30007
4.29768
4.29363
4.29409
4.29455
4.29377
4.28428
4.2968
4.30017
4.30486
4.30869
4.3176
4.31716
4.29935
4.29595
4.29132
4.28573
4.30373
4.29246
4.30159
4.30992
4.31974
4.30239
4.29285
4.29935
4.29891
4.29515
4.29594
4.29067
4.29926
4.30689
4.31584
4.30631
4.29969
4.30558
4.30688
4.30009
4.30276
4.30379
4.30462
4.28989
4.28284
4.29043
4.28952
4.30602
4.29526
4.2874
4.28956
4.284
4.27899
4.28094
4.28646
4.28602
4.29607
4.29624
4.28314
4.28955
4.28274
4.28763
4.28544
4.2916
4.29639
4.30488
4.29038
4.29104
4.29518
4.29579
4.29124
4.29281
4.27677
4.28024
4.28559
4.28623
4.28507
4.28949
4.29516
4.29579
4.30749
4.30618
4.30058
4.29398
4.28775
4.28192
4.28169
4.28567
4.27479
4.26011
4.26877
4.26404
4.25871
4.26328
4.26055
4.26549
4.27406
4.28153
4.2883
4.27812
4.28142
4.28344
4.28522
4.29688
4.29483
4.29866
4.29983
4.30495
4.30745
4.29969
4.29663
4.29608
4.29678
4.30043
4.29769
4.31156
4.30721
4.31152
4.29911
4.29629
4.2838
4.28901
4.29604
4.28682
4.29293
4.29437
4.29595
4.30765
4.30238
4.29681
4.29445
4.29011
4.29138
4.30473
4.29579
4.29744
4.29707
4.29286
4.3004
4.29988
4.30382
4.30677
4.30267
4.30622
4.28961
4.28005
4.27669
4.27858
4.27897
4.2845
4.28689
4.29857
4.29185
4.29656
4.29885
4.29214
4.30028
4.30318
4.29469
4.28661
4.28351
4.28345
4.27545
4.28561
4.29017
4.28765
4.29229
4.29192
4.29396
4.30373
4.29612
4.29
4.29
4.28718
4.28682
4.28121
4.28376
4.28824
4.28983
4.29476
4.30164
4.29958
4.30823
4.3053
4.30652
4.29484
4.28663
4.2975
4.30013
4.29402
4.29207
4.29823
4.30081
4.30989
4.30248
4.28785
4.29062
4.28247
4.28397
4.28683
4.29002
4.2943
4.2878
4.29133
4.29891
4.27976
4.28316
4.28577
4.29021
4.29498
4.29231
4.29958
4.29398
4.29202
4.29496
4.28867
4.29161
4.2809
4.28921
4.28493
4.29012
4.29745
4.30155
4.28823
4.29318
4.29516
4.29479
4.28442
4.29108
4.29139
4.28346
4.27531
4.2818
4.28078
4.28151
4.27426
4.27018
4.27344
4.27871
4.27661
4.27672
4.27099
4.27863
4.27515
4.26984
4.27415
4.27233
4.27034
4.26894
4.27536
4.27676
4.28044
4.27374
4.27509
4.27106
4.27213
4.26292
4.26159
4.2573
4.26017
4.26661
4.26506
4.26874
4.28214
4.27849
4.28112
4.28407
4.28915
4.29263
4.29184
4.29767
4.30337
4.29769
4.30045
4.30657
4.30962
4.3172
4.31267
4.30436
4.30896
4.30122
4.30392
4.29895
4.29191
4.28922
4.29106
4.29151
4.27894
4.27397
4.27172
4.2659
4.26604
4.26852
4.26865
4.27195
4.26628
4.27424
4.27316
4.2734
4.27403
4.28722
4.27954
4.26932
4.2655
4.27657
4.27958
4.29157
4.28949
4.27702
4.26626
4.26261
4.2676
4.26236
4.2605
4.26318
4.25875
4.25512
4.25681
4.26973
4.26729
4.27351
4.26528
4.2696
4.2563
4.25791
4.25269
4.25021
4.25379
4.25767
4.26122
4.26139
4.26704
4.25473
4.25805
4.26235
4.24776
4.26576
4.25949
4.25852
4.2473
4.25574
4.25749
4.26292
4.26617
4.26959
4.26341
4.27813
4.28796
4.27819
4.28523
4.29303
4.29692
4.2926
4.29763
4.30123
4.30585
4.30312
4.30347
4.29772
4.29425
4.29235
4.29849
4.2899
4.28297
4.28444
4.27773
4.2752
4.27641
4.27353
4.27875
4.28422
4.27838
4.27133
4.27474
4.28742
4.27636
4.28163
4.28225
4.28466
4.28535
4.27034
4.2757
4.28231
4.28322
4.28025
4.28981
4.29233
4.28635
4.28043
4.29277
4.29432
4.3036
4.30903
4.32062
4.31747
4.30412
4.31025
4.3125
4.31542
4.32082
4.31836
4.3176
4.30716
4.31082
4.3024
4.30822
4.30591
4.29643
4.29302
4.29349
4.29111
4.28966
4.29005
4.28451
4.29317
4.29602
4.29515
4.29856
4.30001
4.30135
4.30199
4.292
4.30428
4.30571
4.30426
4.30096
4.30108
4.29679
4.30414
4.29367
4.28623
4.28938
4.29884
4.29384
4.29797
4.29969
4.29634
4.28546
4.28491
4.29333
4.29846
4.28518
4.29009
4.29096
4.29141
4.29096
4.28431
4.27804
4.27964
4.29017
4.29
4.29413
4.29305
4.29006
4.29822
4.29397
4.29659
4.28337
4.27158
4.26192
4.27145
4.27405
4.27309
4.28082
4.28598
4.28444
4.27754
4.2765
4.28312
4.28521
4.28584
4.2904
4.28963
4.29286
4.29825
4.30395
4.29999
4.28224
4.28176
4.28487
4.2936
4.28952
4.29443
4.28634
4.27914
4.27775
4.27903
4.27951
4.2767
4.28424
4.28925
4.28329
4.28972
4.28956
4.2827
4.27452
4.28046
4.28315
4.28954
4.29555
4.28489
4.29081
4.2854
4.2862
4.28723
4.27522
4.28313
4.26894
4.26956
4.27322
4.27526
4.27704
4.2814
4.29495
4.29876
4.29609
4.29426
4.29615
4.29882
4.29127
4.28847
4.29049
4.28452
4.26872
4.2707
4.27962
4.28243
4.27717
4.27749
4.26398
4.27439
4.27148
4.27448
4.27691
4.28398
4.28457
4.28679
4.28136
4.28199
4.28307
4.29553
4.28791
4.28249
4.28326
4.28308
4.28829
4.29268
4.29629
4.29321
4.29042
4.28139
4.26358
4.27377
4.27811
4.26207
4.26666
4.26076
4.26795
4.26028
4.2589
4.26772
4.27772
4.28127
4.27537
4.26221
4.26708
4.27488
4.27499
4.28323
4.27138
4.27101
4.28495
4.2579
4.2558
4.25439
4.26963
4.27229
4.26629
4.26467
4.26957
4.27467
4.27849
4.28077
4.28153
4.27808
4.28047
4.28142
4.27587
4.27503
4.27977
4.28864
4.27561
4.27308
4.26732
4.26896
4.27983
4.27706
4.27763
4.26962
4.26932
4.27105
4.27427
4.27372
4.26905
4.27348
4.27516
4.27622
4.27575
4.27863
4.28231
4.28081
4.28192
4.28269
4.28497
4.27641
4.26676
4.26914
4.26291
4.25545
4.26327
4.27309
4.27886
4.27055
4.2603
4.26095
4.26143
4.26313
4.2713
4.27748
4.28456
4.28947
4.28396
4.2821
4.27967
4.26981
4.27719
4.28439
4.27172
4.28396
4.28828
4.27715
4.28842
4.29163
4.29135
4.30047
4.30404
4.29433
4.29474
4.29799
4.29082
4.29958
4.29134
4.28965
4.28264
4.28016
4.2873
4.28861
4.28453
4.2885
4.29299
4.29205
4.30043
4.29593
4.29304
4.29517
4.30785
4.30962
4.31523
4.31558
4.31717
4.31674
4.3009
4.29902
4.29965
4.30943
4.3128
4.31572
4.31317
4.31344
4.30714
4.31023
4.31222
4.30884
4.30106
4.29145
4.2887
4.29577
4.28859
4.28583
4.29011
4.28501
4.28424
4.28936
4.28387
4.28411
4.28759
4.28213
4.28568
4.28469
4.28616
4.275
4.27242
4.27221
4.26183
4.27078
4.27408
4.27378
4.283
4.28746
4.28781
4.29246
4.30323
4.30076
4.29301
4.2855
4.27938
4.27453
4.27281
4.27046
4.2716
4.27063
4.27529
4.27271
4.27377
4.26488
4.26847
4.26216
4.26905
4.26858
4.271
4.27131
4.26976
4.27788
4.28924
4.28572
4.28736
4.28717
4.28487
4.27269
4.28007
4.28217
4.2881
4.28848
4.29569
4.29698
4.2964
4.29194
4.29874
4.29605
4.29097
4.29596
4.29119
4.28485
4.28995
4.28828
4.27356
4.2858
4.28019
4.27496
4.27001
4.28339
4.29361
4.29644
4.29278
4.2994
4.29091
4.2911
4.28288
4.27474
4.27928
4.28783
4.2911
4.299
4.2949
4.29941
4.2995
4.30064
4.30836
4.30183
4.30519
4.30128
4.30174
4.30423
4.3041
4.30067
4.29472
4.28927
4.28195
4.27993
4.27964
4.28418
4.27403
4.27455
4.28456
4.28014
4.29336
4.29799
4.29129
4.30319
4.28809
4.28844
4.28184
4.27996
4.28571
4.29112
4.28706
4.28315
4.28873
4.299
4.31054
4.29862
4.30272
4.29535
4.29199
4.2848
4.28991
4.28096
4.27368
4.27867
4.2715
4.25668
4.26901
4.26949
4.27472
4.28561
4.27771
4.27653
4.2837
4.28985
4.26794
4.26703
4.27535
4.27519
4.27643
4.28176
4.27925
4.27486
4.265
4.25365
4.25929
4.2634
4.25966
4.26143
4.25843
4.26413
4.26026
4.27258
4.25421
4.25902
4.27405
4.27818
4.27187
4.27219
4.27802
4.27166
4.26667
4.26775
4.26575
4.26303
4.27158
4.2715
4.27339
4.27591
4.28241
4.28368
4.28987
4.30101
4.30132
4.29905
4.30469
4.30604
4.30046
4.31207
4.31512
4.3163
4.31896
4.31916
4.32171
4.31863
4.31489
4.30912
4.30713
4.30617
4.31319
4.31412
4.30755
4.30994
4.31341
4.31476
4.31046
4.29915
4.29888
4.29096
4.29426
4.30016
4.30693
4.30071
4.30856
4.29403
4.282
4.28846
4.29507
4.29391
4.29503
4.29679
4.30234
4.29876
4.30437
4.30191
4.30356
4.30817
4.31705
4.31542
4.31262
4.31263
4.30431
4.29748
4.29143
4.29245
4.2877
4.28481
4.28378
4.28093
4.27645
4.28456
4.2881
4.28692
4.28059
4.2825
4.28951
4.27732
4.28412
4.28295
4.28271
4.28593
4.2878
4.29081
4.28052
4.27589
4.27682
4.27429
4.27575
4.28568
4.2859
4.28748
4.27506
4.27782
4.26744
4.27212
4.26609
4.27471
4.2809
4.28472
4.29141
4.29387
4.29474
4.29264
4.28376
4.28565
4.29066
4.29468
4.30211
4.30279
4.30018
4.31083
4.30989
4.30445
4.29267
4.2956
4.29068
4.28715
4.28625
4.29169
4.29605
4.30273
4.30869
4.29594
4.30114
4.29762
4.29956
4.29504
4.30917
4.31261
4.30496
4.30503
4.29276
4.29262
4.29826
4.30383
4.30001
4.29916
4.30671
4.31202
4.3074
4.30861
4.30067
4.29946
4.30705
4.3173
4.31534
4.29956
4.30383
4.30505
4.30915
4.31437
4.31019
4.30666
4.30118
4.30559
4.30695
4.31192
4.30963
4.3065
4.29641
4.2891
4.28201
4.27342
4.27563
4.26913
4.27812
4.28307
4.28648
4.30279
4.29749
4.29773
4.29613
4.28949
4.29484
4.29447
4.29503
4.29482
4.29204
4.28534
4.28924
4.28488
4.28609
4.29345
4.29209
4.29676
4.29586
4.2948
4.30156
4.30329
4.29973
4.29345
4.29869
4.30092
4.29981
4.28804
4.29075
4.29661
4.30281
4.28986
4.29307
4.29032
4.28598
4.28272
4.27511
4.26913
4.26909
4.2792
4.28575
4.28532
4.28546
4.29696
4.30241
4.30422
4.29271
4.29426
4.29713
4.30278
4.30232
4.29288
4.29316
4.30381
4.30024
4.29741
4.31151
4.31079
4.31552
4.31135
4.31261
4.30891
4.30611
4.31173
4.3195
4.3161
4.31032
4.31121
4.31238
4.31309
4.31624
4.30395
4.29408
4.28525
4.28035
4.28498
4.27799
4.28353
4.28162
4.28081
4.28747
4.28765
4.27886
4.28209
4.27831
4.27889
4.2711
4.27513
4.27236
4.2848
4.28092
4.28255
4.28512
4.27303
4.27391
4.26965
4.27386
4.2743
4.27737
4.2727
4.27727
4.28018
4.27884
4.28532
4.27549
4.27316
4.28618
4.29126
4.29106
4.28729
4.29454
4.29891
4.29551
4.29354
4.29425
4.2837
4.28685
4.28463
4.27795
4.26703
4.26723
4.27448
4.27499
4.27163
4.26979
4.26514
4.26519
4.27113
4.275
4.26924
4.27303
4.26485
4.26921
4.26483
4.26659
4.27773
4.28799
4.28596
4.29939
4.29752
4.29147
4.28949
4.28606
4.27449
4.27986
4.28755
4.30175
4.30055
4.3116
4.30851
4.29366
4.29043
4.28611
4.28439
4.27458
4.27471
4.26901
4.27867
4.27413
4.27876
4.26723
4.27044
4.27163
4.2837
4.28657
4.2843
4.28559
4.29402
4.29483
4.30151
4.3106
4.30806
4.3058
4.31011
4.31109
4.30837
4.31082
4.31242
4.30203
4.30327
4.29132
4.30046
4.29176
4.28915
4.3009
4.29697
4.29727
4.29648
4.29889
4.288
4.29176
4.29824
4.28443
4.29041
4.29326
4.29213
4.29453
4.29187
4.28534
4.26955
4.28414
4.29154
4.29037
4.30841
4.30562
4.30556
4.30876
4.30555
4.30049
4.28947
4.2815
4.29561
4.29083
4.29314
4.2976
4.29202
4.28706
4.29709
4.28652
4.292
4.29097
4.29763
4.29916
4.30085
4.29524
4.2818
4.28472
4.28584
4.28467
4.29083
4.28693
4.29134
4.29572
4.29576
4.30312
4.3098
4.30122
4.30259
4.29701
4.29976
4.29804
4.29555
4.29674
4.30181
4.30114
4.3075
4.30115
4.30358
4.28975
4.29226
4.28964
4.28333
4.28534
4.27814
4.27205
4.27092
4.27538
4.2849
4.28608
4.29263
4.29769
4.29174
4.29535
4.29083
4.29178
4.29746
4.29517
4.28705
4.27501
4.27926
4.28402
4.28728
4.29478
4.29904
4.30702
4.30411
4.29815
4.30024
4.29579
4.30211
4.30549
4.30903
4.32052
4.3048
4.3053
4.28856
4.28306
4.27644
4.28338
4.28672
4.27799
4.27095
4.26736
4.27424
4.2834
4.28472
4.28677
4.28016
4.26925
4.2697
4.27368
4.26624
4.26392
4.27317
4.27619
4.27906
4.27655
4.28015
4.28255
4.28305
4.2892
4.27587
4.27166
4.27937
4.28791
4.29305
4.2921
4.28874
4.28756
4.28945
4.29358
4.29391
4.29475
4.28364
4.28171
4.29188
4.29584
4.29898
4.29277
4.28818
4.29401
4.28245
4.28218
4.28821
4.29688
4.30507
4.31622
4.31122
4.30977
4.30637
4.3107
4.31095
4.30832
4.3075
4.32021
4.29383
4.29799
4.28961
4.29461
4.30276
4.29596
4.29577
4.30614
4.30048
4.30375
4.29807
4.29983
4.30304
4.31002
4.30258
4.3052
4.311
4.30667
4.32068
4.31725
4.29793
4.29662
4.29705
4.30136
4.3077
4.29698
4.30603
4.29846
4.29962
4.30663
4.30209
4.29438
4.2943
4.2898
4.28981
4.28452
4.28211
4.27384
4.2748
4.28023
4.29088
4.28938
4.27866
4.27858
4.2738
4.27542
4.27187
4.27112
4.28445
4.29215
4.29658
4.30026
4.30121
4.30689
4.30855
4.30754
4.30358
4.3087
4.30884
4.3083
4.30768
4.30306
4.30173
4.31187
4.31045
4.30773
4.31171
4.30635
4.29375
4.2908
4.29838
4.30063
4.30772
4.30858
4.30761
4.30405
4.3031
4.31105
4.31845
4.31676
4.32149
4.31372
4.30296
4.30376
4.29793
4.30866
4.30066
4.29705
4.30228
4.28343
4.28189
4.28017
4.27358
4.26986
4.26143
4.26694
4.26476
4.27301
4.26961
4.26865
4.26823
4.28006
4.28056
4.27946
4.28341
4.28037
4.28983
4.29138
4.30093
4.29889
4.3011
4.30217
4.29518
4.29717
4.28992
4.28488
4.2818
4.28553
4.28615
4.26864
4.26574
4.26689
4.28036
4.27507
4.27943
4.27668
4.27228
4.26953
4.27423
4.27652
4.28184
4.28568
4.28411
4.29051
4.28896
4.29324
4.29287
4.27994
4.28613
4.28896
4.28765
4.2931
4.29467
4.27942
4.28002
4.27822
4.2759
4.27069
4.26731
4.26086
4.25257
4.23586
4.22887
4.23028
4.23256
4.23284
4.2375
4.24226
4.24383
4.25385
4.26203
4.27486
4.27425
4.26199
4.27323
4.27384
4.2708
4.26727
4.27128
4.26729
4.27772
4.28149
4.28732
4.28235
4.28336
4.28195
4.29157
4.29461
4.29027
4.29371
4.28508
4.29288
4.3037
4.29914
4.30746
4.31508
4.31289
4.30535
4.29764
4.29902
4.30852
4.3163
4.31244
4.30417
4.29759
4.2893
4.2912
4.29955
4.30442
4.29663
4.30647
4.30526
4.31012
4.30983
4.31642
4.31958
4.32424
4.31869
4.30505
4.31699
4.31011
4.31254
4.29751
4.29576
4.2955
4.30278
4.29381
4.28887
4.289
4.28642
4.27551
4.27131
4.27493
4.27863
4.28251
4.28687
4.2944
4.29964
4.30243
4.29642
4.30306
4.30701
4.29435
4.2872
4.28674
4.29965
4.295
4.29687
4.29828
4.29279
4.29069
4.28618
4.28877
4.28812
4.28446
4.28912
4.2907
4.29219
4.2859
4.27573
4.27479
4.27585
4.27894
4.26924
4.27074
4.27662
4.25544
4.26926
4.27265
4.28505
4.29111
4.28613
4.28201
4.28025
4.26493
4.26277
4.26106
4.26207
4.25893
4.26172
4.2615
4.26993
4.27865
4.29205
4.2951
4.30019
4.29143
4.27843
4.27834
4.28259
4.28354
4.27715
4.26896
4.26849
4.27378
4.28277
4.28653
4.29307
4.29737
4.29559
4.30406
4.29739
4.2978
4.29795
4.30462
4.30692
4.30384
4.30165
4.30052
4.30367
4.29596
4.29878
4.30822
4.31053
4.30654
4.30379
4.3068
4.31123
4.30233
4.28658
4.27708
4.27298
4.27529
4.27083
4.28314
4.28905
4.28938
4.29008
4.29514
4.29665
4.28427
4.27531
4.2723
4.28017
4.28504
4.27965
4.2839
4.28674
4.28752
4.2923
4.30546
4.30873
4.31547
4.31675
4.31125
4.29573
4.29985
4.29476
4.29409
4.29246
4.30489
4.3027
4.2943
4.28906
4.29878
4.30069
4.29991
4.29639
4.3066
4.29172
4.28614
4.29374
4.29128
4.28808
4.29488
4.28568
4.26993
4.26662
4.26746
4.27798
4.28078
4.28636
4.28862
4.28725
4.27871
4.28682
4.29831
4.29999
4.29419
4.29299
4.2929
4.29449
4.28798
4.29214
4.28445
4.28744
4.28408
4.2903
4.29509
4.28866
4.27947
4.28294
4.28811
4.28902
4.28846
4.28702
4.28134
4.29269
4.2938
4.29415
4.29464
4.29403
4.29916
4.29597
4.28108
4.28583
4.30032
4.29276
4.29007
4.29603
4.29601
4.29863
4.30251
4.30293
4.30576
4.30526
4.30035
4.29844
4.28315
4.29639
4.30002
4.29849
4.29547
4.29214
4.29531
4.30047
4.30859
4.29905
4.29762
4.28879
4.28769
4.29167
4.28643
4.27471
4.27211
4.26959
4.27769
4.27757
4.27332
4.28104
4.28633
4.29117
4.30154
4.30581
4.31108
4.30859
4.2969
4.3045
4.30405
4.30225
4.28696
4.28591
4.28351
4.28548
4.28789
4.29309
4.28437
4.27512
4.28365
4.28664
4.28929
4.29533
4.27965
4.28188
4.27905
4.27748
4.28692
4.28575
4.28139
4.27587
4.28351
4.27918
4.28203
4.27912
4.27836
4.28329
4.27088
4.26772
4.2769
4.28212
4.28349
4.28832
4.28568
4.28853
4.29695
4.2963
4.29609
4.3009
4.29749
4.29223
4.29206
4.30087
4.30109
4.2948
4.29954
4.29223
4.29062
4.28643
4.27957
4.28035
4.27975
4.27997
4.27274
4.27622
4.27415
4.27522
4.26927
4.25848
4.25619
4.24328
4.25034
4.25646
4.25462
4.25681
4.26404
4.26078
4.26416
4.2646
4.25304
4.2555
4.26194
4.28
4.27969
4.27783
4.2755
4.28159
4.28133
4.27965
4.27509
4.27348
4.2756
4.28466
4.28598
4.29114
4.29655
4.30707
4.30762
4.30173
4.3
4.29883
4.30294
4.29696
4.28776
4.27263
4.27156
4.27003
4.26229
4.26151
4.25776
4.25936
4.26989
4.26492
4.27381
4.27577
4.27427
4.26901
4.2901
4.29034
4.28392
4.28893
4.28301
4.29659
4.30967
4.30295
4.30572
4.30831
4.2949
4.30152
4.29875
4.29039
4.28451
4.2786
4.27206
4.27107
4.2671
4.26651
4.2737
4.26784
4.27498
4.27763
4.27153
4.27759
4.29479
4.29778
4.29827
4.29493
4.29825
4.297
4.28918
4.29434
4.28955
4.2791
4.28766
4.28592
4.2877
4.29688
4.29819
4.29682
4.29648
4.28812
4.27687
4.26897
4.27435
4.27612
4.27657
4.29115
4.28725
4.28942
4.29933
4.29225
4.27895
4.27051
4.28622
4.29882
4.29395
4.29727
4.29859
4.30035
4.29952
4.29056
4.29264
4.30042
4.3044
4.30518
4.29448
4.30051
4.29719
4.29721
4.29317
4.29192
4.29223
4.28321
4.28749
4.28606
4.29334
4.305
4.3007
4.29389
4.29329
4.28085
4.27277
4.27732
4.28329
4.27534
4.27924
4.28972
4.28582
4.29466
4.28889
4.28793
4.28715
4.28617
4.28961
4.29078
4.29285
4.285
4.27342
4.27021
4.27602
4.28062
4.28216
4.27529
4.27924
4.28078
4.2686
4.27118
4.27443
4.26762
4.27455
4.28428
4.28285
4.28599
4.29677
4.29867
4.28622
4.29286
4.30507
4.30203
4.29908
4.28601
4.27657
4.26805
4.28384
4.28509
4.28495
4.28676
4.29261
4.27464
4.28068
4.27873
4.27931
4.28859
4.28299
4.27321
4.27152
4.26884
4.27631
4.27629
4.28741
4.29033
4.29118
4.29148
4.30043
4.29362
4.28985
4.28905
4.28943
4.28142
4.2763
4.27325
4.28304
4.28423
4.27832
4.27493
4.27643
4.27238
4.26312
4.26716
4.26874
4.27092
4.27204
4.255
4.26278
4.27783
4.28246
4.28719
4.29445
4.29353
4.2982
4.28862
4.2992
4.29703
4.30051
4.29946
4.29523
4.29368
4.29281
4.28755
4.29458
4.2955
4.28361
4.27892
4.27096
4.2742
4.2841
4.27258
4.28014
4.27698
4.2793
4.27439
4.27454
4.27903
4.29171
4.28559
4.29172
4.28506
4.28289
4.28219
4.28697
4.28809
4.28863
4.27984
4.28448
4.28422
4.2785
4.27788
4.271
4.27669
4.28088
4.27372
4.28164
4.27465
4.29067
4.29663
4.29068
4.28485
4.29245
4.28816
4.29359
4.29108
4.29995
4.30499
4.30072
4.30028
4.30148
4.30071
4.28911
4.27445
4.27012
4.2742
4.27496
4.26975
4.27052
4.2733
4.27421
4.27556
4.28434
4.28029
4.28702
4.28177
4.27835
4.26973
4.27756
4.27806
4.27756
4.2787
4.28492
4.2954
4.29654
4.29928
4.30575
4.30073
4.30475
4.30023
4.29634
4.29752
4.29136
4.30395
4.30604
4.30035
4.31016
4.30555
4.30022
4.2866
4.28711
4.29581
4.29561
4.29924
4.29004
4.29772
4.28461
4.29408
4.30095
4.29694
4.29559
4.2914
4.28329
4.29189
4.29144
4.30107
4.30356
4.30079
4.30352
4.29611
4.30102
4.29904
4.30249
4.3
4.30358
4.30071
4.29787
4.3095
4.31174
4.30913
4.30475
4.30465
4.30755
4.31367
4.31915
4.31562
4.31518
4.31834
4.31824
4.32332
4.32329
4.32347
4.30838
4.30238
4.30665
4.31109
4.30077
4.29887
4.30956
4.31559
4.31146
4.31235
4.31212
4.31474
4.30485
4.30909
4.31856
4.30009
4.29287
4.28915
4.28902
4.2926
4.29769
4.30024
4.29145
4.29266
4.2937
4.28531
4.29336
4.28783
4.29433
4.29882
4.30262
4.30977
4.3088
4.30864
4.30071
4.29687
4.29642
4.28937
4.28267
4.26753
4.2798
4.28186
4.29108
4.29613
4.29208
4.29708
4.30053
4.29601
4.28781
4.29058
4.29132
4.28513
4.28576
4.28544
4.27636
4.2795
4.29138
4.2695
4.27116
4.27863
4.27826
4.28576
4.29618
4.30186
4.29781
4.29709
4.30331
4.30061
4.29837
4.28864
4.29445
4.28715
4.2884
4.29314
4.29762
4.29677
4.30012
4.29535
4.29057
4.29764
4.29931
4.30183
4.30602
4.3101
4.30543
4.31723
4.32459
4.32183
4.31566
4.30435
4.29499
4.29203
4.28916
4.28203
4.27575
4.28592
4.29586
4.30622
4.3045
4.29711
4.27571
4.2847
4.29297
4.304
4.29454
4.29618
4.29337
4.28722
4.29578
4.29428
4.29315
4.29161
4.30449
4.29767
4.30505
4.2957
4.29625
4.29384
4.30316
4.31195
4.3207
4.32364
4.31187
4.31275
4.30744
4.30214
4.29221
4.29443
4.30092
4.29995
4.29066
4.28871
4.29819
4.28621
4.28987
4.29649
4.29823
4.29026
4.30167
4.29291
4.29163
4.29544
4.29303
4.28809
4.28806
4.28056
4.27732
4.2886
4.28973
4.28505
4.28336
4.28507
4.28766
4.27208
4.27973
4.26982
4.27057
4.27688
4.27499
4.2846
4.29047
4.2822
4.28404
4.27771
4.27644
4.27765
4.27862
4.28674
4.28966
4.30454
4.3014
4.29165
4.29455
4.29253
4.29318
4.29065
4.29687
4.29082
4.29726
4.29477
4.28812
4.28838
4.29122
4.29129
4.30337
4.29333
4.2949
4.29343
4.28364
4.29083
4.29998
4.30893
4.31136
4.31162
4.30261
4.30877
4.31186
4.29776
4.29845
4.30645
4.30707
4.30638
4.29803
4.30065
4.29214
4.29517
4.29491
4.29562
4.30274
4.29977
4.30059
4.29951
4.30107
4.31048
4.30535
4.30429
4.30686
4.29365
4.29451
4.29469
4.29134
4.29159
4.29643
4.28447
4.28676
4.29217
4.29151
4.28102
4.28474
4.28199
4.29591
4.30609
4.31883
4.31448
4.30662
4.30757
4.30544
4.30709
4.29516
4.29603
4.30125
4.29647
4.29862
4.29725
4.28978
4.28553
4.29517
4.28389
4.27542
4.2788
4.28747
4.27624
4.26994
4.26769
4.27347
4.2656
4.28043
4.284
4.29067
4.28417
4.28024
4.29061
4.28659
4.29872
4.29391
4.29338
4.30843
4.2974
4.29719
4.29898
4.29511
4.28181
4.29418
4.29869
4.29406
4.29673
4.29148
4.30643
4.28897
4.28304
4.27081
4.27451
4.25954
4.26512
4.26149
4.26514
4.26105
4.26751
4.26787
4.26268
4.26953
4.26922
4.27572
4.27193
4.26601
4.26093
4.27496
4.26677
4.27609
4.27817
4.28
4.28006
4.2867
4.29625
4.29501
4.30316
4.30547
4.29734
4.28807
4.28548
4.28121
4.28129
4.27623
4.27582
4.27162
4.26643
4.27672
4.27921
4.27819
4.26698
4.265
4.27227
4.27829
4.27354
4.27928
4.2859
4.29112
4.29829
4.29987
4.29749
4.30156
4.30277
4.29842
4.29802
4.29025
4.29803
4.29057
4.29204
4.28234
4.27572
4.27921
4.27947
4.27912
4.2733
4.27272
4.28552
4.27902
4.28091
4.28775
4.28099
4.27819
4.28607
4.2781
4.27966
4.27834
4.27995
4.27756
4.27349
4.27984
4.27698
4.27818
4.27639
4.2852
4.29272
4.2882
4.28758
4.28299
4.28489
4.28287
4.27796
4.28653
4.28071
4.26658
4.27317
4.27469
4.27748
4.28478
4.29067
4.29804
4.30349
4.3041
4.30105
4.30216
4.30825
4.31267
4.30591
4.30969
4.3127
4.31498
4.31531
4.31761
4.32131
4.31864
4.31889
4.31198
4.31369
4.30454
4.30398
4.30278
4.28244
4.27927
4.29187
4.29167
4.29061
4.28688
4.29462
4.29765
4.30916
4.30848
4.3029
4.31172
4.31437
4.30729
4.30853
4.31306
4.30793
4.30862
4.29782
4.30639
4.30465
4.31525
4.31545
4.31189
4.30613
4.30252
4.29668
4.29504
4.29864
4.29956
4.29325
4.28837
4.2849
4.27911
4.28568
4.28726
4.27698
4.28434
4.2715
4.26546
4.26949
4.28168
4.28474
4.27718
4.28612
4.29427
4.2903
4.29243
4.29069
4.28559
4.28055
4.28639
4.27945
4.27118
4.27921
4.28464
4.28403
4.28876
4.28488
4.28724
4.28941
4.29881
4.30038
4.30642
4.30709
4.30557
4.30912
4.29771
4.30222
4.30585
4.29411
4.29182
4.30386
4.29696
4.29583
4.29638
4.30139
4.29819
4.29749
4.30185
4.30504
4.30997
4.30274
4.30053
4.2949
4.29243
4.29081
4.29469
4.30435
4.30339
4.27738
4.2709
4.26261
4.28259
4.27996
4.28611
4.29468
4.29714
4.29848
4.2894
4.28995
4.30122
4.29168
4.29397
4.2798
4.28374
4.29749
4.2935
4.30088
4.307
4.30243
4.30728
4.30184
4.30515
4.31035
4.29815
4.29776
4.30088
4.31516
4.30042
4.31152
4.31681
4.31493
4.30261
4.30192
4.30179
4.30107
4.29034
4.29066
4.29353
4.29683
4.28894
4.29847
4.29787
4.297
4.2916
4.28912
4.29126
4.29363
4.28685
4.28168
4.28495
4.28257
4.28624
4.28903
4.29643
4.29204
4.29942
4.30082
4.29846
4.29779
4.27887
4.27974
4.27857
4.28013
4.2695
4.27185
4.27172
4.26612
4.27767
4.28166
4.28792
4.29803
4.29239
4.28925
4.29579
4.29826
4.30184
4.30597
4.30237
4.29239
4.29209
4.29263
4.30001
4.29451
4.29218
4.29122
4.27798
4.27114
4.27213
4.26963
4.27646
4.2905
4.29886
4.3006
4.30441
4.30386
4.31282
4.3147
4.32377
4.32137
4.30657
4.31617
4.30533
4.30497
4.30281
4.29967
4.30117
4.30654
4.30894
4.31361
4.31111
4.31346
4.31774
4.31707
4.324
4.32001
4.31623
4.32617
4.32146
4.32471
4.3166
4.31505
4.31397
4.31996
4.32576
4.32119
4.32737
4.32359
4.31545
4.3106
4.31542
4.31729
4.3183
4.31066
4.31774
4.31405
4.32048
4.3247
4.32772
4.32597
4.30958
4.2953
4.29697
4.29468
4.2869
4.29375
4.29989
4.29711
4.28681
4.28329
4.27609
4.28015
4.28635
4.27927
4.28295
4.27723
4.27816
4.28378
4.28055
4.27748
4.28623
4.29097
4.28736
4.2846
4.29269
4.29838
4.30517
4.30342
4.30582
4.30404
4.29031
4.2941
4.28414
4.27548
4.26017
4.26994
4.27065
4.26566
4.26648
4.26571
4.25861
4.27028
4.26382
4.26565
4.28163
4.27348
4.27867
4.28178
4.27989
4.28562
4.29037
4.28697
4.2831
4.27441
4.28077
4.27973
4.27217
4.2659
4.26108
4.24725
4.25848
4.25577
4.25021
4.25879
4.27145
4.27779
4.26966
4.27812
4.29216
4.30706
4.30283
4.29989
4.30128
4.29018
4.28913
4.29933
4.29466
4.2944
4.2948
4.29252
4.2932
4.28434
4.28372
4.28404
4.2806
4.28842
4.27625
4.28053
4.2875
4.30167
4.30204
4.27877
4.2786
4.27977
4.28772
4.27882
4.28111
4.27877
4.28022
4.26816
4.25628
4.25914
4.26444
4.26412
4.27884
4.27823
4.27112
4.25875
4.26689
4.27201
4.26306
4.27516
4.2589
4.26646
4.2615
4.25685
4.26191
4.26404
4.26591
4.26565
4.26223
4.2641
4.26618
4.26685
4.26396
4.26849
4.27581
4.25795
4.27848
4.28183
4.28217
4.28816
4.29274
4.29809
4.30103
4.2994
4.29438
4.30095
4.30906
4.31588
4.31186
4.3007
4.29556
4.29195
4.29771
4.30553
4.30191
4.29936
4.27837
4.28579
4.29201
4.29219
4.28076
4.2873
4.28413
4.28584
4.29399
4.29823
4.28978
4.29218
4.28741
4.28636
4.28694
4.2787
4.2848
4.28261
4.27452
4.2713
4.27117
4.27386
4.27724
4.27062
4.25691
4.2467
4.25218
4.25978
4.24815
4.24751
4.25199
4.25938
4.26673
4.27609
4.27996
4.28401
4.28083
4.28294
4.27419
4.2744
4.27673
4.27071
4.28638
4.29615
4.29247
4.29362
4.2957
4.29743
4.28585
4.29325
4.29902
4.28227
4.28882
4.27547
4.27408
4.26918
4.26734
4.25993
4.26289
4.27485
4.2727
4.25332
4.25563
4.26612
4.26291
4.27342
4.28554
4.28322
4.2851
4.29295
4.28821
4.29098
4.29566
4.30349
4.28662
4.29034
4.28839
4.29372
4.29094
4.30115
4.29995
4.28953
4.29461
4.28855
4.2943
4.29219
4.29005
4.28802
4.27945
4.28748
4.29601
4.30034
4.30255
4.30656
4.30005
4.29855
4.29743
4.30397
4.31547
4.3071
4.31184
4.31129
4.30245
4.30173
4.30921
4.3143
4.316
4.31556
4.32162
4.30957
4.30841
4.30574
4.30312
4.30446
4.30574
4.31625
4.31629
4.31172
4.30913
4.30127
4.29399
4.28925
4.29734
4.30759
4.3031
4.30018
4.3052
4.30324
4.29415
4.28536
4.28002
4.28234
4.28527
4.28519
4.28903
4.29273
4.29926
4.29453
4.29767
4.30658
4.31135
4.29811
4.28568
4.27721
4.2785
4.27663
4.27037
4.26561
4.26689
4.26637
4.27857
4.28727
4.293
4.28462
4.29143
4.28942
4.29491
4.2967
4.28106
4.27176
4.28112
4.27742
4.27572
4.27481
4.28499
4.28142
4.27849
4.27743
4.27849
4.27555
4.27046
4.2739
4.28213
4.29157
4.29355
4.28383
4.2759
4.28177
4.26928
4.28085
4.28463
4.29267
4.2933
4.28728
4.30311
4.30141
4.28959
4.2802
4.27835
4.28478
4.29107
4.28895
4.29544
4.28453
4.29151
4.28401
4.28968
4.29399
4.30076
4.29654
4.29263
4.29469
4.29437
4.28978
4.28565
4.2898
4.28973
4.28419
4.2899
4.28361
4.27437
4.2743
4.25365
4.26218
4.26742
4.27263
4.27094
4.28006
4.28274
4.28871
4.29348
4.29065
4.28263
4.27473
4.2572
4.26063
4.25705
4.26557
4.26465
4.26946
4.27581
4.27873
4.28854
4.28804
4.29884
4.2944
4.29806
4.2985
4.30227
4.28898
4.29766
4.27867
4.27402
4.27177
4.27672
4.28118
4.28451
4.28787
4.28089
4.29088
4.29056
4.28586
4.28482
4.29277
4.28924
4.28233
4.27524
4.26863
4.2746
4.27801
4.28581
4.29299
4.29877
4.29771
4.29951
4.30625
4.30879
4.2994
4.31349
4.31566
4.30293
4.29114
4.28549
4.28834
4.29647
4.30395
4.30787
4.30932
4.30787
4.30874
4.31256
4.31466
4.30554
4.29125
4.29043
4.28481
4.28792
4.28974
4.28462
4.27351
4.27899
4.28123
4.28303
4.28277
4.28075
4.28606
4.28865
4.29345
4.29706
4.29891
4.30437
4.3021
4.30406
4.2964
4.29555
4.29482
4.29062
4.28252
4.28367
4.28655
4.28323
4.28942
4.27636
4.29154
4.29594
4.30013
4.29724
4.30105
4.2967
4.29266
4.28374
4.27844
4.27085
4.28674
4.2872
4.29301
4.29841
4.30906
4.304
4.29365
4.29326
4.30118
4.30626
4.30758
4.31082
4.31036
4.30255
4.30361
4.29939
4.30328
4.3109
4.30769
4.30381
4.28465
4.28732
4.28325
4.28535
4.27818
4.26373
4.278
4.27608
4.27809
4.27256
4.27614
4.28242
4.28534
4.27185
4.27848
4.27575
4.27536
4.28219
4.27402
4.27852
4.28549
4.28698
4.28302
4.28194
4.27559
4.27893
4.28787
4.29272
4.29622
4.30033
4.29399
4.29398
4.2905
4.29119
4.29276
4.29226
4.29541
4.28978
4.29064
4.29255
4.28736
4.28711
4.28779
4.29009
4.28827
4.28684
4.27994
4.27858
4.29292
4.29197
4.30094
4.29619
4.28228
4.28437
4.2816
4.28755
4.30111
4.2927
4.30581
4.29566
4.29849
4.29868
4.29758
4.29386
4.2886
4.29207
4.29477
4.29554
4.29756
4.29342
4.29268
4.29916
4.30159
4.2924
4.29219
4.30696
4.30431
4.29526
4.29727
4.29854
4.30045
4.29588
4.29168
4.28133
4.293
4.28403
4.28198
4.26776
4.25937
4.26071
4.27107
4.27116
4.2788
4.27744
4.27204
4.26945
4.26232
4.26635
4.27326
4.27707
4.27619
4.27892
4.2814
4.28431
4.29427
4.29059
4.28126
4.28443
4.27813
4.26886
4.27101
4.27665
4.28149
4.29125
4.29783
4.29449
4.2962
4.30189
4.29788
4.30086
4.30585
4.31199
4.31099
4.30727
4.31203
4.3088
4.3115
4.31261
4.29584
4.30317
4.30348
4.3035
4.31202
4.30742
4.3118
4.31374
4.32102
4.31044
4.30623
4.29531
4.2955
4.29394
4.29246
4.28998
4.28885
4.29365
4.29331
4.29239
4.29115
4.30107
4.28704
4.28509
4.27911
4.27959
4.28329
4.27472
4.27016
4.2751
4.28079
4.28353
4.28919
4.28705
4.29483
4.29771
4.2919
4.28639
4.28622
4.29499
4.29103
4.29479
4.29376
4.29293
4.29228
4.29343
4.29662
4.30719
4.30658
4.30585
4.29897
4.30036
4.29056
4.29502
4.28969
4.28672
4.2861
4.28351
4.27975
4.28658
4.29146
4.29658
4.29249
4.28703
4.27898
4.27898
4.2888
4.29531
4.28543
4.2745
4.26952
4.27295
4.2715
4.28628
4.29106
4.28779
4.28489
4.28264
4.26132
4.26836
4.27069
4.26202
4.26407
4.27583
4.28397
4.28159
4.28557
4.28566
4.29332
4.30322
4.28711
4.29524
4.29252
4.28224
4.28575
4.28417
4.27222
4.27772
4.28208
4.28857
4.28473
4.2808
4.28525
4.28907
4.29013
4.29362
4.29729
4.29612
4.29323
4.29642
4.30324
4.30098
4.30701
4.30675
4.29862
4.29128
4.29744
4.29133
4.30182
4.29076
4.27946
4.28347
4.29002
4.29287
4.28551
4.29299
4.28128
4.27386
4.27847
4.28463
4.28369
4.2882
4.29115
4.29315
4.2877
4.29454
4.29691
4.29514
4.30145
4.31142
4.30929
4.30144
4.29755
4.30485
4.29408
4.29342
4.2948
4.3036
4.30944
4.30643
4.30777
4.29802
4.30781
4.30216
4.30529
4.29861
4.30517
4.30432
4.29685
4.29672
4.29558
4.30225
4.3034
4.30084
4.30204
4.29815
4.30677
4.29785
4.29335
4.29885
4.30624
4.30098
4.3032
4.29843
4.30709
4.31126
4.31481
4.30559
4.30482
4.30456
4.30225
4.31281
4.31335
4.31816
4.31206
4.30925
4.30183
4.30055
4.29735
4.30148
4.30344
4.29792
4.28899
4.28759
4.29059
4.28817
4.29005
4.29943
4.30903
4.31597
4.31584
4.31143
4.29626
4.28787
4.28787
4.28588
4.27347
4.27739
4.27391
4.27561
4.28217
4.27911
4.28038
4.29073
4.28363
4.27904
4.27845
4.276
4.26887
4.27163
4.27595
4.29017
4.293
4.29005
4.28724
4.28987
4.28879
4.29667
4.30059
4.30368
4.28943
4.29102
4.2955
4.29586
4.29903
4.29565
4.28792
4.28201
4.29374
4.2971
4.30404
4.30375
4.29891
4.30308
4.29538
4.28877
4.2853
4.28224
4.27899
4.27767
4.28369
4.27707
4.26902
4.27259
4.2732
4.27143
4.28392
4.29561
4.30425
4.30202
4.31217
4.30553
4.31276
4.30414
4.31483
4.31647
4.31624
4.30495
4.30108
4.29272
4.29204
4.29864
4.30242
4.30279
4.29945
4.29425
4.288
4.28966
4.29147
4.29519
4.2928
4.28666
4.29659
4.29537
4.30016
4.29107
4.30872
4.31654
4.30428
4.30152
4.29814
4.29552
4.30461
4.28506
4.27187
4.2737
4.27398
4.26997
4.27825
4.2876
4.28441
4.28055
4.28053
4.29904
4.29802
4.29665
4.28934
4.29255
4.29202
4.28852
4.28586
4.29336
4.29192
4.2904
4.28187
4.27926
4.28167
4.27722
4.28919
4.28248
4.2735
4.27158
4.25773
4.25612
4.26521
4.26421
4.27241
4.26548
4.27174
4.27562
4.28457
4.28621
4.28197
4.28664
4.29069
4.28294
4.28516
4.28702
4.28844
4.28231
4.29
4.28731
4.28495
4.28588
4.27478
4.28296
4.28554
4.27779
4.27947
4.28233
4.27456
4.26365
4.27015
4.26788
4.27321
4.28114
4.29104
4.29254
4.29223
4.29197
4.29716
4.29612
4.30378
4.30558
4.29903
4.29863
4.30651
4.30927
4.2985
4.29248
4.30014
4.29779
4.29149
4.29429
4.30639
4.31922
4.31347
4.31113
4.30895
4.32134
4.31335
4.30786
4.30297
4.3027
4.30211
4.30337
4.30121
4.30693
4.30839
4.31433
4.31626
4.30072
4.29296
4.28776
4.2937
4.29652
4.29981
4.2851
4.29558
4.30553
4.29792
4.30406
4.31384
4.31155
4.31258
4.30222
4.30689
4.29409
4.28972
4.29314
4.29439
4.29734
4.29454
4.29165
4.29034
4.28484
4.28499
4.29064
4.29246
4.28844
4.28463
4.2785
4.28289
4.29169
4.2908
4.29161
4.28968
4.28293
4.29223
4.29614
4.29661
4.30142
4.3106
4.32176
4.31637
4.31107
4.31339
4.30962
4.31227
4.3244
4.32133
4.31594
4.31878
4.32187
4.32065
4.31307
4.29862
4.30063
4.30743
4.30625
4.30569
4.29754
4.30629
4.30656
4.30493
4.29845
4.29356
4.28227
4.28585
4.28266
4.28715
4.29175
4.29257
4.29238
4.28597
4.29362
4.29484
4.29108
4.29252
4.29088
4.28758
4.27762
4.27713
4.27917
4.28517
4.29391
4.28613
4.28972
4.2925
4.29139
4.28427
4.29244
4.28694
4.28561
4.27658
4.28154
4.2763
4.27156
4.28714
4.2911
4.2907
4.29621
4.30441
4.30525
4.30871
4.30339
4.31466
4.31896
4.31595
4.31667
4.32172
4.3135
4.30683
4.30777
4.29417
4.30056
4.30358
4.30075
4.29824
4.28795
4.28953
4.29768
4.29918
4.29676
4.29354
4.30115
4.3036
4.29809
4.30435
4.30514
4.30454
4.30361
4.30805
4.32023
4.31329
4.30928
4.2942
4.29022
4.29483
4.28097
4.27546
4.27799
4.28106
4.29323
4.29914
4.29864
4.29408
4.29432
4.29392
4.28939
4.29633
4.30119
4.30041
4.30121
4.30186
4.31089
4.30265
4.30678
4.31113
4.30375
4.29438
4.28902
4.29825
4.30697
4.30573
4.30074
4.29903
4.2882
4.28409
4.28654
4.2838
4.27985
4.28817
4.28601
4.29321
4.29275
4.28546
4.28937
4.26804
4.28167
4.28294
4.2829
4.27201
4.27334
4.27809
4.28095
4.27811
4.27281
4.28023
4.28069
4.28638
4.27896
4.28405
4.27826
4.28615
4.28916
4.28789
4.29222
4.2991
4.29879
4.29635
4.29556
4.29251
4.29248
4.28294
4.27908
4.28616
4.28388
4.28913
4.28943
4.29867
4.2938
4.29853
4.31252
4.32248
4.31244
4.30894
4.31142
4.30397
4.30297
4.30571
4.30611
4.30913
4.31413
4.31061
4.31214
4.31865
4.31248
4.31079
4.31211
4.32208
4.32417
4.33116
4.32839
4.31509
4.31455
4.30694
4.31651
4.32003
4.3064
4.29985
4.29882
4.30593
4.31151
4.29964
4.30412
4.30633
4.29786
4.30226
4.29108
4.28871
4.28537
4.29318
4.28147
4.2823
4.28784
4.29242
4.30288
4.2962
4.29575
4.2894
4.28794
4.29201
4.28934
4.28885
4.29481
4.29707
4.29886
4.28892
4.28427
4.27939
4.26888
4.26416
4.2752
4.28389
4.28414
4.29378
4.28499
4.2871
4.2831
4.28363
4.28438
4.28253
4.28475
4.29158
4.28646
4.2852
4.28692
4.28868
4.28435
4.28258
4.27412
4.27744
4.28191
4.27088
4.27679
4.28539
4.29132
4.28735
4.28475
4.28493
4.28479
4.28586
4.28279
4.28564
4.28603
4.28366
4.28465
4.27867
4.27883
4.28918
4.29791
4.29478
4.28176
4.28427
4.28287
4.27445
4.26711
4.26668
4.27383
4.27067
4.27112
4.2811
4.27522
4.26599
4.26972
4.27416
4.27711
4.27599
4.28555
4.2839
4.28679
4.27397
4.27065
4.28202
4.27924
4.27648
4.28697
4.28681
4.28164
4.28853
4.29836
4.29634
4.28444
4.29307
4.29473
4.29395
4.29779
4.2957
4.29167
4.29475
4.2816
4.27598
4.27851
4.28922
4.29564
4.29589
4.29736
4.29745
4.29839
4.29117
4.2858
4.29618
4.3028
4.30508
4.30076
4.29668
4.29766
4.30154
4.2993
4.30578
4.30615
4.3019
4.29799
4.2978
4.30085
4.29316
4.29058
4.28507
4.29099
4.27827
4.27835
4.27083
4.27718
4.27363
4.27374
4.27531
4.28684
4.28726
4.2881
4.2808
4.2722
4.27768
4.28292
4.28789
4.28861
4.28672
4.293
4.28361
4.28435
4.28817
4.28846
4.28254
4.28597
4.2859
4.29016
4.28938
4.28306
4.28147
4.29207
4.30097
4.28606
4.29227
4.29601
4.29569
4.28281
4.28301
4.27284
4.27731
4.2749
4.28811
4.29686
4.29092
4.29847
4.29731
4.29354
4.27946
4.2778
4.27696
4.27901
4.28529
4.28493
4.29322
4.29375
4.28938
4.29312
4.29604
4.30122
4.28888
4.28778
4.28897
4.29566
4.29565
4.29487
4.3071
4.30839
4.31661
4.31124
4.30995
4.30687
4.3026
4.30366
4.29316
4.29604
4.29693
4.30515
4.3092
4.31858
4.31542
4.31573
4.30751
4.30117
4.29547
4.29506
4.29135
4.29043
4.28808
4.27876
4.29142
4.28885
4.28907
4.28351
4.28693
4.27094
4.28022
4.28428
4.28038
4.27579
4.28518
4.29609
4.29346
4.2929
4.30764
4.30677
4.3008
4.29869
4.29796
4.28361
4.26469
4.26131
4.25136
4.26016
4.26712
4.26823
4.28075
4.27825
4.27082
4.27397
4.27585
4.27787
4.26995
4.26342
4.26864
4.26701
4.26114
4.26859
4.27249
4.27415
4.28434
4.29366
4.29759
4.3067
4.30674
4.30946
4.30635
4.29234
4.28988
4.29892
4.29305
4.30192
4.30615
4.30552
4.3031
4.30336
4.30162
4.2979
4.29817
4.31018
4.3129
4.29838
4.30387
4.30694
4.31441
4.30989
4.29003
4.28931
4.28974
4.28681
4.29119
4.28183
4.27188
4.27716
4.28552
4.28855
4.27688
4.27327
4.27784
4.28518
4.28089
4.28738
4.28513
4.28589
4.28079
4.2853
4.28216
4.28763
4.29656
4.29901
4.30213
4.29665
4.29704
4.29825
4.29741
4.29034
4.28841
4.28898
4.28712
4.29126
4.2947
4.30437
4.29891
4.2875
4.27818
4.29245
4.29361
4.29277
4.28794
4.29124
4.29475
4.29598
4.28039
4.2785
4.27851
4.26716
4.26883
4.27366
4.27793
4.2774
4.27192
4.27152
4.26496
4.2748
4.27161
4.27542
4.28017
4.27765
4.28209
4.28286
4.27769
4.27849
4.27031
4.27077
4.26723
4.25939
4.26366
4.26471
4.26352
4.27411
4.26795
4.27212
4.27572
4.27861
4.27095
4.26427
4.27596
4.2743
4.26893
4.27914
4.2896
4.29671
4.29334
4.29602
4.29646
4.28205
4.28764
4.29065
4.29053
4.28368
4.27925
4.28894
4.28895
4.28443
4.29592
4.29177
4.29576
4.28713
4.28759
4.27233
4.2744
4.27404
4.27294
4.27718
4.27616
4.28409
4.29311
4.28276
4.27896
4.28162
4.28062
4.28653
4.28844
4.28584
4.28314
4.28504
4.29338
4.29418
4.3022
4.30125
4.28682
4.29166
4.29665
4.28465
4.29725
4.29576
4.29182
4.28762
4.29298
4.29619
4.30089
4.29919
4.29245
4.28599
4.29466
4.29432
4.29703
4.30851
4.31836
4.32643
4.31827
4.31937
4.32229
4.32421
4.30793
4.30745
4.31806
4.31215
4.31676
4.3108
4.30224
4.29809
4.29695
4.29847
4.29888
4.2991
4.29135
4.30003
4.30654
4.30708
4.30395
4.30271
4.29088
4.29467
4.29391
4.29311
4.28909
4.29088
4.29553
4.29631
4.28993
4.29251
4.27896
4.26653
4.26416
4.27131
4.27632
4.26559
4.26521
4.26719
4.27322
4.26387
4.26446
4.27295
4.28071
4.28074
4.26167
4.27575
4.2841
4.29189
4.29428
4.28909
4.29765
4.29353
4.28794
4.28682
4.28821
4.30369
4.31151
4.29772
4.29076
4.29723
4.29519
4.30364
4.29866
4.2942
4.2947
4.29113
4.29299
4.29237
4.2961
4.29361
4.27788
4.27416
4.27412
4.27529
4.27993
4.27433
4.27381
4.25773
4.26172
4.259
4.26465
4.26729
4.27091
4.2813
4.27565
4.27463
4.27716
4.27457
4.28468
4.27193
4.2784
4.26693
4.27752
4.27781
4.27867
4.27494
4.28422
4.2857
4.281
4.28403
4.27634
4.284
4.28393
4.28345
4.27821
4.27013
4.27035
4.28091
4.28241
4.27606
4.27264
4.27063
4.27734
4.28266
4.28808
4.29007
4.28715
4.28617
4.29104
4.2971
4.30078
4.29848
4.30018
4.29673
4.29986
4.30153
4.29371
4.28823
4.287
4.28588
4.28873
4.28623
4.29106
4.28279
4.28497
4.28554
4.28531
4.28573
4.28558
4.2888
4.27679
4.27123
4.27465
4.26927
4.26813
4.25395
4.25703
4.25509
4.26007
4.2632
4.26623
4.27856
4.28493
4.28492
4.27189
4.26776
4.27439
4.27793
4.2926
4.28709
4.29263
4.2955
4.29017
4.28944
4.28692
4.28188
4.26747
4.27257
4.2802
4.28771
4.28937
4.28728
4.29839
4.29131
4.27861
4.27232
4.28042
4.26662
4.28116
4.28362
4.28286
4.28664
4.29245
4.28338
4.27749
4.27158
4.26208
4.26616
4.27361
4.27757
4.27164
4.27332
4.26801
4.26557
4.27212
4.27382
4.2745
4.27462
4.28129
4.2836
4.28441
4.30003
4.29296
4.29973
4.29872
4.29401
4.28444
4.27862
4.28104
4.27578
4.28063
4.28939
4.29102
4.2886
4.29015
4.28533
4.2823
4.28654
4.28987
4.28962
4.29127
4.29327
4.29087
4.3042
4.3017
4.30352
4.29601
4.29431
4.29729
4.30522
4.29765
4.29083
4.30473
4.30542
4.30331
4.28752
4.28387
4.28743
4.29162
4.29813
4.2797
4.26439
4.26801
4.26101
4.26196
4.2705
4.27244
4.26311
4.27182
4.28245
4.27944
4.27123
4.27696
4.28294
4.28928
4.2846
4.29287
4.28964
4.29398
4.30185
4.30614
4.29946
4.29832
4.28948
4.29062
4.28615
4.2955
4.29782
4.29288
4.28842
4.28797
4.28517
4.29264
4.28995
4.28818
4.29115
4.29296
4.29929
4.30149
4.29117
4.29051
4.28199
4.27216
4.27985
4.28699
4.28714
4.27331
4.27479
4.28419
4.28751
4.29262
4.29049
4.29565
4.29379
4.27962
4.27059
4.27588
4.27654
4.28361
4.29007
4.28512
4.29928
4.2997
4.28907
4.28871
4.29363
4.29263
4.27836
4.27819
4.27428
4.27698
4.2728
4.27521
4.27208
4.26896
4.27409
4.27661
4.28251
4.28427
4.28497
4.28136
4.27194
4.26109
4.25195
4.25635
4.25686
4.26085
4.26076
4.26748
4.2816
4.27905
4.28018
4.2744
4.26985
4.25195
4.26031
4.26668
4.26342
4.26941
4.26928
4.28012
4.28569
4.29164
4.29586
4.2892
4.29285
4.28214
4.29328
4.29394
4.28985
4.28642
4.29135
4.28956
4.30028
4.29345
4.29725
4.28919
4.28827
4.29073
4.2891
4.29037
4.28756
4.29277
4.29498
4.29563
4.29309
4.28343
4.28765
4.29095
4.29086
4.2896
4.29149
4.29231
4.30048
4.29296
4.29388
4.29249
4.29728
4.29618
4.289
4.29613
4.30696
4.30632
4.30806
4.28437
4.27557
4.27939
4.2848
4.29719
4.29433
4.29158
4.29273
4.29636
4.29945
4.30394
4.30323
4.30664
4.29449
4.28135
4.28695
4.28742
4.29193
4.28993
4.29451
4.28879
4.28405
4.27629
4.28694
4.29369
4.29579
4.29359
4.29895
4.29246
4.28988
4.29599
4.29931
4.30585
4.28757
4.28964
4.28649
4.28416
4.27803
4.28036
4.28961
4.28909
4.28849
4.28986
4.29444
4.29839
4.29679
4.29971
4.30043
4.29978
4.28395
4.28081
4.29543
4.30213
4.29281
4.3041
4.29942
4.30395
4.31477
4.29892
4.29426
4.29181
4.29542
4.30281
4.30888
4.30576
4.30871
4.30468
4.29672
4.29494
4.28798
4.28985
4.27648
4.27802
4.28525
4.2826
4.29668
4.29723
4.29275
4.2971
4.29578
4.30063
4.30068
4.29539
4.27771
4.28495
4.28322
4.28133
4.2785
4.29135
4.28631
4.27819
4.2781
4.27267
4.26476
4.267
4.25923
4.26386
4.25955
4.26651
4.26735
4.28235
4.28381
4.29533
4.29987
4.3013
4.29074
4.29572
4.29392
4.29736
4.30414
4.29591
4.29989
4.30234
4.29707
4.29455
4.27901
4.27979
4.27967
4.27805
4.29079
4.28083
4.27926
4.28469
4.28839
4.28779
4.27468
4.27849
4.28686
4.29246
4.29302
4.29681
4.29975
4.29405
4.29372
4.28047
4.28407
4.28836
4.28646
4.28223
4.28973
4.29169
4.30007
4.2956
4.28823
4.28751
4.27935
4.28365
4.27994
4.28135
4.28707
4.2975
4.29544
4.30372
4.30436
4.31109
4.31466
4.3006
4.29883
4.28766
4.28828
4.29106
4.29507
4.30622
4.29486
4.30064
4.30064
4.30557
4.29596
4.30356
4.29875
4.29144
4.28813
4.28748
4.2963
4.2894
4.30033
4.30171
4.31005
4.30647
4.30735
4.31508
4.30923
4.30845
4.2984
4.28839
4.29096
4.2954
4.29284
4.29819
4.30436
4.30842
4.3011
4.30883
4.29866
4.29432
4.29978
4.30561
4.30194
4.29339
4.3003
4.2974
4.30562
4.31375
4.31131
4.30399
4.30094
4.30985
4.31009
4.3064
4.31115
4.31365
4.30918
4.30491
4.30878
4.28756
4.27423
4.26573
4.2623
4.26171
4.259
4.26678
4.27025
4.25619
4.26965
4.27602
4.27126
4.26302
4.26824
4.26323
4.26277
4.26427
4.25687
4.25656
4.26311
4.27123
4.26386
4.25982
4.27003
4.27716
4.27951
4.28012
4.28103
4.2846
4.29865
4.28909
4.29121
4.29786
4.30384
4.29226
4.30123
4.28907
4.29193
4.30152
4.29663
4.29018
4.29219
4.28695
4.29587
4.30105
4.28831
4.28228
4.27998
4.27384
4.27341
4.27077
4.27566
4.28366
4.2838
4.27442
4.27533
4.27538
4.26871
4.27416
4.28014
4.2805
4.28742
4.27785
4.27006
4.2682
4.27363
4.27173
4.279
4.28767
4.2869
4.29671
4.28254
4.27855
4.27989
4.27611
4.27035
4.28053
4.29285
4.28408
4.28657
4.2937
4.29239
4.29906
4.29608
4.28315
4.27416
4.2703
4.26682
4.27096
4.27557
4.27626
4.27196
4.27722
4.28276
4.26889
4.28363
4.29018
4.2866
4.28103
4.28308
4.27497
4.28111
4.28841
4.29534
4.28698
4.28777
4.29366
4.30135
4.29696
4.3002
4.29434
4.28816
4.29492
4.30352
4.30405
4.28403
4.28341
4.28773
4.28407
4.27468
4.2816
4.27661
4.27369
4.27543
4.2853
4.29217
4.2944
4.28812
4.29447
4.28859
4.29239
4.30057
4.30942
4.30496
4.29984
4.30412
4.29855
4.28344
4.28905
4.28561
4.28918
4.28743
4.27541
4.2797
4.26328
4.27264
4.26882
4.26059
4.26169
4.27032
4.27202
4.26909
4.27022
4.2715
4.28269
4.28174
4.26756
4.26788
4.27855
4.2942
4.29302
4.29288
4.29079
4.2985
4.287
4.29459
4.28705
4.29468
4.2905
4.28218
4.28067
4.27852
4.28162
4.28321
4.28826
4.28495
4.28486
4.2974
4.29687
4.29436
4.29744
4.30297
4.309
4.30505
4.30107
4.3005
4.29752
4.29091
4.28666
4.29418
4.29202
4.29735
4.27936
4.27341
4.26429
4.25919
4.26906
4.27626
4.27726
4.28506
4.28695
4.29023
4.28397
4.2864
4.28805
4.29175
4.28492
4.28776
4.27557
4.27358
4.2823
4.2829
4.2848
4.28958
4.28358
4.28047
4.28156
4.27979
4.28104
4.28282
4.27893
4.28079
4.27527
4.27826
4.27296
4.26463
4.272
4.2665
4.2676
4.27587
4.27354
4.2604
4.27177
4.27214
4.27655
4.28325
4.27587
4.28093
4.27872
4.28205
4.28951
4.29287
4.29398
4.29785
4.30163
4.29353
4.29078
4.28445
4.27509
4.28305
4.28388
4.29323
4.28293
4.28295
4.27832
4.28872
4.27895
4.27553
4.26404
4.27041
4.25993
4.26154
4.27354
4.26517
4.26742
4.26594
4.27915
4.27619
4.27633
4.27533
4.27792
4.29265
4.28658
4.29726
4.30784
4.31331
4.30756
4.30182
4.30146
4.29482
4.27973
4.28205
4.28087
4.28822
4.28755
4.2909
4.29986
4.28942
4.28894
4.28616
4.28671
4.29078
4.28794
4.2905
4.2955
4.30268
4.30163
4.30298
4.3017
4.2988
4.30353
4.30748
4.30418
4.3049
4.3048
4.30133
4.29775
4.30956
4.31456
4.30623
4.29986
4.29994
4.30067
4.30517
4.309
4.31245
4.30239
4.30483
4.30156
4.30234
4.29193
4.28334
4.29222
4.28975
4.28775
4.28839
4.29055
4.28317
4.296
4.29496
4.29339
4.29081
4.29052
4.2883
4.27813
4.27804
4.27756
4.28591
4.28543
4.28953
4.28771
4.28484
4.28296
4.28741
4.29288
4.29773
4.29229
4.29669
4.29946
4.29694
4.28847
4.29224
4.29355
4.28368
4.2746
4.26731
4.27141
4.26568
4.26592
4.27842
4.28518
4.27932
4.27106
4.27831
4.27986
4.28246
4.27709
4.27481
4.27439
4.27904
4.28682
4.28217
4.28633
4.28977
4.27713
4.2743
4.27896
4.29133
4.27268
4.26931
4.2755
4.27579
4.28289
4.28591
4.27916
4.29003
4.29265
4.29097
4.28433
4.27207
4.27367
4.27274
4.26934
4.27092
4.26576
4.26904
4.26671
4.26419
4.26367
4.26707
4.26153
4.26098
4.27556
4.27821
4.2823
4.27066
4.2684
4.28055
4.28999
4.29419
4.3042
4.29444
4.29805
4.29208
4.28584
4.27755
4.27526
4.27365
4.27636
4.28155
4.28143
4.27857
4.2792
4.28563
4.28037
4.28898
4.29378
4.29568
4.28803
4.29006
4.28699
4.30001
4.31726
4.31884
4.31223
4.3042
4.30244
4.29219
4.28994
4.29692
4.28875
4.29234
4.30821
4.30531
4.30541
4.30508
4.29607
4.29529
4.30326
4.30107
4.29496
4.29729
4.30191
4.30838
4.3069
4.29842
4.296
4.2967
4.28833
4.27858
4.28131
4.28645
4.2806
4.26963
4.26989
4.26712
4.27172
4.27837
4.28377
4.28423
4.28721
4.28097
4.28079
4.27611
4.28569
4.27733
4.28435
4.29284
4.2976
4.2978
4.29752
4.28966
4.29275
4.28902
4.28407
4.28289
4.2715
4.26272
4.26955
4.26318
4.26014
4.26623
4.25847
4.26193
4.26067
4.26027
4.25908
4.26361
4.27107
4.27205
4.27451
4.27323
4.27906
4.28307
4.28094
4.27833
4.28459
4.27657
4.28514
4.28383
4.27851
4.28125
4.27991
4.2759
4.28291
4.28379
4.27098
4.26334
4.27271
4.2669
4.25888
4.25796
4.2542
4.26616
4.26234
4.27043
4.26935
4.27552
4.28873
4.28274
4.29026
4.27562
4.28217
4.28237
4.29435
4.29043
4.29706
4.29791
4.29128
4.29071
4.28945
4.28454
4.28411
4.28785
4.28785
4.29347
4.2898
4.30607
4.30692
4.29739
4.30595
4.30415
4.30445
4.30828
4.3007
4.29755
4.29022
4.30357
4.30376
4.30141
4.2856
4.28762
4.27728
4.26915
4.27082
4.27392
4.28702
4.28219
4.2841
4.27251
4.26609
4.26027
4.26737
4.27722
4.28429
4.277
4.28955
4.28522
4.28372
4.28482
4.28102
4.28979
4.29225
4.29147
4.29907
4.31057
4.3109
4.32823
4.32548
4.31764
4.30961
4.30707
4.29792
4.29981
4.30246
4.30167
4.29671
4.29809
4.30111
4.30089
4.29843
4.30161
4.30002
4.3072
4.29806
4.29771
4.30101
4.29026
4.28679
4.28417
4.28572
4.2847
4.28375
4.29284
4.2833
4.27967
4.28254
4.26934
4.26755
4.27397
4.27868
4.27996
4.2787
4.29401
4.29206
4.28734
4.29786
4.29936
4.30613
4.30052
4.2926
4.29206
4.2867
4.27585
4.28757
4.29965
4.30657
4.30292
4.28994
4.29579
4.2913
4.2809
4.28588
4.29041
4.29538
4.28544
4.27602
4.28854
4.30129
4.30209
4.28184
4.28442
4.28015
4.27755
4.27421
4.26404
4.27404
4.28477
4.29184
4.30008
4.30603
4.29106
4.29034
4.28054
4.28886
4.29174
4.3016
4.30094
4.29366
4.299
4.28513
4.28225
4.28439
4.26887
4.26599
4.26457
4.2728
4.2799
4.2827
4.28058
4.26904
4.2755
4.27756
4.27843
4.28745
4.29076
4.28508
4.28062
4.28288
4.28968
4.30073
4.30376
4.31932
4.3174
4.32041
4.31833
4.30407
4.30009
4.30124
4.3089
4.31438
4.30547
4.29626
4.29695
4.30421
4.29859
4.30651
4.30347
4.30336
4.30365
4.30698
4.30521
4.30318
4.31268
4.31226
4.30524
4.30889
4.30045
4.29502
4.28856
4.29214
4.29211
4.29335
4.29003
4.28944
4.292
4.28874
4.28727
4.28611
4.28985
4.28594
4.28161
4.27788
4.2723
4.26661
4.26737
4.27126
4.26904
4.25797
4.24786
4.25168
4.26429
4.27426
4.28138
4.29172
4.29032
4.28324
4.29004
4.28577
4.29999
4.30537
4.3047
4.30194
4.30656
4.30302
4.30267
4.29706
4.30742
4.30175
4.28883
4.29735
4.30094
4.30347
4.3024
4.29488
4.29804
4.28752
4.2824
4.27063
4.26726
4.2669
4.26886
4.27549
4.27415
4.26689
4.24985
4.25292
4.24335
4.25322
4.26203
4.25691
4.26178
4.26147
4.27284
4.2761
4.27191
4.2756
4.27652
4.27459
4.27234
4.28592
4.28999
4.29281
4.29297
4.28745
4.28216
4.28019
4.2864
4.28659
4.2899
4.29269
4.29037
4.29292
4.2932
4.29563
4.30679
4.31007
4.30414
4.30291
4.29757
4.30785
4.31132
4.31736
4.31436
4.32388
4.31893
4.31612
4.31111
4.31139
4.30201
4.2979
4.29551
4.29444
4.3048
4.29236
4.2946
4.30067
4.29169
4.28889
4.29687
4.28456
4.26454
4.26963
4.27142
4.27594
4.27036
4.28027
4.27766
4.27666
4.27577
4.27325
4.27349
4.27137
4.28198
4.28401
4.28699
4.29395
4.29773
4.29849
4.30074
4.30759
4.29868
4.29655
4.30679
4.30115
4.296
4.29232
4.2962
4.29455
4.30251
4.29324
4.29464
4.29538
4.30262
4.29877
4.30172
4.3018
4.29842
4.30562
4.31147
4.31001
4.31252
4.31325
4.3108
4.31318
4.32072
4.33255
4.33491
4.32947
4.324
4.31895
4.31714
4.31264
4.309
4.2976
4.29513
4.29809
4.28667
4.29292
4.28885
4.29368
4.29684
4.29696
4.29427
4.30024
4.29286
4.29727
4.3044
4.2979
4.29945
4.28671
4.27468
4.27019
4.2629
4.26987
4.28352
4.27726
4.27107
4.278
4.27801
4.27849
4.28448
4.27547
4.27278
4.27775
4.28277
4.28395
4.27931
4.28046
4.28404
4.28187
4.28312
4.2836
4.27944
4.27261
4.27342
4.26622
4.27022
4.27163
4.27497
4.28496
4.27971
4.28073
4.28299
4.28595
4.29374
4.30288
4.30121
4.30179
4.29756
4.2999
4.2894
4.29376
4.30209
4.30289
4.3023
4.2902
4.29574
4.3053
4.30341
4.30008
4.29873
4.29695
4.291
4.28966
4.29907
4.3003
4.30251
4.31087
4.31139
4.29471
4.2958
4.30362
4.29983
4.29822
4.30177
4.3052
4.29451
4.30071
4.30102
4.30524
4.30004
4.30106
4.31074
4.309
4.3089
4.31097
4.30715
4.29905
4.30544
4.30342
4.29974
4.28967
4.29097
4.27704
4.28043
4.28301
4.28439
4.29075
4.2917
4.29582
4.28549
4.28183
4.28062
4.27938
4.28409
4.27953
4.27702
4.27918
4.28316
4.27813
4.27956
4.28134
4.281
4.27915
4.27833
4.2742
4.27003
4.26942
4.27884
4.28068
4.27886
4.28498
4.28454
4.28198
4.26233
4.26139
4.26405
4.2646
4.27194
4.27352
4.26856
4.2763
4.27853
4.27374
4.2619
4.25876
4.25384
4.24408
4.25348
4.26151
4.25705
4.2695
4.27296
4.28149
4.27492
4.27973
4.2892
4.27943
4.28054
4.28083
4.28395
4.28518
4.28422
4.27606
4.27421
4.27698
4.28304
4.27838
4.27809
4.27373
4.26682
4.27317
4.27223
4.26806
4.27074
4.26175
4.26869
4.26184
4.25552
4.25728
4.26201
4.27085
4.27078
4.26952
4.27947
4.27988
4.27841
4.26895
4.27474
4.28244
4.2957
4.29275
4.28706
4.28745
4.29681
4.27782
4.275
4.27522
4.26024
4.26576
4.27343
4.27422
4.27214
4.26932
4.27161
4.27
4.26589
4.26441
4.27307
4.27596
4.27797
4.28603
4.30359
4.30662
4.30393
4.30741
4.30712
4.29717
4.29333
4.28585
4.29092
4.29518
4.29251
4.28352
4.27636
4.27587
4.28451
4.28521
4.28097
4.27892
4.28264
4.27385
4.275
4.29009
4.29359
4.30026
4.2947
4.29014
4.28877
4.28766
4.28235
4.28477
4.28752
4.28871
4.2938
4.29302
4.29444
4.29299
4.28142
4.27995
4.274
4.27805
4.28259
4.28429
4.28406
4.28276
4.28357
4.277
4.27732
4.2789
4.28599
4.28898
4.27205
4.27839
4.27854
4.27596
4.2689
4.27257
4.26304
4.26585
4.26517
4.27216
4.27483
4.26742
4.28024
4.27924
4.28539
4.28439
4.28987
4.29176
4.2975
4.29254
4.29796
4.30497
4.30861
4.30544
4.30438
4.29336
4.28599
4.29411
4.29497
4.29617
4.28643
4.28209
4.28044
4.27992
4.28219
4.29109
4.29414
4.29384
4.29454
4.30423
4.3061
4.30435
4.3085
4.32097
4.31584
4.31456
4.30772
4.31542
4.31314
4.3128
4.31316
4.31201
4.31483
4.3054
4.3041
4.2944
4.301
4.30128
4.30891
4.30108
4.30608
4.30315
4.28809
4.298
4.29811
4.30215
4.28732
4.2964
4.29119
4.28891
4.29104
4.29182
4.30224
4.29395
4.29565
4.29071
4.2904
4.29483
4.3008
4.29661
4.29212
4.29818
4.30017
4.2976
4.29324
4.30108
4.31262
4.31486
4.31492
4.32254
4.32223
4.3143
4.30818
4.28952
4.29393
4.29289
4.29474
4.29575
4.30255
4.30884
4.29182
4.28698
4.28151
4.27325
4.27274
4.27451
4.27092
4.27611
4.28328
4.28478
4.2831
4.27523
4.26194
4.26308
4.27318
4.27543
4.29266
4.28799
4.26774
4.28088
4.27218
4.2747
4.27602
4.28473
4.2826
4.28685
4.28753
4.29023
4.29826
4.30411
4.30121
4.28553
4.27575
4.28269
4.28918
4.29888
4.29642
4.29171
4.29412
4.29849
4.30113
4.29803
4.30009
4.30502
4.29487
4.28498
4.29406
4.28193
4.29064
4.29163
4.2961
4.29017
4.28226
4.28474
4.296
4.29164
4.28941
4.30083
4.29949
4.30805
4.29739
4.30225
4.29375
4.28358
4.28409
4.28806
4.28507
4.28717
4.28647
4.27897
4.28679
4.28779
4.29862
4.29557
4.28888
4.29595
4.29226
4.3016
4.29865
4.30755
4.29976
4.30928
4.31796
4.3146
4.30458
4.30417
4.29007
4.2783
4.28286
4.27596
4.28057
4.27708
4.28157
4.28092
4.28848
4.27775
4.28189
4.28216
4.27589
4.26818
4.27099
4.27786
4.27071
4.27484
4.27074
4.27192
4.2672
4.27224
4.28169
4.29087
4.26818
4.27061
4.27535
4.28157
4.28414
4.27738
4.28262
4.27502
4.27999
4.28575
4.27807
4.28586
4.30074
4.29047
4.27915
4.27873
4.27976
4.28175
4.27215
4.28071
4.28572
4.28179
4.279
4.28019
4.27358
4.27883
4.28453
4.27287
4.27657
4.27779
4.28605
4.29322
4.2911
4.29163
4.29364
4.29287
4.29037
4.2798
4.2926
4.27642
4.28221
4.2767
4.27557
4.28451
4.27572
4.28316
4.28514
4.28085
4.28223
4.28853
4.28893
4.28821
4.28723
4.28809
4.2863
4.28263
4.279
4.29409
4.29331
4.29424
4.29013
4.28424
4.28592
4.27897
4.28212
4.28645
4.28228
4.28232
4.26765
4.26966
4.26016
4.25633
4.26432
4.2736
4.28184
4.2834
4.27426
4.27796
4.27331
4.26555
4.26444
4.27326
4.27752
4.27897
4.28014
4.28511
4.28061
4.28037
4.28109
4.27771
4.27231
4.26537
4.26607
4.27033
4.27779
4.28738
4.28549
4.28749
4.28537
4.2825
4.28121
4.27405
4.28459
4.2772
4.27695
4.27082
4.26687
4.25659
4.26062
4.2555
4.25077
4.25688
4.26809
4.27443
4.27934
4.27957
4.28138
4.27885
4.28635
4.28186
4.27813
4.28172
4.28327
4.28476
4.28759
4.28497
4.28855
4.28973
4.28549
4.28072
4.27259
4.262
4.257
4.26964
4.26903
4.277
4.27197
4.27347
4.26893
4.28169
4.28309
4.28206
4.28066
4.27194
4.2707
4.27046
4.27662
4.27546
4.27484
4.26994
4.28037
4.27797
4.28963
4.28432
4.28034
4.25735
4.26036
4.25613
4.26281
4.27128
4.26165
4.25792
4.27146
4.26127
4.26712
4.27141
4.26565
4.27196
4.27228
4.27157
4.27921
4.28036
4.28594
4.29569
4.30025
4.29998
4.29554
4.29579
4.28759
4.28418
4.28651
4.29023
4.2914
4.291
4.28866
4.2785
4.28268
4.28463
4.28114
4.29266
4.27055
4.27508
4.28424
4.29152
4.29388
4.28797
4.29325
4.29947
4.29726
4.29774
4.30002
4.29667
4.29698
4.28991
4.28406
4.28178
4.29118
4.29346
4.29301
4.29039
4.28967
4.29412
4.29139
4.28741
4.29493
4.29106
4.28848
4.2896
4.2921
4.27124
4.2655
4.27334
4.27371
4.28423
4.2886
4.30102
4.29894
4.29536
4.29892
4.29595
4.29207
4.29446
4.28941
4.29686
4.29329
4.28092
4.27256
4.26869
4.27057
4.28665
4.28255
4.2888
4.28365
4.28659
4.2844
4.28975
4.28513
4.27797
4.28559
4.29587
4.26936
4.27358
4.27824
4.27764
4.27741
4.26907
4.26948
4.27148
4.27565
4.2693
4.26968
4.26817
4.2727
4.26879
4.27295
4.28886
4.27767
4.27686
4.27407
4.28017
4.27806
4.27254
4.27979
4.28636
4.28825
4.29068
4.29851
4.27649
4.27413
4.27246
4.27611
4.28078
4.29429
4.28964
4.28971
4.28858
4.28267
4.28998
4.28548
4.28948
4.28806
4.29469
4.28876
4.28891
4.28385
4.28398
4.27832
4.28595
4.2839
4.2834
4.27146
4.27867
4.2856
4.2934
4.2981
4.30325
4.29819
4.28718
4.28385
4.28345
4.28023
4.28252
4.28193
4.28484
4.29542
4.29972
4.30034
4.28846
4.27951
4.27609
4.27912
4.26988
4.27063
4.27456
4.27248
4.27951
4.28164
4.25937
4.26351
4.25828
4.26537
4.26136
4.2743
4.2823
4.2799
4.29391
4.28593
4.28627
4.28398
4.28589
4.2897
4.29091
4.29445
4.28589
4.28514
4.29409
4.29028
4.29105
4.28821
4.29233
4.29574
4.29567
4.29763
4.3007
4.30564
4.30014
4.29948
4.29831
4.29882
4.30812
4.29699
4.28856
4.28409
4.27583
4.27711
4.27165
4.27508
4.27621
4.28144
4.28654
4.29295
4.27928
4.28006
4.26803
4.26576
4.26182
4.26333
4.27838
4.27905
4.29225
4.28106
4.28556
4.29162
4.28784
4.28774
4.29382
4.29346
4.29921
4.28686
4.28474
4.28459
4.29917
4.29126
4.28931
4.29409
4.28597
4.28436
4.28755
4.29347
4.29659
4.29407
4.29605
4.29904
4.29695
4.29546
4.2973
4.29747
4.29714
4.29652
4.29552
4.29146
4.30422
4.30192
4.30438
4.29831
4.30023
4.30667
4.29756
4.29995
4.29762
4.28813
4.28852
4.28918
4.29327
4.29318
4.30527
4.29721
4.28225
4.27978
4.27329
4.28183
4.28074
4.28117
4.27643
4.27754
4.27814
4.26665
4.2728
4.28119
4.29043
4.28628
4.28708
4.27495
4.27388
4.27487
4.27314
4.28164
4.27938
4.28256
4.27568
4.27274
4.27704
4.26436
4.27338
4.26437
4.26895
4.27628
4.28905
4.29387
4.29131
4.29108
4.30048
4.29696
4.28702
4.29615
4.3034
4.30306
4.3051
4.30315
4.29607
4.29592
4.2962
4.28559
4.27903
4.2883
4.28464
4.29302
4.29289
4.28786
4.28873
4.29189
4.30082
4.30053
4.29087
4.27904
4.28145
4.28071
4.29181
4.29814
4.2925
4.29868
4.28912
4.29507
4.29121
4.27655
4.28106
4.28022
4.28125
4.27172
4.26423
4.2635
4.26185
4.26384
4.2704
4.26651
4.26353
4.26884
4.26545
4.26377
4.26479
4.26435
4.27272
4.28251
4.27826
4.26983
4.27927
4.27996
4.27906
4.28385
4.2757
4.28402
4.29433
4.29539
4.29407
4.2905
4.28589
4.29256
4.29794
4.29964
4.29435
4.29505
4.29287
4.28246
4.27996
4.275
4.27574
4.26934
4.2644
4.25149
4.26065
4.28481
4.2875
4.29089
4.29764
4.30068
4.30031
4.28283
4.28655
4.27858
4.26873
4.26693
4.28003
4.27232
4.26344
4.25899
4.25113
4.25808
4.25502
4.26264
4.26385
4.27132
4.27858
4.28056
4.28232
4.26959
4.26689
4.26672
4.27956
4.26207
4.25676
4.25769
4.26293
4.26791
4.2759
4.28275
4.27143
4.27514
4.27895
4.26775
4.28635
4.29015
4.28262
4.2896
4.2946
4.29581
4.29228
4.29484
4.30258
4.30318
4.30798
4.30918
4.31271
4.30049
4.28729
4.28107
4.28458
4.282
4.27215
4.28575
4.28306
4.28318
4.27919
4.27636
4.269
4.26769
4.27006
4.27999
4.28394
4.27879
4.27701
4.26943
4.27946
4.26578
4.27057
4.27581
4.26995
4.2747
4.27847
4.27593
4.28268
4.29405
4.30507
4.30147
4.3029
4.305
4.3062
4.30682
4.29812
4.2904
4.29215
4.29725
4.30526
4.3095
4.29869
4.30463
4.30606
4.3057
4.3011
4.30715
4.30411
4.29837
4.3037
4.30569
4.30801
4.31039
4.29539
4.29011
4.2941
4.28323
4.2821
4.27858
4.28287
4.28741
4.28986
4.28865
4.28274
4.28586
4.28889
4.29452
4.29452
4.29705
4.28967
4.30335
4.29811
4.30389
4.3133
4.31214
4.30396
4.30849
4.30462
4.29804
4.29648
4.30069
4.29971
4.30311
4.28981
4.28175
4.2858
4.281
4.28174
4.27043
4.27124
4.27611
4.26926
4.28093
4.28928
4.29253
4.29442
4.2908
4.28858
4.28807
4.29088
4.2947
4.29381
4.29689
4.30543
4.30065
4.29538
4.29453
4.29931
4.30112
4.29403
4.28825
4.28051
4.29018
4.29263
4.27969
4.28302
4.28236
4.28677
4.27929
4.27324
4.28186
4.28908
4.29894
4.28905
4.28837
4.28836
4.28989
4.28317
4.28756
4.29285
4.28675
4.2693
4.26253
4.26439
4.26818
4.26602
4.27066
4.27762
4.27365
4.27245
4.27606
4.26701
4.27418
4.27642
4.27572
4.27801
4.27833
4.28137
4.27089
4.27638
4.26411
4.2641
4.24564
4.24069
4.25276
4.25665
4.25331
4.25856
4.25468
4.26297
4.26505
4.27065
4.27902
4.28088
4.28183
4.29192
4.3037
4.30779
4.31569
4.31457
4.30272
4.29667
4.30441
4.30059
4.29413
4.28764
4.28928
4.29692
4.29435
4.28638
4.28192
4.28796
4.28624
4.28323
4.28749
4.29281
4.30065
4.29461
4.29123
4.29238
4.29505
4.29788
4.28331
4.29066
4.29723
4.29411
4.29008
4.2974
4.29419
4.28869
4.28521
4.28341
4.29404
4.28839
4.293
4.28412
4.27965
4.28384
4.27651
4.27264
4.28057
4.29533
4.29359
4.29965
4.30043
4.29481
4.29735
4.30108
4.30695
4.30815
4.30513
4.30114
4.30232
4.30048
4.30672
4.30573
4.30964
4.312
4.3
4.29909
4.3043
4.30366
4.29596
4.29844
4.28929
4.28188
4.28075
4.27465
4.27499
4.27211
4.27769
4.27671
4.27685
4.27724
4.27749
4.2856
4.28329
4.2874
4.30355
4.29975
4.31102
4.30013
4.2886
4.28055
4.2838
4.28709
4.29082
4.29362
4.28537
4.29516
4.29751
4.30412
4.30616
4.30002
4.29424
4.29383
4.28723
4.28546
4.29737
4.29889
4.31279
4.31296
4.31385
4.31648
4.31934
4.31325
4.31613
4.31544
4.31653
4.32207
4.3106
4.30838
4.31544
4.31448
4.30504
4.29707
4.30017
4.2992
4.30623
4.31328
4.3094
4.2982
4.2931
4.30405
4.2989
4.29298
4.28884
4.28801
4.29998
4.29616
4.30283
4.29889
4.30552
4.30502
4.30636
4.29678
4.29108
4.29269
4.30018
4.30623
4.30755
4.31809
4.31903
4.31318
4.31332
4.31591
4.30524
4.30568
4.31932
4.30958
4.30623
4.30342
4.30393
4.30777
4.31807
4.32213
4.32461
4.32675
4.32546
4.32181
4.31611
4.31591
4.31127
4.31623
4.30714
4.30468
4.30024
4.29677
4.2895
4.28617
4.28499
4.28972
4.28637
4.29335
4.29769
4.30496
4.31418
4.30377
4.29938
4.30213
4.30131
4.30635
4.31256
4.31233
4.29913
4.29822
4.30163
4.3019
4.30438
4.29418
4.29475
4.29262
4.29423
4.28121
4.28792
4.28144
4.27831
4.27756
4.26607
4.28281
4.28033
4.27914
4.28642
4.28803
4.28616
4.29052
4.2928
4.29447
4.28795
4.28417
4.27532
4.28154
4.28938
4.292
4.28642
4.2889
4.29234
4.29296
4.29234
4.28824
4.28933
4.2864
4.28644
4.29071
4.28154
4.28101
4.27949
4.27955
4.27456
4.27331
4.26968
4.26245
4.27014
4.26953
4.26818
4.27244
4.26961
4.27593
4.2786
4.27934
4.2801
4.2732
4.26666
4.28236
4.28477
4.28341
4.28767
4.29643
4.28592
4.2688
4.26683
4.26184
4.26468
4.26484
4.26939
4.27742
4.28497
4.27697
4.27613
4.27731
4.28536
4.28504
4.28173
4.28473
4.28438
4.29361
4.28687
4.29623
4.30459
4.30758
4.30481
4.29872
4.30235
4.30447
4.30831
4.31331
4.30839
4.3145
4.3056
4.32121
4.32963
4.33879
4.33647
4.33843
4.34206
4.33435
4.32864
4.32823
4.33883
4.32839
4.32617
4.3241
4.32138
4.31883
4.31491
4.31379
4.30793
4.30954
4.30521
4.30865
4.31417
4.32772
4.31756
4.30526
4.28732
4.27547
4.28425
4.29546
4.30562
4.30612
4.29936
4.27283
4.27948
4.27297
4.27648
4.27327
4.27836
4.27834
4.29518
4.29874
4.29391
4.30039
4.30489
4.30639
4.29567
4.27952
4.28963
4.28558
4.28524
4.28359
4.27457
4.28075
4.28163
4.28618
4.27892
4.28121
4.27508
4.27249
4.27076
4.27572
4.28285
4.26995
4.28058
4.29285
4.29569
4.2872
4.27639
4.27873
4.28318
4.27278
4.27161
4.27424
4.27042
4.2644
4.27834
4.27628
4.27958
4.27519
4.2786
4.29064
4.29114
4.27937
4.2867
4.28428
4.29469
4.29385
4.28581
4.27519
4.26918
4.26557
4.27416
4.26856
4.27457
4.28043
4.28194
4.28539
4.27747
4.28813
4.29337
4.27974
4.2906
4.28121
4.28502
4.28878
4.2912
4.28091
4.27645
4.27976
4.29117
4.29177
4.28883
4.27316
4.27885
4.27769
4.27413
4.28487
4.27717
4.27944
4.27699
4.26835
4.27349
4.28342
4.28398
4.28363
4.27759
4.27736
4.28028
4.27846
4.28478
4.28019
4.28461
4.2859
4.28499
4.27355
4.27334
4.27966
4.28534
4.28527
4.28506
4.28089
4.28107
4.28416
4.27346
4.28217
4.28144
4.26841
4.26361
4.26616
4.26586
4.27022
4.27777
4.27784
4.28221
4.27292
4.27297
4.2675
4.26795
4.27923
4.27437
4.28455
4.28899
4.28902
4.3
4.2865
4.2911
4.29265
4.28706
4.2836
4.29135
4.29282
4.29625
4.30158
4.3008
4.29714
4.2999
4.29629
4.30539
4.30217
4.29529
4.29379
4.28235
4.27934
4.27827
4.28916
4.28857
4.2962
4.2914
4.28959
4.28363
4.28452
4.29303
4.29956
4.30807
4.29915
4.30717
4.29384
4.30524
4.31729
4.31856
4.3202
4.31493
4.31097
4.31881
4.30861
4.30088
4.30215
4.30563
4.30798
4.29171
4.30267
4.29797
4.29909
4.30785
4.31611
4.30563
4.30237
4.30659
4.31409
4.3145
4.30634
4.30935
4.31006
4.31124
4.29732
4.301
4.31214
4.31555
4.31431
4.31932
4.31499
4.31506
4.31457
4.31095
4.30739
4.30659
4.30646
4.31313
4.31648
4.3232
4.31322
4.30715
4.3033
4.3006
4.29846
4.30036
4.29674
4.29051
4.28153
4.28435
4.29299
4.30113
4.29624
4.29438
4.29165
4.29496
4.30339
4.31086
4.30575
4.29744
4.30762
4.30176
4.29744
4.28648
4.29196
4.28676
4.28935
4.30056
4.30471
4.30129
4.30898
4.30065
4.29627
4.29412
4.29795
4.29116
4.29413
4.30241
4.30018
4.3054
4.29892
4.3025
4.29922
4.30485
4.30783
4.31283
4.30783
4.30458
4.30928
4.30084
4.30089
4.29613
4.29087
4.29071
4.29241
4.30128
4.29856
4.29596
4.29369
4.29688
4.29558
4.29678
4.29298
4.29947
4.29803
4.29297
4.29393
4.29677
4.30353
4.29555
4.30933
4.30897
4.3028
4.29271
4.28942
4.28257
4.2942
4.28737
4.29774
4.30339
4.29948
4.2992
4.29678
4.28703
4.28396
4.27936
4.28307
4.273
4.28815
4.29311
4.2933
4.29305
4.29075
4.29167
4.28277
4.28945
4.28441
4.28628
4.29088
4.29396
4.29819
4.28932
4.29724
4.30551
4.30543
4.30925
4.30503
4.29141
4.28731
4.29313
4.27533
4.28331
4.26719
4.27449
4.28147
4.26952
4.26379
4.27143
4.27218
4.27599
4.28359
4.27704
4.26892
4.27015
4.26223
4.26498
4.27265
4.27553
4.28004
4.27326
4.27662
4.27738
4.28406
4.27866
4.27231
4.2794
4.28586
4.28382
4.28092
4.28059
4.28184
4.27834
4.281
4.27825
4.27515
4.27363
4.27924
4.28007
4.28673
4.28631
4.27915
4.2885
4.28702
4.29067
4.2872
4.29114
4.29612
4.2914
4.28737
4.29031
4.29039
4.27855
4.27965
4.27508
4.27467
4.27099
4.27076
4.27655
4.27438
4.27952
4.28296
4.27221
4.27625
4.27391
4.26391
4.27203
4.26505
4.2758
4.27748
4.26438
4.27291
4.26811
4.27667
4.27344
4.27498
4.27844
4.28057
4.28837
4.29131
4.29891
4.29366
4.29506
4.2894
4.2898
4.28451
4.29132
4.29048
4.28989
4.28303
4.28899
4.28119
4.27523
4.28256
4.28686
4.27467
4.2752
4.27265
4.28784
4.29293
4.28982
4.27359
4.27023
4.28171
4.29054
4.29043
4.28578
4.28689
4.288
4.29073
4.28909
4.30015
4.31196
4.30345
4.30422
4.3108
4.31134
4.31628
4.31968
4.31825
4.30301
4.30502
4.30826
4.30046
4.30105
4.31177
4.31715
4.31679
4.3071
4.31262
4.3102
4.29891
4.3014
4.29758
4.29808
4.30149
4.29983
4.28763
4.27544
4.25706
4.26129
4.27515
4.27379
4.27501
4.27843
4.2843
4.2903
4.28875
4.29668
4.30167
4.30236
4.2965
4.28707
4.27428
4.26556
4.26545
4.24842
4.25657
4.26544
4.26955
4.26525
4.26562
4.2696
4.27371
4.26069
4.26931
4.27532
4.27014
4.26883
4.27947
4.28496
4.27278
4.27475
4.27643
4.2864
4.29228
4.30298
4.3113
4.31422
4.30939
4.31695
4.31543
4.31242
4.30702
4.30383
4.30991
4.31136
4.29751
4.29222
4.30059
4.30164
4.29046
4.28707
4.28672
4.30116
4.28781
4.29227
4.29397
4.28322
4.28014
4.28141
4.26872
4.27495
4.27098
4.28359
4.28098
4.27908
4.28405
4.28215
4.28253
4.28268
4.27579
4.26953
4.26901
4.26901
4.26581
4.26744
4.28124
4.27664
4.28602
4.28601
4.28569
4.28172
4.27613
4.27717
4.28333
4.27349
4.2705
4.28223
4.2838
4.28028
4.28112
4.28839
4.29244
4.29417
4.29274
4.29741
4.29368
4.29267
4.3003
4.29916
4.30446
4.29699
4.29191
4.28641
4.29194
4.29214
4.28794
4.28605
4.28856
4.2839
4.28952
4.29001
4.28917
4.28596
4.29133
4.29497
4.30644
4.30799
4.30009
4.30047
4.31194
4.30577
4.30701
4.31583
4.31673
4.31144
4.30846
4.30082
4.30163
4.28861
4.29203
4.29195
4.28949
4.28954
4.297
4.29275
4.28436
4.28094
4.28995
4.28267
4.27948
4.28599
4.28719
4.28197
4.29004
4.29538
4.30118
4.30855
4.3071
4.30982
4.30662
4.302
4.29497
4.30053
4.29804
4.29412
4.30057
4.30291
4.29372
4.29575
4.29347
4.291
4.28722
4.29486
4.29772
4.29886
4.31061
4.30229
4.30116
4.29282
4.29394
4.29125
4.2936
4.28562
4.27322
4.2761
4.27064
4.28371
4.27918
4.27981
4.29102
4.29714
4.2993
4.29626
4.29048
4.28807
4.29496
4.29257
4.28681
4.29053
4.29267
4.29585
4.28796
4.28989
4.28448
4.29191
4.28752
4.28669
4.28565
4.28012
4.27912
4.2856
4.28545
4.28266
4.29127
4.29606
4.30867
4.29455
4.29405
4.28003
4.27842
4.28492
4.28673
4.29097
4.29144
4.2959
4.29557
4.29252
4.28776
4.28826
4.28289
4.2883
4.29611
4.29487
4.28492
4.28436
4.28361
4.28798
4.28725
4.29675
4.30398
4.30095
4.30478
4.30717
4.29363
4.29441
4.29432
4.29184
4.2927
4.29192
4.2902
4.28166
4.27186
4.27872
4.27119
4.27383
4.27603
4.28
4.29101
4.29265
4.28325
