16.7012
1.42646
1.59477
0.168881
1.63807
0.180728
1.7188
0.177264
1.79719
0.191529
1.8579
0.198793
1.91351
0.195183
1.96246
0.204608
1.97335
0.201014
2.0495
0.208571
2.07863
0.20405
2.11842
0.214094
2.16959
0.217976
2.20171
0.231597
2.23625
0.236801
2.28492
0.231901
2.30685
0.232053
2.3338
0.238891
2.35545
0.235176
2.40068
0.235258
2.42801
0.245174
2.4782
0.258381
2.49264
0.24838
2.50268
0.245004
2.52917
0.250533
2.56819
0.255781
2.56896
0.260584
2.59907
0.263894
2.6097
0.253836
2.63536
0.259362
2.63759
0.259047
2.66452
0.264776
2.68891
0.26611
2.6951
0.28131
2.71143
0.287751
2.71724
0.282767
2.7398
0.285005
2.76283
0.277226
2.77607
0.275957
2.79231
0.275142
2.78685
0.288484
2.79211
0.271763
2.80991
0.278315
2.83385
0.289136
2.84503
0.282808
2.85971
0.285624
2.84169
0.29216
2.869
0.286017
2.86449
0.289571
2.88057
0.287202
2.88325
0.294953
2.90134
0.289985
2.89671
0.2893
2.90467
0.307911
2.91085
0.283421
2.91299
0.279008
2.91312
0.281396
2.92379
0.290982
2.93653
0.293043
2.94903
0.297439
2.94841
0.294645
2.95696
0.292634
2.95602
0.305949
2.97148
0.294795
2.97245
0.31368
2.98084
0.293572
2.97106
0.298184
2.98018
0.314337
2.97574
0.283758
2.99064
0.30052
3.0004
0.303555
2.98915
0.295275
3.00028
0.294526
2.99945
0.304629
3.02483
0.299106
3.01154
0.307921
3.0322
0.322527
3.03879
0.309182
3.04729
0.30442
3.04816
0.301528
3.05765
0.306025
3.05631
0.308821
3.07078
0.30526
3.06732
0.304836
3.0694
0.299779
3.0715
0.310927
3.05229
0.313665
3.06316
0.30809
3.06249
0.302228
3.06443
0.305968
3.06416
0.299929
3.05834
0.306084
3.06678
0.304945
3.0574
0.314168
3.07533
0.302342
3.07238
0.308765
3.06238
0.30461
3.07071
0.306175
3.07201
0.304279
3.06785
0.308406
3.06924
0.298264
3.08681
0.316238
3.08199
0.30609
3.07605
0.302502
3.09387
0.311482
3.07703
0.302353
3.09194
0.30731
3.07579
0.319756
3.08821
0.310625
3.0927
0.319226
3.09871
0.311809
3.09238
0.308657
3.0748
0.316111
3.09735
0.309669
3.0986
0.310188
3.09577
0.303678
3.08674
0.311039
3.10376
0.305335
3.08527
0.306489
3.09102
0.312399
3.08927
0.322644
3.10763
0.33139
3.09834
0.31956
3.09925
0.307028
3.09767
0.311336
3.09777
0.304392
3.08789
0.323992
3.09487
0.305508
3.09351
0.315496
3.09437
0.320685
3.10341
0.307899
3.10093
0.316261
3.09019
0.311682
3.10051
0.300932
3.09962
0.302946
3.09302
0.300969
3.10095
0.311026
3.09164
0.317531
3.09603
0.311613
3.09377
0.311235
3.09942
0.320444
3.0912
0.303806
3.10722
0.314976
3.09356
0.312585
3.10592
0.303602
3.11457
0.3109
3.08959
0.312102
3.09198
0.319986
3.10831
0.302631
3.10889
0.309076
3.09908
0.315377
3.09701
0.321779
3.10213
0.32121
3.10348
0.316114
3.09571
0.319273
3.1043
0.310644
3.11063
0.313495
3.11239
0.308858
3.10255
0.319002
3.0976
0.309703
3.09352
0.308104
3.10161
0.315775
3.10463
0.311807
3.10255
0.313034
3.09154
0.303371
3.11059
0.3173
3.11344
0.3124
3.10057
0.304984
3.10391
0.306813
3.10763
0.302308
3.09273
0.31961
3.1103
0.308621
3.09629
0.303939
3.105
0.307395
3.10504
0.29417
3.09812
0.307541
3.09599
0.318023
3.10973
0.319338
3.10671
0.307277
3.0988
0.312421
3.09596
0.305523
3.09362
0.326438
3.09544
0.31873
3.10176
0.315145
3.1096
0.315607
3.10159
0.303044
3.10721
0.304491
3.10114
0.308826
3.10539
0.311075
3.10101
0.301666
3.11134
0.30253
3.09113
0.324663
3.10827
0.302495
3.11995
0.303519
3.09699
0.323323
3.09465
0.311361
3.10336
0.301143
3.10848
0.315902
3.09705
0.315424
3.10315
0.3149
3.11353
0.303364
3.10255
0.315338
3.09749
0.307438
3.10471
0.310758
3.10972
0.315315
3.10184
0.319213
3.09382
0.307543
3.09999
0.316433
3.11549
0.314104
3.09128
0.308382
3.09732
0.317504
3.09945
0.320292
3.10155
0.305511
3.09955
0.315604
3.10584
0.313461
3.1104
0.307211
3.10839
0.30563
3.11247
0.315577
3.1097
0.302919
3.10373
0.331507
3.10456
0.3104
3.10488
0.32911
3.11226
0.315019
3.10266
0.322269
3.09821
0.311171
3.10228
0.31555
3.10682
0.311762
3.11595
0.304043
3.10798
0.316149
3.09841
0.307738
3.10804
0.326476
3.09097
0.318241
3.09946
0.306719
3.10536
0.314941
3.10207
0.314582
3.09814
0.304868
3.11369
0.301299
3.09743
0.307184
3.10557
0.318015
3.08758
0.309203
3.10059
0.308933
3.09788
0.325538
3.11095
0.309471
3.11893
0.306339
3.11807
0.310564
3.09341
0.313785
3.09795
0.307934
3.10061
0.311253
3.10434
0.305175
3.10909
0.322507
3.1078
0.310186
3.10559
0.314
3.10552
0.308969
3.1153
0.298988
3.10348
0.305568
3.10675
0.300612
3.10893
0.316652
3.10466
0.308945
3.10421
0.301788
3.09975
0.316299
3.11063
0.314406
3.10164
0.319798
3.09752
0.313367
3.10047
0.318733
3.10295
0.310702
3.11157
0.316147
3.10778
0.306546
3.09738
0.303316
3.09831
0.307905
3.0985
0.32311
3.10276
0.306106
3.10602
0.31071
3.10155
0.311672
3.09772
0.312493
3.10947
0.310245
3.10994
0.304737
3.11194
0.309536
3.11594
0.306331
3.10057
0.309058
3.10342
0.314519
3.10757
0.319249
3.10292
0.309968
3.11434
0.309275
3.10502
0.328296
3.09538
0.318754
3.09842
0.309388
3.10872
0.314685
3.10553
0.305766
3.1153
0.328781
3.10412
0.309151
3.0984
0.315416
3.11289
0.308736
3.10537
0.300215
3.09742
0.309226
3.11373
0.314752
3.09691
0.318062
3.10409
0.320033
3.11002
0.301673
3.09639
0.305685
3.1159
0.308776
3.10126
0.302113
3.09404
0.324144
3.0972
0.303825
3.09527
0.308665
3.11145
0.300103
3.10345
0.316259
3.1067
0.314035
3.09149
0.313856
3.09642
0.325411
3.10764
0.31382
3.10699
0.312752
3.10036
0.311285
3.09242
0.300202
3.10482
0.316498
3.10871
0.307988
3.10575
0.331649
3.10603
0.309358
3.11104
0.308143
3.09673
0.30627
3.09009
0.311276
3.09415
0.30419
3.09743
0.315451
3.1119
0.30759
3.11176
0.30828
3.10326
0.321117
3.10058
0.311003
3.09807
0.301813
3.11305
0.321941
3.11039
0.326516
3.11146
0.314463
3.10308
0.309462
3.10802
0.306749
3.10491
0.306772
3.11261
0.314395
3.10978
0.31729
3.0945
0.316213
3.11195
0.324808
3.10548
0.30838
3.09827
0.313159
3.10371
0.318087
3.1001
0.322011
3.10494
0.315918
3.1039
0.310251
3.10266
0.321056
3.0967
0.304542
3.10056
0.311705
3.10276
0.320425
3.09587
0.310291
3.0973
0.318707
3.10195
0.312581
3.10147
0.308986
3.099
0.31031
3.10207
0.317997
3.08973
0.310165
3.10295
0.311667
3.11426
0.319439
3.09746
0.311585
3.11195
0.308564
3.11841
0.316467
3.10201
0.31908
3.09915
0.298959
3.10411
0.31102
3.10678
0.309668
3.09866
0.321664
3.10477
0.325676
3.10456
0.316085
3.11996
0.319511
3.09456
0.302981
3.11233
0.304754
3.09922
0.31003
3.10062
0.314897
3.09477
0.316243
3.09129
0.306575
3.10112
0.311802
3.10643
0.310335
3.10037
0.315169
3.11321
0.305688
3.10652
0.309149
3.09208
0.302182
3.10749
0.31882
3.1079
0.32475
3.10179
0.315893
3.11281
0.309655
3.10985
0.309995
3.12176
0.311373
3.09109
0.305612
3.1077
0.310929
3.10839
0.313055
3.11358
0.310064
3.10242
0.321494
3.10462
0.310133
3.10121
0.319129
3.10963
0.30451
3.09406
0.315554
3.10261
0.306534
3.1041
0.302392
3.09679
0.319886
3.09682
0.305436
3.10829
0.31083
3.10399
0.307757
3.10429
0.30301
3.10207
0.313066
3.10634
0.31439
3.10037
0.315659
3.10094
0.31411
3.103
0.303401
3.10933
0.306766
3.10979
0.314975
3.10112
0.310607
3.10675
0.304202
3.10731
0.305044
3.10026
0.310659
3.09294
0.319662
3.10358
0.303087
3.11455
0.307543
3.11028
0.313783
3.1004
0.321256
3.09964
0.316325
3.10382
0.314071
3.10584
0.310373
3.10601
0.320643
3.09694
0.30213
3.10721
0.31285
3.11281
0.324084
3.09371
0.311769
3.104
0.306618
3.10389
0.314728
3.10359
0.311733
3.09279
0.310134
3.09742
0.307794
3.11144
0.309663
3.09809
0.305894
3.09836
0.313133
3.10191
0.311437
3.10416
0.307622
3.10825
0.319517
3.10456
0.307258
3.10406
0.315213
3.10106
0.304019
3.10108
0.317343
3.11317
0.324636
3.09674
0.311763
3.09991
0.319132
3.09974
0.304041
3.10726
0.314415
3.09789
0.309585
3.11138
0.314058
3.09786
0.307289
3.10714
0.312743
3.11121
0.324976
3.09977
0.308028
3.09623
0.309629
3.10056
0.323075
3.10835
0.316572
3.10652
0.307366
3.10796
0.314504
3.09899
0.307442
3.10905
0.314547
3.11214
0.317868
3.10539
0.306175
3.09795
0.303797
3.10208
0.309712
3.11103
0.310856
3.08921
0.305106
3.1023
0.315677
3.11152
0.309686
3.10179
0.307287
3.10751
0.317932
3.10132
0.319606
3.09755
0.29866
3.0981
0.314576
3.10489
0.316426
3.11021
0.314008
3.09836
0.312784
3.11379
0.309286
3.0966
0.311019
3.09257
0.301263
3.10205
0.325642
3.09924
0.313265
3.09979
0.305914
3.09772
0.308309
3.10396
0.302591
3.10496
0.316396
3.11006
0.3184
3.10256
0.311524
3.10539
0.311506
3.09828
0.307807
3.09815
0.316873
3.1001
0.307515
3.10302
0.318006
3.10151
0.308737
3.10932
0.309023
3.10434
0.313056
3.10482
0.318105
3.10798
0.312359
3.10974
0.322185
3.10716
0.309261
3.09395
0.308029
3.10506
0.307131
3.10253
0.308675
3.09537
0.318393
3.096
0.311134
3.09537
0.306131
3.10105
0.29882
3.11316
0.328018
3.10861
0.304041
3.10812
0.308837
3.10585
0.30422
3.10213
0.305496
3.09444
0.312294
3.1082
0.300508
3.10588
0.304319
3.10337
0.319202
3.10272
0.311947
3.08803
0.297282
3.10682
0.308717
3.10309
0.305096
3.08668
0.307425
3.10579
0.29962
3.10779
0.318605
3.10629
0.314573
3.1103
0.317421
3.1092
0.317559
3.09215
0.313123
3.12395
0.302088
3.08733
0.300428
3.10186
0.306307
3.08923
0.303422
3.09699
0.312896
3.10324
0.308404
3.09572
0.318616
3.10518
0.314703
3.10998
0.319929
3.10951
0.320245
3.10452
0.310604
3.09849
0.316715
3.10277
0.309588
3.10597
0.326242
3.09996
0.311144
3.10264
0.30895
3.09841
0.307484
3.11016
0.323911
3.10062
0.309474
3.10353
0.308601
3.11756
0.318221
3.10227
0.315496
3.09989
0.308249
3.09793
0.320745
3.10549
0.330648
3.091
0.315653
3.10686
0.308076
3.10142
0.302531
3.10501
0.315532
3.11554
0.321212
3.09958
0.31093
3.11555
0.311182
3.09492
0.319361
3.11072
0.309936
3.09929
0.303779
3.10983
0.314917
3.10976
0.311631
3.1172
0.322946
3.10595
0.314973
3.09058
0.31568
3.09757
0.304746
3.09828
0.312078
3.09884
0.307212
3.10026
0.308299
3.0959
0.304349
3.10763
0.309028
3.10223
0.300851
3.09806
0.316255
3.10352
0.317555
3.10638
0.314966
3.09745
0.317117
3.09474
0.320642
3.10516
0.303883
3.10355
0.31673
3.11405
0.314002
3.10995
0.310272
3.09631
0.307339
3.10747
0.30515
3.10632
0.317168
3.10466
0.314244
3.10114
0.30779
3.11035
0.322544
3.10392
0.317987
3.11155
0.333796
3.10302
0.307985
3.10178
0.30484
3.1054
0.30044
3.09001
0.307004
3.10074
0.316571
3.09535
0.316469
3.10655
0.308983
3.09898
0.31797
3.11005
0.31248
3.113
0.311418
3.09803
0.319048
3.10251
0.317393
3.10322
0.315978
3.10539
0.308441
3.09909
0.3148
3.10654
0.334577
3.10953
0.311694
3.10769
0.314479
3.10851
0.305547
3.10882
0.317566
3.10564
0.318255
3.10435
0.316054
3.11579
0.314931
3.09805
0.313053
3.09497
0.305172
3.10713
0.312035
3.10885
0.32142
3.10312
0.296036
3.10038
0.310776
3.10202
0.306852
3.10488
0.318854
3.09989
0.307096
3.10156
0.316242
3.09663
0.308642
3.10353
0.315729
3.10197
0.308432
3.11353
0.313444
3.10099
0.313003
3.0983
0.311721
3.10859
0.306353
3.10149
0.31648
3.10036
0.324558
3.10253
0.315591
3.10712
0.30499
3.09795
0.302817
3.10017
0.316496
3.12598
0.309838
3.10093
0.298993
3.10418
0.305729
3.0963
0.313903
3.10394
0.311279
3.10481
0.31991
3.1064
0.312653
3.11346
0.320119
3.10536
0.307498
3.10796
0.315666
3.10197
0.30948
3.09793
0.307684
3.09853
0.307641
3.09739
0.299269
3.10889
0.305871
3.0906
0.323552
3.10255
0.30729
3.10883
0.303427
3.11763
0.305365
3.11563
0.316789
3.1144
0.319296
3.10263
0.306071
3.09874
0.316688
3.10311
0.31449
3.09914
0.310241
3.09682
0.313646
3.10214
0.311282
3.09511
0.311083
3.11233
0.307081
3.1065
0.317221
3.10991
0.320192
3.09188
0.312193
3.10615
0.307237
3.10374
0.300102
3.11071
0.317264
3.0886
0.308766
3.10736
0.323466
3.10767
0.323558
3.10209
0.326147
3.10379
0.319177
3.11152
0.309977
3.09269
0.304955
3.10724
0.32386
3.09366
0.302497
3.10235
0.320361
3.10092
0.32317
3.11251
0.320946
3.1042
0.309281
3.11334
0.31669
3.10202
0.311521
3.10129
0.331979
3.09738
0.307916
3.09787
0.321239
3.10073
0.322443
3.10344
0.30291
3.10235
0.321071
3.11061
0.316939
3.09004
0.305693
3.09848
0.308679
3.11178
0.321521
3.1002
0.314622
3.10322
0.306098
3.10728
0.314397
3.11565
0.325072
3.09539
0.312631
3.1157
0.308831
3.1121
0.317477
3.10341
0.30322
3.11509
0.325434
3.11371
0.324856
3.10385
0.306097
3.10434
0.308885
3.09799
0.312747
3.11067
0.317768
3.08891
0.311847
3.1014
0.301657
3.10616
0.296634
3.10278
0.303863
3.10648
0.316192
3.11191
0.30468
3.0999
0.308837
3.10579
0.315023
3.09607
0.307677
3.10308
0.307961
3.10288
0.315197
3.10741
0.312194
3.10506
0.30779
3.09873
0.3117
3.1038
0.30109
3.10103
0.310846
3.10338
0.314956
3.10286
0.308166
3.10788
0.312798
3.0974
0.319353
3.09179
0.306148
3.10587
0.311938
3.1096
0.31065
3.10837
0.311942
3.11053
0.309083
3.10294
0.314176
3.09591
0.300199
3.11515
0.312388
3.09922
0.312285
3.09743
0.31645
3.10566
0.322427
3.10224
0.307607
3.11064
0.309555
3.10062
0.314677
3.09672
0.30922
3.09704
0.316044
3.10155
0.319069
3.11549
0.308787
3.1092
0.323456
3.10006
0.300554
3.0989
0.299598
3.10377
0.322243
3.10185
0.309762
3.10539
0.326276
3.11187
0.319062
3.11018
0.319889
3.0964
0.309716
3.10018
0.318519
3.1071
0.311257
3.1083
0.309299
3.11309
0.314876
3.10228
0.317356
3.10134
0.304702
3.09356
0.320294
3.11048
0.322381
3.10369
0.317167
3.11062
0.312382
3.11312
0.311488
3.10182
0.308738
3.09978
0.313837
3.11452
0.308405
3.10227
0.309509
3.09921
0.311266
3.09143
0.307532
3.11048
0.328518
3.10972
0.315647
3.10654
0.304177
3.09391
0.312542
3.10946
0.314805
3.097
0.300274
3.11281
0.321802
3.11315
0.308733
3.09888
0.318152
3.10461
0.300856
3.10007
0.318135
3.09978
0.306368
3.10626
0.326875
3.09458
0.317486
3.10249
0.312389
3.0903
0.312623
3.10447
0.303271
3.09116
0.308817
3.10638
0.317285
3.11847
0.305755
3.08906
0.307792
3.09779
0.309994
3.09795
0.300505
3.1115
0.329739
3.1059
0.301492
3.11261
0.315847
3.11237
0.310375
3.10634
0.312749
3.10862
0.311282
3.09459
0.307454
3.10408
0.312633
3.09939
0.30959
3.11005
0.317228
3.10496
0.326161
3.12513
0.323892
3.10065
0.302898
3.10659
0.32446
3.1162
0.316671
3.09955
0.296328
3.11847
0.308118
3.08457
0.314413
3.1105
0.322063
3.11354
0.313896
3.10363
0.312271
3.10827
0.310762
3.10356
0.307182
3.0968
0.309681
3.09657
0.313012
3.09023
0.304327
3.10455
0.318813
3.10637
0.316269
3.10569
0.306913
3.09948
0.309659
3.09794
0.316941
3.10415
0.314991
3.09794
0.326612
3.11064
0.305365
3.10703
0.308843
3.09524
0.305735
3.10398
0.315407
3.11158
0.30832
3.1006
0.308368
3.09703
0.314362
3.1039
0.321653
3.10509
0.309372
3.11534
0.304668
3.10399
0.301725
3.1127
0.322076
3.10557
0.309756
3.10048
0.312607
3.1107
0.307439
3.10537
0.308068
3.09678
0.305136
3.10703
0.317851
3.10523
0.31491
3.10239
0.313087
3.10463
0.31323
3.10171
0.311222
3.10969
0.313646
3.09681
0.3155
3.10101
0.311787
3.1003
0.302954
3.10468
0.313436
3.10488
0.311996
3.10314
0.299503
3.10033
0.312447
3.10232
0.319072
3.10038
0.311654
3.11038
0.302857
3.10472
0.30788
3.107
0.32477
3.1027
0.306942
3.10453
0.315048
3.10004
0.30108
3.11306
0.313444
3.11003
0.306129
3.1005
0.307037
3.10424
0.308068
3.10329
0.316778
3.11377
0.314614
3.09539
0.308213
3.10801
0.314646
3.10482
0.312665
3.11329
0.318674
3.10478
0.313268
3.11771
0.309932
3.10383
0.321065
3.11096
0.322055
3.10654
0.297253
3.09727
0.31083
3.09878
0.313926
3.10273
0.310842
3.10293
0.313375
3.08932
0.306715
3.10059
0.304203
3.0913
0.319099
3.09139
0.313932
3.10412
0.320959
3.10654
0.311563
3.09397
0.305201
3.10595
0.326825
3.10616
0.313156
3.10578
0.306184
3.10024
0.305781
3.09175
0.309945
3.10056
0.321408
3.11248
0.317666
3.10273
0.309819
3.09887
0.299259
3.10478
0.319661
3.10339
0.310701
3.09951
0.314215
3.09748
0.314234
3.10608
0.308591
3.10315
0.302471
3.10018
0.314636
3.11733
0.307999
3.10943
0.317784
3.10897
0.311036
3.10828
0.311394
3.09861
0.299732
3.10937
0.312085
3.10272
0.327596
3.10203
0.30862
3.10026
0.305672
3.10564
0.318854
3.10837
0.306174
3.10035
0.302987
3.10275
0.323106
3.09765
0.303693
3.10364
0.306918
3.10165
0.317967
3.11112
0.308835
3.1101
0.320873
3.10263
0.302779
3.10069
0.314944
3.10256
0.311962
3.0923
0.311319
3.10911
0.314668
3.10396
0.318106
3.10458
0.306402
3.10891
0.308981
3.10888
0.325279
3.09793
0.317969
3.10201
0.314141
3.11101
0.309862
3.1119
0.319442
3.10811
0.328274
3.08975
0.31555
3.10354
0.306554
3.10155
0.316699
3.09679
0.320137
3.09577
0.318247
3.11793
0.30492
3.09907
0.314806
3.10301
0.316955
3.10214
0.31289
3.10822
0.309107
3.10336
0.317463
3.10573
0.313783
3.1195
0.308721
3.1024
0.309979
3.1096
0.301264
3.0977
0.317172
3.1002
0.311817
3.10009
0.313168
3.11052
0.308989
3.10807
0.305268
3.09997
0.317821
3.09376
0.307771
3.10474
0.315254
3.1042
0.302979
3.10244
0.317627
3.1172
0.314659
3.10204
0.318721
3.10802
0.314003
3.11583
0.311662
3.0976
0.307927
3.11437
0.322992
3.10667
0.314369
3.10094
0.312799
3.09669
0.310244
3.10791
0.306111
3.0985
0.306704
3.11685
0.318934
3.10703
0.307494
3.11475
0.3152
3.09339
0.312944
3.10703
0.306897
3.10283
0.304453
3.11026
0.31286
3.10466
0.306418
3.09316
0.303115
3.09821
0.316194
3.12118
0.313075
3.11402
0.304607
3.09951
0.304839
3.10749
0.306253
3.08895
0.310632
3.11822
0.315155
3.10332
0.319774
3.10268
0.309164
3.11271
0.333943
3.10065
0.304086
3.09557
0.311056
3.08815
0.310931
3.1014
0.312281
3.09361
0.310287
3.10184
0.314115
3.11212
0.309455
3.10368
0.30906
3.09822
0.314555
3.11186
0.301106
3.10403
0.3145
3.11047
0.311866
3.10669
0.315698
3.10274
0.308554
3.10606
0.318118
3.10295
0.305614
3.1083
0.31007
3.09862
0.305915
3.11294
0.302867
3.09599
0.312798
3.10619
0.311688
3.09578
0.315066
3.09594
0.308474
3.10522
0.302529
3.10565
0.320761
3.10136
0.320008
3.10188
0.322506
3.10334
0.30888
3.11005
0.311958
3.11276
0.328944
3.09394
0.307901
3.09644
0.299013
3.10943
0.298448
3.08874
0.311304
3.10499
0.307151
3.10547
0.309543
3.09919
0.315715
3.09757
0.31078
3.1057
0.312024
3.10224
0.304649
3.09858
0.308618
3.1065
0.323355
3.09561
0.311123
3.09805
0.32243
3.09392
0.318285
3.10306
0.319743
3.09992
0.323192
3.10573
0.313423
3.11419
0.306712
3.10273
0.314036
3.1117
0.322003
3.08801
0.30616
3.11149
0.318715
3.10704
0.305381
3.11073
0.310343
3.10575
0.313295
3.11671
0.318991
3.10309
0.31238
3.09394
0.310368
3.11129
0.309381
3.10289
0.310055
3.10778
0.302524
3.09955
0.311641
3.11091
0.310196
3.1093
0.30572
3.10631
0.312453
3.10494
0.316442
3.10472
0.308539
3.10929
0.30711
3.10901
0.310176
3.10466
0.309858
3.11497
0.324421
3.10672
0.313571
3.10844
0.316169
3.10227
0.307528
3.10479
0.301923
3.09468
0.303282
3.10733
0.314169
3.10941
0.321847
3.10743
0.306095
3.09867
0.309574
3.10627
0.318464
3.10404
0.302001
3.09731
0.309149
3.10056
0.320033
3.09766
0.31483
3.11303
0.310731
3.09814
0.301694
3.11973
0.312323
3.12028
0.312283
3.10367
0.30357
3.12423
0.318066
3.10738
0.316652
3.10315
0.319453
3.10129
0.303872
3.11006
0.314194
3.1046
0.308355
3.09821
0.306213
3.10679
0.316805
3.10334
0.304185
3.09754
0.30952
3.10042
0.300876
3.09599
0.31552
3.09538
0.298707
3.10062
0.308653
3.10286
0.300688
3.09707
0.310904
3.10733
0.309519
3.10394
0.311821
3.10006
0.309304
3.10229
0.310288
3.11037
0.328163
3.10157
0.314178
3.09475
0.307766
3.10229
0.319143
3.10471
0.311594
3.09547
0.31355
3.10135
0.31104
3.10837
0.304362
3.11112
0.31592
3.111
0.316895
3.10664
0.312769
3.10706
0.314137
3.11534
0.33357
3.10078
0.313177
3.10119
0.3051
3.10923
0.312525
3.11012
0.321509
3.10744
0.303392
3.11015
0.317823
3.097
0.318231
3.114
0.307429
3.10019
0.31008
3.10648
0.313714
3.09382
0.314319
3.10727
0.319543
3.09146
0.321641
3.1046
0.301856
3.10244
0.308183
3.11027
0.320635
3.09954
0.314929
3.10043
0.300953
3.09644
0.31418
3.10232
0.320117
3.10311
0.31332
3.09941
0.323661
3.11402
0.307544
3.10763
0.32081
3.09775
0.300699
3.10577
0.312675
3.11062
0.312305
3.09553
0.306568
3.10492
0.307073
3.09759
0.312322
3.11062
0.311349
3.10072
0.315884
3.09937
0.316532
3.09699
0.309831
3.099
0.304364
3.10138
0.313672
3.10609
0.306269
3.10002
0.300823
3.10237
0.313674
3.10453
0.307947
3.10567
0.302656
3.10137
0.311721
3.10065
0.307072
3.09254
0.303086
3.10177
0.307893
3.10295
0.310369
3.10546
0.321271
3.09114
0.312929
3.08839
0.312191
3.11034
0.315014
3.09831
0.312826
3.09664
0.307173
3.11024
0.31187
3.10091
0.309809
3.096
0.309805
3.10001
0.301264
3.10368
0.312323
3.10605
0.305148
3.10816
0.306039
3.10024
0.308933
3.11318
0.319331
3.09937
0.321193
3.11516
0.322075
3.09312
0.311713
3.1044
0.323494
3.10104
0.308004
3.10687
0.324436
3.09292
0.296619
3.11296
0.30152
3.10888
0.312779
3.10677
0.313869
3.10654
0.309567
3.10114
0.314276
3.09809
0.309539
3.10344
0.305648
3.09596
0.309504
3.10361
0.31258
3.10177
0.322351
3.11153
0.30844
3.09485
0.301248
3.11107
0.304327
3.09826
0.306421
3.09948
0.32056
3.11701
0.304874
3.09903
0.312596
3.10575
0.317716
3.10116
0.307962
3.0994
0.319908
3.1077
0.323374
3.10558
0.315193
3.10464
0.31244
3.11122
0.311139
3.10363
0.311011
3.09807
0.294244
3.10488
0.308395
3.11845
0.3229
3.09734
0.308396
3.09453
0.312351
3.11286
0.304321
3.10648
0.306816
3.11158
0.302021
3.09635
0.306016
3.09105
0.321193
3.09891
0.316354
3.1102
0.306562
3.0918
0.327591
3.10069
0.315354
3.11134
0.304481
3.09961
0.311785
3.10364
0.313154
3.10219
0.308868
3.10449
0.307241
3.10438
0.301914
3.09887
0.313059
3.12456
0.32116
3.10813
0.320636
3.10452
0.310917
3.09877
0.309541
3.10143
0.310529
3.09433
0.307206
3.10103
0.330728
3.09938
0.307887
3.1057
0.306789
3.09709
0.308286
3.10157
0.310733
3.09911
0.303293
3.10465
0.310582
3.1048
0.320144
3.09024
0.309924
3.10225
0.315996
3.10261
0.313815
3.09894
0.303459
3.10206
0.318174
3.10296
0.315293
3.11037
0.309242
3.105
0.308288
3.10206
0.303501
3.10025
0.325945
3.11019
0.306895
3.11636
0.308854
3.11369
0.316884
3.10309
0.309973
3.11126
0.323766
3.10888
0.309682
3.09536
0.310354
3.10196
0.299215
3.10424
0.305286
3.10212
0.310687
3.10725
0.313588
3.08923
0.313072
3.10352
0.318273
3.09784
0.320418
3.11069
0.309657
3.09463
0.313754
3.10341
0.315184
3.10681
0.306943
3.10015
0.307186
3.10288
0.313835
3.09362
0.305905
3.09628
0.307308
3.09352
0.310211
3.0995
0.311593
3.1087
0.312536
3.11454
0.312097
3.10756
0.302473
3.09869
0.315133
3.11101
0.313717
3.10933
0.316676
3.1086
0.303378
3.09684
0.314908
3.11017
0.309282
3.10412
0.321513
3.10133
0.314632
3.09543
0.315468
3.11191
0.315381
3.09731
0.302922
3.09248
0.310604
3.09694
0.309223
3.11238
0.31296
3.103
0.313664
3.10477
0.3159
3.0976
0.308569
3.10076
0.309856
3.10441
0.32014
3.11454
0.315302
3.115
0.308418
3.08528
0.312138
3.09757
0.312468
3.10105
0.308263
3.10303
0.311128
3.10313
0.310653
3.1043
0.315566
3.10665
0.311792
3.09998
0.315112
3.10995
0.312269
3.10214
0.30862
3.10046
0.326057
3.10848
0.309514
3.09879
0.314429
3.09646
0.313487
3.11058
0.305617
3.1009
0.313822
3.10809
0.306528
3.10532
0.309532
3.10379
0.317916
3.0977
0.309205
3.10764
0.328046
3.10766
0.313423
3.10045
0.309659
3.10882
0.32033
3.10047
0.309045
3.10895
0.309915
3.09196
0.308345
3.10785
0.321039
3.10729
0.309107
3.09744
0.320212
3.1004
0.311812
3.10182
0.320197
3.09656
0.320565
3.11163
0.321864
3.10625
0.304157
3.08743
0.301118
3.10153
0.31934
3.10837
0.314077
3.11993
0.313642
3.09886
0.319758
3.10365
0.312527
3.10793
0.307114
3.10613
0.317566
3.10303
0.301314
3.10321
0.310247
3.09646
0.308362
3.10078
0.300792
3.10562
0.310132
3.09625
0.308133
3.103
0.308324
3.09773
0.315711
3.08583
0.31726
3.09925
0.309473
3.10644
0.307139
3.10492
0.310018
3.09993
0.322889
3.09959
0.313063
3.11037
0.312338
3.09106
0.312816
3.09934
0.309456
3.10377
0.334314
3.109
0.307655
3.10213
0.30399
3.1047
0.306737
3.10477
0.32074
3.10139
0.320908
3.10043
0.314843
3.09367
0.301258
3.10113
0.315921
3.10495
0.316005
3.09055
0.31321
3.10011
0.304409
3.09544
0.309615
3.10671
0.308551
3.09889
0.308075
3.10302
0.325398
3.10088
0.303528
3.09584
0.333418
3.09753
0.302633
3.11337
0.318975
3.09931
0.30259
3.11859
0.314691
3.09969
0.300303
3.09953
0.305844
3.09024
0.30862
3.10664
0.320149
3.10451
0.305066
3.10059
0.312946
3.10119
0.305853
3.10467
0.324542
3.10738
0.306483
3.09761
0.309781
3.10822
0.316679
3.10874
0.309115
3.10988
0.304986
3.10546
0.302411
3.11542
0.31483
3.10756
0.307673
3.09682
0.31973
3.10249
0.308862
3.10562
0.313915
3.10325
0.305586
3.09444
0.316881
3.10733
0.308671
3.09619
0.321258
3.0983
0.301021
3.09708
0.310601
3.11944
0.311096
3.1064
0.305787
3.09488
0.292644
3.10437
0.317478
3.101
0.311181
3.10763
0.30219
3.11215
0.31407
3.10563
0.315873
3.10424
0.308589
3.11111
0.307828
3.10103
0.321
3.10724
0.311636
3.1045
0.322021
3.09745
0.327727
3.10321
0.31476
3.10105
0.327589
3.11272
0.303351
3.11008
0.305168
3.11303
0.311715
3.10658
0.312496
3.1046
0.313788
3.09822
0.312396
3.10906
0.318229
3.11068
0.309429
3.10436
0.313938
3.10112
0.317018
3.10812
0.300669
3.10019
0.319063
3.11273
0.31762
3.10756
0.304447
3.10746
0.309669
3.10351
0.313484
3.0989
0.308156
3.1178
0.314033
3.11792
0.310315
3.0939
0.311751
3.10219
0.306834
3.11261
0.311628
3.10553
0.315422
3.10171
0.310192
3.10528
0.300229
3.10974
0.308902
3.11214
0.299876
3.10287
0.31766
3.10565
0.308097
3.10765
0.322776
3.09986
0.31064
3.10191
0.306002
3.10987
0.309184
3.11204
0.317087
3.10384
0.302187
3.09608
0.308249
3.09826
0.309674
3.10302
0.317296
3.09646
0.307379
3.10378
0.324724
3.11462
0.300735
3.09914
0.309182
3.09866
0.300519
3.10629
0.312354
3.09285
0.310767
3.09827
0.313981
3.10739
0.306381
3.09159
0.316649
3.10165
0.31173
3.10964
0.310561
3.10586
0.311987
3.09362
0.291811
3.0977
0.309942
3.10976
0.321002
3.10533
0.321602
3.10435
0.312866
3.10837
0.308172
3.10562
0.308249
3.10058
0.320794
3.11948
0.312962
3.09031
0.318661
3.10458
0.307523
3.1087
0.31711
3.09434
0.323978
3.09832
0.313124
3.10551
0.310681
3.10026
0.315465
3.08816
0.317592
3.099
0.307759
3.09475
0.320537
3.08966
0.309917
3.10648
0.317796
3.11366
0.300169
3.10816
0.329355
3.12393
0.315241
3.09994
0.310388
3.09959
0.307221
3.09388
0.310126
3.11587
0.311765
3.10866
0.324326
3.10854
0.318542
3.10754
0.301824
3.1001
0.305724
3.09736
0.3137
3.10275
0.316128
3.10257
0.308055
3.11179
0.313099
3.09657
0.311947
3.10713
0.315297
3.11125
0.312305
3.10196
0.311879
3.10309
0.308493
3.10625
0.308194
3.11119
0.308763
3.09406
0.315282
3.10534
0.2993
3.09549
0.328027
3.09777
0.309911
3.09652
0.310097
3.10459
0.314077
3.10322
0.301713
3.10088
0.310172
3.10051
0.310132
3.10371
0.319547
3.10431
0.32069
3.09406
0.307277
3.09849
0.305771
3.1073
0.307202
3.10007
0.310815
3.10851
0.31192
3.11031
0.308385
3.10738
0.314058
3.11011
0.302853
3.10875
0.317423
3.11257
0.312333
3.10138
0.3205
3.11016
0.324607
3.11161
0.300762
3.11146
0.325687
3.09863
0.305085
3.09461
0.305481
3.10292
0.309547
3.11517
0.312979
3.10209
0.304819
3.11409
0.314236
3.10864
0.313812
3.10606
0.299136
3.11132
0.309771
3.10424
0.317942
3.09923
0.320248
3.09719
0.300059
3.11455
0.303825
3.09969
0.318896
3.09267
0.314988
3.106
0.304924
3.09901
0.315184
3.09969
0.30953
3.11372
0.335685
3.10493
0.306348
3.08998
0.325985
3.10116
0.309917
3.1054
0.314967
3.1168
0.310522
3.10558
0.319979
3.11043
0.304896
3.10245
0.297079
3.09169
0.318526
3.10659
0.320306
3.10874
0.306533
3.11104
0.310407
3.11033
0.301787
3.09144
0.314784
3.10478
0.312241
3.10557
0.30773
3.112
0.319794
3.11163
0.306842
3.10389
0.311735
3.10642
0.319343
3.10145
0.30328
3.11165
0.308182
3.11812
0.305848
3.10441
0.314762
3.11072
0.295313
3.09564
0.310495
3.1018
0.316181
3.10812
0.32005
3.10436
0.298732
3.09986
0.312964
3.11044
0.308884
3.10481
0.311756
3.10433
0.299351
3.10941
0.316135
3.09941
0.305836
3.0987
0.306768
3.10838
0.310763
3.10939
0.303096
3.10448
0.309094
3.10434
0.31427
3.11368
0.318505
3.10299
0.308924
3.10853
0.308088
3.09593
0.307256
3.09459
0.30506
3.11196
0.308483
3.10411
0.318035
3.09801
0.309918
3.11544
0.316134
3.10756
0.305033
3.11089
0.313733
3.10317
0.310037
3.10299
0.312813
3.10603
0.316778
3.11322
0.315371
3.10665
0.311687
3.10745
0.309904
3.10307
0.31853
3.10363
0.318989
3.1094
0.308325
3.10275
0.318781
3.10729
0.312363
3.09848
0.327958
3.10172
0.304572
3.10649
0.300206
3.10806
0.309826
3.0992
0.310873
3.09958
0.314345
3.10113
0.319144
3.09875
0.309341
3.10275
0.30268
3.10717
0.31802
3.10291
0.309579
3.09828
0.31572
3.10221
0.326348
3.10559
0.302345
3.10953
0.32151
3.10669
0.306249
3.09543
0.31447
3.10916
0.315024
3.1128
0.304853
3.09938
0.31155
3.10161
0.308614
3.09943
0.311612
3.10167
0.298854
3.10317
0.328629
3.10621
0.321169
3.10358
0.319625
3.0952
0.312995
3.09592
0.315622
3.10294
0.295186
3.11145
0.311825
3.09897
0.314732
3.10328
0.306768
3.11017
0.320265
3.0955
0.300668
3.10434
0.307105
3.10903
0.318887
3.11022
0.320583
3.10525
0.295036
3.10141
0.320998
3.10184
0.317668
3.09729
0.312521
3.10022
0.321212
3.09941
0.311545
3.09699
0.315187
3.10717
0.32507
3.11986
0.314746
3.10256
0.310599
3.09086
0.323562
3.10359
0.311612
3.09616
0.313921
3.10133
0.307011
3.10834
0.312017
3.11596
0.317385
3.10975
0.302818
3.10593
0.314089
3.10126
0.314766
3.10917
0.303704
3.10431
0.302351
3.10924
0.31309
3.10617
0.307168
3.09987
0.318715
3.10754
0.301728
3.10656
0.302263
3.09905
0.309049
3.09478
0.311933
3.0926
0.30797
3.10951
0.309679
3.09814
0.313198
3.11127
0.311445
3.11243
0.318129
3.09548
0.308393
3.10373
0.300515
3.0937
0.308791
3.10044
0.312199
3.10077
0.315161
3.09714
0.305804
3.10588
0.312148
3.10757
0.314215
3.10664
0.290238
3.0958
0.310776
3.10651
0.332499
3.1004
0.316032
3.08869
0.305147
3.09883
0.314474
3.10962
0.312567
3.10155
0.308631
3.10603
0.312444
3.09736
0.312371
3.10257
0.301754
3.10379
0.319804
3.09599
0.310662
3.09277
0.315088
3.09899
0.310154
3.10904
0.304276
3.0951
0.30481
3.09922
0.296364
3.11068
0.313693
3.10527
0.309233
3.10405
0.317065
3.10383
0.320523
3.09465
0.305308
3.11237
0.321155
3.10086
0.307891
3.10752
0.298826
3.10208
0.321372
3.09636
0.323539
3.10743
0.322664
3.11693
0.310737
3.10153
0.300779
3.09863
0.298876
3.09757
0.315212
3.10613
0.306003
3.09736
0.319332
3.10373
0.312421
3.10563
0.304065
3.10093
0.311855
3.09655
0.319912
3.11421
0.308887
3.10955
0.323853
3.10243
0.319972
3.099
0.325972
3.10961
0.312756
3.09305
0.306417
3.0964
0.314774
3.10179
0.321449
3.1015
0.314419
3.09704
0.312097
3.10554
0.322956
3.10182
0.308452
3.11439
0.309208
3.10106
0.311796
3.09913
0.318162
3.10513
0.319207
3.10188
0.303698
3.09308
0.313436
3.10104
0.320419
3.10369
0.306174
3.09977
0.307973
3.09599
0.315688
3.09841
0.307559
3.10066
0.327149
3.10053
0.300541
3.1036
0.310722
3.10465
0.305484
3.10096
0.313496
3.10692
0.317232
3.10171
0.312743
3.1119
0.300532
3.11174
0.314015
3.09565
0.297165
3.10662
0.303138
3.09505
0.332607
3.10494
0.305438
3.11188
0.319995
3.10501
0.313797
3.09771
0.302183
3.09555
0.315849
3.1092
0.306036
3.1022
0.316821
3.11079
0.311202
3.09817
0.310645
3.10312
0.308392
3.10243
0.308357
3.10266
0.331526
3.09927
0.30806
3.09921
0.314709
3.09806
0.312614
3.10306
0.299181
3.09574
0.306395
3.11396
0.325229
3.10446
0.309806
3.11829
0.316312
3.10582
0.307332
3.10361
0.306621
3.11056
0.303043
3.09547
0.313375
3.0977
0.311257
3.09498
0.31716
3.09651
0.315389
3.09603
0.305326
3.10528
0.308804
3.10036
0.319554
3.11642
0.308831
3.11388
0.3109
3.09512
0.327569
3.10326
0.314345
3.0938
0.313037
3.10913
0.31481
3.10575
0.313621
3.1035
0.30462
3.10458
0.306613
3.09609
0.322805
3.09113
0.314263
3.09821
0.323612
3.09341
0.312941
3.10069
0.30764
3.10303
0.315236
3.12314
0.310508
3.11118
0.30906
3.1077
0.314348
3.08888
0.31782
3.11242
0.313724
3.116
0.333731
3.09045
0.32166
3.11664
0.312121
3.09755
0.328979
3.09609
0.298859
3.10575
0.303075
3.1062
0.303424
3.10449
0.303987
3.10463
0.308794
3.09625
0.313918
3.10864
0.305107
3.1117
0.310959
3.09832
0.321728
3.10147
0.300754
3.10017
0.308897
3.10383
0.321387
3.09505
0.304457
3.09319
0.310575
3.097
0.312769
3.10954
0.320863
3.1144
0.322949
3.10394
0.317725
3.09282
0.313332
3.10682
0.309279
3.1078
0.319185
3.10874
0.319373
3.10343
0.318139
3.10495
0.301486
3.10046
0.314744
3.10489
0.308033
3.09852
0.311522
3.09656
0.315415
3.10494
0.31855
3.09305
0.31236
3.09808
0.323526
3.09667
0.314296
3.10181
0.309628
3.09746
0.301333
3.10147
0.308303
3.10936
0.315668
3.10395
0.314323
3.1014
0.313998
3.10996
0.316247
3.10302
0.317672
3.09764
0.306971
3.10815
0.306821
3.11078
0.298413
3.10859
0.31357
3.10898
0.318046
3.09558
0.31707
3.11325
0.32064
3.09577
0.309349
3.10368
0.306504
3.0918
0.295822
3.11153
0.308825
3.09878
0.318539
3.11991
0.315217
3.10263
0.317702
3.09505
0.305118
3.10173
0.310598
3.09422
0.318763
3.0983
0.32149
3.09857
0.305594
3.10222
0.303029
3.09925
0.318783
3.11258
0.320444
3.10873
0.31022
3.11309
0.312573
3.10724
0.306675
3.10089
0.315138
3.10148
0.309856
3.11309
0.314697
3.09598
0.309489
3.10108
0.31
3.09964
0.300905
3.10222
0.312258
3.0965
0.312673
3.10208
0.317308
3.10793
0.30533
3.11491
0.320178
3.11411
0.320332
3.1113
0.305901
3.10124
0.314587
3.10982
0.311881
3.10754
0.307671
3.09991
0.310335
3.0967
0.303402
3.10884
0.312952
3.09951
0.304121
3.10227
0.31509
3.11025
0.30708
3.1034
0.314375
3.1033
0.313546
3.10556
0.314273
3.11234
0.304565
3.10563
0.303279
3.09707
0.300701
3.11348
0.306567
3.10907
0.305812
3.10412
0.322608
3.09807
0.304817
3.1119
0.299036
3.10347
0.309426
3.10928
0.317407
3.10029
0.31164
3.09316
0.310288
3.10934
0.315564
3.10335
0.304811
3.09994
0.311627
3.11074
0.305581
3.09895
0.319125
3.10333
0.305431
3.11197
0.304505
3.10689
0.295432
3.1119
0.29976
3.10487
0.317476
3.11288
0.317352
3.10525
0.303954
3.10077
0.303256
3.10771
0.321185
3.10008
0.316076
3.10506
0.314436
3.09942
0.313378
3.10957
0.305281
3.10955
0.30657
3.10459
0.303456
3.09508
0.309732
3.10877
0.322377
3.1022
0.31272
3.09155
0.317888
3.10704
0.315132
3.09885
0.30573
3.10563
0.318117
3.10996
0.328809
3.10859
0.310693
3.10234
0.31755
3.11018
0.315891
3.11325
0.301667
3.10877
0.305811
3.10363
0.3084
3.09834
0.315869
3.09786
0.328274
3.11253
0.310769
3.09758
0.322054
3.1002
0.320204
3.10121
0.307761
3.09924
0.30611
3.09857
0.302509
3.09841
0.314241
3.09795
0.299031
3.11576
0.316411
3.1169
0.308415
3.0979
0.315081
3.10143
0.304109
3.10068
0.30233
3.10297
0.303986
3.09938
0.313197
3.10082
0.309794
3.09914
0.303272
3.10178
0.302791
3.10201
0.317204
3.09808
0.316339
3.10021
0.30797
3.09191
0.320725
3.10402
0.3061
3.10714
0.295554
3.10221
0.304074
3.1049
0.310345
3.10169
0.304738
3.1106
0.311875
3.10317
0.30933
3.10274
0.316712
3.10152
0.308138
3.10115
0.308699
3.10004
0.309567
3.11105
0.309106
3.10053
0.310299
3.10732
0.304077
3.09179
0.32364
3.10083
0.299086
3.0952
0.314769
3.09639
0.30239
3.09982
0.316412
3.10159
0.307772
3.10395
0.309835
3.10312
0.32368
3.10405
0.306342
3.10418
0.303491
3.10318
0.306496
3.10517
0.30542
3.10592
0.323192
3.10191
0.317021
3.11015
0.300056
3.10179
0.305234
3.09923
0.301447
3.10749
0.305462
3.09888
0.317787
3.09744
0.316922
3.10925
0.322634
3.11692
0.314037
3.11131
0.322605
3.09763
0.314011
3.10163
0.312793
3.0871
0.312384
3.10597
0.308252
3.10011
0.310713
3.10477
0.322383
3.09409
0.321217
3.10727
0.307246
3.0913
0.304822
3.10675
0.312774
3.09942
0.30509
3.09893
0.31079
3.09923
0.307524
3.11318
0.326176
3.10567
0.315902
3.10749
0.315027
3.10815
0.323043
3.09234
0.299829
3.10445
0.31012
3.09579
0.307856
3.10289
0.303928
3.10634
0.323081
3.11086
0.304868
3.09837
0.313765
3.10098
0.311672
3.10899
0.3135
3.10642
0.320737
3.0926
0.304694
3.10596
0.313459
3.10091
0.315206
3.1002
0.309406
3.10722
0.305904
3.10161
0.313096
3.10649
0.30462
3.10805
0.323322
3.0968
0.317877
3.10495
0.320234
3.1177
0.316227
3.09875
0.314218
3.09904
0.305016
3.09522
0.313821
3.10208
0.30624
3.10239
0.32044
3.10085
0.314891
3.10458
0.310332
3.10892
0.307707
3.10108
0.303275
3.10956
0.312799
3.09398
0.317424
3.10282
0.298945
3.0984
0.303174
3.11053
0.309306
3.10398
0.310601
3.09037
0.312857
3.10518
0.317239
3.10539
0.304356
3.10367
0.302667
3.11576
0.320583
3.11377
0.304686
3.10434
0.314604
3.09904
0.300389
3.09721
0.310704
3.1023
0.312039
3.09618
0.318026
3.10611
0.314756
3.09448
0.313293
3.1016
0.305272
3.09994
0.313853
3.09825
0.328298
3.10611
0.311475
3.10194
0.306638
3.09848
0.315079
3.0983
0.319351
3.10207
0.307264
3.09502
0.324369
3.11051
0.314486
3.094
0.316574
3.09481
0.312151
3.10208
0.303779
3.10524
0.305236
3.10629
0.315133
3.09287
0.310934
3.10956
0.307068
3.10611
0.305205
3.10761
0.313072
3.09639
0.313346
3.10865
0.317179
3.10458
0.316655
3.10203
0.313624
3.11864
0.305689
3.09765
0.318314
3.10381
0.307858
3.1024
0.314598
3.09312
0.305923
3.09547
0.317941
3.10243
0.317952
3.10586
0.319835
3.10925
0.315175
3.09897
0.300067
3.11223
0.322408
3.10908
0.317467
3.10114
0.323918
3.10057
0.316452
3.09512
0.320352
3.10359
0.312288
3.10881
0.311508
3.10879
0.317417
3.11451
0.3046
3.0977
0.300391
3.10896
0.318405
3.102
0.314991
3.10739
0.303232
3.10734
0.303591
3.09521
0.325559
3.10704
0.310216
3.10664
0.30182
3.11315
0.308303
3.10623
0.310583
3.10675
0.314977
3.11265
0.307468
3.10501
0.30876
3.10481
0.302468
3.10685
0.307425
3.10119
0.305288
3.09762
0.316414
3.10572
0.311774
3.09975
0.325113
3.10694
0.315005
3.09536
0.305071
3.11399
0.309553
3.1075
0.315368
3.10375
0.309887
3.10469
0.323736
3.11609
0.30772
3.10468
0.307873
3.1036
0.31389
3.09734
0.314256
3.09427
0.323132
3.11075
0.316906
3.10627
0.313279
3.10348
0.31501
3.10273
0.314947
3.10625
0.315511
3.09373
0.302855
3.10935
0.310021
3.11331
0.313554
3.11014
0.313255
3.11851
0.311084
3.09775
0.32246
3.09796
0.318656
3.0995
0.309331
3.09881
0.310765
3.1084
0.305858
3.09337
0.314737
3.11462
0.304799
3.11213
0.311977
3.10796
0.329522
3.10279
0.312639
3.10466
0.321753
3.09855
0.307985
3.10624
0.324241
3.0974
0.314897
3.10034
0.310429
3.10266
0.311505
3.09991
0.323117
3.10267
0.317128
3.10733
0.305733
3.10996
0.316941
3.10503
0.313329
3.1206
0.309573
3.10229
0.307304
3.10979
0.320272
3.10005
0.302521
3.11266
0.314731
3.0978
0.310999
3.09858
0.319505
3.09812
0.306478
3.09623
0.318257
3.10182
0.308367
3.11092
0.323285
3.11299
0.299999
3.09276
0.311737
3.10355
0.317011
3.11241
0.300253
3.10693
0.327598
3.113
0.308795
3.09963
0.316631
3.10053
0.314069
3.09817
0.311462
3.0921
0.319773
3.11344
0.305268
3.11295
0.317106
3.10658
0.310344
3.10717
0.319787
3.09713
0.309586
3.11461
0.314024
3.10114
0.305625
3.10609
0.298996
3.10728
0.312211
3.09827
0.323254
3.10369
0.308194
3.0942
0.298781
3.11084
0.308921
3.09874
0.307379
3.10601
0.312836
3.09888
0.313841
3.09997
0.304445
3.10409
0.310872
3.09723
0.300452
3.10398
0.324009
3.11044
0.313251
3.0985
0.30307
3.10525
0.310669
3.10138
0.305876
3.1051
0.311997
3.11408
0.311149
3.10088
0.321129
3.09394
0.312099
3.1049
0.310285
3.10827
0.321058
3.112
0.324434
3.10231
0.312791
3.10092
0.318237
3.09793
0.31117
3.10425
0.314761
3.10351
0.32051
3.10725
0.3092
3.10353
0.317431
3.09984
0.322272
3.10524
0.306758
3.10452
0.325875
3.09566
0.31465
3.11382
0.327623
3.10255
0.305508
3.10765
0.31856
3.10146
0.299211
3.09607
0.300286
3.10769
0.313605
3.10693
0.313263
3.10006
0.310518
3.09392
0.322206
3.10285
0.305835
3.10278
0.313359
3.09889
0.31113
3.10804
0.315159
3.10721
0.325325
3.10163
0.310444
3.09587
0.298327
3.10137
0.315987
3.09733
0.306698
3.1169
0.311665
3.09967
0.315692
3.09598
0.316983
3.09031
0.30999
3.10131
0.32156
3.10685
0.311325
3.1009
0.298499
3.10553
0.322594
3.11108
0.30655
3.09652
0.316208
3.10331
0.302938
3.10277
0.318937
3.10479
0.307589
3.10281
0.304581
3.10414
0.309533
3.11054
0.310123
3.11038
0.309166
3.10019
0.322278
3.10736
0.310966
3.10347
0.299735
3.10057
0.29752
3.10474
0.308155
3.0973
0.307324
3.10572
0.309563
3.10636
0.305976
3.09586
0.309235
3.10129
0.313252
3.11066
0.316845
3.11542
0.311328
3.11262
0.31685
3.0997
0.317088
3.09944
0.314573
3.09262
0.318047
3.106
0.321307
3.09325
0.313483
3.09624
0.317383
3.10505
0.30844
3.11311
0.31742
3.11262
0.312213
3.11153
0.310571
3.10369
0.307168
3.11189
0.306627
3.09876
0.295802
3.11225
0.303793
3.11199
0.320997
3.10561
0.321077
3.09893
0.311829
3.10417
0.310224
3.09903
0.318078
3.10534
0.303604
3.11077
0.311994
3.10599
0.320319
3.11203
0.320381
3.11349
0.313095
3.0931
0.308982
3.10189
0.303165
3.10973
0.313203
3.10804
0.306231
3.09731
0.307696
3.10578
0.312473
3.08478
0.3158
3.10185
0.312514
3.10139
0.312965
3.0984
0.33035
3.10312
0.300942
3.10593
0.323335
3.10111
0.322816
3.10113
0.30639
3.10098
0.308674
3.0965
0.318246
3.09478
0.305232
3.09166
0.318014
3.09185
0.314908
3.09643
0.30874
3.09861
0.312195
3.09572
0.321172
3.10672
0.30992
3.10651
0.31982
3.10792
0.314473
3.09979
0.314484
3.10199
0.303875
3.11129
0.306646
3.10003
0.309945
3.11503
0.311351
3.0946
0.31061
3.09723
0.300554
3.11066
0.324488
3.10256
0.322808
3.10583
0.308021
3.12273
0.307665
3.10137
0.313346
3.10476
0.316213
3.10914
0.308281
3.10897
0.32954
3.1089
0.308718
3.10601
0.316304
3.09458
0.302992
3.10646
0.299124
3.11586
0.307768
3.10231
0.3207
3.11126
0.310942
3.10106
0.310901
3.11025
0.311298
3.11169
0.313534
3.09758
0.316457
3.09381
0.314224
3.10563
0.320498
3.10222
0.303925
3.10506
0.327005
3.10351
0.314258
3.09681
0.303405
3.10344
0.309255
3.09396
0.309576
3.09969
0.314697
3.1044
0.311099
3.09726
0.307568
3.10486
0.306793
3.10498
0.308961
3.10362
0.300469
3.10402
0.309813
3.09524
0.317356
3.09651
0.325772
3.10186
0.310803
3.1063
0.312332
3.10226
0.318468
3.10358
0.306411
3.10382
0.306859
3.1039
0.306815
3.09543
0.315722
3.10141
0.326312
3.10382
0.306602
3.10386
0.320861
3.10157
0.315104
3.1097
0.311888
3.11082
0.296651
3.11105
0.317448
3.09877
0.291975
3.1174
0.302417
3.10045
0.319845
3.09992
0.309406
3.09946
0.303821
3.10657
0.305253
3.10707
0.319957
3.0997
0.305724
3.0973
0.312426
3.11295
0.32683
3.09487
0.313484
3.10871
0.323448
3.09514
0.322097
3.10281
0.314696
3.09695
0.29729
3.10213
0.296169
3.10262
0.309762
3.09755
0.322448
3.09236
0.312123
3.11095
0.300101
3.10255
0.324034
3.09995
0.308049
3.1152
0.321962
3.09639
0.301393
3.1103
0.319273
3.10646
0.301569
3.11146
0.315899
3.10098
0.302449
3.10635
0.304709
3.10455
0.306013
3.10811
0.311349
3.10228
0.318718
3.10244
0.317491
3.10067
0.315812
3.09367
0.308857
3.1047
0.305486
3.09971
0.321869
3.1031
0.315589
3.10807
0.328802
3.09714
0.313686
3.10648
0.307682
3.11685
0.307497
3.10291
0.329122
3.10691
0.320452
3.09118
0.306551
3.11405
0.318315
3.10555
0.30903
3.10217
0.307823
3.11174
0.310332
3.10121
0.310965
3.09517
0.303099
3.10605
0.309729
3.08972
0.317579
3.10235
0.303478
3.10281
0.300787
3.10833
0.326411
3.10533
0.32475
3.10912
0.309405
3.10515
0.301846
3.10191
0.305642
3.10249
0.310172
3.10422
0.314067
3.10011
0.310976
3.10082
0.333188
3.10547
0.309601
3.10144
0.303517
3.09587
0.309705
3.11266
0.320757
3.09805
0.304224
3.10877
0.315057
3.10456
0.322873
3.12069
0.315302
3.09908
0.317524
3.1097
0.309284
3.10004
0.308166
3.09803
0.310323
3.10355
0.31539
3.10161
0.310793
3.10369
0.310654
3.10764
0.309391
3.09881
0.304387
3.10183
0.316738
3.11124
0.312471
3.10027
0.309952
3.11204
0.318375
3.09671
0.313064
3.10163
0.310038
3.10282
0.322479
3.10489
0.308314
3.10787
0.320557
3.10116
0.31083
3.10673
0.296967
3.10892
0.304552
3.10644
0.306662
3.10054
0.310681
3.10104
0.310532
3.10089
0.308983
3.09122
0.307057
3.09935
0.314204
3.1127
0.306775
3.10658
0.303614
3.10508
0.313362
3.11368
0.309756
3.10253
0.318246
3.10024
0.311584
3.11418
0.303187
3.09705
0.30764
3.09633
0.311197
3.09844
0.320958
3.09746
0.314688
3.11029
0.315553
3.09702
0.305533
3.10583
0.309415
3.10054
0.311232
3.10088
0.301868
3.10625
0.30972
3.11414
0.31121
3.10031
0.328878
3.10178
0.310038
3.10426
0.308304
3.10231
0.310181
3.11302
0.308693
3.09577
0.312014
3.10453
0.313485
3.10211
0.321121
3.11053
0.316601
3.10462
0.313731
3.10849
0.308738
3.10306
0.306669
3.09556
0.311711
3.10024
0.317214
3.10418
0.316528
3.09876
0.318802
3.10815
0.32722
3.10151
0.319316
3.09835
0.311573
3.10051
0.304089
3.10411
0.31273
3.09888
0.302074
3.10443
0.320785
3.10087
0.307489
3.09262
0.322022
3.09884
0.30909
3.12728
0.312128
3.10617
0.31988
3.0891
0.323611
3.10161
0.30462
3.10033
0.319635
3.10639
0.301609
3.09954
0.318248
3.10857
0.3144
3.11313
0.310403
3.09557
0.310326
3.094
0.307414
3.10016
0.306765
3.11066
0.322583
3.10289
0.312118
3.10995
0.315107
3.10263
0.304346
3.10007
0.307851
3.09793
0.304454
3.09978
0.310141
3.11258
0.324994
3.10221
0.306275
3.09082
0.306481
3.10838
0.31184
3.1076
0.310778
3.11587
0.303382
3.10063
0.30545
3.11046
0.319708
3.10699
0.303257
3.11216
0.317541
3.11215
0.322021
3.10037
0.30605
3.10503
0.316153
3.09819
0.318269
3.10629
0.309207
3.10263
0.31986
3.10911
0.316825
3.10443
0.319893
3.10175
0.299275
3.09304
0.319463
3.09914
0.312648
3.10478
0.306209
3.10736
0.3069
3.11645
0.321691
3.10898
0.311318
3.10612
0.304332
3.10418
0.322521
3.11279
0.320879
3.10175
0.320626
3.10421
0.312386
3.09851
0.316911
3.09692
0.307281
3.10046
0.312803
3.09558
0.32263
3.09992
0.300601
3.10169
0.313521
3.10422
0.315339
3.10413
0.311094
3.10979
0.292142
3.10911
0.32285
3.09471
0.312009
3.10263
0.311595
3.11083
0.313888
3.1085
0.316883
3.10503
0.29888
3.1051
0.321344
3.10848
0.314318
3.10721
0.302884
3.09656
0.320694
3.10465
0.305621
3.097
0.317409
3.10457
0.312448
3.09871
0.316047
3.09948
0.326882
3.10212
0.317486
3.10956
0.31051
3.09156
0.298896
3.10149
0.307972
3.10492
0.312182
3.10912
0.315148
3.10902
0.313742
3.09604
0.313479
3.10311
0.299951
3.10518
0.315299
3.10857
0.300981
3.09841
0.308155
3.10209
0.313064
3.11617
0.327949
3.10297
0.321839
3.09531
0.311393
3.10284
0.308942
3.10988
0.30903
3.09644
0.301623
3.11476
0.309193
3.09763
0.308283
3.10197
0.314425
3.09058
0.313185
3.10299
0.315866
3.09547
0.318465
3.09909
0.319409
3.09588
0.305704
3.10321
0.314658
3.11308
0.317156
3.10176
0.305452
3.10236
0.313472
3.09725
0.298875
3.10964
0.321671
3.12573
0.31965
3.10906
0.313789
3.10197
0.306905
3.11102
0.31536
3.10643
0.315147
3.1021
0.313327
3.10848
0.300386
3.0919
0.315679
3.10204
0.306878
3.10143
0.322587
3.10746
0.315747
3.10917
0.309884
3.10265
0.313226
3.10171
0.310103
3.10241
0.309784
3.09867
0.308649
3.10327
0.307965
3.08877
0.316686
3.09137
0.304462
3.11007
0.308169
3.09838
0.315424
3.09485
0.315327
3.10406
0.314167
3.10166
0.316329
3.10228
0.31053
3.10175
0.314123
3.10365
0.316879
3.10276
0.314451
3.10099
0.322601
3.10016
0.313237
3.10052
0.313618
3.09159
0.306208
3.11064
0.321412
3.1053
0.31826
3.09908
0.295925
3.10943
0.304371
3.09519
0.318987
3.09396
0.308336
3.09954
0.323969
3.11005
0.302934
3.10869
0.304736
3.10153
0.315636
3.10927
0.303314
3.09935
0.305859
3.10962
0.315685
3.10358
0.307547
3.09364
0.324004
3.10744
0.303008
3.09828
0.309961
3.10281
0.326172
3.11203
0.315803
3.11432
0.310499
3.11129
0.315369
3.09907
0.317911
3.10399
0.309226
3.11698
0.31148
3.10505
0.30725
3.10684
0.306222
3.11236
0.310574
3.09284
0.321502
3.11906
0.314739
3.09155
0.305957
3.10745
0.31846
3.09564
0.299104
3.11395
0.304777
3.1126
0.310075
3.10551
0.311508
3.10144
0.315946
3.1057
0.324157
3.10221
0.318123
3.11143
0.303716
3.10053
0.306675
3.10508
0.311994
3.11592
0.30575
3.09863
0.325683
3.10072
0.324416
3.09379
0.313843
3.10716
0.307232
3.1146
0.314572
3.10393
0.310264
3.11584
0.31691
3.0989
0.321617
3.10003
0.309879
3.09979
0.312063
3.10031
0.299128
3.10437
0.314434
3.09665
0.308364
3.10438
0.320548
3.1034
0.313933
3.09281
0.306916
3.10666
0.304533
3.10545
0.313964
3.10251
0.311619
3.10437
0.313232
3.10239
0.319107
3.10328
0.311516
3.09653
0.30428
3.10739
0.315197
3.10197
0.301223
3.11332
0.309387
3.09905
0.300149
3.09446
0.312973
3.11168
0.30299
3.10152
0.308455
3.10395
0.311288
3.10978
0.31416
3.09751
0.318557
3.10931
0.313079
3.10237
0.304572
3.09734
0.316695
3.09942
0.317231
3.09659
0.309934
3.1121
0.302371
3.10299
0.30134
3.10008
0.318459
3.09629
0.310201
3.09707
0.306939
3.0968
0.316909
3.09867
0.300417
3.10585
0.305071
3.08843
0.307834
3.10992
0.306545
3.09867
0.304745
3.10225
0.304098
3.11412
0.319703
3.10819
0.311817
3.1151
0.323178
3.10902
0.312315
3.08688
0.320896
3.10944
0.313991
3.10933
0.297316
3.10981
0.307423
3.09734
0.312303
3.09883
0.31173
3.09623
0.300577
3.10497
0.314712
3.09827
0.306268
3.10411
0.31157
3.10615
0.305374
3.10897
0.306398
3.1032
0.312933
3.10424
0.297021
3.0871
0.307209
3.09834
0.299967
3.11158
0.305579
3.10067
0.31185
3.10578
0.297886
3.10191
0.311111
3.10893
0.318244
3.11677
0.310781
3.09584
0.3029
3.09398
0.323558
3.10868
0.309968
3.0987
0.307782
3.10315
0.316034
3.10583
0.308671
3.10934
0.314108
3.11056
0.306319
3.10049
0.30966
3.09974
0.305197
3.09998
0.318476
3.10496
0.298093
3.1028
0.311125
3.10874
0.309341
3.10904
0.311642
3.11207
0.330678
3.10082
0.317752
3.11357
0.305608
3.10558
0.312525
3.10036
0.304324
3.10949
0.305082
3.09797
0.309021
3.09224
0.311057
3.10981
0.323541
3.095
0.325442
3.10739
0.303767
3.10607
0.309962
3.09634
0.308834
3.10084
0.307824
3.10195
0.329107
3.10233
0.305452
3.10914
0.305287
3.09795
0.319264
3.10783
0.310551
3.10734
0.312405
3.0967
0.302511
3.11079
0.30887
3.10743
0.305787
3.11037
0.313365
3.09926
0.300638
3.10391
0.315976
3.10882
0.319103
3.1009
0.309986
3.10334
0.321053
3.10254
0.316545
3.10304
0.315535
3.09795
0.327269
3.10037
0.313111
3.10523
0.324186
3.10654
0.309607
3.10073
0.315519
3.09704
0.306612
3.10729
0.314714
3.10418
0.315315
3.09684
0.306701
3.10881
0.308013
3.1123
0.313586
3.0978
0.311964
3.10694
0.303174
3.10767
0.314574
3.09293
0.31669
3.10765
0.319925
3.10107
0.302586
3.11102
0.31293
3.11063
0.301763
3.10965
0.315707
3.09717
0.31365
3.10858
0.310536
3.1001
0.307127
3.10623
0.311059
3.11156
0.319015
3.10156
0.32363
3.09885
0.303161
3.10368
0.302038
3.1049
0.321214
3.10009
0.315906
3.09978
0.312554
3.0997
0.310846
3.10105
0.30591
3.10331
0.30484
3.10967
0.31852
3.11307
0.314449
3.10883
0.324698
3.099
0.306064
3.11148
0.292869
3.10172
0.307464
3.10868
0.316375
3.09955
0.312947
3.09992
0.318214
3.10403
0.316603
3.10963
0.316969
3.09509
0.307934
3.11791
0.326087
3.10231
0.333454
3.10397
0.301519
3.10716
0.305736
3.10557
0.313442
3.1066
0.306724
3.09615
0.309518
3.09222
0.306726
3.09825
0.300706
3.10054
0.312709
3.10619
0.318453
3.08805
0.311299
3.10316
0.310738
3.09659
0.2904
3.10893
0.322594
3.10507
0.310153
3.09727
0.306706
3.10579
0.31277
3.1102
0.311333
3.09574
0.309031
3.10168
0.303227
3.10452
0.303518
3.11589
0.309074
3.10745
0.324423
3.11353
0.315277
3.09727
0.321986
3.09945
0.31176
3.09508
0.306086
3.10212
0.313883
3.09897
0.322587
3.10434
0.322715
3.1175
0.314452
3.08936
0.316833
3.11683
0.305546
3.09829
0.306953
3.1068
0.323676
3.09728
0.31074
3.10103
0.311809
3.09635
0.318224
3.1053
0.304146
3.09813
0.297052
3.10127
0.324027
3.10187
0.310699
3.11428
0.303429
3.10493
0.30457
3.10027
0.314912
3.10665
0.307868
3.10828
0.312339
3.10308
0.319716
3.09873
0.32378
3.09919
0.301406
3.10691
0.315332
3.09944
0.320564
3.09432
0.311743
3.10843
0.305684
3.10511
0.31983
3.09553
0.313753
3.1021
0.312745
3.10512
0.308852
3.08921
0.31554
3.10931
0.316165
3.1061
0.313734
3.09909
0.306524
3.09907
0.305834
3.10966
0.311819
3.10943
0.30963
3.09902
0.309254
3.09532
0.309699
3.10684
0.308098
3.1047
0.315364
3.10589
0.305646
3.10598
0.313954
3.10108
0.306029
3.11519
0.313431
3.10176
0.308678
3.10166
0.307958
3.1078
0.316069
3.11009
0.31516
3.09544
0.306236
3.10278
0.305257
3.09476
0.325189
3.10461
0.306809
3.10268
0.305467
3.1005
0.320373
3.10198
0.311126
3.10078
0.320678
3.11683
0.307553
3.10584
0.312928
3.10426
0.314392
3.10024
0.309746
3.09536
0.308376
3.10072
0.31747
3.11127
0.322085
3.10346
0.307129
3.11299
0.316752
3.09861
0.30681
3.11742
0.314067
3.09767
0.31926
3.10531
0.307387
3.10976
0.312352
3.10147
0.300918
3.10148
0.311668
3.10024
0.315497
3.09501
0.312822
3.11257
0.308857
3.1025
0.323614
3.10611
0.31807
3.10712
0.30807
3.0965
0.296462
3.10532
0.314606
3.11829
0.320308
3.11461
0.307734
3.10505
0.306251
3.10545
0.308872
3.10803
0.313687
3.10806
0.314499
3.11798
0.306053
3.09926
0.314541
3.11813
0.324008
3.11148
0.308771
3.10424
0.308884
3.09819
0.315387
3.10798
0.316751
3.101
0.326592
3.09688
0.308225
3.11101
0.304623
3.09131
0.312551
3.11465
0.315512
3.09668
0.312419
3.1144
0.311424
3.10046
0.317733
3.11533
0.319015
3.1024
0.310711
3.10142
0.311187
3.09767
0.308781
3.09789
0.301714
3.10533
0.316448
3.10081
0.307031
3.09621
0.302343
3.11423
0.313635
3.10918
0.306059
3.10272
0.30591
3.11073
0.308949
3.10339
0.318285
3.10762
0.315203
3.09794
0.317869
3.09513
0.311249
3.10717
0.31003
3.104
0.31339
3.09635
0.303627
3.11009
0.310181
3.11129
0.307773
3.09582
0.305242
3.10741
0.31744
3.09903
0.317442
3.10925
0.309538
3.09627
0.316944
3.11073
0.304385
3.10665
0.307894
3.11022
0.304663
3.10975
0.306676
3.10432
0.328816
3.10376
0.307859
3.10359
0.299562
3.10598
0.307511
3.10643
0.312058
3.11004
0.318853
3.10957
0.310176
3.1061
0.316178
3.10138
0.325061
3.11315
0.314408
3.10249
0.309599
3.11199
0.320154
3.10468
0.319995
3.10511
0.308603
3.10768
0.29822
3.09448
0.317923
3.10854
0.31396
3.10997
0.319334
3.09104
0.304871
3.10878
0.311413
3.09878
0.306317
3.10717
0.314561
3.10525
0.305544
3.11176
0.327284
3.09713
0.316864
3.09478
0.30494
3.10294
0.317937
3.10328
0.309277
3.10599
0.309398
3.1039
0.315528
3.10424
0.305602
3.11521
0.305431
3.10005
0.313853
3.10666
0.310595
3.09487
0.312412
3.10724
0.307654
3.10681
0.320467
3.10234
0.313457
3.1024
0.306517
3.09384
0.301356
3.10092
0.299959
3.11729
0.303647
3.10409
0.305615
3.10267
0.307497
3.09859
0.320042
3.10882
0.30736
3.10874
0.324048
3.1029
0.309259
3.11486
0.309283
3.09601
0.306283
3.09742
0.323022
3.09969
0.307914
3.10293
0.310796
3.09745
0.313005
3.10128
0.301528
3.10783
0.31487
3.10599
0.302674
3.10456
0.323844
3.10002
0.317848
3.10771
0.320735
3.10247
0.31727
3.10656
0.305921
3.09677
0.314802
3.10318
0.311096
3.10821
0.300539
3.10882
0.321863
3.10125
0.306445
3.10896
0.320681
3.09641
0.311924
3.10173
0.31732
3.09921
0.313668
3.10291
0.308535
3.10213
0.320347
3.10021
0.298458
3.09659
0.309214
3.1156
0.325177
3.09439
0.311767
3.09581
0.315301
3.10774
0.313907
3.11019
0.306045
3.10657
0.319075
3.107
0.314079
3.09749
0.306741
3.09572
0.311132
3.09267
0.315136
3.09539
0.302193
3.10409
0.308527
3.10786
0.30793
3.10739
0.302642
3.09885
0.310598
3.09035
0.320783
3.10145
0.312167
3.1037
0.308173
3.10319
0.308149
3.09935
0.299289
3.09704
0.314257
3.09827
0.305605
3.10734
0.317033
3.09953
0.316566
3.10261
0.308637
3.11553
0.313048
3.1114
0.31729
3.09537
0.310782
3.10111
0.315389
3.10353
0.329299
3.09516
0.313134
3.11865
0.314765
3.11226
0.303723
3.09958
0.311051
3.1016
0.311367
3.10476
0.317747
3.10325
0.316764
3.10007
0.308606
3.09754
0.313486
3.11654
0.309723
3.09257
0.310067
3.10104
0.316243
3.1092
0.30423
3.09878
0.320482
3.09764
0.309992
3.11285
0.315115
3.10145
0.305625
3.1043
0.300887
3.1048
0.304674
3.09743
0.310797
3.09594
0.316141
3.12088
0.316558
3.11006
0.311916
3.10738
0.310367
3.10125
0.314672
3.10196
0.313172
3.10439
0.31638
3.1027
0.315982
3.10918
0.315935
3.11194
0.310361
3.10272
0.313387
3.10742
0.312681
3.09648
0.314637
3.10559
0.318714
3.09859
0.319881
3.10653
0.309242
3.109
0.311733
3.11241
0.299291
3.09726
0.310568
3.10357
0.309105
3.11729
0.312673
3.10472
0.324498
3.10571
0.317803
3.0937
0.317931
3.09903
0.312067
3.10302
0.308751
3.09585
0.309442
3.11085
0.307952
3.10635
0.313468
3.10308
0.326431
3.10158
0.313669
3.09321
0.323425
3.10158
0.312549
3.11342
0.323851
3.09951
0.315247
3.10114
0.313755
3.10324
0.31445
3.10772
0.319566
3.09983
0.324962
3.10582
0.309147
3.11083
0.304728
3.10092
0.319056
3.10785
0.310908
3.09471
0.311318
3.10574
0.32393
3.09288
0.31567
3.10691
0.301924
3.10211
0.321501
3.11754
0.313152
3.11164
0.298497
3.10907
0.322207
3.1002
0.308066
3.10348
0.318638
3.10271
0.303896
3.11173
0.302692
3.10192
0.31059
3.10318
0.322181
3.10338
0.313723
3.0998
0.304035
3.1042
0.302792
3.0983
0.31038
3.10473
0.315229
3.10162
0.310318
3.09077
0.303924
3.09918
0.305482
3.1042
0.319564
3.10819
0.305036
3.11763
0.312775
3.09557
0.312977
3.10265
0.318187
3.09291
0.316863
3.11195
0.306587
3.09902
0.301687
3.10743
0.316227
3.10936
0.307497
3.10427
0.312191
3.10002
0.314005
3.09489
0.313637
3.09795
0.300726
3.10783
0.307169
3.10787
0.305625
3.10172
0.314468
3.10641
0.315428
3.10671
0.306137
3.10398
0.310628
3.10064
0.309778
3.09024
0.318637
3.10015
0.314586
3.0953
0.304965
3.12078
0.315811
3.10943
0.305697
3.0948
0.298362
3.10982
0.313426
3.09463
0.313164
3.09978
0.321202
3.10448
0.324819
3.10715
0.320178
3.1008
0.303722
3.10237
0.306451
3.10277
0.313419
3.1128
0.30686
3.1041
0.31076
3.11079
0.312069
3.11098
0.314372
3.10743
0.301932
3.11049
0.321165
3.09621
0.314282
3.09608
0.304885
3.10533
0.318879
3.10218
0.312635
3.10293
0.315427
3.10194
0.314571
3.11032
0.317111
3.09914
0.311331
3.10813
0.317455
3.09902
0.314958
3.09757
0.317884
3.10537
0.312459
3.10233
0.312578
3.09311
0.310244
3.10178
0.308321
3.10883
0.304391
3.09293
0.310743
3.10405
0.318382
3.09656
0.304883
3.09184
0.315166
3.096
0.319405
3.10857
0.305203
3.11859
0.309268
3.10714
0.323525
3.09803
0.310732
3.1163
0.319629
3.09179
0.310303
3.1005
0.311498
3.10057
0.302012
3.10914
0.306527
3.1025
0.316796
3.10456
0.304379
3.11677
0.306533
3.11091
0.314024
3.0944
0.30631
3.10431
0.30946
3.11136
0.310534
3.10945
0.32218
3.08951
0.32217
3.08712
0.313153
3.1047
0.311675
3.10545
0.322705
3.09616
0.315679
3.10641
0.304384
3.08724
0.299408
3.10311
0.303599
3.09719
0.318493
3.10469
0.300451
3.108
0.308907
3.09324
0.310755
3.09825
0.301398
3.10561
0.317706
3.09874
0.316528
3.10943
0.309837
3.10125
0.318477
3.10366
0.319661
3.10477
0.311365
3.09996
0.310424
3.10244
0.314631
3.09453
0.316627
3.09939
0.308564
3.10292
0.303558
3.1078
0.316506
3.09283
0.319674
3.10947
0.307722
3.12018
0.312695
3.11315
0.301178
3.1093
0.310852
3.09299
0.298787
3.10031
0.313462
3.10293
0.308096
3.11181
0.301961
3.10178
0.312793
3.10677
0.319364
3.10861
0.3044
3.09157
0.308703
3.10219
0.315962
3.10016
0.311199
3.11519
0.309693
3.10381
0.311235
3.11407
0.314505
3.1051
0.296917
3.11238
0.313564
3.1
0.299384
3.10485
0.302326
3.09607
0.31233
3.10401
0.314535
3.09806
0.305214
3.10703
0.313814
3.0897
0.307379
3.10012
0.309191
3.10055
0.315008
3.10528
0.311719
3.10724
0.317222
3.09624
0.32
3.11169
0.313191
3.10633
0.308639
3.09785
0.314594
3.0944
0.301904
3.10475
0.306628
3.09986
0.311695
3.10292
0.312762
3.1007
0.303744
3.10604
0.310716
3.11373
0.306257
3.11117
0.307281
3.10207
0.306377
3.11298
0.314047
3.10345
0.316776
3.09871
0.305429
3.11408
0.31702
3.1015
0.308917
3.11621
0.327688
3.09815
0.317488
3.0962
0.31208
3.10807
0.31263
3.09524
0.309299
3.1063
0.316929
3.09616
0.311578
3.10207
0.306151
3.11211
0.295507
3.09396
0.310342
3.10034
0.308073
3.09304
0.320109
3.0968
0.315099
3.10425
0.308415
3.09691
0.312712
3.10871
0.319674
3.1053
0.296992
3.10851
0.304245
3.104
0.311636
3.09497
0.308988
3.11583
0.321426
3.10656
0.312383
3.10558
0.31806
3.10205
0.306065
3.09526
0.31804
3.10701
0.304453
3.1057
0.318007
3.0959
0.31906
3.1066
0.311744
3.10533
0.318911
3.11176
0.310007
3.1086
0.310991
3.10933
0.325519
3.09788
0.313383
3.11055
0.311159
3.09458
0.311776
3.09555
0.298109
3.10243
0.328929
3.10832
0.308149
3.09218
0.312389
3.10513
0.308921
3.10151
0.305847
3.11009
0.308553
3.10616
0.308194
3.10514
0.304329
3.10155
0.30783
3.09796
0.316409
3.10381
0.317747
3.09748
0.308829
3.10265
0.299687
3.11256
0.310741
3.10413
0.311829
3.11527
0.317629
3.09557
0.316807
3.10092
0.325398
3.10809
0.311604
3.08492
0.304956
3.10075
0.319828
3.10686
0.318325
3.09966
0.316313
3.0984
0.307332
3.10185
0.310985
3.12405
0.311162
3.11032
0.322996
3.10127
0.302143
3.1004
0.301961
3.09455
0.306936
3.10179
0.301023
3.09271
0.31977
3.10608
0.33439
3.10132
0.3148
3.09591
0.311328
3.10125
0.329317
3.103
0.317904
3.11747
0.317905
3.09932
0.305882
3.11299
0.30758
3.1048
0.322923
3.1022
0.314339
3.11123
0.325991
3.10415
0.319511
3.09667
0.313183
3.1018
0.306109
3.09822
0.318639
3.1091
0.326111
3.10554
0.314936
3.09855
0.299849
3.10936
0.315817
3.09819
0.304066
3.10813
0.315102
3.09881
0.311974
3.10065
0.311445
3.10115
0.306167
3.10563
0.317351
3.11177
0.314193
3.10642
0.31277
3.10472
0.313563
3.10533
0.31958
3.09071
0.305585
3.1056
0.302925
3.11108
0.315736
3.10625
0.309551
3.09752
0.310891
3.10564
0.313252
3.09439
0.311065
3.09307
0.303828
3.096
0.313329
3.10191
0.308298
3.11251
0.316237
3.10574
0.319152
3.10459
0.316553
3.09756
0.303938
3.10527
0.30848
3.09974
0.301662
3.10313
0.30856
3.10278
0.328363
3.10386
0.307357
3.10299
0.308397
3.10897
0.317299
3.09573
0.311174
3.10458
0.304836
3.09849
0.316191
3.09291
0.312917
3.10355
0.324269
3.09531
0.310227
3.1055
0.315878
3.10584
0.311946
3.09868
0.316161
3.09143
0.312747
3.10645
0.311372
3.10679
0.318212
3.09463
0.322904
3.108
0.322796
3.09927
0.318574
3.11388
0.315562
3.10851
0.321394
3.109
0.305159
3.09734
0.311104
3.11446
0.304563
3.11406
0.304935
3.0855
0.310801
3.09813
0.31497
3.10268
0.30951
3.10206
0.318462
3.10522
0.314954
3.09884
0.301211
3.10316
0.316125
3.1089
0.319712
3.10757
0.311253
3.09446
0.300597
3.10793
0.319949
3.09814
0.314596
3.10085
0.312827
3.10284
0.311161
3.10959
0.300729
3.10113
0.312654
3.09943
0.309076
3.09513
0.320753
3.09897
0.311683
3.09406
0.306596
3.09858
0.305239
3.10669
0.300177
3.09873
0.312174
3.10089
0.302172
3.11408
0.307485
3.09999
0.307437
3.09729
0.317069
3.09434
0.302845
3.10079
0.314809
3.0909
0.308742
3.1039
0.317143
3.10277
0.300674
3.10465
0.30722
3.1
0.314185
3.10035
0.309856
3.11731
0.3076
3.09874
0.307555
3.11041
0.309004
3.10088
0.323583
3.098
0.319657
3.10439
0.310831
3.09858
0.297679
3.1043
0.307698
3.10539
0.315745
3.11477
0.305752
3.10699
0.323158
3.10504
0.31563
3.10879
0.321614
3.11119
0.318387
3.10154
0.318775
3.09705
0.316239
3.10189
0.306927
3.10599
0.311564
3.09657
0.314309
3.10768
0.320722
3.10237
0.302046
3.09685
0.312936
3.09857
0.305139
3.10064
0.310745
3.10554
0.312722
3.11338
0.32086
3.10832
0.319245
3.10723
0.318686
3.10265
0.305115
3.10294
0.303529
3.09929
0.304982
3.09653
0.328039
3.11718
0.315992
3.10394
0.308685
3.10161
0.314321
3.10374
0.31491
3.10902
0.297934
3.09477
0.309423
3.10942
0.308711
3.11749
0.308864
3.10448
0.308397
3.10521
0.304194
3.10729
0.323908
3.10846
0.313795
3.1036
0.317654
3.09717
0.313274
3.10053
0.306323
3.10369
0.314264
3.1028
0.310848
3.10449
0.313552
3.10755
0.316401
3.09903
0.310773
3.09098
0.310759
3.10838
0.325474
3.10007
0.306624
3.10182
0.319075
3.0972
0.309333
3.10601
0.305596
3.10297
0.313997
3.09581
0.308355
3.09387
0.320129
3.09788
0.303241
3.09785
0.316881
3.09782
0.322501
3.11266
0.330772
3.10657
0.318512
3.09495
0.306808
3.0979
0.319718
3.10127
0.307934
3.10462
0.303868
3.10836
0.312832
3.10777
0.309866
3.09993
0.315911
3.10111
0.314344
3.10059
0.308132
3.10249
0.317294
3.10065
0.317942
3.09175
0.302115
3.11351
0.310056
3.10047
0.30975
3.1044
0.315096
3.10614
0.309748
3.10099
0.320904
3.10688
0.310244
3.10024
0.309965
3.10113
0.305819
3.09923
0.306297
3.09395
0.315725
3.10015
0.317736
3.11925
0.30877
3.09957
0.322106
3.11712
0.307192
3.1028
0.312237
3.10277
0.313197
3.09902
0.309051
3.10833
0.303482
3.10163
0.304632
3.10177
0.299376
3.11056
0.31489
3.09974
0.316802
3.11239
0.319477
3.10638
0.304613
3.10385
0.319115
3.10618
0.311552
3.10648
0.312617
3.09866
0.308561
3.11071
0.308451
3.11687
0.320262
3.11473
0.317424
3.09976
0.321847
3.10765
0.303968
3.09849
0.313137
3.11023
0.317617
3.10998
0.315297
3.11444
0.308732
3.12504
0.31157
3.10903
0.313063
3.10119
0.303963
3.09618
0.30973
3.10588
0.303364
3.11347
0.324515
3.09418
0.310495
3.08932
0.304974
3.09208
0.308498
3.10754
0.3074
3.10625
0.324151
3.09881
0.308721
3.10729
0.307519
3.1077
0.317336
3.1003
0.304188
3.104
0.312944
3.09875
0.305178
3.11063
0.314156
3.10464
0.324091
3.09856
0.317383
3.10593
0.311905
3.09874
0.310265
3.09539
0.303626
3.11675
0.305715
3.10397
0.312617
3.11087
0.30457
3.10107
0.322009
3.10105
0.313995
3.09949
0.307841
3.09609
0.325252
3.10591
0.307739
3.10242
0.306179
3.09978
0.31205
3.09411
0.329624
3.10039
0.31519
3.10049
0.331539
3.10506
0.307943
3.11132
0.315902
3.09885
0.305087
3.11216
0.314743
3.1081
0.307546
3.11109
0.310658
3.10735
0.310852
3.0975
0.304002
3.09976
0.298005
3.11356
0.317525
3.11961
0.306849
3.09269
0.311575
3.0967
0.298573
3.11485
0.300882
3.09903
0.31253
3.11077
0.302878
3.09994
0.306703
3.10631
0.317086
3.10362
0.31846
3.10384
0.315757
3.10147
0.312473
3.10955
0.314344
3.09379
0.321128
3.09803
0.314875
3.09813
0.327657
3.10382
0.321456
3.10252
0.314586
3.10342
0.336899
3.09836
0.31412
3.10162
0.314703
3.0978
0.317516
3.10109
0.313788
3.1021
0.306198
3.09993
0.316765
3.09763
0.314015
3.10143
0.307284
3.10288
0.298859
3.09574
0.328974
3.09535
0.311502
3.10701
0.32293
3.08935
0.309692
3.09365
0.309771
3.10663
0.29532
3.09771
0.314074
3.09642
0.31168
3.10099
0.323956
3.09751
0.314632
3.10218
0.313416
3.11085
0.320734
3.11477
0.311096
3.10866
0.31
3.09579
0.311429
3.09323
0.316939
3.09962
0.315517
3.1019
0.312348
3.10506
0.310339
3.10914
0.305445
3.1075
0.315295
3.10317
0.319008
3.10835
0.32504
3.09874
0.312302
3.11088
0.301396
3.09847
0.318264
3.09865
0.31104
3.10938
0.323007
3.09628
0.300741
3.10574
0.31073
3.11113
0.30645
3.10649
0.316939
3.10991
0.324492
3.09912
0.315203
3.10379
0.30857
3.10852
0.319719
3.10296
0.306577
3.10478
0.309211
3.10017
0.31229
3.10039
0.306469
3.1029
0.304488
3.09414
0.312922
3.0968
0.315096
3.09953
0.32506
3.0955
0.328561
3.107
0.311765
3.102
0.322503
3.11099
0.314336
3.09444
0.313959
3.10227
0.31358
3.09877
0.324184
3.11306
0.319973
3.10334
0.322055
3.10329
0.314665
3.10317
0.322653
3.10146
0.318405
3.10411
0.313826
3.11168
0.314699
3.10653
0.328885
3.08672
0.316792
3.10676
0.315384
3.10192
0.305986
3.10282
0.313526
3.10763
0.313444
3.0944
0.313964
3.10372
0.314861
3.12062
0.318583
3.09932
0.318431
3.09864
0.305794
3.09447
0.307836
3.10058
0.307729
3.10922
0.320729
3.09687
0.302943
3.10017
0.310924
3.10858
0.3159
3.09183
0.309287
3.10053
0.315036
3.10772
0.312282
3.1102
0.304766
3.09984
0.304003
3.10377
0.313602
3.10613
0.306737
3.10333
0.317558
3.09826
0.303792
3.10302
0.311072
3.10032
0.309097
3.10308
0.309163
3.11659
0.312067
3.11125
0.316005
3.09934
0.31549
3.11006
0.316363
3.09453
0.308606
3.09554
0.305138
3.10974
0.311823
3.10673
0.31637
3.0971
0.318648
3.10714
0.307733
3.10174
0.304867
3.1037
0.319761
3.11607
0.308959
3.11002
0.32284
3.10299
0.310612
3.09904
0.313318
3.10669
0.307449
3.11015
0.310457
3.10699
0.32272
3.10028
0.308508
3.10748
0.310587
3.10332
0.312589
3.11195
0.309694
3.10173
0.308228
3.10341
0.29785
3.10501
0.303272
3.1092
0.318686
3.10706
0.308644
3.10797
0.320507
3.09735
0.300896
3.10729
0.316858
3.10396
0.317925
3.10737
0.327946
3.10993
0.314996
3.10358
0.315794
3.0914
0.308928
3.10146
0.310124
3.10214
0.317832
3.10402
0.315029
3.09669
0.314902
3.11221
0.311062
3.11131
0.321349
3.10696
0.310254
3.10555
0.312158
3.10304
0.309501
3.10477
0.333602
3.11065
0.310561
3.0957
0.312471
3.10545
0.315299
3.10083
0.305185
3.09434
0.322862
3.10419
0.303847
3.10603
0.312956
3.10217
0.311049
3.11027
0.330694
3.10535
0.323684
3.10138
0.313699
3.10478
0.313981
3.10116
0.306779
3.10046
0.311919
3.10185
0.316824
3.09551
0.299374
3.10649
0.303031
3.10979
0.312962
3.10137
0.33199
3.1122
0.307895
3.11317
0.300756
3.11321
0.295992
3.10303
0.310373
3.09624
0.311096
3.10357
0.316068
3.10709
0.323993
3.09873
0.320619
3.1051
0.308925
3.09891
0.309226
3.10579
0.32552
3.10032
0.316884
3.09327
0.303607
3.09886
0.317445
3.11032
0.31247
3.10748
0.308744
3.10791
0.3161
3.09571
0.31401
3.1024
0.305149
3.10182
0.299729
3.09515
0.300317
3.10999
0.311668
3.10464
0.315984
3.10724
0.312548
3.10516
0.307195
3.102
0.30798
3.10089
0.314692
3.10074
0.314754
3.10181
0.321053
3.09044
0.31925
3.10823
0.332945
3.10301
0.304257
3.09778
0.328839
3.09301
0.293957
3.11466
0.301813
3.11152
0.308268
3.10306
0.313636
3.10601
0.31766
3.11128
0.311195
3.09461
0.308092
3.114
0.315649
3.09653
0.306482
3.12263
0.305803
3.11138
0.317507
3.10569
0.307595
3.09708
0.330145
3.1014
0.310486
3.09146
0.314144
3.1081
0.308862
3.0963
0.307284
3.10458
0.314665
3.09291
0.301421
3.10687
0.319293
3.09961
0.31644
3.10518
0.315146
3.10229
0.299566
3.101
0.309585
3.10098
0.304021
3.11221
0.310555
3.09941
0.306936
3.10428
0.320171
3.09744
0.301589
3.10868
0.310564
3.10862
0.303716
3.10836
0.299217
3.11494
0.320253
3.09916
0.307732
3.10574
0.300609
3.11177
0.309371
3.11302
0.300521
3.09897
0.313921
3.11075
0.31051
3.09111
0.316191
3.09053
0.303893
3.09364
0.324951
3.1037
0.312373
3.0929
0.322745
3.10863
0.303349
3.09829
0.305577
3.10852
0.309012
3.09825
0.319207
3.11213
0.295916
3.1008
0.314391
3.11294
0.315627
3.10434
0.321997
3.1014
0.311114
3.10964
0.31079
3.09642
0.30195
3.09819
0.319052
3.09679
0.312593
3.11086
0.319
3.09184
0.306121
3.09139
0.305555
3.10473
0.296283
3.10642
0.31447
3.11344
0.326399
3.10499
0.321086
3.10711
0.311165
3.09659
0.326676
3.105
0.316437
3.10184
0.323104
3.10896
0.304224
3.10193
0.303445
3.11543
0.311675
3.11167
0.316402
3.09596
0.309868
3.09715
0.308819
3.1161
0.308061
3.10356
0.311188
3.10615
0.303599
3.10713
0.32054
3.10687
0.312076
3.10812
0.314382
3.10588
0.312559
3.11353
0.302723
3.10302
0.312313
3.08995
0.289681
3.09998
0.309445
3.1043
0.297082
3.09645
0.302917
3.09318
0.313047
3.10259
0.305715
3.10633
0.316102
3.1035
0.312316
3.10199
0.32524
3.106
0.314571
3.10051
0.307999
3.10989
0.31164
3.10624
0.305354
3.0996
0.321709
3.10054
0.315232
3.10647
0.30558
3.10502
0.318526
3.1041
0.307556
3.09972
0.313237
3.1125
0.319271
3.10202
0.309331
3.10271
0.311732
3.11059
0.304585
3.09471
0.307375
3.09509
0.315435
3.10648
0.300173
3.09402
0.333137
3.10739
0.315951
3.11281
0.310718
3.10076
0.303933
3.1088
0.313399
3.10856
0.315652
3.10497
0.312032
3.11107
0.31451
3.10641
0.314365
3.10757
0.309256
3.0991
0.313613
3.0979
0.310253
3.10308
0.323884
3.10101
0.317225
3.09792
0.313656
3.11662
0.312396
3.10241
0.299584
3.09085
0.299231
3.0942
0.322099
3.09949
0.307657
3.1032
0.332232
3.105
0.303751
3.10964
0.301655
3.09894
0.308036
3.11687
0.309481
3.10022
0.308438
3.10607
0.311856
3.10534
0.300608
3.10539
0.32262
3.10458
0.307608
3.1014
0.321933
3.1108
0.307425
3.08689
0.308484
3.10627
0.307721
3.09892
0.308043
3.09621
0.328407
3.10168
0.30318
3.10387
0.311839
3.10506
0.310415
3.10247
0.321246
3.10733
0.29781
3.09815
0.321686
3.10487
0.307768
3.09748
0.310685
3.10046
0.307976
3.10101
0.312034
3.0998
0.313665
3.10602
0.311259
3.09869
0.313752
3.10368
0.310547
3.11238
0.32088
3.09821
0.31258
3.09219
0.302862
3.10099
0.304264
3.10286
0.331983
3.09573
0.310555
3.09639
0.308859
3.10858
0.319897
3.10117
0.315077
3.10893
0.312262
3.11234
0.30337
3.09303
0.31515
3.09909
0.318218
3.10751
0.32426
3.10711
0.320954
3.09783
0.308751
3.10894
0.315571
3.10135
0.31433
3.09701
0.311949
3.09464
0.308028
3.09347
0.327159
3.09681
0.30373
3.11161
0.316359
3.11109
0.309368
3.10291
0.304926
3.10091
0.315268
3.10235
0.320887
3.10544
0.310522
3.10794
0.314108
3.1094
0.30747
3.10376
0.302668
3.10243
0.319872
3.09226
0.3127
3.09634
0.299769
3.11371
0.302597
3.09516
0.315051
3.11343
0.301247
3.09961
0.307197
3.10777
0.311916
3.1035
0.316884
3.11666
0.30372
3.1034
0.318862
3.112
0.316968
3.10656
0.319868
3.09734
0.324034
3.10311
0.310063
3.11101
0.314413
3.09418
0.300777
3.09654
0.307662
3.1071
0.316113
3.11006
0.319103
3.09553
0.314426
3.11233
0.302986
3.09858
0.30859
3.1001
0.30852
3.10369
0.336373
3.09955
0.320792
3.09927
0.312456
3.10374
0.301508
3.10125
0.313389
3.12519
0.296137
3.10135
0.317924
3.10484
0.31967
3.1127
0.316791
3.09306
0.303973
3.10344
0.312775
3.10114
0.311282
3.09988
0.299722
3.11075
0.31454
3.10953
0.31991
3.09942
0.308279
3.10338
0.328045
3.10776
0.311052
3.10599
0.316386
3.10669
0.310459
3.10205
0.302739
3.09803
0.307691
3.10369
0.309145
3.11462
0.318444
3.10357
0.321094
3.09998
0.291993
3.11761
0.311911
3.1105
0.314479
3.1067
0.318208
3.10709
0.304277
3.09832
0.3158
3.11171
0.318801
3.09824
0.310302
3.10149
0.303955
3.08924
0.313027
3.12272
0.315948
3.10405
0.308771
3.10451
0.308668
3.1017
0.318405
3.10426
0.305145
3.10883
0.319148
3.10558
0.330795
3.10179
0.307484
3.09148
0.328261
3.10095
0.310209
3.09921
0.329321
3.11046
0.311136
3.10415
0.311796
3.10672
0.309115
3.10261
0.309204
3.09736
0.311073
3.11373
0.307173
3.1038
0.310162
3.11008
0.314979
3.10559
0.31888
3.11723
0.324669
3.10362
0.316226
3.10134
0.309716
3.10312
0.30953
3.10082
0.317219
3.10421
0.325994
3.10416
0.297754
3.09449
0.309455
3.09997
0.307036
3.1233
0.30586
3.11048
0.307413
3.09632
0.313683
3.11619
0.322741
3.09976
0.297033
3.10954
0.321385
3.10203
0.302013
3.10725
0.311382
3.10308
0.313367
3.0967
0.307348
3.10726
0.294576
3.10444
0.301239
3.11329
0.305155
3.10711
0.312912
3.10639
0.302226
3.10691
0.304452
3.10608
0.316896
3.10545
0.311166
3.10527
0.316939
3.10953
0.302299
3.09689
0.309191
3.11109
0.320708
3.10513
0.308993
3.09629
0.320249
3.11462
0.313452
3.09541
0.306659
3.10956
0.313563
3.10735
0.316941
3.11219
0.315089
3.10145
0.301742
3.10314
0.312812
3.10252
0.328278
3.10263
0.30695
3.10451
0.307233
3.10793
0.313857
3.10163
0.306135
3.10645
0.313261
3.10538
0.311325
3.10068
0.296314
3.10713
0.312821
3.10558
0.298665
3.11084
0.310713
3.10751
0.308574
3.10397
0.313538
3.11167
0.311116
3.11214
0.306409
3.096
0.306568
3.09502
0.318559
3.1011
0.29912
3.11653
0.313531
3.09804
0.315069
3.10707
0.312166
3.10937
0.307384
3.10576
0.304082
3.1001
0.308736
3.10645
0.312685
3.10336
0.31905
3.11357
0.308026
3.10723
0.307157
3.10518
0.310644
3.09843
0.316616
3.1134
0.31893
3.10428
0.327174
3.09554
0.30828
3.09049
0.300151
3.1078
0.31889
3.10978
0.314873
3.09701
0.317938
3.10774
0.309174
3.10485
0.311406
3.09982
0.312256
3.10363
0.326967
3.1101
0.317642
3.09663
0.320791
3.11905
0.324645
3.10164
0.312778
3.10042
0.326072
3.1009
0.311475
3.10457
0.305109
3.10565
0.316388
3.10302
0.323574
3.10663
0.295092
3.10207
0.318724
3.101
0.301545
3.09777
0.319263
3.11068
0.310042
3.10227
0.319467
3.11051
0.324568
3.10541
0.30209
3.10483
0.329132
3.10623
0.311084
3.10645
0.303222
3.10667
0.312836
3.10377
0.311381
3.09598
0.298435
3.10937
0.315563
3.09481
0.304997
3.10189
0.311005
3.10809
0.302632
3.08649
0.297744
3.10478
0.317352
3.10948
0.303311
3.10768
0.307208
3.10168
0.316001
3.10553
0.315018
3.09739
0.308722
3.10835
0.304466
3.11944
0.311964
3.09875
0.303536
3.10379
0.31526
3.09987
0.313357
3.10789
0.322308
3.10061
0.307271
3.09317
0.315741
3.09868
0.314088
3.09863
0.309733
3.09604
0.30558
3.09336
0.312853
3.10016
0.318417
3.11197
0.315801
3.104
0.304084
3.10677
0.327666
3.10584
0.299522
3.11077
0.308005
3.10194
0.309338
3.09212
0.298199
3.11064
0.308434
3.09858
0.302501
3.10717
0.319631
3.10747
0.304424
3.10331
0.309132
3.10933
0.300779
3.10506
0.30324
3.10346
0.305891
3.10005
0.309566
3.0974
0.313289
3.11131
0.307496
3.10709
0.310964
3.09784
0.305456
3.10884
0.308586
3.10427
0.299
3.10639
0.305795
3.1143
0.314784
3.09618
0.319286
3.1007
0.301752
3.10665
0.31409
3.11416
0.3242
3.0981
0.311049
3.09945
0.304527
3.10506
0.313018
3.10877
0.30794
3.10187
0.310742
3.09078
0.30987
3.09181
0.315241
3.09941
0.308467
3.1034
0.307231
3.10895
0.314318
3.1067
0.307419
3.11324
0.305744
3.11289
0.309169
3.1019
0.299402
3.099
0.323208
3.10654
0.318049
3.10705
0.311588
3.09955
0.309203
3.09354
0.305986
3.11203
0.305485
3.09726
0.311061
3.10679
0.334406
3.10189
0.319751
3.09636
0.309567
3.11236
0.315835
3.11355
0.303443
3.11445
0.320397
3.10254
0.304211
3.10853
0.306838
3.09729
0.310126
3.1064
0.324783
3.11248
0.302925
3.09917
0.293023
3.10598
0.316637
3.10175
0.329449
3.09647
0.312456
3.10036
0.306223
3.09931
0.313323
3.11309
0.316944
3.09953
0.30859
3.10714
0.318451
3.10813
0.315248
3.102
0.302343
3.10745
0.3129
3.11521
0.306708
3.10671
0.308917
3.10394
0.317765
3.10794
0.308289
3.1125
0.309335
3.10738
0.307782
3.09092
0.314345
3.09334
0.315657
3.11401
0.312876
3.10155
0.309892
3.10664
0.30232
3.10245
0.305172
3.1024
0.310244
3.11168
0.313778
3.10544
0.314104
3.10763
0.305232
3.10773
0.318591
3.10876
0.307591
3.11092
0.304324
3.09606
0.311223
3.09593
0.309824
3.11472
0.303125
3.11517
0.318687
3.1075
0.320998
3.10448
0.31377
3.11525
0.30572
3.10292
0.320065
3.09912
0.306034
3.09918
0.298407
3.10622
0.30635
3.10444
0.313238
3.09566
0.320055
3.11396
0.310638
3.10535
0.305444
3.11506
0.313155
3.09923
0.309942
3.10382
0.306425
3.09775
0.311499
3.1004
0.305697
3.09891
0.314572
3.09607
0.318716
3.10158
0.307307
3.10529
0.316773
3.10235
0.315121
3.10885
0.310498
3.10055
0.308531
3.11156
0.314996
3.11058
0.307226
3.09415
0.312383
3.09558
0.323088
3.10273
0.307389
3.10139
0.317826
3.10841
0.32337
3.10656
0.31113
3.10181
0.30046
3.09878
0.311269
3.09256
0.31321
3.10644
0.313513
3.10292
0.308178
3.10234
0.318496
3.09985
0.321807
3.10912
0.306649
3.10431
0.307242
3.10444
0.311513
3.10354
0.311557
3.11649
0.312572
3.09529
0.312629
3.10049
0.321999
3.10762
0.31641
3.09289
0.304976
3.09952
0.309923
3.09905
0.309688
3.10291
0.324019
3.10102
0.312784
3.1058
0.315714
3.09955
0.308171
3.10477
0.315565
3.10166
0.298539
3.10054
0.315557
3.10198
0.311396
3.10644
0.317629
3.10087
0.30871
3.1027
0.312511
3.10294
0.298922
3.1078
0.302162
3.10568
0.308988
3.09575
0.31854
3.10491
0.306915
3.1033
0.30015
3.10018
0.31823
3.09485
0.315812
3.09464
0.307536
3.11239
0.309638
3.09591
0.32289
3.10843
0.31726
3.11009
0.309458
3.10434
0.312814
3.10574
0.315374
3.10187
0.318471
3.10099
0.323852
3.09682
0.297371
3.10742
0.323549
3.10107
0.314543
3.10373
0.303829
3.10576
0.313603
3.11042
0.315715
3.10387
0.305657
3.10288
0.314311
3.11067
0.319805
3.09712
0.307496
3.0889
0.312507
3.09172
0.307651
3.0988
0.311726
3.10016
0.308399
3.09366
0.304858
3.10032
0.31683
3.11683
0.306644
3.10456
0.315263
3.11906
0.304174
3.09881
0.298698
3.10416
0.312982
3.11686
0.305951
3.10439
0.314476
3.10193
0.296662
3.10616
0.309891
3.10509
0.320519
3.10044
0.312598
3.10243
0.322802
3.11986
0.301513
3.09482
0.303882
3.10577
0.307471
3.09245
0.306196
3.10442
0.307882
3.09747
0.308371
3.10179
0.31
3.11132
0.309573
3.10419
0.319053
3.10679
0.314968
3.11368
0.302598
3.10376
0.30954
3.10787
0.310054
3.10085
0.313272
3.09736
0.303731
3.11075
0.319473
3.09607
0.301064
3.10213
0.324339
3.10505
0.322284
3.09859
0.313342
3.09724
0.306565
3.10204
0.306863
3.10218
0.310342
3.11254
0.312027
3.10537
0.307816
3.10665
0.306694
3.09358
0.315872
3.1129
0.318232
3.0878
0.308203
3.10616
0.314
3.10334
0.316309
3.10452
0.309263
3.10185
0.322701
3.10017
0.314851
3.10677
0.308538
3.10105
0.318006
3.09476
0.312784
3.10235
0.322157
3.09599
0.31053
3.11134
0.308707
3.10098
0.307026
3.1076
0.322328
3.11421
0.326261
3.10555
0.339121
3.11086
0.305484
3.09806
0.303515
3.09932
0.315825
3.09545
0.322682
3.10226
0.312104
3.10321
0.328154
3.10223
0.319007
3.1101
0.325311
3.10019
0.313338
3.10584
0.313317
3.09752
0.313496
3.10868
0.307798
3.10477
0.311185
3.10584
0.308277
3.1011
0.307169
3.10144
0.313503
3.10564
0.319594
3.1005
0.300532
3.1052
0.319721
3.10065
0.299509
3.09928
0.303603
3.1064
0.312133
3.10571
0.303837
3.11761
0.315102
3.10116
0.300518
3.11316
0.312475
3.10341
0.325479
3.10656
0.316791
3.09789
0.324278
3.10226
0.308029
3.11292
0.30311
3.11208
0.305714
3.10064
0.296923
3.10512
0.315984
3.1171
0.316398
3.10128
0.305174
3.10177
0.310489
3.10159
0.303237
3.10967
0.315288
3.09908
0.304295
3.11383
0.323927
3.10116
0.326859
3.09765
0.316223
3.109
0.31132
3.0975
0.31101
3.11381
0.323637
3.09537
0.314685
3.09583
0.312849
3.10486
0.312666
3.10323
0.308202
3.10183
0.317518
3.09989
0.323345
3.09586
0.309042
3.09537
0.316219
3.09597
0.333091
3.10662
0.306166
3.10024
0.304472
3.10537
0.312756
3.1021
0.313184
3.10879
0.306912
3.09668
0.313041
3.10501
0.30286
3.11104
0.309631
3.1059
0.302372
3.10529
0.309321
3.11152
0.318697
3.10126
0.317415
3.09735
0.303678
3.10405
0.311277
3.10122
0.311922
3.11477
0.316666
3.10107
0.303057
3.09808
0.322052
3.10034
0.304574
3.09403
0.311102
3.10198
0.303491
3.09262
0.311537
3.10572
0.320621
3.11073
0.312826
3.10206
0.325802
3.10005
0.321731
3.10274
0.314763
3.0976
0.309929
3.09912
0.310253
3.09667
0.307188
3.10653
0.310058
3.10737
0.327172
3.1017
0.304105
3.11315
0.311058
3.10559
0.308728
3.10976
0.30338
3.10262
0.315764
3.09998
0.319323
3.10317
0.313398
3.10161
0.2976
3.11049
0.302973
3.10435
0.314482
3.10786
0.313679
3.10796
0.319476
3.10487
0.307922
3.09213
0.301505
3.10402
0.312325
3.10304
0.308856
3.1033
0.310786
3.10747
0.311277
3.11542
0.305148
3.09444
0.311322
3.09682
0.305985
3.11197
0.307541
3.10844
0.317615
3.10362
0.310841
3.09276
0.311897
3.09752
0.309104
3.0973
0.308791
3.10998
0.300273
3.10164
0.312418
3.1047
0.318651
3.11268
0.308186
3.09962
0.313659
3.09575
0.313705
3.10567
0.315185
3.11252
0.306888
3.09654
0.302575
3.11722
0.320661
3.10881
0.313258
3.0887
0.312421
3.10731
0.30421
3.10668
0.300645
3.10201
0.301968
3.10228
0.314779
3.10261
0.314313
3.10232
0.299084
3.10029
0.315465
3.09927
0.325464
3.09589
0.322086
3.10374
0.307951
3.10133
0.3129
3.09187
0.3152
3.09387
0.307392
3.11577
0.312599
3.1012
0.3084
3.11482
0.327597
3.10653
0.307018
3.11471
0.304721
3.10237
0.323815
3.08928
0.307593
3.1059
0.313463
3.10669
0.309926
3.10502
0.328177
3.11264
0.319979
3.09783
0.307649
3.09541
0.318225
3.10153
0.317813
3.11299
0.302926
3.10027
0.31239
3.09467
0.314619
3.10822
0.311947
3.11332
0.314614
3.1084
0.326243
3.10537
0.31116
3.10029
0.299232
3.09905
0.316549
3.09761
0.310514
3.10767
0.31014
3.10813
0.312411
3.09779
0.310653
3.09787
0.30574
3.10816
0.316582
3.09783
0.304898
3.09502
0.307917
3.09984
0.304751
3.11221
0.306256
3.10608
0.313208
3.10151
0.307235
3.11557
0.311126
3.10753
0.316957
3.09029
0.318553
3.10293
0.305894
3.10859
0.312255
3.09739
0.307244
3.1061
0.310936
3.1143
0.309474
3.10436
0.297693
3.09613
0.313016
3.10119
0.314308
3.09755
0.319515
3.10464
0.327037
3.10671
0.308781
3.10868
0.318021
3.10611
0.310628
3.11007
0.307657
3.1001
0.308965
3.10393
0.306104
3.10136
0.316607
3.10248
0.307476
3.09551
0.302822
3.09516
0.320795
3.10859
0.312746
3.0962
0.304619
3.11677
0.306147
3.11271
0.303643
3.11056
0.30596
3.09836
0.303322
3.10048
0.313041
3.10423
0.322394
3.10658
0.295705
3.10056
0.312855
3.09927
0.311896
3.0933
0.323599
3.10838
0.31328
3.1131
0.316372
3.10455
0.301781
3.10355
0.310629
3.09963
0.310539
3.10181
0.311535
3.10426
0.309272
3.09143
0.311117
3.09551
0.297037
3.10345
0.304156
3.10451
0.307543
3.10942
0.310037
3.10268
0.299202
3.1046
0.303844
3.10082
0.317182
3.09974
0.313486
3.10606
0.318676
3.09307
0.313903
3.10334
0.327774
3.09766
0.327211
3.10231
0.302863
3.09924
0.314621
3.10544
0.310942
3.08755
0.307958
3.10856
0.310555
3.09567
0.310954
3.10661
0.309817
3.09292
0.306528
3.1011
0.302823
3.09685
0.306165
3.09542
0.309733
3.09646
0.312512
3.09778
0.313528
3.10181
0.309816
3.09251
0.313059
3.09259
0.30945
3.10616
0.309438
3.10267
0.306317
3.10273
0.311062
3.10282
0.317482
3.10462
0.312171
3.10342
0.320744
3.10968
0.317424
3.09283
0.309918
3.1215
0.311712
3.11693
0.310619
3.11077
0.31405
3.10355
0.310136
3.10458
0.308798
3.11035
0.309322
3.10774
0.30373
3.09612
0.315744
3.104
0.317226
3.10174
0.309763
3.1006
0.309966
3.10201
0.313479
3.10135
0.312505
3.10498
0.313405
3.1052
0.324326
3.10389
0.307584
3.11659
0.311172
3.10498
0.312265
3.10278
0.307317
3.09046
0.305028
3.1105
0.310073
3.10663
0.312045
3.10855
0.315443
3.10404
0.314593
3.09842
0.331294
3.10748
0.311782
3.09765
0.310991
3.10276
0.316559
3.10443
0.311547
3.09917
0.311052
3.09425
0.309131
3.10271
0.321713
3.09915
0.311233
3.1016
0.321493
3.10284
0.309451
3.09956
0.308179
3.09903
0.308075
3.11185
0.308697
3.10277
0.303012
3.10987
0.328243
3.10791
0.315156
3.10206
0.311235
3.09778
0.312769
3.10349
0.309535
3.09617
0.30651
3.09972
0.310253
3.10384
0.299326
3.10071
0.316521
3.09804
0.315535
3.11057
0.296862
3.09931
0.302234
3.10441
0.315426
3.09311
0.30957
3.09816
0.310294
3.10685
0.310414
3.11095
0.306308
3.09452
0.326837
3.10745
0.316783
3.09893
0.315609
3.09287
0.318634
3.09595
0.313454
3.10757
0.309693
3.0902
0.317326
3.10098
0.310707
3.09892
0.304986
3.09635
0.304653
3.09591
0.311451
3.09639
0.313052
3.10748
0.315582
3.101
0.312228
3.10741
0.313838
3.10624
0.302232
3.09865
0.310244
3.10326
0.309872
3.09981
0.301684
3.10353
0.311432
3.10097
0.32304
3.11206
0.318695
3.09804
0.31512
3.10463
0.293227
3.09901
0.31752
3.09742
0.301286
3.09705
0.309706
3.10652
0.319813
3.10958
0.310193
3.10391
0.314754
3.10675
0.320555
3.10923
0.301284
3.09737
0.316564
3.10173
0.298312
3.1016
0.31984
3.11199
0.317541
3.10259
0.311354
3.10346
0.309179
3.11109
0.314561
3.10447
0.314604
3.10547
0.301057
3.10575
0.314204
3.09837
0.309492
3.10112
0.305756
3.10341
0.301296
3.10076
0.310829
3.10131
0.31206
3.11766
0.303712
3.10683
0.32439
3.10826
0.308691
3.10874
0.309527
3.10028
0.320906
3.09716
0.315343
3.10642
0.313352
3.09533
0.323818
3.10138
0.318009
3.11068
0.301749
3.09962
0.311535
3.09868
0.324823
3.09891
0.318966
3.10697
0.302804
3.10678
0.313549
3.10704
0.312587
3.10116
0.308415
3.10039
0.316455
3.10659
0.303648
3.10604
0.307191
3.10882
0.311101
3.10322
0.31432
3.09985
0.322167
3.10948
0.318268
3.10316
0.316339
3.09467
0.326772
3.09963
0.306697
3.1012
0.304867
3.11044
0.320249
3.10495
0.314578
3.10616
0.313861
3.10362
0.311124
3.10955
0.313498
3.10513
0.314555
3.11086
0.307269
3.11046
0.312451
3.10116
0.313798
3.10584
0.320049
3.09589
0.308733
3.10842
0.325319
3.11027
0.310031
3.10079
0.310786
3.1095
0.316125
3.10616
