17.7051
1.50497
1.70687
0.190063
1.76928
0.18697
1.80115
0.191593
1.87713
0.202234
1.92326
0.190216
1.97514
0.20375
2.04646
0.216003
2.05989
0.20175
2.12258
0.22196
2.1642
0.22279
2.208
0.218568
2.23032
0.222006
2.2845
0.23813
2.31049
0.229987
2.32782
0.251031
2.37006
0.234558
2.42289
0.241359
2.44928
0.249854
2.47793
0.258433
2.52751
0.263901
2.57579
0.254802
2.59009
0.26297
2.61197
0.259852
2.63937
0.276228
2.65827
0.273601
2.67359
0.26226
2.69285
0.260337
2.69682
0.275648
2.72478
0.279662
2.75344
0.285068
2.77155
0.278801
2.78236
0.278199
2.79052
0.287507
2.79081
0.281033
2.81923
0.2955
2.82443
0.272995
2.84012
0.276266
2.86651
0.28867
2.87463
0.278033
2.88998
0.296261
2.92234
0.292041
2.92496
0.283085
2.94397
0.287026
2.95891
0.304715
2.96597
0.308084
2.98928
0.303757
2.99337
0.307335
2.9964
0.304751
3.01834
0.297874
3.01868
0.321957
3.02126
0.305089
3.01405
0.300812
3.03006
0.322876
3.02545
0.296966
3.03263
0.312266
3.03946
0.291727
3.0578
0.307374
3.04649
0.296905
3.05253
0.302507
3.05496
0.31151
3.07016
0.303398
3.07373
0.30397
3.08301
0.300379
3.07948
0.317393
3.10986
0.304997
3.09735
0.314252
3.09827
0.312992
3.10033
0.296771
3.11294
0.330196
3.12223
0.311666
3.11135
0.307534
3.114
0.306029
3.10956
0.328505
3.12184
0.320967
3.12255
0.311662
3.14014
0.309506
3.13506
0.319397
3.1299
0.311006
3.12684
0.318219
3.12298
0.308989
3.13427
0.31807
3.15273
0.334393
3.14714
0.324836
3.15119
0.31711
3.14962
0.319648
3.14959
0.320219
3.13582
0.318014
3.15688
0.310068
3.16492
0.324415
3.15957
0.301554
3.16059
0.321148
3.1588
0.322
3.17492
0.321957
3.17069
0.325217
3.16109
0.310583
3.18032
0.305173
3.16995
0.302533
3.16572
0.316842
3.16858
0.312979
3.17146
0.325399
3.1741
0.318338
3.18169
0.310093
3.18924
0.321602
3.18147
0.327344
3.17852
0.321054
3.18604
0.336712
3.18036
0.305621
3.1796
0.322078
3.18188
0.32244
3.1893
0.318905
3.18154
0.323087
3.19087
0.307112
3.17167
0.31894
3.18244
0.316123
3.17577
0.3207
3.18127
0.320517
3.17438
0.319151
3.1863
0.322358
3.18577
0.313534
3.19075
0.328555
3.1843
0.321608
3.17606
0.315705
3.17544
0.308025
3.17328
0.323566
3.18619
0.311846
3.19729
0.331992
3.17878
0.318579
3.16989
0.320461
3.18419
0.331434
3.17314
0.320463
3.18817
0.328282
3.19143
0.320745
3.18567
0.309697
3.18046
0.331329
3.18369
0.318578
3.17853
0.318861
3.18644
0.305989
3.18252
0.322447
3.17657
0.308235
3.18428
0.318104
3.18195
0.316178
3.19294
0.335356
3.1786
0.317759
3.18613
0.308107
3.17668
0.318065
3.18635
0.329105
3.18527
0.324946
3.19399
0.317519
3.19382
0.316543
3.18037
0.313732
3.18027
0.336449
3.18817
0.319488
3.18776
0.325231
3.19817
0.3123
3.19805
0.328957
3.18495
0.337281
3.18618
0.320253
3.19554
0.332568
3.1846
0.336424
3.18409
0.318729
3.18243
0.330193
3.18701
0.330775
3.17601
0.312882
3.19518
0.324789
3.18913
0.310769
3.18528
0.324918
3.17825
0.318541
3.18501
0.319748
3.18016
0.317342
3.18388
0.320591
3.18158
0.317068
3.18741
0.323967
3.18434
0.32768
3.19417
0.328738
3.18807
0.312307
3.18853
0.320882
3.18771
0.326049
3.19007
0.313061
3.19101
0.328893
3.19791
0.314046
3.19435
0.323758
3.19048
0.319881
3.19391
0.312779
3.18798
0.316687
3.20311
0.320285
3.20421
0.322921
3.19996
0.316157
3.19237
0.325112
3.20382
0.317351
3.20722
0.31693
3.19668
0.325418
3.1954
0.320187
3.19373
0.328944
3.20282
0.307447
3.19557
0.323693
3.18679
0.329322
3.18665
0.337821
3.1989
0.318351
3.18983
0.339084
3.18774
0.316355
3.20123
0.327817
3.1981
0.325323
3.19093
0.315741
3.18655
0.314904
3.19652
0.329516
3.19942
0.321754
3.20077
0.321298
3.18985
0.321823
3.18922
0.31924
3.19614
0.334005
3.18446
0.324084
3.18836
0.309149
3.19201
0.325342
3.19401
0.315333
3.20448
0.332423
3.19413
0.319856
3.20821
0.30832
3.19425
0.320646
3.18668
0.327081
3.19034
0.31094
3.19306
0.327335
3.1923
0.327035
3.18561
0.318635
3.19604
0.320127
3.20105
0.315236
3.19528
0.33633
3.19618
0.316922
3.18034
0.325123
3.19458
0.318435
3.19991
0.324958
3.19547
0.327462
3.189
0.321834
3.18563
0.308294
3.18589
0.316542
3.19494
0.326107
3.20099
0.319886
3.20832
0.317167
3.19121
0.327176
3.19464
0.318785
3.1989
0.320634
3.19791
0.32814
3.19137
0.324466
3.20041
0.328089
3.19308
0.317513
3.18534
0.310131
3.19121
0.320678
3.1984
0.316057
3.20039
0.328833
3.19323
0.312003
3.20029
0.324031
3.1778
0.315676
3.18996
0.324209
3.19941
0.319634
3.19943
0.328371
3.19748
0.33083
3.19471
0.310194
3.19655
0.31501
3.18771
0.317161
3.19449
0.316157
3.18724
0.319868
3.19706
0.316581
3.18304
0.315963
3.19057
0.310118
3.19836
0.317473
3.19025
0.326687
3.19384
0.321203
3.18417
0.322832
3.19947
0.320955
3.19602
0.32062
3.19352
0.314818
3.20186
0.322154
3.19163
0.32967
3.19226
0.315997
3.18985
0.312349
3.19194
0.315822
3.19454
0.325107
3.1906
0.337986
3.19085
0.32304
3.19623
0.317397
3.18851
0.305979
3.20761
0.328657
3.20162
0.311709
3.19711
0.306422
3.20772
0.331968
3.19194
0.313208
3.18758
0.318704
3.19398
0.320431
3.19351
0.310962
3.19408
0.330591
3.18545
0.30874
3.19807
0.32599
3.19661
0.328815
3.20322
0.33037
3.19431
0.325254
3.20348
0.315692
3.21229
0.32797
3.19652
0.331111
3.19003
0.316629
3.19617
0.316002
3.19107
0.320185
3.20281
0.320095
3.20144
0.312151
3.19839
0.327917
3.19521
0.317213
3.20106
0.331937
3.19265
0.327348
3.19267
0.325549
3.1961
0.318884
3.19329
0.321379
3.20346
0.330481
3.19427
0.327023
3.1982
0.322109
3.18745
0.337672
3.19197
0.317516
3.19596
0.321336
3.19686
0.319772
3.19783
0.311959
3.19955
0.322221
3.19541
0.329194
3.18698
0.316445
3.19599
0.321492
3.20803
0.320887
3.18424
0.326585
3.19066
0.330302
3.19567
0.32611
3.19492
0.331433
3.19127
0.316913
3.18883
0.310919
3.18868
0.317919
3.20021
0.336031
3.19694
0.309524
3.19698
0.320864
3.20114
0.31924
3.19454
0.330707
3.20594
0.322985
3.19591
0.314635
3.20233
0.331156
3.20098
0.32371
3.19441
0.330194
3.19434
0.324682
3.18903
0.324058
3.19851
0.306835
3.20579
0.332642
3.21141
0.325582
3.19253
0.324958
3.19628
0.320395
3.19
0.324959
3.20142
0.316054
3.18476
0.322041
3.21137
0.315973
3.19535
0.319367
3.18894
0.321593
3.20051
0.322087
3.19819
0.316673
3.18991
0.330716
3.19074
0.312143
3.19235
0.313176
3.18395
0.319646
3.19329
0.32316
3.19745
0.314631
3.19505
0.320431
3.19778
0.31887
3.19162
0.325192
3.21148
0.314556
3.20296
0.312399
3.18802
0.315432
3.20345
0.310867
3.19771
0.327527
3.19103
0.328195
3.19442
0.322907
3.18626
0.32095
3.18866
0.338495
3.1929
0.315598
3.1884
0.317817
3.19916
0.330284
3.19697
0.316495
3.20152
0.324022
3.19736
0.319226
3.20086
0.323125
3.19285
0.330754
3.19421
0.315487
3.20351
0.319408
3.19286
0.319547
3.19152
0.309224
3.18556
0.314543
3.19636
0.340476
3.20754
0.330591
3.19705
0.32178
3.19442
0.316829
3.19749
0.318773
3.20493
0.332262
3.19551
0.335585
3.19394
0.333761
3.18785
0.317499
3.20391
0.312965
3.18994
0.328534
3.19525
0.320173
3.19833
0.30524
3.20784
0.326354
3.20885
0.327548
3.19782
0.324718
3.19669
0.324197
3.19315
0.309416
3.19678
0.319631
3.19574
0.319568
3.19404
0.322534
3.19487
0.315253
3.19168
0.32097
3.1867
0.331966
3.2033
0.317871
3.19489
0.331193
3.19279
0.3289
3.19507
0.320768
3.18703
0.303876
3.19262
0.316164
3.19542
0.313278
3.19741
0.325519
3.19861
0.323385
3.20223
0.329291
3.19367
0.337001
3.19115
0.325925
3.20544
0.321043
3.19736
0.317034
3.18581
0.318092
3.18825
0.32402
3.18486
0.319895
3.19908
0.321039
3.18571
0.321699
3.18729
0.311647
3.18632
0.317956
3.21085
0.314467
3.19344
0.31908
3.19949
0.316203
3.18254
0.329607
3.18976
0.330674
3.19015
0.321369
3.19708
0.324308
3.18576
0.329221
3.19568
0.317427
3.19122
0.34581
3.1828
0.337892
3.18477
0.320284
3.1982
0.322779
3.1913
0.336368
3.19077
0.32928
3.19695
0.335202
3.204
0.324516
3.19855
0.321546
3.18727
0.308601
3.19857
0.322689
3.19673
0.322557
3.18404
0.323601
3.1892
0.313881
3.18926
0.312681
3.19061
0.320803
3.19677
0.308757
3.20024
0.326955
3.18538
0.320958
3.20297
0.316417
3.19899
0.335127
3.19537
0.321581
3.19396
0.326971
3.19304
0.333589
3.18577
0.324635
3.19317
0.318412
3.19079
0.334044
3.1977
0.339882
3.19534
0.32431
3.19691
0.314354
3.18547
0.312863
3.19415
0.319294
3.20903
0.320563
3.19761
0.312461
3.20395
0.323776
3.19313
0.313129
3.18259
0.328041
3.19721
0.322801
3.19168
0.327436
3.19708
0.334488
3.18675
0.327339
3.18742
0.324614
3.1993
0.319082
3.19508
0.311133
3.20528
0.321952
3.19466
0.320441
3.19891
0.315157
3.19259
0.318413
3.19181
0.32283
3.2004
0.319875
3.19456
0.328934
3.1879
0.315458
3.18886
0.311998
3.20026
0.318446
3.19204
0.318031
3.19171
0.312476
3.20341
0.319741
3.19709
0.299033
3.18715
0.323666
3.19493
0.317635
3.18982
0.327473
3.18281
0.326307
3.19726
0.315032
3.19643
0.326394
3.20305
0.3256
3.1889
0.328222
3.19082
0.305472
3.18805
0.317998
3.20099
0.330562
3.19399
0.314224
3.19379
0.339683
3.1909
0.329622
3.18756
0.319776
3.19907
0.323302
3.19733
0.314014
3.18918
0.33648
3.2013
0.324841
3.18814
0.325931
3.20395
0.316455
3.20348
0.320781
3.19659
0.312522
3.19185
0.325097
3.19572
0.311749
3.20059
0.306552
3.19939
0.323536
3.19433
0.317496
3.19723
0.331361
3.19324
0.315872
3.1946
0.326437
3.19435
0.319404
3.18695
0.319172
3.19653
0.335479
3.19789
0.339307
3.18777
0.320621
3.19177
0.319794
3.19136
0.324185
3.20241
0.318477
3.20615
0.327616
3.18637
0.312104
3.19614
0.328796
3.19279
0.313089
3.19887
0.31052
3.19495
0.308702
3.20098
0.308715
3.1912
0.30585
3.20011
0.330063
3.18476
0.325281
3.18554
0.311127
3.18788
0.322283
3.19627
0.319282
3.18609
0.307954
3.1958
0.328333
3.19341
0.321494
3.18805
0.309014
3.19239
0.3192
3.19841
0.330491
3.19651
0.324749
3.1922
0.315777
3.18792
0.328045
3.18955
0.329326
3.18498
0.315637
3.19464
0.325876
3.20432
0.329848
3.1892
0.320792
3.20023
0.32164
3.18804
0.319963
3.1967
0.324301
3.19264
0.315934
3.19735
0.337437
3.20395
0.304363
3.19836
0.301839
3.18619
0.329618
3.19705
0.32551
3.19925
0.320787
3.20143
0.314381
3.18891
0.316065
3.18746
0.309452
3.1779
0.323765
3.19039
0.321877
3.20212
0.307813
3.1907
0.324361
3.20737
0.314924
3.19819
0.325861
3.19521
0.315669
3.19034
0.327505
3.20522
0.317775
3.19994
0.315709
3.20145
0.326374
3.19214
0.312203
3.20706
0.319596
3.20294
0.322392
3.19609
0.314717
3.20073
0.316279
3.18977
0.309853
3.19734
0.31114
3.19748
0.326507
3.19068
0.314037
3.19458
0.321223
3.18941
0.307918
3.20512
0.32298
3.18625
0.326615
3.18972
0.314972
3.19721
0.321084
3.19291
0.318066
3.19265
0.331933
3.18896
0.33129
3.19683
0.319398
3.19444
0.312438
3.18446
0.317574
3.18892
0.316892
3.18754
0.302963
3.18652
0.327471
3.20945
0.322512
3.20872
0.32594
3.19303
0.30713
3.19416
0.325557
3.2037
0.325708
3.19074
0.322906
3.19547
0.328478
3.19936
0.321005
3.19266
0.315456
3.18606
0.332161
3.19693
0.339718
3.19094
0.320029
3.19377
0.313951
3.18263
0.332498
3.20118
0.315735
3.19728
0.323007
3.20716
0.320985
3.1829
0.325536
3.20424
0.3221
3.20231
0.322273
3.20008
0.328753
3.20015
0.319446
3.18837
0.31942
3.19412
0.325053
3.1922
0.326887
3.19868
0.319641
3.19291
0.337467
3.20487
0.316062
3.19881
0.326486
3.19698
0.314394
3.19905
0.320395
3.19676
0.311099
3.18605
0.318387
3.19322
0.324637
3.19564
0.31134
3.19821
0.319143
3.20206
0.329118
3.19062
0.309227
3.1935
0.315897
3.19225
0.326687
3.19594
0.316487
3.17873
0.31455
3.18492
0.32459
3.18594
0.335747
3.20152
0.331932
3.19726
0.327504
3.18369
0.330483
3.19938
0.318846
3.1941
0.33426
3.1892
0.318478
3.19906
0.316746
3.18465
0.309898
3.19206
0.323629
3.19662
0.329343
3.18463
0.32133
3.20059
0.32672
3.18598
0.322965
3.18879
0.316533
3.19208
0.318752
3.19099
0.331645
3.19877
0.325498
3.19856
0.321922
3.19967
0.314432
3.19396
0.310305
3.19312
0.314324
3.19024
0.325771
3.18037
0.313203
3.20161
0.323338
3.20092
0.313296
3.1819
0.328369
3.19128
0.322647
3.19234
0.330481
3.19545
0.313738
3.19295
0.321468
3.19959
0.321388
3.1929
0.318541
3.18476
0.316893
3.18766
0.333025
3.19303
0.328737
3.18615
0.321712
3.19003
0.316267
3.20098
0.317533
3.18775
0.321589
3.18873
0.31621
3.19412
0.330332
3.18881
0.324864
3.19849
0.313039
3.19216
0.325678
3.19686
0.324083
3.1902
0.326824
3.18465
0.312916
3.19955
0.314282
3.18818
0.323861
3.1898
0.314581
3.19167
0.319357
3.19447
0.321177
3.1877
0.320345
3.19423
0.310864
3.19907
0.318573
3.18496
0.314943
3.18507
0.321188
3.18558
0.31728
3.19336
0.312121
3.184
0.310661
3.19536
0.329332
3.18819
0.314168
3.19347
0.332144
3.20524
0.324072
3.1973
0.342251
3.18645
0.32454
3.1853
0.318973
3.1797
0.306544
3.20139
0.307325
3.19044
0.317289
3.186
0.321421
3.19176
0.313796
3.1889
0.319401
3.19508
0.313631
3.19594
0.319424
3.20124
0.318433
3.1855
0.321616
3.1992
0.323196
3.19277
0.324008
3.19091
0.3109
3.19689
0.326948
3.19639
0.318576
3.1869
0.311849
3.19816
0.327675
3.20679
0.318443
3.20324
0.322698
3.18465
0.311619
3.19077
0.317432
3.20014
0.31523
3.18714
0.331061
3.19882
0.319687
3.19047
0.323819
3.19565
0.317146
3.19079
0.326685
3.20211
0.332123
3.19523
0.320352
3.19212
0.322922
3.20029
0.31913
3.18169
0.316025
3.19395
0.319772
3.18818
0.3143
3.19564
0.329338
3.18267
0.304037
3.20505
0.31981
3.18433
0.328952
3.18576
0.331141
3.19757
0.31639
3.18413
0.320003
3.19604
0.323509
3.18649
0.312287
3.20778
0.346963
3.17951
0.323074
3.19373
0.320627
3.18821
0.323388
3.19535
0.319139
3.19554
0.324262
3.19791
0.308488
3.19929
0.313106
3.19204
0.315493
3.2049
0.318034
3.18703
0.30216
3.18532
0.313762
3.20094
0.323555
3.19345
0.323091
3.19795
0.316867
3.1968
0.326531
3.18956
0.319735
3.19759
0.320286
3.19664
0.316002
3.19591
0.330415
3.19465
0.325038
3.19122
0.32573
3.19743
0.324689
3.20269
0.33229
3.19357
0.308954
3.18739
0.31711
3.19523
0.329859
3.19975
0.318498
3.19593
0.3345
3.19708
0.320851
3.18764
0.32134
3.1902
0.318838
3.19803
0.323832
3.18441
0.324133
3.18191
0.329422
3.18981
0.309366
3.18599
0.314629
3.18987
0.326914
3.19581
0.326833
3.18847
0.321586
3.18965
0.335516
3.19168
0.324037
3.19907
0.31438
3.1948
0.316645
3.19082
0.329593
3.19731
0.331909
3.19621
0.316295
3.18926
0.323282
3.19033
0.328542
3.20428
0.322509
3.1977
0.316778
3.20689
0.315974
3.19877
0.335126
3.19182
0.318488
3.18136
0.327623
3.20542
0.32492
3.19666
0.33689
3.20028
0.318392
3.18846
0.311073
3.19023
0.324094
3.19815
0.321768
3.19828
0.325058
3.20808
0.320576
3.19391
0.316591
3.19794
0.320741
3.18699
0.319959
3.19268
0.323164
3.21008
0.312414
3.18618
0.32207
3.19039
0.330151
3.19572
0.320906
3.1968
0.32539
3.18972
0.318377
3.19055
0.328263
3.18678
0.308762
3.19221
0.327143
3.18591
0.313686
3.18657
0.31958
3.20115
0.317461
3.19424
0.312895
3.19481
0.322729
3.17895
0.307766
3.19302
0.327205
3.19647
0.342049
3.18857
0.308068
3.18594
0.313728
3.20021
0.330897
3.19114
0.322252
3.19298
0.325446
3.1891
0.318465
3.19523
0.320041
3.20317
0.327234
3.20041
0.313714
3.18448
0.314376
3.20919
0.324093
3.1994
0.323027
3.18963
0.31708
3.18104
0.309974
3.1865
0.319796
3.20559
0.315346
3.20531
0.322798
3.1902
0.3257
3.1969
0.322735
3.18556
0.322991
3.18921
0.31822
3.19411
0.328693
3.18823
0.318099
3.18605
0.31851
3.1885
0.323064
3.20778
0.328377
3.19874
0.31625
3.19616
0.329999
3.19219
0.335013
3.18776
0.314692
3.18971
0.314824
3.1954
0.32721
3.19588
0.330333
3.1998
0.330398
3.19543
0.315034
3.20302
0.318496
3.19124
0.344428
3.1829
0.317489
3.1963
0.319512
3.19304
0.32525
3.19438
0.319445
3.19887
0.327995
3.18595
0.3185
3.20757
0.316683
3.18979
0.320105
3.19034
0.318912
3.19165
0.31599
3.18393
0.331298
3.20176
0.319125
3.20732
0.326986
3.19624
0.325365
3.19109
0.30322
3.1936
0.322677
3.19671
0.317358
3.19721
0.311621
3.19455
0.320688
3.19709
0.327719
3.2022
0.330752
3.19788
0.323017
3.19701
0.321992
3.20049
0.315695
3.18183
0.325425
3.19306
0.325745
3.19411
0.307977
3.18663
0.31673
3.1893
0.31776
3.18661
0.319275
3.19228
0.327952
3.18647
0.30068
3.19163
0.319915
3.1888
0.32074
3.19668
0.317698
3.19173
0.317529
3.19629
0.317615
3.19656
0.322595
3.19931
0.341413
3.19026
0.325396
3.1962
0.303237
3.19803
0.316489
3.17821
0.325575
3.19636
0.32241
3.18383
0.326014
3.20379
0.314625
3.19412
0.316091
3.19169
0.311727
3.19751
0.311152
3.18884
0.320231
3.19032
0.321899
3.19661
0.314118
3.2017
0.31927
3.1933
0.327306
3.18674
0.307262
3.20018
0.322649
3.19875
0.323523
3.19436
0.317219
3.18905
0.330012
3.20273
0.325426
3.20413
0.309546
3.19429
0.322825
3.18985
0.312281
3.19041
0.321358
3.1962
0.325855
3.19149
0.318434
3.19454
0.318098
3.19629
0.32371
3.19455
0.316308
3.20144
0.324252
3.20687
0.320382
3.19428
0.315651
3.19051
0.327502
3.18323
0.329468
3.19852
0.311471
3.18883
0.312322
3.19932
0.319847
3.19638
0.317317
3.18898
0.32177
3.19616
0.327536
3.18768
0.316438
3.19655
0.310471
3.19314
0.327482
3.18946
0.329906
3.20253
0.32619
3.19115
0.309866
3.19866
0.321235
3.18689
0.315107
3.19916
0.32036
3.20227
0.315723
3.1908
0.310379
3.18951
0.324803
3.19445
0.328056
3.19824
0.324026
3.19559
0.31607
3.1929
0.310352
3.19345
0.322022
3.19606
0.324872
3.19666
0.3208
3.20215
0.316821
3.19306
0.328773
3.19701
0.318283
3.19515
0.32087
3.19459
0.306122
3.18896
0.318808
3.18639
0.31049
3.19646
0.327237
3.20118
0.31706
3.1926
0.321343
3.2043
0.310931
3.20294
0.30644
3.19504
0.31748
3.19371
0.321462
3.19895
0.321332
3.19546
0.306608
3.19323
0.323634
3.19884
0.314588
3.17721
0.322652
3.19405
0.314452
3.18863
0.327244
3.19602
0.31606
3.19572
0.324156
3.18844
0.316471
3.18971
0.330962
3.18717
0.317453
3.19028
0.319476
3.19324
0.330124
3.19893
0.321368
3.18696
0.314472
3.19726
0.322179
3.18574
0.322233
3.19651
0.32433
3.19364
0.316179
3.19887
0.322565
3.1985
0.322168
3.19891
0.313141
3.19839
0.332388
3.20072
0.329462
3.19819
0.324325
3.19167
0.325647
3.19
0.320561
3.19228
0.310017
3.19989
0.317899
3.20217
0.311431
3.20224
0.318474
3.18767
0.319026
3.18967
0.318651
3.18604
0.315904
3.19447
0.325665
3.19803
0.312709
3.21076
0.329436
3.18198
0.305303
3.19006
0.321908
3.18574
0.334982
3.19483
0.331265
3.19205
0.317805
3.19427
0.328009
3.18935
0.312629
3.19876
0.316838
3.19317
0.321333
3.20154
0.315411
3.19799
0.32641
3.19979
0.323596
3.18858
0.320359
3.1901
0.330722
3.19952
0.317901
3.19399
0.319535
3.19008
0.314278
3.19006
0.316023
3.19678
0.328239
3.18802
0.323474
3.19398
0.326863
3.18425
0.330864
3.18981
0.322398
3.1998
0.32627
3.20018
0.328042
3.19104
0.319294
3.18591
0.317405
3.19552
0.323291
3.1981
0.321751
3.19721
0.316752
3.19646
0.309004
3.19977
0.320069
3.19353
0.326444
3.19382
0.336194
3.19474
0.314571
3.21235
0.310952
3.19194
0.32141
3.19575
0.325159
3.19684
0.31923
3.18882
0.329881
3.20652
0.316177
3.18563
0.325204
3.19138
0.33039
3.18898
0.316793
3.18778
0.312627
3.19523
0.33232
3.20699
0.320172
3.19115
0.313739
3.19377
0.318268
3.20666
0.319916
3.18899
0.322604
3.2038
0.321938
3.19145
0.319815
3.1939
0.311501
3.18376
0.333587
3.19081
0.322823
3.19875
0.320433
3.19848
0.319705
3.18761
0.314043
3.19846
0.333175
3.18852
0.314022
3.1892
0.323478
3.19682
0.3145
3.18895
0.32462
3.20006
0.318427
3.18736
0.314027
3.18999
0.313457
3.18852
0.320048
3.19803
0.322523
3.19625
0.324433
3.21243
0.330419
3.20088
0.318164
3.20298
0.322556
3.18964
0.315282
3.18935
0.324807
3.18925
0.317713
3.19531
0.309158
3.19031
0.320297
3.19071
0.320428
3.18957
0.313183
3.18873
0.317146
3.19551
0.323174
3.19105
0.328496
3.19717
0.31683
3.191
0.319218
3.19554
0.307359
3.19784
0.312821
3.18769
0.317049
3.18927
0.315174
3.18777
0.326469
3.18859
0.317297
3.19242
0.321974
3.19275
0.321385
3.19025
0.328214
3.1948
0.331556
3.19155
0.326154
3.20653
0.313122
3.18637
0.323782
3.20175
0.312813
3.19537
0.319702
3.19876
0.323478
3.19908
0.313803
3.18842
0.322229
3.19937
0.320848
3.19259
0.32809
3.18793
0.321067
3.19747
0.322629
3.19043
0.314155
3.18921
0.317089
3.18565
0.315347
3.19319
0.308241
3.19798
0.320328
3.18731
0.316941
3.20073
0.308178
3.19595
0.327317
3.19323
0.323521
3.19677
0.321143
3.19994
0.320466
3.20496
0.320604
3.19202
0.317724
3.19801
0.326807
3.19028
0.319888
3.18637
0.317773
3.20229
0.335379
3.21125
0.319044
3.1966
0.317631
3.1938
0.306775
3.19673
0.311984
3.1959
0.323928
3.1924
0.3116
3.20639
0.329755
3.19261
0.319296
3.19228
0.312759
3.18984
0.315519
3.20389
0.326424
3.20312
0.322363
3.20199
0.331861
3.20128
0.324607
3.19568
0.316909
3.19453
0.315006
3.19082
0.324644
3.19809
0.339863
3.1847
0.319276
3.19515
0.330011
3.18743
0.314135
3.20897
0.33156
3.18816
0.318024
3.19086
0.308186
3.19278
0.328843
3.19715
0.330195
3.19107
0.31035
3.19316
0.320937
3.19928
0.3315
3.18196
0.318654
3.19752
0.324896
3.20268
0.313791
3.19653
0.326595
3.19018
0.317314
3.19215
0.328062
3.18998
0.318998
3.19477
0.322098
3.18954
0.322366
3.19571
0.310803
3.1885
0.320588
3.19802
0.318478
3.18625
0.313986
3.20595
0.307899
3.18946
0.320254
3.19098
0.317888
3.195
0.305879
3.19416
0.307728
3.19842
0.328458
3.18493
0.326062
3.19376
0.325931
3.1933
0.315733
3.191
0.326035
3.19115
0.33187
3.18527
0.326732
3.19883
0.325301
3.19719
0.307988
3.19715
0.317854
3.2036
0.317202
3.1944
0.324466
3.20304
0.332206
3.19392
0.303313
3.20394
0.307992
3.19373
0.312439
3.19628
0.325769
3.19826
0.314234
3.19171
0.335775
3.19642
0.321096
3.19867
0.329011
3.19485
0.33146
3.19698
0.323052
3.18751
0.32427
3.1952
0.341218
3.1978
0.328149
3.20393
0.31874
3.19846
0.321883
3.19941
0.313887
3.18556
0.319982
3.18585
0.31581
3.19529
0.319273
3.19274
0.319601
3.19982
0.32511
3.20152
0.319939
3.19421
0.321103
3.18528
0.321511
3.19954
0.325754
3.188
0.316612
3.1921
0.319464
3.20199
0.320797
3.18932
0.316536
3.18889
0.321285
3.19259
0.320574
3.1962
0.310503
3.19606
0.315435
3.18409
0.316841
3.20121
0.327151
3.19752
0.31737
3.20145
0.327436
3.19186
0.317493
3.19838
0.32109
3.18675
0.329735
3.20384
0.316774
3.18337
0.3294
3.2058
0.335482
3.19396
0.319454
3.19455
0.314478
3.20354
0.315753
3.20326
0.310136
3.20052
0.32244
3.18494
0.328238
3.1871
0.318231
3.18394
0.327734
3.19028
0.324752
3.19809
0.312101
3.19907
0.320107
3.20085
0.324956
3.19432
0.325128
3.21399
0.323807
3.19476
0.31519
3.18301
0.31582
3.21035
0.329895
3.19405
0.329849
3.20459
0.328997
3.19605
0.310822
3.20362
0.318249
3.19632
0.318328
3.19163
0.329873
3.19696
0.319326
3.18562
0.311113
3.19349
0.322143
3.20217
0.315421
3.19682
0.326389
3.19021
0.312939
3.19153
0.326716
3.19739
0.319263
3.19116
0.31714
3.18929
0.316122
3.19777
0.325648
3.20158
0.332256
3.19751
0.317295
3.18013
0.303541
3.19052
0.32124
3.18832
0.312831
3.2026
0.311049
3.19411
0.317983
3.20668
0.309294
3.20032
0.322526
3.18989
0.322094
3.1966
0.32589
3.20572
0.310996
3.19008
0.325475
3.19963
0.316418
3.20078
0.313381
3.19349
0.323626
3.19285
0.320887
3.19565
0.315996
3.21238
0.319231
3.18691
0.344867
3.19835
0.325715
3.1922
0.328628
3.20205
0.324041
3.19464
0.326833
3.19736
0.325887
3.20236
0.319471
3.19635
0.330406
3.19741
0.314389
3.20604
0.315268
3.20095
0.331543
3.20215
0.324184
3.19948
0.312049
3.21061
0.328825
3.20218
0.321215
3.18762
0.315128
3.19641
0.317064
3.20053
0.311105
3.18895
0.326499
3.20043
0.307098
3.20095
0.323972
3.19827
0.312707
3.19005
0.308812
3.19864
0.32445
3.18471
0.320556
3.18571
0.303206
3.1984
0.321469
3.19346
0.32021
3.20391
0.313638
3.19751
0.323288
3.18494
0.335074
3.19753
0.320689
3.19525
0.332278
3.19915
0.319384
3.18563
0.322768
3.19205
0.322384
3.18636
0.330121
3.19018
0.338952
3.21013
0.314155
3.19855
0.320294
3.20313
0.312608
3.19709
0.326279
3.19742
0.321012
3.19937
0.319599
3.21543
0.314443
3.19121
0.321923
3.1929
0.321811
3.20143
0.31765
3.18907
0.329991
3.19736
0.312972
3.19201
0.309153
3.20043
0.330224
3.20186
0.332013
3.19981
0.328095
3.19224
0.313681
3.20634
0.324072
3.20092
0.313136
3.19014
0.322826
3.19395
0.319
3.19701
0.30963
3.19972
0.324367
3.19201
0.320606
3.20203
0.314968
3.20542
0.335166
3.18864
0.321514
3.20369
0.321179
3.19732
0.320291
3.20329
0.310254
3.18895
0.315136
3.18572
0.324513
3.19448
0.33215
3.19656
0.323505
3.20026
0.321973
3.19747
0.314277
3.19404
0.331724
3.2069
0.331996
3.18686
0.320482
3.19981
0.317781
3.19989
0.328021
3.18823
0.321846
3.19925
0.316986
3.19904
0.326018
3.20286
0.313005
3.18404
0.319922
3.19231
0.319773
3.20188
0.327462
3.19606
0.320472
3.19247
0.314941
3.19281
0.32501
3.20049
0.320141
3.18935
0.313131
3.20814
0.315993
3.18761
0.318825
3.19337
0.313671
3.19988
0.334031
3.19272
0.322511
3.18224
0.323821
3.19672
0.317696
3.19424
0.333914
3.1919
0.321674
3.19377
0.313757
3.20129
0.326087
3.19044
0.323142
3.19931
0.323663
3.2046
0.320387
3.19316
0.320421
3.18506
0.314594
3.18712
0.327116
3.19793
0.32636
3.19783
0.32649
3.20234
0.315665
3.19883
0.323962
3.18477
0.342257
3.19071
0.32848
3.19316
0.311748
3.18592
0.322109
3.18691
0.322763
3.19566
0.321329
3.19985
0.316932
3.18703
0.32427
3.19715
0.322859
3.19713
0.330607
3.18838
0.330051
3.19744
0.314043
3.18758
0.323196
3.19167
0.334874
3.19769
0.313848
3.20287
0.333868
3.18609
0.32781
3.1891
0.325941
3.19711
0.320441
3.20486
0.310164
3.19048
0.32394
3.19552
0.321763
3.19409
0.313465
3.18823
0.316303
3.19654
0.316063
3.19489
0.327033
3.20322
0.322814
3.18829
0.322929
3.19746
0.317679
3.19555
0.322598
3.18496
0.310063
3.19808
0.314508
3.2045
0.313913
3.20724
0.322013
3.19625
0.335415
3.20319
0.312448
3.19152
0.322853
3.18287
0.315087
3.19595
0.322129
3.20332
0.319289
3.20035
0.329738
3.19405
0.323432
3.19352
0.327462
3.19587
0.331596
3.21282
0.325245
3.19763
0.33251
3.2046
0.306794
3.1896
0.319191
3.18907
0.328315
3.19847
0.320559
3.19584
0.331239
3.18947
0.323924
3.19096
0.334052
3.19812
0.320234
3.18982
0.31905
3.19431
0.323665
3.18976
0.331296
3.18882
0.316424
3.19606
0.323212
3.19584
0.32727
3.18432
0.318669
3.19199
0.322184
3.1959
0.326795
3.19425
0.317903
3.19942
0.321447
3.19034
0.314144
3.18519
0.3171
3.20329
0.331356
3.19246
0.311398
3.18781
0.335733
3.20033
0.320787
3.19988
0.318371
3.19463
0.319341
3.20136
0.330924
3.18669
0.311157
3.1949
0.324914
3.20011
0.318935
3.19408
0.307657
3.18977
0.316731
3.19398
0.330233
3.19758
0.319417
3.20319
0.319651
3.2052
0.328817
3.19923
0.325517
3.19921
0.310129
3.18438
0.313373
3.20305
0.324081
3.18597
0.321432
3.19914
0.313013
3.20226
0.330874
3.19664
0.321204
3.18094
0.311706
3.18869
0.318192
3.18624
0.31784
3.19889
0.325655
3.19719
0.325391
3.19356
0.321524
3.18953
0.314545
3.19328
0.306585
3.18744
0.317024
3.18731
0.314087
3.20036
0.324092
3.18975
0.323673
3.19304
0.324017
3.19189
0.348835
3.20822
0.327308
3.19357
0.313103
3.20815
0.322819
3.19068
0.321418
3.20544
0.339023
3.19512
0.314023
3.19746
0.325108
3.19438
0.319467
3.19074
0.328977
3.19972
0.331464
3.18877
0.324272
3.19094
0.318955
3.20213
0.322334
3.19283
0.313445
3.19694
0.323147
3.19364
0.314784
3.1982
0.32483
3.18971
0.331766
3.20217
0.321063
3.19046
0.312724
3.18192
0.312849
3.1977
0.332773
3.19849
0.314898
3.19865
0.315858
3.18903
0.317311
3.20401
0.318907
3.19484
0.322159
3.18976
0.323127
3.19418
0.313284
3.19121
0.307166
3.19857
0.31929
3.19014
0.32033
3.19451
0.323746
3.19255
0.318905
3.1995
0.335483
3.18737
0.318685
3.19585
0.314231
3.20638
0.324375
3.20122
0.315606
3.19907
0.336356
3.19515
0.321094
3.19591
0.319062
3.18733
0.317859
3.17847
0.313911
3.19372
0.323559
3.19309
0.325799
3.19096
0.324496
3.19067
0.327263
3.20288
0.32503
3.18747
0.307867
3.18978
0.313556
3.20296
0.325688
3.20535
0.327187
3.19568
0.306181
3.20341
0.316876
3.19518
0.328277
3.19336
0.310733
3.19911
0.330734
3.20245
0.320249
3.20621
0.321487
3.19369
0.321371
3.19811
0.336569
3.18566
0.330086
3.20417
0.318176
3.18676
0.323407
3.18286
0.316244
3.20334
0.328147
3.20384
0.306806
3.19909
0.324684
3.20481
0.322707
3.1944
0.306579
3.20582
0.32146
3.19328
0.314286
3.19709
0.32557
3.18204
0.321106
3.19027
0.31607
3.19261
0.31371
3.20555
0.31815
3.18757
0.3278
3.20331
0.320007
3.20836
0.316118
3.21095
0.319142
3.20131
0.329277
3.1978
0.315593
3.19126
0.311008
3.18718
0.319924
3.20947
0.320154
3.19466
0.328291
3.18796
0.323461
3.19554
0.319788
3.21634
0.317427
3.19292
0.31924
3.20076
0.316398
3.20826
0.323593
3.19815
0.320248
3.19022
0.322944
3.19508
0.320312
3.19111
0.324883
3.19931
0.310268
3.202
0.303928
3.19574
0.326463
3.19382
0.317539
3.18903
0.30113
3.19874
0.325979
3.20549
0.313831
3.19573
0.316388
3.19779
0.317267
3.19753
0.306278
3.20217
0.324895
3.19954
0.323661
3.18833
0.328145
3.20206
0.320684
3.19169
0.316133
3.18839
0.336902
3.20536
0.316934
3.1958
0.31373
3.19329
0.328566
3.19675
0.329224
3.18776
0.318668
3.19585
0.323483
3.18948
0.313277
3.19391
0.324788
3.18143
0.33151
3.20669
0.327712
3.19594
0.326688
3.19327
0.328025
3.19775
0.328262
3.19934
0.316367
3.20795
0.316926
3.18866
0.319072
3.18952
0.327883
3.1893
0.309178
3.1976
0.324647
3.19162
0.318442
3.19679
0.309268
3.20392
0.3213
3.198
0.315301
3.19066
0.31409
3.18273
0.315625
3.19057
0.31949
3.19355
0.32575
3.1927
0.323541
3.19904
0.3179
3.18285
0.316697
3.18336
0.315845
3.20282
0.318482
3.18353
0.32136
3.19023
0.319785
3.20102
0.323006
3.19809
0.327931
3.18824
0.320013
3.1888
0.314705
3.20525
0.316453
3.19236
0.325743
3.19879
0.329493
3.19528
0.325524
3.21353
0.318046
3.18845
0.314717
3.19239
0.328554
3.19793
0.321424
3.18888
0.323574
3.20501
0.311937
3.19259
0.327237
3.19011
0.321405
3.19653
0.319213
3.19891
0.320594
3.20287
0.322691
3.18866
0.305872
3.20096
0.324963
3.20556
0.316543
3.18965
0.341603
3.19593
0.325266
3.19841
0.327625
3.1857
0.325118
3.18562
0.316866
3.18306
0.316827
3.19212
0.314103
3.19643
0.3217
3.19297
0.332406
3.20627
0.315762
3.19836
0.332618
3.1935
0.32432
3.19632
0.326348
3.19784
0.325287
3.19988
0.317981
3.17716
0.324719
3.18946
0.319379
3.19732
0.325786
3.20233
0.323842
3.19339
0.322698
3.19429
0.328169
3.20167
0.329895
3.19094
0.325381
3.20524
0.319946
3.19063
0.324838
3.19227
0.318483
3.20779
0.341239
3.2042
0.313454
3.18695
0.316513
3.19868
0.320156
3.18881
0.316735
3.19105
0.314986
3.19385
0.316037
3.20151
0.316341
3.20057
0.3183
3.19424
0.321897
3.18436
0.31039
3.192
0.317064
3.19416
0.309999
3.18917
0.326854
3.1893
0.322187
3.19062
0.315762
3.18572
0.334182
3.17751
0.31234
3.19325
0.316983
3.18855
0.320705
3.19355
0.324434
3.19626
0.32174
3.20229
0.326624
3.19275
0.328269
3.19172
0.325501
3.20345
0.323137
3.19228
0.313922
3.19245
0.332671
3.19238
0.330002
3.18487
0.335768
3.18522
0.315512
3.20919
0.323288
3.19616
0.315086
3.20206
0.338572
3.19428
0.320886
3.20209
0.313843
3.19013
0.314957
3.19822
0.327577
3.19332
0.323408
3.18564
0.315433
3.19913
0.334053
3.20364
0.31743
3.19822
0.319771
3.18981
0.318164
3.19302
0.31562
3.20391
0.339616
3.19778
0.320409
3.18659
0.32787
3.19418
0.310914
3.19565
0.319402
3.19297
0.324816
3.19189
0.315432
3.20137
0.330382
3.21107
0.333391
3.19796
0.329881
3.19686
0.313725
3.19729
0.32084
3.19674
0.316002
3.20569
0.338039
3.18529
0.318644
3.19102
0.3096
3.19674
0.323959
3.19595
0.321531
3.19588
0.327312
3.19968
0.317696
3.19915
0.331086
3.19737
0.322437
3.20027
0.311686
3.18845
0.332725
3.19338
0.314925
3.20181
0.316118
3.19969
0.329311
3.19152
0.320022
3.18979
0.325768
3.19622
0.327227
3.19624
0.320604
3.18714
0.32647
3.19066
0.326766
3.186
0.302114
3.19563
0.334535
3.1836
0.312901
3.19655
0.318289
3.19014
0.322945
3.20287
0.323512
3.20179
0.324767
3.19007
0.328577
3.20898
0.327009
3.19637
0.310747
3.20079
0.323563
3.19135
0.322384
3.19812
0.321278
3.19032
0.314171
3.18782
0.323043
3.18467
0.322913
3.19322
0.31762
3.20041
0.320146
3.18942
0.326059
3.19596
0.336204
3.19212
0.328379
3.19071
0.325656
3.18896
0.315946
3.18928
0.320554
3.20313
0.314835
3.20293
0.31726
3.20002
0.319861
3.19505
0.324732
3.20134
0.319494
3.19743
0.317153
3.17848
0.328018
3.19138
0.327375
3.19254
0.316042
3.19633
0.309726
3.1974
0.314522
3.19636
0.326005
3.19071
0.325816
3.18946
0.325524
3.19407
0.319875
3.19018
0.331041
3.20602
0.324075
3.19387
0.312151
3.20039
0.342051
3.19711
0.324922
3.184
0.316753
3.19494
0.329134
3.20419
0.318473
3.19533
0.312171
3.19101
0.329839
3.19593
0.320993
3.19163
0.330804
3.20679
0.319643
3.19378
0.321735
3.19502
0.322251
3.19895
0.322691
3.18716
0.323242
3.202
0.320134
3.1785
0.323115
3.19335
0.314749
3.19629
0.315761
3.19915
0.314213
3.19683
0.321756
3.18663
0.328118
3.19694
0.32394
3.19248
0.31843
3.19323
0.315627
3.19432
0.32185
3.20038
0.319887
3.19833
0.31714
3.20644
0.320927
3.19953
0.320491
3.20439
0.317441
3.19459
0.315682
3.1973
0.325462
3.20043
0.328024
3.20563
0.314952
3.19534
0.327519
3.18637
0.320973
3.18654
0.305369
3.20168
0.315427
3.19088
0.326258
3.2047
0.322948
3.19435
0.319105
3.19488
0.308309
3.2076
0.323401
3.19404
0.330533
3.20841
0.327347
3.19138
0.317993
3.20403
0.310002
3.1971
0.320814
3.20272
0.318433
3.19773
0.32375
3.19049
0.32557
3.20016
0.305136
3.19945
0.317522
3.19553
0.327563
3.19234
0.313876
3.18551
0.317738
3.19305
0.323878
3.20688
0.324483
3.2
0.326218
3.18575
0.318529
3.19049
0.322525
3.19285
0.323264
3.20251
0.323098
3.19848
0.316595
3.18866
0.324158
3.19379
0.323621
3.19948
0.325572
3.1895
0.320863
3.19781
0.32277
3.19218
0.325699
3.19395
0.314555
3.19003
0.317751
3.20375
0.31738
3.19902
0.319968
3.17567
0.32245
3.1942
0.308683
3.19465
0.338327
3.20072
0.316512
3.194
0.322406
3.18904
0.316591
3.18913
0.322489
3.18859
0.318503
3.20201
0.315342
3.19438
0.320433
3.1996
0.314851
3.20121
0.320396
3.19537
0.317989
3.18802
0.337671
3.18908
0.318037
3.19563
0.327079
3.20148
0.324256
3.19991
0.325259
3.18556
0.322465
3.19399
0.3205
3.198
0.326541
3.1975
0.323171
3.19033
0.311148
3.19739
0.327808
3.20382
0.336355
3.19764
0.313603
3.19912
0.321494
3.19128
0.330141
3.19086
0.314421
3.19705
0.327564
3.20392
0.327227
3.20091
0.311134
3.19461
0.325638
3.19342
0.319273
3.1887
0.313122
3.20019
0.327725
3.18905
0.319124
3.19792
0.323964
3.19997
0.319094
3.19864
0.327461
3.19486
0.317369
3.18859
0.326012
3.20032
0.322855
3.20043
0.326116
3.19611
0.321233
3.19521
0.320306
3.18871
0.3123
3.20536
0.318261
3.2011
0.316637
3.20023
0.32685
3.19619
0.323837
3.19088
0.304305
3.2087
0.311133
3.2057
0.323794
3.20335
0.317179
3.19716
0.327024
3.18129
0.312039
3.19001
0.31696
3.20216
0.327583
3.18912
0.322958
3.19453
0.333669
3.19495
0.326589
3.19026
0.328968
3.19511
0.323213
3.19429
0.338372
3.20674
0.318139
3.19231
0.319124
3.18677
0.323651
3.19175
0.32324
3.19465
0.338153
3.1894
0.325798
3.19945
0.309309
3.19778
0.327866
3.20621
0.320671
3.20361
0.330752
3.19808
0.321058
3.19679
0.317991
3.1966
0.330195
3.1838
0.323208
3.20228
0.319453
3.20284
0.340452
3.19826
0.321983
3.18899
0.32294
3.19432
0.33599
3.19144
0.323768
3.18807
0.313626
3.19615
0.332555
3.19449
0.328798
3.18969
0.314682
3.19668
0.33863
3.18034
0.311679
3.18712
0.32239
3.19893
0.317569
3.20895
0.329377
3.18246
0.320419
3.18879
0.319188
3.19719
0.323774
3.19625
0.319791
3.2045
0.326094
3.19429
0.316335
3.19546
0.312176
3.18753
0.32443
3.1981
0.327516
3.19574
0.308248
3.20119
0.329131
3.20085
0.312773
3.19913
0.316329
3.18841
0.316431
3.19365
0.311527
3.19084
0.323376
3.20686
0.330987
3.19564
0.31412
3.19557
0.318633
3.19112
0.31685
3.18676
0.323459
3.20184
0.325343
3.19485
0.313964
3.19061
0.311976
3.19647
0.321117
3.20447
0.319518
3.19476
0.324406
3.19286
0.319542
3.20501
0.318933
3.19097
0.316654
3.19671
0.317661
3.19625
0.330067
3.1928
0.317281
3.19429
0.321887
3.19393
0.314819
3.19172
0.311914
3.18929
0.33305
3.19202
0.32055
3.19586
0.319037
3.19526
0.320546
3.19823
0.314387
3.20147
0.32964
3.18645
0.322663
3.20109
0.33876
3.19382
0.313498
3.20325
0.306248
3.19219
0.329426
3.18495
0.317062
3.19505
0.326745
3.19131
0.331125
3.19529
0.323652
3.18537
0.334564
3.19031
0.310445
3.18947
0.326672
3.19332
0.314064
3.20874
0.317037
3.20146
0.324526
3.19519
0.33311
3.1922
0.326307
3.19383
0.313138
3.18577
0.324861
3.19902
0.316579
3.18284
0.333351
3.1915
0.319953
3.19125
0.331483
3.19371
0.324474
3.19833
0.330337
3.18817
0.327858
3.19697
0.31108
3.18908
0.321772
3.18659
0.315877
3.19225
0.312018
3.19005
0.315342
3.20157
0.31869
3.18764
0.320121
3.18824
0.327939
3.19067
0.328057
3.19649
0.325941
3.18709
0.318319
3.19415
0.3247
3.1943
0.324018
3.19632
0.318485
3.20526
0.323952
3.19748
0.320492
3.18554
0.316722
3.19012
0.312317
3.19264
0.315424
3.19662
0.303977
3.1903
0.31769
3.19487
0.321373
3.19608
0.318224
3.19242
0.325614
3.2018
0.325127
3.1901
0.324272
3.18554
0.318773
3.20163
0.307232
3.18027
0.330886
3.20693
0.330414
3.19698
0.319327
3.18832
0.320654
3.20171
0.325513
3.19272
0.3208
3.19142
0.327488
3.19136
0.312856
3.20918
0.32707
3.19053
0.321682
3.18688
0.325616
3.19937
0.3161
3.18686
0.315168
3.19362
0.31356
3.20032
0.320133
3.20901
0.320315
3.18629
0.314125
3.18517
0.316639
3.19506
0.323803
3.20099
0.31788
3.19338
0.327926
3.19012
0.329124
3.19456
0.330948
3.21504
0.312501
3.19319
0.326449
3.19132
0.328958
3.20298
0.313272
3.20257
0.327904
3.19784
0.318241
3.18896
0.320024
3.19508
0.320176
3.20603
0.327037
3.193
0.325488
3.19032
0.3097
3.20971
0.319376
3.19614
0.324614
3.19709
0.313686
3.19596
0.318969
3.19671
0.309281
3.1915
0.320564
3.19301
0.313748
3.19014
0.321666
3.17979
0.306607
3.19613
0.32596
3.18917
0.321683
3.187
0.323381
3.20052
0.322044
3.19311
0.317074
3.19352
0.324408
3.19597
0.31433
3.1905
0.323954
3.19387
0.329336
3.19827
0.319853
3.19965
0.311095
3.18256
0.329327
3.19209
0.316016
3.19407
0.309068
3.19358
0.322254
3.19165
0.32274
3.19126
0.33106
3.20029
0.319554
3.20136
0.312494
3.20218
0.326612
3.18794
0.315196
3.193
0.322054
3.19488
0.326949
3.20182
0.332849
3.19819
0.322383
3.20759
0.326712
3.19349
0.322445
3.19326
0.318109
3.19964
0.332603
3.19119
0.31336
3.19404
0.311865
3.1989
0.322436
3.18783
0.32151
3.19236
0.326499
3.1919
0.322701
3.19191
0.321289
3.19252
0.317439
3.19531
0.314353
3.20688
0.32241
3.18974
0.323337
3.20154
0.324298
3.18825
0.326446
3.19684
0.318431
3.19818
0.337159
3.19539
0.324707
3.19561
0.327399
3.18675
0.317433
3.20455
0.32185
3.19526
0.320698
3.1908
0.319914
3.19817
0.32024
3.19025
0.322473
3.19951
0.321753
3.18551
0.322236
3.19341
0.320114
3.20106
0.312098
3.18908
0.307725
3.19029
0.325179
3.20092
0.328457
3.19001
0.321705
3.19378
0.311292
3.18988
0.328792
3.19355
0.312228
3.19254
0.317798
3.19419
0.331702
3.19734
0.322813
3.20273
0.336645
3.18664
0.319261
3.19605
0.319266
3.1885
0.312136
3.19641
0.330863
3.20504
0.311071
3.18692
0.318178
3.18991
0.317311
3.19387
0.327789
3.18597
0.325984
3.20593
0.317858
3.19574
0.329453
3.19807
0.323836
3.18685
0.316993
3.20539
0.322905
3.19177
0.31893
3.20049
0.318846
3.20755
0.323257
3.19745
0.316932
3.20014
0.32519
3.18385
0.299713
3.19164
0.329739
3.2048
0.331305
3.18782
0.31584
3.19529
0.307866
3.18466
0.325933
3.19659
0.313043
3.19472
0.31564
3.18934
0.313577
3.18531
0.318334
3.20705
0.319085
3.18867
0.323006
3.19656
0.310892
3.19696
0.321222
3.19177
0.323787
3.18995
0.33045
3.19321
0.319312
3.19794
0.313837
3.19138
0.316178
3.19455
0.31462
3.1904
0.315699
3.19296
0.316081
3.1875
0.326819
3.19743
0.322872
3.19318
0.330602
3.21572
0.32185
3.19622
0.323839
3.20078
0.321122
3.19513
0.331714
3.19345
0.322029
3.1935
0.327304
3.19688
0.322788
3.19216
0.314649
3.19144
0.320184
3.1972
0.3199
3.19367
0.326161
3.20836
0.317114
3.19298
0.323504
3.19637
0.329233
3.18636
0.318569
3.19164
0.310918
3.19615
0.333547
3.19373
0.33151
3.19748
0.317566
3.18625
0.31595
3.19995
0.31783
3.18798
0.327958
3.18965
0.334147
3.19683
0.322262
3.2131
0.319548
3.19215
0.325076
3.19338
0.319169
3.18929
0.326762
3.18905
0.315167
3.19609
0.312808
3.18886
0.323038
3.19006
0.320338
3.19216
0.317239
3.19215
0.328245
3.20444
0.307502
3.20593
0.327367
3.18916
0.315446
3.19665
0.320547
3.20127
0.335241
3.18693
0.330953
3.18422
0.319613
3.19902
0.326988
3.20358
0.316562
3.20468
0.319831
3.19432
0.333747
3.20157
0.325058
3.19802
0.320286
3.19241
0.322965
3.18254
0.327757
3.18737
0.315016
3.18462
0.318705
3.20115
0.325091
3.19597
0.319306
3.19931
0.328529
3.1963
0.321345
3.1953
0.310445
3.19276
0.311801
3.20255
0.305624
3.19599
0.315255
3.19692
0.327978
3.1903
0.31499
3.18425
0.333417
3.19854
0.320478
3.1991
0.322344
3.19592
0.33212
3.19232
0.325277
3.20387
0.338992
3.1997
0.309039
3.19352
0.333936
3.19687
0.315964
3.19685
0.336683
3.20116
0.319883
3.19692
0.323513
3.19317
0.312666
3.18477
0.314649
3.18833
0.326812
3.20484
0.309256
3.20004
0.31281
3.19264
0.317026
3.19159
0.325453
3.19263
0.314953
3.19387
0.324568
3.19581
0.317948
3.20357
0.329546
3.20597
0.314332
3.19369
0.322336
3.20186
0.322339
3.19466
0.313467
3.19298
0.314411
3.18562
0.317248
3.20204
0.310931
3.19039
0.31183
3.20145
0.331896
3.21617
0.332897
3.20177
0.311548
3.20214
0.325378
3.2088
0.306688
3.20056
0.308402
3.19411
0.326806
3.18922
0.315562
3.19712
0.31854
3.19056
0.336932
3.18441
0.311086
3.19161
0.315058
3.18855
0.324607
3.19601
0.316598
3.18501
0.322743
3.18601
0.32323
3.205
0.30467
3.20068
0.324185
3.18523
0.317302
3.19611
0.312756
3.18782
0.323951
3.1918
0.326161
3.18677
0.325428
3.18904
0.342042
3.19474
0.344012
3.19862
0.316114
3.19655
0.318538
3.20027
0.32877
3.18755
0.318399
3.1931
0.325059
3.20127
0.310506
3.19732
0.313562
3.19903
0.32312
3.19922
0.313175
3.1859
0.321913
3.19928
0.327955
3.195
0.312005
3.2037
0.331362
3.20823
0.328991
3.20067
0.316542
3.18942
0.319427
3.19179
0.320968
3.18705
0.325787
3.19121
0.3194
3.18286
0.322847
3.18887
0.327601
3.19047
0.327012
3.18823
0.329983
3.19232
0.315746
3.18734
0.321385
3.19436
0.326238
3.18997
0.323009
3.18462
0.315075
3.19347
0.313486
3.20191
0.312215
3.2071
0.326486
3.19541
0.324872
3.1897
0.31978
3.18932
0.329804
3.19469
0.330109
3.17868
0.325828
3.19941
0.31685
3.1969
0.309012
3.20485
0.319521
3.19557
0.316258
3.19818
0.326832
3.20185
0.305222
3.19851
0.314449
3.19627
0.320754
3.18897
0.332197
3.19242
0.312867
3.19332
0.324905
3.20058
0.3336
3.19585
0.320225
3.20928
0.32541
3.19333
0.319108
3.19278
0.315057
3.1999
0.320651
3.19981
0.328929
3.1851
0.317573
3.19437
0.330376
3.19905
0.334164
3.19182
0.321738
3.18746
0.320274
3.19067
0.318076
3.19385
0.312394
3.18462
0.316821
3.19646
0.330464
3.20238
0.313642
3.197
0.322067
3.21338
0.311461
3.19057
0.316317
3.1857
0.317291
3.20085
0.318647
3.19491
0.317175
3.19328
0.317432
3.20039
0.32492
3.2028
0.324614
3.19063
0.327939
3.18959
0.337268
3.19581
0.319054
3.1999
0.33269
3.19329
0.323075
3.19351
0.3223
3.20429
0.318664
3.19401
0.327531
3.19917
0.311659
3.20735
0.319357
3.18697
0.317515
3.19205
0.321908
3.1947
0.312895
3.19404
0.317367
3.19262
0.324376
3.18839
0.317378
3.19309
0.325336
3.21193
0.309825
3.20184
0.319979
3.18985
0.31583
3.20102
0.319571
3.19977
0.318722
3.2001
0.314352
3.20195
0.341872
3.17927
0.319008
3.19719
0.320848
3.17934
0.323906
3.20294
0.324123
3.20676
0.323193
3.21265
0.33447
3.18734
0.332227
3.19454
0.325409
3.19777
0.315731
3.18673
0.306889
3.18679
0.316746
3.19397
0.314989
3.19064
0.321604
3.19962
0.316724
3.19592
0.316819
3.19471
0.328646
3.1827
0.317584
3.19743
0.315679
3.1961
0.319306
3.20382
0.320816
3.19995
0.325902
3.19018
0.322149
3.19519
0.312929
3.19581
0.31422
3.19848
0.318166
3.19536
0.310659
3.18894
0.321584
3.21196
0.319719
3.19385
0.314103
3.19649
0.307675
3.19115
0.318953
3.19459
0.319361
3.19958
0.324597
3.19168
0.322938
3.18906
0.327452
3.19524
0.31798
3.19934
0.325695
3.19902
0.328811
3.19264
0.330869
3.2041
0.322136
3.18497
0.323564
3.19318
0.313475
3.20252
0.321994
3.19453
0.306961
3.20207
0.331288
3.20151
0.318729
3.18625
0.328134
3.18982
0.325395
3.19787
0.317579
3.19534
0.324909
3.20012
0.324738
3.20485
0.312246
3.19204
0.312856
3.20505
0.325451
3.19187
0.32087
3.20072
0.315818
3.19239
0.331195
3.19081
0.320209
3.18861
0.302865
3.19274
0.344356
3.19263
0.321665
3.20629
0.32381
3.1985
0.309485
3.19481
0.334066
3.19772
0.325895
3.20889
0.321893
3.19658
0.319159
3.19947
0.311864
3.19135
0.318746
3.20481
0.314002
3.19458
0.327351
3.19854
0.312738
3.18638
0.32831
3.19334
0.31946
3.19888
0.330881
3.19643
0.330629
3.19404
0.317125
3.21273
0.321218
3.1905
0.312547
3.19452
0.312026
3.20526
0.33699
3.19052
0.323635
3.19204
0.322492
3.19886
0.327863
3.18631
0.334663
3.19071
0.322885
3.18437
0.310023
3.1902
0.315306
3.18921
0.307023
3.19286
0.308675
3.19121
0.316031
3.18267
0.324374
3.20012
0.317006
3.19138
0.318308
3.19216
0.323662
3.19888
0.318503
3.19399
0.324553
3.1916
0.328491
3.19254
0.326292
3.19524
0.312339
3.19367
0.336121
3.19977
0.32461
3.20158
0.320363
3.19808
0.324334
3.18804
0.315915
3.19408
0.310643
3.20227
0.322599
3.18949
0.318353
3.19293
0.318469
3.21591
0.333837
3.19312
0.314997
3.19183
0.326484
3.18603
0.310513
3.21006
0.326488
3.20028
0.316322
3.18539
0.319628
3.19704
0.314756
3.18903
0.319062
3.19657
0.326479
3.19283
0.317288
3.18908
0.322548
3.19924
0.314911
3.1938
0.32453
3.19069
0.331084
3.19697
0.320445
3.1977
0.329218
3.19182
0.315006
3.19348
0.316076
3.2001
0.321257
3.18789
0.330403
3.19066
0.314997
3.1989
0.322616
3.19031
0.312527
3.20088
0.327312
3.20305
0.337829
3.19747
0.31945
3.20401
0.318291
3.19753
0.321143
3.19332
0.328248
3.19511
0.333086
3.1894
0.319893
3.1907
0.319925
3.19191
0.315716
3.1909
0.312416
3.18625
0.327948
3.20697
0.327821
3.19707
0.313296
3.20598
0.316818
3.1977
0.323781
3.18385
0.312014
3.18947
0.32719
3.18877
0.322438
3.19118
0.315854
3.209
0.322572
3.19125
0.315359
3.19577
0.319008
3.19721
0.334065
3.20426
0.328114
3.19257
0.31253
3.19109
0.320562
3.18312
0.313414
3.18303
0.320433
3.20952
0.332408
3.19711
0.312943
3.19612
0.32308
3.19551
0.342722
3.19492
0.328948
3.19841
0.324806
3.20962
0.317288
3.1966
0.328181
3.18994
0.329643
3.19849
0.316999
3.20611
0.327107
3.19616
0.325452
3.17995
0.321885
3.19272
0.319082
3.19422
0.321316
3.18522
0.323416
3.18807
0.312653
3.19931
0.341879
3.19867
0.319412
3.18459
0.32007
3.19689
0.331168
3.19856
0.323988
3.20081
0.327573
3.20149
0.325979
3.19072
0.316359
3.20599
0.327457
3.18567
0.330754
3.20473
0.310446
3.19046
0.326851
3.20153
0.326029
3.19937
0.319311
3.19806
0.323216
3.198
0.325969
3.18259
0.325163
3.1848
0.316744
3.20099
0.313972
3.19747
0.337154
3.18535
0.316144
3.19721
0.332951
3.20098
0.325949
3.19777
0.327334
3.18731
0.326264
3.19456
0.318545
3.18797
0.323738
3.19467
0.321697
3.20011
0.314958
3.19695
0.314663
3.20053
0.30988
3.20509
0.316477
3.20461
0.319498
3.19631
0.320116
3.20055
0.324974
3.18983
0.324655
3.19535
0.322432
3.20185
0.320203
3.19421
0.317495
3.19612
0.319136
3.19519
0.340694
3.19078
0.324699
3.19581
0.320518
3.18504
0.317094
3.18786
0.317181
3.2055
0.325684
3.20293
0.333088
3.20261
0.337457
3.19304
0.327385
3.19178
0.331365
3.20153
0.323128
3.19505
0.319397
3.1936
0.321133
3.1976
0.321712
3.19485
0.32341
3.19564
0.317558
3.19574
0.315778
3.1954
0.319626
3.20046
0.319251
3.2114
0.33511
3.20132
0.310578
3.19659
0.320799
3.19642
0.321951
3.19649
0.319216
3.1979
0.318835
3.19273
0.308307
3.19805
0.310508
3.1875
0.324591
3.19242
0.319849
3.19807
0.325696
3.18838
0.320879
3.19526
0.316057
3.20574
0.315991
3.18703
0.326625
3.20418
0.314591
3.19072
0.313158
3.20396
0.322959
3.19498
0.326141
3.2
0.315157
3.19633
0.325948
3.19092
0.323658
3.19994
0.317426
3.19981
0.322753
3.18936
0.31564
3.19502
0.317689
3.19206
0.313921
3.19203
0.329693
3.19596
0.314632
3.20015
0.31242
3.18446
0.320218
3.1931
0.322132
3.20436
0.325811
3.1912
0.310066
3.19876
0.323415
3.19154
0.322963
3.20091
0.32023
3.20722
0.33207
3.18854
0.336267
3.18421
0.306354
3.19891
0.311479
3.20288
0.319982
3.19415
0.322007
3.19023
0.311981
3.20173
0.31902
3.20074
0.336365
3.20378
0.32881
3.18733
0.314424
3.1974
0.32712
3.19333
0.32065
3.19453
0.318817
3.19801
0.304965
3.19243
0.328838
3.19934
0.330777
3.19512
0.315613
3.20372
0.344461
3.19814
0.328124
3.19558
0.318882
3.18496
0.320005
3.1906
0.312706
3.19273
0.309053
3.20228
0.314503
3.19312
0.313592
3.19184
0.315411
3.19028
0.319549
3.1937
0.333959
3.19098
0.318518
3.20227
0.32655
3.20166
0.32513
3.19618
0.336475
3.18622
0.32811
3.18744
0.315595
3.19505
0.321155
3.19341
0.319046
3.19776
0.318312
3.18965
0.325614
3.18672
0.307274
3.18929
0.337633
3.19742
0.319634
3.19279
0.328773
3.19496
0.323744
3.18364
0.322402
3.20125
0.3229
3.18938
0.3168
3.20293
0.333026
3.19903
0.31698
3.20107
0.325063
3.19389
0.312722
3.19702
0.333507
3.19048
0.324338
3.19481
0.320609
3.19001
0.319504
3.19833
0.312889
3.18956
0.328339
3.19531
0.316915
3.1856
0.315175
3.18947
0.330401
3.20089
0.318452
3.18465
0.320067
3.19369
0.317765
3.19683
0.317782
3.19864
0.311438
3.19168
0.321573
3.1973
0.316855
3.19178
0.318204
3.19115
0.329337
3.19666
0.325271
3.18245
0.319934
3.20493
0.319216
3.18826
0.322572
3.18985
0.314948
3.19711
0.32229
3.20095
0.320852
3.19065
0.316201
3.1907
0.32045
3.20847
0.321148
3.18405
0.316568
3.19802
0.317806
3.20344
0.309155
3.20482
0.334242
3.19592
0.322923
3.19258
0.319147
3.20552
0.334507
3.18718
0.315774
3.19439
0.322529
3.20158
0.32573
3.18204
0.312467
3.19617
0.30662
3.20754
0.331281
3.20595
0.3259
3.19639
0.317094
3.18839
0.310298
3.18951
0.313518
3.1931
0.323556
3.19356
0.331367
3.20565
0.319743
3.20033
0.320979
3.19371
0.338245
3.19772
0.326009
3.20181
0.321212
3.19094
0.327997
3.19223
0.331355
3.18648
0.314712
3.19983
0.32493
3.19074
0.308524
3.18999
0.312612
3.18744
0.310163
3.19738
0.327253
3.20139
0.322896
3.20176
0.326821
3.188
0.328348
3.19605
0.323403
3.19261
0.333098
3.19141
0.318667
3.19197
0.318858
3.18455
0.318715
3.19805
0.320747
3.20268
0.326356
3.19146
0.321661
3.1887
0.30933
3.19761
0.323886
3.20291
0.312237
3.19679
0.318641
3.18954
0.317274
3.19924
0.314424
3.20286
0.316401
3.20544
0.329679
3.19753
0.312737
3.20085
0.327093
3.19072
0.322186
3.1917
0.313013
3.18965
0.310673
3.20444
0.322385
3.19459
0.317209
3.19176
0.324409
3.20068
0.320441
3.19761
0.318224
3.19701
0.321193
3.20486
0.314893
3.19708
0.341353
3.19231
0.317104
3.18947
0.317641
3.18733
0.327936
3.18492
0.31878
3.18251
0.318338
3.20118
0.312225
3.2014
0.310462
3.20106
0.31613
3.19495
0.321192
3.19576
0.320245
3.20271
0.317483
3.19327
0.322877
3.18632
0.323005
3.18809
0.32304
3.18918
0.30604
3.18441
0.322658
3.19461
0.3238
3.20559
0.328256
3.20068
0.315988
3.18945
0.320641
3.1983
0.314711
3.19868
0.316318
3.18798
0.321477
3.18369
0.316206
3.20024
0.343327
3.18919
0.316847
3.18895
0.317676
3.19994
0.340081
3.19698
0.306825
3.20473
0.328622
3.19393
0.320688
3.19751
0.326585
3.19919
0.319585
3.19079
0.312422
3.20785
0.314614
3.19441
0.322325
3.18995
0.318836
3.19421
0.332393
3.19992
0.317784
3.1898
0.310494
3.19465
0.321532
3.18831
0.312252
3.18756
0.322271
3.1919
0.318536
3.19211
0.327432
3.20342
0.310069
3.20881
0.338582
3.19145
0.337721
3.1816
0.319967
3.20075
0.333837
3.19382
0.310801
3.19806
0.324143
3.18969
0.315729
3.19486
0.307873
3.20089
0.32515
3.19571
0.317791
3.18836
0.318735
3.19882
0.318907
3.19544
0.315959
3.20798
0.315566
3.19555
0.336874
3.19997
0.321819
3.19113
0.317518
3.19821
0.319046
3.19328
0.314116
3.20375
0.331346
3.19473
0.312854
3.18133
0.328574
3.19977
0.320475
3.19698
0.312503
3.19188
0.321794
3.18774
0.317518
3.19618
0.317295
3.20114
0.329939
3.20065
0.318455
3.19713
0.327156
3.19226
0.318671
3.1931
0.307681
3.19635
0.318383
3.19285
0.306682
3.18286
0.324921
3.20287
0.3134
3.20427
0.322737
3.19592
0.325134
3.18901
0.321819
3.18979
0.309525
3.18744
0.317672
3.19255
0.307631
3.18821
0.32771
3.20016
0.320452
3.20272
0.315849
3.19296
0.321388
3.1938
0.334676
3.1986
0.329866
3.18756
0.324689
3.20409
0.321253
3.18899
0.326023
3.19047
0.307868
3.19048
0.328934
3.18712
0.311542
3.18955
0.318661
3.19702
0.33723
3.1944
0.329982
3.19103
0.314598
3.19331
0.313948
3.19811
0.329696
3.20379
0.326296
3.19474
0.32358
3.19486
0.324547
3.18865
0.324917
3.19783
0.321571
3.19146
0.326732
3.19453
0.315801
3.19811
0.317206
3.2096
0.324014
3.19979
0.311992
3.20365
0.325575
3.19474
0.316786
3.20575
0.317789
3.18552
0.317569
3.20186
0.32964
3.19269
0.318698
3.19158
0.320967
3.19372
0.320077
3.19076
0.321006
3.1951
0.325043
3.19892
0.31854
3.20237
0.317838
3.19756
0.327117
3.19092
0.332898
3.19802
0.310756
3.18463
0.325121
3.19082
0.323208
3.19116
0.324947
3.19483
0.326558
3.19418
0.323257
3.21017
0.321141
3.18907
0.319406
3.18307
0.320383
3.19913
0.312744
3.19866
0.311071
3.19173
0.320734
3.19602
0.31677
3.20194
0.316329
3.19679
0.326722
3.1939
0.327428
3.20104
0.32219
3.19612
0.328395
3.19994
0.323952
3.20407
0.325928
3.19273
0.321812
3.19781
0.318261
3.19822
0.314066
3.19368
0.331718
3.19111
0.30877
3.17925
0.329274
3.19636
0.315064
3.19235
0.322547
3.18894
0.315991
3.18205
0.33631
3.19987
0.314729
3.188
0.324888
3.187
0.307386
3.21784
0.318923
3.19468
0.334296
3.18301
0.318015
3.19338
0.306923
3.19392
0.314298
3.18962
0.333227
3.19458
0.324201
3.19044
0.322892
3.20654
0.320388
3.20023
0.327866
3.20683
0.321523
3.19768
0.307582
3.19126
0.334458
3.20041
0.318782
3.18386
0.318821
3.19774
0.32559
3.19362
0.321549
3.19301
0.31896
3.19338
0.318181
3.19521
0.316252
3.1888
0.314755
3.19015
0.317397
3.18989
0.312886
3.19763
0.312944
3.19501
0.308629
3.19133
0.323481
3.19341
0.319977
3.19857
0.311802
3.19341
0.326791
3.19862
0.338619
3.20063
0.329521
3.19965
0.325214
3.17896
0.326764
3.19096
0.341757
3.2002
0.308216
3.19234
0.330559
3.19385
0.318771
3.19316
0.308966
3.18671
0.317317
3.19277
0.321559
3.19943
0.3194
3.19178
0.317081
3.19683
0.338116
3.18907
0.316349
3.19791
0.32077
3.20845
0.324325
3.20475
0.318603
3.19141
0.322103
3.19866
0.314761
3.18473
0.318517
3.20677
0.325515
3.18459
0.324566
3.19322
0.324707
3.18819
0.308717
3.20371
0.320496
3.18876
0.321907
3.19164
0.324564
3.19383
0.312817
3.20359
0.321199
3.19611
0.320224
3.18791
0.311966
3.19039
0.327643
3.20151
0.321362
3.19991
0.31156
3.19781
0.323577
3.18785
0.325293
3.18482
0.319814
3.1889
0.304466
3.20305
0.314981
3.18788
0.335008
3.2031
0.318027
3.18578
0.321122
3.19968
0.335831
3.19439
0.312536
3.1796
0.323037
3.20137
0.326697
3.20929
0.33001
3.1993
0.334438
3.18972
0.311626
3.19298
0.316209
3.20548
0.321897
3.20086
0.329973
3.19516
0.320668
3.19632
0.324101
3.20147
0.328997
3.19286
0.321842
3.18682
0.329999
3.19381
0.3208
3.19209
0.321527
3.18751
0.308926
3.21161
0.313744
3.18895
0.314918
3.19213
0.327647
3.19919
0.319712
3.18918
0.315572
3.21426
0.328602
3.19804
0.315428
3.20257
0.310156
3.19599
0.315156
3.19711
0.319955
3.20056
0.321579
3.19259
0.317108
3.18911
0.325811
3.176
0.326271
3.18751
0.32253
3.1877
0.310215
3.19622
0.324236
3.20269
0.328814
3.19645
0.328816
3.19597
0.315875
3.20049
0.31175
3.20251
0.323875
3.20395
0.326796
3.18606
0.321186
3.20066
0.323381
3.1928
0.340017
3.1875
0.326642
3.19897
0.337859
3.19854
0.31803
3.1944
0.311908
3.20052
0.334918
3.20199
0.315931
3.20456
0.323236
3.19395
0.335279
3.18906
0.317059
3.20457
0.321577
3.18654
0.311598
3.18697
0.325171
3.20021
0.306527
3.20286
0.323563
3.20736
0.313162
3.19179
0.321278
3.18672
0.329645
3.1892
0.331415
3.20207
0.321465
3.19363
0.32243
3.19148
0.313736
3.18904
0.322251
3.20777
0.318228
3.19189
0.324354
3.19725
0.331462
3.19446
0.327209
3.19287
0.322812
3.19605
0.323736
3.19488
0.312514
3.18882
0.314928
3.1933
0.31785
3.19329
0.332968
3.19417
0.321694
3.18929
0.318974
3.19044
0.321157
3.20386
0.332056
3.1941
0.321273
3.18777
0.318076
3.18984
0.311546
3.19211
0.329117
3.19888
0.331219
3.19429
0.324188
3.19426
0.323761
3.20605
0.32162
3.198
0.326615
3.18622
0.329622
3.19834
0.316146
3.19282
0.329647
3.19581
0.317516
3.19833
0.344987
3.20805
0.312269
3.18102
0.318032
3.18571
0.322367
3.19463
0.343941
3.19892
0.312063
3.1849
0.329779
3.19736
0.30905
3.1877
0.31741
3.19824
0.311148
3.19751
0.312106
3.19522
0.325917
3.19633
0.319539
3.18604
0.318791
3.204
0.313103
3.20441
0.318073
3.19693
0.322008
3.18736
0.327156
3.18768
0.329565
3.20592
0.316278
3.18591
0.311943
3.20115
0.334792
3.19233
0.319525
3.18833
0.334301
3.20274
0.326017
3.18781
0.312563
3.20061
0.319373
3.19547
0.327729
3.21154
0.328636
3.1846
0.320284
3.19695
0.330381
3.19084
0.312845
3.19164
0.321611
3.19505
0.325426
3.18626
0.322087
3.19234
0.330507
3.19399
0.321798
3.19264
0.315344
3.19435
0.328961
3.19545
0.319496
3.20904
0.317815
3.19023
0.325575
3.19438
0.331186
3.19701
0.313634
3.19332
0.322078
3.19964
0.322258
3.19227
0.312973
3.20138
0.319076
3.19033
0.314056
3.21085
0.318577
3.19368
0.313773
3.18579
0.322002
3.20117
0.325845
3.20454
0.31686
3.19967
0.329479
3.19121
0.32826
3.20604
0.321129
3.18659
0.316742
3.20032
0.323118
3.20176
0.337762
3.19516
0.311891
3.19162
0.326421
3.20366
0.318315
3.20906
0.327802
3.21326
0.324255
3.19721
0.324346
3.20902
0.322481
3.19456
0.319148
3.18068
0.310077
3.194
0.308599
3.19363
0.306658
3.19561
0.318115
3.19245
0.316672
3.20019
0.314858
3.20503
0.322738
3.18967
0.312649
3.19073
0.323189
3.18503
0.326116
3.20007
0.312863
3.19888
0.324614
3.20207
0.313594
3.21397
0.331396
3.19329
0.329849
3.19308
0.329397
3.1988
0.32029
3.19308
0.315888
3.1903
0.308592
3.19117
0.326234
3.19455
0.329085
3.19479
0.326023
3.20153
0.336662
3.18945
0.321704
3.19008
0.319624
3.19506
0.317834
3.19536
0.32497
3.19294
0.33523
3.18745
0.31991
3.18972
0.321252
3.19859
0.317449
3.19603
0.322874
3.19788
0.31785
3.19286
0.320257
3.20819
0.326221
3.19575
0.321068
3.20238
0.328074
3.19868
0.323011
3.19167
0.329505
3.19421
0.313664
3.19746
0.314479
3.20678
0.323109
3.20417
0.322616
3.193
0.327598
3.19379
0.31943
3.2009
0.324026
3.19446
0.321703
3.1881
0.31505
3.19982
0.327296
3.20215
0.312287
3.19482
0.32848
3.1845
0.319336
3.18697
0.318449
3.19366
0.336817
3.19021
0.324395
3.19897
0.32357
3.19856
0.313632
3.19174
0.316281
3.19524
0.325194
3.20473
0.31605
3.21263
0.318271
3.20416
0.323136
3.18515
0.317759
3.18487
0.324135
3.18862
0.334182
3.195
0.318509
3.19529
0.319931
3.18814
0.314513
3.19459
0.316491
3.19833
0.337619
3.20688
0.316918
3.1905
0.315282
3.20662
0.331392
3.19719
0.305479
3.1991
0.329023
3.20285
0.330934
3.1914
0.320269
3.20165
0.312649
3.19233
0.326631
3.18944
0.324304
3.19186
0.312436
3.19696
0.310654
3.20234
0.312129
3.19588
0.315487
3.19777
0.324087
3.20027
0.323456
3.19463
0.321122
3.19068
0.315307
3.19013
0.320176
3.18891
0.314452
3.18409
0.322357
3.19159
0.311721
3.19616
0.314658
3.19752
0.32378
3.1942
0.316302
3.19821
0.321934
3.20029
0.320509
3.19162
0.32143
3.19869
0.304901
3.20274
0.335708
3.20032
0.326243
3.20901
0.328824
3.18928
0.325391
3.20043
0.320569
3.19459
0.331713
3.19826
0.333899
3.18629
0.315671
3.20627
0.31526
3.19543
0.334375
3.202
0.319389
3.19126
0.337246
3.19158
0.323625
3.19186
0.313689
3.20527
0.316147
3.19669
0.311729
3.19184
0.306386
3.18794
0.325998
3.20943
0.319832
3.18367
0.310797
3.19398
0.317768
3.20632
0.317486
3.20229
0.327603
3.1981
0.313177
3.1944
0.325119
3.19428
0.324974
3.19144
0.324647
3.19859
0.334111
3.20726
0.32058
3.19263
0.306449
3.20177
0.324725
3.2047
0.320481
3.18557
0.318582
3.19215
0.318289
3.19843
0.320482
3.1917
0.334653
3.19924
0.318803
3.20013
0.328106
3.19937
0.316125
3.19202
0.311247
3.20039
0.318161
3.19184
0.332207
3.19708
0.31748
3.20381
0.333347
3.19409
0.319416
3.18396
0.326991
3.19131
0.316873
3.1989
0.325482
3.20178
0.322623
3.20484
0.320801
3.18345
0.312512
3.19404
0.328658
3.20018
0.317961
3.1816
0.303671
3.19044
0.323732
3.20074
0.329655
3.20237
0.322918
3.19358
0.319289
3.18063
0.31877
3.20076
0.326888
3.19025
0.317818
3.19562
0.312912
3.20017
0.322106
3.19723
0.323662
3.19204
0.325736
3.20258
0.319436
3.18251
0.308346
3.19072
0.336651
3.19352
0.319054
3.19428
0.320685
3.19662
0.311652
3.18994
0.322175
3.19622
0.323621
3.19502
0.33536
3.19078
0.328813
3.1973
0.335205
3.19582
0.320303
3.20083
0.331777
3.20096
0.326737
3.19429
0.304918
3.19439
0.34036
3.19829
0.313836
3.18599
0.329835
3.19643
0.308472
3.19915
0.315299
3.18218
0.324889
3.19341
0.321889
3.19877
0.311861
3.19119
0.32453
3.19887
0.325311
3.20876
0.326026
3.20489
0.321086
3.19956
0.316782
3.18834
0.324405
3.20453
0.330561
3.1946
0.332771
3.19949
0.322098
3.20911
0.344337
3.20995
0.324576
3.18799
0.317583
3.18304
0.328547
3.19919
0.32731
3.19443
0.313334
3.19101
0.30523
3.1805
0.311249
3.20112
0.314615
3.19558
0.321807
3.19396
0.326513
3.20263
0.322795
3.19078
0.317334
3.18875
0.322869
3.19784
0.331408
3.20189
0.329436
3.20246
0.327089
3.19655
0.313881
3.19212
0.307561
3.19301
0.313091
3.19967
0.336488
3.21077
0.322643
3.18491
0.325945
3.19366
0.326233
3.19683
0.322552
3.19551
0.326584
3.20291
0.321638
3.20111
0.329666
3.19309
0.318734
3.19623
0.324978
3.19049
0.311802
3.19683
0.325343
3.20985
0.320403
3.19401
0.326729
3.19938
0.335879
3.19286
0.318131
3.20372
0.318396
3.20027
0.342437
3.18889
0.330513
3.18148
0.321065
3.19657
0.32361
3.19987
0.3214
3.19519
0.326869
3.18548
0.324593
3.20236
0.315136
3.20187
0.320538
3.20256
0.32132
3.19924
0.318935
3.20293
0.32761
3.20216
0.324139
3.19555
0.329702
3.19173
0.318616
3.20267
0.318646
3.18541
0.312735
3.18855
0.330525
3.19215
0.315351
3.20555
0.321782
3.19957
0.320679
3.18583
0.318769
3.19642
0.319536
3.18308
0.320643
3.19327
0.330207
3.2006
0.320495
3.19119
0.314465
3.20923
0.323516
3.19099
0.325217
3.20022
0.325952
3.19057
0.321824
3.19383
0.345307
3.18717
0.317092
3.21004
0.312042
3.18789
0.330636
3.19776
0.309321
3.18125
0.313467
3.19096
0.312718
3.19518
0.309852
3.18636
0.307125
3.18718
0.329583
3.19574
0.31926
3.20226
0.319089
3.19028
0.317707
3.18498
0.313158
3.19832
0.32115
3.20391
0.318998
3.19296
0.332118
3.19872
0.322373
3.19322
0.322066
3.19793
0.32859
3.19114
0.315236
3.19806
0.337512
3.20721
0.324413
3.20431
0.331708
3.19905
0.32686
3.19632
0.315945
3.19917
0.329588
3.19662
0.317589
3.19235
0.321288
3.18577
0.307337
3.19447
0.325078
3.18379
0.331037
3.20368
0.335877
3.18662
0.332129
3.20609
0.325749
3.19327
0.323439
3.19372
0.323054
3.19429
0.31773
3.20356
0.324746
3.19945
0.323132
3.19711
0.327229
3.20885
0.311082
3.18616
0.309233
3.17999
0.315803
3.19293
0.323946
3.20465
0.329929
3.1977
0.321334
3.19452
0.332662
3.21936
0.322814
3.1931
0.311069
3.19975
0.316347
3.19508
0.329361
3.19361
0.320561
3.1923
0.321129
3.18468
0.307414
3.1928
0.318026
3.19967
0.311776
3.19826
0.322282
3.18998
0.317473
3.194
0.327546
3.18825
0.332332
3.20246
0.320666
3.20458
0.331039
3.19265
0.325871
3.18806
0.323844
3.18984
0.326885
3.1881
0.319978
3.1978
0.326917
3.19023
0.318848
3.20856
0.33444
3.18991
0.330659
3.19221
0.323523
3.19227
0.317051
3.19549
0.31333
3.19042
0.323379
3.19391
0.318278
3.18894
0.320086
3.18924
0.31978
3.19299
0.339092
3.19858
0.321759
3.19109
0.317739
3.19546
0.324025
3.20045
0.328583
3.19504
0.320456
3.18765
0.325372
3.19083
0.308947
3.19369
0.325532
3.18355
0.310215
3.19745
0.338598
3.18934
0.316463
3.19528
0.323393
3.19933
0.323334
3.18765
0.31415
3.19651
0.318156
3.19499
0.309713
3.1917
0.327307
3.19608
0.304037
3.19543
0.327141
3.18599
0.310529
3.19427
0.312528
3.19676
0.314563
3.19466
0.321184
3.2056
0.337395
3.18306
0.312266
3.18927
0.322673
3.19761
0.327643
3.1954
0.316365
3.19617
0.317727
3.1909
0.320622
3.19356
0.32024
3.18694
0.310858
3.18846
0.329755
3.19609
0.325196
3.19835
0.315528
3.19374
0.321952
3.18229
0.313887
3.20939
0.341573
3.20538
0.324186
3.18638
0.319104
3.19712
0.310067
3.19719
0.324858
3.18196
0.317608
3.19733
0.332245
3.20148
0.31358
3.19846
0.306244
3.18869
0.326368
3.18992
0.318696
3.20218
0.317422
3.19258
0.325919
3.19675
0.316035
3.20006
0.327147
3.20566
0.335664
3.18009
0.312954
3.19264
0.322359
3.19711
0.331702
3.20025
0.32082
3.19549
0.311679
3.20423
0.324234
3.18765
0.319919
3.18861
0.323067
3.18927
0.31791
3.19632
0.316142
3.19502
0.317936
3.19882
0.315099
3.2012
0.3188
3.20243
0.313033
3.19478
0.317827
3.19882
0.324169
3.19849
0.315758
3.19039
0.326558
3.19801
0.322511
3.20996
0.313468
3.19331
0.322803
3.18658
0.316086
3.20398
0.32961
3.19393
0.315074
3.19995
0.314921
3.19152
0.312438
3.20022
0.323692
3.20162
0.324224
3.19593
0.318635
3.18957
0.318609
3.1927
0.327064
3.18975
0.333983
3.18904
0.318212
3.19378
0.318683
3.17539
0.326951
3.19915
0.321856
3.20256
0.308302
3.1913
0.316342
3.18747
0.313858
3.17798
0.317705
3.18727
0.322663
3.20471
0.316613
3.18436
0.339063
3.19382
0.320623
3.18821
0.327956
3.19393
0.318415
3.18873
0.325755
3.20969
0.310975
3.19179
0.314659
3.19896
0.313688
3.18801
0.318994
3.1988
0.309817
3.20193
0.317872
3.18581
0.310489
3.19554
0.323751
3.20288
0.326431
3.19147
0.315332
3.1954
0.311707
3.19346
0.318081
3.18743
0.319678
3.2035
0.320735
3.19255
0.320224
3.20315
0.324119
3.20068
0.311311
3.1935
0.328203
3.19941
0.309069
3.19717
0.330533
3.20188
0.320144
3.19133
0.327162
3.20094
0.31998
3.19585
0.312938
3.19041
0.317379
3.18879
0.334132
3.20473
0.319309
3.19979
0.314681
3.18386
0.326913
3.19049
0.328531
3.19782
0.324143
3.19706
0.322118
3.1856
0.310273
3.1841
0.316004
3.20195
0.329531
3.19565
0.312743
3.18877
0.322693
3.199
0.316899
3.20158
0.320701
3.19371
0.323881
3.18824
0.314933
3.19051
0.314745
3.2028
0.321601
3.19737
0.329411
3.19648
0.329263
3.18782
0.333142
3.19009
0.315599
3.20338
0.318513
3.20404
0.311349
3.19475
0.324463
3.2083
0.317979
3.19831
0.318011
3.19288
0.310452
3.19731
0.330027
3.19095
0.325035
3.18242
0.316177
3.19678
0.323988
3.18812
0.328506
3.18381
0.323834
3.20042
0.329448
3.1852
0.327667
3.20132
0.322975
3.1937
0.311541
3.18924
0.315788
3.18446
0.338181
3.19042
0.323017
3.18882
0.31728
3.18745
0.315836
3.1871
0.326944
3.19345
0.317054
3.19545
0.33497
3.19487
0.324235
3.19883
0.325436
3.19562
0.316519
3.18793
0.324949
3.20062
0.318749
3.18346
0.323548
3.2086
0.321469
3.19446
0.324565
3.18725
0.326614
3.19367
0.327606
3.19899
0.320393
3.19043
0.313278
3.19838
0.312817
3.19943
0.315455
3.20497
0.319468
3.19323
0.318678
3.189
0.311988
3.1899
0.311682
3.20335
0.310776
3.19091
0.321761
3.18964
0.336688
3.19338
0.32405
3.18594
0.314042
3.19897
0.332623
3.18869
0.325407
3.20707
0.321775
3.181
0.317062
3.19284
0.326671
3.19194
0.316005
3.19147
0.313938
3.18566
0.329099
3.18895
0.323804
3.18633
0.320686
3.18619
0.317944
3.20692
0.310725
3.20373
0.328074
3.18329
0.331061
3.19926
0.323758
3.20477
0.32582
3.1966
0.321964
3.19414
0.33099
3.20028
0.311283
3.19059
0.325453
3.19731
0.322475
3.20187
0.322075
3.19955
0.318795
3.19483
0.302751
3.1975
0.329348
3.19674
0.328494
3.19171
0.32693
3.19654
0.313234
3.19706
0.325886
3.19023
0.309862
3.20528
0.321786
3.19633
0.326666
3.19332
0.322918
3.19652
0.329673
3.18686
0.312573
3.19392
0.327009
3.18272
0.317981
3.18679
0.325944
3.20544
0.324926
3.20096
0.320633
3.19622
0.321194
3.18749
0.311886
3.20264
0.320501
3.18302
0.325313
3.19052
0.311591
3.20047
0.315389
3.19744
0.32244
3.19909
0.32568
3.18895
0.314326
3.19312
0.328666
3.1939
0.320725
3.18743
0.314597
3.18629
0.337722
3.18626
0.321994
3.19524
0.317853
3.19449
0.314597
3.17862
0.319504
3.19866
0.318857
3.18923
0.312412
3.20978
0.325876
3.19313
0.317291
3.19585
0.321194
3.18991
0.322951
3.19455
0.319467
3.20221
0.32336
3.20039
0.332218
3.19795
0.327802
3.19261
0.328656
3.19306
0.319711
3.20552
0.325033
3.19332
0.31917
3.1959
0.315657
3.19586
0.323251
3.20004
0.327939
3.20166
0.320597
3.1816
0.330146
3.18752
0.315264
3.19289
0.339065
3.18932
0.326583
3.19806
0.323987
3.19344
0.324395
3.19906
0.330717
3.20716
0.327045
3.20439
0.318642
3.19438
0.325234
3.19166
0.314556
3.19265
0.320537
3.20126
0.307339
3.19518
0.322386
3.20293
0.316069
3.20065
0.324669
3.19494
0.317383
3.19903
0.327236
3.19138
0.321991
3.20015
0.326137
3.20395
0.32851
3.20753
0.31788
3.18929
0.315781
3.19951
0.314579
3.19146
0.31698
3.19843
0.311651
3.19871
0.322488
3.18627
0.323532
3.20407
0.308806
3.19341
0.321297
3.19418
0.33443
3.19492
0.328455
3.18614
0.323685
3.1858
0.319998
3.2023
0.32052
3.19586
0.314208
3.19606
0.333204
3.19752
0.321656
3.1918
0.322018
3.19453
0.312116
3.19475
0.329627
3.19756
0.3238
3.2102
0.32221
3.18165
0.325816
3.19163
0.323438
3.18551
0.324034
3.19017
0.319684
3.19889
0.336742
3.18687
0.324434
3.20725
0.307307
3.18571
0.322688
3.2081
0.317043
3.19317
0.315207
3.2115
0.303435
3.1995
0.322058
3.20705
0.317186
3.20317
0.322017
3.19265
0.313281
3.20618
0.314833
3.19816
0.323611
3.20225
0.321851
3.18306
0.300065
3.19227
0.33231
3.19837
0.318902
3.19428
0.320012
3.20058
0.324186
3.19367
0.321636
3.19997
0.327813
3.19651
0.325903
3.20047
0.329026
3.18915
0.322855
3.19119
0.315625
3.20333
0.314648
3.18721
0.328178
3.19981
0.309867
3.21034
0.330753
3.19023
0.309131
3.19875
0.333577
3.19408
0.326602
3.18754
0.328146
3.1976
0.322385
3.18567
0.312313
3.20374
0.321753
3.19771
0.324282
3.19549
0.320343
3.19124
0.320332
3.1916
0.314927
3.19536
0.323847
3.19903
0.323718
3.21298
0.317206
3.198
0.311193
3.19035
0.316053
3.2002
0.330583
3.20067
0.336119
3.19311
0.307361
3.19088
0.327528
3.19135
0.342451
3.18561
0.330476
3.20033
0.322998
3.18775
0.316355
3.20082
0.315392
3.19747
0.315226
3.19783
0.319429
3.20589
0.321747
3.19224
0.325533
3.19631
0.324649
3.19656
0.326073
3.19611
0.316561
3.19538
0.31992
3.19901
0.338048
3.20454
0.333923
3.19048
0.31887
3.21502
0.320499
3.19627
0.322896
3.19449
0.314033
3.18941
0.31997
3.18994
0.313657
3.20722
0.328561
3.19731
0.317963
3.18744
0.316409
3.19985
0.321157
3.20802
0.331323
3.19969
0.315161
3.20192
0.319678
3.19144
0.32212
3.18488
0.323303
3.19168
0.323897
3.19279
0.325644
3.1976
0.332492
3.20126
0.319694
3.19267
0.315311
3.18206
0.329777
3.20077
0.320051
3.18832
0.318489
3.18465
0.31646
3.18413
0.322578
3.19311
0.318701
3.19459
0.336377
3.19116
0.326856
3.19289
0.318849
3.1935
0.319678
3.18625
0.317622
3.20062
0.327354
3.18724
0.311959
3.21121
0.31653
3.19116
0.32409
3.20181
0.318649
3.19676
0.319293
3.1962
0.32095
3.19526
0.312573
3.20121
0.32639
3.2042
0.314737
3.19981
0.318605
3.19893
0.326727
3.19923
0.322568
3.19568
0.330626
3.19303
0.322415
3.18925
0.308807
3.19947
0.321069
3.18784
0.314415
3.19294
0.327282
3.20206
0.319672
3.19373
0.316554
3.19277
0.311744
3.19198
0.30599
3.18711
0.323222
3.1858
0.324912
3.19634
0.320655
3.20161
0.327392
3.18762
0.320276
3.19042
0.324121
3.19359
0.31973
3.18965
0.318824
3.20289
0.32081
3.19849
0.332926
3.20282
0.322367
3.20202
0.318717
3.18385
0.323591
3.18904
0.307283
3.20957
0.320891
3.19998
0.321227
3.19105
0.325094
3.20263
0.32736
3.19668
0.337747
3.20436
0.315389
3.19824
0.311689
3.1936
0.324621
3.19396
0.326252
3.18702
0.321721
3.20619
0.313019
3.19874
0.31863
3.1937
0.32641
3.19175
0.322214
3.19027
0.328791
3.19507
0.338885
3.18101
0.328673
3.1863
0.322947
3.19017
0.329856
3.19762
0.314705
3.19163
0.316113
3.20386
0.312644
3.20377
0.320642
3.19347
0.321276
3.20462
0.331529
3.19771
0.318989
3.18978
0.312232
3.18821
0.331681
3.19329
0.313991
3.1916
0.335691
3.19342
0.33058
3.19432
0.31792
3.19484
0.318924
3.20223
0.31592
3.18694
0.317547
3.20034
0.319377
3.18997
0.328055
3.1891
0.323475
3.20398
0.326519
3.20199
0.315079
3.18716
0.315873
3.19893
0.315162
3.19472
0.327212
3.18523
0.320756
3.18753
0.329908
3.19765
0.320204
3.19619
0.318763
3.19599
0.334942
3.19354
0.328759
3.20483
0.333056
3.19117
0.315572
3.19556
0.326266
3.18431
0.313293
3.18972
0.317065
3.18971
0.328321
3.18781
0.318402
3.18421
0.310119
3.18631
0.315275
3.19313
0.338723
3.20584
0.333206
3.20397
0.324212
3.19576
0.327277
3.18529
0.312203
3.18636
0.322824
3.20029
0.327774
3.18996
0.32011
3.20244
0.322569
3.21216
0.320571
3.20121
0.324296
3.20076
0.324606
3.18327
0.309991
3.19303
0.314884
3.18968
0.323022
3.18718
0.31475
3.19992
0.314833
3.19335
0.32168
3.19203
0.323977
3.19985
0.320672
3.20489
0.329033
3.19065
0.316237
3.19333
0.320364
3.19819
0.31769
3.19251
0.338641
3.19371
0.313103
3.19277
0.320821
3.19183
0.322294
3.1981
0.31599
3.19432
0.321361
3.19386
0.328409
3.19332
0.32818
3.19476
0.324429
3.19981
0.325922
3.19907
0.312921
3.2006
0.316714
3.18702
0.317529
3.19141
0.319966
3.20251
0.325255
3.19423
0.317248
3.19532
0.318793
3.1872
0.319897
3.18587
0.321237
3.20481
0.328355
3.19392
0.32523
3.20539
0.320083
3.1922
0.315554
3.2045
0.32495
3.20068
0.317786
3.18576
0.307264
3.18531
0.323203
3.19905
0.315361
3.19006
0.317603
3.20392
0.338536
3.18976
0.310691
3.18602
0.325087
3.2061
0.317365
3.19783
0.321172
3.1915
0.322778
3.19179
0.316964
3.19201
0.314838
3.19173
0.318956
3.19843
0.330834
3.20125
0.321883
3.20283
0.316397
3.19989
0.320239
3.19073
0.337665
3.20165
0.324492
3.1889
0.325427
3.1919
0.322386
3.1921
0.332475
3.19786
0.317416
3.20344
0.321405
3.19522
0.333492
3.19544
0.323757
3.19483
0.332318
3.18653
0.317856
3.19444
0.321791
3.19032
0.329254
3.20097
0.328432
3.20856
0.318755
3.19612
0.317843
3.20802
0.321367
3.19588
0.30898
3.18538
0.320068
3.20129
0.329731
3.20587
0.335846
3.18927
0.323869
3.18584
0.321761
3.18697
0.327024
3.19248
0.321922
3.19116
0.32112
3.18974
0.312977
3.20668
0.314733
3.18871
0.328186
3.18331
0.324131
3.20241
0.329531
3.19439
0.317899
3.19778
0.322646
3.19641
0.318427
3.19709
0.334272
3.19515
0.322213
3.20067
0.331353
3.19454
0.323686
3.19883
0.315028
3.18845
0.310106
3.18514
0.327569
3.18813
0.319489
3.20436
0.327901
3.19787
0.327942
3.19549
0.32381
3.20067
0.313075
3.19075
0.317989
3.20095
0.319106
3.19189
0.318037
3.19631
0.322731
3.20228
0.316577
3.19375
0.302338
3.18636
0.319686
3.18567
0.317955
3.2017
0.310633
3.19616
0.323909
3.18906
0.315818
3.19949
0.338221
3.19991
0.325107
3.1927
0.319599
3.19086
0.331672
3.18759
0.321977
3.19534
0.319987
3.18849
0.317472
3.18727
0.320366
3.19922
0.31433
3.18472
0.327368
3.19743
0.317683
3.19271
0.325641
3.19662
0.322372
3.2073
0.328585
3.19935
0.31726
3.20378
0.33644
3.19687
0.315015
3.20263
0.317251
3.19381
0.331133
3.19494
0.318804
3.18763
0.310724
3.18862
0.329133
3.18619
0.309614
3.19289
0.313224
3.2043
0.324971
3.18408
0.329908
3.20099
0.313189
3.19391
0.333088
3.19067
0.311579
3.19852
0.31729
3.19241
0.317633
3.18849
0.317528
3.20307
0.321755
3.20095
0.330002
3.19638
0.313197
3.18845
0.323759
3.19494
0.315375
3.18764
0.330169
3.18245
0.322585
3.19204
0.317111
3.19333
0.336314
3.20766
0.312401
3.18992
0.322043
3.19848
0.317525
3.19142
0.308888
3.19367
0.312863
3.19957
0.318063
3.18307
0.308788
3.19085
0.323863
3.18847
0.319295
3.19544
0.305444
3.19782
0.314071
3.19419
0.321258
3.19073
0.316791
3.19097
0.308765
3.19073
0.324952
3.19761
0.317659
3.1894
0.327276
3.19566
0.317315
3.20328
0.327255
3.18451
0.334072
3.19469
0.318827
3.19526
0.322686
3.18569
0.321061
3.19699
0.327327
3.20697
0.317166
3.18983
0.321572
3.19774
0.325287
3.19875
0.321767
3.18887
0.320582
3.19085
0.318679
3.19596
0.330063
3.19247
0.318525
3.19615
0.321252
3.1975
0.322787
3.19761
0.320328
3.19901
0.334005
3.19863
0.312844
3.19739
0.322842
3.18822
0.314135
3.19669
0.318302
3.18959
0.306453
3.1921
0.30593
3.20484
0.322032
3.19879
0.320026
3.19453
0.331258
3.19164
0.310593
3.1933
0.326363
3.194
0.323683
3.19434
0.325023
3.19885
0.325331
3.19565
0.318173
3.19953
0.317577
3.19196
0.327055
3.1852
0.324797
3.20626
0.320645
3.19869
0.326522
3.19674
0.318689
3.19608
0.325313
3.19401
0.329719
3.19647
0.326311
3.20657
0.32351
3.18699
0.319258
3.18393
0.322084
3.18565
0.312711
3.19838
0.31485
3.19376
0.317569
3.1845
0.308863
3.19628
0.336324
3.19415
0.326967
3.19812
0.323587
3.19095
0.32028
3.20089
0.31542
3.19184
0.316822
3.18861
0.312843
3.19109
0.342102
3.19786
0.320158
3.1948
0.318543
3.19149
0.318923
3.1909
0.311535
3.19045
0.323854
3.19422
0.323717
3.1834
0.329661
3.19522
0.311227
3.18719
0.323681
3.19987
0.313643
3.19398
0.324412
3.18953
0.320132
3.19221
0.320801
3.19087
0.337145
3.1955
0.3111
3.19366
0.321786
3.20122
0.313265
3.20188
0.325153
3.20699
0.323069
3.19705
0.309747
3.19482
0.317833
3.19535
0.325341
3.19897
0.315313
3.20539
0.318181
3.19948
0.309045
3.19357
0.329052
3.19413
0.317857
3.19817
0.329406
3.18893
0.309559
3.19699
0.328724
3.19663
0.328066
3.19139
0.310974
3.19588
0.309218
3.19792
0.309295
3.19373
0.312032
3.19781
0.324535
3.202
0.313638
3.18232
0.312971
3.2022
0.311142
3.19098
0.317009
3.19152
0.32322
3.20151
0.32316
3.2034
0.324042
3.19869
0.324744
3.19834
0.317723
3.19638
0.329036
3.1919
0.319907
3.19005
0.329937
3.18469
0.315602
3.19419
0.322635
3.19929
0.317966
3.1973
0.315349
3.19709
0.317621
3.19839
0.325517
3.20025
0.329197
3.20019
0.317803
3.18893
0.31461
3.19898
0.319717
3.19652
0.312719
3.19315
0.320374
3.19522
0.322822
3.19607
0.317567
3.19635
0.308387
3.19883
0.325949
3.19909
0.319606
3.19012
0.316404
3.17537
0.333625
3.19183
0.320814
3.2029
0.327124
3.19066
0.318121
3.21137
0.311839
3.19158
0.309702
3.19892
0.322529
3.19864
0.317308
3.194
0.311411
3.19372
0.319674
3.19439
0.316001
3.19235
0.309349
3.18235
0.328033
3.1853
0.324645
3.19611
0.317874
3.19546
0.324047
3.19946
0.3218
3.19739
0.319333
3.19489
0.326624
3.18535
0.31792
3.19046
0.325789
3.19027
0.313625
3.19265
0.304181
3.19736
0.321102
3.20211
0.342655
3.19406
0.306354
3.19249
0.327198
3.19875
0.331014
3.19404
0.326125
3.20087
0.32164
3.19742
0.315686
3.19285
0.315205
3.19704
0.311465
3.19229
0.315241
3.19135
0.328059
3.18605
0.307261
3.19311
0.321512
3.20051
0.318591
3.18
0.320677
3.18505
0.315542
3.20668
0.319384
3.19576
0.326131
3.19545
0.322841
3.19444
0.325634
3.18396
0.321701
3.19298
0.317771
3.18757
0.32121
3.21254
0.335955
3.19104
0.324362
3.20207
0.32004
3.19151
0.323606
3.1942
0.31682
3.18984
0.326398
3.18841
0.31855
3.19118
0.315019
3.19462
0.320792
3.19703
0.30856
3.19555
0.321268
3.19905
0.330066
3.1993
0.314526
3.18559
0.326396
3.19106
0.318837
3.196
0.320791
3.20235
0.318916
3.18473
0.319328
3.20685
0.328959
3.18739
0.317264
3.19383
0.324836
3.19735
0.331351
3.1927
0.323076
3.1949
0.320773
3.19887
0.316332
3.1997
0.318104
3.19204
0.315758
3.18843
0.329815
3.1938
0.310677
3.18185
0.321253
3.19924
0.316416
3.1916
0.334612
3.19933
0.316498
3.18993
0.319055
3.19556
0.327122
3.18897
0.319797
3.19162
0.330082
3.19303
0.306481
3.19922
0.314742
3.20373
0.318897
3.18645
0.312532
3.1914
0.326472
3.18979
0.328663
3.18875
0.333737
3.20811
0.321112
3.1916
0.312554
3.18983
0.330572
3.19148
0.32105
3.19604
0.320282
3.19463
0.315156
3.1968
0.32771
3.19241
0.324085
3.19578
0.324282
3.20081
0.314165
3.19733
0.313383
3.19244
0.323131
3.18651
0.311411
3.20973
0.315557
3.19769
0.32581
3.21065
0.31892
3.20056
0.305653
3.19957
0.322487
3.19877
0.318472
3.21565
0.322892
3.21066
0.327196
3.19367
0.326998
3.18745
0.322594
3.19493
0.330717
3.1967
0.312
3.1985
0.320168
3.18213
0.320121
3.18574
0.321824
3.18936
0.323132
3.19702
0.305099
3.19743
0.329712
3.1963
0.3118
3.18515
0.315964
3.18727
0.330432
3.18965
0.336785
3.20079
0.317446
3.20131
0.322333
3.19794
0.320722
3.18713
0.31409
3.2087
0.317433
3.19683
0.316672
3.19418
0.31878
3.19022
0.320548
3.18642
0.318951
3.19955
0.324291
3.19533
0.330943
3.19735
0.319015
3.20491
0.311875
3.19118
0.325067
3.18383
0.314667
3.18583
0.328379
3.19616
0.328979
3.18289
0.309517
3.21193
0.319655
3.1962
0.328921
3.19898
0.322731
3.19155
0.32877
3.19285
0.309653
3.19243
0.319477
3.18903
0.314319
3.19323
0.318697
3.19576
0.324358
3.19565
0.312748
3.19449
0.317062
3.19478
0.3181
3.1911
0.318578
3.18751
0.326008
3.19798
0.311993
3.20161
0.328981
3.1945
0.326448
3.19823
0.334238
3.19145
0.321924
3.19849
0.321735
3.19386
0.334176
3.20304
0.320966
3.19179
0.319196
3.19312
0.328567
3.1924
0.330589
3.19656
0.329312
3.19425
0.306337
3.19633
0.3144
3.19412
0.318963
3.19251
0.335971
3.20715
0.314615
3.19452
0.315063
3.19598
0.32638
3.19959
0.324558
3.20091
0.32529
3.19296
0.31096
3.18587
0.316202
3.19216
0.318301
3.19434
0.333332
3.18697
0.304521
3.18563
0.321075
3.20503
0.320628
3.2031
0.31668
3.19166
0.348045
3.18737
0.31615
3.19391
0.333954
3.19801
0.332342
3.19042
0.326933
3.20137
0.311413
3.18173
0.314228
3.18005
0.318875
3.19341
0.314202
3.19959
0.31475
3.19956
0.311542
3.19915
0.323173
3.19542
0.326768
3.18555
0.317377
3.18351
0.315119
3.18869
0.314649
3.1969
0.320267
3.1936
0.337625
3.19453
0.311593
3.20073
0.312421
3.19083
0.324418
3.20733
0.319214
3.19832
0.319768
3.20351
0.311359
3.19403
0.324855
3.19332
0.320575
3.19222
0.322836
3.1996
0.332092
3.18731
0.323908
3.19003
0.324923
3.1909
0.323095
3.1922
0.32007
3.19177
0.318374
3.19817
0.315503
3.20453
0.322664
3.19489
0.316565
3.19011
0.316831
3.18057
0.321253
3.19241
0.323563
3.19294
0.322992
3.17941
0.335665
3.20225
0.31004
3.19496
0.306343
3.19834
0.308822
3.19042
0.333212
3.19484
0.310174
3.19347
0.331717
3.20051
0.316597
3.199
0.322832
3.1949
0.330472
3.20226
0.324464
3.18382
0.323797
3.20136
0.324564
3.19188
0.323962
3.19098
0.322486
3.20341
0.324645
3.19368
0.320276
3.19337
0.320708
3.20429
0.323197
3.19985
0.326291
3.18902
0.305638
3.19858
0.317249
3.19527
0.320799
3.18866
0.320511
3.19184
0.328078
3.18859
0.316043
3.18646
0.322697
3.17617
0.321992
3.19074
0.324267
3.19946
0.318305
3.18621
0.317826
3.1857
0.313063
3.19112
0.329092
3.19575
0.330638
3.20569
0.325865
3.19692
0.323755
3.19825
0.316001
3.19413
0.316598
3.19052
0.327474
3.2007
0.32301
3.1948
0.315311
3.18724
0.32193
3.19056
0.329901
3.19436
0.331378
3.19714
0.316023
3.19804
0.318168
3.20125
0.313089
3.18267
0.314231
3.19646
0.327967
3.19721
0.3232
3.18921
0.314112
3.19608
0.315321
3.20069
0.313717
3.19063
0.323982
3.20853
0.324253
3.2003
0.318287
3.20776
0.326621
3.18978
0.310298
3.19647
0.327128
3.19528
0.317691
3.19387
0.322193
3.19321
0.310852
3.18685
0.325723
3.18431
0.317031
3.19479
0.313589
3.20102
0.317795
3.18765
0.317174
3.20325
0.33681
3.1955
0.33905
3.18889
0.312706
3.19872
0.310982
3.19395
0.320172
3.19141
0.318561
3.19023
0.328602
3.1915
0.324793
3.19742
0.31914
3.19121
0.326397
3.19073
0.319496
3.19814
0.323969
3.18991
0.336665
3.18526
0.332359
3.19906
0.329896
3.19074
0.3185
3.20362
0.330199
3.19339
0.322707
3.19303
0.33458
3.19163
0.326312
3.2021
0.333327
3.19277
0.315718
3.19418
0.321735
3.20793
0.318919
3.18767
0.313304
3.1977
0.317736
3.19791
0.331433
3.19473
0.317833
3.19435
0.325117
3.19653
0.323346
3.19322
0.31522
3.19016
0.324471
3.19479
0.318253
3.19458
0.328881
3.1904
0.309768
3.20416
0.316819
3.19253
0.332996
3.20153
0.322285
3.19088
0.330629
3.19326
0.309031
3.18345
0.303857
3.19251
0.324169
3.1908
0.324714
3.1949
0.315579
3.19309
0.324467
3.1996
0.329527
3.18609
0.31987
3.20017
0.321184
3.20338
0.31952
3.18323
0.307623
3.18956
0.320082
3.1855
0.317267
3.19158
0.313549
3.20012
0.324458
3.19147
0.327297
3.19204
0.314638
3.19711
0.308361
3.19731
0.321066
3.18897
0.312385
3.19535
0.321538
3.20119
0.318771
3.18991
0.312954
3.18896
0.31501
3.19552
0.325977
3.19801
0.326141
3.18531
0.322772
3.19667
0.321213
3.19309
0.331268
3.19298
0.312958
3.21196
0.321146
3.20211
0.322179
3.18804
0.317648
3.19549
0.334223
3.20055
0.316437
3.19332
0.322951
3.1938
0.312027
3.19858
0.333738
3.19116
0.320573
3.19638
0.328624
3.19666
0.319471
3.1971
0.317336
3.19547
0.32169
3.19347
0.319126
3.19431
0.323807
3.2023
0.326825
3.20073
0.327704
3.1971
0.310012
3.18027
0.30663
3.19263
0.32021
3.20038
0.314554
3.17922
0.345332
3.20367
0.315418
3.17758
0.317715
3.19742
0.321011
3.19267
0.317366
3.18797
0.3104
3.20603
0.323654
3.19196
0.312264
3.19952
0.324603
3.19932
0.322533
3.19689
0.317288
3.18587
0.323046
3.19828
0.313061
3.18699
0.319126
3.18833
0.321886
3.18953
0.312958
3.19618
0.309133
3.1926
0.309568
3.18711
0.319053
3.19706
0.328612
3.19398
0.321074
3.18612
0.323996
3.19122
0.325382
3.19152
0.324793
3.18908
0.322666
3.19872
0.319749
3.19152
0.329828
3.1958
0.331466
3.18826
0.314964
3.18791
0.328555
3.18433
0.315942
3.19513
0.312897
3.18887
0.343714
3.1946
0.314703
3.19022
0.317437
3.20721
0.329813
3.18769
0.309773
3.19898
0.327332
3.19621
0.313701
3.19405
0.320434
3.19111
0.318172
3.19953
0.312184
3.19693
0.315047
3.20393
0.311962
3.19688
0.303742
3.19625
0.324913
3.19831
0.311713
3.19525
0.324299
3.1945
0.338333
3.18516
0.335283
3.18597
0.321004
3.18942
0.321411
3.19784
0.312171
3.19041
0.322805
3.20368
0.328444
3.19048
0.32463
3.19125
0.330215
3.20217
0.317939
3.20119
0.314924
3.19875
0.310486
3.20293
0.312715
3.19533
0.323183
3.2084
0.311036
3.1921
0.320745
3.19404
0.331647
3.19025
0.327929
3.19343
0.307887
3.19854
0.324484
3.20316
0.329966
3.19166
0.307612
3.19151
0.311156
3.19735
0.324247
3.19106
0.326718
3.19737
0.314455
3.19297
0.330238
3.19852
0.321378
3.21753
0.321306
3.18975
0.322096
3.19268
0.317102
3.20089
0.329985
3.1852
0.318918
3.19687
0.312339
3.20359
0.329067
3.19943
0.325427
3.21213
0.320017
3.19182
0.317835
3.20081
0.3259
3.19331
0.307258
3.19812
0.326981
3.19478
0.327256
3.20415
0.310652
3.19114
0.306212
3.19423
0.321099
3.1857
0.328775
3.20112
0.323283
3.19465
0.318807
3.19605
0.324884
3.19203
0.323497
3.19419
0.320257
3.20324
0.321396
3.19638
0.318502
3.19139
0.334278
3.1914
0.322412
3.19156
0.3232
3.19543
0.312871
3.2032
0.315222
3.1812
0.316424
3.19271
0.319309
3.20562
0.320308
3.19612
0.315656
3.18723
0.318479
3.19849
0.31428
3.19293
0.33013
3.19604
0.332513
3.19907
0.306496
3.19582
0.325453
3.19444
0.317464
3.19023
0.32504
3.19484
0.315124
3.20327
0.33655
3.20388
0.326363
3.18819
0.312416
3.19908
0.316849
3.21237
0.32738
3.1826
0.328503
3.19245
0.319334
3.20117
0.324239
3.1977
0.314254
3.20572
0.318562
3.19067
0.314608
3.20105
0.306198
3.20303
0.336216
3.19701
0.315399
3.19157
0.31714
3.20216
0.314493
3.19233
0.304183
3.19763
0.324385
3.19913
0.323718
3.18144
0.320635
3.19522
0.32723
3.18817
0.317285
3.19236
0.321743
3.18862
0.316454
3.18275
0.312805
3.19046
0.319579
3.19429
0.315867
3.20637
0.320942
3.20075
0.322977
3.19001
0.311967
3.18176
0.300886
3.19754
0.316217
3.18995
0.322163
3.20391
0.326216
3.20148
0.318807
3.19294
0.316571
3.19949
0.326373
3.19893
0.314904
3.19381
0.315089
3.18545
0.323746
3.18936
0.320709
3.19385
0.316806
3.19386
0.316135
3.19227
0.323968
3.19337
0.327712
3.19299
0.318158
3.19515
