0
0.138191
0.232474
0.323654
0.411898
0.498239
0.580661
0.665482
0.739943
0.815059
0.887216
0.960192
1.03753
1.11317
1.1812
1.24775
1.31
1.38381
1.4552
1.5269
1.58928
1.65444
1.71957
1.79276
1.85475
1.91589
1.98688
2.04076
2.09812
2.17274
2.23986
2.29987
2.36438
2.43103
2.49214
2.55354
2.61842
2.68621
2.75001
2.81134
2.87847
2.94148
3.00918
3.08722
3.14636
3.21658
3.27692
3.34287
3.4108
3.48557
3.55638
3.61667
3.69738
3.75202
3.81999
3.90257
3.97341
4.06232
4.14643
4.2077
4.26391
4.33753
4.40845
4.47462
4.5333
4.59415
4.66272
4.71501
4.77912
4.84156
4.90539
4.97567
5.0258
5.07772
5.13701
5.21669
5.28402
5.33241
5.39726
5.44816
5.51621
5.57726
5.64087
5.71176
5.76881
5.83508
5.91205
5.95852
6.00464
6.06695
6.14839
6.20995
6.25952
6.3154
6.37117
6.45368
6.51009
6.57072
6.6053
6.64907
6.70916
6.7643
6.83121
6.87939
6.92307
6.9918
7.02937
7.07908
7.14232
7.21796
7.27028
7.33137
7.38552
7.44289
7.5029
7.51598
7.5754
7.60413
7.64906
7.69568
7.7469
7.81928
7.83196
7.89309
7.94211
7.95941
7.99526
8.04195
8.10239
8.16255
8.22391
8.2901
8.33763
8.39476
8.43333
8.47128
8.50691
8.5489
8.6126
8.67126
8.70507
8.76589
8.79049
8.83212
8.89972
8.96729
9.01051
9.01885
9.03562
9.08702
9.15376
9.24
9.28873
9.33332
9.38073
9.4235
9.45095
9.50228
9.53586
9.59545
9.63305
9.68702
9.73034
9.7784
9.81537
9.87345
9.91019
9.9694
10.0135
10.0615
10.0981
10.097
10.1402
10.1591
10.1862
10.2387
10.2961
10.3301
10.3875
10.4181
10.458
10.5079
10.5557
10.6178
10.6726
10.7221
10.7443
10.7987
10.7991
10.8177
10.8355
10.8752
10.8859
10.9209
10.9315
10.9776
11.0111
11.0609
11.116
11.139
11.1643
11.1874
11.2433
11.24
11.2679
11.3026
11.314
11.3891
11.4424
11.4942
11.4888
11.5242
11.5471
11.6009
11.6535
11.6671
11.7008
11.742
11.7572
11.7869
11.8395
11.869
11.902
11.9366
11.988
12.0215
12.0585
12.0852
12.1345
12.1951
12.2197
12.2574
12.2943
12.3131
12.3706
12.3957
12.4197
12.4409
12.5056
12.4925
12.5566
12.5893
12.6336
12.6559
12.6724
12.7017
12.7121
12.7296
12.7626
12.8125
12.8011
12.8271
12.8572
12.879
12.9183
12.9517
12.9676
12.9677
13.0195
13.0406
13.0991
13.0922
13.0979
13.1056
13.09
13.0987
13.1345
13.1843
13.2222
13.2484
13.269
13.3079
13.3327
13.3542
13.3779
13.3917
13.4446
13.4546
13.5127
13.5417
13.5533
13.5881
13.5876
13.6007
13.6326
13.638
13.6609
13.6833
13.7231
13.7793
13.8357
13.8726
13.9007
13.9107
13.9618
13.9966
14.0332
14.03
14.0195
14.0598
14.0703
14.0935
14.0984
14.1102
14.1345
14.1407
14.195
14.1899
14.1941
14.2371
14.2655
14.3197
14.3355
14.4228
14.4208
14.4499
14.432
14.415
14.4869
14.5159
14.5713
14.5843
14.5891
14.578
14.5391
14.588
14.5976
14.6067
14.612
14.6246
14.6271
14.6201
14.6259
14.6311
14.6362
14.6962
14.7373
14.7683
14.7602
14.8076
14.8811
14.8329
14.8464
14.8714
14.9073
14.9183
14.9652
15.0196
15.0155
14.978
14.9829
15.0214
15.0295
15.0643
15.0441
15.0351
15.0821
15.1343
15.1279
15.1019
15.1421
15.1683
15.1834
15.2398
15.2381
15.2284
15.2086
15.2143
15.26
15.2997
15.31
15.324
15.353
15.3664
15.3933
15.4184
15.4314
15.4423
15.4326
15.4579
15.4505
15.49
15.5329
15.5559
15.5605
15.5899
15.6362
15.608
15.5697
15.5688
15.6063
15.591
15.5877
15.6189
15.5628
15.5545
15.561
15.5883
15.6038
15.5156
15.5628
15.5156
15.4981
15.5297
15.5419
15.5539
15.575
15.5877
15.6082
15.602
15.64
15.6967
15.709
15.7189
15.7037
15.7139
15.6893
15.7009
15.7269
15.7567
15.8115
15.8532
15.8192
15.8228
15.7925
15.8153
15.7946
15.7884
15.7828
15.8178
15.879
15.9171
15.9793
16
16.0386
16.0978
16.1559
16.2
16.2136
16.2257
16.2897
16.3141
16.3609
16.3926
16.3792
16.3499
16.3935
16.4027
16.4346
16.4014
16.4378
16.4705
16.4801
16.4838
16.5413
16.5321
16.5505
16.574
16.5653
16.5937
16.5683
16.6302
16.6213
16.6333
16.6435
16.672
16.7312
16.721
16.7191
16.6667
16.6692
16.6992
16.7148
16.6976
16.6828
16.7074
16.7183
16.7355
16.7376
16.7921
16.797
16.7744
16.7695
16.8113
16.7941
16.8079
16.8498
16.8684
16.9038
16.9426
16.8841
16.9083
16.948
16.992
17.0178
17.0568
17.0615
17.0842
17.1006
17.0984
17.0834
17.0543
16.9946
17.0466
17.0368
17.0453
17.0863
17.1107
17.1233
17.1744
17.2003
17.2273
17.2356
17.2779
17.2706
17.2746
17.3206
17.3722
17.4248
17.4906
17.5349
17.5091
17.5251
17.5806
17.6108
17.6634
17.6593
17.6996
17.7404
17.7857
17.8483
17.8383
17.8327
17.9035
17.8851
17.8382
17.7692
17.7017
17.6554
17.6442
17.5795
17.5877
17.6052
17.6728
17.6819
17.673
17.7219
17.7029
17.7185
17.6131
17.5894
17.5888
17.5849
17.5957
17.6206
17.5933
17.6212
17.655
17.6331
17.6153
17.5458
17.5317
17.5616
17.5874
17.6348
17.6249
17.6166
17.6021
17.6011
17.611
17.6762
17.6926
17.6976
17.6812
17.7163
17.6961
17.6716
17.7276
17.7136
17.7494
17.7098
17.7525
17.7384
17.7512
17.7542
17.7689
17.7248
17.763
17.7457
17.7741
17.8105
17.7877
17.7746
17.7739
17.8012
17.8511
17.8434
17.832
17.8741
17.8481
17.8519
17.7995
17.8097
17.8434
17.8604
17.8661
17.8561
17.7975
17.8095
17.7624
17.7793
17.7866
17.8073
17.8288
17.8092
17.7884
17.7819
17.7273
17.7378
17.7036
17.6963
17.6751
17.644
17.6839
17.7221
17.7014
17.7247
17.7142
17.6858
17.7266
17.7512
17.7935
17.842
17.9119
17.9031
17.933
17.9923
18.0144
17.9677
17.945
17.9163
17.9332
17.9105
17.8685
17.8901
17.8621
17.8822
17.8447
17.8393
17.8278
17.8461
17.8401
17.8153
17.8158
17.8309
17.8575
17.8818
17.91
17.8888
17.9294
17.9394
17.8942
17.8973
17.9169
17.9285
17.9535
17.9594
17.9666
17.9635
17.936
17.9034
17.9092
17.8929
17.9516
17.9778
17.9999
17.9933
18.0282
18.0574
18.0297
17.997
18.041
18.0402
18.0412
18.0415
18.0946
18.0974
18.107
18.1408
18.0702
18.0518
18.0886
18.1079
18.1051
18.1155
18.0963
18.1357
18.1584
18.166
18.1669
18.2047
18.2275
18.2534
18.2747
18.2498
18.2232
18.2473
18.2804
18.2476
18.272
18.2909
18.2796
18.2951
18.278
18.2804
18.249
18.1835
18.2223
18.2071
18.208
18.2177
18.2233
18.2502
18.2437
18.3008
18.2942
18.3183
18.3732
18.3826
18.4144
18.4115
18.387
18.3772
18.3838
18.3753
18.378
18.3472
18.3434
18.3291
18.31
18.2607
18.2806
18.2922
18.208
18.2215
18.248
18.2578
18.2531
18.2382
18.258
18.2857
18.294
18.2971
18.2829
18.3282
18.3573
18.3482
18.3759
18.4119
18.4465
18.468
18.4949
18.5606
18.5894
18.6237
18.6559
18.6684
18.6812
18.6958
18.7086
18.7486
18.7674
18.8177
18.8244
18.8084
18.8171
18.8256
18.8592
18.8859
18.8633
18.8476
18.836
18.8854
18.903
18.9098
18.8986
18.9368
18.883
18.8596
18.8326
18.8396
18.8401
18.8821
18.8789
18.876
18.8944
18.8551
18.8447
18.7828
18.752
18.706
18.6986
18.6972
18.7373
18.7825
18.7643
18.7912
18.8214
18.8735
18.8122
18.7816
18.7793
18.7694
18.7295
18.694
18.6795
18.7042
18.7411
18.7702
18.7631
18.7768
18.7846
18.8335
18.7905
18.8307
18.8197
18.7813
18.7815
18.8351
18.8513
18.8386
18.8491
18.7854
18.801
18.798
18.7928
18.8272
18.7982
18.8401
18.8462
18.8717
18.8435
18.756
18.733
18.7103
18.7351
18.7563
18.7206
18.6542
18.5868
18.6252
18.6009
18.6353
18.6557
18.6381
18.6634
18.5951
18.5567
18.5939
18.5639
18.5303
18.5104
18.508
18.5048
18.5047
18.5558
18.5712
18.5781
18.6236
18.6212
18.6517
18.6723
18.6755
18.6908
18.7034
18.715
18.7134
18.6882
18.6604
18.6374
18.6427
18.6717
18.6785
18.7019
18.6844
18.7067
18.731
18.7357
18.7404
18.6847
18.6985
18.6878
18.7557
18.6798
18.6324
18.6028
18.5384
18.5412
18.5695
18.5506
18.6091
18.6111
18.6563
18.6889
18.7008
18.7817
18.8098
18.8593
18.9058
18.9295
18.9755
18.9895
18.9807
18.9949
18.987
19.0322
18.9969
19.0069
19.0401
19.0312
19.009
18.9903
19.0182
19.0808
19.0902
19.1071
19.0854
19.0667
19.0592
19.0752
19.0912
19.1507
19.1104
19.0549
19.1026
19.1329
19.1303
19.1636
19.1435
19.1563
19.132
19.123
19.1404
19.1107
19.0685
19.088
19.0786
18.9997
18.9895
19.0559
19.0296
19.0304
19.0382
19.0396
19.0675
19.0606
18.952
18.9392
18.9608
18.9369
18.9371
18.9672
18.9847
18.9869
19.0476
19.1063
19.1087
19.1069
19.1068
19.1431
19.1455
19.0727
19.1045
19.1156
19.116
19.0916
19.0997
19.1603
19.1802
19.1661
19.1484
19.1203
19.1163
19.0847
19.0523
19.1066
19.0928
19.0997
19.1478
19.1411
19.1654
19.173
19.1795
19.2109
19.2247
19.2231
19.2129
19.1638
19.1561
19.1094
19.1344
19.1204
19.1646
19.1595
19.1272
19.1243
19.154
19.2172
19.1731
19.1735
19.2237
19.2504
19.3072
19.3203
19.3469
19.3557
19.3375
19.2853
19.3336
19.3651
19.4088
19.3437
19.2806
19.28
19.3043
19.2896
19.2479
19.2715
19.3096
19.2902
19.2391
19.1756
19.1878
19.2495
19.275
19.3032
19.296
19.2641
19.2466
19.2697
19.3032
19.2957
19.2975
19.3153
19.3144
19.3356
19.3707
19.4026
19.4466
19.3931
19.3522
19.3789
19.4295
19.4515
19.4504
19.4803
19.4656
19.4534
19.478
19.4785
19.5087
19.551
19.5345
19.5387
19.556
19.5851
19.6116
19.5962
19.5742
19.6253
19.6471
19.5876
19.615
19.6199
19.6463
19.6612
19.6826
19.6378
19.6558
19.7202
19.7615
19.7852
19.8223
19.8357
19.8138
19.8241
19.843
19.8176
19.7661
19.8021
19.831
19.8698
19.8466
19.8899
19.8694
19.8786
19.8148
19.8063
19.7836
19.7085
19.6758
19.7136
19.7056
19.6582
19.6216
19.6503
19.6775
19.6209
19.6134
19.5444
19.5365
19.5127
19.5402
19.6058
19.6583
19.655
19.692
19.6583
19.6913
19.6955
19.7249
19.7075
19.6344
19.6341
19.6374
19.698
19.6619
19.6553
19.6217
19.5427
19.5785
19.5774
19.5971
19.6344
19.6637
19.598
19.6066
19.6016
19.6214
19.6329
19.61
19.5921
19.6108
19.6418
19.6331
19.651
19.6484
19.6589
19.6622
19.6393
19.5189
19.5051
19.4855
19.5198
19.5537
19.5785
19.5614
19.5721
19.5926
19.6098
19.5982
19.6546
19.6273
19.643
19.7074
19.6988
19.6859
19.7209
19.6331
19.675
19.6911
19.6794
19.7567
19.7929
19.7722
19.8286
19.775
19.768
19.7027
19.7471
19.7149
19.7141
19.6997
19.7424
19.7445
19.7705
19.7948
19.7568
19.7727
19.7941
19.8249
19.8654
19.8892
19.9232
19.9235
19.8608
19.8259
19.8546
19.815
19.8612
19.8775
19.8991
19.9123
19.869
19.8852
19.8393
19.7673
19.7433
19.796
19.8057
19.7856
19.7956
19.7837
19.8365
19.8123
19.8323
19.8248
19.8289
19.8306
19.8409
19.802
19.7063
19.7127
19.6983
19.7203
19.7108
19.6867
19.6917
19.6931
19.6924
19.6557
19.679
19.6668
19.6561
19.6785
19.7306
19.725
19.7287
19.7427
19.7562
19.7688
19.8115
19.7966
19.8497
19.8813
19.8382
19.8615
19.8163
19.7238
19.6877
19.6302
19.5747
19.5658
19.5677
19.5958
19.6027
19.5955
19.5596
19.5313
19.5403
19.5089
19.4886
19.4371
19.4285
19.398
19.4136
19.4251
19.3628
19.3978
19.4258
19.3965
19.4554
19.4464
19.4656
19.5098
19.4703
19.5032
19.5231
19.5278
19.5193
19.5012
19.5118
19.5465
19.5835
19.5702
19.5999
19.6413
19.6395
19.6487
19.6442
19.7067
19.726
19.7437
19.7558
19.7262
19.7233
19.7472
19.743
19.7584
19.6861
19.6027
19.6389
19.5812
19.5847
19.5116
19.4647
19.4776
19.5076
19.5169
19.5052
19.481
19.5108
19.5111
19.4779
19.4834
19.4592
19.4247
19.4346
19.4436
19.4159
19.4192
19.4396
19.4474
19.4237
19.3827
19.3924
19.3534
19.3473
19.3567
19.3004
19.2592
19.3027
19.2854
19.3028
19.2765
19.3397
19.3667
19.3459
19.3385
19.388
19.4179
19.4273
19.4679
19.4631
19.4713
19.486
19.5281
19.5503
19.571
19.5836
19.5492
19.5816
19.5812
19.5796
19.6174
19.6512
19.6163
19.627
19.6213
19.665
19.6827
19.6548
19.6123
19.5817
19.6137
19.5656
19.6136
19.6222
19.6489
19.6438
19.6727
19.6613
19.6735
19.6862
19.6974
19.7374
19.7313
19.7145
19.7189
19.6819
19.6185
19.5766
19.5606
19.5634
19.5803
19.5948
19.6377
19.6599
19.6049
19.6179
19.5169
19.4766
19.5164
19.5378
19.4998
19.4853
19.5094
19.5673
19.5801
19.614
19.5927
19.5262
19.556
19.5387
19.476
19.475
19.4645
19.4565
19.5137
19.5664
19.6214
19.5759
19.5401
19.5747
19.5395
19.5219
19.5242
19.5092
19.5023
19.4884
19.416
19.4057
19.4263
19.4387
19.4929
19.3921
19.4043
19.4031
19.3869
19.3759
19.4235
19.3915
19.4322
19.4641
19.4166
19.4007
19.4277
19.4184
19.3843
19.4386
19.4165
19.4275
19.4271
19.3872
19.429
19.4387
19.3875
19.4436
19.4725
19.4742
19.4067
19.4189
19.3998
19.382
19.4435
19.4209
19.3904
19.4148
19.4066
19.3919
19.3835
19.3899
19.4359
19.3972
19.3873
19.4297
19.4589
19.4949
19.5038
19.4721
19.4641
19.4939
19.5141
19.5391
19.5395
19.5341
19.524
19.5526
19.5117
19.5323
19.5466
19.4981
19.4479
19.4212
19.435
19.4101
19.4494
19.4271
19.4135
19.3421
19.302
19.2699
19.274
19.288
19.2352
19.2062
19.2461
19.2664
19.2296
19.2287
19.2009
19.224
19.2512
19.2627
19.2425
19.1998
19.1456
19.1468
19.1735
19.185
19.2292
19.1645
19.1633
19.157
19.2228
19.2246
19.2168
19.2778
19.2947
19.2764
19.3034
19.3136
19.3058
19.3187
19.2866
19.2932
19.2812
19.2614
19.3155
19.3469
19.3322
19.3661
19.3051
19.3127
19.3204
19.2449
19.2441
19.2812
19.2962
19.3091
19.3134
19.2957
19.2619
19.3056
19.19
19.222
19.2412
19.2381
19.2065
19.2532
19.2795
19.2863
19.2371
19.2723
19.2492
19.2498
19.2289
19.26
19.2935
19.2073
19.2418
19.2098
19.211
19.2049
19.2132
19.2657
19.2618
19.2207
19.2001
19.1959
19.1344
19.116
19.046
19.0812
19.0636
19.0495
19.033
19.0309
19.0379
19.0265
18.944
18.9491
18.9155
18.9401
18.914
18.9419
18.9477
18.9357
18.9583
18.885
18.8812
18.9011
18.8972
18.8744
18.7729
18.8075
18.8148
18.8522
18.8671
18.889
18.9383
18.9539
18.9261
18.9486
18.9354
18.9042
18.9056
18.9618
18.9525
18.8819
18.89
18.898
18.9004
18.8985
18.8957
18.9132
18.9316
18.9169
18.9675
18.9053
18.9218
18.8717
18.878
18.8889
18.8998
18.8915
18.9065
18.943
18.9673
18.9553
18.9862
18.9656
18.965
18.9387
18.9426
18.9245
18.9527
18.9533
18.9518
18.9562
18.9197
18.9374
18.8861
18.9262
18.9138
18.915
18.9388
18.9216
18.9522
18.9738
18.9698
18.9739
18.9949
19.0198
19.0052
19.0315
19.0685
19.1011
19.1225
19.0875
19.104
19.127
19.1548
19.1644
19.1581
19.1528
19.1371
19.2022
19.2228
19.1834
19.1399
19.1384
19.0751
19.1342
19.1737
19.1515
19.1094
19.1206
19.1116
19.1404
19.1701
19.1964
19.2348
19.2534
19.2634
19.2867
19.3228
19.3199
19.2696
19.2628
19.2612
19.2418
19.208
19.2047
19.2635
19.2327
19.2597
19.2709
19.315
19.3266
19.2929
19.2796
19.2689
19.272
19.262
19.3027
19.2508
19.2972
19.2677
19.2004
19.2383
19.2805
19.2945
19.3185
19.368
19.3305
19.2937
19.2151
19.223
19.2323
19.2175
19.2357
19.1339
19.1491
19.1934
19.1892
19.1882
19.145
19.1668
19.1636
19.1731
19.1489
19.1436
19.1872
19.1867
19.1591
19.1334
19.1611
19.1612
19.1184
19.1195
19.1946
19.2044
19.2439
19.1841
19.2378
19.2469
19.2252
19.2684
19.1853
19.1953
19.2193
19.2324
19.2343
19.2422
19.2742
19.2682
19.2572
19.2317
19.1766
19.1309
19.1244
19.0533
19.1001
19.1033
19.1225
19.1886
19.2215
19.2861
19.3398
19.3351
19.2677
19.2443
19.2933
19.2699
19.2241
19.2258
19.2359
19.2395
19.256
19.2623
19.2796
19.284
19.304
19.2967
19.2968
19.2928
19.2928
19.2556
19.2568
19.1932
19.241
19.228
19.2079
19.1638
19.1188
19.0698
19.1099
19.0917
19.1232
19.1201
19.1285
19.0915
19.0956
19.0589
19.0939
19.0901
19.075
19.1219
19.1574
19.1091
19.0543
19.0566
19.0493
18.9966
18.996
19.0376
18.9729
18.9974
19.0001
18.9339
18.954
18.9309
18.9706
18.9967
19.0196
19.0314
19.0475
19.0182
19.0092
19.0335
18.9878
18.9479
18.9519
18.955
19.0191
19.0304
19.0677
19.0576
19.089
19.1191
19.1359
19.1477
19.1531
19.1301
19.1585
19.1863
19.1659
19.1087
19.0996
19.0918
19.11
19.1267
19.13
19.1058
19.1376
19.1758
19.1958
19.2128
19.2339
19.193
19.2715
19.3098
19.3075
19.349
19.3155
19.3687
19.4127
19.4658
19.3915
19.3745
19.3709
19.4157
19.3846
19.3854
19.3622
19.3817
19.3557
19.3571
19.3738
19.4187
19.4184
19.3496
19.3576
19.3672
19.401
19.3233
19.3418
19.3446
19.337
19.3413
19.3428
19.3626
19.4031
19.3206
19.2704
19.2727
19.2866
19.3262
19.3509
19.3438
19.3642
19.3757
19.3458
19.3411
19.3673
19.404
19.4069
19.3883
19.4085
19.4332
19.3869
19.3971
19.3915
19.4042
19.3235
19.3036
19.3206
19.3421
19.3442
19.3556
19.4062
19.3787
19.3919
19.4081
19.4036
19.4311
19.3739
19.3777
19.4437
19.4428
19.4637
19.4701
19.5078
19.5127
19.5024
19.4688
19.4262
19.4014
19.3579
19.3932
19.4178
19.4045
19.4094
19.4089
19.3982
19.3636
19.3845
19.4144
19.3527
19.324
19.3173
19.3244
19.2862
19.306
19.3086
19.3167
19.368
19.3681
19.4174
19.3816
19.3978
19.486
19.487
19.4545
19.458
19.4587
19.4855
19.4463
19.4808
19.4708
19.4693
19.477
19.5046
19.5274
19.5518
19.5417
19.5675
19.5492
19.5097
19.4685
19.4806
19.5335
19.5621
19.5589
19.5572
19.5391
19.5769
19.635
19.5718
19.535
19.4582
19.4455
19.4576
19.4779
19.4747
19.4074
19.3676
19.3802
19.3962
19.4304
19.4158
19.4305
19.4483
19.4414
19.4917
19.5279
19.5744
19.5918
19.5507
19.573
19.5301
19.475
19.4921
19.467
19.438
19.5029
19.4511
19.3875
19.4408
19.435
19.4163
19.4141
19.4032
19.3636
19.2888
19.2635
19.1976
19.1844
19.1655
19.1794
19.1912
19.1787
19.1699
19.1694
19.1892
19.158
19.1302
19.1281
19.148
19.1659
19.193
19.1921
19.1797
19.2127
19.2235
19.2432
19.2281
19.2241
19.2084
19.2645
19.2488
19.244
19.2417
19.2661
19.2984
19.264
19.225
19.2301
19.226
19.2597
19.2528
19.2729
19.2832
19.3338
19.3063
19.3193
19.3186
19.3569
19.3996
19.3884
19.383
19.3814
19.3879
19.3953
19.2884
19.3023
19.2956
19.2385
19.2571
19.1774
19.1114
19.1074
19.1092
19.0778
19.0339
19.0339
19.0423
19.0615
19.0704
19.0114
19.0285
19.0367
19.0347
19.0837
19.0875
19.1226
19.1281
19.0995
19.095
19.1285
19.0762
19.0905
19.1362
19.1225
19.0804
19.006
19.028
18.9949
18.9841
18.9922
18.9859
18.9371
18.9393
18.9474
18.8756
18.8588
18.8433
18.7186
18.6632
18.6315
18.653
18.6365
18.6366
18.6597
18.6221
18.6516
18.5935
18.6396
18.6602
18.6701
18.6708
18.6578
18.6227
18.6473
18.6487
18.624
18.6605
18.6726
18.6105
18.6201
18.5901
18.5817
18.6014
18.6017
18.6065
18.6011
18.5738
18.6507
18.6545
18.7004
18.6575
18.6726
18.6711
18.6867
18.6482
18.6205
18.6597
18.5768
18.481
18.4959
18.5155
18.529
18.5408
18.5357
18.5764
18.5868
18.6062
18.5671
18.5913
18.617
18.6161
18.5889
18.5345
18.553
18.5542
18.5596
18.5299
18.5583
18.5152
18.5398
18.5858
18.6242
18.6724
18.6657
18.6742
18.6795
18.6142
18.603
18.6414
18.6586
18.6735
18.6499
18.6604
18.6526
18.6525
18.6486
18.6051
18.6157
18.6296
18.5819
18.5662
18.5296
18.5868
18.552
18.5652
18.5755
18.5522
18.5895
18.6453
18.6478
18.6686
18.6785
18.6574
18.6855
18.6828
18.6414
18.6139
18.6383
18.6309
18.6409
18.6546
18.6825
18.7038
18.7112
18.7577
18.769
18.7728
18.7725
18.724
18.7038
18.7326
18.6878
18.6829
18.6628
18.6176
18.6059
18.6284
18.6277
18.6522
18.6909
18.6898
18.7147
18.6892
18.7051
18.7237
18.7606
18.739
18.722
18.6664
18.6264
18.695
18.6755
18.6532
18.6549
18.6963
18.6904
18.6986
18.7316
18.6995
18.7268
18.7032
18.7369
18.7825
18.8138
18.7615
18.7176
18.7016
18.7267
18.7367
18.7414
18.7427
18.7621
18.7802
18.8254
18.8086
18.8422
18.8689
18.8354
18.8581
18.8374
18.825
18.8301
18.8087
18.7942
18.7953
18.7824
18.7468
18.6641
18.6589
18.6955
18.6934
18.6725
18.648
18.603
18.6439
18.6883
18.6359
18.671
18.6398
18.7016
18.6658
18.6481
18.6633
18.6054
18.6603
18.6576
18.6509
18.6756
18.7269
18.6815
18.6697
18.6427
18.6075
18.5777
18.582
18.5699
18.5853
18.6345
18.638
18.6731
18.6907
18.6823
18.6977
18.7592
18.8077
18.8087
18.8027
18.8026
18.8498
18.7985
18.7581
18.7459
18.7851
18.7511
18.7286
18.729
18.7498
18.7752
18.8137
18.8562
18.8855
18.9136
18.9239
18.9527
19.0058
19.0615
19.0925
19.1354
19.1357
19.116
19.121
19.1314
19.1188
19.138
19.146
19.1604
19.0815
19.1209
19.076
19.0457
19.0575
19.0677
19.0631
19.0529
19.0967
19.0779
19.0587
19.1034
19.1509
19.1649
19.1417
19.1592
19.1464
19.1168
19.116
19.1114
19.1401
19.1456
19.1661
19.1624
19.1427
19.1374
19.1504
19.2017
19.1936
19.2182
19.2107
19.2181
19.256
19.2413
19.2454
19.236
19.2735
19.2738
19.2763
19.3092
19.3522
19.3653
19.4068
19.3346
19.3554
19.3601
19.3465
19.3679
19.4091
19.4406
19.4768
19.4896
19.4712
19.4524
19.446
19.4335
19.4823
19.4798
19.455
19.4542
19.4642
19.4662
19.4862
19.5088
19.5098
19.5424
19.6044
19.5837
19.5734
19.6003
19.5905
19.6303
19.6112
19.5954
19.6071
19.56
19.5444
19.521
19.573
19.5946
19.6321
19.6239
19.6589
19.6462
19.6616
19.7043
19.698
19.6953
19.7314
19.724
19.738
19.7113
19.6821
19.6735
19.7223
19.72
19.7655
19.7175
19.765
19.7312
19.7271
19.7547
19.7444
19.7391
19.7121
19.7183
19.7553
19.7426
19.7018
19.7237
19.7327
19.772
19.8073
19.8301
19.8333
19.8161
19.7932
19.7909
19.8096
19.8373
19.8386
19.8406
19.7493
19.7371
19.7752
19.7987
19.7927
19.7783
19.7391
19.7722
19.7274
19.7634
19.7046
19.7617
19.7154
19.7312
19.7874
19.7962
19.8622
19.8655
19.864
19.8755
19.8309
19.8133
19.8096
19.8284
19.8375
19.8276
19.7524
19.7072
19.7217
19.7554
19.7288
19.7211
19.759
19.7512
19.7534
19.7996
19.7732
19.7305
19.7496
19.773
19.8443
19.8929
19.8666
19.8455
19.8369
19.7881
19.8196
19.8609
19.8449
19.8962
19.9469
19.9009
19.9607
20.002
20.011
20.0477
20.0486
19.9888
19.9425
19.9535
19.9855
19.9526
20.0144
19.9698
19.9164
19.9149
19.8959
19.8949
19.894
19.7696
19.7442
19.6647
19.5938
19.5985
19.619
19.5533
19.5719
19.5074
19.5172
19.5564
19.5714
19.5658
19.5744
19.5428
19.5223
19.5357
19.5519
19.5815
19.5715
19.6392
19.6048
19.5726
19.5878
19.6409
19.6661
19.6986
19.66
19.6601
19.6612
19.636
19.6221
19.5644
19.6246
19.5791
19.6164
19.6059
19.5905
19.6383
19.5756
19.5555
19.5274
19.5201
19.4825
19.4958
19.5171
19.5067
19.427
19.4617
19.4955
19.5194
19.5179
19.5788
19.597
19.617
19.6406
19.6306
19.5623
19.539
19.5524
19.5546
19.5119
19.5277
19.4539
19.4703
19.4489
19.4306
19.5014
19.5173
19.5441
19.5355
19.496
19.3793
19.3324
19.3182
19.2967
19.294
19.2519
19.2834
19.2584
19.2498
19.1979
19.1661
19.1723
19.1333
19.157
19.1612
19.1959
19.2213
19.2435
19.286
19.2405
19.2844
19.3357
19.315
19.3351
19.3613
19.3324
19.2831
19.3209
19.3007
19.3198
19.3395
19.3636
19.3696
19.3726
19.3439
19.3308
19.3581
19.3676
19.3909
19.4228
19.4458
19.4549
19.481
19.5525
19.6141
19.6262
19.6442
19.6412
19.6441
19.6538
19.5533
19.5786
19.59
19.5721
19.5557
19.5581
19.5745
19.5493
19.6064
19.6402
19.6627
19.688
19.7294
19.7312
19.7575
19.7802
19.7763
19.7412
19.7239
19.7426
19.6723
19.7401
19.7456
19.7888
19.7715
19.8341
19.7527
19.7589
19.7461
19.7481
19.7254
19.746
19.7253
19.742
19.7846
19.7828
19.7988
19.8298
19.8837
19.8583
19.8767
19.8925
19.8492
19.8529
19.8057
19.7891
19.741
19.7697
19.7193
19.7091
19.7089
19.6928
19.6041
19.6143
19.6388
19.6331
19.674
19.6839
19.7164
19.7176
19.7223
19.7112
19.611
19.6151
19.6205
19.6639
19.575
19.6259
19.5761
19.5805
19.5492
19.5282
19.5502
19.5522
19.5455
19.55
19.567
19.5105
19.5381
19.5363
19.5634
19.5762
19.5682
19.6088
19.5766
19.5887
19.6098
19.576
19.561
19.5994
19.6434
19.6234
19.5526
19.5661
19.5999
19.6554
19.6756
19.6342
19.6025
19.6095
19.6301
19.6355
19.6728
19.6962
19.6676
19.6174
19.6613
19.6438
19.6795
19.6638
19.7081
19.6912
19.6317
19.6343
19.6662
19.6453
19.6239
19.6166
19.6215
19.6183
19.6222
19.5948
19.5663
19.5716
19.5746
19.5224
19.5258
19.4742
19.4839
19.5219
19.5202
19.5248
19.5374
19.5338
19.5497
19.5431
19.5462
19.5383
19.5528
19.5842
19.5996
19.5738
19.5414
19.571
19.5475
19.4981
19.4861
19.5472
19.4873
19.5076
19.4458
19.417
19.3681
19.4164
19.3874
19.4023
19.4059
19.4624
19.4879
19.453
19.4795
19.4849
19.4826
19.4631
19.4991
19.4964
19.5407
19.5539
19.5546
19.4591
19.457
19.4693
19.4498
19.3733
19.3036
19.2952
19.2041
19.193
19.0812
19.1175
19.1325
19.1657
19.1877
19.1919
19.1749
19.2084
19.1583
19.1339
19.1013
19.0972
19.1486
19.1287
19.1227
19.0464
19.0828
19.0731
19.093
19.1134
19.1499
19.1139
19.117
19.0907
19.0952
19.0761
19.0955
19.0542
19.0484
19.0074
19.0372
18.975
18.9653
18.9077
18.8761
18.9456
18.8834
18.8755
18.9178
18.9401
18.9349
18.8892
18.8988
18.8422
18.8277
18.819
18.8234
18.8519
18.8715
18.8617
18.8825
18.8859
18.893
18.8411
18.862
18.8466
18.8721
18.8564
18.7558
18.8051
18.7873
18.7959
18.763
18.7679
18.7334
18.7457
18.733
18.7357
18.7564
18.7881
18.827
18.8815
18.9054
18.8998
18.8378
18.8641
18.8614
18.8696
18.9186
18.9048
18.9301
18.9218
18.9631
18.9841
18.9494
18.9291
18.941
18.9459
18.9302
18.8963
18.9135
18.9187
18.9071
18.8613
18.8104
18.7679
18.7711
18.7545
18.7341
18.7538
18.8006
18.8215
18.8198
18.7922
18.7699
18.7958
18.756
18.8154
18.8091
18.8208
18.8351
18.7945
18.7581
18.765
18.782
18.7201
18.7466
18.779
18.7549
18.7544
18.7595
18.7419
18.6768
18.6971
18.6876
18.6958
18.648
18.6563
18.6839
18.7087
18.7279
18.7126
18.6735
18.691
18.6717
18.6784
18.7119
18.7185
18.7196
18.7205
18.6741
18.6926
18.7294
18.786
18.7836
18.7812
18.8084
18.8635
18.8376
18.781
18.818
18.7898
18.8295
18.8486
18.8402
18.8949
18.9047
18.9042
18.9341
18.9401
18.9218
18.9487
18.9734
19.0168
18.9591
19.0124
19.0262
19.038
18.9341
18.9435
18.9536
18.9809
18.972
18.9912
19.0357
19.0425
18.9891
18.9963
18.9998
19.0474
19.0535
19.0797
19.0699
19.1093
19.1086
19.1155
19.1
19.1388
19.1364
19.0816
19.0705
19.08
19.1002
19.0757
19.0233
19.0401
19.0246
19.0353
19.0313
18.9476
18.9646
18.9205
18.924
18.8982
18.9014
18.8785
18.8982
18.8621
18.8963
18.9042
18.9174
18.9622
18.9421
18.9528
18.9715
18.9967
19.0005
19.0281
19.0641
19.018
19.0282
18.999
19.0399
19.0985
19.1231
19.1041
19.0599
19.0639
19.01
18.9598
18.9723
18.9718
18.9607
18.9342
18.9601
18.9549
18.9768
18.9814
18.9696
18.9815
18.9774
18.9809
18.9446
18.8766
18.8248
18.862
18.8478
18.8556
18.8226
18.8056
18.8311
18.7984
18.7659
18.7909
18.7513
18.7351
18.7323
18.7621
18.7811
18.7669
18.7711
18.7923
18.8693
18.7656
18.7667
18.8283
18.8157
18.7913
18.7657
18.7336
18.7579
18.7725
18.787
18.8264
18.8764
18.8684
18.8638
18.8843
18.9061
18.9246
18.9048
18.8727
18.88
18.8996
18.9274
18.9547
18.9333
18.9157
18.8757
18.8715
18.9386
18.9451
18.9753
18.9712
18.9456
18.911
18.9377
19.0042
18.9786
18.9373
18.9877
19.015
19.0548
19.0539
19.0422
19.0472
19.0152
19.0282
19.0094
19.0023
18.998
19.0268
19.1024
19.1233
19.1668
19.1859
19.158
19.1477
19.1225
19.142
19.1122
19.1288
19.1304
19.134
19.1114
19.123
19.1183
19.1542
19.1485
19.183
19.1789
19.1445
19.1416
19.1838
19.1813
19.2075
19.1179
19.1108
19.0695
19.0182
19.0189
18.97
18.9966
18.9947
19.0249
19.0765
19.0902
19.0592
19.0349
18.9971
18.9658
18.9662
18.925
18.8901
18.8839
18.8822
18.8857
18.7956
18.8659
18.8558
18.8696
18.7913
18.8154
18.8396
18.8134
18.8092
18.7035
18.711
18.7161
18.7228
18.7234
18.7273
18.7226
18.7357
18.6989
18.7169
18.7168
18.6848
18.6559
18.6481
18.701
18.7478
18.8033
18.7787
18.7797
18.7538
18.7288
18.7348
18.8057
18.8291
18.8771
18.8755
18.8465
18.8668
18.8561
18.769
18.7555
18.7704
18.7823
18.8359
18.8406
18.8662
18.8105
18.8253
18.8229
18.8502
18.8947
18.9639
18.9517
18.9871
18.9833
19.015
18.9999
18.9583
18.9474
18.9419
18.9679
19.002
19.0522
19.0379
19.0716
19.0881
19.0451
18.9944
18.9499
18.9682
18.9892
18.9951
19.0631
19.0498
19.0101
18.9916
19.0198
19.0366
19.0032
19.0382
19.0364
19.0658
19.1062
19.0502
19.0482
19.0489
19.0735
19.0626
19.0461
18.937
18.9768
19.0063
18.9937
19.0133
18.9899
18.9975
19.0107
18.9898
18.9607
18.9806
18.9691
18.9974
18.9753
19.0166
19.0254
19.0268
19.0632
19.0154
19.0038
19.0128
19.0388
19.0813
19.098
19.0489
18.9893
18.9866
19.0056
18.9847
19.0385
19.0434
19.0013
18.9824
18.9476
18.9736
18.9734
18.9912
18.9519
18.9668
18.9844
18.9559
18.9741
18.9932
18.9777
19.0079
19.0303
19.0332
19.071
19.0988
19.0847
19.0715
19.0217
19.049
18.9737
18.9933
19.0613
19.0443
19.0713
19.0781
19.0816
19.0533
19.0786
19.0481
19.0251
18.9761
18.9931
18.9925
18.9803
19.0091
19.0392
19.05
19.1036
19.1418
19.1437
19.1544
19.1827
19.0975
19.0567
18.9904
19.0594
19.0975
19.1632
19.189
19.2156
19.1975
19.1957
19.2375
19.2658
19.3077
19.3027
19.2667
19.2744
19.303
19.3096
19.2959
19.325
19.3011
19.338
19.3422
19.396
19.3763
19.3589
19.3776
19.3403
19.3061
19.3244
19.3264
19.3651
19.3233
19.3421
19.3506
19.3177
19.3215
19.3444
19.3935
19.4366
19.3894
19.4379
19.4462
19.478
19.4816
19.4783
19.4962
19.4695
19.3607
19.4056
19.4172
19.4144
19.3905
19.3749
19.3228
19.3251
19.2745
19.2171
19.2483
19.2491
19.2427
19.2554
19.1992
19.2347
19.2219
19.235
19.2619
19.2622
19.2378
19.2128
19.1938
19.1632
19.1064
19.1261
19.1553
19.1453
19.1712
19.1932
19.18
19.208
19.1507
19.1561
19.1161
19.1644
19.1835
19.1932
19.1406
19.1555
19.1117
19.1307
19.058
18.9695
19.0052
19.048
19.0541
19.0486
19.0567
19.0892
19.1012
19.138
19.097
19.1578
19.1241
19.1358
19.1773
19.1688
19.1638
19.1678
19.1643
19.2014
19.1754
19.1556
19.0947
19.1342
19.1528
19.1815
19.1865
19.2323
19.2215
19.1965
19.1374
19.1926
19.1807
19.2027
19.1409
19.1627
19.1658
19.1369
19.133
19.1156
19.1628
19.164
19.1745
19.1398
19.1317
19.1313
19.1623
19.189
19.2375
19.1614
19.1573
19.1587
19.1793
19.255
19.2405
19.2199
19.1102
19.0589
19.0436
19.0519
19.0175
18.9898
19.013
18.9741
18.8975
18.8997
18.8619
18.8965
18.8939
18.9079
18.92
18.9239
18.8736
18.8813
18.9161
18.9494
18.9475
18.9847
18.8826
18.887
18.8396
18.8676
18.8557
18.8225
18.8422
18.7968
18.811
18.8361
18.8393
18.8174
18.838
18.8678
18.8894
18.9197
18.9311
18.914
18.9264
18.911
18.8721
18.8691
18.8885
18.8356
18.7947
18.7574
18.7841
18.8109
18.7946
18.7851
18.7594
18.7575
18.6838
18.6806
18.633
18.6701
18.645
18.6099
18.6026
18.6441
18.6317
18.6267
18.6942
18.7087
18.6739
18.6412
18.6344
18.6393
18.6518
18.6629
18.6848
18.6951
18.7431
18.7377
18.7445
18.751
18.7553
18.7156
18.6935
18.6932
18.6887
18.7502
18.7591
18.7609
18.7188
18.7284
18.6613
18.6178
18.5706
18.6181
18.6411
18.6489
18.639
18.6603
18.7233
18.7415
18.7418
18.7475
18.7907
18.7883
18.7695
18.749
18.8243
18.8142
18.7838
18.7911
18.7645
18.7871
18.836
18.7697
18.6951
18.7256
18.6863
18.6397
18.6894
18.744
18.7979
18.8354
18.8023
18.778
18.7612
18.7839
18.8188
18.8631
18.8469
18.8741
18.925
18.9622
18.9608
18.9794
19.0222
19.0297
19.0303
18.9913
18.9611
18.9127
18.8958
18.8426
18.8573
18.8342
18.7945
18.7123
18.7516
18.7081
18.7021
18.691
18.6823
18.6056
18.5811
18.6132
18.6039
18.5995
18.5553
18.5319
18.5232
18.4661
18.495
18.4754
18.4817
18.5251
18.4928
18.447
18.4244
18.4236
18.4149
18.3975
18.3483
18.377
18.3749
18.3944
18.3839
18.4117
18.3354
18.3408
18.3594
18.3956
18.3386
18.3361
18.343
18.3545
18.3753
18.3916
18.432
18.4818
18.492
18.5154
18.4988
18.4942
18.5155
18.4611
18.5006
18.5145
18.5615
18.6074
18.6232
18.6646
18.6916
18.6851
18.6535
18.6221
18.6565
18.6966
18.7153
18.7549
18.7805
18.7857
18.8424
18.8853
18.8986
18.9434
18.9726
19.0364
19.0706
19.1181
19.0941
19.1451
19.1674
19.1204
19.1437
19.1423
19.1086
19.0308
19.0374
19.0201
19.0702
19.027
19.0355
19.0358
19.0836
19.0997
19.1077
19.1226
19.1364
19.1218
19.1649
19.1494
19.213
19.2146
19.2238
19.2355
19.2854
19.2606
19.2704
19.2697
19.2684
19.2801
19.239
19.2533
19.2632
19.2513
19.2331
19.2591
19.2147
19.2216
19.1572
19.1448
19.157
19.1444
19.1306
19.0627
19.0206
19
18.9552
18.9834
18.9775
19.0055
18.9572
18.928
18.915
18.9164
18.9278
18.8788
18.8712
18.9175
18.9443
18.9269
18.9436
18.9518
18.9979
19.0164
19.0235
19.0262
19.0201
18.962
18.8702
18.869
18.9131
18.9252
18.8723
18.7926
18.7669
18.758
18.7747
18.802
18.7676
18.7902
18.7815
18.7311
18.7378
18.7385
18.7053
18.6951
18.6982
18.6992
18.7213
18.7182
18.7164
18.7014
18.6885
18.6991
18.7472
18.7274
18.6616
18.7121
18.714
18.7642
18.7774
18.8257
18.7856
18.7958
18.7362
18.7615
18.7591
18.7111
18.6732
18.6211
18.5741
18.6138
18.6405
18.6494
18.6665
18.6855
18.7297
18.7478
18.7343
18.7059
18.7295
18.6801
18.6998
18.7184
18.7268
18.7936
18.7632
18.6346
18.6042
18.6024
18.6226
18.6305
18.6358
18.6694
18.6669
18.6402
18.559
18.5735
18.6136
18.6548
18.5703
18.5851
18.6057
18.544
18.5603
18.5772
18.574
18.4995
18.4561
18.4507
18.4536
18.4161
18.351
18.3606
18.4189
18.413
18.4256
18.4301
18.483
18.5025
18.5115
18.5205
18.5564
18.5718
18.5825
18.5736
18.5929
18.5378
18.5375
18.5927
18.6442
18.6349
18.654
18.6261
18.6373
18.6245
18.6421
18.6523
18.6365
18.6288
18.5984
18.5665
18.5514
18.5627
18.5593
18.5216
18.51
18.5069
18.5551
18.5138
18.5037
18.5122
18.4852
18.4239
18.3769
18.3756
18.3612
18.3219
18.3492
18.3553
18.354
18.3572
18.3434
18.3431
18.3186
18.368
18.4289
18.4796
18.507
18.5098
18.4998
18.5007
18.5479
18.5741
18.5548
18.5559
18.5563
18.5872
18.6239
18.6538
18.6734
18.6333
18.5549
18.5829
18.6237
18.6199
18.6586
18.6653
18.6538
18.6444
18.7009
18.6272
18.6352
18.6794
18.646
18.6649
18.6789
18.688
18.6686
18.6889
18.686
18.7174
18.7312
18.6682
18.6553
18.6412
18.6615
18.6405
18.6683
18.7007
18.677
18.6652
18.5732
18.6041
18.6355
18.6618
18.6042
18.5803
18.6152
18.5953
18.59
18.6038
18.6326
18.6171
18.6328
18.6226
18.5553
18.575
18.6103
18.5941
18.5818
18.5837
18.5858
18.606
18.6148
18.6381
18.6425
18.582
18.6076
18.6351
18.6616
18.7014
18.7102
18.6529
18.6408
18.6661
18.6697
18.7024
18.6943
18.6627
18.6505
18.6893
18.6302
18.6547
18.669
18.667
18.6968
18.7034
18.6793
18.6477
18.5997
18.5618
18.5636
18.4838
18.4788
18.46
18.4296
18.4474
18.4693
18.4709
18.4607
18.4563
18.5022
18.5111
18.4836
18.4429
18.3963
18.3968
18.3819
18.4296
18.3969
18.4008
18.3874
18.3899
18.4403
18.4808
18.486
18.5214
18.5454
18.4917
18.4634
18.4827
18.4629
18.4251
18.3793
18.4057
18.4157
18.436
18.475
18.5081
18.5158
18.566
18.5808
18.5736
18.5433
18.5662
18.5458
18.5403
18.5663
18.5826
18.563
18.6295
18.6579
18.6412
18.7036
18.6942
18.6975
18.6836
18.6677
18.6543
18.6741
18.6658
18.6847
18.6686
18.6742
18.7197
18.6474
18.6395
18.6981
18.7168
18.7079
18.7319
18.7001
18.7001
18.7602
18.7402
18.7853
18.8
18.7998
18.8392
18.8395
18.8518
18.869
18.8819
18.9446
18.8964
18.8712
18.8954
18.9376
18.965
18.954
18.9142
18.8949
18.9183
18.9211
18.9444
18.9624
18.8918
18.9089
18.9435
18.9307
18.9413
18.974
18.9542
18.9772
19.0269
19.0049
18.9866
18.9475
18.9348
18.9567
18.8883
18.8955
18.7753
18.7733
18.8123
18.8107
18.7681
18.7021
18.7292
18.7394
18.7978
18.7783
18.7851
18.8154
18.7941
18.7774
18.8238
18.8289
18.8683
18.8672
18.8758
18.8687
18.8698
18.888
18.8882
18.8576
18.8235
18.8407
18.8352
18.8809
18.8788
18.8694
18.9145
18.9433
18.964
18.9688
18.8922
18.8529
18.9042
18.8462
18.8586
18.8115
18.7524
18.7374
18.7697
18.732
18.7508
18.7627
18.7721
18.7657
18.7453
18.7402
18.7561
18.7739
18.8093
18.7657
18.7416
18.7141
18.7422
18.7339
18.7306
18.7324
18.7343
18.744
18.7624
18.7278
18.6689
18.6805
18.6649
18.721
18.7226
18.7075
18.745
18.7848
18.7719
18.7329
18.768
18.6967
18.6488
18.6393
18.6468
18.6102
18.6076
18.6027
18.6138
18.5659
18.541
18.5749
18.492
18.4786
18.5498
18.5271
18.5279
18.5547
18.5691
18.5553
18.5518
18.5273
18.5723
18.5315
18.5525
18.5387
18.5028
18.5136
18.4866
18.4804
18.4526
18.4167
18.4297
18.4688
18.4837
18.4386
18.4591
18.4604
18.4628
18.5212
18.5311
18.4982
18.5079
18.5047
18.4783
18.4309
18.4325
18.4896
18.5059
18.5279
18.5497
18.5425
18.5287
18.4753
18.4865
18.5242
18.5414
18.5639
18.6095
18.6645
18.6911
18.6958
18.7053
18.7282
18.7353
18.7549
18.7212
18.7395
18.7407
18.784
18.8496
18.9085
18.9478
18.9685
18.9802
19.0273
19.053
19.0885
19.0556
19.0389
18.9939
19.0013
18.9956
18.9782
19.0074
19.0451
19.0316
19.0122
19.0619
19.0957
19.0605
19.1087
19.1462
19.1931
19.1398
19.1619
19.1502
19.153
19.2054
19.2185
19.1722
19.1739
19.1247
19.1015
19.0498
19.0856
19.057
19.0055
19.0435
19.0711
19.0896
19.0491
19.0519
19.0219
19.0069
18.9747
19.0336
19.037
19.0711
19.0851
19.0044
19.0313
18.9619
18.9692
18.9708
18.9567
18.9294
18.9558
18.9265
18.9456
18.9281
18.9404
18.9478
18.9283
18.9533
18.903
18.913
18.8919
18.8951
18.9244
18.9586
18.9165
18.9033
18.918
18.9667
18.9895
19.0062
18.9879
18.9344
18.9497
18.9772
19.0015
18.9443
18.9235
18.9485
18.9336
18.9175
18.9665
19.0155
18.9542
18.9609
18.9467
18.909
18.9351
18.8761
18.8703
18.8964
18.8279
18.8169
18.8037
18.8037
18.8314
18.8355
18.7595
18.7964
18.8208
18.8057
18.8436
18.8566
18.8884
18.8967
18.8496
18.8369
18.7924
18.8576
18.8159
18.8158
18.8295
18.8253
18.7985
18.8197
18.7981
18.8324
18.8488
18.8308
18.8211
18.8339
18.8526
18.8623
18.9066
18.9
18.8838
18.9041
18.8089
18.8108
18.8448
18.8087
18.8344
18.8389
18.8759
18.8782
18.8838
18.8636
18.8865
18.9337
18.9665
18.9973
18.9812
18.9819
18.9924
19.016
19.034
19.0408
18.9852
19.001
19.0148
19.0733
19.0904
19.1082
19.1172
19.1245
19.1805
19.17
19.2112
19.1837
19.1446
19.2025
19.1639
19.214
19.2523
19.2412
19.3031
19.3194
19.3378
19.2901
19.2498
19.2246
19.2358
19.1483
19.1674
19.1485
19.1747
19.184
19.1714
19.1537
19.1717
19.2363
19.1976
19.2234
19.1905
19.1989
19.1881
19.1855
19.1854
19.2503
19.2141
19.1948
19.2095
19.122
19.1316
19.1136
19.1674
19.1718
19.1853
19.2024
19.2393
19.2686
19.2559
19.2537
19.2506
19.2206
19.2285
19.1994
19.1857
19.1451
19.1324
19.1279
19.1362
19.1844
19.1989
19.2505
19.2974
19.2808
19.26
19.2939
19.2651
19.2286
19.2395
19.2378
19.2062
19.2588
19.3252
19.3417
19.3585
19.403
19.3652
19.3916
19.4301
19.4705
19.4731
19.495
19.5034
19.4931
19.464
19.385
19.3686
19.3624
19.4
19.41
19.3953
19.3855
19.4047
19.2891
19.3068
19.2619
19.3081
19.3431
19.3152
19.2643
19.2669
19.3
19.3602
19.3822
19.3091
19.2533
19.2839
19.2862
19.3164
19.2833
19.2674
19.2635
19.192
19.1059
19.0888
19.0903
19.1091
19.1407
19.1329
19.1305
19.1642
19.155
19.1656
19.1596
19.1705
19.1641
19.171
19.2039
19.219
19.2499
19.2496
19.2167
19.2497
19.2578
19.2212
19.2523
19.2387
19.222
19.2787
19.2649
19.2849
19.2655
19.2451
19.2746
19.2417
19.2242
19.2584
19.2862
19.2751
19.2573
19.2671
19.3028
19.2903
19.293
19.241
19.2495
19.3067
19.3233
19.3083
19.1865
19.2476
19.297
19.2856
19.302
19.3162
19.3424
19.3984
19.3992
19.376
19.3396
19.3016
19.3482
19.3402
19.3809
19.3671
19.3613
19.3398
19.3497
19.3837
19.3213
19.2469
19.2237
19.2388
19.2825
19.2981
19.2998
19.29
19.3241
19.2654
19.2902
19.3179
19.3426
19.2051
19.1378
19.1093
19.1147
19.1253
19.1285
19.1673
19.1993
19.2242
19.2041
19.2536
19.2734
19.2904
19.3113
19.325
19.3748
19.3171
19.3037
19.2728
19.213
19.2187
19.1948
19.2533
19.2825
19.2881
19.2722
19.3067
19.3187
19.3767
19.3239
19.2681
19.2197
19.226
19.2644
19.2741
19.3016
19.3324
19.3277
19.3558
19.3601
19.35
19.3913
19.4075
19.3929
19.4
19.3497
19.3405
19.3408
19.2818
19.1763
19.1508
19.1458
19.1803
19.1983
19.1353
19.1431
19.1132
19.1088
19.1146
19.1032
19.1576
19.1573
19.1585
19.1824
19.177
19.1574
19.1378
19.1557
19.2122
19.1694
19.1274
19.1676
19.1436
19.085
19.0383
19.0678
19.0693
19.0624
19.1166
19.1317
19.1067
19.069
19.0454
18.9664
18.9293
18.9273
18.8619
18.8049
18.8066
18.7887
18.797
18.8469
18.8788
18.8372
18.8821
18.8526
18.832
18.8212
18.7487
18.7474
18.7619
18.7699
18.8209
18.8378
18.85
18.8684
18.8697
18.8321
18.7956
18.8341
18.8546
18.8551
18.889
18.8924
18.9063
18.9076
18.9475
18.8809
18.852
18.901
18.9156
18.9209
18.8963
18.892
18.8258
18.8052
18.7835
18.7607
18.7793
18.8203
18.8508
18.8285
18.8436
18.8792
18.9181
18.8804
18.8847
18.8691
18.8983
18.9233
18.9215
18.8738
18.917
18.8971
18.9094
18.9336
18.947
18.9919
18.9852
18.9649
18.9881
18.9964
18.9537
18.9594
18.9504
18.9388
18.9973
18.9927
18.9878
18.9313
18.9577
19.0128
18.9987
19.0394
19.041
18.9977
18.9871
18.9764
19.0117
19.0355
19.1041
19.0897
19.1227
19.1348
19.1418
19.1768
19.2196
19.189
19.2621
19.2775
19.3053
19.3433
19.308
19.3211
19.2332
19.3102
19.2651
19.2225
19.231
19.2511
19.2484
19.2586
19.2802
19.2258
19.2475
19.2255
19.1688
19.1921
19.2332
19.2108
19.1524
19.1528
19.1888
19.2059
19.245
19.2794
19.2774
19.2234
19.189
19.2124
19.2471
19.1833
19.1737
19.2291
19.175
19.2145
19.1583
19.1986
19.182
19.0952
19.1442
19.153
19.18
19.1261
19.0503
19.0691
19.0797
18.9732
18.9563
18.9612
18.9519
18.9845
19.0184
18.9669
18.9094
18.9139
18.8868
18.9192
18.9224
18.9408
18.953
18.887
18.9343
18.942
18.9169
18.9147
18.9746
18.9738
18.9735
19.0166
19.0436
19.0566
19.0925
19.086
19.0487
19.0209
18.9975
18.9957
18.9954
18.9974
19.047
19.0611
19.0584
19.0645
19.0811
19.0837
19.1325
19.1116
19.1227
19.1261
19.1792
19.1846
19.1806
19.2375
19.1837
19.1972
19.2503
19.2611
19.2889
19.316
19.266
19.2718
19.3066
19.3015
19.3515
19.359
19.3786
19.3452
19.3778
19.3634
19.3755
19.4243
19.458
19.4929
19.4104
19.4451
19.4401
19.4652
19.4402
19.476
19.4045
19.3819
19.3545
19.3214
19.2842
19.3175
19.2739
19.2872
19.248
19.2843
19.2756
19.2476
19.1826
19.2362
19.3008
19.3535
19.3572
19.3763
19.4187
19.4267
19.457
19.3901
19.3438
19.3537
19.4106
19.3867
19.3728
19.3281
19.2947
19.3239
19.3606
19.3869
19.3201
19.3366
19.3525
19.3613
19.3764
19.3836
19.4133
19.4145
19.4059
19.3751
19.3078
19.3025
19.2924
19.2969
19.2887
19.3031
19.2965
19.292
19.3062
19.2713
19.2465
19.1824
19.1782
19.1748
19.1555
19.2057
19.2419
19.2666
19.2517
19.2324
19.2283
19.1976
19.1997
19.1944
19.201
19.1605
19.154
19.1908
19.2355
19.2051
19.213
19.1604
19.1531
19.1569
19.1327
19.0763
19.0791
19.0483
18.9856
18.9742
19.0045
19.0494
18.9914
19.0095
18.9618
18.9865
18.9902
18.9203
18.9185
18.9394
18.9221
18.9393
18.9291
18.9146
18.9207
18.8829
18.9341
18.9309
18.9595
18.9975
19.0141
19.0136
19.0563
19.0556
19.0328
19.0671
19.0561
19.0132
19.0578
19.089
19.0585
19.0629
19.0538
19.0022
18.9695
18.9715
18.9937
19.0054
19.0733
19.1094
19.1275
19.1045
19.0512
18.9825
19.0345
19.0002
18.9374
18.9805
18.9649
18.8705
18.8796
18.9261
18.9006
18.8455
18.8301
18.7826
18.7847
18.7817
18.7588
18.7671
18.8415
18.8716
18.9269
18.9519
18.9323
18.9476
18.9155
18.8917
18.919
18.8924
18.8874
18.8871
18.8541
18.8383
18.8615
18.8775
18.8824
18.8995
18.9088
18.9463
18.9037
18.9211
18.9457
18.9306
18.8778
18.888
18.9498
18.9603
18.9707
18.9517
18.9445
18.9909
18.8854
18.8533
18.8203
18.7747
18.7551
18.7035
18.7325
18.6954
18.6349
18.6357
18.6646
18.6837
18.7407
18.7313
18.7498
18.7519
18.7243
18.7391
18.7124
18.7742
18.7361
18.7871
18.8043
18.8085
18.7989
18.792
18.8072
18.8071
18.7803
18.7978
18.8036
18.8001
18.7908
18.8112
18.7841
18.773
18.6846
18.7221
18.684
18.6748
18.7332
18.7125
18.6958
18.688
18.7026
18.7315
18.767
18.787
18.749
18.7683
18.7618
18.7487
18.782
18.8152
18.7931
18.8091
18.8505
18.8167
18.8437
18.8063
18.8163
18.8128
18.8476
18.8504
18.7933
18.7405
18.7114
18.7492
18.7698
18.8159
18.8091
18.8252
18.7908
18.7893
18.7367
18.7574
18.747
18.7313
18.7126
18.687
18.6875
18.737
18.7222
18.6936
18.7161
18.7076
18.7181
18.7541
18.7444
18.7004
18.7471
18.7632
18.7761
18.7908
18.8291
18.8767
18.857
18.8793
18.9325
18.926
18.8934
18.8885
18.8719
18.8701
18.857
18.831
18.8807
18.8827
18.9009
18.859
18.8603
18.7988
18.8496
18.7558
18.7585
18.7897
18.8233
18.7209
18.7692
18.78
18.7814
18.7928
18.7408
18.7158
18.7106
18.7002
18.7079
18.6906
18.6344
18.6642
18.6457
18.6485
18.654
18.6617
18.6575
18.6873
18.7148
18.7346
18.7732
18.7887
18.7607
18.7692
18.73
18.7161
18.7608
18.7496
18.7107
18.6934
18.718
18.6955
18.7253
18.7715
18.7761
18.7695
18.7798
18.795
18.8316
18.8487
18.8726
18.8338
18.8514
18.8813
18.9055
18.8732
18.8695
18.9027
18.9412
18.9917
19.0023
19.0326
19.0726
19.0568
19.0989
19.1375
19.1512
19.1608
19.2132
19.1915
19.222
19.2196
19.2414
19.25
19.2724
19.2755
19.3145
19.314
19.2796
19.3349
19.3424
19.2732
19.2319
19.2163
19.2615
19.2376
19.2126
19.2034
19.2046
19.1992
19.2374
19.2893
19.2609
19.2471
19.2217
19.2105
19.2147
19.227
19.2623
19.2202
19.231
19.2096
19.1792
19.1629
19.1482
19.1661
19.1622
19.1571
19.1399
19.185
19.1702
19.1716
19.2396
19.2633
19.3079
19.3098
19.259
19.1802
19.1589
19.1617
19.2101
19.1831
19.1882
19.1687
19.163
19.1904
19.1773
19.1634
19.143
19.1733
19.1896
19.1782
19.211
19.2322
19.2608
19.2434
19.239
19.0996
19.0489
19.0279
18.9908
19.0555
19.0505
19.0546
19.0839
19.1036
19.0591
19.033
19.0673
19.0507
19.0221
19.012
19.0026
19.0276
18.9321
18.9935
19.039
19.0045
19.0239
19.0494
19.0881
19.1029
19.1231
19.1028
19.1694
19.1588
19.0569
19.083
19.0892
19.032
19.0503
19.0712
19.0264
19.0221
19.0185
19.0159
19.0694
19.1215
19.1127
19.0493
19.101
19.0526
19.0645
19.1009
19.0887
19.1401
19.1515
19.1623
19.2019
19.185
19.1549
19.1469
19.1943
19.2153
19.2152
19.1852
19.189
19.1929
19.2391
19.2327
19.1233
19.1391
19.1937
19.199
19.1925
19.2557
19.2753
19.2589
19.313
19.3504
19.3062
19.3133
19.2567
19.2431
19.2795
19.2871
19.2843
19.2667
19.2632
19.2724
19.1829
19.2126
19.2196
19.3037
19.3017
19.2837
19.3029
19.2455
19.273
19.2607
19.3034
19.2964
19.3102
19.3497
19.3575
19.4019
19.4089
19.3806
19.3567
19.2694
19.2587
19.3144
19.3351
19.3212
19.2381
19.2371
19.2824
19.298
19.2698
19.2352
19.2163
19.1777
19.2153
19.208
19.1412
19.1094
19.1517
19.157
19.1695
19.177
19.1933
19.209
19.1455
19.1543
19.1241
19.0424
19.0458
19.0084
18.9795
18.9319
18.9068
18.94
18.9607
18.9945
18.9789
19.0383
19.0337
19.0609
19.0878
19.144
19.1695
19.1778
19.1062
19.0945
19.026
19.0445
19.0818
19.0998
19.1119
19.128
19.1513
19.1542
19.1727
19.155
19.1757
19.1304
19.1361
19.1316
19.1415
19.1121
19.1224
19.131
19.094
19.0751
19.0609
19.0415
19.0541
19.0436
19.0534
19.0918
19.1109
19.1289
19.1697
19.2241
19.263
19.2575
19.2828
19.2526
19.2766
19.2808
19.289
19.3015
19.3037
19.3159
19.3282
19.3244
19.3472
19.3056
19.3273
19.3194
19.265
19.2342
19.1688
19.2192
19.2133
19.2493
19.2002
19.211
19.199
19.2138
19.2063
19.2304
19.2607
19.2554
19.1645
19.1378
19.1651
19.1989
19.2426
19.2156
19.2518
19.2219
19.1899
19.1976
19.256
19.2493
19.3035
19.2755
19.3032
19.2481
19.2188
19.2615
19.2373
19.1897
19.2148
19.2529
19.2949
19.249
19.2849
19.2456
19.2078
19.1432
19.1454
19.1736
19.106
19.1063
19.1776
19.1529
19.0852
19.0732
19.0926
19.1189
19.1481
19.0776
19.0964
19.0765
19.0793
19.112
19.0627
19.11
19.1563
19.1693
19.1866
19.2366
19.253
19.1987
19.201
19.155
19.1776
19.2006
19.1815
19.1776
19.185
19.2017
19.2127
19.1238
19.1127
19.0231
19.055
19.1131
19.1142
19.1052
19.1495
19.1323
19.1277
19.1499
19.1744
19.1825
19.1994
19.1653
19.2062
19.2242
19.2046
19.2412
19.2325
19.2279
19.1896
19.1651
19.1648
19.1989
19.2311
19.245
19.2707
19.2894
19.2576
19.3074
19.3368
19.368
19.3598
19.3947
19.3993
19.4193
19.3739
19.4075
19.438
19.4223
19.4282
19.4294
19.3742
19.36
19.3642
19.3601
19.3714
19.384
19.3959
19.3531
19.3939
19.4014
19.4493
19.4729
19.4923
19.5016
19.5453
19.5544
19.5914
19.63
19.6195
19.6471
19.6579
19.6357
19.5956
19.5767
19.5656
19.4951
19.5271
19.5088
19.5205
19.5055
19.5443
19.4899
19.5248
19.57
19.6
19.622
19.6521
19.6621
19.6655
19.6081
19.5625
19.5639
19.5862
19.5934
19.6516
19.6637
19.5963
19.5859
19.6026
19.6455
19.6378
19.6195
19.628
19.6093
19.6223
19.6143
19.6483
19.6995
19.7101
19.6954
19.7571
19.7516
19.7182
19.7055
19.6585
19.6946
19.6385
19.659
19.715
19.7378
19.7585
19.7207
19.7361
19.7336
19.7117
19.7079
19.715
19.716
19.6594
19.6593
19.7025
19.7037
19.6555
19.6678
19.6989
19.7485
19.7324
19.7571
19.6703
19.6954
19.6754
19.6876
19.606
19.5417
19.5636
19.5784
19.5044
19.5217
19.4955
19.4889
19.4889
19.5423
19.5646
19.5697
19.5209
19.4387
19.4597
19.4036
19.3795
19.3757
19.3575
19.2976
19.3192
19.2714
19.2465
19.2623
19.3097
19.3214
19.3066
19.2933
19.1915
19.2183
19.2512
19.2424
19.2257
19.1861
19.2003
19.1944
19.2265
19.2195
19.2645
19.2897
19.3171
19.3091
19.2606
19.2454
19.2589
19.2753
19.2229
19.2005
19.1961
19.2168
19.2068
19.2291
19.2575
19.2391
19.2659
19.2893
19.2992
19.2775
19.3094
19.3119
19.3451
19.3911
19.4289
19.4089
19.4586
19.5183
19.543
19.5531
19.5468
19.5715
19.6003
19.6365
19.6286
19.552
19.5745
19.6352
19.6492
19.6661
19.6786
19.677
19.7218
19.7416
19.711
19.6737
19.6274
19.6514
19.6292
19.6333
19.6451
19.6447
19.6376
19.6817
19.7264
19.6883
19.7051
19.6692
19.6664
19.6622
19.7043
19.6426
19.6819
19.7088
19.6849
19.6788
19.6794
19.6957
19.7158
19.6813
19.7194
19.6771
19.6662
19.6898
19.6947
19.6696
19.6696
19.698
19.686
19.7112
19.7318
19.7468
19.7933
19.8503
19.8845
19.8289
19.78
19.835
19.8342
19.8445
19.8342
19.8409
19.8924
19.8867
19.8719
19.8586
19.8179
19.861
19.7919
19.7526
19.6995
19.757
19.7429
19.7995
19.7221
19.7146
19.65
19.6871
19.7077
19.7143
19.7274
19.7232
19.7065
19.7161
19.7007
19.7063
19.7282
19.7217
19.7509
19.7504
19.7428
19.7005
19.6867
19.6674
19.7136
19.7198
19.6066
19.5981
19.6024
19.6345
19.6384
19.6608
19.69
19.658
19.7211
19.6814
19.7101
19.6657
19.6758
19.6888
19.6674
19.6303
19.6213
19.5831
19.6034
19.6131
19.6405
19.5943
19.5988
19.5956
19.6314
19.6152
19.6573
19.7023
19.6942
19.7134
19.6285
19.5816
19.6447
19.6121
19.5503
19.576
19.582
19.6048
19.6297
19.6046
19.5827
19.5692
19.551
19.4945
19.5426
19.5896
19.5998
19.6198
19.6016
19.5833
19.5709
19.5153
19.5191
19.5638
19.6347
19.5959
19.5595
19.5489
19.5961
19.6156
19.6228
19.6615
19.6855
19.6575
19.6976
19.7364
19.7375
19.7895
19.7689
19.8006
19.808
19.7672
19.7302
19.6961
19.6414
19.5303
19.5499
19.532
19.5469
19.5318
19.5029
19.499
19.4716
19.4411
19.4463
19.4661
19.4735
19.5134
19.5218
19.5596
19.5477
19.5183
19.5619
19.5683
19.5639
19.4693
19.5016
19.4583
19.4288
19.4856
19.4399
19.4206
19.3501
19.3735
19.2761
19.2749
19.2649
19.2831
19.2696
19.2504
19.1834
19.1815
19.2007
19.2091
19.241
19.2231
19.2375
19.216
19.255
19.2841
19.27
19.2784
19.2236
19.2336
19.2193
19.2464
19.2561
19.2061
19.1963
19.2146
19.231
19.1939
19.2281
19.2714
19.2874
19.2583
19.2295
19.161
19.1728
19.2107
19.1749
19.157
19.2073
19.1462
19.1708
19.2025
19.1466
19.1425
19.1512
19.1686
19.1637
19.1719
19.193
19.1747
19.1402
19.1278
19.1249
19.1586
19.1758
19.2143
19.1928
19.236
19.2472
19.254
19.199
19.1531
19.128
19.1528
19.1469
19.1573
19.1441
19.1163
19.1313
19.1569
19.1603
19.0793
19.1014
19.0518
19.0095
19.0424
19.035
19.0479
19.1004
19.1261
19.1404
19.0991
19.0704
18.9821
19.0015
19.0167
19.0419
19.0315
19.0248
19.0155
18.9732
18.9343
18.9668
18.9752
18.9972
19.0084
18.9814
18.997
18.9801
18.9437
18.9383
18.9692
18.9817
18.9812
18.9973
18.9835
19.0121
18.9756
18.9122
18.9323
18.9298
18.8911
18.9041
18.9387
18.94
18.9278
18.8961
18.9347
18.9193
18.9174
18.8941
18.942
18.9121
18.8792
18.8454
18.8264
18.8153
18.8069
18.8509
18.8346
18.8382
18.8888
18.9172
18.937
18.9516
18.8775
18.892
18.918
18.9476
18.9748
18.9952
18.9804
19.0181
18.9678
18.966
19.0104
19.0089
18.9042
18.9309
18.8554
18.8485
18.866
18.8433
18.7404
18.7172
18.7137
18.7316
18.7164
18.6815
18.6819
18.6497
18.6884
18.7135
18.6807
18.6921
18.7108
18.7542
18.776
18.7323
18.7478
18.7733
18.7261
18.7124
18.6821
18.6405
18.6437
18.6508
18.6564
18.6747
18.6837
18.6706
18.6915
18.6808
18.6801
18.6955
18.6775
18.7193
18.7125
18.6809
18.7005
18.7477
18.705
18.7331
18.7688
18.7716
18.7387
18.7353
18.7529
18.7517
18.7243
18.7016
18.7
18.7488
18.6845
18.6827
18.6707
18.6576
18.651
18.6577
18.6087
18.5695
18.5839
18.5465
18.5562
18.5287
18.5328
18.5278
18.4231
18.3988
18.443
18.409
18.4394
18.4673
18.4776
18.4676
18.4789
18.4377
18.4379
18.4881
18.474
18.4363
18.4022
18.401
18.379
18.4114
18.3527
18.3522
18.3548
18.3336
18.3033
18.2421
18.2782
18.2711
18.2836
18.2606
18.2659
18.2887
18.3079
18.3446
18.4029
18.4492
18.4618
18.4993
18.5031
18.4642
18.5024
18.5192
18.5194
18.5775
18.5391
18.5516
18.5654
18.6158
18.6111
18.6013
18.6245
18.6844
18.6464
18.6651
18.695
18.7023
18.7493
18.7921
18.8251
18.8511
18.8898
18.9386
18.9836
19.0124
18.9993
19.0313
19.0594
19.0921
19.1267
19.1393
19.1904
19.2396
19.2762
19.287
19.2762
19.33
19.3454
19.3853
19.3965
19.4586
19.4797
19.4587
19.484
19.5025
19.513
19.5289
19.5433
19.4742
19.42
19.3959
19.3997
19.442
19.4249
19.4103
19.3855
19.3825
19.3723
19.3285
19.298
19.3355
19.2764
19.2431
19.2656
19.278
19.2077
19.2207
19.2098
19.1551
19.1185
19.0662
19.0495
19.071
19.0573
19.0737
19.0381
19.0427
19.0882
19.0723
19.0638
19.0721
18.9897
18.9828
19.0062
18.9886
18.9712
18.966
19.0052
18.9825
19.0079
18.9682
18.9824
18.9771
18.9754
18.951
18.9547
18.9138
18.9306
18.9568
18.9491
18.9693
19.0156
18.9834
18.9984
19.0082
19.047
19.0682
19.0402
19.0446
19.0739
19.0945
19.1247
19.1855
19.2244
19.165
19.1545
19.1556
19.1499
19.1657
19.2017
19.2412
19.2619
19.2851
19.3182
19.3456
19.3378
19.3378
19.3588
19.3724
19.3786
19.4008
19.3951
19.4247
19.4276
19.3891
19.3681
19.4137
19.4341
19.3987
19.3942
19.4224
19.3925
19.4214
19.4185
19.4175
19.4523
19.4661
19.4782
19.4555
19.4717
19.4805
19.5119
19.5318
19.5021
19.5013
19.4621
19.4503
19.4639
19.5021
19.4911
19.5204
19.524
19.5471
19.5547
19.5177
19.5868
19.5918
19.6315
19.6091
19.6105
19.6059
19.6741
19.6808
19.6534
19.6335
19.6368
19.6462
19.6907
19.6896
19.7265
19.694
19.722
19.7181
19.7342
19.6735
19.6257
19.6609
19.6912
19.6862
19.6985
19.7274
19.6681
19.7285
19.7347
19.7205
19.7091
19.6644
19.6791
19.6556
19.6811
19.6921
19.662
19.6638
19.6471
19.6491
19.6542
19.6529
19.68
19.6908
19.6765
19.747
19.686
19.7015
19.7321
19.6691
19.6677
19.6505
19.6581
19.6709
19.707
19.7086
19.6651
19.6124
19.637
19.596
19.6127
19.5777
19.5809
19.611
19.6201
19.6331
19.577
19.6063
19.6293
19.6142
19.624
19.6841
19.6783
19.7338
19.7304
19.7669
19.7177
19.78
19.7912
19.8602
19.8702
19.8698
19.8499
19.7771
19.7571
19.7401
19.7048
19.6997
19.7251
19.648
19.6402
19.5751
19.5918
19.6036
19.6438
19.6205
19.6528
19.5933
19.6231
19.5708
19.5754
19.5314
19.5108
19.5402
19.5366
19.5849
19.5925
19.6074
19.6321
19.6619
19.6511
19.6146
19.588
19.6177
19.625
19.575
19.584
19.5888
19.6101
19.5951
19.6148
19.6242
19.6147
19.5991
19.5955
19.6314
19.6491
19.6486
19.6199
19.612
19.6778
19.6806
19.6732
19.6787
19.7387
19.7115
19.7504
19.797
19.7998
19.8232
19.8324
19.812
19.833
19.8657
19.8475
19.8574
19.8222
19.8302
19.8766
19.8989
19.917
19.9141
19.9184
19.9444
19.9018
19.9172
19.92
19.8941
19.878
19.8837
19.9272
19.9003
19.871
19.779
19.7921
19.8224
19.7733
19.7445
19.8051
19.7823
19.7851
19.7501
19.7451
19.7809
19.7971
19.8248
19.7781
19.7928
19.837
19.8471
19.8126
19.7672
19.7549
19.7839
19.808
19.8406
19.874
19.8392
19.8042
19.8157
19.8182
19.7682
19.786
19.748
19.7163
19.7191
19.666
19.6616
19.6164
19.6458
19.6776
19.6095
19.6029
19.626
19.6015
19.534
19.5979
19.566
19.5272
19.5814
19.5623
19.6055
19.6332
19.6152
19.6594
19.6288
19.6677
19.6801
19.6632
19.6838
19.7293
19.7221
19.6656
19.6928
19.6681
19.645
19.6443
19.6459
19.6229
19.5888
19.6285
19.5703
19.591
19.5738
19.6066
19.6169
19.6383
19.5993
19.5778
19.5553
19.514
19.5609
19.5795
19.6278
19.5908
19.6562
19.6875
19.7168
19.739
19.7333
19.7521
19.8148
19.8283
19.7957
19.7389
19.6845
19.6617
19.68
19.6849
19.7223
19.7342
19.7111
19.6917
19.7081
19.6658
19.6201
19.6147
19.6007
19.6222
19.621
19.597
19.5795
19.5696
19.5676
19.557
19.6191
19.5811
19.5845
19.5785
19.5711
19.5939
19.6032
19.6036
19.5873
19.5594
19.5998
19.5763
19.5984
19.6359
19.6231
19.5931
19.5812
19.6346
19.6253
19.6517
19.7083
19.6665
19.6909
19.7047
19.7449
19.7808
19.7961
19.8241
19.8267
19.8382
19.873
19.8194
19.8583
19.8832
19.853
19.8741
19.8291
19.8007
19.8489
19.8341
19.8197
19.7959
19.8033
19.7987
19.8411
19.8462
19.7815
19.8063
19.8205
19.7943
19.874
19.9079
19.9333
19.9884
20.0146
20.0407
20.0387
20.0214
19.9871
20.0156
20.0177
20.0272
20.0294
20.0677
20.0886
20.0695
20.0311
20.0448
19.9923
20.0284
20.0271
20.0244
19.9996
20.0067
20.0065
19.9337
19.8548
19.8633
19.7871
19.7911
19.8109
19.7424
19.7376
19.7625
19.7511
19.6748
19.6851
19.657
19.6312
19.6011
19.6528
19.679
19.6522
19.5774
19.5457
19.5158
19.52
19.5616
19.584
19.5139
19.4902
19.5062
19.4913
19.4916
19.5604
19.5926
19.6001
19.4585
19.4575
19.4174
19.4631
19.4343
19.4267
19.48
19.4895
19.548
19.5327
19.5442
19.5322
19.4841
19.5064
19.5165
19.5394
19.559
19.56
19.5049
19.5146
19.5199
19.5125
19.5444
19.5557
19.5131
19.5198
19.5142
19.5591
19.4675
19.4984
19.4493
19.4221
19.4403
19.3904
19.2924
19.2714
19.2591
19.2945
19.2407
19.2161
19.1884
19.1862
19.1952
19.2223
19.2152
19.2069
19.2093
19.2586
19.2772
19.3035
19.2981
19.2851
19.2656
19.2468
19.2929
19.2701
19.2859
19.2776
19.3165
19.2074
19.2241
19.1935
19.222
19.1612
19.1521
19.1433
19.1955
19.1954
19.2188
19.1935
19.2017
19.2295
19.2368
19.2458
19.2355
19.2816
19.3127
19.3008
19.3008
19.3273
19.3239
19.3689
19.399
19.3921
19.4121
19.404
19.4192
19.4583
19.4691
19.4611
19.5021
19.4962
19.4352
19.3703
19.3749
19.3542
19.3245
19.3242
19.306
19.2648
19.2979
19.3435
19.3584
19.3805
19.4238
19.4381
19.4755
19.4529
19.4554
19.4639
19.4415
19.3965
19.3839
19.3511
19.3853
19.4058
19.3722
19.4027
19.4543
19.5028
19.4719
19.4146
19.4706
19.4417
19.388
19.4065
19.343
19.3889
19.2976
19.2865
19.2435
19.2811
19.3151
19.3041
19.3239
19.3109
19.3851
19.3773
19.3882
19.3846
19.3918
19.4145
19.4035
19.3914
19.3727
19.3241
19.3278
19.2749
19.2819
19.321
19.349
19.3424
19.3218
19.3438
19.3262
19.3285
19.3075
19.307
19.2686
19.3262
19.3356
19.2941
19.3372
19.3429
19.3211
19.3237
19.3112
19.2667
19.3243
19.3064
19.227
19.241
19.1882
19.2142
19.168
19.1828
19.1836
19.2182
19.2329
19.2898
19.284
19.2927
19.3204
19.2365
19.2733
19.2912
19.3322
19.3098
19.3204
19.3129
19.3364
19.2626
19.2492
19.2608
19.2566
19.2461
19.2488
19.3113
19.3581
19.3106
19.2847
19.2816
19.3148
19.2571
19.1859
19.1803
19.1706
19.1725
19.1512
19.1342
19.1504
19.1687
19.1843
19.1161
19.1349
19.1781
19.1696
19.1823
19.1715
19.1934
19.1999
19.2174
19.2474
19.1831
19.1909
19.1981
19.1853
19.1966
19.217
19.221
19.2104
19.2141
19.2183
19.2129
19.2421
19.2374
19.247
19.2862
19.1908
19.2391
19.2846
19.2548
19.2555
19.2685
19.3255
19.3402
19.3053
19.3418
19.3164
19.3179
19.3353
19.3785
19.3645
19.4363
19.4323
19.4232
19.4635
19.478
19.4723
19.4744
19.4425
19.4793
19.5103
19.5501
19.5382
19.5368
19.6013
19.603
19.6041
19.596
19.6336
19.6121
19.6016
19.558
19.5608
19.5227
19.4527
19.4777
19.4806
19.4728
19.4767
19.4349
19.4435
19.4143
19.41
19.3928
19.4146
19.4627
19.4662
19.515
19.5087
19.5304
19.5143
19.5498
19.5852
19.6359
19.6119
19.5971
19.5691
19.5279
19.5404
19.5466
19.5386
19.4898
19.4695
19.4522
19.4343
19.4289
19.3903
19.3154
19.2875
19.2832
19.2778
19.2967
19.252
19.1425
19.2007
19.2223
19.2134
19.2057
19.1882
19.216
19.2548
19.2422
19.2136
19.2101
19.2114
19.2148
19.1956
19.2196
19.248
19.2854
19.2851
19.2985
19.3347
19.3513
19.2822
19.2966
19.3054
19.2885
19.2911
19.248
19.2224
19.237
19.2345
19.2774
19.3086
19.326
19.3438
19.3091
19.2971
19.3586
19.3746
19.3487
19.3825
19.4223
19.4224
19.4094
19.4662
19.419
19.4166
19.4504
19.4518
19.4242
19.4443
19.3835
19.4209
19.4389
19.3777
19.4204
19.4603
19.3911
19.416
19.4539
19.421
19.4601
19.4931
19.45
19.4699
19.3781
19.37
19.3913
19.4122
19.4129
19.3915
19.4266
19.4387
19.4266
19.4011
19.4202
19.3759
19.423
19.4358
19.461
19.4997
19.5239
19.5617
19.5108
19.551
19.5207
19.5752
19.5732
19.5617
19.5809
19.5729
19.5985
19.5352
19.5744
19.5386
19.5729
19.5614
19.5936
19.5103
19.4371
19.4144
19.3952
19.4425
19.4776
19.4323
19.3502
19.3637
19.3629
19.3789
19.3691
19.3417
19.346
19.3681
19.3894
19.398
19.3926
19.3459
19.3868
19.4089
19.4509
19.4729
19.4741
19.4904
19.5312
19.5616
19.5744
19.5394
19.5116
19.4919
19.5078
19.5486
19.517
19.5146
19.4575
19.397
19.4146
19.4332
19.373
19.3536
19.3743
19.3217
19.3023
19.2577
19.3068
19.2999
19.3076
19.2748
19.3243
19.3529
19.4038
19.4056
19.3745
19.4326
19.4353
19.3806
19.3065
19.307
19.3041
19.2962
19.3112
19.2616
19.2919
19.2875
19.2738
19.3007
19.3054
19.3327
19.2902
19.2378
19.2327
19.2532
19.2697
19.2768
19.3317
19.3181
19.3007
19.2595
19.2715
19.2862
19.2396
19.2314
19.2347
19.2072
19.209
19.164
19.1627
19.2504
19.2523
19.191
19.2015
19.1461
19.2053
19.1927
19.1916
19.1636
19.1631
19.1663
19.1817
19.2008
19.1851
19.1533
19.1986
19.21
19.243
19.1877
19.2183
19.2665
19.2735
19.1954
19.1696
19.1476
19.0974
19.0369
19.0246
18.9937
19.0175
18.9841
18.9068
18.9078
18.8944
18.8488
18.869
18.8912
18.8935
18.87
18.868
18.8927
18.886
18.8455
18.8236
18.7617
18.7859
18.7685
18.8049
18.6709
18.7239
18.7003
18.7366
18.7908
18.7608
18.7515
18.7025
18.7121
18.7166
18.7113
18.6883
18.7026
18.6551
18.664
18.6188
18.6076
18.6465
18.6482
18.6768
18.6888
18.7087
18.6759
18.6784
18.6937
18.6346
18.6566
18.6825
18.7095
18.7257
18.7519
18.7695
18.7645
18.7753
18.7873
18.7654
18.6961
18.7242
18.7117
18.7128
18.7096
18.7123
18.7558
18.7111
18.7524
18.7604
18.7692
18.7851
18.8097
18.8085
18.8285
18.8522
18.8902
18.8777
18.8354
18.8371
18.8657
18.8323
18.8225
18.8871
18.909
18.9268
18.9585
18.9497
19.0016
18.9724
18.9561
18.9817
19.0134
18.9794
18.988
18.9941
19.0302
19.0884
19.1201
19.138
19.0821
19.1117
19.1236
19.1318
19.0776
19.0805
19.0306
19.0073
18.997
18.9992
19.0358
19.0958
19.0605
19.0312
19.0062
19.0036
19.0166
19.0454
19.0061
18.999
19.0144
19.0283
19.0466
19.0334
18.9694
18.9465
18.9632
18.9439
18.9668
18.9623
18.9816
18.9939
19.0027
19.0334
18.9769
18.9976
19.0032
19.0332
19.0047
19.0083
19.0527
19.1155
19.0989
19.1115
19.0764
19.0905
19.1013
19.1101
19.1601
19.1714
19.1538
19.167
19.128
19.1802
19.0907
19.1141
19.1258
19.1383
19.1852
19.1365
19.1301
19.1547
19.1691
19.2014
19.2351
19.2183
19.2249
19.2533
19.3164
19.293
19.328
19.2476
19.2373
19.2175
19.1908
19.1836
19.1422
19.1307
19.1434
19.1777
19.2137
19.1319
19.0629
19.0642
19.05
19.1008
19.1155
19.1234
19.1429
19.1581
19.1579
19.1728
19.1899
19.175
19.2049
19.2491
19.2855
19.2812
19.294
19.2888
19.3135
19.3465
19.3361
19.3165
19.3208
19.3555
19.2998
19.2889
19.1928
19.1085
19.0995
19.0972
19.1065
19.0646
19.0935
19.0695
19.0225
19.0397
19.0425
19.0238
19.0194
19.012
19.0776
19.044
19.0655
18.9945
18.9391
18.9361
18.9288
18.9296
18.9847
19.0231
19.072
19.0722
18.9985
18.967
18.9405
18.978
18.9548
19.0168
18.9808
18.9969
19.0319
19.0433
19.0262
18.9937
18.9971
18.9953
19.0237
19.0621
19.0736
19.0521
19.0998
19.0284
19.0363
18.9841
18.9948
18.9632
19.0098
19.0091
19.0204
19.0087
19.0537
19.0569
19.0454
19.028
19.0565
19.0456
19.0483
19.0621
19.0927
19.0178
19.0272
19.0327
18.9985
19.0123
18.9702
18.9866
18.978
19.0189
19.0375
18.9737
18.9734
19.0079
19.0533
19.0709
19.0239
18.9665
18.9621
18.9986
19.0382
18.9361
18.9136
18.9177
18.8998
18.8622
18.8038
18.8067
18.8113
18.7636
18.6451
18.6771
18.6895
18.6843
18.6916
18.6831
18.7142
18.6488
18.6308
18.6948
18.728
18.7528
18.7636
18.7837
18.7502
18.7691
18.7818
18.8136
18.8274
18.8525
18.7643
18.7407
18.6908
18.7098
18.6884
18.7307
18.7219
18.7263
18.7392
18.7364
18.7266
18.7099
18.6236
18.6339
18.6181
18.6098
18.6261
18.6301
18.6559
18.6176
18.5551
18.5985
18.6243
18.6451
18.6998
18.6782
18.7101
18.6401
18.6249
18.589
18.6631
18.6198
18.5865
18.5714
18.5543
18.5766
18.5031
18.5554
18.5815
18.5578
18.5674
18.5971
18.5747
18.5991
18.6034
18.6265
18.5963
18.5826
18.5839
18.5307
18.5399
18.5668
18.551
18.564
18.5908
18.59
18.5237
18.5442
18.4303
18.4129
18.4192
18.4069
18.4135
18.4576
18.4423
18.4506
18.4974
18.4828
18.4859
18.4564
18.4772
18.4635
18.4718
18.4607
18.3573
18.3856
18.3725
18.355
18.3582
18.3629
18.3651
18.3568
18.3791
18.363
18.368
18.377
18.3894
18.3544
18.3859
18.3407
18.3647
18.3888
18.3828
18.3664
18.3852
18.3516
18.3683
18.3607
18.3526
18.3237
18.3561
18.3277
18.3345
18.3745
18.425
18.4575
18.4799
18.4959
18.5294
18.5299
18.5885
18.5458
18.5194
18.5416
18.5613
18.5604
18.5857
18.6148
18.6761
18.7101
18.7193
18.7763
18.8149
18.7788
18.8086
18.8124
18.8267
18.8397
18.8489
18.8294
18.7822
18.7937
18.8005
18.7756
18.7757
18.7473
18.7548
18.7386
18.73
18.7309
18.7512
18.7624
18.7994
18.7903
18.793
18.7878
18.786
18.7929
18.8273
18.8522
18.8729
18.9131
18.9051
18.866
18.8293
18.819
18.8335
18.8384
18.8693
18.9313
18.9273
18.9019
18.8466
18.876
18.8626
18.8658
18.873
18.9257
18.9378
18.9988
19.0023
19.0267
19.0369
19.0857
19.0722
19.0712
19.0832
19.1072
19.0056
19.0317
18.9915
19.0175
19.0336
19.0667
19.0482
19.0656
19.0728
19.0835
19.058
19.0972
19.1301
19.1234
19.0996
19.1348
19.182
19.1744
19.1957
19.1892
19.2116
19.2119
19.1752
19.1053
19.155
19.1749
19.2104
19.2226
19.2716
19.2525
19.2865
19.3473
19.3572
19.3998
19.424
19.4155
19.4317
19.4648
19.4438
19.4818
19.4564
19.4745
19.4246
19.4734
19.4899
19.4895
19.5108
19.5046
19.5143
19.5348
19.5502
19.5298
19.5837
19.5714
19.5549
19.5947
19.6381
19.6558
19.6176
19.6164
19.5838
19.5817
19.598
19.6332
19.6667
19.687
19.6702
19.733
19.7638
19.8111
19.8153
19.8402
19.8314
19.8351
19.8121
19.783
19.8238
19.8019
19.8168
19.884
19.8844
19.9466
19.9101
19.827
19.7077
19.6953
19.7368
19.712
19.6113
19.596
19.6131
19.6132
19.6498
19.6888
19.69
19.7169
19.7109
19.6898
19.6987
19.7345
19.7647
19.7628
19.7539
19.764
19.7723
19.7466
19.7218
19.7512
19.7784
19.8357
19.826
19.7983
19.8254
19.8834
19.8956
19.8117
19.8035
19.715
19.7361
19.6948
19.6543
19.6104
19.5575
19.5574
19.5471
19.5518
19.5574
19.5237
19.5056
19.5429
19.5681
19.5999
19.5482
19.5977
19.5452
19.5715
19.5947
19.6069
19.6242
19.603
19.6003
19.6136
19.5002
19.5505
19.511
19.4884
19.4728
19.5199
19.5149
19.4925
19.5138
19.5079
19.4427
19.4865
19.4917
19.545
19.4777
19.486
19.5176
19.5371
19.4928
19.4918
19.5346
19.5873
19.6069
19.5773
19.5403
19.5348
19.5198
19.4749
19.4173
19.4178
19.4607
19.5101
19.5398
19.5704
19.5409
19.5487
19.561
19.5893
19.5934
19.542
19.5556
19.5975
19.5765
19.6039
19.572
19.5852
19.5688
19.5446
19.5663
19.6273
19.6122
19.6258
19.6068
19.5592
19.4381
19.4731
19.4825
19.4507
19.4699
19.4837
19.4215
19.4246
19.4419
19.4446
19.414
19.437
19.4994
19.4285
19.4342
19.4271
19.4421
19.4969
19.4896
19.4409
19.447
19.4063
19.3938
19.3945
19.3908
19.3449
19.3115
19.3195
19.3272
19.307
19.3223
19.3834
19.3421
19.2353
19.2419
19.2529
19.2324
19.2411
19.2296
19.227
19.2354
19.2897
19.3307
19.3165
19.2816
19.3079
19.2388
19.2086
19.1804
19.1989
19.1894
19.1321
19.1267
19.1519
19.2076
19.2418
19.2237
19.2396
19.2247
19.231
19.2438
19.2682
19.2572
19.2847
19.2494
19.2966
19.2903
19.3007
19.2654
19.2969
19.2434
19.2111
19.2366
19.2144
19.2107
19.2478
19.2637
19.2799
19.3201
19.3605
19.3325
19.3172
19.3298
19.3897
19.4246
19.4047
19.4191
19.4185
19.4458
19.3903
19.4097
19.4443
19.4493
19.3867
19.4288
19.4231
19.4005
19.3082
19.3439
19.3376
19.2917
19.3174
19.3263
19.3464
19.3406
19.3338
19.383
19.4155
19.3671
19.4098
19.4172
19.4164
19.4507
19.3949
19.4245
19.4046
19.3825
19.334
19.3437
19.3204
19.3465
19.2947
19.2845
19.2735
19.2887
19.3239
19.3312
19.3598
19.3501
19.3983
19.3738
19.3389
19.3122
19.2156
19.2068
19.2627
19.2662
19.2698
19.2348
19.2533
19.1932
19.2025
19.1662
19.153
19.1344
19.1247
19.1253
19.1109
19.0588
19.0891
19.0879
19.1109
19.1044
19.1076
19.068
19.0502
19.0568
19.0853
19.0701
19.05
19.0481
19.0109
18.9863
19.066
19.0632
19.0266
19.0154
18.9918
19.001
19.0478
19.0401
18.9975
19.0178
18.9839
18.9665
18.9916
19.0136
19.0386
19.0505
19.0423
19.082
19.086
19.0597
19.0902
19.0826
19.0884
19.1241
19.1572
19.1639
19.1941
19.1935
19.1857
19.2208
19.266
19.3004
19.2802
19.2496
19.2657
19.235
19.2475
19.3069
19.3469
19.3481
19.3371
19.3429
19.2673
19.2363
19.1857
19.1755
19.1151
19.1311
19.1477
19.1889
19.1397
19.1333
19.1568
19.1836
19.2089
19.1961
19.1584
19.1484
19.0961
19.063
19.0328
19.011
19.0327
19.0293
19.0244
19.0532
19.0942
19.1185
19.1294
19.1389
19.1282
19.2023
19.2317
19.1641
19.1833
19.1629
19.146
19.203
19.1907
19.2032
19.209
19.1324
19.1367
19.1237
19.1269
19.1585
19.1551
19.216
19.2462
19.2328
19.2455
19.2421
19.2326
19.1925
19.186
19.1898
19.2341
19.2316
19.284
19.3099
19.3261
19.2748
19.2287
19.1581
19.1129
19.0675
19.0444
19.0404
19.0142
19.0619
18.9912
19.0251
19.0416
19.0441
19.028
19.0274
19.0573
19.088
19.1364
19.1124
19.1041
19.1019
19.0877
19.1164
19.1594
19.1573
19.1373
19.1881
19.1352
19.1454
19.1583
19.1464
19.0641
19.0511
18.974
18.9701
18.9084
18.9112
18.8953
18.891
18.8621
18.9038
18.9518
18.9196
18.937
18.9269
18.9162
18.8208
18.8633
18.8716
18.8992
18.88
18.7861
18.7658
18.7601
18.7527
18.7847
18.8049
18.7901
18.7298
18.7146
18.6908
18.7481
18.7912
18.7206
18.7611
18.7798
18.7812
18.7454
18.7831
18.7567
18.7473
18.7234
18.7387
18.7126
18.7256
18.7137
18.7078
18.7254
18.7426
18.7278
18.7243
18.7464
18.7445
18.7381
18.7341
18.737
18.7503
18.7147
18.7431
18.7427
18.7148
18.7315
18.7177
18.6873
18.6453
18.6471
18.6719
18.696
18.7347
18.7545
18.7797
18.7793
18.7588
18.7493
18.7505
18.722
18.7487
18.8029
18.844
18.8966
18.9241
18.9
18.8414
18.8602
18.8791
18.8719
18.8336
18.8729
18.8625
18.8273
18.8612
18.8321
18.8572
18.8493
18.8535
18.8398
18.8427
18.8515
18.8857
18.8914
18.859
18.8928
18.888
18.877
18.8894
18.9045
18.9057
18.8905
18.8684
18.9234
18.9305
18.9241
18.9043
18.8482
18.8778
18.8999
18.8906
18.9109
18.842
18.8305
18.8217
18.8226
18.8137
18.8431
18.8628
18.8433
18.8638
18.8687
18.8678
18.9282
18.8935
18.8943
18.905
18.9254
18.9575
18.9318
18.9532
18.9794
18.9903
18.9891
18.9982
18.9884
18.9566
18.9011
18.9428
18.9871
19.0553
19.0228
18.9852
19.0222
19.0205
19.0745
19.1393
19.1297
19.0852
19.0762
19.1142
19.0884
19.0312
19.0373
19.0931
19.1176
19.1476
19.1381
19.0941
19.0892
19.0626
19.0819
19.1118
19.0931
19.065
19.0523
19.0655
19.0987
19.0846
19.122
19.1072
19.0994
19.0864
19.0616
19.0263
18.998
18.9226
18.9601
18.9421
18.957
18.9432
18.9655
18.9728
19.0025
18.9769
18.9835
18.9872
18.9857
18.9844
18.9879
19.0075
18.9961
18.9727
18.9462
19.0007
18.9897
19.002
19.0412
19.0515
19.0913
19.0712
19.0602
19.0382
19.0095
19.0253
19.0334
18.9799
18.9933
19.0216
19.0496
19.1175
19.1172
19.1271
19.1545
19.1868
19.1788
19.2093
19.2386
19.233
19.2511
19.2311
19.2067
19.2235
19.2841
19.2599
19.2337
19.2084
19.2264
19.1507
19.1273
19.0506
18.9909
19.0008
18.9949
19.0283
19.0575
19.0695
19.0409
19.0595
19.0445
19.025
19.0554
19.0536
19.0601
19.0645
19.088
19.0938
19.1098
19.0549
19.1298
19.1157
19.1739
19.1573
19.1333
19.1436
19.1156
19.0712
19.0315
18.9664
18.9728
18.9923
18.962
18.9275
18.9687
18.9982
18.9807
18.9128
18.9207
18.9045
18.9305
18.9459
18.9619
19.0056
18.9826
19.0115
19.0103
18.9698
18.94
18.866
18.9306
18.9289
18.919
18.9396
18.9656
18.9426
18.9127
18.9126
18.8636
18.8618
18.8388
18.8624
18.8756
18.8707
18.8928
18.896
18.8437
18.8617
18.9081
18.9048
18.9158
18.9383
18.9891
19.0149
19.0583
19.1101
19.0364
19.0189
19.0393
19.0582
19.0392
19.0376
19.1057
19.08
19.103
19.0972
19.1066
19.1657
19.1932
19.1835
19.122
19.1001
19.0857
19.0576
19.0514
19.0315
19.0801
19.1347
19.1009
19.0973
19.0656
19.01
18.9992
19.0306
19.0905
19.0511
19.0861
19.1343
19.1317
19.1779
19.2095
19.2316
19.239
19.2655
19.2791
19.2247
19.255
19.284
19.3186
19.3285
19.3515
19.3505
19.3554
19.3477
19.3745
19.4352
19.455
19.4669
19.5068
19.5217
19.5154
19.5108
19.4625
19.4645
19.4609
19.4583
19.5083
19.5311
19.5194
19.5019
19.4386
19.3366
19.3105
19.2773
19.3002
19.3213
19.3374
19.3308
19.3492
19.3414
19.3229
19.3402
19.3385
19.3114
19.3022
19.2827
19.2579
19.2891
19.3315
19.3033
19.3195
19.289
19.2669
19.3319
19.3857
19.4036
19.3353
19.364
19.3512
19.3583
19.3742
19.3677
19.3918
19.4288
19.4533
19.4301
19.4298
19.4046
19.466
19.4158
19.4291
19.4889
19.4963
19.5118
19.4935
19.4845
19.4881
19.4851
19.4968
19.4075
19.4206
19.4395
19.4499
19.4639
19.4345
19.4176
19.4873
19.5309
19.5473
19.5685
19.5876
19.6206
19.6129
19.6149
19.6168
19.6066
19.6273
19.6632
19.6746
19.658
19.6891
19.7166
19.6636
19.6883
19.6985
19.6667
19.6854
19.648
19.6105
19.6193
19.6103
19.5844
19.5984
19.5519
19.5611
19.6235
19.6822
19.6297
19.6185
19.5889
19.6112
19.6078
19.5571
19.5975
19.5995
19.616
19.5873
19.5946
19.5744
19.5665
19.5652
19.5648
19.5065
19.4839
19.5317
19.5343
19.5779
19.6111
19.5304
19.5578
19.5563
19.5751
19.6078
19.6042
19.5653
19.5403
19.5525
19.5839
19.6017
19.6674
19.685
19.6478
19.6956
19.751
19.8016
19.8096
19.8355
19.8105
19.7414
19.7826
19.778
19.7885
19.8257
19.8089
19.7533
19.7279
19.697
19.7263
19.7208
19.724
19.7055
19.7003
19.7106
19.7079
19.7643
19.7633
19.7461
19.7654
19.7447
19.7392
19.7519
19.734
19.7822
19.73
19.6935
19.6765
19.7144
19.677
19.6517
19.6219
19.6687
19.6607
19.6008
19.6478
19.6754
19.674
19.7183
19.6896
19.7037
19.714
19.7059
19.7193
19.7722
19.7507
19.7991
19.8305
19.7618
19.7192
19.7129
19.6856
19.6869
19.6959
19.6393
19.5892
19.5653
19.5888
19.5855
19.4954
19.4902
19.4656
19.5119
19.549
19.5627
19.5607
19.5067
19.4516
19.4458
19.4336
19.3889
19.415
19.3984
19.4098
19.3812
19.3994
19.4069
19.4444
19.4481
19.4439
19.4863
19.4803
19.4956
19.5087
19.4964
19.4706
19.4754
19.5113
19.4451
19.4777
19.4734
19.4776
19.5313
19.5654
19.5647
19.5823
19.6034
19.6186
19.6473
19.6591
19.678
19.7296
19.7206
19.6949
19.6576
19.6757
19.6926
19.7218
19.7119
19.7722
19.8065
19.8186
19.8506
19.8142
19.8309
19.7744
19.7314
19.7183
19.7375
19.7355
19.7634
19.811
19.7853
19.7323
19.7552
19.7755
19.7526
19.6921
19.6359
19.6495
19.6091
19.6105
19.6327
19.6675
19.6806
19.7256
19.7145
19.6548
19.6864
19.6456
19.644
19.6774
19.6605
19.6369
19.6193
19.6616
19.6386
19.6639
19.615
19.6066
19.5905
19.5718
19.5649
19.4787
19.5044
19.4708
19.5065
19.5103
19.4509
19.4117
19.4605
19.4973
19.5224
19.57
19.5452
19.5173
19.5713
19.5373
19.5422
19.5305
19.519
19.5451
19.5455
19.5791
19.6047
19.59
19.6029
19.6102
19.5963
19.537
19.5837
19.5528
19.5527
19.5398
19.5332
19.551
19.578
19.6367
19.6575
19.6517
19.6346
19.6718
19.6839
19.6792
19.6904
19.6985
19.6938
19.7429
19.6959
19.7395
19.688
19.6526
19.6505
19.6474
19.6587
19.6508
19.6711
19.6673
19.6464
19.6841
19.6879
19.6942
19.6932
19.7025
19.6607
19.65
19.7055
19.7296
19.7268
19.7489
19.7234
19.7504
19.7895
19.8181
19.8728
19.8303
19.7736
19.8055
19.8588
19.9025
19.8629
19.8465
19.8515
19.8525
19.8589
19.8252
19.8154
19.8341
19.8138
19.869
19.886
19.8602
19.8557
19.858
19.821
19.7989
19.7567
19.7169
19.6897
19.6441
19.6753
19.6568
19.7177
19.6951
19.6968
19.6436
19.5954
19.567
19.5174
19.554
19.538
19.5338
19.5702
19.5088
19.522
19.5348
19.5498
19.5619
19.5978
19.6024
19.5915
19.6202
19.5996
19.6342
19.6205
19.6841
19.6832
19.7188
19.6831
19.6249
19.6352
19.6322
19.629
19.638
19.6381
19.6503
19.6695
19.658
19.6709
19.679
19.7055
19.755
19.7616
19.7596
19.8324
19.8444
19.8162
19.8571
19.9242
19.9539
19.8764
19.8997
19.9036
19.9125
19.8525
19.871
19.8588
19.8101
19.7634
19.7666
19.7348
19.7243
19.7156
19.7176
19.7255
19.6634
19.6845
19.7067
19.6892
19.7243
19.7533
19.8099
19.8373
19.8469
19.8593
19.9165
19.9151
19.905
19.8639
19.8605
19.8997
19.9294
19.9497
19.9909
20.0174
20.0007
19.9667
19.7977
19.772
19.7743
19.8249
19.778
19.8289
19.8248
19.833
19.7751
19.8103
19.8314
19.8022
19.8122
19.7754
19.8091
19.7737
19.7587
19.6286
19.6643
19.6494
19.6863
19.7394
19.7598
19.7814
19.7591
19.7158
19.7028
19.667
19.6763
19.6774
19.6513
19.6663
19.6968
19.6962
19.6898
19.6554
19.6852
19.705
19.6769
19.6775
19.6662
19.6541
19.6708
19.6936
19.738
19.8128
19.8472
19.8599
19.8291
19.8124
19.7997
19.7198
19.7168
19.759
19.8023
19.7611
19.8099
19.8144
19.8173
19.8038
19.7904
19.7919
19.7893
19.7315
19.6906
19.7193
19.6868
19.7086
19.6193
19.6554
19.6091
19.5592
19.5992
19.6329
19.633
19.603
19.6107
19.6274
19.5711
19.5651
19.553
19.6014
19.5782
19.6501
19.6639
19.61
19.6349
19.6447
19.6495
19.6613
19.7135
19.7021
19.6723
19.7261
19.7532
19.7804
19.6716
19.6777
19.7134
19.6903
19.6588
19.6499
19.627
19.6368
19.652
19.7066
19.7336
19.7763
19.7437
19.7249
19.6599
19.6831
19.699
19.6914
19.6323
19.611
19.6585
19.674
19.7114
19.7615
19.7551
19.7251
19.7196
19.7264
19.7242
19.7008
19.699
19.6898
19.6825
19.6933
19.6922
19.6975
19.7345
19.692
19.7053
19.6672
19.6703
19.6539
19.6718
19.6428
19.6409
19.6495
19.6535
19.654
19.6509
19.6406
19.6296
19.6711
19.6638
19.7256
19.7549
19.7908
19.7839
19.8196
19.831
19.9019
19.913
19.8945
19.8896
19.8759
19.8193
19.7789
19.7893
19.8125
19.8514
19.8473
19.7833
19.8057
19.8192
19.8175
19.8096
19.8415
19.8442
19.8315
19.8105
19.7531
19.7797
19.7459
19.7725
19.81
19.7446
19.768
19.7848
19.8046
19.8108
19.7749
19.7417
19.7277
19.7813
19.8055
19.8454
19.8379
19.831
19.8301
19.788
19.7391
19.6363
19.6094
19.5968
19.6274
19.646
19.6296
19.6291
19.6204
19.6652
19.6674
19.6598
19.6358
19.6424
19.6595
19.6527
19.6501
19.7032
19.6795
19.6768
19.6921
19.7005
19.7273
19.7508
19.7496
19.7601
19.7907
19.7961
19.7608
19.77
19.7602
19.8217
19.8775
19.8883
19.8483
19.817
19.8459
19.8309
19.8468
19.8699
19.9032
19.8728
19.8467
19.9103
19.9177
19.9606
19.9757
19.9504
19.9584
19.9738
19.9212
19.9186
19.8894
19.9469
19.9593
19.9877
19.9606
19.9407
19.9538
19.9409
19.9532
19.9265
19.919
19.8818
19.8124
19.8352
19.8353
19.8335
19.8518
19.9084
19.8968
19.9057
19.8759
19.9107
19.865
19.828
19.8516
19.8739
19.7946
19.797
19.7382
19.7499
19.7648
19.843
19.8971
19.8655
19.8491
19.8559
19.8324
19.8641
19.8646
19.8975
19.8955
19.9339
19.9336
19.9873
20.0251
19.9702
19.9203
19.9108
19.9014
19.8913
19.8107
19.7726
19.599
19.6218
19.6262
19.6584
19.6247
19.6269
19.6548
19.6934
19.6694
19.6728
19.6362
19.6249
19.6451
19.6464
19.6539
19.6376
19.6599
19.6319
19.6563
19.6735
19.6754
19.6852
19.6738
19.6906
19.6829
19.6895
19.7309
19.6557
19.7026
19.7427
19.7471
19.7081
19.6986
19.7094
19.6644
19.6861
19.6515
19.6597
19.6533
19.5877
19.5509
19.5469
19.5355
19.4935
19.495
19.501
19.5091
19.5368
19.521
19.5192
19.6024
19.6498
19.6458
19.6514
19.6268
19.6558
19.6548
19.6543
19.7038
19.6763
19.5975
19.6322
19.6284
19.6091
19.6028
19.5899
19.5478
19.4844
19.4993
19.4235
19.402
19.3506
19.382
19.3807
19.3954
19.3741
19.4077
19.4093
19.4521
19.5008
19.4428
19.4183
19.4108
19.4252
19.4504
19.4868
19.4826
19.5539
19.5278
19.5336
19.5361
19.5797
19.5581
19.5779
19.5507
19.5865
19.5825
19.628
19.6441
19.6601
19.6158
19.6163
19.571
19.5853
19.5891
19.5923
19.5861
19.5768
19.6141
19.6315
19.5949
19.6421
19.5943
19.6206
19.6468
19.6324
19.6015
19.6384
19.6763
19.6229
19.6025
19.5076
19.5179
19.5229
19.5444
19.515
19.5553
19.5808
19.5812
19.5474
19.575
19.6017
19.568
19.5458
19.5064
19.5618
19.5238
19.5346
19.5383
19.5377
19.5744
19.5421
19.5208
19.522
19.5192
19.5198
19.4879
19.4652
19.4688
19.4444
19.4365
19.4144
19.4459
19.4827
19.4875
19.4761
19.508
19.417
19.3445
19.3268
19.3208
19.3378
19.3431
19.2974
19.2503
19.2365
19.2415
19.2685
19.2381
19.2157
19.1957
19.1337
19.1182
19.131
19.0685
19.0747
19.08
19.1189
19.0605
19.0245
18.9941
18.9651
18.9835
19.023
19.0186
19.0057
19.0617
19.0569
19.074
19.023
19.0333
19.0468
19.0119
19.0185
19.0527
19.0743
19.1175
19.1265
19.1339
19.0992
19.1229
19.1292
19.0519
18.9635
18.9761
18.9839
18.9559
19.0019
18.9492
18.9682
18.9909
18.9094
18.9145
18.8936
18.8875
18.8639
18.8908
18.8446
18.8124
18.7659
18.7493
18.7667
18.7746
18.7389
18.7217
18.6764
18.6905
18.7321
18.7764
18.7612
18.745
18.7552
18.7454
18.7451
18.7648
18.7489
18.743
18.7113
18.6763
18.5995
18.6175
18.557
18.4987
18.4787
18.4417
18.4123
18.4167
18.3675
18.39
18.4153
18.4265
18.3925
18.3958
18.3939
18.3855
18.3566
18.2822
18.2734
18.2211
18.2461
18.2741
18.2635
18.2305
18.1971
18.2059
18.2394
18.2839
18.3076
18.3239
18.3167
18.3524
18.3703
18.3609
18.3494
18.3897
18.3511
18.3883
18.3578
18.407
18.421
18.4364
18.4774
18.5039
18.5344
18.5357
18.4841
18.5063
18.4513
18.4688
18.4284
18.4177
18.4358
18.4241
18.4373
18.4354
18.4524
18.447
18.423
18.4029
18.4305
18.4674
18.4429
18.4584
18.497
18.5046
18.5632
18.6078
18.588
18.5383
18.5583
18.582
18.5586
18.5677
18.6122
18.6294
18.5896
18.5789
18.5493
18.4947
18.5536
18.5743
18.5774
18.5982
18.5649
18.5684
18.5787
18.5614
18.5169
18.5249
18.5209
18.5401
18.5278
18.5846
18.5935
18.5784
18.5965
18.649
18.6741
18.6251
18.6097
18.6398
18.6837
18.6782
18.6251
18.6519
18.7071
18.7155
18.686
18.6287
18.649
18.6942
18.7183
18.7788
18.8205
18.816
18.7881
18.7673
18.6802
18.6739
18.6531
18.6351
18.6561
18.5858
18.6125
18.6109
18.633
18.6001
18.6071
18.6275
18.6372
18.6661
18.6282
18.6026
18.6558
18.6952
18.6959
18.6772
18.6966
18.7311
18.6976
18.7131
18.7017
18.6938
18.6704
18.6639
18.7242
18.7159
18.7446
18.7746
18.7853
18.73
18.7568
18.786
18.8368
18.8817
18.9115
18.9254
18.8785
18.8853
18.9053
18.9378
18.978
18.95
18.9012
18.8769
18.8558
18.8261
18.8187
18.8295
18.8295
18.8166
18.7957
18.8098
18.8671
18.8927
18.8946
18.9637
18.8941
18.8998
18.9264
18.8659
18.8786
18.8612
18.8457
18.8444
18.8662
18.919
18.9463
18.9829
18.933
18.9659
19.0064
18.9381
18.9801
18.9752
18.9551
18.9447
18.9825
18.9845
19.0091
18.9796
18.9514
18.9462
18.9727
18.9805
19.0154
18.9856
18.9852
18.9605
18.9658
18.9991
19.0073
18.9998
19.0313
19.0708
19.1083
19.1147
19.0481
19.0934
19.0977
19.13
19.1347
19.1289
19.139
19.1117
19.092
19.103
19.1433
19.0592
18.9933
18.9657
18.9856
18.9499
19.0063
18.9064
18.8396
18.7602
18.7611
18.732
18.7526
18.7312
18.7715
18.7471
18.7588
18.7461
18.8026
18.8207
18.7913
18.7097
18.7264
18.7193
18.7239
18.7354
18.6987
18.6853
18.6642
18.6602
18.6706
18.6349
18.6692
18.6789
18.7124
18.7038
18.6915
18.7246
18.7498
18.7736
18.7691
18.7589
18.7703
18.7702
18.7859
18.787
18.7867
18.7615
18.7682
18.8289
18.8633
