0
2.02376
2.04905
1.88135
1.93098
1.767
1.83082
1.68857
1.76789
1.61745
1.71716
1.56303
1.66123
1.51714
1.63248
1.50426
1.61699
1.49017
1.61721
1.4777
1.61293
1.47978
1.62019
1.48413
1.62375
1.49474
1.64438
1.50562
1.66586
1.54234
1.69581
1.56093
1.71641
1.57574
1.73428
1.59131
1.7612
1.61915
1.78261
1.63932
1.80511
1.65626
1.82867
1.67972
1.84977
1.69593
1.87219
1.71814
1.89395
1.73762
1.90802
1.75153
1.93166
1.76791
1.94344
1.77922
1.96015
1.79335
1.97096
1.80777
1.98756
1.82015
2.00197
1.83592
2.01321
1.84265
2.02883
1.86115
2.04721
1.87207
2.05375
1.886
2.07013
1.89862
2.08735
1.91038
2.10024
1.92537
2.11704
1.93865
2.12977
1.95111
2.14035
1.9569
2.15318
1.96328
2.15988
1.97736
2.16503
1.98431
2.17586
1.99728
2.1951
2.01387
2.20126
2.01065
2.20614
2.02098
2.21601
2.02411
2.21693
2.03229
2.22904
2.04122
2.23712
2.04889
2.24933
2.05738
2.25465
2.06468
2.25304
2.06368
2.25717
2.06552
2.26537
2.06122
2.25919
2.06137
2.26105
2.06941
2.26974
2.08315
2.28181
2.08024
2.28074
2.0852
2.28533
2.0909
2.29225
2.09705
2.2987
2.10124
2.29623
2.10568
2.31338
2.11623
2.31881
2.12311
2.32496
2.12971
2.32915
2.12968
2.32633
2.13081
2.33597
2.13623
2.34056
2.13856
2.34122
2.14273
2.34936
2.15112
2.35278
2.15473
2.35221
2.15745
2.35276
2.15075
2.35301
2.14469
2.35333
2.15255
2.35645
2.15116
2.35409
2.15383
2.35627
2.16449
2.36248
2.16365
2.36839
2.16527
2.3662
2.16169
2.36434
2.16407
2.3664
2.15668
2.35852
2.15231
2.35697
2.15619
2.36043
2.16042
2.36316
2.16196
2.3621
2.15606
2.35644
2.14919
2.35458
2.15126
2.35388
2.15524
2.35909
2.15584
2.3581
2.15667
2.36387
2.1644
2.37021
2.16578
2.36963
2.17005
2.36934
2.16109
2.36922
2.16367
2.37782
2.17681
2.37888
2.17054
2.37918
2.17469
2.37903
2.17453
2.38258
2.17808
2.38142
2.18336
2.38499
2.17648
2.37794
2.17222
2.37948
2.17517
2.3828
2.17982
2.38768
2.18245
2.38618
2.18318
2.38898
2.18002
2.38583
2.18115
2.38768
2.18236
2.38611
2.18252
2.39264
2.18464
2.39296
2.18256
2.38358
2.18244
2.39162
2.18686
2.38819
2.18089
2.3824
2.18336
2.38687
2.18522
2.39198
2.18525
2.39226
2.19664
2.40084
2.1982
2.40317
2.1953
2.39814
2.19459
2.40364
2.19813
2.40485
2.1969
2.40222
2.19437
2.40253
2.19471
2.40126
2.1958
2.40453
2.19907
2.39818
2.19141
2.39732
2.18913
2.39532
2.19297
2.39641
2.1859
2.39323
2.19048
2.39454
2.18647
2.40076
2.19102
2.39443
2.18689
2.39737
2.19625
2.40455
2.1965
2.40412
2.20031
2.40417
2.19484
2.40204
2.19386
2.39956
2.19444
2.40265
2.19291
2.39915
2.19577
2.39905
2.18925
2.39438
2.18928
2.39767
2.19043
2.39641
2.19075
2.3932
2.18568
2.38819
2.18615
2.39115
2.185
2.38995
2.18175
2.39092
2.19054
2.38991
2.18246
2.38797
2.18491
2.39031
2.18098
2.38826
2.18274
2.38431
2.18583
2.38823
2.1831
2.38578
2.17748
2.38294
2.18184
2.38809
2.18558
2.3931
2.19314
2.40407
2.19891
2.39954
2.17931
2.38829
2.18732
2.39646
2.19228
2.40014
2.19499
2.40189
2.19822
2.40171
2.19267
2.39873
2.19185
2.39349
2.18049
2.38541
2.17713
2.38262
2.17808
2.38763
2.17869
2.38391
2.18173
2.3902
2.18398
2.3912
2.18759
2.39395
2.18449
2.3916
2.18683
2.38953
2.17944
2.38958
2.18032
2.38663
2.18746
2.39154
2.18437
2.39113
2.18906
2.39081
2.18294
2.38237
2.17651
2.38363
2.1799
2.38648
2.18405
2.39348
2.18861
2.39668
2.18294
2.38567
2.18121
2.3881
2.18229
2.3915
2.1818
2.39377
2.18041
2.38858
2.17493
2.38645
2.18143
2.38992
2.1872
2.38892
2.17954
2.39027
2.18385
2.39149
2.18823
2.39349
2.19274
2.39497
2.18829
2.39363
2.1882
2.39552
2.18844
2.39933
2.19458
2.4027
2.2003
2.40513
2.19972
2.40202
2.19411
2.39778
2.1916
2.39319
2.18742
2.38934
2.18387
2.39109
2.18078
2.37861
2.17379
2.37825
2.17564
2.38347
2.18131
2.38854
2.18849
2.39727
2.19416
2.39982
2.19378
2.39729
2.19046
2.39716
2.19499
2.40376
2.20139
2.41035
2.19967
2.40352
2.19631
2.40531
2.19033
2.39625
2.18899
2.39874
2.19461
2.39824
2.19387
2.39464
2.18667
2.39676
2.19243
2.3974
2.19106
2.38646
2.17755
2.38203
2.17569
2.38444
2.18024
2.38647
2.18493
2.38482
2.17588
2.38017
2.17185
2.3783
2.16935
2.37729
2.17533
2.38406
2.17803
2.38918
2.18329
2.39018
2.18377
2.38733
2.18058
2.38429
2.18468
2.39288
2.18819
2.39519
2.19102
2.38986
2.18658
2.39152
2.18353
2.38524
2.17809
2.38417
2.175
2.38324
2.17605
2.38487
2.17898
2.38013
2.17922
2.38372
2.1795
2.38599
2.18038
2.38391
2.18046
2.38407
2.18561
2.39733
2.19041
2.39589
2.1857
2.39187
2.19178
2.39624
2.19259
2.39989
2.19418
2.40188
2.18983
2.39085
2.182
2.3874
2.17993
2.38316
2.17814
2.38382
2.18399
2.38953
2.19224
2.40503
2.20102
2.40912
2.20834
2.41069
2.20096
2.40445
2.19621
2.40126
2.19389
2.39281
2.18378
2.39152
2.19095
2.39243
2.18507
2.39197
2.1907
2.39345
2.18748
2.39265
2.18833
2.40121
2.18974
2.39582
2.19393
2.39466
2.19169
2.39586
2.19312
2.40289
2.18958
2.39409
2.1881
2.39532
2.18744
2.38655
2.1813
2.38814
2.18174
2.38825
2.18544
2.39433
2.19123
2.39212
2.18414
2.3956
2.18441
2.38879
2.1835
2.38782
2.187
2.39436
2.18843
2.39363
2.19469
2.3982
2.19157
2.3928
2.19151
2.39951
2.194
2.39361
2.18994
2.39421
2.18315
2.3913
2.19069
2.39544
2.18321
2.38878
2.17479
2.38312
2.17964
2.38642
2.1823
2.38317
2.17041
2.38247
2.18257
2.38825
2.18682
2.38921
2.18882
2.39632
2.19567
2.40397
2.19794
2.40741
2.19944
2.41054
2.20362
2.40752
2.19272
2.39589
2.18941
2.39847
2.19349
2.39813
2.18924
2.39131
2.19335
2.39793
2.18941
2.38977
2.19045
2.39374
2.19347
2.40127
2.19542
2.40243
2.19389
2.3942
2.19353
2.39396
2.18608
2.39434
2.18762
2.38708
2.18543
2.38924
2.18316
2.38596
2.18501
2.38505
2.17632
2.38366
2.17606
2.38585
2.18288
2.38636
2.17991
2.38773
2.1895
2.40131
2.20067
2.40913
2.1992
2.40466
2.1959
2.39899
2.1903
2.3953
2.1878
2.39893
2.19319
2.39674
2.19016
2.39457
2.19051
2.40004
2.19453
2.39924
2.19565
2.40489
2.19707
2.40152
2.19197
2.40167
2.1944
2.39562
2.18713
2.39694
2.18646
2.39491
2.19281
2.40195
2.1962
2.40545
2.19964
2.40181
2.19716
2.39986
2.18923
2.39699
2.19437
2.39702
2.19197
2.40075
2.19076
2.3954
2.1935
2.40077
2.19467
2.39801
2.19615
2.40201
2.19671
2.4039
2.19616
2.40206
2.19633
2.4054
2.19894
2.41239
2.20008
2.40474
2.20071
2.4019
2.18561
2.39151
2.18279
2.38971
2.18565
2.39102
2.18028
2.38559
2.18058
2.38471
2.18176
2.38026
2.17395
2.3811
2.17571
2.37909
2.17545
2.38536
2.176
2.37474
2.16656
2.37831
2.17544
2.38475
2.18337
2.38908
2.18515
2.38954
2.17936
2.38586
2.18183
2.39058
2.17893
2.38478
2.17851
2.38332
2.17735
2.38979
2.18294
2.38499
2.18435
2.39004
2.18449
2.38441
2.18224
2.39165
2.18525
2.39097
2.1855
2.39315
2.18695
2.39116
2.18515
2.39369
2.19468
2.40481
2.19815
2.39805
2.19451
2.39706
2.19378
2.3981
2.193
2.39881
2.18893
2.39379
2.18918
2.3973
2.19212
2.39684
2.19439
2.4
2.197
2.40664
2.19925
2.40104
2.19583
2.39997
2.19394
2.40221
2.19255
2.39657
2.19476
2.39362
2.19425
2.40306
2.19319
2.39712
2.19024
2.39822
2.196
2.4019
2.19929
2.39956
2.19573
2.3909
2.18525
2.3873
2.182
2.38694
2.17946
2.38948
2.18719
2.39574
2.18629
2.39312
2.18328
2.39021
2.18238
2.37941
2.17348
2.38021
2.17843
2.38663
2.1817
2.39108
2.18828
2.39914
2.1856
2.39436
2.18892
2.39335
2.18612
2.39244
2.18395
2.38877
2.17777
2.38732
2.18165
2.38828
2.18359
2.38976
2.18384
2.39731
2.19769
2.39859
2.18999
2.39344
2.19114
2.39568
2.19086
2.39865
2.19514
2.3978
2.19119
2.39537
2.18867
2.3967
2.19326
2.40218
2.19184
2.39895
2.19791
2.40295
2.2013
2.40994
2.1981
2.40392
2.19555
2.40062
2.19825
2.4098
2.1968
2.40173
2.19566
2.39451
2.18927
2.40058
2.19656
2.40718
2.1975
2.40159
2.19393
2.40068
2.19598
2.3981
2.1936
2.39453
2.19101
2.39983
2.18828
2.39042
2.18616
2.39058
2.18682
2.39539
2.18816
2.39764
2.18937
2.38859
2.18474
2.38614
2.1813
2.38581
2.18388
2.3882
2.18218
2.39147
2.18723
2.39038
2.18993
2.40512
2.1976
2.40221
2.19568
2.40528
2.19608
2.39461
2.18562
2.39356
2.19092
2.39721
2.19919
2.40872
2.20025
2.40273
2.19069
2.39587
2.19089
2.3979
2.19479
2.40029
2.19056
2.40019
2.19704
2.40531
2.19686
2.40779
2.19861
2.40706
2.19878
2.40449
2.20302
2.41065
2.20101
2.40548
2.20124
2.4113
2.20451
2.40661
2.19691
2.40516
2.19891
2.40303
2.19393
2.39975
2.19925
2.40258
2.19837
2.4033
2.19198
2.39342
2.19225
2.39494
2.19102
2.3959
2.19146
2.40014
2.19198
2.40084
2.19979
2.4003
2.19778
2.39798
2.18755
2.39619
2.1851
2.38788
2.17473
2.38222
2.17863
2.38491
2.17789
2.38552
2.18152
2.38659
2.18735
2.39423
2.1904
2.3945
2.19003
2.39641
2.19669
2.39942
2.19144
2.40373
2.19778
2.39928
2.18811
2.39259
2.18762
2.3894
2.18456
2.38901
2.18258
2.38696
2.18544
2.39401
2.18088
2.38979
2.18554
2.38851
2.17691
2.38223
2.18084
2.39616
2.19362
2.39807
2.1936
2.39466
2.1834
2.38523
2.17366
2.38737
2.1757
2.38416
2.1718
2.37728
2.17608
2.38113
2.17641
2.38231
2.18496
2.38277
2.17753
2.38838
2.1836
2.38865
2.18428
2.38869
2.1839
2.39386
2.18181
2.39329
2.18879
2.38651
2.18126
2.38718
2.18009
2.38778
2.18736
2.38699
2.18076
2.39328
2.18758
2.39647
2.18713
2.38877
2.18197
2.39096
2.18878
2.39839
2.19526
2.3974
2.18911
2.39382
2.19201
2.39585
2.19501
2.40197
2.18734
2.39626
2.18806
2.39084
2.18474
2.39032
2.18456
2.3906
2.18078
2.38567
2.18469
2.39305
2.18805
2.39258
2.18943
2.39382
2.18945
2.40327
2.19815
2.40215
2.19436
2.40061
2.18913
2.39505
2.19169
2.39188
2.18349
2.39202
2.1877
2.3964
2.19081
2.39723
2.19116
2.39654
2.1917
2.39455
2.18785
2.38963
2.18535
2.38604
2.18731
2.39958
2.19425
2.3946
2.18116
2.39017
2.17864
2.38411
2.17625
2.38895
2.18464
2.38828
2.18951
2.39479
2.1865
2.39583
2.18858
2.39036
2.18463
2.39059
2.18047
2.38605
2.18136
2.38933
2.18015
2.38706
2.18422
2.38967
2.1772
2.38275
2.18106
2.38656
2.18039
2.39029
2.1849
2.3943
2.18609
2.39117
2.19028
2.39224
2.18343
2.39554
2.19053
2.3929
2.18618
2.39019
2.18993
2.3947
2.19127
2.39598
2.18943
2.39277
2.1901
2.3968
2.193
2.39734
2.18601
2.39507
2.18538
2.39141
2.18263
2.39624
2.19157
2.39882
2.19489
2.40047
2.20044
2.40066
2.19415
2.40141
2.19166
2.39603
2.18373
2.38765
2.17786
2.38413
2.1829
2.39139
2.18531
2.39128
2.18703
2.39618
2.18712
2.394
2.189
2.39182
2.18246
2.38782
2.18209
2.38725
2.17504
2.3782
2.17318
2.37946
2.1837
2.38892
2.18797
2.39285
2.18323
2.39077
2.17821
2.39188
2.18867
2.39519
2.18594
2.38624
2.18118
2.39162
2.18119
2.38356
2.18492
2.38588
2.17984
2.38677
2.18714
2.39552
2.18949
2.39826
2.19304
2.3976
2.18816
2.40178
2.19059
2.39978
2.19909
2.40338
2.19764
2.39689
2.19589
2.40107
2.19944
2.40572
2.20223
2.40692
2.19683
2.40343
2.20046
2.40454
2.19379
2.40086
2.18815
2.39556
2.19112
2.39901
2.19208
2.3974
2.1792
2.38259
2.17979
2.38518
2.18154
2.3868
2.18203
2.39119
2.18645
2.39509
2.18673
2.3889
2.18221
2.39106
2.18224
2.38555
2.17769
2.38775
2.17962
2.38842
2.18354
2.39159
2.18852
2.39426
2.19432
2.39676
2.18966
2.3972
2.19008
2.39407
2.19019
2.39547
2.19154
2.39661
2.18987
2.39991
2.19604
2.40243
2.19281
2.4004
2.19175
2.39185
2.18758
2.39039
2.18538
2.38898
2.18424
2.39489
2.18774
2.3959
2.18842
2.39607
2.18749
2.38939
2.18114
2.38611
2.18474
2.3952
2.1923
2.40138
2.18951
2.40046
2.19789
2.40483
2.20743
2.41062
2.20352
2.40722
2.20058
2.4012
2.18998
2.38975
2.1844
2.38753
2.18325
2.38599
2.18116
2.3848
2.17938
2.39061
2.18115
2.38977
2.18238
2.39278
2.18804
2.3994
2.19177
2.39723
2.18995
2.40014
2.19414
2.39941
2.19496
2.39509
2.18415
2.38656
2.1835
2.3894
2.18671
2.39344
2.18976
2.39204
2.18842
2.39184
2.18506
2.39371
2.1911
2.40207
2.19178
2.40024
2.19605
2.40198
2.19737
2.40485
2.19629
2.40277
2.19699
2.39953
2.19125
2.39842
2.19457
2.39959
2.18878
2.39579
2.1874
2.38885
2.18388
2.3894
2.18546
2.38584
2.17899
2.3866
2.17948
2.38493
2.18309
2.38973
2.18722
2.39401
2.19327
2.39956
2.18849
2.39558
2.19579
2.39852
2.19298
2.39614
2.19149
2.39454
2.18621
2.39391
2.18726
2.38908
2.18896
2.39705
2.18601
2.38816
2.18232
2.38765
2.18283
2.3911
2.18186
2.39257
2.1901
2.39696
2.18986
2.39675
2.18769
2.39127
2.18618
2.39114
2.18268
2.39136
2.18274
2.38896
2.18351
2.3866
2.18509
2.38916
2.1868
2.3927
2.18136
2.38491
2.18151
2.39127
2.18519
2.39471
2.19532
2.40186
2.18968
2.39791
2.19361
2.39216
2.18825
2.39428
2.19117
2.39731
2.18419
2.39038
2.18339
2.38965
2.18854
2.39807
2.18796
2.39174
2.1863
2.39062
2.18647
2.38761
2.18188
2.38319
2.17729
2.37958
2.17804
2.38769
2.18307
2.38676
2.17726
2.38317
2.17313
2.38763
2.18204
2.39446
2.18915
2.39978
2.18936
2.39605
2.19259
2.39883
2.1916
2.40242
2.19549
2.40123
2.19241
2.38753
2.17704
2.3872
2.185
2.39334
2.18636
2.39109
2.18682
2.39246
2.18956
2.39675
2.18786
2.39514
2.1913
2.3979
2.19471
2.40012
2.19182
2.39721
2.197
2.40667
2.19925
2.4082
2.1953
2.40082
2.19922
2.4021
2.19936
2.40149
2.19073
2.39551
2.18696
2.39546
2.19339
2.39971
2.19259
2.39835
2.18774
2.39144
2.17711
2.38369
2.17499
2.38882
2.17941
2.38141
2.17897
2.38671
2.18198
2.38718
2.17913
2.38153
2.17805
2.38289
2.174
2.38215
2.18145
2.38502
2.17834
2.38378
2.18231
2.3847
2.17209
2.37726
2.17874
2.3901
2.1842
2.38945
2.18625
2.39167
2.18872
2.38769
2.184
2.38781
2.18558
2.39399
2.18671
2.39402
2.17622
2.38337
2.17312
2.38032
2.17803
2.38188
2.17561
2.38582
2.17762
2.38074
2.17723
2.39187
2.18639
2.39439
2.19089
2.39583
2.1934
2.40059
2.1914
2.39922
2.19253
2.39871
2.19183
2.39495
2.18314
2.38955
2.18433
2.39094
2.18414
2.38557
2.17889
2.38038
2.1723
2.37901
2.17887
2.3898
2.1882
2.39647
2.18931
2.39811
2.1949
2.40308
2.19661
2.40356
2.19117
2.39032
2.18725
2.38796
2.17901
2.38375
2.18274
2.38598
2.17947
2.39053
2.19136
2.393
2.18576
2.38767
2.18429
2.39052
2.19094
2.39826
2.19096
2.39547
2.19192
2.39743
2.1878
2.39344
2.1929
2.39471
2.19421
2.39885
2.17972
2.38461
2.18275
2.38607
2.18156
2.38769
2.18716
2.39369
2.1839
2.38471
2.179
2.38313
2.17898
2.38264
2.17824
2.38965
2.18499
2.39187
2.18182
2.38732
2.18323
2.39408
2.18676
2.38892
2.1859
2.39383
2.19055
2.39657
2.19241
2.40084
2.19481
2.40547
2.20429
2.4047
2.19446
2.39611
2.19175
2.39629
2.19176
2.39934
2.19449
2.40463
2.19625
2.40187
2.2014
2.41113
2.20144
2.40642
2.20269
2.40176
2.19803
2.39875
2.18175
2.38474
2.17223
2.38173
2.17951
2.3858
2.18079
2.38853
2.17946
2.38092
2.17835
2.38387
2.18205
2.3868
2.1801
2.39165
2.18126
2.38534
2.18171
2.38447
2.17942
2.38595
2.18022
2.38856
2.18095
2.38857
2.1838
2.38462
2.1807
2.38589
2.18182
2.38273
2.17873
2.38968
2.18439
2.39466
2.19039
2.39609
2.19279
2.40433
2.19498
2.40209
2.19721
2.3964
2.188
2.39769
2.19177
2.40126
2.19622
2.39175
2.18473
2.39542
2.18875
2.39379
2.18548
2.39167
2.18315
2.38908
2.18041
2.38284
2.18098
2.38605
2.17961
2.38967
2.18626
2.39044
2.17938
2.38504
2.17857
2.38355
2.17301
2.36779
2.16586
2.37311
2.1705
2.38297
2.18355
2.39866
2.18502
2.39401
2.18968
2.39605
2.19592
2.40033
2.19293
2.39946
2.19589
2.39928
2.19253
2.394
2.18259
2.38969
2.18621
2.3888
2.18112
2.38744
2.18376
2.38768
2.18318
2.39238
2.18654
2.38788
2.18759
2.39498
2.19133
2.39349
2.1875
2.38964
2.18089
2.38847
2.18992
2.39814
2.19053
2.3956
2.19542
2.39245
2.18864
2.39436
2.19043
2.39899
2.19791
2.40264
2.19845
2.40488
2.19016
2.39507
2.19598
2.40642
2.19847
2.40287
2.19276
2.40059
2.19839
2.39566
2.19041
2.39961
2.18748
2.3871
2.18559
2.39434
2.18675
2.38701
2.18266
2.38593
2.18617
2.39394
2.18263
2.38486
2.18252
2.39005
2.1795
2.38667
2.18307
2.38824
2.17856
2.38584
2.17806
2.38329
2.17989
2.38526
2.17567
2.37532
2.16432
2.37532
2.17178
2.37782
2.17246
2.38341
2.17715
2.37994
2.17542
2.38495
2.18371
2.3867
2.1884
2.3982
2.18628
2.39089
2.18725
2.39277
2.18848
2.39408
2.18886
2.39789
2.19057
2.39575
2.19145
2.39566
2.19358
2.39511
2.19063
2.38706
2.18378
2.38381
2.17661
2.384
2.18075
2.38477
2.17761
2.3886
2.1874
2.39717
2.18799
2.39278
2.18764
2.3959
2.19214
2.39325
2.18805
2.39638
2.19082
2.39238
2.18308
2.39104
2.18285
2.38659
2.17852
2.38293
2.17634
2.38135
2.17113
2.37682
2.16944
2.37369
2.16597
2.37287
2.16942
2.38352
2.18235
2.38263
2.18145
2.39061
2.1843
2.39573
2.18881
2.3962
2.18641
2.39567
2.1882
2.39622
2.18944
2.39559
2.20167
2.4042
2.20556
2.41362
2.20611
2.41057
2.20453
2.41145
2.20505
2.41192
2.20648
2.41023
2.20881
2.41267
2.20664
2.41457
2.20933
2.41202
2.20073
2.4052
2.19891
2.40478
2.19842
2.40492
2.20233
2.40426
2.19685
2.40385
2.19203
2.39543
2.19054
2.40027
2.20013
2.40926
2.20145
2.41422
2.20208
2.40603
2.1969
2.39679
2.18666
2.39552
2.18842
2.39243
2.1877
2.39108
2.18493
2.39288
2.19268
2.39248
2.18923
2.39432
2.18812
2.3936
2.18908
2.39237
2.18482
2.38926
2.17941
2.38792
2.18416
2.39258
2.18661
2.39229
2.18802
2.39518
2.18923
2.3908
2.19093
2.39885
2.19162
2.3939
2.19213
2.40069
2.19568
2.40039
2.19972
2.40695
2.20269
2.40783
2.19842
2.4061
2.19758
2.40035
2.19082
2.39852
2.19401
2.403
2.19994
2.4091
2.19741
2.40135
2.18976
2.39372
2.1894
2.39193
2.18588
2.38984
2.18363
2.38794
2.18059
2.38616
2.18492
2.38931
2.1932
2.39527
2.19125
2.40211
2.19599
2.40343
2.1975
2.40098
2.19496
2.40947
2.20269
2.40305
2.194
2.40096
2.19534
2.39694
2.1939
2.3967
2.18673
2.39214
2.18719
2.39129
2.1785
2.37925
2.17011
2.37669
2.1765
2.37939
2.17284
2.38094
2.17621
2.38127
2.17804
2.3839
2.18309
2.39664
2.18437
2.39194
2.18485
2.39255
2.18081
2.38892
2.18818
2.39776
2.19409
2.39631
2.18309
2.38844
2.18197
2.38686
2.18711
2.39152
2.18559
2.39452
2.1924
2.39686
2.18812
2.38983
2.18631
2.39493
2.18801
2.39701
2.19247
2.40027
2.18665
2.39365
2.19038
2.39172
2.18748
2.39093
2.18528
2.39593
2.19639
2.39907
2.19665
2.39843
2.19637
2.40718
2.19689
2.39825
2.18865
2.39565
2.18715
2.39146
2.18578
2.39328
2.18675
2.3989
2.19177
2.38935
2.18261
2.3881
2.18557
2.39503
2.18389
2.39431
2.19263
2.39573
2.1943
2.39569
2.19016
2.39506
2.19189
2.39755
2.19033
2.39407
2.19011
2.39764
2.19161
2.39565
2.18787
2.38989
2.17401
2.37684
2.17093
2.38189
2.17831
2.38359
2.18396
2.39066
2.18903
2.39675
2.192
2.39464
2.19329
2.4006
2.19249
2.39413
2.18204
2.3911
2.18525
2.3896
2.19069
2.39489
2.18956
2.39469
2.18339
2.39397
2.1816
2.38918
2.18679
2.3926
2.18934
2.39657
2.19579
2.39903
2.19885
2.40683
2.203
2.40184
2.19936
2.4033
2.19064
2.39613
2.19742
2.40333
2.20249
2.40964
2.2044
2.40414
2.20076
2.40272
2.19811
2.40466
2.19197
2.39839
2.19103
2.39766
2.19241
2.39413
2.1909
2.39484
2.18294
2.38578
2.18251
2.38956
2.1808
2.38691
2.18642
2.39349
2.19387
2.40412
2.19835
2.40166
2.19626
2.40164
2.18675
2.39404
2.18744
2.39441
2.18931
2.39787
2.19326
2.39869
2.19612
2.39897
2.18762
2.39307
2.18791
2.39211
2.18659
2.39662
2.18935
2.39736
2.19287
2.39978
2.19064
2.39974
2.19072
2.39252
2.18173
2.38803
2.17999
2.38918
2.185
2.3858
2.17689
2.38286
2.17605
2.38075
2.18569
2.39374
2.18973
2.39816
2.18923
2.39694
2.18767
2.39781
2.18816
2.3945
2.18367
2.38824
2.18433
2.39343
2.18222
2.39031
2.18272
2.38924
2.18255
2.39455
2.18833
2.39297
2.17977
2.39027
2.18669
2.38853
2.18483
2.38904
2.18329
2.38799
2.18548
2.39278
2.19035
2.39739
2.19152
2.39438
2.18286
2.39369
2.19057
2.39316
2.19082
2.40054
2.19136
2.4004
2.19971
2.40258
2.1958
2.39829
2.19575
2.40193
2.19371
2.39658
2.18913
2.39933
2.18419
2.39387
2.18957
2.39505
2.18848
2.38971
2.18168
2.38956
2.18478
2.39494
2.19277
2.40047
2.19554
2.39928
2.19612
2.3969
2.1983
2.4018
2.1885
2.39508
2.19115
2.40092
2.1945
2.39636
2.1925
2.40112
2.1947
2.39752
2.19172
2.3948
2.18943
2.39549
2.18508
2.39258
2.18784
2.39021
2.18523
2.38528
2.17968
2.39037
2.18514
2.38585
2.18391
2.39238
2.18958
2.39656
2.19354
2.40167
2.19545
2.39338
2.18728
2.39302
2.19313
2.39795
2.18839
2.39228
2.18862
2.39449
2.1909
2.39639
2.19067
2.40123
2.19657
2.39963
2.19236
2.39585
2.19047
2.39978
2.1902
2.39378
2.18743
2.39302
2.18332
2.38766
2.18301
2.38804
2.18331
2.37855
2.1768
2.38222
2.17338
2.38114
2.18443
2.38913
2.18664
2.39767
2.19128
2.39387
2.18323
2.39166
2.18883
2.39718
2.18903
2.39486
2.18927
2.3941
2.18726
2.3931
2.18938
2.3959
2.19325
2.39962
2.19287
2.40241
2.19622
2.40268
2.19732
2.39871
2.18911
2.39369
2.19146
2.39723
2.18932
2.39027
2.18818
2.39506
2.18958
2.39694
2.19285
2.4017
2.19399
2.40407
2.19791
2.40811
2.19835
2.40459
2.198
2.40711
2.20731
2.40835
2.18806
2.39173
2.18848
2.39739
2.1933
2.40182
2.19822
2.40652
2.19959
2.39812
2.18998
2.39722
2.18962
2.38965
2.18184
2.39055
2.18974
2.39275
2.18561
2.39948
2.19463
2.39911
2.19134
2.39263
2.18968
2.3947
2.18814
2.39256
2.18877
2.38991
2.1876
2.39443
2.18969
2.39953
2.19106
2.39495
2.18832
2.38742
2.1788
2.38909
2.17992
2.38782
2.18305
2.38897
2.18172
2.38906
2.18847
2.39418
2.18519
2.38584
2.1821
2.393
2.1811
2.39032
2.18852
2.38603
2.18015
2.38794
2.18409
2.38359
2.18457
2.39152
2.18193
2.38361
2.18279
2.3914
2.18525
2.38561
2.18678
2.39363
2.18728
2.39107
2.19004
2.39571
2.18887
2.39934
2.18829
2.39642
2.19985
2.40312
2.19583
2.39965
2.19299
2.39506
2.18672
2.39627
2.18972
2.39749
2.18962
2.39391
2.19081
2.39283
2.18957
2.39648
2.19112
2.39564
2.19344
2.39114
2.1869
2.39701
2.19095
2.3874
2.18394
2.39256
2.19108
2.39506
2.19372
2.39817
2.18289
2.38592
2.17745
2.37604
2.17213
2.38048
2.17684
2.38331
2.18109
2.38975
2.17852
2.38455
2.17852
2.38162
2.17503
2.38084
2.1755
2.38072
2.17496
2.38313
2.18109
2.39029
2.185
2.39081
2.18812
2.39242
2.18496
2.38562
2.1835
2.37731
2.17929
2.38129
2.17424
2.38487
2.18034
2.38312
2.1784
2.38186
2.17527
2.37943
2.16923
2.37668
2.17844
2.38608
2.18055
2.38726
2.17961
2.38078
2.17372
2.37732
2.16979
2.37314
2.16219
2.37346
2.17233
2.37702
2.17354
2.38419
2.18577
2.38836
2.18001
2.39235
2.18332
2.38784
2.18772
2.39632
2.18741
2.38695
2.18243
2.38703
2.18614
2.3875
2.18372
2.38667
2.18175
2.38525
2.17537
2.38154
2.17793
2.38657
2.18128
2.39226
2.18439
2.38196
2.17156
2.38061
2.18004
2.384
2.1789
2.37619
2.17487
2.38169
2.18617
2.39023
2.17784
2.38415
2.17628
2.3844
2.17926
2.38022
2.177
2.39101
2.18616
2.38917
2.1813
2.38846
2.18403
2.3918
2.18716
2.39176
2.18609
2.38719
2.1852
2.38938
2.18454
2.39113
2.19018
2.39857
2.19664
2.39633
2.19165
2.40038
2.19901
2.40092
2.20092
2.40518
2.19941
2.40023
2.19682
2.40172
2.19096
2.3967
2.19529
2.39815
2.19069
2.40223
2.19802
2.40054
2.19364
2.39722
2.19182
2.39117
2.18448
2.38975
2.18121
2.39176
2.18786
2.39242
2.19147
2.39677
2.19037
2.399
2.18681
2.39829
2.19957
2.40395
2.19758
2.39525
2.18606
2.39087
2.19048
2.39308
2.18799
2.393
2.19149
2.39642
2.19242
2.39484
2.18892
2.39798
2.18601
2.39186
2.19012
2.39181
2.18695
2.38937
2.18615
2.38868
2.18081
2.38693
2.18887
2.39725
2.18888
2.39318
2.1834
2.38626
2.17582
2.38237
2.18078
2.3852
2.17766
2.38579
2.17411
2.37991
2.18001
2.38686
2.17944
2.38639
2.1864
2.39138
2.18652
2.39172
2.19022
2.39618
2.19073
2.39679
2.19073
2.38781
2.18836
2.39618
2.19031
2.39422
2.18994
2.38901
2.18761
2.39613
2.18643
2.39243
2.18811
2.39858
2.19332
2.3972
2.19251
2.39573
2.19131
2.39649
2.19143
2.39813
2.18729
2.39557
2.18995
2.39412
2.18755
2.38626
2.18367
2.38635
2.18159
2.39033
2.18565
2.39061
2.18644
2.39305
2.19235
2.39901
2.19276
2.40013
2.19647
2.40445
2.19224
2.39697
2.18969
2.39677
2.18899
2.39642
2.18944
2.3954
2.19254
2.39147
2.18805
2.38963
2.1849
2.39506
2.1918
2.39601
2.18444
2.38763
2.18704
2.3872
2.18025
2.38176
2.17393
2.38513
2.18034
2.38969
2.19314
2.3963
2.18697
2.39719
2.18069
2.39051
2.18046
2.38514
2.18178
2.38751
2.18071
2.38801
2.18185
2.39243
2.19171
2.4035
2.19285
2.39731
2.19516
2.39989
2.19257
2.39995
2.19823
2.4044
2.19777
2.40055
2.18885
2.39466
2.1909
2.39689
2.18436
2.38935
2.19029
2.3942
2.18858
2.3981
2.19197
2.39549
2.18678
2.39019
2.18468
2.39156
2.18855
2.3918
2.18548
2.39465
2.19131
2.39294
2.18794
2.39189
2.18189
2.38781
2.17873
2.39158
2.18832
2.39154
2.18963
2.39939
2.19613
2.39874
2.19268
2.39398
2.1846
2.39523
2.19264
2.40165
2.19429
2.39832
2.19404
2.39569
2.18686
2.39075
2.18564
2.38772
2.18472
2.38201
2.18373
2.38509
2.17666
2.38168
2.1766
2.3835
2.17817
2.38352
2.1811
2.39187
2.18828
2.39572
2.19068
2.39247
2.18675
2.39778
2.1978
2.40254
2.19083
2.40253
2.19459
2.39974
2.1963
2.40237
2.19227
2.39501
2.19153
2.39521
2.18829
2.39227
2.18614
2.39639
2.1859
2.39487
2.19065
2.39729
2.18581
2.38595
2.18602
2.39102
2.18313
2.38925
2.18648
2.3897
2.17966
2.38516
2.18411
2.39191
2.18689
2.39334
2.19165
2.3989
2.18986
2.39426
2.19142
2.3967
2.19912
2.39951
2.18997
2.39307
2.18491
2.38623
2.18853
2.39767
2.18774
2.39823
2.18716
2.39656
2.18882
2.38747
2.18317
2.38718
2.18556
2.39473
2.18684
2.39421
2.18851
2.39368
2.1925
2.4002
2.18784
2.38791
2.18757
2.3923
2.19218
2.39354
2.18551
2.39649
2.18744
2.38808
2.18284
2.39037
2.18118
2.3886
2.18453
2.39291
2.18823
2.39664
2.18678
2.3907
2.186
2.39193
2.18612
2.38912
2.1859
2.39387
2.18711
2.39599
2.18885
2.39658
2.19086
2.39781
2.1895
2.39584
2.18757
2.39128
2.18528
2.39114
2.19035
2.39436
2.18618
2.38999
2.18301
2.38985
2.18693
2.39157
2.18468
2.38864
2.18466
2.39294
2.18945
2.39801
2.19004
2.39896
2.18998
2.39822
2.18917
2.39001
2.18634
2.38587
2.1781
2.38708
2.1809
2.38872
2.18402
2.39399
2.19013
2.39444
2.18946
2.39583
2.1893
2.39722
2.18589
2.39183
2.19101
2.39062
2.18568
2.39352
2.18598
2.39542
2.18835
2.39171
2.19349
2.40143
2.19001
2.40012
2.19229
2.39612
2.19387
2.39882
2.18611
2.39232
2.19043
2.39459
2.19197
2.39896
2.19499
2.39789
2.18926
2.39942
2.19174
2.39337
2.18449
2.39334
2.18379
2.39175
2.18867
2.39539
2.19747
2.40134
2.20291
2.40663
2.19695
2.39993
2.18977
2.39866
2.1919
2.39369
2.18611
2.39585
2.18298
2.39038
2.18215
2.39194
2.18409
2.39371
2.18997
2.39788
2.19008
2.39455
2.18497
2.39287
2.19062
2.39486
2.18788
2.39659
2.19145
2.39545
2.18775
2.39641
2.18962
2.396
2.19664
2.40508
2.19738
2.40528
2.19742
2.40321
2.19911
2.40072
2.18794
2.3901
2.18464
2.38825
2.18187
2.39517
2.18976
2.39231
2.18613
2.3883
2.18403
2.38874
2.1866
2.39402
2.19271
2.39872
2.19573
2.40265
2.19441
2.40139
2.20013
2.40572
2.19006
2.40146
2.19118
2.40351
2.19449
2.39874
2.18801
2.3963
2.18756
2.39308
2.18331
2.39292
2.19167
2.39043
2.18548
2.39109
2.1888
2.39926
2.19276
2.39726
2.19393
2.39895
2.19425
2.39492
2.19146
2.40182
2.19725
2.40042
2.20268
2.406
2.19671
2.40234
2.19931
2.39892
2.19329
2.40368
2.19899
2.39807
2.18917
2.39434
2.18688
2.38786
2.18694
2.39286
2.1858
2.39474
2.19406
2.3955
2.19071
2.39586
2.18971
2.39083
2.18254
2.38312
2.1868
2.39866
2.19638
2.40459
2.20057
2.40334
2.19547
2.40464
2.20682
2.41524
2.2107
2.41487
2.20279
2.40742
2.19231
2.39383
2.19412
2.40699
2.19866
2.40119
2.19746
2.40388
2.19835
2.40404
2.19797
2.40464
2.20116
2.40781
2.19919
2.40214
2.19313
2.39651
2.18481
2.39257
2.18747
2.39538
2.18609
2.39247
2.18615
2.39067
2.1837
2.39199
2.18753
2.38966
2.18573
2.39282
2.18962
2.39389
2.18592
2.3969
2.18887
2.39467
2.18921
2.39662
2.18856
2.39908
2.18578
2.39268
2.18857
2.39776
2.19132
2.39595
2.1875
2.39511
2.19201
2.39798
2.19383
2.39445
2.18968
2.40035
2.19523
2.39994
2.19203
2.39954
2.20083
2.40261
2.18978
2.39533
2.1919
2.3913
2.19262
2.40285
2.20135
2.40828
2.20083
2.41034
2.20615
2.41282
2.2067
2.41162
2.20595
2.41298
2.20945
2.41186
2.20091
2.40773
2.19707
2.40459
2.19562
2.40451
2.19905
2.40515
2.19948
2.40666
2.20301
2.40187
2.19779
2.39954
2.19902
2.39974
2.19109
2.39691
2.19083
2.40034
2.18923
2.40166
2.20106
2.40261
2.19072
2.39673
2.18511
2.39238
2.18934
2.39188
2.18877
2.3978
2.19048
2.40077
2.19546
2.40496
2.19992
2.40558
2.19928
2.40449
2.20502
2.41054
2.203
2.40288
2.1959
2.39557
2.1788
2.38342
2.17827
2.38273
2.18014
2.38943
2.18515
2.39347
2.19308
2.39913
2.19064
2.39665
2.19205
2.39901
2.19499
2.39827
2.20136
2.40582
2.19612
2.40137
2.18875
2.39197
2.18886
2.3903
2.18
2.38713
2.18635
2.39682
2.19295
2.3942
2.18459
2.39013
2.18404
2.39047
2.1807
2.38561
2.17696
2.38885
2.18257
2.38503
2.18181
2.39012
2.18616
2.39304
2.18221
2.38861
2.17747
2.38337
2.17383
2.38211
2.18047
2.38478
2.18346
2.39126
2.18814
2.39716
2.19276
2.39355
2.18286
2.38582
2.17895
2.39005
2.1839
2.39376
2.18598
2.38898
2.18633
2.39013
2.18146
2.38675
2.18292
2.38837
2.18169
2.38941
2.18693
2.39
2.18037
2.3826
2.17791
2.38053
2.17385
2.38643
2.17965
2.38487
2.18209
2.38633
2.18146
2.39089
2.18529
2.39397
2.19016
2.38998
2.1855
2.39088
2.19184
2.39545
2.18422
2.3922
2.19166
2.39814
2.18239
2.38566
2.17686
2.38229
2.17604
2.38217
2.1764
2.3813
2.17413
2.38026
2.17319
2.37988
2.17548
2.38619
2.18369
2.38903
2.18545
2.39148
2.18052
2.38949
2.1913
2.39808
2.19654
2.39773
2.19437
2.39769
2.1931
2.40043
2.18621
2.39053
2.18069
2.39022
2.18422
2.39211
2.18935
2.39618
2.18966
2.39374
2.19166
2.39788
2.1895
2.39623
2.18882
2.39348
2.18515
2.39243
2.18014
2.38373
2.18185
2.38701
2.18242
2.38948
2.18217
2.3846
2.17729
2.38675
2.18061
2.38991
2.19071
2.38912
2.19024
2.39325
2.18961
2.39832
2.19448
2.39592
2.19218
2.39972
2.19134
2.39966
2.19196
2.3959
2.18823
2.39271
2.17757
2.38828
2.17823
2.38315
2.17848
2.38887
2.17801
2.38443
2.17838
2.38414
2.18234
2.38687
2.18568
2.39392
2.18415
2.38757
2.18153
2.39015
2.18908
2.39881
2.18723
2.39394
2.18687
2.38807
2.18463
2.38889
2.18545
2.39052
2.18383
2.38566
2.18507
2.3915
2.18555
2.38817
2.18706
2.39123
2.17964
2.38617
2.17955
2.39141
2.1922
2.39794
2.19078
2.39437
2.19207
2.39535
2.18691
2.39395
2.18522
2.38633
2.17972
2.38888
2.18362
2.39231
2.19301
2.39941
2.19638
2.40264
2.19711
2.40625
2.19617
2.39586
2.18839
2.39435
2.19367
2.398
2.18661
2.38104
2.18085
2.38404
2.17647
2.3853
2.1864
2.39265
2.1851
2.38953
2.17609
2.37931
2.17254
2.37897
2.17392
2.38254
2.17792
2.39112
2.18232
2.38576
2.18393
2.39001
2.18242
2.38718
2.18522
2.39654
2.19325
2.39478
2.18524
2.39361
2.19138
2.39963
2.19041
2.39396
2.18629
2.38597
2.18267
2.39157
2.18288
2.38767
2.18436
2.38616
2.17964
2.38574
2.18375
2.38781
2.17918
2.39054
2.18322
2.38809
2.18705
2.39587
2.18775
2.39571
2.19216
2.40449
2.19501
2.39687
2.19364
2.40342
2.20502
2.41106
2.19467
2.39939
2.19867
2.40099
2.19694
2.40152
2.19773
2.40458
2.19426
2.39664
2.19155
2.3984
2.18925
2.38944
2.18726
2.39627
2.18736
2.39302
2.18996
2.39464
2.186
2.39487
2.18828
2.39275
2.18434
2.38477
2.18236
2.38716
2.17764
2.38546
2.17225
2.38505
2.17906
2.38333
2.18561
2.38687
2.18398
2.39121
2.18148
2.39195
2.1851
2.39172
2.18972
2.39866
2.19185
2.39447
2.19007
2.39569
2.18678
2.39349
2.18846
2.39504
2.18881
2.39499
2.19068
2.39953
2.19625
2.40167
2.19331
2.39295
2.18528
2.39581
2.1896
2.39653
2.19043
2.39777
2.18634
2.39393
2.18737
2.39532
2.19152
2.39963
2.19464
2.39517
2.19595
2.40192
2.19691
2.40167
2.19304
2.39963
2.19233
2.39093
2.1864
2.38835
2.18244
2.38592
2.1808
2.3865
2.18201
2.39072
2.18386
2.38812
2.178
2.38611
2.1806
2.38295
2.17676
2.38292
2.17922
2.38479
2.1767
2.38711
2.18682
2.39546
2.18774
2.39791
2.19315
2.39956
2.19053
2.40154
2.19252
2.39396
2.18656
2.39345
2.18665
2.38368
2.1759
2.38391
2.17523
2.37395
2.166
2.37492
2.17232
2.36994
2.17072
2.38013
2.17376
2.37988
2.18275
2.39209
2.18044
2.38448
2.18106
2.38374
2.17804
2.38622
2.18227
2.38677
2.1789
2.38474
2.18367
2.38738
2.18561
2.38924
2.18089
2.3864
2.18014
2.38567
2.1799
2.38881
2.18632
2.39438
2.18777
2.39307
2.18287
2.39347
2.19377
2.39832
2.19324
2.40213
2.19859
2.40008
2.20046
2.40324
2.19607
2.39588
2.19692
2.40066
2.194
2.39858
2.18712
2.39269
2.19186
2.39631
2.17838
2.38281
2.17828
2.38712
2.18629
2.39665
2.19032
2.39563
2.18769
2.39694
2.19513
2.39651
2.18725
2.39313
2.19311
2.40041
2.19609
2.40452
2.19957
2.40768
2.20173
2.40784
2.20477
2.41183
2.2067
2.41252
2.19928
2.40177
2.19286
2.39781
2.19024
2.39369
2.1899
2.39128
2.18831
2.39951
2.1937
2.39665
2.1903
2.39636
2.18889
2.3929
2.18977
2.39548
2.19005
2.39322
2.18845
2.40224
2.19882
2.39987
2.19391
2.40031
2.19467
2.39963
2.19823
2.40137
2.19052
2.3958
2.17919
2.3829
2.1802
2.38417
2.18158
2.39118
2.18868
2.39847
2.19289
2.4002
2.20065
2.4106
2.20374
2.41242
2.20529
2.41332
2.20383
2.40859
2.19821
2.40366
2.20315
2.40448
2.19593
2.40328
2.19744
2.40214
2.19504
2.40475
2.20254
2.40802
2.1959
2.40229
2.1929
2.39758
2.19017
2.39773
2.19005
2.39205
2.18364
2.38558
2.18499
2.39072
2.18296
2.3912
2.18372
2.38096
2.18195
2.3887
2.18501
2.38705
2.18779
2.39752
2.19363
2.39792
2.18539
2.39057
2.18421
2.38685
2.17751
2.38678
2.17778
2.38548
2.18133
2.38971
2.18355
2.39124
2.18565
2.39629
2.19323
2.39738
2.19235
2.39923
2.19097
2.39995
2.19583
2.40184
2.19672
2.39971
2.19648
2.40165
2.1972
2.39468
2.19032
2.39379
2.17787
2.38549
2.17646
2.37946
2.17548
2.38133
2.17583
2.38272
2.17775
2.38457
2.18282
2.39286
2.1877
2.39146
2.18715
2.39
2.18527
2.39069
2.17845
2.39229
2.18099
2.38711
2.18272
2.39361
2.17888
2.38549
2.1732
2.38379
2.18247
2.39224
2.19148
2.39431
2.18979
2.3902
2.18485
2.3916
2.18392
2.39018
2.18451
2.38891
2.18376
2.39133
2.17881
2.3857
2.18353
2.38898
2.18428
2.39049
2.18617
2.39449
2.18596
2.39583
2.19198
2.39447
2.18444
2.39303
2.1904
2.39496
2.19025
2.39604
2.19032
2.3925
2.1916
2.39708
2.19655
2.40506
2.19759
2.39969
2.18985
2.39587
2.19048
2.39886
2.19122
2.38663
2.18136
2.39108
2.18554
2.3927
2.19165
2.40276
2.20058
2.4039
2.19718
2.40162
2.19918
2.40612
2.19452
2.39421
2.19573
2.40149
2.19555
2.40286
2.194
2.40287
2.19546
2.40037
2.1902
2.39645
2.19489
2.3958
2.19008
2.39603
2.1873
2.39908
2.1928
2.40057
2.19384
2.39883
2.1928
2.40044
2.19216
2.40038
2.19217
2.39748
2.19376
2.3942
2.18847
2.39518
2.19123
2.38678
2.17972
2.38719
2.17985
2.38331
2.18159
2.39195
2.18505
2.39011
2.18688
2.3945
2.18721
2.39538
2.19476
2.39222
2.18563
2.38948
2.18356
2.38472
2.18649
2.39243
2.18803
2.39781
2.19655
2.39786
2.19781
2.40009
2.19869
2.40721
2.20021
2.40479
2.20088
2.40652
2.19908
2.40593
2.19769
2.40269
2.19625
2.39658
2.19234
2.39908
2.19218
2.39584
2.19276
2.40245
2.19683
2.39652
2.18596
2.39552
2.19668
2.40225
2.18993
2.39233
2.18193
2.38832
2.1866
2.39611
2.18869
2.39439
2.18766
2.39425
2.18961
2.39749
2.19776
2.40209
2.19516
2.39913
2.19352
2.39886
2.19335
2.40088
2.19393
2.40037
2.19805
2.40473
2.19753
2.40139
2.19417
2.39823
2.18766
2.40125
2.1961
2.39855
2.19552
2.40298
2.20035
2.40165
2.18672
2.39533
2.19137
2.39577
2.1909
2.4027
2.20292
2.40752
2.20267
2.40977
2.19673
2.39949
2.18818
2.39607
2.1945
2.39337
2.19473
2.39608
2.19644
2.39749
2.19145
2.40081
2.18808
2.39275
2.18142
2.38761
2.18074
2.37959
2.17195
2.37985
2.16978
2.37384
2.16637
2.37147
2.17251
2.38414
2.18045
2.38974
2.18192
2.38671
2.17924
2.38472
2.18338
2.38518
2.18351
2.39103
2.18507
2.39132
2.18063
2.38957
2.18806
2.39695
2.19016
2.39322
2.18611
2.39248
2.1847
2.39272
2.19393
2.40349
2.19476
2.39488
2.18858
2.395
2.1881
2.39604
2.18365
2.39145
2.18718
2.39488
2.18946
2.39413
2.18786
2.39454
2.19211
2.39583
2.18973
2.39985
2.19765
2.40339
2.19293
2.39564
2.18868
2.39313
2.19354
2.40469
2.20538
2.40998
2.19463
2.39658
2.19131
2.40119
2.19416
2.39901
2.19347
2.40371
2.2004
2.40441
2.19984
2.40682
2.19646
2.39541
2.19128
2.39849
2.19442
2.39397
2.19016
2.39613
2.1901
2.39659
2.19238
2.39592
2.18637
2.38981
2.18569
2.39495
2.19273
2.39588
2.18748
2.39386
2.1865
2.38918
2.18686
2.39675
2.19221
2.39065
2.18549
2.39088
2.18328
2.38575
2.1802
2.38971
2.18297
2.38831
2.18602
2.39305
2.19372
2.3992
2.19715
2.39723
2.19314
2.40047
2.19738
2.39626
2.1896
2.39412
2.18501
2.39543
2.19232
2.3989
2.1918
2.40115
2.19731
2.40378
2.19629
2.39964
2.18886
2.39352
2.18798
2.39571
2.18528
2.39184
2.18661
2.39678
2.19098
2.40023
2.19625
2.40213
2.19322
2.39556
2.18758
2.39545
2.18641
2.39278
2.19015
2.39199
2.18435
2.39068
2.18265
2.38866
2.18668
2.38944
2.17791
2.38422
2.18113
2.38835
2.18334
2.38734
2.18312
2.38927
2.18541
2.39506
2.19261
2.4005
2.1908
2.39786
2.19269
2.39359
2.18859
2.3923
2.19348
2.40303
2.19006
2.39545
2.19306
2.39688
2.1859
2.39071
2.1927
2.39585
2.18713
2.39372
2.18826
2.39498
2.19166
2.39464
2.18998
2.39569
2.18977
2.39512
2.18717
2.39585
2.18976
2.39903
2.19443
2.40019
2.1972
2.3976
2.193
2.40394
2.19934
2.409
2.20986
2.41524
2.2066
2.41418
2.20178
2.40786
2.19517
2.40616
2.20037
2.40436
2.20001
2.40881
2.19698
2.40033
2.19676
2.40563
2.19256
2.39877
2.19567
2.40272
2.18919
2.39823
2.18624
2.38883
2.18278
2.38557
2.18421
2.38501
2.18074
2.38563
2.18017
2.38449
2.18156
2.38611
2.18262
2.38826
2.1779
2.38951
2.18485
2.39516
2.18427
2.39452
2.18591
2.39249
2.18777
2.39405
2.18334
2.38753
2.17843
2.38598
2.17961
2.38873
2.18679
2.3884
2.1853
2.39304
2.18586
2.39666
2.18688
2.39238
2.19064
2.39942
2.19594
2.40235
2.19517
2.40492
2.20001
2.40539
2.19789
2.4058
2.20105
2.40479
2.2
2.40521
2.20293
2.41116
2.20903
2.41308
2.20435
2.39721
2.19644
2.40059
2.19694
2.40222
2.19786
2.40001
2.19676
2.40332
2.20092
2.40365
2.1991
2.40179
2.19415
2.39288
2.18563
2.38848
2.18274
2.39294
2.18255
2.38986
2.19085
2.39571
2.19372
2.40004
2.19407
2.39957
2.19901
2.40421
2.2011
2.40532
2.20362
2.40647
2.19865
2.39854
2.18052
2.3858
2.18331
2.38984
2.19296
2.39652
2.19202
2.38989
2.18466
2.38953
2.18502
2.39114
2.18031
2.38925
2.18519
2.38745
2.18742
2.38844
2.17989
2.38933
2.18938
2.3929
2.18956
2.3954
2.18668
2.39259
2.1939
2.39286
2.18044
2.39195
2.19504
2.40367
2.18862
2.39779
2.19167
2.38975
2.17769
2.3814
2.17236
2.38324
2.17858
2.38921
2.18999
2.40187
2.19092
2.3976
2.1915
2.39138
2.18455
2.3949
2.18902
2.3949
2.19001
2.39777
2.19136
2.39515
2.19371
2.40041
2.19677
2.39944
2.19258
2.39769
2.19418
2.40368
2.19938
2.40237
2.19602
2.40123
2.19674
2.39921
2.19591
2.40495
2.19275
2.39857
2.19002
2.39264
2.1839
2.38883
2.1853
2.38809
2.18479
2.39315
2.18182
2.38615
2.18953
2.39418
2.18395
2.38163
2.18431
2.38782
2.18385
2.39378
2.18721
2.39149
2.18868
2.39698
2.18926
2.394
2.18867
2.39443
2.18377
2.3954
2.18826
2.38708
2.18643
2.38708
2.17772
2.38694
2.18529
2.38838
2.17641
2.38012
2.17622
2.38322
2.17975
2.38831
2.18625
2.39264
2.19156
2.39766
2.19098
2.39564
2.19178
2.39895
2.1941
2.39888
2.19746
2.40275
2.1976
2.4037
2.19406
2.39757
2.19172
2.3994
2.19887
2.39522
2.1979
2.40528
2.20163
2.40259
2.20081
2.4069
2.20548
2.40706
2.20088
2.40713
2.20283
2.41272
2.20779
2.41353
2.20809
2.41694
2.20983
2.40975
2.20085
2.40841
2.20045
2.40281
2.19293
2.39818
2.19598
2.40548
2.1951
2.39415
2.18279
2.38814
2.17987
2.3851
2.18467
2.39169
2.18459
2.39487
2.18977
2.39685
2.19127
2.3918
2.18731
2.38979
2.18409
2.39017
2.17832
2.38817
2.18975
2.39278
2.19074
2.39665
2.19483
2.39846
2.19618
2.4016
2.1937
2.40104
2.19586
2.4041
2.19868
2.40627
2.19957
2.40088
2.1943
2.4005
2.19172
2.39492
2.19253
2.39751
2.19465
2.39669
2.18704
2.39314
2.19034
2.39659
2.1935
2.39658
2.19031
2.38845
2.18266
2.39217
2.18829
2.40202
2.20072
2.3953
2.1879
2.39222
2.18758
2.39516
2.18519
2.3893
2.1829
2.39308
2.18379
2.38782
2.18821
2.39624
2.18961
2.39892
2.19075
2.39096
2.18608
2.3927
2.18737
2.38838
2.17713
2.38698
2.17932
2.38635
2.18183
2.39055
2.18865
2.39519
2.18926
2.39008
2.18895
2.39022
2.1845
2.39264
2.18148
2.38785
2.18806
2.39021
2.18206
2.38559
2.18182
2.37978
2.18053
2.3894
2.18516
2.39001
2.1876
2.38827
2.18768
2.39167
2.18389
2.39503
2.18801
2.39437
2.19225
2.38598
2.17515
2.38121
2.18083
2.3894
2.18059
2.38626
2.18359
2.393
2.1883
2.39409
2.1861
2.38673
2.18435
2.38954
2.1919
2.39452
2.19032
2.39857
2.1921
2.39748
2.18909
2.39577
2.19167
2.395
2.19249
2.3992
2.19617
2.40368
2.19375
2.3997
2.19506
2.39609
2.19553
2.40811
2.20134
2.40833
2.20097
2.40376
2.20177
2.40676
2.20159
2.40561
2.19473
2.4009
2.19438
2.39926
2.19136
2.39395
2.18623
2.39633
2.18707
2.39395
2.19159
2.39621
2.1946
2.40208
2.19058
2.39882
2.19495
2.40124
2.19485
2.39611
2.18847
2.39071
2.17667
2.37918
2.16995
2.37644
2.17093
2.37966
2.18423
2.3917
2.18142
2.38408
2.17919
2.38447
2.17441
2.38043
2.17716
2.38444
2.18282
2.3941
2.19027
2.39624
2.19403
2.39737
2.19387
2.40176
2.19182
2.39448
2.19507
2.39961
2.19479
2.39885
2.19271
2.39996
2.1962
2.4026
2.19817
2.39888
2.19082
2.39649
2.19616
2.40283
2.19488
2.40015
2.1912
2.39813
2.18629
2.38966
2.18685
2.38655
2.17607
2.38973
2.1886
2.39364
2.18297
2.38808
2.1816
2.38259
2.18311
2.38359
2.17925
2.39036
2.18708
2.3987
2.1967
2.40182
2.19409
2.39612
2.19826
2.41042
2.20087
2.41068
2.20171
2.40596
2.19531
2.40392
2.19905
2.40122
2.1945
2.39903
2.19472
2.39675
2.19131
2.39679
2.17974
2.38992
2.19053
2.39507
2.18482
2.38776
2.18601
2.38981
2.18061
2.38665
2.18611
2.39389
2.19161
2.39941
2.18344
2.39019
2.18059
2.38251
2.17597
2.38434
2.17865
2.3849
2.17717
2.3811
2.17664
2.39148
2.19013
2.39344
2.19111
2.3918
2.18572
2.3948
2.19049
2.39647
2.19568
2.40444
2.19429
2.39711
2.18495
2.39279
2.18472
2.39378
2.18697
2.39623
2.1891
2.39392
2.19314
2.39891
2.1924
2.39752
2.19095
2.39625
2.19143
2.3982
2.19226
2.39428
2.1856
2.39299
2.19105
2.39646
2.19127
2.40048
2.19347
2.39841
2.19307
2.39285
2.17988
2.38451
2.17981
2.38544
2.17961
2.38881
2.18792
2.3962
2.18839
2.39021
2.18499
2.39135
2.19154
2.40247
2.19471
2.40342
2.19554
2.39862
2.19576
2.40183
2.19133
2.40428
2.19398
2.39697
2.19023
2.40041
2.19413
2.40437
2.19678
2.40332
2.19263
2.39352
2.18437
2.38642
2.18245
2.39015
2.18728
2.38946
2.18767
2.38871
2.18385
2.39238
2.18034
2.38096
2.18122
2.39429
2.19172
2.40035
2.18809
2.39862
2.19291
2.39913
2.18507
2.38981
2.17936
2.38556
2.17751
2.38456
2.1802
2.38623
2.18306
2.38795
2.1773
2.38571
2.18776
2.39683
2.19699
2.40099
2.19371
2.40413
2.19743
2.40484
2.19929
2.40551
2.20183
2.40434
2.19954
2.40361
2.20006
2.40426
2.19455
2.40365
2.19962
2.40036
2.1994
2.40804
2.19998
2.41053
2.20173
2.40692
2.19602
2.40221
2.19216
2.39142
2.19089
2.39917
2.19299
2.40062
2.19769
2.40309
2.19579
2.39752
2.19762
2.40581
2.20366
2.40488
2.20091
2.40466
2.19999
2.40554
2.19192
2.39632
2.18003
2.39058
2.17906
2.37872
2.17862
2.38166
2.1779
2.38054
2.17692
2.38605
2.1864
2.38884
2.1843
2.38842
2.1827
2.38774
2.19056
2.39765
2.19028
2.39021
2.1811
2.39132
2.18782
2.39237
2.18577
2.39517
2.19603
2.40563
2.20162
2.4045
2.19833
2.40275
2.19832
2.3977
2.19116
2.39591
2.19062
2.39846
2.19108
2.39302
2.18592
2.39522
2.19259
2.39549
2.18339
2.39068
2.18912
2.4003
2.19147
2.39727
2.19728
2.40504
2.19325
2.40018
2.19401
2.4041
2.19938
2.40368
2.20332
2.40783
2.20761
2.41236
2.20531
2.4156
2.21053
2.41235
2.21332
2.42067
2.20718
2.41562
2.20719
2.41662
2.21014
2.41409
2.20886
2.40952
2.20108
2.40478
2.19513
2.39784
2.19166
2.38864
2.18046
2.38796
2.18507
2.38798
2.17974
2.38578
2.18044
2.38841
2.18884
2.39576
2.18731
2.39505
2.18694
2.39267
2.18529
2.39243
2.18992
2.39449
2.1843
2.38758
2.18109
2.38487
2.17948
2.37973
2.17554
2.38072
2.1806
2.38572
2.18127
2.38951
2.18597
2.39565
2.18614
2.39439
2.19508
2.39276
2.18677
2.39918
2.19305
2.39847
2.20027
2.40224
2.19788
2.40751
2.1985
2.40569
2.20252
2.40598
2.20614
2.40567
2.1983
2.4034
2.19803
2.40462
2.20142
2.39485
2.18496
2.38728
2.17831
2.3835
2.18216
2.39027
2.18701
2.38865
2.18952
2.3904
2.18644
2.39361
2.18886
2.39086
2.18863
2.39436
2.19009
2.4018
2.19949
2.40546
2.2022
2.40657
2.20231
2.40446
2.19492
2.4054
2.20237
2.4051
2.19477
2.39961
2.1929
2.39676
2.18416
2.39159
2.18663
2.40096
2.19754
2.40135
2.19318
2.402
2.19253
2.40159
2.19893
2.40267
2.19708
2.39701
2.19549
2.40149
2.19361
2.39718
2.19399
2.39521
2.18965
2.39243
2.18999
2.39599
2.19285
2.4012
2.20155
2.40768
2.19958
2.408
2.19865
2.40451
2.20285
2.40503
2.19742
2.39921
2.19325
2.40079
2.19601
2.38995
2.18001
2.3837
2.17945
2.38779
2.18707
2.39145
2.18473
2.392
2.1822
2.38836
2.18231
2.3915
2.19041
2.39936
2.19427
2.40036
2.19433
2.4018
2.18459
2.39038
2.18747
2.39691
2.19997
2.39958
2.19376
2.39755
2.19286
2.4018
2.193
2.39769
2.19061
2.39306
2.18887
2.39626
2.19117
2.39466
2.18662
2.39539
2.19544
2.40301
2.19773
2.40156
2.19482
2.39912
2.19522
2.40217
2.19581
2.40327
2.19877
2.40607
2.19989
2.40366
2.19589
2.40348
2.19231
2.40088
2.19763
2.39898
2.19378
2.39315
2.18897
2.39218
2.19292
2.40242
2.19467
2.39858
2.19263
2.39573
2.1887
2.3914
2.18557
2.39327
2.18691
2.39321
2.18784
2.39506
2.18802
2.39559
2.19176
2.39358
2.18866
2.39508
2.19239
2.39688
2.19139
2.39851
2.19592
2.39966
2.19275
2.39394
2.18054
2.38909
2.18378
2.38341
2.18127
2.38835
2.18452
2.3936
2.18803
2.39266
2.18994
2.4004
2.19769
2.40819
2.20001
2.40433
2.19781
2.40434
2.20428
2.4026
2.19731
2.4034
2.20405
2.4079
2.19793
2.40403
2.20042
2.40531
2.19869
2.40431
2.19861
2.39758
2.1908
2.39647
2.18972
2.39521
2.18885
2.39386
2.18319
2.39589
2.19086
2.39975
2.19535
2.39989
2.19357
2.40004
2.19585
2.4003
2.19443
2.39436
2.1799
2.38707
2.18187
2.39066
2.19043
2.39454
2.18679
2.39339
2.18629
2.39437
2.17967
2.38613
2.1815
2.3867
2.17781
2.38571
2.18039
2.38325
2.18254
2.3835
2.17936
2.38454
2.18147
2.3865
2.18412
2.39431
2.18609
2.39771
2.19382
2.39499
2.18867
2.38951
2.18807
2.3894
2.18414
2.38561
2.18083
2.39128
2.18682
2.39535
2.19248
2.39479
2.18985
2.39779
2.18838
2.39818
2.19226
2.39197
2.18868
2.39128
2.18763
2.39598
2.18948
2.39106
2.18957
2.39708
2.197
2.4112
2.19876
2.40829
2.20177
2.40461
2.19843
2.39937
2.19395
2.39972
2.1967
2.40075
2.19205
2.39773
2.19108
2.38865
2.17506
2.37945
2.17727
2.37703
2.17681
2.38384
2.18072
2.39722
2.1889
2.39684
2.19044
2.39352
2.18329
2.3934
2.18646
2.39518
2.19135
2.3947
2.18423
2.39282
2.19085
2.39093
2.18893
2.39811
2.1929
2.40045
2.19116
2.39078
2.19033
2.39162
2.1884
2.39419
2.18595
2.38704
2.18875
2.39349
2.19532
2.39098
2.18592
2.38761
2.17976
2.38803
2.17854
2.38837
2.18176
2.38354
2.18097
2.38373
2.18057
2.38411
2.17964
2.38603
2.1815
2.3888
2.18309
2.38911
2.18354
2.38833
2.1809
2.39118
2.18851
2.40156
2.19727
2.40257
2.19341
2.39983
2.18999
2.39736
2.19354
2.39129
2.19022
2.39687
2.19215
2.39708
2.19079
2.402
2.19582
2.40268
2.19729
2.40194
2.20401
2.40817
2.20423
2.40769
2.1977
2.40645
2.20154
2.40762
2.19195
2.39554
2.18829
2.38887
2.18164
2.38122
2.18012
2.38973
2.18377
2.39349
2.18814
2.39452
2.18682
2.39371
2.18878
2.38951
2.18879
2.39887
2.184
2.38739
2.18569
2.38134
2.18124
2.38969
2.19242
2.40167
2.19832
2.40336
2.20428
2.41149
2.21172
2.40638
2.19685
2.40275
2.19419
2.39826
2.19002
2.40017
2.19185
2.39046
2.18135
2.39045
2.18438
2.39063
2.18566
2.38919
2.18501
2.39038
2.18541
2.39355
2.18186
2.39219
2.1866
2.39292
2.18651
2.39471
2.18974
2.39444
2.19032
2.39837
2.19797
2.40014
2.19214
2.40001
2.20098
2.40399
2.19854
2.40399
2.19251
2.40163
2.19425
2.39809
2.1952
2.39741
2.19301
2.40228
2.19934
2.40443
2.20103
2.40354
2.19871
2.40596
2.19642
2.40485
2.19366
2.39892
2.19151
2.39045
2.18318
2.39114
2.18654
2.38961
2.17905
2.38124
2.17234
2.38005
2.17919
2.38487
2.18059
2.3857
2.178
2.37919
2.17294
2.38129
2.17728
2.38383
2.16917
2.3765
2.17798
2.38549
2.17976
2.38502
2.18599
2.39263
2.17628
2.37733
2.17539
2.38249
2.17503
2.38425
2.17915
2.38646
2.18496
2.38979
2.18525
2.38931
2.18604
2.39239
2.18139
2.37983
2.17969
2.38787
2.18017
2.38557
2.18462
2.39151
2.18684
2.39964
2.19506
2.3987
2.19567
2.40419
2.19225
2.40512
2.20411
2.40583
2.1988
2.40177
2.19703
2.39739
2.18758
2.39452
2.19218
2.40532
2.19821
2.40264
2.1939
2.39817
2.18851
2.39794
2.19368
2.39594
2.19145
2.39961
2.19026
2.39403
2.18993
2.39497
2.18517
2.39283
2.18806
2.39798
2.19505
2.39633
2.18922
2.39823
2.19844
2.40358
2.19998
2.40699
2.20239
2.41353
2.20643
2.4107
2.19554
2.40277
2.20126
2.40555
2.19799
2.40523
2.20324
2.41262
2.20599
2.40959
2.20082
2.409
2.19742
2.40264
2.19729
2.40018
2.19806
2.40535
2.19086
2.39632
2.19382
2.39399
2.18048
2.38157
2.17569
2.38536
2.18054
2.38215
2.17994
2.38456
2.17476
2.38423
2.1836
2.39203
2.19164
2.39441
2.19372
2.40405
2.1931
2.39934
2.1903
2.39201
2.17968
2.38983
2.18585
2.38513
2.18702
2.38953
2.18357
2.39212
2.18422
2.39142
2.18747
2.39561
2.19369
2.39865
2.18714
2.39811
2.1928
2.40042
2.18905
2.39405
2.18479
2.38741
2.1787
2.38633
2.18348
2.38405
2.17885
2.38655
2.18011
2.39095
2.18433
2.39478
2.18253
2.39045
2.18333
2.39034
2.18655
2.3944
2.19283
2.39883
2.19626
2.40057
2.19421
2.40159
2.19804
2.40153
2.19802
2.40934
2.19348
2.40233
2.19288
2.40105
2.19062
2.40382
2.19235
2.3963
2.18753
2.39664
2.19357
2.39984
2.19017
2.39413
2.18999
2.39334
2.18262
2.39259
2.18829
2.39741
2.18745
2.39071
2.18659
2.3901
2.18472
2.39191
2.17959
2.38519
2.18327
2.38873
2.18354
2.38396
2.17886
2.3849
2.18038
2.38882
2.18982
2.39894
2.1968
2.39909
2.18841
2.39634
2.1906
2.39642
2.1927
2.39177
2.19387
2.39965
2.19406
2.40403
2.19685
2.39994
2.18697
2.3934
2.19294
2.39475
2.18478
2.38646
2.18389
2.39351
2.19264
2.40498
2.19724
2.3981
2.19419
2.39682
2.19458
2.40024
2.19156
2.40232
2.19756
2.39398
2.18769
2.39629
2.18613
2.39241
2.18591
2.38864
2.18415
2.38831
2.18094
2.38891
2.18068
2.38639
2.17539
2.37888
2.17455
2.37968
2.17524
2.38627
2.18324
2.38847
2.18455
2.38614
2.18118
2.3878
2.18792
2.39459
2.19294
2.40277
2.19359
2.39958
2.19383
2.3963
2.19105
2.39479
2.19255
2.39792
2.19362
2.40061
2.19339
2.39908
2.19537
2.40321
2.1952
2.40287
2.19549
2.39929
2.19628
2.40287
2.19543
2.40472
2.19565
2.40384
2.20043
2.40635
2.20012
2.40398
2.1984
2.39988
2.19439
2.40149
2.19494
2.40101
2.19757
2.40141
2.19343
2.39608
2.19509
2.39777
2.19058
2.40262
2.19591
2.4036
2.19425
2.39841
2.18628
2.39192
2.18618
2.39274
2.19111
2.40086
2.18622
2.39398
2.18621
2.39078
2.18445
2.39621
2.18826
2.39453
2.19509
2.40028
2.1943
2.40067
2.18399
2.39613
2.18846
2.39594
2.19429
2.4041
2.19624
2.39919
2.19591
2.40498
2.19851
2.40376
2.18696
2.39863
2.19816
2.40051
2.1973
2.40215
2.19574
2.39691
2.19552
2.40696
2.19427
2.40428
2.20171
2.40616
2.198
2.40619
2.19511
2.40051
2.19235
2.39898
2.19211
2.39827
2.18938
2.39296
2.18447
2.39292
2.18426
2.38513
2.18161
2.38584
2.18181
2.38523
2.18383
2.39132
2.18569
2.39121
2.18261
2.38525
2.17968
2.39237
2.19051
2.39456
2.19149
2.39758
2.19382
2.40316
2.19792
2.40296
2.19293
2.39691
2.19456
2.39556
2.18805
2.39446
2.18867
2.40011
2.19341
2.39813
2.19331
2.40144
2.19866
2.40507
2.20097
2.40747
2.2
2.40194
2.18772
2.39588
2.19625
2.40181
2.1929
2.3931
2.18702
2.38956
2.18994
2.3942
2.18841
2.39839
2.19321
2.39431
2.19083
2.40027
2.19162
2.40094
2.18926
2.39311
2.18707
2.38543
2.17944
2.38858
2.18165
2.38888
2.17948
2.38559
2.17941
2.38293
2.17678
2.38495
2.18282
2.39428
2.18382
2.38786
2.1842
2.39392
2.18732
2.4015
2.19765
2.40248
2.19475
2.39861
2.19958
2.40845
2.20175
2.4099
2.20182
2.4083
2.19926
2.40767
2.19757
2.39916
2.19763
2.40167
2.19574
2.39511
2.19275
2.40168
2.18732
2.39563
2.18663
2.3939
2.19384
2.40059
2.19588
2.40677
2.20404
2.40953
2.2057
2.40487
2.19754
2.39907
2.19081
2.39423
2.19351
2.40075
2.19848
2.40735
2.20102
2.40149
2.19782
2.40101
2.19246
2.39824
2.1856
2.38806
2.18409
2.39397
2.18315
2.3887
2.18553
2.39061
2.18798
2.39106
2.17777
2.38724
2.18586
2.39211
2.18297
2.39233
2.18375
2.3871
2.18309
2.3921
2.1879
2.39357
2.18865
2.39185
2.18309
2.3859
2.18246
2.38438
2.1814
2.39448
2.19435
2.39738
2.18392
2.38634
2.17847
2.39038
2.18879
2.39782
2.18371
2.37967
2.17444
2.3779
2.17501
2.38078
2.1811
2.38898
2.18508
2.39068
2.18097
2.38988
2.17912
2.37991
2.17761
2.38304
2.18186
2.38905
2.1899
2.39708
2.19233
2.39434
2.1862
2.39235
2.18659
2.39622
2.19084
2.39652
2.18088
2.38545
2.17913
2.38696
2.18319
2.38457
2.18512
2.39066
2.18767
2.39786
2.19209
2.39773
2.19473
2.40527
2.19493
2.3968
2.19237
2.39433
2.19246
2.39779
2.19602
2.40078
2.19398
2.40048
2.19397
2.39886
2.19609
2.40205
2.19171
2.3987
2.19713
2.40162
2.19526
2.40192
2.19715
2.40122
2.18804
2.38929
2.1898
2.39707
2.1926
2.39324
2.18551
2.39145
2.18346
2.39214
2.18698
2.39431
2.1839
2.39315
2.18437
2.3869
2.18286
2.39316
2.18509
2.38435
2.17796
2.38891
2.18685
2.39103
2.18629
2.39194
2.1865
2.39673
2.19501
2.39651
2.19324
2.39888
2.1944
2.39465
2.19044
2.39549
2.18484
2.39211
2.18459
2.38817
2.18889
2.39539
2.18626
2.39017
2.17912
2.38688
2.18066
2.38559
2.18032
2.38535
2.18194
2.38961
2.17982
2.38754
2.1801
2.38378
2.17588
2.38744
2.18483
2.39206
2.19139
2.39483
2.19371
2.3978
2.19768
2.4032
2.19724
2.40363
2.20054
2.40533
2.20186
2.40578
2.19827
2.40522
2.20008
2.40975
2.20469
2.40899
2.19783
2.39944
2.1951
2.40451
2.18996
2.39727
2.18903
2.39227
2.18683
2.39177
2.18847
2.39479
2.18697
2.38946
2.18461
2.38915
2.18344
2.3936
2.19198
2.39002
2.18073
2.3878
2.1807
2.38665
2.17911
2.38865
2.18005
2.38644
2.17523
2.38242
2.17926
2.38949
2.18376
2.38614
2.18945
2.39827
2.18996
2.39326
2.18555
2.38969
2.18371
2.39169
2.18404
2.39367
2.18456
2.38305
2.17249
2.38082
2.17724
2.37436
2.17726
2.37611
2.16559
2.37813
2.17314
2.3802
2.17685
2.38365
2.17731
2.38544
2.1849
2.39128
2.17852
2.38343
2.16982
2.37925
2.17145
2.37496
2.17379
2.38126
2.17991
2.38765
2.18349
2.39053
2.18771
2.39872
2.19332
2.39362
2.18698
2.39269
2.18317
2.38839
2.18344
2.39243
2.19066
2.39675
2.19168
2.39973
2.19517
2.39596
2.19031
2.39649
2.19297
2.39775
2.19031
2.39366
2.1907
2.4001
2.19082
2.39878
2.19
2.39009
2.18514
2.3913
2.18716
2.39896
2.19017
2.39441
2.18711
2.39304
2.19165
2.39153
2.18442
2.39595
2.18139
2.38908
2.1848
2.39222
2.17761
2.38627
2.18059
2.3858
2.1784
2.38487
2.18074
2.38869
2.17907
2.38186
2.17729
2.38938
2.18685
2.3972
2.18613
2.39305
2.18207
2.38673
2.18335
2.39278
2.19101
2.39718
2.18506
2.39457
2.18812
2.39252
2.17694
2.38214
2.17905
2.38714
2.18313
2.38876
2.17684
2.385
2.17962
2.39069
2.18939
2.393
2.18506
2.39561
2.19323
2.40127
2.19616
2.39949
2.19582
2.40521
2.18904
2.39455
2.18695
2.39092
2.18741
2.39017
2.18847
2.39505
2.19328
2.40123
2.19674
2.40378
2.20296
2.40756
2.19876
2.40199
2.18805
2.3918
2.1862
2.39422
2.18416
2.39241
2.19016
2.39744
2.19131
2.39142
2.1847
2.39198
2.18865
2.38948
2.18635
2.38441
2.18056
2.38562
2.18262
2.39491
2.18512
2.39244
2.18566
2.39668
2.1898
2.39605
2.19352
2.39615
2.18712
2.39317
2.18421
2.39159
2.18397
2.3851
2.18097
2.3848
2.18543
2.38611
2.18127
2.3855
2.18053
2.38227
2.17633
2.38041
2.17572
2.3834
2.17355
2.38349
2.18334
2.38982
2.17509
2.3787
2.17563
2.37886
2.17232
2.38727
2.18681
2.38524
2.17558
2.38171
2.17732
2.38454
2.17892
2.38731
2.18463
2.39021
2.18795
2.39616
2.19366
2.40044
2.1943
2.4005
2.1959
2.40237
2.19406
2.39556
2.18966
2.38929
2.18902
2.39642
2.1911
2.38914
2.19082
2.39473
2.19113
2.39394
2.18263
2.38996
2.18617
2.39269
2.18703
2.39598
2.19162
2.39799
2.19018
2.39683
2.17933
2.38621
2.18439
2.39301
2.19284
2.39619
2.19169
2.39029
2.17978
2.38822
2.18075
2.3889
2.18302
2.38813
2.18767
2.394
2.1898
2.3928
2.18747
2.39455
2.19216
2.39611
2.18354
2.39204
2.18914
2.3934
2.18015
2.38968
2.18347
2.38903
2.1885
2.3957
2.19136
2.39466
2.18819
2.39105
2.18065
2.38765
2.18623
2.3981
2.19772
2.40383
2.19837
2.4004
2.19684
2.40255
2.19321
2.39854
2.19702
2.39664
2.19456
2.3907
2.18281
2.38938
2.18474
2.3924
2.19294
2.4009
2.18992
2.40167
2.19771
2.40959
2.2037
2.40214
2.19567
2.39679
2.19305
2.39508
2.18914
2.39644
2.19286
2.39861
2.19353
2.40132
2.19664
2.40182
2.18991
2.39862
2.19449
2.39289
2.1848
2.39108
2.1892
2.39337
2.18402
2.39498
2.18803
2.39038
2.18924
2.39471
2.1893
2.39572
2.18907
2.39516
2.19431
2.40047
2.19201
2.39536
2.18903
2.38605
2.183
2.39024
2.18912
2.39064
2.18698
2.39402
2.19117
2.40274
2.19782
2.40816
2.20577
2.41044
2.19875
2.4021
2.19241
2.40079
2.19643
2.40675
2.20106
2.40093
2.19189
2.40335
2.2012
2.40444
2.20299
2.40615
2.19825
2.40285
2.20127
2.4044
2.19914
2.40088
2.19573
2.39627
2.19032
2.39916
2.19515
2.39654
2.19528
2.39202
2.1873
2.39057
2.18458
2.39081
2.18099
2.39136
2.1861
2.39201
2.1854
2.39318
2.18298
2.38863
2.18924
2.39677
2.19123
2.39212
2.19177
2.3948
2.19118
2.39296
2.19351
2.40186
2.19032
2.39198
2.18429
2.3922
2.18597
2.39289
2.19094
2.40057
2.19556
2.4018
2.19013
2.39542
2.18963
2.39896
2.19785
2.39877
2.19418
2.39951
2.19364
2.40374
2.19831
2.40347
2.19868
2.401
2.19104
2.3917
2.18257
2.39133
2.18783
2.39334
2.18115
2.3887
2.18613
2.39405
2.18899
2.39542
2.18892
2.39193
2.18778
2.39824
2.19633
2.39938
2.18717
2.38699
2.18463
2.39351
2.18816
2.38935
2.18063
2.38544
2.18711
2.38858
2.18038
2.38292
2.17636
2.38228
2.18013
2.3846
2.18245
2.39242
2.19099
2.39893
2.19108
2.39537
2.19455
2.40099
2.18466
2.39598
2.19595
2.39645
2.19341
2.39368
2.18364
2.38744
2.18435
2.39092
2.185
2.38744
2.18517
2.39135
2.18652
2.39018
2.18702
2.39389
2.19243
2.39246
2.18919
2.39714
2.19107
2.39716
2.1917
2.39925
2.19024
2.39658
2.19379
2.39877
2.19172
2.39475
2.19223
2.3982
2.19563
2.39987
2.18915
2.39011
2.18615
2.39018
2.18355
2.39663
2.18909
2.39357
2.19044
2.40039
2.18766
2.39436
2.18724
2.3968
2.19391
2.40045
2.19647
2.3998
2.19265
2.39769
2.19259
2.39495
2.18655
2.39708
2.19286
2.39548
2.19019
2.39312
2.18856
2.39163
2.18515
2.39242
2.18603
2.39013
2.18909
2.39345
2.19107
2.39895
2.19575
2.40437
2.19629
2.39797
2.19334
2.39723
2.19378
2.39651
2.18724
2.39738
2.1906
2.39966
2.19268
2.3983
2.18933
2.3984
2.19245
2.39922
2.19086
2.39376
2.19559
2.39734
2.19427
2.3986
2.19679
2.40458
2.19714
2.40391
2.19494
2.39691
2.1901
2.39402
2.18499
2.39287
2.18619
2.39501
2.18724
2.39184
2.19053
2.39878
2.19611
2.39702
2.19005
2.39752
2.19102
2.39037
2.19297
2.40121
2.19409
2.3992
2.19597
2.40063
2.19107
2.39809
2.19118
2.3926
2.1883
2.39156
2.18852
2.3881
2.1805
2.3894
2.17897
2.39374
2.18462
2.39019
2.18496
2.39649
2.19166
2.39111
2.18254
2.39086
2.1839
2.39094
2.18094
2.38535
2.18327
2.39026
2.18364
2.3905
2.18027
2.38662
2.18182
2.3869
2.18273
2.39233
2.19004
2.39615
2.1936
2.39387
2.19277
2.3911
2.18771
2.39191
2.19203
2.39916
2.1917
2.39696
2.1931
2.39605
2.18843
2.3911
2.18336
2.38259
2.17322
2.3772
2.17244
2.37933
2.17287
2.37695
2.17038
2.37627
2.16925
2.37702
2.17042
2.37934
2.1725
2.38368
2.17757
2.38442
2.17915
2.37774
2.17576
2.37662
2.17013
2.37968
2.18335
2.38835
2.1771
2.38145
2.17526
2.38131
2.17824
2.38572
2.18324
2.38477
2.18118
2.39002
2.18508
2.39511
2.19184
2.40217
2.18974
2.39524
2.18841
2.39573
2.18973
2.39512
2.19034
2.3965
2.19386
2.3994
2.19406
2.40092
2.18782
2.3985
2.18609
2.39374
2.18363
2.39065
2.1875
2.39718
2.192
2.39877
2.1922
2.39356
2.18762
2.39556
2.18661
2.39522
2.19234
2.4033
2.19901
2.40083
2.19484
2.4025
2.19253
2.3938
2.18968
2.39873
2.1938
2.39821
2.19594
2.40089
2.19351
2.40012
2.20268
2.40585
2.18905
2.39433
2.18462
2.39718
2.19247
2.39509
2.18538
2.39168
2.1855
2.39334
2.18369
2.39496
2.19288
2.39792
2.19234
2.39912
2.19306
2.40495
2.19766
2.40276
2.19739
2.39771
2.18687
2.39544
2.19448
2.39907
2.19263
2.39734
2.19136
2.39754
2.18648
2.39605
2.1907
2.39905
2.19522
2.39896
2.18522
2.38835
2.18323
2.38303
2.16957
2.38166
2.17674
2.38366
2.18846
2.38853
2.18367
2.38706
2.17904
2.38994
2.18742
2.39018
2.18974
2.3982
2.18706
2.38963
2.18865
2.39788
2.1945
2.39674
2.1935
2.39925
2.1925
2.40141
2.19112
2.39071
2.19011
2.39692
2.19565
2.39863
2.1892
2.3963
2.19187
2.39205
2.18833
2.40097
2.19994
2.4013
2.19553
2.398
2.18988
2.39962
2.19163
2.39442
2.18944
2.4003
2.19444
2.39938
2.19702
2.39628
2.1886
2.39723
2.18771
2.39643
2.18165
2.39006
2.18817
2.39394
2.1842
2.38686
2.18261
2.38946
2.18179
2.3922
2.18771
2.39184
2.18264
2.38688
2.18299
2.38322
2.18258
2.38616
2.1753
2.38628
2.18618
2.39188
2.18743
2.38992
2.18654
2.39218
2.19361
2.4001
2.18926
2.39573
2.17589
2.37901
2.17746
2.37239
2.16984
2.37866
2.17358
2.37904
2.1755
2.38555
2.17943
2.38519
2.18003
2.38461
2.17777
2.38768
2.18434
2.39118
2.18479
2.39346
2.18937
2.39597
2.19371
2.40044
2.19487
2.39932
2.19825
2.40722
2.19619
2.40072
2.18791
2.39517
2.19169
2.39669
2.18913
2.39495
2.1923
2.39961
2.19401
2.39621
2.18721
2.39694
2.19105
2.40236
2.18958
2.39168
2.18994
2.38207
2.18106
2.38513
2.18496
2.3915
2.18477
2.39478
2.18798
2.39692
2.19155
2.39446
2.19109
2.39509
2.18876
2.39912
2.19226
2.39548
2.19406
2.397
2.19356
2.39878
2.19027
2.39474
2.19252
2.40081
2.19336
2.39965
2.19784
2.40408
2.19629
2.40575
2.19485
2.40313
2.19449
2.3958
2.19171
2.3964
2.1895
2.39071
2.18134
2.38379
2.17828
2.38828
2.18487
2.39212
2.19108
2.39809
2.19406
2.40078
2.19406
2.40009
2.19531
2.39692
2.19341
2.39631
2.19069
2.39649
2.19416
2.3934
2.1826
2.38886
2.18495
2.39553
2.19077
2.39321
2.18894
2.39316
2.18851
2.39963
2.19171
2.39528
2.18839
2.39218
2.1769
2.38134
2.17925
2.38524
2.17582
2.3807
2.17802
2.38787
2.17706
2.38473
2.17825
2.38345
2.17811
2.38326
2.1805
2.38556
2.17726
2.38454
2.17775
2.38264
2.17698
2.3837
2.17385
2.38198
2.17743
2.38136
2.17728
2.3886
2.18826
2.40176
2.19169
2.38962
2.17969
2.38545
2.18187
2.38925
2.18156
2.39179
2.18869
2.3877
2.17606
2.38277
2.18188
2.3885
2.18118
2.38665
2.18223
2.38433
2.18007
2.39106
2.18855
2.39835
2.18889
2.39506
2.18367
2.39033
2.18877
2.39502
2.1918
2.39847
2.1914
2.39569
2.18863
2.39618
2.18841
2.39391
2.18862
2.38721
2.18044
2.38757
2.18819
2.39446
2.18808
2.39451
2.18842
2.39895
2.19848
2.40546
2.19351
2.39774
2.19333
2.39546
2.19007
2.39933
2.19186
2.39252
2.18908
2.38831
2.18403
2.38105
2.17902
2.38399
2.17734
2.38179
2.17897
2.38791
2.18253
2.39222
2.19104
2.39401
2.19085
2.39555
2.18974
2.40073
2.19258
2.39835
2.19693
2.399
2.19462
2.40233
2.19463
2.40587
2.19353
2.40183
2.19299
2.39721
2.19451
2.40581
2.20179
2.40906
2.20007
2.40735
2.19547
2.39708
2.19265
2.39578
2.19384
2.40309
2.19419
2.39674
2.18474
2.38858
2.18906
2.39532
2.19377
2.39739
2.19277
2.39607
2.1899
2.39875
2.19044
2.39538
2.18898
2.39364
2.1805
2.38675
2.18709
2.39708
2.19462
2.3984
2.18651
2.39749
2.18908
2.39624
2.19059
2.39681
2.18443
2.38372
2.17285
2.37739
2.17136
2.38201
2.17239
2.37943
2.17631
2.38191
2.1831
2.39422
2.1888
2.39132
2.18499
2.39393
2.18948
2.3899
2.18579
2.3883
2.18858
2.39
2.18818
2.39338
2.18015
2.37935
2.17958
2.38857
2.18233
2.38459
2.17933
2.38577
2.18349
2.39088
2.1846
2.38177
2.1725
2.38079
2.17075
2.38269
2.18178
2.38993
2.18239
2.39207
2.18881
2.40147
2.19621
2.39813
2.19288
2.39894
2.19524
2.40161
2.19072
2.39399
2.18354
2.39171
2.18742
2.39372
2.18369
2.38878
2.18051
2.38912
2.1748
2.38509
2.18132
2.39157
2.1868
2.39761
2.19666
2.40374
2.2038
2.40981
2.20455
2.40942
2.20222
2.41165
2.20699
2.40378
2.19481
2.40266
2.19273
2.39967
2.18998
2.39539
2.18845
2.38739
2.17717
2.38332
2.18026
2.38624
2.18316
2.39182
2.18613
2.38875
2.187
2.38868
2.17935
2.3872
2.18277
2.39203
2.18744
2.38996
2.18404
2.39277
2.18935
2.39261
2.19469
2.40405
2.19646
2.40781
2.19646
2.40594
2.20335
2.40947
2.20381
2.41338
2.20511
2.41253
2.2058
2.40953
2.19531
2.40366
2.19735
2.40703
2.20006
2.40154
2.19299
2.40564
2.19918
2.40204
2.19237
2.39748
2.19366
2.40166
2.1987
2.40985
2.19337
2.3993
2.18904
2.39428
2.18779
2.39085
2.18905
2.3925
2.18932
2.39773
2.19401
2.39603
2.19019
2.39686
2.19125
2.39701
2.18605
2.39725
2.19324
2.40205
2.19126
2.39888
2.19159
2.39815
2.19186
2.3972
2.19432
2.3989
2.19533
2.40234
2.19645
2.39584
2.18948
2.39463
2.1922
2.39207
2.18936
2.39684
2.1936
2.39926
2.19248
2.40002
2.18724
2.39405
2.19468
2.40102
2.19153
2.39552
2.18913
2.39406
2.19743
2.40131
2.19158
2.39672
2.19213
2.39641
2.19196
2.38959
2.18505
2.39118
2.18532
2.39054
2.18202
2.38941
2.18337
2.39264
2.19315
2.39594
2.19088
2.39543
2.18482
2.39094
2.1876
2.39575
2.18314
2.39299
2.18523
2.39054
2.19052
2.39591
2.18934
2.3866
2.18258
2.38289
2.18068
2.38609
2.1745
2.38431
2.1792
2.39015
2.1843
2.39414
2.19038
2.39337
2.18025
2.38637
2.17389
2.38476
2.18047
2.38846
2.17794
2.38379
2.18237
2.38929
2.18835
2.38983
2.18651
2.39718
2.18714
2.38978
2.1837
2.3899
2.18062
2.39024
2.18906
2.3859
2.18368
2.39287
2.19449
2.40268
2.19464
2.39667
2.19036
2.39707
2.19658
2.39789
2.19591
2.40601
2.20326
2.40909
2.20026
2.40459
2.19999
2.40045
2.19757
2.4018
2.19602
2.39961
2.19252
2.39813
2.19433
2.39949
2.19842
2.40848
2.1976
2.4036
2.19692
2.40745
2.20327
2.41058
2.21029
2.41655
2.20897
2.41434
2.20818
2.40896
2.20351
2.41623
2.19824
2.39949
2.19738
2.40603
2.19657
2.40058
2.19305
2.40174
2.19181
2.3939
2.18843
2.39164
2.18659
2.39165
2.1826
2.39413
2.183
2.3906
2.18585
2.39351
2.18874
2.38786
2.17894
2.39114
2.18846
2.39669
2.20099
2.40499
2.19605
2.39819
2.19175
2.39688
2.18912
2.39439
2.18898
2.39663
2.19058
2.39848
2.18741
2.39922
2.18446
2.38952
2.18512
2.39589
2.19111
2.39503
2.18359
2.38678
2.18453
2.39206
2.18378
2.3958
2.18986
2.39716
2.18661
2.39362
2.18717
2.38717
2.18265
2.39112
2.18112
2.39211
2.18741
2.39588
2.17988
2.38281
2.18275
2.3882
2.18206
2.3909
2.18943
2.39772
2.19284
2.39867
2.18814
2.38859
2.17822
2.39288
2.18659
2.39637
2.18336
2.39572
2.18548
2.38944
2.18253
2.38965
2.18854
2.39218
2.18562
2.38705
2.18425
2.38904
2.1876
2.39282
2.1888
2.39432
2.18421
2.39539
2.18189
2.38735
2.18717
2.39101
2.18883
2.3947
2.18315
2.38998
2.18499
2.39465
2.19703
2.4037
2.20324
2.40694
2.2033
2.41029
2.19792
2.40533
2.20211
2.39951
2.19912
2.40365
2.19758
2.39866
2.19052
2.39243
2.18817
2.39016
2.18413
2.38895
2.18789
2.39655
2.18865
2.39706
2.19423
2.39588
2.19088
2.4
2.19837
2.40181
2.19819
2.39868
2.19281
2.40025
2.1978
2.40603
2.20446
2.41365
2.21439
2.41783
2.21704
2.42478
2.21523
2.4193
2.21155
2.41099
2.20218
2.40322
2.18891
2.38328
2.17708
2.38113
2.17946
2.38784
2.17894
2.38482
2.17753
2.38446
2.17453
2.38017
2.17158
2.38266
2.18134
2.38529
2.18389
2.39517
2.18698
2.3915
2.18541
2.38836
2.18644
2.39299
2.19104
2.38782
2.1804
2.38641
2.17926
2.38516
2.18043
2.38709
2.18723
2.39215
2.18319
2.3914
2.18732
2.39159
2.18764
2.39541
2.19077
2.39825
2.18681
2.38862
2.17789
2.38191
2.16894
2.37803
2.17539
2.37896
2.17273
2.38029
2.17592
2.38258
2.17572
2.37881
2.17661
2.38461
2.17524
2.37703
2.17097
2.37378
2.16856
2.36948
2.1698
2.37842
2.17145
2.37281
2.17103
2.37353
2.17192
2.38027
2.18371
2.38954
2.18361
2.38944
2.18059
2.3876
2.18745
2.39111
2.1858
2.39014
2.18551
2.39087
2.18919
2.39458
2.18867
2.3996
2.19729
2.4015
2.18935
2.3941
2.1841
2.39085
2.18504
2.38636
2.17521
2.37964
2.17781
2.38783
2.18795
2.39413
2.19047
2.3957
2.18757
2.39111
2.18914
2.39072
2.1867
2.39403
2.18442
2.38742
2.18501
2.39423
2.19039
2.39474
2.18609
2.38669
2.17605
2.38196
2.17595
2.38652
2.17984
2.39073
2.18949
2.39396
2.18872
2.39626
2.19319
2.39735
2.19548
2.40281
2.19431
2.39762
2.18638
2.39069
2.18345
2.38636
2.18357
2.39388
2.18892
2.3921
2.19076
2.3972
2.1898
2.39583
2.19119
2.39727
2.19479
2.4007
2.19715
2.4059
2.20225
2.40825
2.20355
2.40959
2.20575
2.41138
2.20554
2.40647
2.20527
2.40831
2.20295
2.40394
2.19962
2.4038
2.19842
2.4036
2.1974
2.40366
2.20277
2.40453
2.19702
2.40176
2.19095
2.39153
2.18442
2.38534
2.18153
2.38983
2.18568
2.39213
2.18439
2.39733
2.18655
2.39632
2.18251
2.38823
2.18412
2.38659
2.17828
2.38501
2.17912
2.38823
2.18365
2.39033
2.18879
2.39144
2.18848
2.39237
2.18775
2.38557
2.17998
2.38738
2.17812
2.38656
2.17889
2.38885
2.17913
2.38516
2.18156
2.38805
2.17782
2.379
2.18112
2.39333
2.18453
2.39203
2.18581
2.39216
2.17825
2.38292
2.17971
2.38977
2.18657
2.3899
2.1835
2.39385
2.18704
2.39498
2.1835
2.38694
2.18644
2.38978
2.18337
2.38949
2.19343
2.39325
2.18677
2.39356
2.19009
2.39575
2.19026
2.39805
2.19091
2.39828
2.19399
2.395
2.18875
2.39751
2.1944
2.39774
2.19503
2.40526
2.19966
2.40561
2.19458
2.39954
2.19678
2.40057
2.19538
2.40457
2.20232
2.40766
2.20017
2.40703
2.20517
2.40624
2.20152
2.40127
2.19475
2.40152
2.19849
2.40565
2.20174
2.40424
2.19306
2.40288
2.19112
2.39643
2.1921
2.39723
2.18743
2.39845
2.19619
2.40675
2.20145
2.40511
2.20069
2.40346
2.2026
2.41172
2.19598
2.40278
2.19708
2.402
2.19425
2.40383
2.19335
2.39999
2.19265
2.40021
2.19415
2.39118
2.18829
2.39372
2.19534
2.39752
2.18971
2.39165
2.18513
2.38632
2.18481
2.37881
2.17413
2.37948
2.17248
2.3718
2.16883
2.37562
2.16263
2.37151
2.16835
2.37569
2.17806
2.38723
2.18514
2.39205
2.18912
2.39167
2.18488
2.38428
2.17777
2.3835
2.17871
2.38232
2.18501
2.39429
2.18217
2.38261
2.17902
2.3852
2.18405
2.38804
2.1865
2.38925
2.1845
2.39071
2.17961
2.38365
2.17996
2.38305
2.18017
2.38595
2.17564
2.38313
2.18101
2.38672
2.18907
2.39238
2.18845
2.3976
2.18615
2.3898
2.1844
2.38443
2.18283
2.39267
2.19025
2.39517
2.19459
2.39886
2.19683
2.39969
2.1883
2.39454
2.18529
2.39286
2.18674
2.39217
2.18314
2.38479
2.18163
2.38436
2.17821
2.38702
2.18212
2.38266
2.17816
2.38899
2.18623
2.39778
2.18873
2.39378
2.1918
2.39598
2.19394
2.40256
2.20055
2.40939
2.20216
2.40865
2.20105
2.40717
2.20648
2.40951
2.20044
2.40441
2.19183
2.39929
2.19609
2.40552
2.20143
2.40431
2.19473
2.402
2.19945
2.40463
2.19451
2.40082
2.19433
2.39863
2.19394
2.39727
2.19497
2.40259
2.19711
2.39932
2.18994
2.38967
2.18068
2.39399
2.19353
2.40008
2.19788
2.40212
2.19682
2.40223
2.19049
2.39427
2.18624
2.39373
2.19112
2.39329
2.19328
2.39421
2.18363
2.39095
2.18045
2.38412
2.18293
2.38388
2.18727
2.39046
2.18478
2.39185
2.18075
2.387
2.18599
2.39325
2.18608
2.39565
2.19115
2.39532
2.18469
2.39004
2.17809
2.38694
2.1843
2.38482
2.18526
2.3926
2.18674
2.39246
2.19384
2.39786
2.19033
2.39534
2.18762
2.3967
2.19246
2.39852
2.19829
2.40606
2.19395
2.39853
2.19443
2.40348
2.19223
2.40148
2.19583
2.40427
2.19639
2.39613
2.18822
2.39308
2.1888
2.39575
2.19119
2.39939
2.18592
2.39261
2.18782
2.39119
2.18609
2.38536
2.1837
2.3878
2.18819
2.39288
2.18899
2.39943
2.19035
2.39975
2.19379
2.40461
2.19575
2.39977
2.1901
2.39702
2.19431
2.39469
2.19066
2.39757
2.19234
2.3998
2.1903
2.39722
2.18997
2.39566
2.19036
2.39447
2.18584
2.39614
2.19552
2.40542
2.20311
2.40624
2.1953
2.39818
2.19482
2.39931
2.19817
2.40384
2.19756
2.40205
2.19627
2.39683
2.18997
2.40017
2.19812
2.40411
2.19255
2.39188
2.19094
2.39669
2.1968
2.40681
2.19525
2.40405
2.19954
2.40952
2.19762
2.40206
2.19965
2.40244
2.19092
2.3992
2.1902
2.39946
2.19523
2.39643
2.19739
2.40168
2.19662
2.40651
2.20198
2.41096
2.20807
2.41177
2.2065
2.41072
2.19505
2.39998
2.19165
2.39638
2.18814
2.39684
2.19194
2.39539
2.18829
2.39408
2.18661
2.39019
2.18416
2.38568
2.18049
2.3872
2.18342
2.386
2.17516
2.38169
2.17955
2.38479
2.1766
2.381
2.17744
2.38364
2.18042
2.39202
2.19018
2.3977
2.18958
2.40028
2.18662
2.39823
2.19481
2.39873
2.1909
2.39596
2.19028
2.40333
2.19882
2.40104
2.18567
2.39229
2.18158
2.39265
2.18782
2.39969
2.19415
2.40088
2.19659
2.40235
2.19715
2.40367
2.19678
2.4006
2.19291
2.39977
2.18748
2.39402
2.19078
2.39905
2.19407
2.39964
2.19764
2.3989
2.19083
2.39826
2.1972
2.4055
2.19325
2.39948
2.19767
2.40155
2.19606
2.39971
2.20188
2.40345
2.1958
2.40006
2.18442
2.39205
2.18769
2.39078
2.18727
2.39706
2.19258
2.39686
2.19985
2.40507
2.19408
2.40489
2.1965
2.40568
2.1917
2.39806
2.19714
2.39718
2.19234
2.3936
2.19524
2.39591
2.19352
2.39724
2.18993
2.39447
2.18917
2.38974
2.18405
2.38938
2.18387
2.39129
2.18632
2.39052
2.18001
2.37475
2.17147
2.38042
2.17996
2.3913
2.1842
2.39415
2.18964
2.39702
2.19383
2.39115
2.18939
2.39424
2.1886
2.39196
2.19159
2.40351
2.19227
2.40066
2.19915
2.40464
2.19662
2.40119
2.19828
2.39882
2.19628
2.39627
2.18697
2.39303
2.18146
2.39038
2.18985
2.39307
2.1948
2.39877
2.19198
2.39697
2.1993
2.39672
2.18961
2.39426
2.19469
2.3979
2.19341
2.40187
2.19532
2.39737
2.18995
2.39603
2.18901
2.39268
2.18255
2.38567
2.18214
2.38614
2.18113
2.38818
2.17902
2.38137
2.17907
2.38948
2.18997
2.39845
2.1862
2.3847
2.18113
2.38737
2.18677
2.39364
2.1915
2.40342
2.19481
2.39427
2.18265
2.39024
2.1852
2.39045
2.18293
2.3909
2.18278
2.38927
2.18647
2.39883
2.18636
2.38597
2.17618
2.38175
2.17983
2.38311
2.18326
2.38444
2.18427
2.39269
2.18823
2.39911
2.19305
2.39759
2.18691
2.39375
2.18968
2.40027
2.19426
2.40192
2.2015
2.40767
2.1983
2.39796
2.18909
2.39702
2.19357
2.40138
2.20205
2.40857
2.19766
2.39506
2.18581
2.38916
2.18465
2.38858
2.18095
2.38438
2.17744
2.3879
2.18356
2.39253
2.19293
2.40278
2.20079
2.40324
2.1951
2.40834
2.20397
2.4111
2.2022
2.40969
2.20308
2.40241
2.18861
2.38691
2.18512
2.39055
2.18344
2.39309
2.18555
2.39244
2.18756
2.38666
2.18363
2.39289
2.18842
2.39511
2.19002
2.40136
2.19801
2.40503
2.1994
2.39979
2.19409
2.40092
2.19357
2.39262
2.18373
2.39143
2.18411
2.39354
2.19294
2.39856
2.19017
2.39732
2.18845
2.39603
2.19545
2.40049
2.19852
2.40509
2.20179
2.40836
2.19631
2.40235
2.19454
2.39491
2.18461
2.39141
2.18344
2.38981
2.18337
2.37946
2.17678
2.38381
2.17754
2.38473
2.18269
2.38795
2.1856
2.39232
2.19326
2.39727
2.19517
2.39821
2.19505
2.40073
2.19678
2.40355
2.19796
2.404
2.20362
2.40236
2.18677
2.38474
2.17774
2.38681
2.1821
2.39442
2.18514
2.3889
2.18349
2.38595
2.18103
2.38494
2.18528
2.39101
2.18439
2.39254
2.19477
2.39926
2.19687
2.40262
2.19281
2.39614
2.19145
2.39828
2.18876
2.3905
2.18389
2.38896
2.1879
2.39664
2.19419
2.39862
2.18887
2.39329
2.18682
2.39395
2.19433
2.4027
2.18834
2.392
2.18383
2.39496
2.18016
2.38818
2.19036
2.3957
2.18795
2.39837
2.194
2.40184
2.19283
2.39926
2.19286
2.39875
2.18786
2.39127
2.19177
2.39635
2.19273
2.40137
2.19699
2.40719
2.19333
2.39848
2.19402
2.40059
2.18995
2.39768
2.19422
2.39868
2.19222
2.39932
2.18879
2.39499
2.18703
2.39434
2.18921
2.40036
2.19407
2.39514
2.19461
2.40151
2.18663
2.396
2.19049
2.39727
2.193
2.3979
2.19475
2.39919
2.19105
2.39367
2.19275
2.39808
2.19468
2.39608
2.19014
2.39019
2.18826
2.38801
2.18505
2.38628
2.18198
2.38663
2.18248
2.39121
2.18698
2.3909
2.19042
2.39182
2.18725
2.39275
2.18218
2.38543
2.17633
2.38645
2.18254
2.39215
2.18627
2.39634
2.19011
2.39791
2.19068
2.39373
2.19161
2.40176
2.19152
2.39816
2.19257
2.39849
2.19341
2.39858
2.19002
2.39282
2.18753
2.40018
2.19188
2.39596
2.19183
2.39833
2.19573
2.40327
2.18988
2.39118
2.19349
2.39057
2.18774
2.38882
2.18138
2.3866
2.184
2.38377
2.17639
2.38285
2.1774
2.3861
2.17981
2.38865
2.18972
2.39553
2.19377
2.39567
2.18768
2.39442
2.1837
2.39035
2.18692
2.39663
2.19254
2.40026
2.19157
2.40039
2.19492
2.40073
2.19486
2.39961
2.19555
2.40001
2.19609
2.40031
2.19059
2.401
2.19627
2.40094
2.19595
2.4007
2.19371
2.39854
2.19156
2.39858
2.19499
2.39729
2.1948
2.39695
2.19161
2.40309
2.20234
2.41239
2.20561
2.40694
2.19886
2.40391
2.19422
2.40047
2.18956
2.39708
2.19107
2.39816
2.19801
2.40234
2.1987
2.39777
2.19584
2.39504
2.18991
2.39396
2.1914
2.39911
2.19434
2.39805
2.19151
2.39513
2.1893
2.39411
2.19024
2.39475
2.19235
2.39447
2.19042
2.39369
2.19604
2.39688
2.18925
2.3946
2.18902
2.39244
2.18495
2.39359
2.18886
2.39569
2.19273
2.39694
2.19089
2.39114
2.18503
2.38801
2.18688
2.39161
2.1846
2.39106
2.18543
2.38883
2.18449
2.38841
2.1774
2.38234
2.17768
2.38693
2.18529
2.39315
2.1855
2.39361
2.18806
2.39237
2.18475
2.38511
2.18106
2.39096
2.1837
2.38597
2.17607
2.38429
2.18512
2.39047
2.18539
2.38797
2.18014
2.39267
2.18574
2.38911
2.18555
2.39704
2.18682
2.39538
2.19358
2.40278
2.19329
2.40257
2.20043
2.39935
2.19196
2.39357
2.18642
2.39562
2.18841
2.38969
2.17709
2.37872
2.17369
2.38221
2.1796
2.38295
2.17511
2.37967
2.18171
2.38491
2.1798
2.38526
2.18046
2.38534
2.18246
2.3832
2.17969
2.3868
2.18426
2.38733
2.17658
2.38244
2.18303
2.38948
2.18171
2.38841
2.18146
2.38436
2.17913
2.39018
2.18321
2.38253
2.17375
2.37695
2.17531
2.37671
2.17518
2.38625
2.18413
2.38813
2.18105
2.38705
2.18215
2.39252
2.18247
2.39352
2.18561
2.39761
2.19365
2.39704
2.18889
2.39742
2.18604
2.39186
2.18732
2.39398
2.17943
2.38634
2.1864
2.39361
2.19034
2.39569
2.19102
2.39584
2.18728
2.39269
2.18837
2.39601
2.19165
2.40401
2.19412
2.3994
2.19765
2.40506
2.20062
2.40745
2.20401
2.40196
2.20022
2.40395
2.19875
2.40603
2.19688
2.40403
2.19714
2.39691
2.19951
2.4062
2.19763
2.40144
2.19684
2.40367
2.19714
2.4029
2.20271
2.4047
2.19774
2.40358
2.19812
2.4018
2.19761
2.40313
2.19225
2.39693
2.19332
2.40042
2.19605
2.39848
2.1868
2.38535
2.18177
2.39127
2.18678
2.38934
2.18968
2.39314
2.1897
2.38895
2.18495
2.39275
2.19171
2.39894
2.19331
2.39615
2.19105
2.39465
2.1895
2.39117
2.18462
2.3939
2.18736
2.39794
2.18871
2.39434
2.19565
2.4044
2.1999
2.40042
2.18963
2.3944
2.19232
2.39536
2.19674
2.40237
2.19262
2.39869
2.19611
2.40436
2.19064
2.39476
2.19526
2.39728
2.19255
2.40081
2.19576
2.40351
2.19916
2.40326
2.20396
2.40652
2.2017
2.40626
2.20388
2.40844
2.20043
2.40478
2.19889
2.39845
2.1948
2.40299
2.18781
2.39043
2.18646
2.39372
2.18747
2.39369
2.19107
2.39624
2.19878
2.40527
2.19014
2.39986
2.19882
2.40293
2.19173
2.40144
2.19241
2.3987
2.19506
2.40387
2.19651
2.40182
2.19188
2.39902
2.19437
2.40227
2.19408
2.39988
2.19146
2.39312
2.19002
2.39593
2.19176
2.39166
2.18185
2.39223
2.18804
2.39623
2.19514
2.40294
2.1947
2.4003
2.18305
2.38662
2.17783
2.38323
2.1755
2.38225
2.17779
2.38203
2.18004
2.38598
2.18229
2.38955
2.18539
2.39054
2.19233
2.39999
2.19637
2.39734
2.1928
2.39965
2.19524
2.40058
2.19761
2.39952
2.19031
2.39856
2.18871
2.39459
2.18973
2.39565
2.19344
2.39742
2.1929
2.39521
2.18795
2.39286
2.18777
2.39026
2.18831
2.39782
2.18967
2.39446
2.18903
2.39749
2.19407
2.40125
2.19348
2.40021
2.18801
2.39414
2.19128
2.39376
2.18727
2.39511
2.19115
2.394
2.19504
2.40073
2.19301
2.39425
2.19675
2.40777
2.20602
2.40976
2.20347
2.40095
2.19648
2.40383
2.19736
2.40116
2.19333
2.40554
2.1977
2.403
2.19621
2.399
2.19722
2.39776
2.19396
2.40576
2.19738
2.4027
2.1974
2.4017
2.20016
2.39954
2.19365
2.40067
2.19484
2.40337
2.20017
2.406
2.1981
2.40224
2.20679
2.41079
2.20177
2.40308
2.19656
2.40481
2.20022
2.40074
2.19953
2.40251
2.19613
2.39773
2.19388
2.39934
2.19094
2.40062
2.19554
2.39747
2.1891
2.40017
2.19435
2.39484
2.18925
2.3961
2.1931
2.40358
2.20067
2.40658
2.20107
2.40353
2.19109
2.39971
2.19408
2.40567
2.19579
2.40392
2.19711
2.39701
2.18779
2.39908
2.19242
2.39889
2.19318
2.39869
2.19005
2.39884
2.18874
2.39895
2.19286
2.39598
2.1931
2.39635
2.19254
2.39379
2.18957
2.39584
2.19202
2.39461
2.18839
2.39886
2.19214
2.39862
2.19475
2.40051
2.18702
2.39553
2.19463
2.39976
2.19735
2.40208
2.19094
2.40071
2.20097
2.4065
2.19716
2.39597
2.19419
2.39106
2.18973
2.39253
2.1851
2.3903
2.18297
2.39338
2.18805
2.39521
2.1879
2.39171
2.18726
2.39478
2.18167
2.38995
2.18682
2.39393
2.19232
2.39395
2.19543
2.39542
2.19176
2.40071
2.19613
2.39599
2.18994
2.39617
2.18712
2.39385
2.19234
2.39704
2.19131
2.39376
2.17818
2.38291
2.17772
2.38038
2.17788
2.38437
2.1865
2.39244
2.19524
2.40302
2.20066
2.40281
2.19877
2.40735
2.20247
2.40283
2.19416
2.39606
2.19623
2.39726
2.19093
2.39586
2.19068
2.39177
2.18677
2.38932
2.18537
2.39294
2.18747
2.39533
2.18624
2.39543
2.18147
2.38669
2.17915
2.38926
2.18812
2.38912
2.18582
2.39664
2.19024
2.39595
2.19032
2.3948
2.19324
2.40223
2.20287
2.4075
2.1992
2.3982
2.19423
2.40233
2.19785
2.40198
2.19491
2.3953
2.19439
2.40096
2.18661
2.39627
2.1777
2.38504
2.17468
2.38172
2.17749
2.38394
2.18152
2.38409
2.18452
2.39064
2.19052
2.39551
2.19054
2.3978
2.19547
2.40086
2.19378
2.40067
2.19544
2.39931
2.19077
2.39066
2.18867
2.39852
2.19727
2.39253
2.18313
2.38561
2.18079
2.392
2.18514
2.38958
2.18504
2.39669
2.19413
2.40119
2.19641
2.39694
2.18949
2.39303
2.18932
2.39181
2.18976
2.39393
2.18741
2.3948
2.19366
2.39758
2.19118
2.39388
2.18737
2.39206
2.18339
2.38771
2.18023
2.38399
2.17965
2.38252
2.182
2.39297
2.18858
2.39723
2.19403
2.39067
2.18713
2.3932
2.1908
2.39141
2.17991
2.38895
2.18776
2.39781
2.1977
2.39959
2.19637
2.39946
2.19837
2.40829
2.19904
2.4091
2.20191
2.40535
2.19768
2.40399
2.19786
2.40557
2.19526
2.40254
2.19434
2.40356
2.19372
2.39637
2.19046
2.39195
2.19151
2.39644
2.19578
2.40263
2.1944
2.39718
2.18629
2.39273
2.19169
2.39956
2.1953
2.40067
2.18976
2.39513
2.19121
2.39639
2.18882
2.39196
2.18629
2.39948
2.20005
2.40622
2.20178
2.40669
2.19917
2.40294
2.19665
2.40307
2.1966
2.3989
2.1962
2.39744
2.1923
2.39662
2.18948
2.39904
2.19457
2.39927
2.19402
2.40022
2.19117
2.39832
2.18803
2.39226
2.1889
2.39632
2.19211
2.39807
2.19763
2.40266
2.19886
2.4082
2.20124
2.39891
2.19282
2.39934
2.19241
2.39594
2.19348
2.39726
2.18792
2.39418
2.18742
2.39675
2.19059
2.398
2.19876
2.40672
2.20086
2.40758
2.19804
2.40068
2.19831
2.40112
2.19281
2.39999
2.19038
2.39144
2.18923
2.39413
2.18892
2.39796
2.18842
2.39423
2.18903
2.39766
2.19622
2.39977
2.19342
2.40032
2.1931
2.39628
2.18903
2.39691
2.19077
2.38971
2.18282
2.38398
2.18208
2.38108
2.18022
2.38629
2.17703
2.38473
2.17961
2.39127
2.1807
2.3911
2.18793
2.39495
2.18595
2.39057
2.18779
2.38764
2.18577
2.38492
2.17895
2.39116
2.18704
2.39366
2.18652
2.39793
2.19443
2.394
2.19304
2.40088
2.19892
2.40616
2.19564
2.39971
2.18825
2.38857
2.1822
2.38773
2.18317
2.39127
2.18099
2.39003
2.18558
2.3876
2.18344
2.39472
2.1934
2.4036
2.19359
2.40596
2.2028
2.40828
2.20337
2.40714
2.19899
2.40362
2.19601
2.40134
2.19867
2.4016
2.18991
2.39855
2.19585
2.39449
2.18825
2.39809
2.18747
2.3913
