0
1.52526
1.53777
1.40718
1.43809
1.31719
1.37701
1.26222
1.32712
1.21648
1.28632
1.18423
1.26302
1.16291
1.24166
1.13406
1.22274
1.1253
1.2287
1.12478
1.22446
1.12762
1.23433
1.13753
1.24872
1.14715
1.257
1.15054
1.26877
1.16387
1.27601
1.17046
1.28612
1.18287
1.30067
1.19222
1.31514
1.20857
1.33361
1.22643
1.35434
1.24287
1.3684
1.24944
1.37335
1.25874
1.38463
1.27295
1.39925
1.28742
1.40951
1.29265
1.41954
1.29882
1.42501
1.30687
1.43778
1.32156
1.4505
1.33175
1.46296
1.34411
1.47621
1.35466
1.48781
1.36396
1.49444
1.36754
1.50251
1.36735
1.50311
1.37291
1.51112
1.37999
1.51557
1.38738
1.52612
1.39956
1.53304
1.40639
1.54789
1.41212
1.55287
1.42237
1.56262
1.43016
1.56392
1.4323
1.56555
1.43418
1.56607
1.43396
1.57384
1.43896
1.58082
1.44777
1.59136
1.45757
1.59777
1.46198
1.60534
1.46535
1.60414
1.46712
1.61066
1.47239
1.61353
1.47097
1.61194
1.47795
1.62233
1.48798
1.63205
1.49625
1.63518
1.49773
1.64082
1.50214
1.64334
1.50516
1.65178
1.51108
1.65323
1.51334
1.65771
1.51186
1.65371
1.51315
1.65326
1.5064
1.64486
1.50656
1.65156
1.51198
1.65501
1.5073
1.65703
1.52076
1.66632
1.52389
1.66563
1.52193
1.67098
1.52911
1.67196
1.53199
1.67833
1.53712
1.68264
1.54138
1.69173
1.54424
1.68998
1.54123
1.68809
1.54148
1.68742
1.54682
1.69748
1.55472
1.7021
1.55625
1.70544
1.55826
1.704
1.55902
1.70556
1.56049
1.70501
1.56144
1.70549
1.55859
1.71042
1.56131
1.70837
1.56135
1.71126
1.56675
1.71435
1.56799
1.71576
1.57141
1.72109
1.57343
1.71982
1.57326
1.72286
1.57257
1.71585
1.57113
1.71571
1.56823
1.71909
1.57249
1.71918
1.57192
1.71823
1.57207
1.7214
1.57329
1.72124
1.57669
1.71826
1.56839
1.7166
1.57068
1.72177
1.57642
1.71889
1.57284
1.72511
1.57966
1.72611
1.57909
1.73187
1.57897
1.72653
1.57778
1.72598
1.57485
1.72092
1.57254
1.72078
1.57391
1.72884
1.57698
1.72257
1.57588
1.7212
1.57348
1.72083
1.57629
1.72624
1.57864
1.72205
1.57744
1.72858
1.58146
1.72932
1.58058
1.72935
1.57613
1.72216
1.56664
1.71677
1.5667
1.71607
1.57093
1.71982
1.57274
1.72212
1.577
1.7296
1.57582
1.72602
1.58003
1.72955
1.57987
1.72938
1.57757
1.72517
1.57954
1.7269
1.57664
1.72797
1.57912
1.72615
1.58236
1.73137
1.58602
1.73541
1.59004
1.7364
1.5875
1.73723
1.58557
1.7345
1.58481
1.73438
1.58565
1.73306
1.58076
1.73078
1.58505
1.7315
1.58171
1.73252
1.58268
1.72903
1.58388
1.72683
1.57937
1.73248
1.58359
1.73565
1.58283
1.72851
1.58369
1.72876
1.58224
1.73168
1.58234
1.73299
1.58003
1.72853
1.57703
1.72463
1.57494
1.7267
1.57489
1.7227
1.57572
1.72075
1.57356
1.71872
1.57286
1.72168
1.57114
1.72384
1.57601
1.72891
1.58105
1.73143
1.58124
1.72965
1.58175
1.73121
1.5818
1.73517
1.58916
1.73519
1.58486
1.73017
1.58176
1.73147
1.58517
1.73381
1.58673
1.73341
1.58835
1.74003
1.58721
1.73294
1.58575
1.73673
1.59049
1.73843
1.59051
1.7384
1.59587
1.74499
1.59651
1.74673
1.59417
1.73976
1.58874
1.73605
1.58856
1.73925
1.58944
1.74036
1.59312
1.74504
1.58894
1.74038
1.58775
1.73662
1.58566
1.73215
1.58272
1.73222
1.58687
1.73391
1.58843
1.73777
1.5891
1.73608
1.58756
1.73711
1.59167
1.73603
1.59085
1.74373
1.58827
1.73569
1.59029
1.73228
1.58734
1.73826
1.58427
1.73612
1.58717
1.73614
1.59148
1.7377
1.58741
1.7383
1.58735
1.73554
1.58506
1.72957
1.58446
1.73367
1.58332
1.73418
1.5865
1.73509
1.58607
1.73242
1.58246
1.73176
1.58
1.73299
1.58527
1.73514
1.58467
1.72819
1.57943
1.73327
1.58533
1.73617
1.5844
1.73413
1.58187
1.7321
1.58532
1.73565
1.58502
1.73273
1.58325
1.72926
1.58265
1.72976
1.58376
1.72937
1.58038
1.7273
1.58326
1.73154
1.57552
1.72452
1.57682
1.72541
1.57062
1.71656
1.56848
1.71913
1.56843
1.72081
1.57302
1.72357
1.57356
1.72216
1.57443
1.71997
1.57619
1.72429
1.57501
1.72657
1.57971
1.72745
1.57429
1.7289
1.57738
1.72777
1.58178
1.72946
1.57973
1.72904
1.57911
1.73056
1.58422
1.72867
1.58466
1.73542
1.58811
1.73572
1.58509
1.73946
1.59069
1.73955
1.59138
1.74114
1.5866
1.73176
1.58474
1.72745
1.58171
1.72547
1.57877
1.7315
1.58154
1.7329
1.58521
1.73457
1.58641
1.73458
1.58816
1.73413
1.58157
1.72934
1.58155
1.72981
1.58091
1.72929
1.58252
1.72795
1.58465
1.73294
1.58619
1.73291
1.58843
1.73453
1.5831
1.7313
1.58342
1.73194
1.58716
1.73778
1.58628
1.73252
1.58345
1.73283
1.58133
1.73237
1.58306
1.73278
1.58133
1.73123
1.58244
1.72825
1.57892
1.72692
1.58031
1.73157
1.58565
1.73633
1.58835
1.73859
1.58484
1.7338
1.58702
1.73432
1.58636
1.73525
1.58592
1.73635
1.5866
1.73235
1.58529
1.73153
1.58627
1.73136
1.58444
1.7281
1.58231
1.73202
1.58364
1.73289
1.58302
1.73006
1.57903
1.72844
1.58061
1.72559
1.57886
1.72788
1.57275
1.72577
1.57447
1.7261
1.5786
1.72583
1.57698
1.72574
1.57973
1.72544
1.57167
1.72145
1.57512
1.72668
1.57765
1.72422
1.57799
1.72602
1.58252
1.7335
1.58523
1.73028
1.58057
1.73223
1.5811
1.72999
1.57838
1.72515
1.58084
1.73219
1.58553
1.73013
1.58353
1.73325
1.5878
1.73984
1.58552
1.73644
1.59041
1.74186
1.59323
1.73809
1.59328
1.74079
1.58931
1.73658
1.58701
1.73993
1.58964
1.73992
1.58464
1.73132
1.5818
1.72953
1.58109
1.73091
1.58304
1.73612
1.5913
1.73855
1.58727
1.73357
1.58593
1.73359
1.57735
1.72537
1.57783
1.72444
1.5785
1.72975
1.58373
1.73748
1.58727
1.73927
1.59236
1.74243
1.59104
1.73565
1.58844
1.73343
1.58663
1.73498
1.58205
1.73251
1.58475
1.73495
1.58931
1.73381
1.58127
1.72749
1.57366
1.72037
1.57168
1.72163
1.57485
1.72304
1.57745
1.72672
1.58048
1.72626
1.57709
1.72425
1.57483
1.72771
1.5776
1.72426
1.57244
1.72167
1.57533
1.72701
1.57848
1.72778
1.57743
1.72787
1.5755
1.72492
1.57534
1.72496
1.57729
1.72709
1.57504
1.72741
1.58156
1.73135
1.58278
1.73196
1.58005
1.73194
1.58343
1.73424
1.58237
1.73156
1.58263
1.73225
1.584
1.7342
1.58556
1.73496
1.58328
1.73739
1.58793
1.73642
1.58712
1.73214
1.58135
1.73288
1.58432
1.73035
1.5836
1.72677
1.5771
1.72673
1.57568
1.72729
1.58425
1.73192
1.58372
1.73143
1.58392
1.73444
1.58165
1.73062
1.5766
1.72551
1.57579
1.71917
1.57004
1.72407
1.57892
1.72504
1.57981
1.73096
1.5825
1.73278
1.58232
1.73422
1.5835
1.73694
1.58866
1.73802
1.58827
1.73588
1.58707
1.7365
1.58544
1.72947
1.58359
1.73147
1.58358
1.73704
1.59033
1.73755
1.58537
1.73195
1.57897
1.72851
1.57839
1.72421
1.57787
1.72489
1.57882
1.72103
1.57431
1.72881
1.58216
1.72921
1.58251
1.72966
1.58103
1.7259
1.57908
1.72885
1.57707
1.72588
1.579
1.72844
1.57705
1.72433
1.5791
1.73197
1.58122
1.7307
1.58408
1.73269
1.5873
1.73841
1.58579
1.73627
1.58954
1.7368
1.58789
1.73624
1.58812
1.73616
1.59072
1.73901
1.58893
1.73656
1.58673
1.73619
1.58451
1.73362
1.58383
1.73344
1.58779
1.73432
1.5877
1.73384
1.58406
1.73384
1.58467
1.7323
1.58637
1.73327
1.58737
1.73686
1.58818
1.74042
1.58672
1.73479
1.58851
1.73329
1.5866
1.73241
1.58307
1.73359
1.58142
1.73201
1.58107
1.73022
1.58101
1.72983
1.58258
1.73036
1.57873
1.73055
1.58496
1.73215
1.58335
1.7287
1.57634
1.72979
1.58182
1.73073
1.58498
1.73294
1.58294
1.73212
1.58321
1.73608
1.58728
1.73859
1.59041
1.73555
1.58726
1.73783
1.5907
1.74009
1.59033
1.73881
1.5894
1.73661
1.58941
1.736
1.585
1.73381
1.58633
1.73476
1.58492
1.73391
1.58746
1.73621
1.58486
1.73042
1.57824
1.72953
1.58106
1.73146
1.58052
1.73039
1.58413
1.73135
1.58205
1.73343
1.58475
1.72973
1.58049
1.73131
1.58428
1.73162
1.58298
1.72904
1.57571
1.72741
1.58018
1.7316
1.58318
1.7328
1.57989
1.72724
1.57808
1.72641
1.57981
1.7276
1.57865
1.72938
1.58175
1.72901
1.57998
1.7255
1.57561
1.7246
1.57978
1.73058
1.58516
1.73396
1.58657
1.73247
1.58409
1.73859
1.59046
1.73858
1.58782
1.7329
1.58486
1.7338
1.58696
1.73372
1.58271
1.73245
1.58031
1.73142
1.58725
1.73794
1.58707
1.73467
1.58387
1.73071
1.58214
1.73309
1.5835
1.72793
1.58073
1.73179
1.58293
1.73527
1.5896
1.73803
1.58322
1.73316
1.58321
1.73353
1.58695
1.73728
1.58881
1.73709
1.59109
1.73825
1.58715
1.73385
1.58261
1.732
1.58316
1.7307
1.58231
1.73331
1.58573
1.73728
1.58604
1.73579
1.58838
1.73679
1.58582
1.73508
1.58758
1.73413
1.58717
1.73526
1.58656
1.73426
1.58362
1.73103
1.582
1.72871
1.57618
1.72429
1.57707
1.73017
1.58311
1.73089
1.58394
1.7332
1.58523
1.73703
1.58481
1.73613
1.58749
1.73914
1.59224
1.74057
1.59573
1.73957
1.58434
1.73112
1.58562
1.73195
1.58446
1.73221
1.58619
1.73562
1.58862
1.7401
1.59074
1.73653
1.59202
1.73902
1.59227
1.73998
1.58768
1.73629
1.58754
1.74203
1.59726
1.74365
1.595
1.74348
1.59616
1.74953
1.59969
1.74604
1.60039
1.74562
1.5929
1.73944
1.58917
1.73546
1.58417
1.73039
1.58019
1.7339
1.58418
1.72616
1.58263
1.73747
1.59188
1.74026
1.59287
1.74577
1.59767
1.74763
1.59639
1.74381
1.59514
1.74573
1.59271
1.74027
1.5897
1.73517
1.5832
1.72921
1.57747
1.72633
1.57882
1.72997
1.57959
1.72983
1.58217
1.73067
1.57718
1.7279
1.57962
1.72922
1.5822
1.73303
1.58576
1.73174
1.57889
1.72964
1.58193
1.73049
1.58293
1.72694
1.57643
1.72664
1.57719
1.72794
1.58061
1.73206
1.57943
1.72797
1.57315
1.7278
1.5771
1.72447
1.57821
1.72902
1.58361
1.7322
1.58229
1.72671
1.57579
1.72692
1.57889
1.7237
1.57631
1.72868
1.57653
1.7229
1.57628
1.7277
1.58192
1.72856
1.57934
1.7255
1.57707
1.72206
1.57015
1.7198
1.57177
1.72697
1.57711
1.72841
1.58236
1.73337
1.58435
1.73467
1.5865
1.73607
1.58868
1.73969
1.59276
1.73887
1.59044
1.73937
1.59374
1.7431
1.59094
1.73852
1.58622
1.73404
1.58473
1.73618
1.58474
1.73646
1.58405
1.73246
1.58642
1.73448
1.5841
1.72899
1.58094
1.7275
1.58011
1.7316
1.58442
1.73146
1.58565
1.73287
1.58169
1.73002
1.58069
1.7307
1.58363
1.72963
1.57757
1.72697
1.57623
1.72247
1.5676
1.71799
1.57295
1.72318
1.57792
1.72594
1.58225
1.7362
1.5883
1.73727
1.58654
1.73826
1.58703
1.73465
1.58662
1.73658
1.5853
1.73139
1.58248
1.72767
1.57953
1.73025
1.57934
1.72909
1.57854
1.72762
1.57774
1.72724
1.5803
1.73078
1.58118
1.72937
1.57269
1.7205
1.57329
1.7212
1.57288
1.72084
1.57546
1.72364
1.57322
1.72223
1.57186
1.72216
1.57284
1.71797
1.57028
1.72251
1.57448
1.72772
1.58192
1.72947
1.58084
1.72767
1.57664
1.72608
1.58369
1.73343
1.58407
1.73303
1.58585
1.73357
1.58311
1.73298
1.58616
1.73534
1.58423
1.73505
1.58702
1.73497
1.58463
1.73359
1.58576
1.73157
1.58291
1.73217
1.58263
1.73359
1.58406
1.73088
1.58411
1.73357
1.58251
1.73238
1.57812
1.72721
1.57767
1.72639
1.58116
1.73183
1.58639
1.73607
1.58535
1.72537
1.57923
1.72966
1.5857
1.73407
1.58713
1.73797
1.58835
1.73665
1.58777
1.73608
1.5836
1.73088
1.58235
1.7272
1.57618
1.72441
1.5786
1.72649
1.57659
1.72632
1.57905
1.72992
1.58271
1.73271
1.58525
1.73604
1.59088
1.73752
1.59061
1.74324
1.58879
1.73833
1.59112
1.73705
1.59156
1.73403
1.58788
1.73166
1.58168
1.72647
1.57637
1.72627
1.57968
1.73052
1.58009
1.7292
1.57967
1.7309
1.58301
1.73375
1.58395
1.73279
1.5849
1.73627
1.58679
1.73224
1.58585
1.73362
1.58317
1.72965
1.57781
1.73125
1.58156
1.73006
1.58316
1.73292
1.58869
1.73387
1.58371
1.73804
1.58907
1.73576
1.58282
1.73055
1.57804
1.72813
1.57385
1.72372
1.57377
1.72116
1.5756
1.72928
1.58333
1.72992
1.57707
1.73049
1.58507
1.73361
1.58078
1.7303
1.57757
1.72276
1.57299
1.72257
1.57519
1.72084
1.57175
1.72241
1.57449
1.72504
1.56971
1.72198
1.5753
1.72734
1.57541
1.72563
1.5739
1.72319
1.57899
1.72888
1.57722
1.72361
1.57386
1.7286
1.58178
1.73264
1.58436
1.72973
1.57849
1.72888
1.57898
1.7281
1.58215
1.72958
1.57954
1.72418
1.57164
1.72478
1.57577
1.72074
1.57501
1.72097
1.5712
1.72091
1.57665
1.72207
1.57018
1.71591
1.56419
1.7149
1.57025
1.71995
1.57398
1.72604
1.57712
1.72346
1.57387
1.72886
1.57966
1.7294
1.58474
1.73219
1.58895
1.73742
1.59095
1.73822
1.58744
1.73245
1.58655
1.7357
1.5871
1.73465
1.58437
1.73564
1.58775
1.73614
1.58854
1.73705
1.58583
1.7328
1.58377
1.73229
1.58449
1.73488
1.58611
1.73467
1.58942
1.73867
1.58963
1.73832
1.58837
1.73693
1.58895
1.73514
1.58621
1.73659
1.58475
1.73762
1.58956
1.7368
1.5883
1.73375
1.58539
1.73227
1.58339
1.72926
1.58202
1.73112
1.58163
1.73409
1.58887
1.73307
1.58452
1.73447
1.58438
1.7352
1.58447
1.73239
1.57975
1.72969
1.58217
1.72882
1.58111
1.73087
1.58081
1.73261
1.58449
1.73564
1.58518
1.73448
1.58264
1.72619
1.57913
1.72648
1.57454
1.72544
1.58122
1.73178
1.58771
1.73551
1.58173
1.73109
1.58309
1.73138
1.57776
1.72444
1.57452
1.72232
1.57251
1.7254
1.57749
1.72779
1.57692
1.72479
1.57651
1.72424
1.5779
1.7234
1.57496
1.7252
1.57501
1.72547
1.58007
1.73255
1.57989
1.72614
1.57374
1.72366
1.57369
1.72091
1.57388
1.72032
1.57282
1.72306
1.5759
1.72679
1.57778
1.72354
1.57701
1.72717
1.57982
1.73013
1.58144
1.73495
1.58683
1.73296
1.57848
1.72556
1.57674
1.72535
1.57977
1.73196
1.58229
1.72924
1.58002
1.73165
1.58681
1.73107
1.57894
1.72439
1.57898
1.73051
1.57962
1.72819
1.58379
1.7338
1.58248
1.7326
1.5857
1.73292
1.57873
1.73116
1.57963
1.72936
1.58081
1.73463
1.58512
1.73328
1.58786
1.74025
1.5912
1.73783
1.58688
1.72974
1.58451
1.73836
1.58946
1.73948
1.59085
1.74055
1.59474
1.73935
1.5832
1.73169
1.58737
1.73251
1.58214
1.72786
1.58058
1.72824
1.57986
1.72705
1.57949
1.73184
1.58433
1.73293
1.58399
1.73441
1.58602
1.73273
1.58186
1.72991
1.57556
1.71806
1.56723
1.71906
1.57498
1.72368
1.57073
1.71574
1.56837
1.72023
1.57835
1.72207
1.5771
1.73345
1.5835
1.73016
1.57768
1.72287
1.57463
1.72439
1.57658
1.7243
1.57661
1.72557
1.57974
1.73157
1.58396
1.73483
1.58552
1.73897
1.59162
1.7398
1.58796
1.73557
1.58494
1.73429
1.58727
1.73671
1.58805
1.73881
1.58718
1.73538
1.58574
1.73673
1.58166
1.72762
1.58226
1.73066
1.58317
1.73459
1.58761
1.73599
1.58582
1.73128
1.58458
1.73403
1.58601
1.73705
1.58636
1.73485
1.5817
1.72964
1.58242
1.72687
1.58181
1.72998
1.58531
1.7304
1.57809
1.7265
1.57929
1.72937
1.58042
1.72642
1.58011
1.7287
1.58196
1.73361
1.58662
1.73373
1.58192
1.7296
1.57986
1.72961
1.5812
1.73036
1.582
1.73146
1.58292
1.72958
1.58057
1.73158
1.58115
1.73132
1.5822
1.73215
1.58678
1.73458
1.58565
1.73323
1.58394
1.73343
1.58964
1.73884
1.5891
1.73722
1.58516
1.73477
1.5854
1.73121
1.58609
1.7339
1.58674
1.73395
1.58143
1.73079
1.58381
1.73205
1.58271
1.7328
1.58821
1.73284
1.584
1.73027
1.5839
1.73352
1.58587
1.73419
1.58675
1.73583
1.58437
1.72873
1.58013
1.73244
1.58511
1.73225
1.58252
1.73062
1.58196
1.72698
1.57648
1.72596
1.57773
1.72218
1.57633
1.72516
1.57338
1.7206
1.56987
1.71913
1.57744
1.729
1.58064
1.73212
1.58244
1.73167
1.58353
1.7325
1.58285
1.73663
1.58889
1.73793
1.5909
1.74362
1.58997
1.7427
1.59133
1.73921
1.58618
1.73389
1.58522
1.73759
1.5899
1.73688
1.58219
1.73061
1.58154
1.72963
1.58362
1.73349
1.58626
1.73902
1.59001
1.73894
1.58579
1.73104
1.58098
1.72961
1.58157
1.73213
1.58832
1.73569
1.58422
1.73269
1.58463
1.73503
1.5855
1.73618
1.58564
1.73297
1.58541
1.73401
1.58808
1.73757
1.58684
1.73002
1.58348
1.73033
1.57996
1.72754
1.58018
1.72762
1.57989
1.73081
1.58668
1.73254
1.58463
1.73366
1.57837
1.72788
1.58037
1.73054
1.58451
1.73243
1.58134
1.72862
1.58277
1.73235
1.58692
1.73571
1.58264
1.73419
1.58853
1.73713
1.58954
1.73822
1.58623
1.73201
1.58476
1.73088
1.57934
1.72897
1.58425
1.73366
1.58387
1.73235
1.58393
1.73642
1.58645
1.73253
1.58308
1.73188
1.58139
1.72981
1.58358
1.73016
1.58358
1.73091
1.57775
1.72951
1.57874
1.72824
1.57901
1.72562
1.57882
1.72541
1.57491
1.72301
1.56944
1.72483
1.57439
1.72362
1.57854
1.72844
1.5777
1.72974
1.5786
1.73073
1.57924
1.72337
1.57866
1.73001
1.5806
1.72978
1.57876
1.72813
1.57926
1.72687
1.58045
1.73004
1.57942
1.72775
1.57842
1.72117
1.57584
1.72525
1.57763
1.72542
1.58142
1.73225
1.58164
1.73173
1.58332
1.73335
1.58436
1.7301
1.5827
1.73013
1.58357
1.73443
1.58335
1.73529
1.58714
1.73488
1.58424
1.73275
1.58765
1.73664
1.58516
1.72862
1.57931
1.72873
1.57862
1.72573
1.57662
1.72125
1.57373
1.72543
1.57844
1.72355
1.57202
1.7202
1.57198
1.72304
1.57463
1.72706
1.57934
1.72719
1.58096
1.73188
1.58462
1.72843
1.57788
1.72592
1.57927
1.72472
1.57594
1.72888
1.57909
1.72703
1.58085
1.73001
1.58536
1.73201
1.58351
1.73167
1.58526
1.7376
1.59089
1.74115
1.59013
1.73156
1.58296
1.72846
1.5832
1.73302
1.58658
1.73338
1.5864
1.74015
1.59015
1.73298
1.58386
1.73244
1.58034
1.72977
1.58252
1.72798
1.57159
1.723
1.57749
1.7299
1.58164
1.73657
1.58739
1.7366
1.5874
1.73913
1.58997
1.7393
1.58905
1.73372
1.58668
1.73465
1.58711
1.73771
1.58771
1.73349
1.58906
1.73651
1.58638
1.73203
1.58365
1.73146
1.58098
1.73109
1.58427
1.73259
1.58136
1.73052
1.58396
1.73106
1.58329
1.73385
1.58713
1.73199
1.58704
1.73817
1.58774
1.73486
1.58599
1.73737
1.58672
1.73791
1.58907
1.7362
1.59046
1.73779
1.58525
1.73472
1.58201
1.73131
1.57836
1.72734
1.58059
1.72717
1.57994
1.72554
1.57157
1.72451
1.57729
1.72894
1.58543
1.73137
1.58769
1.74153
1.59159
1.7393
1.59152
1.73894
1.59072
1.74012
1.58888
1.73915
1.5899
1.73726
1.58781
1.73622
1.58993
1.73995
1.59102
1.73756
1.58363
1.73534
1.58676
1.73672
1.58298
1.73553
1.58444
1.733
1.58166
1.73202
1.579
1.72651
1.57763
1.72302
1.57802
1.72769
1.57871
1.72466
1.57367
1.72951
1.58202
1.72788
1.57709
1.72522
1.57975
1.72581
1.5786
1.727
1.5782
1.72198
1.57193
1.72185
1.57331
1.72684
1.57876
1.72516
1.5779
1.72742
1.57961
1.72684
1.58222
1.7336
1.5851
1.73046
1.58295
1.7292
1.5832
1.73141
1.58296
1.73167
1.58114
1.72947
1.58215
1.72925
1.58285
1.73016
1.58253
1.73079
1.583
1.72864
1.57622
1.72472
1.57585
1.72352
1.57431
1.72468
1.57853
1.72779
1.58335
1.73601
1.58947
1.73615
1.58664
1.73248
1.57975
1.72728
1.58101
1.73181
1.58358
1.73177
1.58118
1.72936
1.58464
1.73532
1.58702
1.73624
1.58409
1.73548
1.58536
1.73031
1.58249
1.73362
1.58822
1.73059
1.58277
1.72515
1.5779
1.72749
1.58232
1.72345
1.57396
1.72208
1.57252
1.72231
1.57126
1.72208
1.57773
1.72456
1.57556
1.72453
1.57855
1.72999
1.5833
1.73032
1.58046
1.72935
1.58341
1.73422
1.58575
1.73526
1.59056
1.74132
1.59019
1.74155
1.59621
1.74433
1.59514
1.74306
1.59715
1.74707
1.5969
1.74284
1.59428
1.7413
1.59148
1.74076
1.59209
1.74004
1.59076
1.73533
1.58093
1.7306
1.58111
1.7339
1.58596
1.7345
1.5825
1.73071
1.58217
1.73423
1.58519
1.73467
1.58595
1.73203
1.58614
1.73198
1.58245
1.72798
1.57795
1.72632
1.57812
1.72613
1.57759
1.7227
1.56747
1.71904
1.57146
1.72314
1.57841
1.72594
1.57744
1.72502
1.57349
1.72236
1.57817
1.72491
1.57425
1.72644
1.57469
1.72128
1.57579
1.7264
1.57841
1.7269
1.57776
1.73017
1.58065
1.72898
1.57778
1.73236
1.57915
1.72777
1.58338
1.7328
1.5853
1.73124
1.5791
1.73002
1.57969
1.72975
1.58558
1.73644
1.58591
1.73445
1.58258
1.7322
1.58259
1.73331
1.57949
1.72485
1.57892
1.72709
1.57573
1.7271
1.58319
1.7311
1.58247
1.72837
1.57995
1.73216
1.58474
1.73254
1.58547
1.73606
1.5865
1.73273
1.58467
1.73399
1.58336
1.7332
1.58194
1.73338
1.58548
1.73551
1.58899
1.73809
1.58809
1.73527
1.58794
1.73835
1.59263
1.74048
1.58968
1.73737
1.59062
1.7379
1.59191
1.74069
1.5908
1.73957
1.59145
1.743
1.59576
1.74384
1.59546
1.74327
1.59367
1.74014
1.58697
1.73939
1.58905
1.743
1.59282
1.73798
1.58771
1.73819
1.58807
1.73851
1.59085
1.73629
1.58746
1.73711
1.58908
1.74
1.59055
1.73997
1.59452
1.74172
1.59139
1.73828
1.59169
1.73806
1.59167
1.74078
1.59159
1.73574
1.58462
1.73513
1.58194
1.72743
1.57563
1.72892
1.58021
1.72892
1.57553
1.72621
1.57936
1.72743
1.57515
1.72943
1.58608
1.73101
1.58654
1.73361
1.58482
1.73245
1.58316
1.73041
1.58289
1.73277
1.58375
1.73404
1.58644
1.73466
1.58772
1.73955
1.59042
1.73809
1.58864
1.73741
1.58394
1.72963
1.58303
1.73465
1.58926
1.73483
1.58895
1.7386
1.59094
1.7408
1.58847
1.73102
1.58554
1.73557
1.58596
1.73365
1.58268
1.73256
1.58599
1.73565
1.58358
1.73049
1.57817
1.72675
1.57789
1.72735
1.57919
1.72485
1.57706
1.72752
1.57972
1.73117
1.58863
1.73611
1.58832
1.73187
1.58083
1.73206
1.5848
1.7367
1.58681
1.731
1.58564
1.73271
1.586
1.73217
1.58781
1.73928
1.59173
1.74385
1.5899
1.73962
1.58787
1.73363
1.58737
1.73998
1.58313
1.73265
1.58263
1.72862
1.58321
1.73369
1.58506
1.73324
1.58378
1.73264
1.58452
1.73273
1.58546
1.73367
1.58864
1.73852
1.58903
1.73001
1.5788
1.7257
1.57461
1.72375
1.57648
1.7276
1.57986
1.72967
1.5819
1.73405
1.58644
1.73605
1.57922
1.7303
1.58303
1.73098
1.58439
1.73546
1.58782
1.73685
1.58822
1.73785
1.59149
1.73963
1.59034
1.73842
1.58552
1.73892
1.58976
1.73799
1.58751
1.73638
1.58674
1.73675
1.59036
1.73862
1.58726
1.73576
1.58563
1.73186
1.5841
1.73188
1.58448
1.73339
1.58755
1.73701
1.58189
1.72822
1.5822
1.72658
1.5802
1.72581
1.57706
1.7265
1.57887
1.72524
1.57309
1.72055
1.57416
1.72708
1.57906
1.72857
1.58537
1.73367
1.58721
1.73579
1.58734
1.73581
1.58601
1.73954
1.58902
1.73692
1.58576
1.73609
1.58335
1.72985
1.58287
1.73483
1.58457
1.733
1.58335
1.73104
1.58521
1.73491
1.58707
1.73571
1.58612
1.7387
1.59106
1.74154
1.59262
1.74387
1.5935
1.74235
1.59202
1.73799
1.58907
1.73304
1.58472
1.73165
1.58661
1.73684
1.58563
1.73088
1.5818
1.72817
1.57791
1.72606
1.58081
1.73164
1.58178
1.72811
1.58068
1.72958
1.57704
1.7273
1.57755
1.72933
1.57985
1.72554
1.57674
1.7284
1.58308
1.73618
1.58691
1.73794
1.58933
1.73435
1.58575
1.73444
1.58435
1.73233
1.58126
1.7322
1.58477
1.73403
1.58558
1.7345
1.58275
1.72798
1.57884
1.72407
1.57833
1.73392
1.58446
1.73515
1.58558
1.73529
1.58715
1.73567
1.58694
1.73538
1.5871
1.73522
1.58504
1.73265
1.58394
1.73401
1.58321
1.72963
1.58107
1.73091
1.58396
1.73361
1.57945
1.72676
1.58
1.73075
1.58077
1.73204
1.58171
1.72768
1.58206
1.73296
1.58347
1.7308
1.58387
1.73213
1.58374
1.73267
1.58138
1.73223
1.58424
1.73185
1.57762
1.72588
1.57719
1.72824
1.58124
1.72812
1.57725
1.72827
1.58106
1.72782
1.58064
1.73449
1.58655
1.73304
1.58095
1.72849
1.58161
1.73265
1.5804
1.73044
1.58111
1.7313
1.57961
1.73155
1.57982
1.72579
1.57402
1.72239
1.5774
1.73265
1.5869
1.73603
1.58462
1.73234
1.58257
1.72532
1.57674
1.72775
1.57647
1.72621
1.57707
1.72504
1.57893
1.72686
1.57671
1.72622
1.58151
1.7304
1.58215
1.73406
1.58656
1.73564
1.5911
1.73768
1.58906
1.73974
1.59185
1.73993
1.59167
1.7415
1.59005
1.74477
1.59213
1.74133
1.59234
1.73952
1.59185
1.7397
1.59091
1.74029
1.58669
1.73685
1.58675
1.73244
1.58358
1.73646
1.58587
1.73559
1.5872
1.73503
1.57775
1.72465
1.57817
1.72761
1.58188
1.73016
1.5836
1.73157
1.57963
1.72956
1.57731
1.72762
1.57758
1.73019
1.5851
1.73479
1.5841
1.7327
1.58236
1.73652
1.58632
1.73605
1.5898
1.74115
1.59161
1.7385
1.59048
1.74013
1.59171
1.73981
1.58517
1.73426
1.58787
1.73898
1.58063
1.73247
1.5871
1.73157
1.58118
1.73212
1.58696
1.72938
1.58104
1.7308
1.58707
1.73724
1.58953
1.74259
1.59348
1.73965
1.5868
1.73478
1.58844
1.73753
1.5873
1.73672
1.59
1.73753
1.58404
1.73119
1.58501
1.73558
1.58676
1.73365
1.58385
1.7313
1.58368
1.72938
1.58331
1.73128
1.58692
1.73033
1.5807
1.72803
1.58109
1.73204
1.57933
1.72908
1.58133
1.72959
1.58079
1.72972
1.58411
1.73616
1.58461
1.7317
1.58416
1.73538
1.58249
1.73346
1.5887
1.73943
1.58943
1.73106
1.58346
1.73144
1.58492
1.7365
1.59379
1.74121
1.58944
1.73879
1.58949
1.73588
1.59069
1.73502
1.58533
1.73317
1.58308
1.73164
1.58382
1.72969
1.58266
1.73267
1.58003
1.72689
1.57891
1.72762
1.57563
1.72726
1.57286
1.72334
1.57487
1.72485
1.57084
1.71647
1.57321
1.72045
1.5759
1.72169
1.57466
1.72269
1.57511
1.72411
1.57586
1.7268
1.5779
1.72556
1.57596
1.72226
1.57536
1.72456
1.57607
1.72647
1.57607
1.72405
1.58059
1.73075
1.57912
1.72487
1.57545
1.7231
1.57791
1.72634
1.57858
1.72749
1.57827
1.72911
1.58244
1.72632
1.578
1.72151
1.57538
1.72873
1.58009
1.72929
1.58249
1.72885
1.58108
1.73019
1.58078
1.73033
1.58199
1.73048
1.58654
1.73207
1.58465
1.7312
1.58731
1.73583
1.58523
1.73299
1.58584
1.73259
1.57978
1.73037
1.58223
1.73143
1.58516
1.73145
1.58459
1.72976
1.57921
1.72923
1.58434
1.73564
1.58722
1.73776
1.58884
1.73722
1.58603
1.73682
1.5891
1.73752
1.58297
1.72822
1.58488
1.73487
1.58677
1.73702
1.59152
1.73815
1.58837
1.74069
1.59086
1.74106
1.59044
1.73623
1.58884
1.7415
1.58947
1.73825
1.5886
1.73479
1.58642
1.73398
1.58489
1.73684
1.59473
1.74433
1.59452
1.74
1.58744
1.73537
1.58235
1.7309
1.582
1.72985
1.58314
1.73115
1.58404
1.73425
1.58162
1.7241
1.57698
1.73113
1.57979
1.72838
1.58194
1.72884
1.579
1.73162
1.57723
1.72942
1.58068
1.72909
1.58079
1.73067
1.58071
1.73571
1.58388
1.73406
1.58645
1.738
1.58532
1.73931
1.59009
1.73674
1.58525
1.73039
1.58645
1.73266
1.57725
1.71895
1.57082
1.72219
1.57513
1.7264
1.57931
1.73157
1.58248
1.72658
1.57921
1.72641
1.57449
1.72224
1.57185
1.72071
1.57729
1.72789
1.58205
1.73315
1.58331
1.73241
1.5826
1.73113
1.58391
1.72922
1.58092
1.73268
1.58373
1.73108
1.58096
1.72718
1.57973
1.72918
1.58108
1.7301
1.58238
1.7307
1.58372
1.72956
1.58331
1.73577
1.5849
1.73288
1.58871
1.74006
1.58311
1.7345
1.58649
1.7371
1.58775
1.73557
1.58596
1.73515
1.59006
1.73867
1.5895
1.73856
1.59021
1.73783
1.58545
1.73374
1.58159
1.73422
1.58664
1.73694
1.59004
1.73669
1.58933
1.73881
1.58979
1.73612
1.58712
1.73282
1.58583
1.73281
1.58292
1.72919
1.58427
1.7309
1.58071
1.72651
1.57842
1.72766
1.57519
1.7222
1.56979
1.71662
1.57409
1.72076
1.56843
1.72046
1.57494
1.72771
1.58161
1.73056
1.58291
1.72761
1.57908
1.72846
1.58275
1.72767
1.57954
1.72674
1.57777
1.72594
1.5826
1.72861
1.58169
1.73039
1.57935
1.73055
1.57815
1.7298
1.58527
1.73037
1.58567
1.73585
1.5847
1.73752
1.58641
1.73457
1.58837
1.73815
1.58761
1.73759
1.58981
1.73447
1.57768
1.72669
1.58084
1.73496
1.57908
1.73002
1.58185
1.73101
1.58109
1.72523
1.57845
1.72698
1.57531
1.72187
1.5766
1.7259
1.58335
1.73719
1.58551
1.73322
1.58167
1.72856
1.5827
1.72818
1.5807
1.72777
1.58396
1.73721
1.58643
1.73419
1.58556
1.73345
1.58576
1.73081
1.57927
1.72528
1.57967
1.72814
1.57965
1.72883
1.57855
1.72854
1.58325
1.72887
1.58258
1.7262
1.58116
1.72977
1.57997
1.72677
1.58478
1.73643
1.58752
1.73633
1.58532
1.73225
1.58035
1.72909
1.58572
1.73573
1.58581
1.73218
1.58479
1.73344
1.58533
1.73357
1.58922
1.7348
1.58466
1.73506
1.58833
1.73837
1.59029
1.73669
1.58783
1.73431
1.58942
1.73711
1.58857
1.73715
1.58718
1.73134
1.58141
1.73052
1.58262
1.73026
1.58272
1.73431
1.58691
1.73836
1.59079
1.73539
1.58823
1.73643
1.58477
1.73579
1.58684
1.73099
1.58089
1.72893
1.58344
1.72958
1.58057
1.72961
1.58151
1.73061
1.58165
1.72938
1.57859
1.72378
1.57491
1.72357
1.57572
1.72433
1.57655
1.72598
1.57555
1.72541
1.57464
1.72238
1.57638
1.72614
1.57549
1.72346
1.57477
1.72631
1.57106
1.72218
1.57723
1.72584
1.58243
1.72986
1.58242
1.7326
1.584
1.73366
1.58434
1.73408
1.58204
1.73265
1.58459
1.73361
1.58775
1.73397
1.58273
1.73178
1.58398
1.73485
1.58407
1.73287
1.57876
1.72803
1.58326
1.73079
1.57941
1.72737
1.58088
1.7323
1.58181
1.72834
1.57883
1.72461
1.57938
1.72968
1.58162
1.73095
1.58316
1.73378
1.58528
1.73443
1.5902
1.73831
1.58242
1.72971
1.57836
1.72724
1.57576
1.72867
1.57903
1.73098
1.58104
1.73023
1.58819
1.73353
1.58513
1.73517
1.58432
1.7329
1.5859
1.73187
1.58076
1.73366
1.58895
1.73757
1.58995
1.73725
1.58601
1.73193
1.57949
1.72806
1.58576
1.73437
1.58158
1.73096
1.57992
1.73127
1.58185
1.7318
1.57889
1.72919
1.58119
1.73266
1.58244
1.72917
1.5762
1.71959
1.57213
1.7224
1.57509
1.72895
1.57579
1.72564
1.57746
1.73
1.5803
1.73021
1.58309
1.72974
1.58122
1.72531
1.57636
1.7236
1.57921
1.72736
1.57859
1.72878
1.57971
1.72641
1.58162
1.7302
1.5851
1.73123
1.58245
1.73009
1.58404
1.7334
1.58184
1.72904
1.58488
1.7319
1.58692
1.73678
1.58862
1.73991
1.58982
1.74222
1.59311
1.73814
1.59022
1.73981
1.58913
1.73455
1.58637
1.73177
1.58101
1.73242
1.58411
1.73305
1.58847
1.74002
1.59131
1.74027
1.59067
1.73937
1.58808
1.73876
1.59154
1.73858
1.58889
1.73537
1.58508
1.73199
1.59131
1.74218
1.59245
1.73885
1.5815
1.73144
1.5809
1.7354
1.58832
1.73827
1.58753
1.73383
1.58457
1.73393
1.58666
1.73479
1.58602
1.73676
1.58708
1.73528
1.59004
1.73835
1.58651
1.73759
1.58845
1.74084
1.58956
1.73924
1.59067
1.73645
1.59027
1.74108
1.59353
1.74263
1.59882
1.74309
1.59283
1.74028
1.59138
1.73932
1.58824
1.73658
1.58338
1.73531
1.58864
1.73385
1.58276
1.73217
1.58467
1.7324
1.58891
1.73738
1.58489
1.73586
1.58186
1.72917
1.57678
1.7213
1.57454
1.72477
1.58136
1.73133
1.58711
1.73754
1.58681
1.73465
1.58846
1.73895
1.58607
1.73404
1.58435
1.73136
1.58555
1.7352
1.58648
1.73716
1.58469
1.73002
1.58319
1.72914
1.57666
1.72673
1.57491
1.72673
1.57327
1.72094
1.57349
1.72705
1.58082
1.73216
1.58232
1.73167
1.5788
1.72873
1.57916
1.73081
1.58194
1.73017
1.57726
1.72782
1.58049
1.72543
1.5788
1.72828
1.57943
1.73057
1.57891
1.72703
1.57611
1.72673
1.58135
1.73413
1.58418
1.73404
1.58179
1.73078
1.58447
1.73393
1.58708
1.7382
1.58683
1.73729
1.58956
1.73849
1.58299
1.73341
1.58846
1.7371
1.58858
1.73616
1.58934
1.73776
1.58729
1.73456
1.58323
1.73258
1.58338
1.73026
1.58667
1.7326
1.58316
1.73497
1.59085
1.73802
1.59249
1.74318
1.58499
1.73275
1.58633
1.73139
1.57996
1.7289
1.58021
1.73116
1.58715
1.73866
1.58716
1.73301
1.58721
1.73648
1.58573
1.73182
1.58325
1.73419
1.58558
1.73418
1.58718
1.73625
1.58825
1.73684
1.58021
1.73052
1.58307
1.73391
1.58337
1.73447
1.58488
1.73353
1.58922
1.7403
1.59227
1.73645
1.58322
1.73157
1.58536
1.72857
1.57883
1.72714
1.58044
1.72904
1.5826
1.72854
1.58351
1.73544
1.58561
1.73681
1.58736
1.73936
1.58739
1.73875
1.58772
1.73874
1.59183
1.73938
1.59094
1.74
1.58705
1.73103
1.58357
1.72792
1.58029
1.73284
1.57857
1.72771
1.57846
1.73163
1.58236
1.72885
1.58043
1.72939
1.58003
1.72881
1.58336
1.73159
1.58497
1.73618
1.58279
1.73644
1.58536
1.73611
1.58217
1.73458
1.58423
1.73365
1.58621
1.73483
1.58406
1.72603
1.57891
1.72465
1.57875
1.72611
1.57745
1.73214
1.58131
1.72641
1.57788
1.72237
1.56717
1.72218
1.56982
1.71527
1.5684
1.72065
1.56627
1.71922
1.57676
1.72529
1.58054
1.72909
1.58413
1.73238
1.58643
1.73434
1.58624
1.73721
1.58683
1.73335
1.58666
1.73179
1.58436
1.73512
1.58218
1.73181
1.58774
1.73725
1.58847
1.73691
1.58442
1.73665
1.58968
1.74231
1.59253
1.74286
1.59202
1.73796
1.58489
1.72939
1.57722
1.72639
1.57595
1.72949
1.58004
1.72809
1.58045
1.72743
1.57587
1.72334
1.5728
1.72308
1.57255
1.72147
1.57709
1.72811
1.57818
1.72739
1.58074
1.73169
1.58253
1.73353
1.58298
1.73169
1.58087
1.73368
1.58392
1.73496
1.58108
1.73288
1.58261
1.73192
1.58397
1.73481
1.58953
1.73847
1.59022
1.73576
1.58511
1.733
1.58248
1.73216
1.58266
1.72838
1.57879
1.72881
1.57786
1.72987
1.5833
1.73057
1.58422
1.72981
1.58643
1.73285
1.5835
1.73003
1.5794
1.73163
1.58048
1.72558
1.57503
1.72743
1.5796
1.72826
1.58198
1.73509
1.59181
1.73675
1.58912
1.73903
1.587
1.72861
1.58
1.72957
1.57872
1.73074
1.58471
1.73464
1.58718
1.73914
1.58636
1.73697
1.58407
1.73464
1.58813
1.73654
1.59084
1.74092
1.58847
1.73343
1.58213
1.72899
1.58141
1.72642
1.57817
1.72601
1.58008
1.73045
1.58086
1.73059
1.58249
1.72766
1.57902
1.73092
1.58338
1.73327
1.58478
1.73583
1.59108
1.73994
1.58971
1.74012
1.58974
1.73812
1.58675
1.73391
1.5877
1.73144
1.57994
1.72517
1.57419
1.721
1.57585
1.72631
1.57682
1.72387
1.57619
1.72469
1.57807
1.72877
1.5803
1.73142
1.58621
1.73246
1.58374
1.73351
1.58765
1.73681
1.58678
1.73335
1.58664
1.73486
1.58494
1.73336
1.58433
1.73222
1.582
1.72714
1.58188
1.73006
1.58508
1.73616
1.5913
1.73521
1.58902
1.73569
1.58901
1.73711
1.58372
1.73476
1.58808
1.73301
1.58956
1.73747
1.58931
1.73492
1.58444
1.73494
1.58557
1.73788
1.58878
1.73447
1.58406
1.73259
1.5866
1.73646
1.58688
1.7328
1.58676
1.73674
1.58439
1.73289
1.58712
1.73202
1.58712
1.73367
1.59143
1.73608
1.59262
1.73962
1.58821
1.73297
1.58305
1.73072
1.58503
1.7343
1.58844
1.73563
1.58317
1.73324
1.58245
1.73107
1.5816
1.73241
1.58323
1.72925
1.58289
1.7297
1.58354
1.73326
1.58771
1.73959
1.5902
1.73703
1.58507
1.73358
1.58435
1.73729
1.58534
1.73327
1.58315
1.73357
1.58706
1.73473
1.58329
1.72966
1.57515
1.72354
1.57675
1.7269
1.57635
1.7237
1.57489
1.72133
1.57768
1.72495
1.57925
1.72873
1.58233
1.73323
1.58329
1.73459
1.579
1.72494
1.5776
1.72894
1.57705
1.7276
1.57607
1.72629
1.57967
1.73082
1.58427
1.73484
1.58946
1.73968
1.58896
1.73963
1.59442
1.73755
1.5883
1.73098
1.58394
1.73439
1.58411
1.73354
1.5871
1.7367
1.59068
1.73893
1.59222
1.74129
1.59132
1.73988
1.59088
1.74103
1.5944
1.74261
1.59569
1.74357
1.59097
1.74134
1.58937
1.73872
1.59064
1.74283
1.5885
1.73676
1.58996
1.73737
1.59388
1.74249
1.5953
1.74209
1.59277
1.7412
1.59321
1.7381
1.58914
1.73735
1.58845
1.7371
1.58642
1.73556
1.58776
1.73712
1.58862
1.73736
1.58875
1.73367
1.58601
1.73538
1.58715
1.7333
1.58744
1.74004
1.58513
1.73433
1.58983
1.74064
1.58987
1.74111
1.59503
1.74419
1.59285
1.74135
1.59331
1.74115
1.59232
1.74101
1.58691
1.73522
1.58848
1.73585
1.58999
1.73886
1.59154
1.73921
1.59209
1.73905
1.58583
1.7347
1.58388
1.73006
1.58594
1.73493
1.58819
1.73778
1.59228
1.7393
1.59245
1.74196
1.58951
1.73984
1.58898
1.73473
1.58201
1.72678
1.57787
1.72478
1.57322
1.72569
1.57646
1.7265
1.57784
1.73317
1.58291
1.7307
1.5836
1.7336
1.58513
1.73301
1.58017
1.7329
1.58106
1.7286
1.58195
1.73551
1.58813
1.73539
1.58636
1.73657
1.58959
1.74007
1.59084
1.74019
1.59229
1.73643
1.58316
1.73096
1.58106
1.72836
1.57885
1.72641
1.57397
1.72805
1.58353
1.73263
1.58435
1.73588
1.58771
1.7363
1.58989
1.73743
1.58377
1.72979
1.58378
1.73457
1.5846
1.7344
1.5851
1.73221
1.58378
1.73109
1.57932
1.73191
1.58509
1.73256
1.5831
1.73242
1.58166
1.7317
1.58382
1.73108
1.5846
1.73385
1.585
1.73344
1.58701
1.73403
1.58146
1.73313
1.58288
1.73083
1.5794
1.72371
1.57525
1.72651
1.57711
1.72793
1.58181
1.73412
1.58385
1.73277
1.58618
1.73537
1.58312
1.73237
1.58197
1.73034
1.58293
1.72955
1.58254
1.73176
1.58621
1.73268
1.58413
1.73657
1.58533
1.73418
1.59078
1.74088
1.5943
1.73912
1.59072
1.73797
1.58875
1.74176
1.59136
1.73831
1.58727
1.73571
1.5892
1.73769
1.59153
1.73493
1.58298
1.72746
1.583
1.7314
1.5817
1.73284
1.58789
1.73858
1.58941
1.73839
1.58932
1.7408
1.58883
1.73664
1.58644
1.7382
1.58813
1.7371
1.59011
1.73964
1.58861
1.73903
1.58303
1.73142
1.583
1.73291
1.58592
1.73641
1.58607
1.73671
1.58492
1.73376
1.58613
1.73744
1.5832
1.72909
1.58027
1.73233
1.58141
1.73337
1.584
1.73294
1.58691
1.73422
1.58786
1.73488
1.58535
1.73794
1.58824
1.73453
1.58769
1.73487
1.5885
1.7349
1.58564
1.73654
1.58676
1.73327
1.58309
1.73136
1.58065
1.72993
1.58099
1.72431
1.5797
1.73079
1.5788
1.72817
1.58152
1.7309
1.58106
1.7338
1.58658
1.73816
1.58642
1.73556
1.58388
1.73166
1.57976
1.72635
1.57706
1.72795
1.58463
1.72963
1.57701
1.72407
1.57438
1.72433
1.57149
1.72223
1.57222
1.72479
1.57296
1.72304
1.57516
1.72261
1.57531
1.72203
1.57266
1.71784
1.57337
1.72575
1.58138
1.72812
1.57727
1.72761
1.57816
1.72587
1.58147
1.72883
1.58384
1.73597
1.58165
1.72928
1.58151
1.72956
1.58518
1.73003
1.58364
1.73112
1.58275
1.73056
1.58081
1.72724
1.58075
1.72959
1.58209
1.73025
1.58509
1.73256
1.58535
1.73419
1.58742
1.73778
1.58682
1.73519
1.58615
1.73622
1.58184
1.72958
1.57991
1.73223
1.58532
1.73089
1.5842
1.73197
1.58343
1.7324
1.58433
1.73308
1.57993
1.72463
1.57875
1.72729
1.58077
1.7294
1.58044
1.73247
1.58232
1.73469
1.58093
1.72685
1.57687
1.72571
1.57777
1.72904
1.5791
1.72867
1.57958
1.72725
1.57811
1.73062
1.58487
1.73167
1.58489
1.73086
1.58214
1.72848
1.57996
1.72343
1.57649
1.72775
1.57562
1.72755
1.57725
1.72765
1.58016
1.73089
1.58252
1.73027
1.584
1.73626
1.58578
1.73001
1.58445
1.7303
1.58214
1.72968
1.57436
1.72433
1.57585
1.72473
1.5733
1.72493
1.57883
1.72745
1.57449
1.72628
1.57698
1.72725
1.5796
1.72918
1.58059
1.73106
1.57822
1.72792
1.57775
1.72557
1.57973
1.72573
1.57579
1.7251
1.57638
1.71968
1.57381
1.72352
1.57675
1.72394
1.57351
1.72503
1.57986
1.72635
1.57773
1.72887
1.58042
1.73135
1.57997
1.73136
1.58595
1.73695
1.58514
1.7342
1.58634
1.73158
1.57872
1.7243
1.58103
1.73414
1.58478
1.73301
1.58172
1.72742
1.5844
1.73193
1.57798
1.72358
1.57737
1.72764
1.57678
1.72705
1.57786
1.7294
1.5804
1.73415
1.58167
1.72732
1.58232
1.72761
1.57759
1.72606
1.57845
1.7263
1.5751
1.72707
1.57916
1.72402
1.57564
1.72622
1.58072
1.72861
1.58521
1.73235
1.58328
1.73421
1.58077
1.72932
1.58212
1.73456
1.5897
1.73471
1.58711
1.73726
1.58972
1.73676
1.58665
1.73671
1.58669
1.73651
1.59014
1.73818
1.58871
1.73931
1.59441
1.74213
1.58764
1.73393
1.58493
1.73549
1.58954
1.73722
1.58807
1.73724
1.59045
1.73754
1.58801
1.73251
1.58424
1.73349
1.58144
1.73419
1.5847
1.73253
1.58421
1.73056
1.57871
1.72439
1.57208
1.72266
1.57517
1.72523
1.57416
1.72552
1.57726
1.72633
1.57693
1.72596
1.57463
1.7228
1.57578
1.72486
1.57479
1.72582
1.57423
1.72337
1.5774
1.72627
1.57337
1.72658
1.57721
1.72371
1.5704
1.72088
1.57524
1.723
1.57313
1.72365
1.58002
1.73173
1.58659
1.73323
1.58454
1.73193
1.5828
1.73291
1.58471
1.73712
1.58315
1.73222
1.58612
1.7348
1.58492
1.73514
1.58604
1.73315
1.58309
1.73033
1.57704
1.72701
1.57959
1.73151
1.58751
1.73675
1.58582
1.73735
1.58943
1.73275
1.58425
1.73458
1.58398
1.73541
1.58405
1.73757
1.58852
1.73718
1.58423
1.73184
1.58272
1.73283
1.58901
1.73653
1.5833
1.72942
1.58283
1.73386
1.58337
1.732
1.58692
1.7357
1.58481
1.73273
1.58517
1.73409
1.5881
1.73554
1.58752
1.73376
1.58516
1.731
1.5835
1.73343
1.58114
1.72849
1.58097
1.72963
1.58605
1.73539
1.59137
1.73944
1.59154
1.74181
1.59373
1.7407
1.59148
1.73885
1.59148
1.7423
1.59297
1.74158
1.59101
1.7368
1.58595
1.73017
1.58208
1.72847
1.57921
1.73073
1.58006
1.73098
1.58168
1.73483
1.58309
1.73084
1.57856
1.73146
1.58176
1.73313
1.58246
1.73083
1.58353
1.72933
1.57971
1.72552
1.57763
1.72387
1.57669
1.72634
1.57965
1.72693
1.58058
1.73123
1.58812
1.73332
1.58735
1.73299
1.58133
1.72956
1.57758
1.72846
1.58022
1.72912
1.58106
1.73152
1.57981
1.72846
1.58328
1.72961
1.58136
1.72997
1.57862
1.72435
1.57326
1.72035
1.57307
1.7266
1.57893
1.7285
1.58337
1.73044
1.58176
1.72854
1.58208
1.73314
1.58556
1.73326
1.58378
1.73929
1.58747
1.73607
1.58673
1.73603
1.58627
1.73592
1.58086
1.72991
1.58519
1.73352
1.58079
1.73091
1.57828
1.72861
1.58198
1.73209
1.58489
1.7364
1.58468
1.73712
1.5895
1.74192
1.58936
1.74173
1.59046
1.74084
1.59235
1.74206
1.59212
1.743
1.58875
1.73605
1.58787
1.7347
1.58262
1.72943
1.58036
1.73095
1.58095
1.73026
1.58437
1.73021
1.58433
1.73431
1.58568
1.72955
1.58147
1.73362
1.5856
1.7365
1.59096
1.73599
1.58242
1.73172
1.57932
1.72833
1.5817
1.72352
1.57836
1.72846
1.5799
1.72832
1.57828
1.7259
1.57956
1.72639
1.57231
1.72071
1.57429
1.72362
1.57409
1.72695
1.5815
1.72899
1.58629
1.73086
1.58432
1.73296
1.5807
1.72685
1.579
1.73009
1.58191
1.72745
1.57993
1.72661
1.57895
1.73091
1.5805
1.73268
1.58299
1.73104
1.57945
1.72938
1.58357
1.73137
1.57792
1.72761
1.57846
1.72966
1.58377
1.73301
1.58544
1.73773
1.58855
1.73771
1.5869
1.73496
1.58563
1.73649
1.58872
1.73613
1.58897
1.73632
1.58799
1.73665
1.59176
1.73895
1.59117
1.74182
1.59025
1.74135
1.58644
1.7353
1.58679
1.73391
1.58453
1.73325
1.58215
1.73135
1.58483
1.73287
1.58575
1.73438
1.58728
1.73881
1.58814
1.73728
1.58192
1.73091
1.58432
1.73308
1.58159
1.73112
1.58155
1.72762
1.57957
1.72631
1.58402
1.73012
1.58018
1.73096
1.58972
1.73255
1.58752
1.7368
1.58396
1.73409
1.58596
1.73629
1.58967
1.73702
1.5905
1.73728
1.58487
1.73511
1.58767
1.73829
1.58843
1.73314
1.57876
1.73093
1.58141
1.72834
1.5754
1.72838
1.57547
1.72527
1.57671
1.72871
1.5852
1.73397
1.59062
1.73917
1.59039
1.74054
1.586
1.73896
1.58835
1.73459
1.59007
1.73873
1.58456
1.73461
1.58684
1.7312
1.57865
1.73021
1.58526
1.73094
1.57923
1.72693
1.58222
1.72889
1.57886
1.72853
1.5832
1.73128
1.58576
1.73373
1.58666
1.73365
1.58456
1.73401
1.58239
1.73097
1.58013
1.72995
1.57978
1.73292
1.58481
1.73279
1.58625
1.73536
1.5824
1.73129
1.58131
1.7281
1.57351
1.72564
1.57663
1.7253
1.57931
1.72362
1.5781
1.7276
1.57238
1.7218
1.57106
1.72578
1.57939
1.72549
1.57547
1.72433
1.57714
1.72661
1.5799
1.72577
1.57851
1.72874
1.58139
1.73368
1.58746
1.73474
1.58667
1.74047
1.58829
1.73732
1.59113
1.73947
1.59395
1.74003
1.5857
1.73379
1.58051
1.72718
1.58053
1.72927
1.58479
1.73377
1.58679
1.73509
1.58638
1.73466
1.58511
1.73494
1.58614
1.73598
1.57857
1.72705
1.57992
1.73057
1.58495
1.73638
1.58732
1.73241
1.57996
1.73062
1.58484
1.73139
1.58245
1.73077
1.57848
1.72095
1.57285
1.72405
1.57358
1.72114
1.57437
1.72605
1.579
1.72981
1.58189
1.73044
1.58055
1.73019
1.58214
1.73131
1.58347
1.73029
1.58222
1.73273
1.58587
1.73483
1.58345
1.72935
1.58074
1.73079
1.5825
1.72935
1.57852
1.7298
1.58073
1.73103
1.58276
1.73114
1.57879
1.72782
1.5809
1.72847
1.57727
1.72692
1.57977
1.72705
1.58473
1.73119
1.58513
1.73213
1.58555
1.73493
1.58644
1.73593
1.5875
1.73717
1.5892
1.74215
1.59372
1.74265
1.59173
1.73637
1.58908
1.73572
1.58996
1.73788
1.58787
1.732
1.58491
1.73313
1.5822
1.73221
1.58313
1.728
1.58316
1.73446
1.58673
1.73751
1.58792
1.73815
1.58481
1.73557
1.58553
1.73142
1.58134
1.73283
1.5864
1.73392
1.58549
1.73492
1.5859
1.73498
1.58955
1.73628
1.58816
1.73176
1.58348
1.73327
1.5775
1.72731
1.57941
1.72827
1.58126
1.731
1.58263
1.72776
1.58205
1.73382
1.58453
1.7327
1.58307
1.73206
1.57932
1.72551
1.57595
1.72486
1.57659
1.72486
1.57883
1.72813
1.58163
1.73362
1.58388
1.73368
1.58267
1.73122
1.58142
1.73209
1.58048
1.72768
1.5738
1.72422
1.57396
1.72548
1.57771
1.72791
1.58275
1.73148
1.58262
1.73381
1.58805
1.73596
1.58348
1.73355
1.58646
1.73843
1.58521
1.73541
1.58716
1.72662
1.57922
1.72715
1.57641
1.73101
1.57836
1.72823
1.58341
1.73322
1.58168
1.72922
1.58422
1.73467
1.58255
1.73028
1.58121
1.72563
1.57858
1.73083
1.58259
1.73518
1.58815
1.73765
1.58995
1.73582
1.58308
1.73213
1.58362
1.72913
1.58048
1.72925
1.58463
1.73456
1.58693
1.73781
1.59115
1.74073
1.59128
1.73597
1.58374
1.73257
1.58598
1.7396
1.59108
1.73739
1.58751
1.73489
1.58614
1.72997
1.58499
1.73439
1.5874
1.73372
1.5822
1.72913
1.58404
1.72969
1.57881
1.72432
1.57326
1.724
1.57821
1.7273
1.57746
1.72827
1.57657
1.72466
1.57814
1.72714
1.57616
1.72325
1.57357
1.72288
1.57249
1.72281
1.58014
1.73306
1.58107
1.73142
1.58215
1.73033
1.58343
1.72951
1.58307
1.72808
1.57583
1.72278
1.57562
1.72381
1.57839
1.72747
1.57509
1.72167
1.57209
1.7224
1.57115
1.72086
1.57327
1.7257
1.57556
1.72769
1.581
1.73086
1.58166
1.73365
1.58059
1.73103
1.58617
1.73524
1.58508
1.73337
1.58359
1.73285
1.58369
1.73015
1.58903
1.7349
1.58193
1.73393
1.58454
1.73291
1.58396
1.72937
1.58025
1.72751
1.57813
1.72722
1.58395
1.73229
1.5797
1.7267
1.57808
1.72517
1.58113
1.73305
1.58074
1.72908
1.58281
1.73409
1.58253
1.73065
1.58134
1.73206
1.5812
1.73124
1.57656
1.72686
1.57636
1.72355
1.5763
1.73019
1.58623
1.73548
1.58781
1.73532
1.58582
1.73186
1.58274
1.72931
1.57996
1.73172
1.58222
1.73185
1.58783
1.7351
1.58442
1.73115
1.58676
1.73722
1.58892
1.73738
1.58738
1.73078
1.57744
1.72694
1.57503
1.72791
1.57897
1.72845
1.58152
1.72811
1.58179
1.73299
1.58757
1.73225
1.5858
1.73631
1.58783
1.7365
1.58625
1.73932
1.58889
1.73727
1.58655
1.73817
1.58599
1.73592
1.5834
1.73497
1.58805
1.73633
1.58682
1.73156
1.58196
1.73134
1.58556
1.73409
1.58479
1.73574
1.59091
1.73689
1.58398
1.72507
1.57579
1.72372
1.57508
1.72572
1.57918
1.72579
1.57652
1.72523
1.57571
1.72538
1.57635
1.72401
1.58083
1.73394
1.58272
1.73181
1.5847
1.73411
1.58075
1.72889
1.57941
1.72687
1.57983
1.72865
1.5803
1.73061
1.58234
1.73188
1.58383
1.73434
1.58672
1.73505
1.58761
1.74097
1.58952
1.74219
1.59449
1.73958
1.59133
1.74127
1.59016
1.74125
1.5899
1.73799
1.58801
1.73764
1.58636
1.73639
1.58805
1.73748
1.58737
1.73532
1.58473
1.73299
1.58298
1.73224
1.57898
1.72855
1.57914
1.72983
1.58163
1.73498
1.58725
1.73267
1.58137
1.72988
1.57956
1.73011
1.58706
1.73284
1.58696
1.73806
1.58532
1.73693
1.58811
1.73744
1.58319
1.72873
1.58458
1.73127
1.58514
1.7344
1.58322
1.73013
1.58462
1.73445
1.58776
1.73382
1.58338
1.73178
1.58423
1.73698
1.58299
1.73018
1.5855
1.73617
1.58801
1.73664
1.58157
1.72691
1.57724
1.72179
1.57469
1.72147
1.57342
1.72456
1.57446
1.72407
1.57738
1.72162
1.57406
1.72275
1.57647
1.72484
1.57864
1.72484
1.57762
1.73098
1.57793
1.72114
1.57279
1.72698
1.58024
1.72845
1.57746
1.72981
1.58526
1.73014
1.58456
1.73072
1.58345
1.73149
1.58303
1.73412
1.58345
1.73123
1.57796
1.7281
1.57779
1.72413
1.57902
1.72904
1.58227
1.73089
1.58282
1.72687
1.58171
1.73247
1.57841
1.72834
1.57465
1.72739
1.57778
1.72574
1.57939
1.72422
1.57614
1.72566
1.57833
1.72263
1.57274
1.7241
1.57147
1.72343
1.57591
1.72688
1.57857
1.7296
1.58546
1.7336
1.58373
1.73533
1.5876
1.73561
1.58328
1.73185
1.5826
1.73544
1.58786
1.73455
1.58807
1.73503
1.58476
1.73322
1.58418
1.73225
1.58287
1.73163
1.58011
1.72886
1.58044
1.73171
1.58565
1.73261
1.58248
1.73166
1.58723
1.73174
1.58423
1.73416
1.58937
1.74088
1.59002
1.73498
1.58948
1.73838
1.59083
1.73812
1.58907
1.73498
1.58501
1.7357
1.58384
1.72985
1.5813
1.73021
1.58457
1.73547
1.586
1.73563
1.58431
1.73515
1.58614
1.73179
1.58722
1.73576
1.59009
1.73949
1.58679
1.73767
1.58814
1.73966
1.59212
1.74277
1.59073
1.74058
1.5949
1.74165
1.59475
1.74819
1.59896
1.74391
1.59586
1.74523
1.59766
1.74514
1.59846
1.74194
1.58909
1.73578
1.58688
1.73055
1.57745
1.72452
1.57632
1.73217
1.58001
1.72717
1.57885
1.7255
1.58339
1.72918
1.58255
1.73363
1.58433
1.73464
1.58587
1.7369
1.59121
1.73835
1.58781
1.73756
1.59014
1.73792
1.58945
1.73644
1.58981
1.73648
1.58919
1.73738
1.58756
1.73571
1.59241
1.74652
1.59801
1.74747
1.60151
1.74623
1.59899
1.74701
1.59627
1.74295
1.59834
1.74578
1.59598
1.74129
1.58942
1.7321
1.5844
1.73591
1.58981
1.74174
1.58684
1.73331
1.58553
1.73586
1.58809
1.73639
1.58563
1.73319
1.58551
1.73153
1.5819
1.72866
1.58232
1.73206
1.58476
1.73497
1.58808
1.73776
1.58599
1.73364
1.58966
1.73815
1.58916
1.73535
1.58714
1.73322
1.58471
1.72984
1.57386
1.7249
1.57425
1.72053
1.5759
1.72466
1.57676
1.72717
1.58105
1.72732
1.58133
1.73272
1.58489
1.73725
1.58827
1.73433
1.58087
1.73272
1.5788
1.72715
1.58216
1.7299
1.58222
1.73349
1.58479
1.73401
1.58658
1.73539
1.57938
1.72851
1.58304
1.72945
1.58383
1.73417
1.58265
1.73028
1.58216
1.72953
1.58143
1.73318
1.58776
1.73373
1.58627
1.73391
1.5872
1.73358
1.5845
1.73441
1.58999
1.7382
1.58736
1.73366
1.58254
1.73267
1.58424
1.73271
1.58023
1.72986
1.57919
1.72848
1.57891
1.73054
1.57627
1.72671
1.57839
1.72727
1.5743
1.72315
1.57564
1.72658
1.577
1.72888
1.58268
1.73004
1.58062
1.72949
1.57968
1.73149
1.58495
1.73148
1.58402
1.72976
1.58182
1.73257
1.58372
1.7313
1.58642
1.73384
1.58423
1.73687
1.58536
1.73215
1.58033
1.72976
1.58486
1.73017
1.5827
1.7293
1.58539
1.73186
1.58159
1.73291
1.58325
1.73016
1.58207
1.73221
1.58551
1.73282
1.5847
1.73029
1.57896
1.72885
1.57581
1.72693
1.58172
1.73092
1.58597
1.73442
1.58261
1.73266
1.58208
1.73176
1.5826
1.73304
1.58447
1.73428
1.58693
1.73519
1.58892
1.73505
1.58438
1.73015
1.58067
1.72759
1.57439
1.72551
1.5803
1.72629
1.58585
1.73493
1.5869
1.73337
1.58307
1.7325
1.58292
1.73311
1.58286
1.73087
1.581
1.72791
1.57769
1.72976
1.58212
1.72598
1.57316
1.72291
1.56742
1.71842
1.57435
1.72337
1.57773
1.72711
1.57816
1.72658
1.58056
1.73216
1.58377
1.73634
1.58889
1.73929
1.59343
1.7421
1.59191
1.73863
1.58657
1.74039
1.59049
1.73858
1.58992
1.74096
1.59917
1.74424
1.59061
1.73773
1.58985
1.7403
1.59213
1.7392
1.5889
1.73524
1.58701
1.73835
1.58977
1.73851
1.5924
1.7398
1.59357
1.73665
1.5892
1.73655
1.58178
1.72662
1.57833
1.73063
1.57861
1.72948
1.58044
1.73225
1.58521
1.73399
1.58445
1.73461
1.58183
1.73042
1.57756
1.72149
1.57406
1.72864
1.57747
1.72178
1.57737
1.72884
1.58163
1.72946
1.5769
1.72855
1.58033
1.73053
1.5823
1.73356
1.5821
1.73129
1.58538
1.73623
1.59227
1.74036
1.58674
1.7356
1.58714
1.7323
1.58775
1.73526
1.58855
1.73845
1.58741
1.73403
1.58705
1.73382
1.58464
1.73406
1.58256
1.7329
1.57988
1.73024
1.58552
1.73268
1.58237
1.73303
1.58049
1.73297
1.58474
1.73165
1.58541
1.73295
1.58162
1.73365
1.58367
1.73262
1.58342
1.73117
1.58342
1.73724
1.58638
1.73233
1.58239
1.73005
1.5806
1.73105
1.58409
1.73493
1.58817
1.73506
1.58635
1.73289
1.58467
1.73554
1.58731
1.739
1.5897
1.73755
1.59004
1.73805
1.58868
1.73598
1.58913
1.73631
1.58604
1.73489
1.58795
1.73146
1.58297
1.73304
1.5849
1.73486
1.58729
1.73448
1.58429
1.73042
1.58077
1.73297
1.58574
1.73463
1.58793
1.73902
1.5839
1.73282
1.5859
1.73561
1.58858
1.73741
1.58485
1.73379
1.58512
1.73511
1.58251
1.72657
1.58071
1.72954
1.58083
1.72957
1.58012
1.73027
1.58223
1.73361
1.58602
1.73496
1.58347
1.72927
1.5776
1.72664
1.57994
1.72544
1.57579
1.72713
1.58021
1.72469
1.57648
1.72764
1.57595
1.72568
1.57984
1.72672
1.5783
1.72831
1.58346
1.7329
1.5838
1.73366
1.58301
1.73539
1.58606
1.73118
1.58414
1.73342
1.58013
1.7288
1.57867
1.72655
1.57972
1.73108
1.58803
1.73591
1.58586
1.72828
1.57662
1.72243
1.57743
1.72582
1.58012
1.72914
1.58163
1.72914
1.58076
1.72837
1.57846
1.72262
1.57692
1.72756
1.57842
1.7217
1.56978
1.71653
1.57088
1.72127
1.57432
1.7253
1.57572
1.72385
1.57407
1.72415
1.57139
1.72386
1.57637
1.72389
1.57872
1.7326
1.58258
1.7271
1.57782
1.72996
1.58056
1.72593
1.57889
1.72902
1.57778
1.72287
1.57262
1.72284
1.57563
1.72591
1.5779
1.72983
1.58246
1.73381
1.58836
1.73545
1.5846
1.73463
1.5878
1.73941
1.59271
1.73657
1.58731
1.73324
1.58647
1.73534
1.58884
1.73402
1.58647
1.73455
1.58275
1.73057
1.58066
1.73214
1.58129
1.73372
1.58435
1.7324
1.58448
1.73308
1.58343
1.73457
1.58797
1.7338
1.58586
1.73154
1.58533
1.73676
1.58921
1.73582
1.58493
1.73502
1.58354
1.73057
1.5826
1.73457
1.58326
1.72971
1.58384
1.73166
1.58478
1.7308
1.58488
1.73133
1.58436
1.73274
1.57746
1.72697
1.58037
1.72978
1.58554
1.73304
1.58644
1.73348
1.58438
1.73059
1.57983
1.72613
1.57892
1.72841
1.57934
1.72935
1.5757
1.72126
1.57342
1.72375
1.57665
1.72337
1.57256
1.72175
1.57059
1.72003
1.57347
1.72198
1.57919
1.73167
1.5805
1.72764
1.57925
1.72673
1.57605
1.73037
1.58423
1.73069
1.58184
1.73245
1.58545
1.73337
1.5829
1.73118
1.58562
1.73163
1.57767
1.72937
1.57854
1.73044
1.58373
1.73265
1.58208
1.73086
1.58265
1.73044
1.58388
1.73263
1.58191
1.73052
1.58408
1.72792
1.58208
1.73219
1.58267
1.7304
1.58211
1.73466
1.58475
1.73176
1.58444
1.73161
1.5809
1.7305
1.58078
1.73045
1.58377
1.73552
1.58975
1.73917
1.59418
1.7367
1.59099
1.73892
1.59166
1.74008
1.59171
1.74152
1.58785
1.73484
1.58762
1.73395
1.58073
1.72999
1.58264
1.72687
1.58007
1.73182
1.58472
1.73552
1.58211
1.73187
1.58418
1.73291
1.58445
1.73525
1.58518
1.73469
1.58963
1.73647
1.58635
1.73454
1.58879
1.73648
1.58285
1.73207
1.58049
1.72834
1.57697
1.7269
1.57669
1.72526
1.58008
1.73186
1.58195
1.73082
1.58256
1.72985
1.58595
1.73239
1.57967
1.72976
1.58317
1.72971
1.57836
1.73065
1.58106
1.7306
1.57989
1.73103
1.58173
1.73079
1.58321
1.73293
1.58097
1.73109
1.58737
1.73865
1.58993
1.73353
1.57999
1.73247
1.58348
1.7351
1.58439
1.73193
1.58226
1.72823
1.58291
1.73091
1.57987
1.72776
1.57912
1.73035
1.58309
1.73482
1.5855
1.73825
1.5871
1.73801
1.59229
1.73932
1.59104
1.73785
1.58976
1.73637
1.5907
1.7404
1.59131
1.74408
1.58955
1.73848
1.58919
1.73764
1.5906
1.73864
1.59067
1.74066
1.59605
1.74612
1.59466
1.74372
1.59549
1.74151
1.5897
1.73887
1.58788
1.73672
1.58841
1.73304
1.58396
1.72976
1.57924
1.73166
1.58293
1.73283
1.58192
1.73049
1.57491
1.72716
1.57836
1.72167
1.57323
1.72002
1.5762
1.72813
1.57904
1.72885
1.58043
1.72879
1.57808
1.72802
1.57818
1.72874
1.58184
1.73278
1.58333
1.72752
1.58042
1.73375
1.5852
1.73469
1.58361
1.72982
1.58431
1.73468
1.58213
1.73448
1.58557
1.7314
1.58199
1.73169
1.58488
1.73397
1.58983
1.73722
1.59104
1.74119
1.59172
1.74244
1.59109
1.73207
1.58265
1.72901
1.58065
1.72809
1.58025
1.73029
1.58035
1.72955
1.58025
1.72897
1.57949
1.72854
1.57847
1.72529
1.57533
1.72144
1.57474
1.72546
1.57724
1.72488
1.57696
1.72861
1.57842
1.72698
1.57652
1.7278
1.57689
1.72548
1.5781
1.72511
1.57719
1.7226
1.58
1.73138
1.58303
1.73221
1.58487
1.72825
1.58012
1.72855
1.57586
1.72524
1.5754
1.72816
1.57726
1.72882
1.58034
1.72953
1.58189
1.73354
1.58506
1.73124
1.58395
1.73126
1.58277
1.73167
1.57688
1.72682
1.57722
1.73103
1.57729
1.72718
1.57859
1.72456
1.57208
1.72296
1.57383
1.72438
1.57578
1.7252
1.5761
1.72447
1.57369
1.72481
1.57171
1.72047
1.57356
1.72079
1.57584
1.72657
1.57543
1.7229
1.57594
1.72841
1.58024
1.72997
1.57703
1.7304
1.57958
1.72758
1.5833
1.73222
1.5801
1.72442
1.57704
1.72322
1.58047
1.7272
1.57469
1.72536
1.57925
1.72802
1.57733
1.72708
1.58152
1.72711
1.58268
1.73171
1.5837
1.73316
1.58011
1.72965
1.58069
1.73199
1.58642
1.73469
1.58876
1.73907
1.58944
1.73772
1.58682
1.7359
1.58774
1.74117
1.59394
1.74303
1.59587
1.74252
1.58971
1.73633
1.58931
1.73272
1.5841
1.73513
1.58573
1.7339
1.58221
1.73503
1.58354
1.7288
1.58234
1.73268
1.58747
1.73419
1.58361
1.73051
1.58366
1.7314
1.58302
1.73314
1.58422
1.73586
1.58572
1.73595
1.59038
1.73653
1.59007
1.73602
1.58938
1.73811
1.58763
1.73447
1.58392
1.73167
1.58488
1.73347
1.58467
1.73483
1.58636
1.73971
1.5867
1.73617
1.58559
1.73743
1.59009
1.73203
1.58266
1.72884
1.58291
1.73473
1.59029
1.73542
1.58588
1.73759
1.58685
1.73596
1.58272
1.73102
1.57705
1.72481
1.57423
1.72427
1.579
1.72891
1.58232
1.73155
1.5818
1.72718
1.58153
1.72964
1.58177
1.72756
1.57938
1.72501
1.57671
1.72451
1.58059
1.72679
1.5754
1.72743
1.57765
1.73023
1.58371
1.73163
1.58057
1.72973
1.58071
1.72988
1.57945
1.72884
1.57919
1.72561
1.57634
1.72704
1.57931
1.727
1.57706
1.7279
1.57766
1.72901
1.5792
1.7278
1.57955
1.72941
1.58061
1.73343
1.58479
1.73391
1.58611
1.73327
1.58806
1.74034
1.59057
1.73785
1.58655
1.7372
1.59009
1.74234
1.5907
1.74146
1.58898
1.73684
1.59055
1.7329
1.58587
1.73307
1.58024
1.73168
1.58321
1.72691
1.57647
1.73086
1.58216
1.73194
1.58299
1.73263
1.58724
1.73386
1.58671
1.73484
1.5843
1.73172
1.58631
1.72931
1.58318
1.72871
1.58038
1.7328
1.58545
1.73374
1.58511
1.73083
1.58303
1.72993
1.57809
1.7329
1.57895
1.73432
1.58487
1.73286
1.58405
1.73209
1.58062
1.7322
1.58152
1.72975
1.58386
1.73867
1.59385
1.74167
1.59507
1.74504
1.59147
1.73884
1.59384
1.7395
1.59121
1.7429
1.59291
1.74294
1.59693
1.74369
1.59095
1.74066
1.58864
1.73427
1.5866
1.73601
1.58373
1.73202
1.58008
1.72919
1.58182
1.73213
1.58327
1.7327
1.58267
1.73477
1.58285
1.73353
1.58535
1.73415
1.58826
1.73464
1.58405
1.73668
1.58412
1.73089
1.58378
1.72689
1.57912
1.72421
1.58073
1.72722
1.58011
1.73305
1.58887
1.73893
1.58823
1.736
1.58828
1.73326
1.58809
1.7369
1.58644
1.73311
1.58157
1.72786
1.58233
1.73546
1.58701
1.73556
1.58485
1.73467
1.58564
1.7301
1.58345
1.73234
1.58387
1.72792
1.57865
1.72763
1.58448
1.72931
1.58061
1.73173
1.58714
1.73551
1.58993
1.74069
1.59054
1.73861
1.58784
1.73852
1.59108
1.73768
1.58752
1.74123
1.59232
1.74141
1.59279
1.74136
1.58996
1.73692
1.58774
1.73465
1.58417
1.73534
1.58293
1.72833
1.58
1.72842
1.58128
1.73204
1.58225
1.73452
1.58842
1.73672
1.58956
1.73898
1.58911
1.73753
1.58791
1.73696
1.59046
1.73742
1.58834
1.73313
1.58672
1.73171
1.58509
1.73393
1.5871
1.73191
1.58262
1.7312
1.58109
1.73183
1.58478
1.72925
1.58008
1.73066
1.58258
1.72717
1.57285
1.72486
1.57506
1.72714
1.57854
1.72624
1.57832
1.73095
1.58279
1.73025
1.58024
1.73185
1.58325
1.73222
1.58574
1.73071
1.58915
1.74039
1.59105
1.74082
1.59243
1.74418
1.59054
1.74103
1.58926
1.73721
1.58923
1.74005
1.59055
1.73665
1.58472
1.73292
1.58999
1.73608
1.58991
1.73805
1.58871
1.74057
1.59174
1.73581
1.58458
1.73165
1.58329
1.73139
1.58032
1.72963
1.58349
1.7356
1.58386
1.73138
1.58603
1.73375
1.58333
1.73488
1.58252
1.72978
1.58137
1.72907
1.57825
1.72503
1.5783
1.72636
1.57912
1.72569
1.57287
1.72515
1.57654
1.72308
1.57616
1.72884
1.58015
1.73227
1.58818
1.73715
1.58115
1.72848
1.58197
1.73471
1.58558
1.73459
1.58642
1.73561
1.58904
1.73479
1.58746
1.73465
1.58728
1.73461
1.589
1.73793
1.59016
1.73996
1.58804
1.73653
1.58509
1.73655
1.58844
1.73644
1.59217
1.7369
1.58841
1.73657
1.58722
1.73128
1.58057
1.73344
1.58239
1.73177
1.57765
1.72549
1.57773
1.7337
1.5866
1.73573
1.58303
1.73001
1.57974
1.73051
1.57974
1.73087
1.58396
1.7331
1.58463
1.72498
1.57832
1.72481
1.57259
1.72243
1.5787
1.72889
1.58391
1.73587
1.58847
1.73722
1.59161
1.74374
1.59041
1.73736
1.58002
1.73002
1.58081
1.73334
1.58388
1.73357
1.57902
1.72833
1.57746
1.72141
1.57163
1.72349
1.57784
1.72352
1.57759
1.72603
1.57348
1.72406
1.575
1.7218
1.56903
1.71896
1.56847
1.7215
1.57319
1.72401
1.57835
1.72978
1.57849
1.72536
1.57193
1.72072
1.5718
1.72358
1.58002
1.72727
1.57732
1.72883
1.58339
1.73066
1.58092
1.73159
1.58285
1.73242
1.58349
1.73328
1.5866
1.73434
1.58276
1.7291
1.58057
1.7289
1.57963
1.72807
1.57884
1.72757
1.57621
1.7301
1.58329
1.73136
1.58575
1.73167
1.58153
1.72914
1.58192
1.7327
1.58388
1.73186
1.5824
1.73466
1.58529
1.73757
1.59099
1.74173
1.5914
1.73978
1.59145
1.73628
1.58534
1.73308
1.58166
1.73006
1.57955
1.73145
1.58578
1.73317
1.58563
1.73576
1.59034
1.73847
1.59097
1.73916
1.58353
1.73232
1.58572
1.73443
1.58662
1.73336
1.58301
1.73474
1.58539
1.73344
1.58744
1.73777
1.58632
1.73877
1.58803
1.73669
1.58231
1.73373
1.58529
1.73327
1.58315
1.73102
1.58223
1.73289
1.58272
1.73611
1.58642
1.73418
1.58561
1.73315
1.5818
1.73389
1.58121
1.72808
1.57572
1.72722
1.57633
1.72213
1.57331
1.72117
1.57079
1.71926
1.57455
1.72631
1.57797
1.72308
1.57825
1.72369
1.57859
1.73468
1.58474
1.73565
1.58457
1.73365
1.58572
1.73449
1.58242
1.73011
1.58026
1.73171
1.58697
1.73535
1.5846
1.73182
1.58034
1.72842
1.58149
1.73378
1.58903
1.73596
1.5836
1.73453
1.58397
1.73326
1.58381
1.73354
1.58493
1.73078
1.58672
1.73624
1.58654
1.73609
1.58796
1.73902
1.58548
1.73557
1.58674
1.73888
1.59147
1.74134
1.59369
1.73981
1.59513
1.7444
1.59432
1.74259
1.59616
1.73989
1.59258
1.74183
1.59391
1.74321
1.59112
1.74258
1.59577
1.74474
1.59404
1.74607
1.59656
1.7434
1.59101
1.73857
1.59323
1.74122
1.59315
1.74233
1.59157
1.74128
1.59291
1.73554
1.58883
1.73878
1.59094
1.73623
1.58838
1.73795
1.58403
1.73427
1.58156
1.73013
1.58147
1.7323
1.58823
1.73622
1.589
1.73673
1.5864
1.73044
1.58484
1.73227
1.5791
1.72732
1.57785
1.72584
1.57382
1.72065
1.57163
1.72223
1.57184
1.72421
1.57463
1.72458
1.5781
1.72628
1.57831
1.72974
1.57971
1.72701
1.57577
1.72597
1.58138
1.73299
1.58314
1.7338
1.58693
1.73613
1.58748
1.73521
1.5853
1.72993
1.57881
1.72637
1.57578
1.72374
1.57379
1.72394
1.57843
1.72861
1.58329
1.73331
1.58651
1.73793
1.58215
1.72591
1.57662
1.72606
1.57969
1.72947
1.57993
1.72843
1.57867
1.72487
1.58221
1.73414
1.58633
1.73293
1.58639
1.73014
1.58281
1.7312
1.58382
1.73218
1.58613
1.73317
1.57925
1.72665
1.57766
1.72711
1.57743
1.72915
1.5802
1.73006
1.58347
1.73175
1.58223
1.73143
1.58332
1.73153
1.5827
1.72978
1.57969
1.73029
1.58203
1.73588
1.58717
1.73385
1.58019
1.73055
1.5836
1.73274
1.5811
1.73244
1.58399
1.73161
1.58524
1.73321
1.58375
1.73514
1.58731
1.73956
1.58641
1.73738
1.59102
1.74073
1.5891
1.73912
1.58586
1.7311
1.57562
1.72431
1.57351
1.72686
1.58049
1.73202
1.58033
1.73035
1.58319
1.73138
1.58541
1.73231
1.58364
1.73039
1.58372
1.73385
1.58315
1.73304
1.58311
1.73347
1.58579
1.73419
1.58323
1.73252
1.58182
1.73495
1.58925
1.73338
1.58594
1.73534
1.58683
1.73491
1.58442
1.73191
1.58424
1.7341
1.58139
1.72917
1.58119
1.73197
1.58357
1.73339
1.58703
1.73672
1.58943
1.74141
1.58961
1.73897
1.58697
1.72992
1.5826
1.73293
1.57991
1.72391
1.57867
1.72821
1.57917
1.72867
1.57954
1.73015
1.58261
1.7298
1.5849
1.7349
1.58869
1.73745
1.59248
1.73742
1.5874
1.7373
1.58627
1.73096
1.58007
1.72776
1.58268
1.73089
1.57958
1.72823
1.58011
1.7277
1.57853
1.72956
1.5825
1.72875
1.58214
1.7262
1.5763
1.72283
1.57315
1.72446
1.57173
1.72053
1.57603
1.72745
1.57809
1.72476
1.57514
1.72304
1.57397
1.72025
1.57455
1.71648
1.57036
1.71809
1.57147
1.72241
1.57712
1.72976
1.58222
1.73091
1.58579
1.73031
1.57833
1.73115
1.58261
1.73632
1.58854
1.74079
1.59201
1.73827
1.5906
1.73737
1.58354
1.73471
1.58703
1.73472
1.58726
1.73383
1.58336
1.73315
1.58737
1.73575
1.58608
1.73627
1.58917
1.73442
1.58456
1.73265
1.57919
1.73022
1.57922
1.72736
1.57897
1.72985
1.5812
1.73342
1.58688
1.73055
1.58514
1.73376
1.58475
1.7302
1.58451
1.73355
1.58075
1.7309
1.58132
1.73209
1.58468
1.73669
1.58186
1.72979
1.58328
1.73273
1.58622
1.73539
1.58634
1.73847
1.58174
1.73166
1.58184
1.73164
1.57527
1.7246
1.57834
1.7255
1.57662
1.72765
1.58147
1.72682
1.57812
1.7252
1.57949
1.72524
1.57863
1.72632
1.57909
1.73022
1.58466
1.73469
1.59103
1.73571
1.58461
1.72738
1.58207
1.73513
1.58592
1.73652
1.59189
1.73532
1.59025
1.73984
1.5899
1.73495
1.58951
1.73908
1.59126
1.73856
1.58689
1.73641
1.58513
1.73387
1.58366
1.7331
1.58408
1.73075
1.5818
1.73464
1.5818
1.73307
1.58239
1.73341
1.57853
1.72792
1.57723
1.72715
1.57852
1.72828
1.57068
1.72274
1.57376
1.72484
1.57543
1.72678
1.57675
1.72726
1.57839
1.72785
1.58095
1.73058
1.58024
1.73128
1.58151
1.73201
1.58527
1.73411
1.59002
1.74108
1.58569
1.73675
1.58688
1.7341
1.58096
1.73564
1.58615
1.73796
1.58936
1.73668
1.59341
1.74313
1.59217
1.74241
1.59191
1.74028
1.58589
1.73651
1.58552
1.73495
1.58577
1.73188
1.58045
1.72505
1.57757
1.72495
1.57795
1.73007
1.58094
1.73362
1.58223
1.73279
1.58252
1.73251
1.58342
1.73123
1.58299
1.72942
1.58368
1.73151
1.58141
1.73036
1.57912
1.72588
1.57339
1.7256
1.57717
1.72403
1.58014
1.73117
1.57995
1.73086
1.58308
1.72928
1.57675
1.7286
1.58435
1.73294
1.58424
1.73024
1.58367
1.73161
1.58156
1.72818
1.57609
1.72767
1.5781
1.72678
1.5796
1.7269
1.57584
1.72525
1.57996
1.72909
1.58124
1.73119
1.58237
1.73222
1.58521
1.73479
1.58802
1.73973
1.589
1.73996
1.58903
1.73827
1.58457
1.73637
1.58099
1.72878
1.58027
1.72962
1.57685
1.72292
1.57463
1.72757
1.57773
1.72709
1.5777
1.72872
1.57562
1.72222
1.5725
1.72289
1.57119
1.72101
1.57295
1.72271
1.57219
1.72277
1.57175
1.72115
1.57226
1.71892
1.57095
1.72088
1.56685
1.723
1.57207
1.72092
1.57142
1.72167
1.57544
1.72519
1.57595
1.72439
1.57583
1.72871
1.57889
1.72826
1.57839
1.72089
1.5709
1.72197
1.57166
1.72329
1.57768
1.73032
1.58265
1.73223
1.58495
1.73109
1.57936
1.73042
1.58492
1.73456
1.58568
1.73231
1.58253
1.73539
1.58651
1.73584
1.58496
1.73172
1.58274
1.72897
1.58316
1.73344
1.58696
1.73559
1.58546
1.73267
1.586
1.73512
1.58554
1.73548
1.58882
1.7372
1.58835
1.73771
1.58954
1.73741
1.58865
1.73233
1.58426
1.73017
1.58075
1.73067
1.5806
1.72787
1.57825
1.73074
1.58316
1.73572
1.58923
1.7351
1.58716
1.73381
1.58332
1.73455
1.5827
1.73021
1.58379
1.73369
1.5874
1.73604
1.58437
1.72962
1.58296
1.72928
1.57776
1.72722
1.5796
1.7302
1.58122
1.72928
1.58212
1.72843
1.58082
1.72863
1.5762
1.72674
1.58015
1.7274
1.58022
1.72894
1.58037
1.72602
1.57949
1.72917
1.58192
1.73136
1.58767
1.73581
1.59023
1.73586
1.58494
1.7323
1.58566
1.73213
1.58046
1.73174
1.58716
1.73397
1.58387
1.73187
1.58073
1.72822
1.57359
1.72245
1.57351
1.72358
1.57491
1.72907
1.58107
1.73084
1.58251
1.73217
1.5809
1.72985
1.57985
1.73094
1.5811
1.72619
1.57843
1.72479
1.5735
1.72203
1.57481
1.72449
1.57613
1.72641
1.57919
1.72765
1.57181
1.71945
1.57257
1.72532
1.57651
1.72533
1.57645
1.72723
1.58192
1.73417
1.58075
1.7296
1.58399
1.73237
1.58338
1.73228
1.58376
1.72985
1.5753
1.72438
1.57216
1.72286
1.57451
1.72417
1.57576
1.72631
1.57974
1.72979
1.58147
1.73086
1.58061
1.73278
1.58842
1.73521
1.58922
1.73518
1.58627
1.73562
1.57931
1.72484
1.57843
1.72383
1.58071
1.72594
1.5837
1.73179
1.58329
1.73455
1.58532
1.73338
1.58291
1.7304
1.57733
1.72841
1.57632
1.72477
1.57761
1.72844
1.58052
1.7287
1.57523
1.72584
1.57588
1.72902
1.58354
1.73388
1.58244
1.72936
1.58048
1.72786
1.58051
1.72793
1.57835
1.7313
1.5813
1.7302
1.58404
1.73318
1.58911
1.74078
1.59477
1.74005
1.59104
1.7385
1.58768
1.73463
1.58584
1.7333
1.58608
1.73484
1.58728
1.73692
1.58711
1.7362
1.58639
1.73606
1.58314
1.73737
1.58489
1.73119
1.57432
1.72408
1.57936
1.73036
1.57513
1.72932
1.58675
1.73077
1.58622
1.7317
1.58504
1.73375
1.58456
1.73196
1.58042
1.72741
1.58015
1.73241
1.58418
1.72904
1.57949
1.7316
1.58508
1.72591
1.58059
1.72668
1.57707
1.72488
1.57815
1.7299
1.57466
1.72479
1.57751
1.73136
1.58169
1.72843
1.58116
1.73257
1.5853
1.73335
1.5834
1.73614
1.59028
1.73731
1.58545
1.73572
1.58433
1.73417
1.58461
1.73329
1.58836
1.73709
1.5886
1.73807
1.59122
1.73558
1.58739
1.73765
1.58963
1.73755
1.58549
1.73621
1.5906
1.73672
1.58808
1.73447
1.58894
1.73549
1.59144
1.73484
1.58311
1.73325
1.58581
1.73351
1.58898
1.73394
1.58692
1.73162
1.58719
1.73711
1.58614
1.73157
1.58366
1.73797
1.58661
1.73968
1.59268
1.74386
1.58838
1.73694
1.58784
1.74016
1.58528
1.73195
1.587
1.73681
1.58927
1.73565
1.58768
1.7382
1.5856
1.73131
1.58934
1.7389
1.58834
1.7338
1.58372
1.73214
1.57979
1.72968
1.58138
1.72752
1.58045
1.73181
1.58621
1.73694
1.58459
1.73598
1.58612
1.73295
1.58218
1.73525
1.5876
1.74055
1.59284
1.74004
1.59624
1.7429
1.59238
1.73628
1.58175
1.73051
1.57831
1.72541
1.57841
1.72982
1.57523
1.72462
1.5748
1.72482
1.57269
1.72096
1.5763
1.72602
1.58093
1.72553
1.57758
1.72445
1.57606
1.72826
1.58072
1.73199
1.58345
1.72776
1.58209
1.73056
1.58225
1.73066
1.58538
1.73262
1.57982
1.72776
1.57928
1.72698
1.57822
1.72653
1.57924
1.72434
1.5803
1.7295
1.58028
1.73448
1.59324
1.7424
1.59338
1.74081
1.59678
1.74656
1.59948
1.75045
1.59848
1.74631
1.59811
1.74412
1.59284
1.74041
1.59101
1.73923
1.58383
1.73151
1.58197
1.73174
1.5843
1.73144
1.58326
1.73074
1.58468
1.73502
1.58223
1.73195
1.58207
1.7291
1.58381
1.73237
1.58155
1.73033
1.58379
1.73393
1.58477
1.7295
1.5781
1.72749
1.58025
1.72972
1.58097
1.72697
1.58156
1.73361
1.58604
1.73732
1.58628
1.73326
1.58919
1.74038
1.58192
1.73002
1.58024
1.72586
1.57932
1.72989
1.58471
1.73124
1.58219
1.7292
1.57968
1.72785
1.57921
1.72563
1.57702
1.72571
1.57695
1.72462
1.5782
1.72881
1.57977
1.73137
1.58252
1.73144
1.57815
1.7286
1.57813
1.72909
1.57888
1.72269
1.57525
1.72545
1.58147
1.73475
1.58998
1.74169
1.58741
1.73684
1.58916
1.73734
1.58168
1.73046
1.58496
1.73146
1.58653
1.73651
1.58848
1.73109
1.5839
1.73375
1.58569
1.73312
1.5842
1.73319
1.58844
1.73548
1.58226
1.73032
1.58295
1.73259
1.57999
1.72586
1.57964
1.73516
1.58657
1.73369
1.58687
1.73687
1.58954
1.74022
1.58379
1.73306
1.58749
1.73597
1.58659
1.73389
1.58533
1.73453
1.58244
1.73009
1.5869
1.73759
1.58416
1.73282
1.58591
1.73655
1.58759
1.73753
1.58958
1.73818
1.58794
1.73779
1.58709
1.73514
1.58661
1.73676
1.58597
1.73402
1.58521
1.73002
1.57798
1.72947
1.58036
1.73329
1.58704
1.73589
1.58986
1.73828
1.58193
1.73377
1.58503
1.73599
1.58784
1.73428
1.5823
1.73222
1.58253
1.7292
1.58141
1.72661
1.58165
1.73446
1.5845
1.73458
1.58322
1.73025
1.57792
1.72579
1.57356
1.72581
1.57886
1.72573
1.57612
1.7264
1.57715
1.72902
1.58042
1.73265
1.58459
1.73669
1.58068
1.7321
1.58652
1.73252
1.58247
1.72862
1.58205
1.73158
1.58553
1.73459
1.58444
1.73384
1.58132
1.73037
1.58182
1.72944
1.58069
1.72707
1.58058
1.72978
1.58437
1.73289
1.58054
1.73339
1.58407
1.73517
1.59038
1.7348
1.58986
1.74146
1.5903
1.73441
1.58991
1.739
1.59153
1.73836
1.58902
1.73695
1.58621
1.72894
1.58466
1.73306
1.58161
1.72764
1.57766
1.72541
1.57408
1.72593
1.57334
1.72303
1.57554
1.72239
1.57427
1.72749
1.58311
1.73411
1.58642
1.73356
1.58336
1.73042
1.57972
1.73196
1.58148
1.72724
1.58258
1.73328
1.58502
1.73485
1.58659
1.7353
1.57696
1.72734
1.5752
1.72668
1.57807
1.72754
1.58331
1.73306
1.58319
1.72416
1.58304
1.73272
1.58115
1.72936
1.57859
1.72442
1.57489
1.72825
1.58248
1.73106
1.58212
1.73203
1.58328
1.73352
1.58925
1.73514
1.58568
1.73149
1.57992
1.73003
1.58241
1.73108
1.57646
1.72472
1.57752
1.72576
1.57594
1.72447
1.57772
1.72722
1.58266
1.73312
1.5856
1.73442
1.58599
1.73093
1.581
1.73039
1.57804
1.72869
1.58777
1.73061
1.58296
1.72889
1.58008
1.72822
1.57824
1.72622
1.58083
1.73118
1.58151
1.72727
1.57728
1.72881
1.58104
1.73078
1.58556
1.73915
1.58956
1.7306
1.58142
1.72958
1.58201
1.73045
1.58292
1.7323
1.58038
1.72996
1.584
1.73062
1.5797
1.72815
1.57246
1.72276
1.5768
1.73143
1.57562
1.72562
1.57844
1.72899
1.57396
1.72079
1.57332
1.72288
1.57568
1.72485
1.57847
1.72816
1.58102
1.73292
1.58397
1.72917
1.58229
1.73059
1.58246
1.7288
1.58032
1.72944
1.57863
1.7227
1.5716
1.72182
1.57232
1.72293
1.57571
1.72506
1.57714
1.72763
1.57724
1.72563
1.57273
1.72238
1.5797
1.73212
1.58362
1.73374
1.58693
1.72774
1.58226
1.72901
1.58242
1.73368
1.58385
1.72744
1.57592
1.72694
1.58408
1.7307
1.57861
1.7281
1.5833
1.73065
1.58254
1.73146
1.58274
1.73431
1.58689
1.73389
1.59162
1.73995
1.59493
1.73873
1.59164
1.73833
1.5889
1.73573
1.59041
1.73739
1.59075
1.73769
1.58602
1.73323
1.5849
1.7331
1.58284
1.72966
1.58513
1.73637
1.58794
1.73287
1.58135
1.72998
1.58309
1.73432
1.58179
1.72641
1.57829
1.73077
1.58338
1.73015
1.58111
1.72856
1.57807
1.72441
1.57563
1.72594
1.58234
1.73111
1.58212
1.73158
1.5766
1.72564
1.57914
1.72785
1.58186
1.72948
1.58095
1.73054
1.58418
1.73208
1.5827
1.73103
1.58275
1.73229
1.58884
1.73576
1.58667
1.73433
1.59062
1.73552
1.58695
1.73372
1.58622
1.73399
1.58493
1.73037
1.58293
1.72816
1.58193
1.73352
1.58584
1.7372
1.58498
1.73391
1.58945
1.73236
1.58378
1.7346
1.5844
1.73237
1.58409
1.73087
1.58409
1.73194
1.58607
1.73583
1.58734
1.73423
1.58536
1.73372
1.58215
1.7269
1.58084
1.7292
1.58259
1.73037
1.58195
1.73277
1.58222
1.72714
1.5772
1.72631
1.57311
1.72596
1.57922
1.73292
1.58746
1.73465
1.58352
1.73007
1.58055
1.73284
1.58176
1.72876
1.58123
1.72944
1.58121
1.73162
1.58279
1.73194
1.57751
1.72435
1.57472
1.72631
1.57489
1.71896
1.56648
1.71749
1.56955
1.72061
1.5677
1.71926
1.57158
1.72096
1.57588
1.72536
1.57628
1.72657
1.57403
1.72281
1.58108
1.7303
1.57919
1.72946
1.58485
1.73604
1.58353
1.72999
1.5818
1.7315
1.57966
1.72666
1.57382
1.72223
1.57823
1.72674
1.57259
1.72172
1.5746
1.72336
1.57833
1.72579
1.57758
1.72636
1.57825
1.73021
1.58625
1.73291
1.58266
1.73525
1.58806
1.73676
1.58793
1.73469
1.58914
1.74336
1.59872
1.74529
1.59342
1.73891
1.59259
1.73918
1.59159
1.74014
1.58885
1.73641
1.58566
1.73703
1.58882
1.73525
1.58895
1.73063
1.58229
1.73288
1.58677
1.73457
1.58391
1.73408
1.58478
1.73139
1.57908
1.72906
1.58258
1.73512
1.58383
1.73433
1.58418
1.73471
1.586
1.73718
1.59013
1.74163
1.59071
1.73995
1.58805
1.7337
1.58418
1.73286
1.58756
1.73469
1.58046
1.72859
1.58462
1.73074
1.58429
1.73332
1.58509
1.73816
1.59407
1.73958
1.59109
1.74007
1.59419
1.73981
1.58744
1.73407
1.58864
1.73736
1.58862
1.73509
1.59053
1.7376
1.59188
1.73952
1.5919
1.74106
1.5921
1.74222
1.592
1.73705
1.58973
1.73658
1.58904
1.73975
1.5918
1.73765
1.58986
1.73775
1.59328
1.73963
1.59235
1.73622
1.58595
1.73701
1.58426
1.73364
1.58842
1.73582
1.58634
1.73082
1.5783
1.72907
1.58122
1.73203
1.586
1.73422
1.58467
1.73125
1.58378
1.73287
1.58451
1.73819
1.58837
1.74088
1.58932
1.73935
1.59069
1.73922
1.59123
1.73777
1.58813
1.73475
1.5873
1.73257
1.58636
1.73133
1.58403
1.73309
1.58852
1.73826
1.58537
1.73296
1.58184
1.7294
1.58121
1.73119
1.58338
1.73556
1.58815
1.73297
1.58712
1.73784
1.58843
1.73496
1.57781
1.72896
1.5779
1.73032
1.58208
1.72794
1.57899
1.72477
1.58086
1.7263
1.57523
1.72608
1.58036
1.72758
1.58153
1.73276
1.58441
1.73232
1.57837
1.72443
1.58005
1.73048
1.5892
1.73638
1.58511
1.73423
1.57793
1.72942
1.5802
1.73102
1.58442
1.73431
1.58419
1.72918
1.57917
1.73011
1.58224
1.72978
1.57862
1.72562
1.57622
1.72597
1.58085
1.72901
1.58051
1.72544
1.58031
1.72841
1.58188
1.73083
1.57987
1.72768
1.58105
1.72688
1.57982
1.72739
1.58122
1.73521
1.58415
1.73717
1.58578
1.73051
1.58157
1.73194
1.58372
1.73155
1.58656
1.73567
1.58895
1.73712
1.58816
1.73331
1.58477
1.73198
1.58273
1.73054
1.58475
1.73153
1.58015
1.72718
1.58044
1.727
1.58185
1.7334
1.58413
1.73633
1.58805
1.73195
1.58693
1.73127
1.58043
1.72784
1.57606
1.7251
1.57674
1.72277
1.57717
1.72675
1.57567
1.72654
1.58045
1.73083
1.58712
1.73424
1.58776
1.73554
1.58667
1.73812
1.5853
1.73016
1.58252
1.7308
1.58459
1.72854
1.58056
1.73076
1.58224
1.73052
1.58413
1.7347
1.58518
1.73476
1.58829
1.73891
1.58883
1.73971
1.58718
1.73625
1.58913
1.73618
1.58494
1.73424
1.5844
1.73096
1.58294
1.73335
1.58531
1.7315
1.58201
1.72799
1.58255
1.73424
1.58452
1.73624
1.58252
1.73248
1.58574
1.73513
1.58353
1.72975
1.57674
1.72533
1.57779
1.72829
1.584
1.7344
1.58605
1.73884
1.58779
1.73469
1.58502
1.73382
1.58627
1.7355
1.58335
1.73359
1.58081
1.72746
1.58246
1.73104
1.5839
1.7322
1.58355
1.73258
1.5838
1.72729
1.58008
1.73174
1.58214
1.73268
1.57992
1.72725
1.57743
1.73074
1.58464
1.73432
1.58648
1.7364
1.58771
1.73629
1.58323
1.73217
1.58291
1.73085
1.58115
1.73114
1.58353
1.7315
1.58096
1.73056
1.58699
1.73702
1.58626
1.73575
1.58667
1.73368
1.58194
1.73141
1.58419
1.73252
1.58363
1.73258
1.58848
1.73483
1.58978
1.73711
1.58955
1.74065
1.58817
1.73565
1.58842
1.73659
1.59196
1.74183
1.58912
1.74032
1.5893
1.74067
1.5923
1.73716
1.58884
1.73978
1.58572
1.73251
1.58231
1.72863
1.58105
1.72957
1.58082
1.72896
1.57973
1.73001
1.57918
1.72877
1.57551
1.72774
1.58423
1.73208
1.57861
1.72821
1.57853
1.72801
1.58256
1.73055
1.58114
1.72734
1.57754
1.72623
1.58014
1.72947
1.58002
1.72611
1.57607
1.72797
1.58106
1.73538
1.58578
1.73861
1.59088
1.74061
1.59128
1.74051
1.59184
1.7438
1.59581
1.74443
1.59173
1.73489
1.58825
1.73605
1.58602
1.72849
1.58323
1.73438
1.59005
1.73803
1.58832
1.73172
1.58516
1.73336
1.58435
1.73339
1.58963
1.73658
1.58834
1.73563
1.58349
1.73308
1.58382
1.73246
1.57996
1.72303
1.57997
1.73206
1.58613
1.73378
1.58713
1.73989
1.59178
1.73936
1.59164
1.74175
1.59277
1.74112
1.59195
1.73705
1.5887
1.73679
1.58499
1.73183
1.58197
1.7273
1.58311
1.73211
1.58434
1.73099
1.58323
1.7326
1.5828
1.73383
1.58734
1.7334
1.58214
1.73366
1.58863
1.73776
1.58417
1.73192
1.57939
1.73038
1.58136
1.73266
1.58534
1.73493
1.58757
1.73606
1.58705
1.73229
1.58392
1.73289
1.58599
1.73361
1.58611
1.73795
1.58707
1.73269
1.58199
1.73646
1.58809
1.73521
1.58585
1.73496
1.5841
1.73308
1.58476
1.73458
1.58195
1.73272
1.58229
1.73093
1.58341
1.73315
1.58155
1.73356
1.5836
1.73222
1.57954
1.73213
1.58364
1.72953
1.58267
1.73236
1.58582
1.73261
1.58022
1.72535
1.57316
1.72226
1.56451
1.71266
1.56865
1.72116
1.57613
1.7268
1.57668
1.72927
1.57658
1.72606
1.57891
1.72881
1.5744
1.7241
1.57329
1.72028
1.56823
1.72033
1.57232
1.72188
1.57344
1.72524
1.57649
1.72392
1.57817
1.72649
1.57874
1.72777
1.58095
1.73103
1.5845
1.73395
1.58374
1.73175
1.58007
1.7308
1.58612
1.73428
1.58304
1.73335
1.58936
1.73954
1.59278
1.73998
1.59023
1.73744
1.59125
1.7337
1.58453
1.7335
1.58863
1.73383
1.58486
1.73326
1.57921
1.72756
1.57728
1.72838
1.57528
1.72489
1.57826
1.72397
1.57952
1.72587
1.58049
1.73029
1.58729
1.73543
1.58498
1.72856
1.57866
1.72881
1.58236
1.73172
1.58382
1.73315
1.58754
1.73378
1.58372
1.73387
1.58784
1.73182
1.57943
1.72963
1.57528
1.72677
1.57708
1.72417
1.57686
1.72905
1.58055
1.72676
1.57513
1.72718
1.57699
1.72881
1.57934
1.72772
1.57934
1.72823
1.58121
1.73062
1.57974
1.73024
1.57722
1.72934
1.5816
1.7338
1.5824
1.73398
1.57721
1.72572
1.57946
1.72973
1.58404
1.73222
1.58336
1.73306
1.58334
1.7308
1.5844
1.73507
1.58491
1.73245
1.58674
1.7326
1.58453
1.73218
1.58703
1.73497
1.58732
1.73269
1.58225
1.73209
1.58193
1.73307
1.58654
1.73496
1.58624
1.73561
1.58598
1.73006
1.57936
1.72955
1.58429
1.73451
1.58195
1.73189
1.5859
1.73809
1.58829
1.73689
1.59154
1.74376
1.59365
1.73988
1.58734
1.73342
1.58404
1.73369
1.57995
1.73034
1.57883
1.72841
1.57949
1.73064
1.58213
1.73228
1.58423
1.73555
1.58816
1.73494
1.58667
1.73359
1.57995
1.72961
1.58439
1.72908
1.58109
1.7286
1.5813
1.72732
1.58206
1.73137
1.58127
1.73149
1.57954
1.72858
1.58001
1.72975
1.58626
1.73266
1.58732
1.73539
1.58536
1.73191
1.58239
1.72985
1.57856
1.72698
1.58048
1.73343
1.58843
1.73669
1.58756
1.73603
1.58767
1.73584
1.58741
1.73409
1.58496
1.72922
1.58351
1.73558
1.58577
1.73701
1.58972
1.73446
1.58742
1.7348
1.58324
1.7316
1.58434
1.73712
1.58744
1.73788
1.58936
1.73982
1.59145
1.73631
1.5922
1.74053
1.59065
1.73809
1.58651
1.73164
1.58435
1.73463
1.58504
1.73647
1.58627
1.734
1.58363
1.72909
1.5832
1.73495
1.58931
1.7323
1.58147
1.7283
1.57969
1.73428
1.58403
1.73126
1.58545
1.7331
1.58864
1.73792
1.59221
1.74091
1.58995
1.7386
1.58829
1.73647
1.5919
1.74094
1.58999
1.73936
1.58438
1.73586
1.5823
1.73066
1.58368
1.73256
1.58318
1.73597
1.58498
1.73746
1.5894
1.73301
1.58517
1.73402
1.58597
1.72975
1.57512
1.72315
1.57716
1.72207
1.57738
1.72664
1.57464
1.72991
1.582
1.72992
1.58069
1.72878
1.58115
1.72995
1.57545
1.72159
1.57114
1.72363
1.57698
1.72955
1.57922
1.72911
1.57811
1.72375
1.57951
1.72974
1.58089
1.73289
1.58291
1.72943
1.581
1.7268
1.57833
1.72583
1.57225
1.72159
1.57438
1.72509
1.58128
1.73171
1.58138
1.73233
1.58392
1.73157
1.5837
1.7308
1.58261
1.73402
1.58528
1.73564
1.58884
1.7347
1.58487
1.7353
1.58844
1.73956
1.59098
1.74052
1.59324
1.73736
1.5904
1.73738
1.58769
1.73672
1.58962
1.73337
1.58511
1.73279
1.58272
1.73638
1.5838
1.73197
1.58583
1.73248
1.58435
1.73516
1.58781
1.73502
1.58594
1.72966
1.58317
1.73159
1.58811
1.739
1.58892
1.73818
1.58774
1.7389
1.58661
1.73516
1.58047
1.72844
1.58202
1.72896
1.57844
1.72653
1.57859
1.72535
1.57891
1.72937
1.58199
1.73068
1.58376
1.73317
1.58367
1.73303
1.58534
1.73693
1.59078
1.74229
1.58907
1.73541
1.5864
1.73723
1.59032
1.73368
1.5876
1.73263
1.5869
1.73243
1.58607
1.73646
1.59017
1.73918
1.58896
1.73699
1.58377
1.73093
1.58868
1.73851
1.58853
1.738
1.58883
1.74069
1.5859
1.73346
1.58416
1.72917
1.57888
1.72758
1.58323
1.73166
1.5838
1.73342
1.58509
1.73417
1.58509
1.73345
1.58587
1.73895
1.58961
1.74087
1.59629
1.74357
1.59631
1.7441
1.59548
1.74039
1.59113
1.73959
1.59446
1.74163
1.59494
1.7439
1.59196
1.74073
1.59066
1.73761
1.58543
1.73782
1.58698
1.73521
1.57972
1.73153
1.57638
1.72658
1.58198
1.73292
1.58337
1.73155
1.58277
1.73739
1.58905
1.73541
1.58681
1.7382
1.58949
1.73607
1.58794
1.74025
1.59266
1.74154
1.59545
1.74573
1.59741
1.74731
1.5972
1.74693
1.59609
1.74549
1.594
1.74221
1.59309
1.7445
1.59375
1.74577
1.59582
1.74209
1.59373
1.74195
1.59362
1.74096
1.59175
1.73987
1.58824
1.73597
1.58641
1.73462
1.58226
1.72898
1.57908
1.7323
1.58402
1.72597
1.5785
1.72275
1.57603
1.72234
1.57374
1.72308
1.57544
1.7243
1.57807
1.72535
1.57824
1.72561
1.58083
1.73319
1.58236
1.73121
1.58065
1.72996
1.58207
1.73176
1.58323
1.73305
1.58395
1.73354
1.58443
1.73215
1.58267
1.7304
1.57701
1.72647
1.58015
1.72519
1.57781
1.72623
1.57832
1.72791
1.58068
1.73438
1.58766
1.73316
1.58537
1.73227
1.58335
1.73027
1.5811
1.73004
1.58044
1.73141
1.57503
1.72294
1.57511
1.72652
1.57829
1.72786
1.57741
1.72636
1.57826
1.72886
1.58047
1.73378
1.58538
1.7336
1.5812
1.73229
1.58342
1.73285
1.58064
1.73071
1.58311
1.73365
1.58581
1.73581
1.58862
1.73431
1.58622
1.73581
1.58944
1.73535
1.58083
1.72782
1.57828
1.7277
1.57955
1.73052
1.58189
1.73051
1.58292
1.73502
1.58743
1.73734
1.58893
1.73731
1.59258
1.74118
1.58931
1.73912
1.58808
1.73348
1.59032
1.73964
1.59329
1.74074
1.58941
1.7414
1.59179
1.74126
1.5923
1.73915
1.59107
1.73649
1.58945
1.74088
1.58487
1.73186
1.58125
1.73178
1.58146
1.7344
1.58214
1.73377
1.58409
1.73173
1.58423
1.73782
1.5854
1.73518
1.58586
1.73596
1.5899
1.74038
1.59315
1.74376
1.59331
1.74347
1.59245
1.73871
1.58851
1.73724
1.58799
1.73476
1.58489
1.73224
1.58722
1.73742
1.58809
1.73707
1.58842
1.73823
1.59256
1.74013
1.59072
1.73926
1.58577
1.73078
1.58059
1.73198
1.58196
1.73029
1.58853
1.73829
1.5864
1.73703
1.59161
1.74206
1.59264
1.73975
1.58714
1.73271
1.58447
1.73317
1.5831
1.7309
1.57933
1.72677
1.58259
1.73364
1.58214
1.73155
1.5881
1.73705
1.58428
1.72951
1.57966
1.72925
1.58088
1.73036
1.58308
1.72924
1.57995
1.72932
1.57983
1.72761
1.58322
1.73117
1.58197
1.73295
1.58469
1.73442
1.58802
1.73612
1.5905
1.73918
1.59014
1.73918
1.58992
1.73246
1.58782
1.73507
1.58118
1.72854
1.58151
1.72844
1.58149
1.73152
1.57984
1.73057
1.58042
1.72803
1.57915
1.73162
1.57839
1.72891
1.57775
1.72397
1.57977
1.72981
1.58096
1.73174
1.57798
1.72883
1.57732
1.72623
1.58215
1.73002
1.58076
1.72853
1.58034
1.73121
1.58434
1.73401
1.58283
1.73081
1.58551
1.73299
1.58583
1.73218
1.58432
1.73369
1.58386
1.73405
1.58088
1.72792
1.57732
1.72657
1.57643
1.72899
1.57503
1.72622
1.57962
1.73051
1.58447
1.73034
1.57862
1.72774
1.57845
1.72798
1.57944
1.72812
1.58014
1.72643
1.57785
1.72687
1.57771
1.72384
1.57797
1.72343
1.57532
1.72589
1.57633
1.72483
1.57332
1.72584
1.57874
1.72619
1.57316
1.7202
1.57376
1.72483
1.57722
1.72388
1.5748
1.72391
