0
0.0644189
0.108112
0.150282
0.191895
0.232704
0.273269
0.313519
0.348978
0.385663
0.421157
0.459344
0.49607
0.530589
0.567554
0.602925
0.63338
0.663878
0.695091
0.722517
0.758804
0.793518
0.834037
0.875547
0.905655
0.940028
0.971689
1.00174
1.04308
1.08404
1.11411
1.14066
1.1738
1.20798
1.24397
1.27506
1.3047
1.3387
1.37137
1.4058
1.43659
1.46687
1.50082
1.5354
1.56154
1.58646
1.62224
1.64738
1.67463
1.69769
1.72924
1.76305
1.79145
1.82687
1.85971
1.89206
1.93112
1.96636
2.00747
2.03427
2.06537
2.08852
2.1225
2.16496
2.19713
2.23716
2.27055
2.30368
2.33586
2.37846
2.42195
2.45338
2.49069
2.52635
2.55907
2.59752
2.62869
2.65895
2.68702
2.70992
2.74234
2.77628
2.80827
2.84367
2.87227
2.89796
2.9363
2.95413
2.97968
3.00323
3.02927
3.05803
3.09567
3.1395
3.162
3.19243
3.22856
3.26739
3.30824
3.33016
3.36283
3.40332
3.4238
3.45763
3.47107
3.50475
3.52479
3.54777
3.56763
3.59649
3.62636
3.64897
3.66899
3.68402
3.71135
3.74565
3.7794
3.80537
3.83845
3.86496
3.90269
3.93258
3.94775
3.97994
4.00838
4.02981
4.06255
4.08763
4.11459
4.14291
4.15837
4.17657
4.21114
4.24368
4.26935
4.29961
4.31485
4.34924
4.38235
4.40595
4.4362
4.4498
4.45443
4.47859
4.50102
4.51999
4.53619
4.56315
4.59189
4.61073
4.61059
4.62844
4.64283
4.66895
4.68571
4.70844
4.72355
4.73962
4.76035
4.77799
4.81215
4.84395
4.87765
4.91099
4.94814
4.96471
4.98791
5.00532
5.02293
5.04944
5.05243
5.06224
5.09269
5.11879
5.14989
5.17713
5.21207
5.23407
5.24943
5.26318
5.28411
5.31227
5.34083
5.36072
5.38207
5.39868
5.42225
5.43954
5.46781
5.4747
5.50519
5.52356
5.54091
5.55461
5.57076
5.58693
5.61521
5.63671
5.63471
5.64862
5.65815
5.69058
5.71354
5.7374
5.74556
5.75704
5.77417
5.79726
5.82867
5.84273
5.84058
5.87132
5.85482
5.86791
5.87978
5.9037
5.90759
5.92804
5.95237
5.97502
5.99307
6.00628
6.02435
6.02987
6.04515
6.07546
6.07583
6.08441
6.1
6.10596
6.13544
6.15517
6.15851
6.16857
6.17023
6.17873
6.19039
6.2135
6.21594
6.24143
6.26087
6.29501
6.33356
6.34102
6.34495
6.35772
6.3659
6.38859
6.38837
6.39023
6.40155
6.41918
6.43846
6.44937
6.47536
6.47991
6.4745
6.49461
6.5141
6.52451
6.53613
6.567
6.58258
6.58958
6.60528
6.58698
6.6123
6.61805
6.62365
6.63144
6.64239
6.66369
6.6816
6.69406
6.7167
6.73147
6.75479
6.74987
6.75759
6.78272
6.79957
6.79932
6.81395
6.8182
6.80702
6.8122
6.83283
6.85118
6.87311
6.87934
6.89189
6.89936
6.92333
6.94052
6.94995
6.9688
6.97235
6.97096
6.97052
6.9676
6.97318
6.98979
6.99278
7.02049
7.01101
7.02786
7.05313
7.07283
7.09939
7.10251
7.06389
7.07188
7.0836
7.09416
7.09152
7.12148
7.12763
7.13285
7.14501
7.15912
7.1806
7.18934
7.20578
7.21199
7.2361
7.23686
7.24613
7.23245
7.2578
7.25662
7.27258
7.26907
7.28327
7.30614
7.31427
7.31207
7.32127
7.32685
7.33972
7.36368
7.38141
7.39925
7.38066
7.37394
7.3785
7.3757
7.37155
7.38857
7.40055
7.40208
7.40707
7.42146
7.42256
7.4294
7.43114
7.43599
7.44991
7.45319
7.46441
7.47521
7.49364
7.48882
7.48329
7.499
7.51607
7.52739
7.54842
7.56752
7.53826
7.54894
7.5716
7.57661
7.58015
7.5583
7.58554
7.59379
7.58349
7.60303
7.58329
7.58906
7.58079
7.59456
7.61272
7.60451
7.60402
7.61359
7.64088
7.63021
7.65979
7.67
7.6692
7.68316
7.71238
7.73225
7.74066
7.75421
7.75667
7.74383
7.7469
7.75352
7.78583
7.79271
7.79647
7.76655
7.75141
7.74871
7.77699
7.76002
7.75298
7.77617
7.78216
7.77506
7.78426
7.79784
7.80552
7.8189
7.83677
7.84558
7.8734
7.87529
7.88254
7.90868
7.94234
7.9665
7.9855
8.01297
8.01846
7.99705
7.98683
8.00473
8.00679
8.02358
8.05351
8.07344
8.07294
8.07919
8.08984
8.10821
8.11444
8.10172
8.09639
8.118
8.13789
8.1366
8.1618
8.14668
8.16221
8.1686
8.18442
8.19078
8.20931
8.21211
8.20618
8.21499
8.24285
8.25519
8.27215
8.28528
8.28471
8.29323
8.31955
8.34146
8.35198
8.36482
8.36651
8.35918
8.3758
8.3761
8.38321
8.39789
8.38407
8.36296
8.38058
8.37754
8.3891
8.37439
8.39904
8.38351
8.40103
8.41306
8.4093
8.42256
8.43353
8.45727
8.47804
8.49041
8.46912
8.45946
8.48361
8.49083
8.48025
8.48742
8.50724
8.52656
8.53658
8.55697
8.55314
8.48676
8.47474
8.47315
8.47564
8.48384
8.50529
8.51695
8.52793
8.5284
8.52181
8.53779
8.53445
8.54632
8.54917
8.57604
8.56475
8.59058
8.56834
8.59315
8.61448
8.61704
8.6412
8.64992
8.64413
8.66954
8.66585
8.67938
8.68698
8.69793
8.67615
8.68969
8.6998
8.68258
8.70016
8.73156
8.72363
8.74239
8.76628
8.7852
8.81052
8.80242
8.80796
8.81053
8.82877
8.85185
8.86873
8.88845
8.91248
8.93914
8.95049
8.96651
8.9619
8.9769
8.98094
8.99185
8.98404
8.97099
8.98264
8.98291
8.97971
9.00801
9.0126
9.031
9.01426
9.02477
9.02911
9.02732
9.02478
9.03088
8.9938
8.97827
8.98417
8.99648
9.00002
8.97318
8.96511
8.94265
8.94059
8.95351
8.96862
8.97282
8.98207
8.99957
8.98442
8.99289
9.01271
9.00613
8.97957
8.98218
8.98353
8.98803
8.9758
8.97278
8.97352
8.97632
8.93684
8.93701
8.91302
8.91819
8.90767
8.89557
8.912
8.92694
8.9016
8.92154
8.9258
8.94495
8.91539
8.91475
8.9498
8.96225
8.95608
8.94649
8.93952
8.92416
8.93352
8.92221
8.93905
8.95357
8.98017
8.99376
8.98685
8.95074
8.95443
8.9718
8.96706
8.96491
8.96632
8.97793
8.98451
8.95973
8.94813
8.94555
8.92327
8.92275
8.91215
8.94304
8.95583
8.97354
8.99683
9.00109
9.00778
9.02357
9.03313
9.01809
9.00388
8.99821
8.98251
8.96671
8.99101
8.97804
8.97489
8.96589
8.96519
9.00495
9.0083
8.96776
8.9847
8.98979
8.98842
8.98353
8.98221
9.00468
9.02823
9.04175
9.04247
9.06364
9.05475
9.03635
9.01794
9.03305
9.02975
9.00115
8.97881
8.97086
8.95309
8.97184
8.97565
8.97213
8.99054
9.00508
8.97287
8.99608
9.01954
9.01618
8.99716
9.0012
8.99997
8.97368
8.96924
8.98266
8.99234
8.98179
8.97858
8.96816
8.97669
8.98752
8.95321
8.96802
8.96048
8.9885
8.99059
9.01757
8.99158
8.99014
8.98871
8.99068
8.99378
8.99138
9.00451
9.00709
9.02709
9.03764
9.00265
9.01645
9.03269
9.00759
8.99683
9.01935
9.0219
9.03204
9.04757
9.05249
9.07639
9.09144
9.03176
9.04256
9.03998
9.06038
9.06588
9.07637
9.07284
9.08813
9.09607
9.08462
9.08923
9.05369
9.04974
9.08082
9.07582
9.07886
9.05206
9.06935
9.04041
9.03319
9.01978
9.02944
9.02028
9.00137
9.0072
8.99984
8.99099
8.97505
8.96845
8.95711
8.94349
8.97175
8.97916
8.99089
8.97694
8.98748
8.9797
8.97905
8.99429
9.02553
9.03888
9.04306
9.05306
9.08295
9.06816
9.03353
9.02516
9.03516
9.03491
8.99549
9.00464
9.01017
9.01988
9.0268
9.01107
9.02051
9.04129
9.03515
9.02248
9.0438
9.04419
9.06959
9.06334
9.07222
9.04357
9.05443
9.0607
9.07046
9.08222
9.09136
9.09903
9.08893
9.09707
9.08886
9.11245
9.13723
9.15264
9.16434
9.17641
9.18783
9.17834
9.19209
9.20675
9.19945
9.22295
9.23081
9.19655
9.19086
9.19573
9.21547
9.20415
9.1963
9.17721
9.19091
9.20256
9.22848
9.23952
9.25559
9.26059
9.2551
9.26613
9.25334
9.27649
9.28525
9.26516
9.28422
9.25518
9.22197
9.24343
9.25422
9.22408
9.23697
9.21238
9.21505
9.23111
9.24795
9.252
9.25999
9.27692
9.29466
9.30331
9.31074
9.31784
9.31063
9.337
9.34988
9.368
9.37263
9.38541
9.38959
9.39428
9.38006
9.39509
9.37521
9.35362
9.38538
9.32424
9.28818
9.30441
9.31804
9.3313
9.32025
9.27931
9.28871
9.28036
9.27341
9.29592
9.28925
9.27216
9.2831
9.30106
9.31199
9.34154
9.35893
9.38889
9.38086
9.34902
9.36324
9.3336
9.33205
9.31966
9.30873
9.33335
9.34178
9.33347
9.31109
9.32269
9.33037
9.32963
9.34584
9.35866
9.36593
9.33986
9.32412
9.32042
9.29064
9.28469
9.28718
9.29356
9.29782
9.31333
9.3289
9.29979
9.28099
9.24738
9.25725
9.24816
9.2473
9.21086
9.20711
9.20065
9.20367
9.17629
9.1995
9.22619
9.24293
9.22556
9.20919
9.22272
9.21683
9.2409
9.24505
9.26301
9.26795
9.26663
9.24946
9.18455
9.1844
9.21241
9.21053
9.24124
9.26549
9.30271
9.31289
9.32325
9.34435
9.362
9.38315
9.37279
9.39544
9.42221
9.42686
9.43001
9.39056
9.3582
9.37924
9.39941
9.3918
9.41527
9.40597
9.4098
9.38495
9.38156
9.4175
9.42411
9.43559
9.43338
9.44798
9.47219
9.44322
9.44337
9.42321
9.41503
9.3782
9.35312
9.33262
9.35168
9.31952
9.31499
9.32537
9.34087
9.30411
9.2871
9.29937
9.30647
9.27069
9.26762
9.24856
9.23044
9.23799
9.25734
9.25168
9.25481
9.24449
9.25038
9.22754
9.21686
9.19149
9.16411
9.18511
9.18224
9.21331
9.19814
9.18017
9.20397
9.21742
9.20523
9.22224
9.2165
9.2087
9.20581
9.20406
9.17279
9.18211
9.17771
9.18323
9.18185
9.20902
9.22867
9.21545
9.20571
9.22575
9.21779
9.22512
9.1937
9.19284
9.16075
9.15205
9.12933
9.11643
9.11511
9.12427
9.14113
9.12974
9.12831
9.13137
9.15162
9.16292
9.15979
9.17965
9.16552
9.17397
9.17639
9.16307
9.12444
9.12027
9.11968
9.14224
9.12653
9.15134
9.15579
9.17143
9.20176
9.21881
9.24347
9.17158
9.17856
9.20251
9.20293
9.20428
9.18387
9.18567
9.21803
9.21436
9.2143
9.22283
9.24162
9.23898
9.25465
9.25105
9.22537
9.22568
9.22618
9.23278
9.21115
9.20239
9.18654
9.21021
9.21519
9.21078
9.22098
9.22624
9.22094
9.20518
9.19411
9.18142
9.17063
9.15189
9.16354
9.17871
9.16687
9.17519
9.20369
9.18125
9.18426
9.18434
9.16595
9.13148
9.13584
9.1375
9.16557
9.19524
9.20538
9.20946
9.19763
9.23184
9.22783
9.24045
9.2603
9.26419
9.26822
9.26302
9.25184
9.25493
9.26662
9.27054
9.26376
9.26646
9.27833
9.28013
9.29317
9.30068
9.32774
9.29979
9.2952
9.33022
9.29654
9.30686
9.32533
9.32318
9.29453
9.31575
9.30832
9.30357
9.31604
9.32087
9.3431
9.35099
9.35552
9.35465
9.37766
9.38626
9.36935
9.37517
9.39817
9.39688
9.40952
9.40298
9.38545
9.37076
9.35562
9.35998
9.38568
9.37716
9.35593
9.36202
9.39209
9.36252
9.38811
9.41444
9.41862
9.42364
9.40803
9.40587
9.42086
9.44153
9.43393
9.43531
9.42092
9.3976
9.40747
9.43546
9.42162
9.43805
9.41058
9.39454
9.40485
9.40451
9.38281
9.38313
9.35338
9.36297
9.36944
9.35166
9.36809
9.35679
9.35894
9.35735
9.38771
9.38908
9.38083
9.38866
9.40793
9.39532
9.42055
9.41904
9.44359
9.45847
9.4435
9.45515
9.46213
9.44198
9.41803
9.41316
9.39614
9.41055
9.42984
9.43446
9.43634
9.41409
9.42161
9.43186
9.41312
9.3967
9.38458
9.35527
9.38296
9.38605
9.38811
9.41589
9.36052
9.35967
9.36791
9.38305
9.39404
9.39658
9.39302
9.38061
9.36194
9.35439
9.35194
9.36925
9.3891
9.40345
9.37444
9.39834
9.41488
9.40789
9.40017
9.40316
9.40446
9.40013
9.39535
9.39716
9.39313
9.36686
9.37928
9.38257
9.35386
9.33761
9.34398
9.3546
9.35326
9.33501
9.33774
9.30566
9.32022
9.31791
9.32591
9.34022
9.36971
9.39251
9.36573
9.34916
9.34657
9.34454
9.33008
9.35264
9.33999
9.32875
9.31682
9.30752
9.32502
9.33507
9.32809
9.32635
9.34395
9.33024
9.32693
9.33276
9.348
9.33714
9.3317
9.34045
9.3466
9.3516
9.37313
9.35133
9.3683
9.37948
9.34331
9.34225
9.37537
9.39788
9.39447
9.3871
9.38876
9.37465
9.38578
9.37367
9.39337
9.41636
9.43325
9.44676
9.43763
9.42445
9.41187
9.40239
9.41524
9.41133
9.44152
9.44781
9.43497
9.4202
9.4415
9.4475
9.44963
9.45062
9.46345
9.45171
9.45237
9.43649
9.43761
9.45195
9.45823
9.45974
9.44297
9.46166
9.46357
9.45551
9.47861
9.49189
9.49987
9.5003
9.50978
9.53312
9.53013
9.54625
9.55348
9.54203
9.55608
9.55646
9.57329
9.56813
9.56688
9.55622
9.51351
9.53159
9.49442
9.52674
9.54039
9.55059
9.56185
9.55095
9.57156
9.54611
9.5374
9.54601
9.56912
9.55669
9.54647
9.55127
9.55924
9.58435
9.60721
9.61267
9.58441
9.61822
9.60745
9.59802
9.62671
9.64375
9.61903
9.61368
9.60897
9.6128
9.60992
9.6235
9.59458
9.59041
9.61152
9.59992
9.6161
9.63641
9.64492
9.66133
9.67733
9.67346
9.70605
9.72381
9.71909
9.7517
9.74724
9.75607
9.7661
9.78089
9.75887
9.75249
9.72669
9.7434
9.76816
9.73122
9.74762
9.71904
9.7321
9.7445
9.73127
9.73743
9.76628
9.76607
9.77374
9.76718
9.77403
9.76645
9.76176
9.73136
9.71724
9.7144
9.69664
9.69592
9.72375
9.71727
9.67907
9.69408
9.68798
9.68341
9.68081
9.67699
9.67543
9.69173
9.66929
9.69332
9.68334
9.6675
9.66835
9.65971
9.62646
9.63135
9.64031
9.63327
9.64277
9.63871
9.64967
9.65511
9.64751
9.65042
9.59854
9.59143
9.61829
9.64783
9.65266
9.62379
9.61299
9.64853
9.62912
9.64548
9.6172
9.63354
9.60679
9.62539
9.57367
9.58042
9.59183
9.6135
9.61369
9.61513
9.58526
9.55887
9.58063
9.59367
9.56759
9.56596
9.57523
9.58181
9.57349
9.56214
9.55124
9.55864
9.57257
9.56437
9.5685
9.58921
9.59144
9.60294
9.59108
9.60601
9.5841
9.59092
9.58834
9.56468
9.57149
9.54465
9.56081
9.57303
9.5466
9.55046
9.53398
9.53425
9.55302
9.53379
9.52287
9.49554
9.51612
9.51079
9.51203
9.48096
9.51341
9.52482
9.53874
9.53945
9.55806
9.56456
9.5894
9.61693
9.5938
9.59644
9.59579
9.61523
9.61112
9.61572
9.62507
9.60409
9.598
9.5881
9.5738
9.57628
9.56626
9.55412
9.5467
9.54685
9.51732
9.52264
9.50454
9.49388
9.4754
9.44611
9.44879
9.45062
9.4365
9.44179
9.44174
9.44616
9.45122
9.42144
9.41458
9.41919
9.42714
9.43393
9.45132
9.45133
9.4404
9.41196
9.40544
9.4086
9.42947
9.431
9.44624
9.4306
9.42569
9.42672
9.4236
9.3966
9.40238
9.40913
9.38505
9.39683
9.40024
9.39079
9.38557
9.41403
9.41133
9.40402
9.42774
9.44068
9.42429
9.44073
9.46803
9.47394
9.48927
9.477
9.49374
9.51056
9.49308
9.48945
9.48001
9.47503
9.47529
9.47059
9.44261
9.45271
9.45499
9.45667
9.45122
9.4394
9.44386
9.41168
9.40921
9.40085
9.39578
9.37512
9.40118
9.41695
9.42517
9.45268
9.43522
9.43481
9.43621
9.39798
9.36916
9.39747
9.36688
9.35166
9.344
9.35524
9.35184
9.33489
9.3332
9.33245
9.31662
9.33463
9.35081
9.37239
9.36312
9.35741
9.36161
9.32989
9.33913
9.35612
9.34661
9.38041
9.39956
9.4175
9.41624
9.4207
9.39984
9.4052
9.40753
9.3983
9.39392
9.40322
9.38468
9.40627
9.39443
9.36723
9.35595
9.33874
9.35512
9.35947
9.3726
9.35851
9.37111
9.39049
9.36452
9.34374
9.37078
9.37544
9.35675
9.36718
9.34627
9.32442
9.33369
9.34228
9.30923
9.28912
9.29487
9.2986
9.32229
9.3357
9.36591
9.39244
9.41741
9.39607
9.39334
9.36793
9.35256
9.36541
9.36111
9.38274
9.40053
9.39293
9.41641
9.41257
9.40669
9.3947
9.41167
9.40581
9.39569
9.40559
9.41027
9.40137
9.39927
9.39304
9.40386
9.41009
9.38166
9.38144
9.37044
9.40589
9.41708
9.41747
9.41884
9.43174
9.41724
9.42632
9.42858
9.4262
9.42112
9.41132
9.43975
9.43966
9.44415
9.42724
9.44229
9.45875
9.45931
9.47672
9.45677
9.47846
9.46856
9.49761
9.50589
9.51211
9.47997
9.49118
9.48186
9.45881
9.44999
9.43335
9.41851
9.44689
9.46372
9.47807
9.48691
9.4677
9.45075
9.46172
9.47575
9.48181
9.45126
9.44216
9.44995
9.4614
9.4823
9.46417
9.44376
9.42183
9.39831
9.41438
9.4257
9.43943
9.43819
9.4418
9.45335
9.45089
9.40813
9.41751
9.40847
9.3896
9.4034
9.42701
9.42661
9.445
9.45999
9.46237
9.47969
9.49932
9.50686
9.51449
9.50245
9.53984
9.5387
9.52096
9.53014
9.51288
9.49216
9.50733
9.52254
9.52204
9.52244
9.51991
9.48878
9.48786
9.49852
9.5178
9.5198
9.50461
9.51933
9.53608
9.54413
9.5593
9.52215
9.50999
9.54072
9.55279
9.55414
9.56853
9.58296
9.60356
9.62298
9.6333
9.64283
9.64707
9.66236
9.66736
9.66739
9.67182
9.67966
9.68047
9.67591
9.68882
9.71358
9.68931
9.67631
9.65439
9.63951
9.62658
9.60312
9.58776
9.58839
9.54943
9.55725
9.58097
9.59241
9.59817
9.59823
9.58475
9.58722
9.54762
9.53834
9.53473
9.55517
9.56762
9.57142
9.57662
9.57956
9.58388
9.57135
9.53904
9.52908
9.51799
9.50019
9.4957
9.49518
9.49318
9.51764
9.4897
9.5096
9.49357
9.50513
9.47384
9.44691
9.45721
9.46207
9.47256
9.46333
9.45414
9.45413
9.48526
9.47318
9.4786
9.46872
9.46266
9.4477
9.42799
9.42415
9.40325
9.40049
9.39632
9.39539
9.41032
9.4008
9.39699
9.40967
9.40282
9.44172
9.44594
9.41515
9.44265
9.42169
9.40319
9.40928
9.3831
9.38139
9.3789
9.40942
9.41828
9.41839
9.43799
9.43194
9.41676
9.43555
9.45125
9.46335
9.48247
9.50146
9.50465
9.51908
9.51862
9.4944
9.5269
9.53138
9.5221
9.50819
9.47302
9.47617
9.47562
9.49571
9.50156
9.49489
9.49125
9.50893
9.48687
9.4818
9.48863
9.48911
9.50072
9.51803
9.52068
9.53696
9.54244
9.51802
9.52704
9.50875
9.49809
9.48649
9.50809
9.52211
9.49915
9.4941
9.48202
9.50261
9.50569
9.49921
9.50085
9.51899
9.53892
9.52618
9.50514
9.53716
9.55456
9.55411
9.56061
9.5613
9.56087
9.53366
9.51254
9.52447
9.50955
9.48491
9.46004
9.44506
9.42613
9.4174
9.42423
9.43389
9.4181
9.42549
9.41794
9.41523
9.44621
9.46319
9.45412
9.45831
9.45588
9.47261
9.49473
9.45099
9.45674
9.4394
9.43171
9.4482
9.46152
9.46921
9.48491
9.50375
9.50221
9.50263
9.51339
9.52193
9.52274
9.52457
9.53217
9.52346
9.52788
9.53831
9.54976
9.54993
9.55316
9.55779
9.5803
9.54767
9.53141
9.53181
9.53894
9.53671
9.51296
9.51316
9.51061
9.49365
9.50153
9.50087
9.47544
9.47962
9.47807
9.47684
9.44776
9.44988
9.45961
9.4662
9.4654
9.45812
9.48389
9.48061
9.49074
9.48148
9.46001
9.44082
9.45226
9.46212
9.47355
9.47402
9.47221
9.49319
9.50489
9.51832
9.52244
9.52884
9.53646
9.53857
9.55696
9.55901
9.58649
9.59991
9.60081
9.583
9.58229
9.60065
9.60104
9.6327
9.63427
9.64834
9.66279
9.69187
9.71375
9.71637
9.7261
9.70324
9.71646
9.68486
9.69601
9.69299
9.68127
9.67948
9.66827
9.62877
9.60734
9.59882
9.61592
9.60127
9.59656
9.58555
9.58029
9.59585
9.5809
9.59759
9.61011
9.61348
9.59271
9.6015
9.59893
9.57861
9.56661
9.55403
9.58799
9.56022
9.54913
9.53545
9.54923
9.56334
9.5847
9.59256
9.56403
9.54554
9.58084
9.58528
9.62157
9.63764
9.62528
9.60665
9.60522
9.61563
9.62318
9.60109
9.58281
9.59904
9.60195
9.6048
9.59134
9.56031
9.57411
9.58601
9.57087
9.6016
9.58793
9.56543
9.55119
9.55515
9.54121
9.56109
9.54835
9.52475
9.52809
9.55483
9.57493
9.59205
9.59226
9.57914
9.60243
9.59216
9.60779
9.58256
9.60674
9.60864
9.6209
9.63559
9.63801
9.65785
9.6644
9.65649
9.64061
9.60892
9.62142
9.60841
9.63034
9.62133
9.61014
9.60756
9.61215
9.61353
9.62252
9.63517
9.60046
9.62294
9.58248
9.56546
9.56365
9.57301
9.59762
9.58586
9.57868
9.59587
9.56024
9.56205
9.56544
9.54019
9.51276
9.4973
9.51289
9.49367
9.47738
9.46839
9.4748
9.4699
9.48385
9.44527
9.44831
9.43893
9.42751
9.42413
9.44592
9.46593
9.44765
9.4304
9.43672
9.43362
9.42413
9.43527
9.44166
9.45304
9.45784
9.48619
9.47281
9.48609
9.51392
9.49896
9.44014
9.44263
9.47214
9.49026
9.49206
9.48254
9.49003
9.49059
9.48969
9.49755
9.4834
9.49413
9.48563
9.49224
9.50282
9.51204
9.51715
9.49971
9.50999
9.51321
9.51162
9.51583
9.52553
9.51939
9.51052
9.52378
9.51383
9.53619
9.50203
9.48867
9.47819
9.49867
9.51354
9.53911
9.54138
9.53887
9.54728
9.53618
9.54992
9.57843
9.57581
9.54199
9.50242
9.49559
9.48496
9.4962
9.49217
9.49713
9.52454
9.54468
9.53773
9.54783
9.53571
9.5402
9.53955
9.53629
9.53044
9.56068
9.56756
9.54447
9.56344
9.5666
9.56819
9.556
9.55683
9.56492
9.57018
9.57245
9.57728
9.57327
9.60021
9.59907
9.57747
9.57435
9.56828
9.58717
9.57353
9.57031
9.55809
9.56218
9.54571
9.56794
9.57488
9.59008
9.61219
9.61427
9.6338
9.58188
9.5493
9.53154
9.55711
9.53662
9.53952
9.55217
9.55798
9.56955
9.5925
9.5901
9.61134
9.62181
9.65155
9.66348
9.6385
9.62435
9.62825
9.6047
9.56972
9.53845
9.51665
9.53714
9.5332
9.53921
9.54471
9.55118
9.57575
9.54968
9.53306
9.51466
9.51378
9.52464
9.55013
9.56402
9.59622
9.57951
9.57354
9.59213
9.58535
9.61003
9.63727
9.64665
9.66162
9.63742
9.65409
9.65531
9.63276
9.61591
9.5937
9.57719
9.57524
9.53026
9.52703
9.54308
9.5367
9.54041
9.54885
9.51513
9.51768
9.53768
9.51988
9.52576
9.51156
9.50968
9.5208
9.52199
9.52584
9.49643
9.4849
9.46852
9.44609
9.45973
9.44779
9.42562
9.43806
9.41374
9.43362
9.39269
9.39208
9.37127
9.33709
9.35301
9.37107
9.37573
9.37651
9.38246
9.37829
9.39723
9.41824
9.40076
9.40375
9.38799
9.39986
9.40509
9.39598
9.41964
9.39775
9.4254
9.42634
9.43482
9.42846
9.43471
9.46553
9.48638
9.49848
9.50875
9.52134
9.53275
9.54261
9.53764
9.5434
9.51421
9.5253
9.52852
9.52294
9.53759
9.50986
9.52416
9.54436
9.54137
9.54741
9.56334
9.53511
9.53969
9.55242
9.57748
9.5909
9.59677
9.58227
9.58691
9.55868
9.53385
9.49924
9.51025
9.51606
9.52537
9.51707
9.52251
9.53279
9.52487
9.51218
9.52075
9.51287
9.53154
9.53549
9.52612
9.51823
9.54456
9.51152
9.53285
9.54512
9.53953
9.53869
9.55248
9.54797
9.54692
9.55519
9.51812
9.50481
9.4987
9.50627
9.51946
9.51481
9.52542
9.50686
9.49516
9.4964
9.4659
9.45792
9.45478
9.49363
9.49272
9.50647
9.50144
9.50341
9.50998
9.49344
9.49655
9.48191
9.50025
9.50609
9.52529
9.53901
9.52376
9.5092
9.49397
9.49594
9.50243
9.49915
9.49493
9.50231
9.51312
9.53603
9.54626
9.56962
9.58422
9.56683
9.57267
9.57531
9.59461
9.60081
9.59592
9.6051
9.62192
9.6531
9.63515
9.62336
9.63273
9.64112
9.64135
9.63896
9.64334
9.62538
9.62389
9.62648
9.63485
9.65408
9.64336
9.64987
9.64972
9.66409
9.66368
9.67163
9.669
9.65942
9.67097
9.70455
9.70068
9.69744
9.67789
9.68646
9.69375
9.69798
9.70382
9.72456
9.67543
9.68301
9.68813
9.70004
9.70792
9.71835
9.7069
9.72556
9.72697
9.7517
9.73353
9.76079
9.76181
9.74445
9.75213
9.72122
9.76058
9.7737
9.77848
9.74669
9.761
9.71043
9.70762
9.71823
9.72255
9.68987
9.66329
9.65115
9.66164
9.66736
9.67773
9.67571
9.66624
9.64381
9.64299
9.66238
9.66507
9.68571
9.68248
9.69593
9.70157
9.68407
9.68638
9.69685
9.71386
9.72415
9.70709
9.70338
9.69858
9.67366
9.65185
9.62659
9.61539
9.62289
9.63722
9.60955
9.64032
9.64669
9.65801
9.63206
9.63287
9.6079
9.6333
9.64863
9.59768
9.61967
9.61256
9.61534
9.63415
9.61796
9.631
9.59022
9.5938
9.59948
9.56036
9.52549
9.53284
9.56406
9.53436
9.51852
9.49526
9.50543
9.51568
9.49918
9.50542
9.51905
9.48146
9.48201
9.4957
9.45002
9.42501
9.43001
9.4273
9.4166
9.41346
9.42099
9.40896
9.38651
9.37589
9.3898
9.36412
9.3782
9.35526
9.35178
9.37187
9.3993
9.40683
9.42317
9.43174
9.45733
9.48616
9.47126
9.46888
9.45795
9.46976
9.47576
9.47019
9.46082
9.48047
9.47815
9.45308
9.45277
9.46265
9.47134
9.455
9.45554
9.48276
9.46373
9.49349
9.47714
9.49356
9.51812
9.52585
9.54763
9.54391
9.49957
9.47495
9.47455
9.47693
9.48262
9.46628
9.46572
9.45678
9.44623
9.43781
9.4478
9.44002
9.43151
9.43856
9.42387
9.44971
9.4538
9.46389
9.46428
9.48294
9.49362
9.50621
9.49858
9.51695
9.47403
9.47625
9.48878
9.4746
9.44555
9.47546
9.48918
9.49756
9.51146
9.46544
9.47927
9.48588
9.50411
9.51592
9.49399
9.51766
9.51363
9.52064
9.5129
9.51188
9.49537
9.48017
9.45844
9.47217
9.44968
9.44009
9.44374
9.45895
9.44841
9.45014
9.4588
9.45563
9.44948
9.44176
9.44105
9.45571
9.46362
9.45206
9.45279
9.46095
9.46091
9.48388
9.48393
9.499
9.52055
9.51517
9.53845
9.54731
9.53761
9.56336
9.57108
9.54986
9.57222
9.57839
9.57305
9.55351
9.54796
9.56318
9.56088
9.56775
9.57637
9.57659
9.53185
9.52538
9.53587
9.48712
9.49535
9.50573
9.50382
9.51961
9.51955
9.54002
9.57878
9.58643
9.56836
9.58641
9.56421
9.5637
9.56946
9.57794
9.58436
9.60092
9.56988
9.57677
9.60406
9.57727
9.57881
9.57339
9.58384
9.55706
9.56184
9.57766
9.60722
9.62834
9.64162
9.63294
9.65261
9.63269
9.63684
9.65199
9.64064
9.61677
9.62949
9.60114
9.61418
9.59015
9.59582
9.6201
9.59528
9.60475
9.61435
9.60128
9.60193
9.62385
9.61314
9.61871
9.62092
9.64693
9.66503
9.67074
9.64021
9.63172
9.65086
9.65974
9.6541
9.64846
9.6479
9.6339
9.66218
9.66435
9.67111
9.67992
9.68584
9.68781
9.71566
9.72956
9.7181
9.71765
9.72201
9.71114
9.7089
9.69777
9.69434
9.68357
9.67661
9.67451
9.66553
9.65387
9.62731
9.61826
9.64569
9.64327
9.66336
9.66665
9.62263
9.61828
9.6351
9.61178
9.62735
9.62921
9.63702
9.63124
9.65576
9.66148
9.66893
9.68147
9.70808
9.68658
9.69557
9.70368
9.66666
9.66604
9.66721
9.69716
9.69855
9.70348
9.69132
9.68913
9.69272
9.70908
9.70981
9.70524
9.70091
9.64709
9.66095
9.66954
9.67824
9.67219
9.68544
9.69827
9.72615
9.72156
9.71957
9.70925
9.74134
9.7561
9.77137
9.75856
9.77724
9.79695
9.8186
9.82129
9.80039
9.77297
9.76835
9.7901
9.77848
9.78402
9.7885
9.73333
9.69349
9.69971
9.71037
9.70361
9.69354
9.68839
9.68978
9.68027
9.66917
9.65275
9.65489
9.62443
9.60208
9.59497
9.60317
9.61721
9.60651
9.60582
9.58276
9.59809
9.60521
9.61835
9.61923
9.59414
9.57709
9.56322
9.57221
9.56251
9.5739
9.57746
9.59437
9.61849
9.61733
9.62203
9.62057
9.59815
9.60415
9.62237
9.60737
9.61742
9.59206
9.60923
9.6398
9.67121
9.63804
9.5889
9.57725
9.56682
9.53677
9.49113
9.46892
9.49815
9.50373
9.50882
9.49358
9.48782
9.49814
9.48641
9.50016
9.46331
9.47908
9.47664
9.49286
9.4775
9.49629
9.52717
9.54017
9.52995
9.53199
9.52166
9.48556
9.45734
9.44721
9.46302
9.46659
9.46252
9.43439
9.42487
9.42452
9.43242
9.42551
9.42393
9.43497
9.4376
9.44607
9.44586
9.41109
9.42936
9.42625
9.43819
9.45401
9.45549
9.40293
9.37193
9.36573
9.34872
9.36683
9.34892
9.33842
9.33434
9.32136
9.3308
9.33791
9.35133
9.35609
9.35744
9.38911
9.4002
9.41595
9.4097
9.4265
9.42611
9.41808
9.42193
9.43756
9.40314
9.3839
9.39782
9.38416
9.36441
9.3742
9.39481
9.38849
9.3605
9.34764
9.32301
9.31545
9.34144
9.34268
9.32674
9.32865
9.32228
9.33547
9.34292
9.36235
9.37053
9.38366
9.37832
9.37051
9.37554
9.37706
9.40599
9.39912
9.4121
9.40897
9.41094
9.41393
9.41149
9.4011
9.40039
9.41868
9.41844
9.42034
9.42375
9.43308
9.40377
9.39665
9.39089
9.40247
9.4021
9.40777
9.3985
9.39424
9.40841
9.37266
9.38731
9.36242
9.38141
9.39872
9.40581
9.40097
9.39934
9.40913
9.42917
9.44875
9.47582
9.43686
9.43981
9.43189
9.40863
9.42301
9.43948
9.41965
9.42944
9.43514
9.46308
9.48076
9.48762
9.4981
9.46252
9.46954
9.46502
9.45274
9.43952
9.4299
9.42735
9.43688
9.45554
9.46544
9.45147
9.4125
9.41125
9.42934
9.42752
9.42725
9.39127
9.39907
9.40922
9.39967
9.39714
9.39481
9.41152
9.41664
9.43322
9.45469
9.4112
9.43319
9.45773
9.46863
9.43473
9.42153
9.40351
9.43302
9.45531
9.44064
9.4352
9.45882
9.46348
9.48359
9.50047
9.47168
9.48505
9.49156
9.48499
9.49793
9.48865
9.48726
9.48611
9.49584
9.48232
9.49322
9.47739
9.46969
9.47515
9.47988
9.46698
9.45204
9.45035
9.43769
9.3788
9.39481
9.37775
9.39601
9.40291
9.41146
9.41654
9.42239
9.44277
9.44047
9.44215
9.46247
9.47795
9.46438
9.47169
9.47635
9.44968
9.44848
9.40332
9.36318
9.28686
9.28941
9.2453
9.25923
9.25808
9.2694
9.25836
9.26594
9.26485
9.25958
9.2586
9.27633
9.26986
9.276
9.24827
9.2371
9.2485
9.26616
9.28389
9.2905
9.29289
9.27292
9.29089
9.29808
9.28808
9.30388
9.31395
9.32808
9.2886
9.30558
9.30262
9.31927
9.3356
9.36398
9.3448
9.34496
9.36536
9.327
9.33334
9.33658
9.34618
9.36553
9.38256
9.39809
9.38121
9.3867
9.37121
9.37961
9.40424
9.40631
9.40154
9.40811
9.39245
9.40935
9.43065
9.44802
9.44424
9.45511
9.4686
9.45922
9.45376
9.44936
9.45479
9.46498
9.49432
9.48198
9.49661
9.52332
9.52627
9.51581
9.5296
9.50549
9.50927
9.50647
9.53509
9.51459
9.52943
9.54872
9.48351
9.43898
9.45716
9.45112
9.45407
9.47298
9.47567
9.45547
9.44766
9.41013
9.43245
9.44835
9.46219
9.45364
9.42802
9.42618
9.42929
9.43839
9.44199
9.46435
9.45036
9.43972
9.42835
9.45782
9.44833
9.44704
9.46617
9.45222
9.44283
9.46045
9.47491
9.47701
9.48714
9.48237
9.49881
9.50906
9.54117
9.55625
9.55886
9.55647
9.55332
9.54585
9.51492
9.5162
9.51847
9.53874
9.51749
9.54134
9.52008
9.52919
9.5335
9.53713
9.56667
9.55263
9.58177
9.58182
9.59204
9.59056
9.59106
9.6135
9.59982
9.58442
9.58918
9.61755
9.65146
9.64654
9.67448
9.66251
9.68179
9.71255
9.7039
9.69944
9.71129
9.71782
9.69698
9.68517
9.69359
9.72848
9.72499
9.7163
9.71546
9.68894
9.69474
9.71594
9.70145
9.70606
9.68126
9.65312
9.66704
9.6744
9.68961
9.70013
9.68698
9.69825
9.66035
9.65847
9.67261
9.66072
9.67504
9.67881
9.69977
9.69759
9.67827
9.68483
9.69731
9.69774
9.72091
9.69481
9.71187
9.73885
9.72985
9.69327
9.67741
9.67977
9.65433
9.66743
9.65955
9.64281
9.66584
9.6743
9.6761
9.66878
9.67076
9.68035
9.64455
9.65779
9.66753
9.66663
9.69103
9.70402
9.70098
9.68917
9.69147
9.69215
9.67595
9.68677
9.68778
9.70236
9.72538
9.72676
9.71787
9.70841
9.71611
9.73479
9.71758
9.71348
9.72002
9.72111
9.68232
9.66728
9.64526
9.66677
9.6707
9.67851
9.69602
9.70513
9.72777
9.72355
9.71089
9.72376
9.7046
9.69864
9.69094
9.66606
9.67358
9.67292
9.67375
9.67219
9.66836
9.66248
9.67345
9.70204
9.69576
9.67949
9.67623
9.67431
9.63132
9.61441
9.59347
9.57783
9.57047
9.60909
9.62238
9.63053
9.64972
9.64418
9.65549
9.63698
9.63208
9.62142
9.61944
9.62358
9.63468
9.60395
9.61006
9.60741
9.5576
9.57285
9.57858
9.5465
9.54215
9.53794
9.54713
9.57068
9.56458
9.50947
9.51382
9.51557
9.5416
9.54128
9.56076
9.55897
9.5436
9.5405
9.53892
9.54201
9.50601
9.50038
9.50192
9.48654
9.48743
9.50646
9.53015
9.53454
9.52413
9.52245
9.53901
9.50599
9.51279
9.53098
9.52973
9.53718
9.53902
9.55684
9.5139
9.50791
9.49843
9.49943
9.49627
9.51569
9.52983
9.51926
9.54226
9.55986
9.58909
9.60164
9.58971
9.57141
9.55612
9.56896
9.55123
9.5621
9.55859
9.55412
9.57663
9.56634
9.58587
9.59302
9.57257
9.60161
9.59571
9.61033
9.62361
9.61679
9.61091
9.62525
9.63176
9.57483
9.5766
9.58189
9.58814
9.5686
9.58965
9.62234
9.64953
9.65675
9.66129
9.66678
9.64891
9.64017
9.6208
9.60835
9.60899
9.57986
9.57195
9.58543
9.62407
9.63167
9.64413
9.6443
9.63259
9.60567
9.59764
9.59007
9.61083
9.60503
9.60971
9.58556
9.56082
9.58488
9.59377
9.56669
9.56587
9.53493
9.5285
9.52907
9.51463
9.50456
9.51436
9.52251
9.52557
9.52739
9.50883
9.49944
9.51402
9.53133
9.47906
9.47226
9.47063
9.47696
9.46387
9.45519
9.42351
9.39807
9.39093
9.39126
9.38958
9.36917
9.38121
9.34253
9.37095
9.38259
9.38748
9.40338
9.40182
9.40311
9.38631
9.37086
9.39823
9.41602
9.41341
9.37746
9.39672
9.41864
9.4216
9.43243
9.42147
9.40459
9.39733
9.4095
9.39282
9.37573
9.37777
9.38271
9.38245
9.38471
9.37875
9.40962
9.36402
9.35402
9.30477
9.3188
9.3359
9.35554
9.36581
9.37281
9.37848
9.36514
9.36764
9.3493
9.35596
9.31029
9.32071
9.3013
9.30917
9.33138
9.32221
9.32517
9.32565
9.3407
9.36188
9.37387
9.37262
9.38547
9.40341
9.41834
9.44939
9.45412
9.46641
9.47289
9.4579
9.47917
9.4576
9.47938
9.48814
9.49226
9.51481
9.53588
9.51209
9.5262
9.51875
9.48242
9.51715
9.4794
9.50073
9.50764
9.50474
9.53
9.53315
9.51828
9.52071
9.53447
9.52696
9.52032
9.5445
9.55935
9.5423
9.56245
9.55365
9.53969
9.5283
9.53025
9.51755
9.50305
9.49989
9.51744
9.52884
9.49779
9.51914
9.53845
9.55544
9.55529
9.54784
9.56123
9.54314
9.55574
9.57209
9.54411
9.55522
9.55056
9.51568
9.50552
9.52433
9.51177
9.54189
9.53317
9.53396
9.53338
9.52462
9.52344
9.52263
9.52032
9.51922
9.49621
9.49882
9.51324
9.49718
9.48427
9.4938
9.52883
9.51908
9.54331
9.52089
9.54462
9.5463
9.52966
9.5616
9.55045
9.54808
9.55735
9.56405
9.57586
9.56665
9.56181
9.49592
9.45288
9.46054
9.47697
9.48213
9.4724
9.46798
9.46512
9.45816
9.44867
9.45693
9.48918
9.49132
9.4853
9.49207
9.47957
9.46954
9.4789
9.46641
9.48223
9.49088
9.47335
9.48634
9.50528
9.50696
9.49054
9.48823
9.48278
9.46804
9.4387
9.45331
9.46884
9.48145
9.49714
9.51339
9.53255
9.52119
9.5105
9.49993
9.51905
9.53162
9.54774
9.52627
9.53483
9.52459
9.54992
9.55876
9.5256
9.53424
9.5487
9.50735
9.49298
9.46314
9.48017
9.47937
9.48316
9.49263
9.50377
9.46238
9.47418
9.4833
9.46132
9.46029
9.44516
9.46031
9.46819
9.47644
9.48665
9.49585
9.46639
9.44523
9.44658
9.43917
9.45112
9.44262
9.46119
9.46067
9.4516
9.47764
9.48787
9.48281
9.50288
9.50159
9.50312
9.49004
9.48959
9.49472
9.50179
9.52472
9.52564
9.53374
9.56294
9.58974
9.59991
9.61897
9.58681
9.60605
9.62089
9.6273
9.64074
9.66361
9.67548
9.68384
9.68039
9.68906
9.66584
9.66922
9.64753
9.64001
9.63295
9.64164
9.64909
9.62327
9.61445
9.59611
9.58993
9.59309
9.61648
9.6222
9.58842
9.5929
9.60881
9.62767
9.64626
9.64815
9.65431
9.649
9.65438
9.57869
9.59465
9.59579
9.56753
9.58243
9.5665
9.57201
9.59485
9.61481
9.61219
9.62084
9.63995
9.65457
9.65286
9.67768
9.7052
9.68106
9.66653
9.65681
9.65832
9.68415
9.6958
9.67219
9.66536
9.63659
9.61508
9.58819
9.57665
9.57688
9.5631
9.58622
9.56506
9.57559
9.57557
9.57185
9.58595
9.54784
9.50498
9.51581
9.49065
9.4792
9.48005
9.48287
9.50022
9.53524
9.55731
9.55501
9.57046
9.57119
9.57197
9.57988
9.55326
9.56496
9.54425
9.55558
9.5497
9.54896
9.52907
9.53761
9.52878
9.50494
9.51877
9.5277
9.54916
9.54606
9.56419
9.57991
9.56573
9.57854
9.58661
9.58474
9.58231
9.60206
9.60949
9.59191
9.58193
9.54731
9.5745
9.54172
9.54163
9.54912
9.55699
9.57174
9.57907
9.59037
9.61879
9.63643
9.63099
9.62007
9.61908
9.61384
9.58455
9.57094
9.56672
9.58
9.5923
9.60983
9.6248
9.62015
9.62649
9.60853
9.61387
9.60764
9.6098
9.6322
9.6045
9.61197
9.61606
9.63727
9.62558
9.62975
9.60748
9.62986
9.6438
9.63907
9.62263
9.6216
9.62368
9.64462
9.66272
9.67282
9.68847
9.68107
9.67612
9.65438
9.66507
9.62956
9.63596
9.59992
9.57765
9.57088
9.55962
9.52526
9.51367
9.5229
9.54863
9.54312
9.53764
9.53453
9.53552
9.52827
9.51241
9.50056
9.48061
9.45805
9.46833
9.48525
9.46352
9.46314
9.4478
9.45058
9.43799
9.43575
9.43401
9.47308
9.48854
9.48798
9.49895
9.45898
9.46929
9.47995
9.51137
9.51885
9.5057
9.49284
9.49255
9.47655
9.44694
9.45009
9.45878
9.45368
9.43323
9.42887
9.39934
9.41756
9.43256
9.42488
9.44672
9.46799
9.45806
9.455
9.43614
9.44019
9.45144
9.47509
9.45197
9.43461
9.40367
9.38724
9.38988
9.38936
9.36908
9.34836
9.33178
9.3354
9.31657
9.32672
9.32324
9.34918
9.32819
9.34232
9.36072
9.36565
9.37234
9.36245
9.34042
9.34207
9.34655
9.35223
9.33914
9.36041
9.35998
9.36214
9.35444
9.34994
9.36443
9.31911
9.30214
9.31976
9.32639
9.32035
9.32464
9.31873
9.31861
9.31384
9.30035
9.2892
9.29285
9.29461
9.29233
9.26194
9.2672
9.26173
9.25302
9.27614
9.28445
9.31514
9.30204
9.2848
9.26831
9.27059
9.2819
9.26213
9.25482
9.22758
9.23686
9.22159
9.21619
9.23769
9.24797
9.24682
9.25669
9.24346
9.23485
9.2445
9.22915
9.23438
9.26503
9.27823
9.28348
9.29133
9.30734
9.2848
9.28704
9.29835
9.32597
9.32071
9.31117
9.30434
9.31047
9.31555
9.32847
9.32575
9.3213
9.35415
9.34448
9.31805
9.32325
9.30856
9.31459
9.30881
9.3103
9.33448
9.33767
9.31605
9.32146
9.33159
9.34266
9.36196
9.36652
9.37969
9.36527
9.35431
9.34464
9.34952
9.35986
9.35828
9.38916
9.38953
9.40095
9.40104
9.43263
9.42982
9.41689
9.41046
9.39467
9.39102
9.3879
9.41584
9.43774
9.43055
9.39509
9.40869
9.40661
9.42529
9.41662
9.43548
9.4456
9.47257
9.4488
9.46551
9.50092
9.51525
9.51892
9.50613
9.50299
9.52902
9.48766
9.47807
9.5001
9.44674
9.43736
9.42804
9.42998
9.42751
9.39351
9.36012
9.35129
9.35083
9.33552
9.33845
9.35459
9.36102
9.37694
9.37359
9.37915
9.40001
9.41326
9.42143
9.40833
9.4046
9.39425
9.37235
9.38079
9.38623
9.40782
9.39283
9.40224
9.41293
9.41223
9.41098
9.41086
9.42662
9.43258
9.45999
9.45935
9.4452
9.45766
9.48392
9.50073
9.50349
9.50595
9.48563
9.45734
9.46626
9.47888
9.45966
9.46188
9.46424
9.49368
9.47013
9.46727
9.45952
9.47131
9.4752
9.46891
9.47861
9.48918
9.47149
9.4617
9.46504
9.4565
9.46528
9.45048
9.46969
9.48028
9.46645
9.46243
9.46307
9.46355
9.46278
9.46257
9.47536
9.46258
9.4776
9.49215
9.49848
9.46716
9.42194
9.42098
9.44187
9.45201
9.46769
9.49014
9.4865
9.46525
9.4704
9.44821
9.47197
9.48472
9.48007
9.46987
9.4797
9.49696
9.4917
9.50067
9.52499
9.53207
9.53521
9.51935
9.54058
9.55105
9.52337
9.52928
9.52889
9.53476
9.52222
9.5192
9.51252
9.54783
9.53181
9.52272
9.51996
9.52355
9.51147
9.52137
9.50749
9.5319
9.54928
9.55206
9.56636
9.60393
9.58345
9.59916
9.61881
9.64061
9.66401
9.67401
9.69863
9.70933
9.7134
9.71512
9.71667
9.72431
9.69874
9.71548
9.72355
9.70802
9.71371
9.7084
9.69303
9.68759
9.68527
9.68635
9.67363
9.67843
9.5905
9.58577
9.57197
9.5794
9.57097
9.56578
9.55408
9.55561
9.56858
9.58375
9.59106
9.60577
9.56159
9.54514
9.57602
9.56866
9.58067
9.60656
9.60936
9.61241
9.59482
9.60903
9.60896
9.60209
9.5867
9.6049
9.61267
9.60663
9.61342
9.61138
9.6047
9.60018
9.59788
9.5927
9.591
9.60761
9.63424
9.66148
9.67501
9.69118
9.69722
9.71703
9.72953
9.7291
9.70675
9.68646
9.67163
9.66259
9.66448
9.62274
9.61083
9.63181
9.64145
9.60185
9.60314
9.58804
9.56628
9.53083
9.51721
9.50115
9.48679
9.51441
9.52577
9.51815
9.51511
9.52082
9.53169
9.54374
9.4966
9.50219
9.52932
9.51722
9.47712
9.46975
9.50452
9.45822
9.44674
9.4563
9.46009
9.46015
9.47258
9.4554
9.49219
9.49703
9.51048
9.51407
9.50309
9.48975
9.46266
9.45972
9.44807
9.43087
9.43286
9.43011
9.44154
9.41702
9.41187
9.42231
9.41075
9.4159
9.4047
9.42715
9.42447
9.42177
9.39674
9.40945
9.41283
9.37346
9.39126
9.39342
9.41206
9.418
9.40967
9.42131
9.43903
9.45623
9.46717
9.45897
9.45778
9.45118
9.46839
9.47576
9.47606
9.47716
9.45385
9.43989
9.41739
9.39765
9.39863
9.39292
9.37652
9.37199
9.3566
9.3543
9.34227
9.32915
9.33658
9.31865
9.31257
9.28806
9.31674
9.31234
9.32032
9.31112
9.31294
9.29898
9.30993
9.26773
9.27744
9.27803
9.27969
9.2841
9.30197
9.3063
9.28201
9.24795
9.22026
9.2216
9.2054
9.19808
9.18475
9.17886
9.19195
9.18277
9.18638
9.21351
9.23389
9.26488
9.29177
9.2651
9.26092
9.27864
9.28963
9.29446
9.30856
9.34105
9.31449
9.31795
9.28691
9.28124
9.26034
9.26469
9.27054
9.25824
9.2702
9.27269
9.29599
9.31579
9.31608
9.28272
9.3016
9.30119
9.26531
9.25635
9.25665
9.24972
9.24445
9.26914
9.2594
9.2816
9.30546
9.30249
9.28974
9.29552
9.288
9.31789
9.32815
9.3334
9.30632
9.2823
9.30668
9.32884
9.33616
9.36615
9.38201
9.36555
9.34402
9.33428
9.32195
9.32836
9.33368
9.30754
9.32067
9.31173
9.32009
9.3201
9.30737
9.34381
9.34617
9.34132
9.33877
9.33638
9.33584
9.36728
9.38542
9.4064
9.42122
9.4442
9.45095
9.47065
9.43091
9.41656
9.41345
9.40464
9.4273
9.46363
9.45363
9.48414
9.47558
9.48173
9.49072
9.5061
9.52122
9.52789
9.53314
9.53035
9.52003
9.53936
9.53384
9.53518
9.55955
9.55811
9.55674
9.55136
9.54292
9.54156
9.53667
9.54855
9.54329
9.54215
9.54076
9.56526
9.58519
9.59442
9.57017
9.57414
9.58673
9.58866
9.58833
9.60374
9.61168
9.58706
9.56877
9.58121
9.58471
9.60086
9.61162
9.62064
9.63437
9.61829
9.64234
9.66271
9.67632
9.70191
9.69249
9.6841
9.70108
9.69229
9.68119
9.69055
9.70653
9.7243
9.74736
9.74347
9.73758
9.70728
9.69209
9.70929
9.72016
9.72388
9.72321
9.72741
9.74343
9.7426
9.7255
9.70277
9.67868
9.67978
9.68479
9.70255
9.71508
9.70546
9.71861
9.71152
9.71945
9.72431
9.74941
9.75462
9.75087
9.77635
9.78996
9.80942
9.82842
9.84755
9.83576
9.81964
9.8045
9.80543
9.7874
9.80986
9.79596
9.80601
9.79761
9.79742
9.83477
9.84325
9.87721
9.88295
9.92231
9.87457
9.90222
9.91029
9.91981
9.90763
9.92066
9.93269
9.94848
9.96216
9.95137
9.9478
9.96312
9.97083
9.96425
9.94025
9.92721
9.91567
9.92588
9.92193
9.94495
9.90222
9.90136
9.92638
9.9578
9.9746
9.98385
9.97842
9.99716
10.0157
10.0016
10.0046
10.0084
10.0137
10.0285
10.0363
10.0371
9.99229
10.0074
10.0114
9.99071
9.98245
9.99299
9.99872
10.0091
10.0181
10.0414
10.0531
10.03
10.0084
10.0144
10.013
10.0428
10.0462
10.0376
10.06
10.0634
10.0663
10.0821
10.105
10.0737
10.0891
10.0751
10.051
10.0425
10.0339
10.0132
10.0011
10.0002
10.0062
10.0273
10.0406
10.046
10.0498
10.051
10.0794
10.074
10.0204
10.0295
10.0122
10.0398
10.0297
10.0264
10.0435
10.0538
10.0458
10.0373
10.0083
9.99418
10.009
10.0051
10.0044
10.0257
10.0045
9.99168
9.9734
9.97852
9.98776
10.0053
10.0219
10.0341
10.0294
10.031
10.0287
10.0115
10.0026
10.0151
10.0055
10.0139
10.0171
10.0129
10.0216
10.0148
10.0252
9.97305
9.98571
9.98372
9.98372
9.9716
9.97731
9.95599
9.96659
9.97524
9.97012
9.96141
9.93923
9.94165
9.9501
9.95907
9.93794
9.942
9.93922
9.95044
9.94404
9.95603
9.95558
9.96922
9.9314
9.93883
9.94002
9.95003
9.94756
9.94045
9.95373
9.96205
9.96267
9.97569
10.0026
10.0172
10.0273
10.0408
10.0352
10.0471
10.0372
10.0242
10.0049
10.0201
10.0392
10.0379
10.0506
10.0614
10.0605
10.0693
10.0843
10.0714
10.0553
10.06
10.0571
10.0349
10.0489
10.054
10.0574
10.0588
10.0212
10.0053
10.0196
10.0305
10.0347
10.0512
10.0233
10.0456
10.0371
10.0401
10.0416
10.0416
10.0135
10.0195
10.0017
10.0204
10.0002
9.99323
9.99037
9.96178
9.97363
9.97557
9.96305
9.9952
9.99135
10.0091
10.009
9.9877
9.99371
9.99606
10.0024
9.99348
10.0096
10.0114
9.97016
9.96508
9.95148
9.93547
9.92699
9.9266
9.94027
9.96788
9.96083
9.97679
9.9678
9.9648
9.9665
9.97877
9.99719
10.0086
10.0336
10.0353
10.02
9.99554
9.96428
9.97552
9.95075
9.98309
9.98414
9.99405
9.97809
9.98811
9.97437
9.94127
9.92752
9.92917
9.90794
9.9131
9.92171
9.88896
9.88912
9.90695
9.88752
9.88908
9.8728
9.88127
9.86705
9.87957
9.82402
9.82843
9.82824
9.8348
9.82451
9.82384
9.82667
9.8049
9.82022
9.81912
9.83904
9.86704
9.85678
9.86427
9.87063
9.86111
9.87126
9.88413
9.87887
9.86024
9.87089
9.86875
9.85421
9.8576
9.85564
9.87808
9.86087
9.86672
9.85633
9.84908
9.84758
9.82624
9.82171
9.80948
9.79945
9.8253
9.82268
9.79012
9.7895
9.77438
9.75429
9.7571
9.78271
9.80175
9.80907
9.79626
9.82028
9.80348
9.80846
9.82288
9.85178
9.83787
9.8343
9.84373
9.86024
9.82428
9.81953
9.83159
9.82717
9.81442
9.8165
9.84098
9.86253
9.87902
9.91293
9.9103
9.9125
9.91808
9.87275
9.83846
9.84601
9.80991
9.82244
9.83057
9.84764
9.81335
9.8368
9.84313
9.84963
9.88015
9.8631
9.88545
9.88694
9.85582
9.86398
9.85577
9.89111
9.89272
9.90691
9.92197
9.9223
9.88181
9.88515
9.87323
9.83564
9.80135
9.78714
9.77591
9.76945
9.76164
9.75945
9.76865
9.74236
9.75832
9.7708
9.77628
9.79296
9.7781
9.79004
9.78596
9.80596
9.81757
9.84635
9.84794
9.86907
9.88001
9.88183
9.85708
9.87642
9.90051
9.89205
9.85959
9.84195
9.80502
9.80575
9.81834
9.82452
9.84149
9.85392
9.8088
9.79861
9.81276
9.81942
9.79813
9.80009
9.7786
9.79033
9.7963
9.80248
9.79078
9.78024
9.80788
9.82716
9.82955
9.81725
9.82885
9.81636
9.80702
9.81967
9.83695
9.84788
9.85543
9.86427
9.86811
9.8848
9.89908
9.89969
9.89296
9.89243
9.9144
9.91634
9.9142
9.91987
9.91848
9.88385
9.84694
9.8674
9.88958
9.88534
9.88991
9.88412
9.89556
9.90185
9.90649
9.92084
9.91851
9.89262
9.87928
9.87049
9.87888
9.8607
9.85965
9.85127
9.84857
9.86025
9.8816
9.88561
9.87523
9.8745
9.89973
9.88759
9.89337
9.87338
9.85644
9.87523
9.87463
9.88543
9.882
9.86089
9.87166
9.85864
9.84924
9.85402
9.84897
9.83734
9.85798
9.86603
9.89287
9.90309
9.93186
9.96665
9.95096
9.93421
9.94007
9.94235
9.93024
9.94964
9.97534
9.98533
9.98541
9.97743
9.95425
9.94672
9.92446
9.93402
9.94729
9.93588
9.95411
9.93872
9.93619
9.94237
9.92224
9.91085
9.92987
9.94681
9.93853
9.95182
9.93898
9.95122
9.95883
9.95223
9.96728
9.9786
9.98523
9.99654
10.0186
10.0031
10.005
10.0051
10.0086
9.99299
9.97346
9.95679
9.96346
9.98976
9.99704
9.98285
9.99533
10.0202
10.0088
10.0114
10.0007
9.9591
9.96413
9.9607
9.94838
9.96036
9.96502
9.95966
9.94831
9.92498
9.94178
9.91901
9.91566
9.92959
9.92827
9.93594
9.92595
9.93591
9.92748
9.92485
9.93164
9.94221
9.91228
9.8891
9.92082
9.92572
9.94227
9.92845
9.92077
9.92385
9.9448
9.93341
9.93045
9.94804
9.92893
9.9038
9.91721
9.93357
9.90858
9.92555
9.8978
9.90616
9.90708
9.88959
9.87684
9.89014
9.88898
9.85938
9.87414
9.86054
9.82767
9.83615
9.8437
9.81476
9.79544
9.8162
9.8536
9.88894
9.89322
9.89471
9.8909
9.86827
9.86094
9.84944
9.85302
9.8544
9.8489
9.86306
9.80597
9.80852
9.82562
9.83904
9.81205
9.80761
9.80297
9.79749
9.78108
9.74957
9.75456
9.7599
9.75543
9.74863
9.72136
9.73135
9.71764
9.75423
9.74217
9.74201
9.75833
9.75196
9.76417
9.77604
9.76543
9.74522
9.7441
9.73303
9.73185
9.68318
9.68954
9.68154
9.65848
9.66976
9.66797
9.67602
9.68431
9.69476
9.70785
9.70496
9.69838
9.67457
9.68933
9.70676
9.7163
9.73638
9.74145
9.74627
9.73992
9.73071
9.73157
9.73855
9.75534
9.77641
9.72638
9.68611
9.6834
9.68872
9.67755
9.67655
9.64041
9.66252
9.68033
9.68383
9.69435
9.68882
9.6972
9.70949
9.72752
9.69923
9.67556
9.67511
9.68207
9.72358
9.71238
9.72056
9.71337
9.72965
9.72524
9.71092
9.71497
9.69397
9.70431
9.68263
9.67858
9.71444
9.72318
9.70172
9.70313
9.68721
9.71155
9.71136
9.68245
9.68164
9.67143
9.67033
9.66895
9.63589
9.61797
9.59387
9.57369
9.60264
9.60246
9.59925
9.60861
9.59829
9.60869
9.58802
9.57114
9.56444
9.58064
9.58509
9.60059
9.61963
9.61458
9.63394
9.63535
9.63212
9.62135
9.6242
9.60497
9.61648
9.63731
9.63768
9.63838
9.62061
9.6444
9.62542
9.62645
9.62456
9.62565
9.63817
9.6492
9.66151
9.68468
9.6784
9.64978
9.66626
9.67642
9.67384
9.66652
9.66675
9.66529
9.66184
9.68909
9.69533
9.69075
9.65408
9.6523
9.65154
9.6729
9.6599
9.65953
9.6576
9.6611
9.67976
9.6761
9.68086
9.6695
9.6719
9.68934
9.68466
9.70912
9.70344
9.69208
9.71411
9.69652
9.69611
9.71954
9.69635
9.69499
9.69931
9.67069
9.68348
9.66527
9.66851
9.69192
9.70055
9.68047
9.66222
9.69556
9.67436
9.68225
9.65656
9.66259
9.66534
9.62503
9.61776
9.6196
9.60358
9.61752
9.61245
9.62695
9.65252
9.62105
9.62108
9.62241
9.63378
9.6311
9.63772
9.64583
9.65392
9.66369
9.65742
9.65253
9.63184
9.60465
9.5897
9.60265
9.61723
9.62808
9.62719
9.60681
9.62082
9.64076
9.64457
9.62381
9.62822
9.64882
9.64544
9.66024
9.68895
9.7042
9.71202
9.70884
9.70359
9.713
9.701
9.7048
9.7025
9.72758
9.75147
9.7557
9.76632
9.79211
9.81348
9.83579
9.84747
9.84471
9.84739
9.82592
9.84626
9.86543
9.86549
9.86906
9.84245
9.83535
9.84664
9.83437
9.84728
9.87735
9.88175
9.87176
9.88293
9.89894
9.90808
9.90659
9.91301
9.89714
9.8961
9.91605
9.90705
9.90495
9.90711
9.90547
9.90806
9.89528
9.9107
9.93339
9.91595
9.9091
9.90569
9.89819
9.91473
9.87818
9.88963
9.91732
9.93038
9.90807
9.92285
9.91804
9.90952
9.9221
9.89805
9.87326
9.85955
9.86385
9.87438
9.8868
9.9035
9.90045
9.89991
9.92376
9.89887
9.90141
9.86743
9.86347
9.86635
9.85234
9.82651
9.82234
9.80513
9.826
9.78962
9.78736
9.76682
9.75731
9.74181
9.73597
9.72482
9.73011
9.75247
9.7459
9.71666
9.71303
9.69097
9.70224
9.67621
9.67428
9.65139
9.6374
9.66069
9.67692
9.67828
9.65095
9.6419
9.64708
9.66458
9.65283
9.64854
9.66139
9.67288
9.66461
9.68324
9.70746
9.69324
9.6773
9.7071
9.68394
9.69789
9.71667
9.71466
9.72781
9.74011
9.7477
9.74266
9.75177
9.7298
9.70742
9.72524
9.75309
9.7175
9.71328
9.73373
9.74262
9.73423
9.73188
9.71784
9.72221
9.72799
9.75531
9.77414
9.76046
9.76346
9.74657
9.77078
9.7609
9.76113
9.78064
9.78209
9.76459
9.77349
9.77049
9.77635
9.75623
9.74887
9.74002
9.74974
9.75892
9.77372
9.78089
9.74838
9.75803
9.747
9.78131
9.79245
9.74186
9.72006
9.69794
9.70417
9.68422
9.67099
9.62507
9.59767
9.5987
9.60245
9.59093
9.60168
9.59268
9.59233
9.58228
9.58607
9.6099
9.62065
9.59942
9.5898
9.5861
9.60396
9.59041
9.59872
9.60382
9.59685
9.6137
9.63663
9.64127
9.64813
9.65187
9.6584
9.63882
9.63947
9.65165
9.64374
9.63438
9.63884
9.6203
9.6159
9.63766
9.62814
9.59712
9.54884
9.5588
9.5593
9.55516
9.54423
9.55993
9.56483
9.55
9.55832
9.55385
9.53676
9.56337
9.56162
9.56207
9.58309
9.58544
9.58295
9.58927
9.58027
9.57904
9.5995
9.60422
9.60435
9.58619
9.56232
9.5384
9.53639
9.51207
9.53291
9.55321
9.57358
9.56894
9.58613
9.61266
9.61848
9.63081
9.64922
9.62649
9.62621
9.62391
9.60208
9.58517
9.57198
9.59339
9.61264
9.61135
9.6307
9.63893
9.66306
9.63518
9.63558
9.63639
9.64367
9.6418
9.6353
9.64541
9.62013
9.62464
9.5958
9.62288
9.6288
9.64216
9.61874
9.61261
9.60937
9.60363
9.62041
9.62212
9.63105
9.63174
9.61289
9.60124
9.56902
9.55542
9.5284
9.53955
9.55804
9.56443
9.5561
9.56555
9.57926
9.57982
9.57882
9.59207
9.59295
9.59747
9.60665
9.61972
9.62358
9.62926
9.65225
9.65143
9.64938
9.63533
9.65263
9.68548
9.68703
9.67139
9.66633
9.68408
9.69961
9.71201
9.69351
9.71072
9.7436
9.72454
9.73744
9.72091
9.70491
9.70385
9.7152
9.7217
9.73566
9.75046
9.7326
9.73311
9.73431
9.74497
9.75649
9.76117
9.76113
9.73414
9.73603
9.68742
9.68892
9.70477
9.70629
9.7242
9.73596
9.72749
9.69972
9.70551
9.7111
9.7209
9.69483
9.68531
9.71108
9.70424
9.7241
9.71567
9.71969
9.72666
9.73686
9.72981
9.75311
9.7523
9.74372
9.75493
9.74014
9.72859
9.75633
9.78822
9.79719
9.80051
9.76433
9.7632
9.74408
9.77106
9.73272
9.73053
9.7422
9.72732
9.70948
9.71618
9.70087
9.68741
9.68318
9.66536
9.67709
9.68469
9.71111
9.70174
9.66965
9.68016
9.65723
9.6822
9.68003
9.69414
9.68655
9.6775
9.67594
9.68209
9.6826
9.68405
9.64315
9.65012
9.65879
9.67312
9.6708
9.65852
9.68455
9.68376
9.66577
9.66733
9.64572
9.67028
9.67903
9.66899
9.68556
9.7199
9.72635
9.73127
9.72561
9.72976
9.72912
9.73112
9.72434
9.71444
9.70917
9.7182
9.72946
9.68208
9.70204
9.7113
9.74078
9.74378
9.74645
9.72613
9.72257
9.73092
9.76021
9.75417
9.75181
9.74223
9.74803
9.72618
9.71862
9.69901
9.66755
9.67782
9.66257
9.65725
9.65536
9.656
9.66213
9.67395
9.6768
9.68781
9.67888
9.70305
9.6918
9.70914
9.72528
9.74281
9.71882
9.72933
9.71894
9.66729
9.68539
9.68095
9.69585
9.70406
9.73794
9.74534
9.74717
9.76492
9.73276
9.73996
9.72107
9.70386
9.70184
9.69728
9.70821
9.70983
9.73118
9.72699
9.74707
9.7331
9.73942
9.75047
9.77202
9.75567
9.73697
9.74574
9.75812
9.77104
9.78735
9.77766
9.77876
9.79911
9.78339
9.78978
9.7745
9.77987
9.76423
9.7402
9.71025
9.70548
9.70484
9.67385
9.69196
9.64265
9.63716
9.65168
9.67409
9.66056
9.67064
9.68693
9.68037
9.6404
9.65029
9.63778
9.59855
9.62307
9.65512
9.64399
9.64905
9.66345
9.68913
9.67269
9.67205
9.65071
9.62562
9.62369
9.59279
9.59258
9.56934
9.56602
9.58588
9.57789
9.56855
9.57614
9.59952
9.61531
9.61835
9.62108
9.64125
9.65664
9.63814
9.62823
9.64543
9.66084
9.64113
9.6366
9.62965
9.6343
9.6437
9.62638
9.61815
9.63327
9.61497
9.60763
9.58706
9.58248
9.61424
9.57219
9.58927
9.57988
9.57583
9.5547
9.56969
9.53857
9.52025
9.53706
9.5416
9.52655
9.53965
9.55931
9.59244
9.59137
9.61241
9.60958
9.60597
9.5968
9.61072
9.57965
9.58897
9.60165
9.55394
9.55233
9.56638
9.5603
9.54848
9.54057
9.55377
9.52945
9.53846
9.53316
9.5401
9.53325
9.54749
9.53418
9.52395
9.54839
9.54065
9.54963
9.51266
9.52781
9.50616
9.5145
9.54177
9.52506
9.52183
9.53075
9.52008
9.51443
9.54276
9.54057
9.50862
9.52217
9.53773
9.53503
9.56085
9.58494
9.58702
9.60448
9.62721
9.62523
9.61464
9.60269
9.59948
9.61498
9.63157
9.64513
9.65684
9.6548
9.65205
9.68844
9.68991
9.71649
9.70221
9.7078
9.72482
9.75492
9.73755
9.74254
9.75892
9.74876
9.74389
9.74182
9.74308
9.75802
9.7611
9.76308
9.7947
9.78328
9.79664
9.80699
9.83529
9.78782
9.73546
9.71661
9.69163
9.69272
9.68998
9.67121
9.67997
9.6676
9.67879
9.68063
9.68702
9.70542
9.66987
9.64995
9.65327
9.61342
9.61871
9.62522
9.64489
9.65192
9.60894
9.61522
9.62493
9.58102
9.59664
9.58716
9.58236
9.58639
9.56441
9.55762
9.53669
9.55213
9.55676
9.55653
9.55453
9.56812
9.56978
9.58058
9.58031
9.57288
9.57555
9.56256
9.5643
9.54583
9.54084
9.51719
9.48683
9.49494
9.4964
9.51966
9.5271
9.51512
9.50919
9.53197
9.51747
9.51801
9.53005
9.54376
9.56563
9.56654
9.57944
9.59824
9.55703
9.55335
9.57752
9.58554
9.56523
9.55441
9.56061
9.56102
9.5643
9.58846
9.60605
9.61752
9.63029
9.59299
9.571
9.5671
9.56564
9.56545
9.58682
9.57619
9.57541
9.55839
9.55919
9.52381
9.4982
9.50689
9.51053
9.52589
9.53078
9.53969
9.52239
9.49614
9.49298
9.50235
9.49689
9.45832
9.43975
9.40597
9.42187
9.43895
9.44044
9.44773
9.44073
9.45035
9.46125
9.44968
9.44769
9.45339
9.44399
9.42115
9.43987
9.41708
9.42574
9.41304
9.41127
9.41834
9.40295
9.39426
9.42824
9.41524
9.44967
9.43936
9.43839
9.44469
9.45678
9.47155
9.46659
9.44021
9.42375
9.4392
9.43623
9.43852
9.40619
9.39466
9.40316
9.40666
9.42299
9.39986
9.41549
9.41201
9.41704
9.42208
9.40298
9.39155
9.39375
9.3809
9.39389
9.41232
9.41313
9.41901
9.456
9.46444
9.45493
9.47931
9.49552
9.4792
9.4587
9.46708
9.45017
9.42491
9.43111
9.4362
9.42848
9.43699
9.45175
9.44347
9.42206
9.405
9.43514
9.45154
9.44452
9.46257
9.48723
9.50672
9.51855
9.52741
9.53795
9.53588
9.53778
9.53198
9.54019
9.55787
9.54163
9.57369
9.57354
9.54781
9.54036
9.5508
9.53705
9.54173
9.5397
9.54668
9.54975
9.57998
9.56204
9.55926
9.57482
9.55882
9.52389
9.5413
9.55473
9.55679
9.57794
9.56462
9.56103
9.57093
9.57826
9.56068
9.55181
9.54435
9.53477
9.50657
9.51825
9.54511
9.5669
9.53858
9.54632
9.52321
9.5212
9.52454
9.53846
9.54389
9.56191
9.55636
9.54335
9.52974
9.53956
9.51998
9.51414
9.45425
9.4449
9.44199
9.44271
9.41704
9.44135
9.41586
9.44595
9.45442
9.45173
9.42827
9.45925
9.46031
9.45132
9.45184
9.45544
9.46535
9.48382
9.49226
9.47403
9.47885
9.44631
9.46131
9.44801
9.41369
9.42293
9.44515
9.4412
9.42805
9.41939
9.43388
9.44555
9.46635
9.46834
9.47121
9.47299
9.4944
9.50566
9.4979
9.47849
9.47508
9.46629
9.48324
9.47101
9.46021
9.46381
9.47287
9.46807
9.45146
9.45924
9.46366
9.4482
9.45357
9.48211
9.48002
9.51124
9.52447
9.48578
9.502
9.50939
9.50593
9.53194
9.54259
9.51311
9.50571
9.50545
9.4767
9.47038
9.47672
9.47848
9.43287
9.44391
9.43373
9.4137
9.41846
9.40705
9.41917
9.44167
9.43784
9.43308
9.42596
9.41499
9.4205
9.40959
9.43004
9.42227
9.41701
9.42749
9.42617
9.41437
9.4092
9.37891
9.40185
9.37985
9.39329
9.41834
9.41637
9.42175
9.40438
9.41937
9.40391
9.41402
9.42464
9.42511
9.43849
9.43795
9.43671
9.45355
9.46212
9.4357
9.44226
9.45867
9.47103
9.47094
9.4617
9.45485
9.46188
9.48474
9.45282
9.43689
9.41743
9.41264
9.42782
9.42957
9.44121
9.43527
9.42621
9.41432
9.38456
9.38652
9.366
9.35522
9.37331
9.37747
9.39824
9.39035
9.39873
9.37702
9.38595
9.41071
9.39058
9.37098
9.37134
9.41038
9.41784
9.41167
9.39653
9.39265
9.37687
9.37583
9.38721
9.39083
9.4039
9.42752
9.44182
9.44944
9.46394
9.4746
9.43503
9.44692
9.42696
9.43583
9.42905
9.40418
9.42377
9.39173
9.40263
9.39091
9.38912
9.36219
9.36118
9.38963
9.3821
9.41974
9.41924
9.42491
9.41838
9.43356
9.43725
9.42304
9.42715
9.41792
9.39253
9.37547
9.37054
9.36746
9.37061
9.33576
9.3223
9.32782
9.33101
9.31534
9.30878
9.28783
9.30623
9.30925
9.32667
9.3354
9.34057
9.3444
9.33515
9.34202
9.36929
9.31814
9.32911
9.34171
9.29812
9.26932
9.27555
9.28837
9.31095
9.32216
9.33947
9.33256
9.31978
9.32421
9.33237
9.34478
9.33608
9.36326
9.3409
9.33085
9.33762
9.33313
9.34406
9.3507
9.38243
9.38622
9.38734
9.37985
9.35142
9.34688
9.32803
9.3151
9.30512
9.31473
9.32583
9.34085
9.36119
9.3195
9.31086
9.29955
9.32772
9.32482
9.32322
9.31986
9.30973
9.29197
9.28439
9.28135
9.26994
9.27741
9.27651
9.26525
9.26654
9.26256
9.24856
9.21465
9.17691
9.16405
9.16682
9.14891
9.14672
9.1635
9.16581
9.16726
9.16713
9.15019
9.1544
9.13647
9.10719
9.10847
9.09566
9.09405
9.10157
9.11314
9.11273
9.1215
9.13546
9.15307
9.15904
9.13854
9.15306
9.1426
9.16205
9.17304
9.17757
9.17558
9.1684
9.17677
9.17365
9.15487
9.18949
9.20226
9.20335
9.22662
9.23216
9.22744
9.22553
9.25066
9.25836
9.26859
9.27788
9.28839
9.29301
9.27726
9.29784
9.24197
9.24012
9.23707
9.23895
9.23672
9.22334
9.22496
9.22932
9.24705
9.23888
9.24845
9.2561
9.26644
9.25611
9.25147
9.26253
9.22209
9.23973
9.2401
9.25294
9.26334
9.26358
9.25641
9.25115
9.23813
9.26109
9.28543
9.27997
9.29556
9.31869
9.32469
9.32871
9.31159
9.335
9.34782
9.35611
9.36081
9.35981
9.36532
9.39169
9.39518
9.40404
9.41942
9.41711
9.41146
9.42862
9.41344
9.40664
9.42082
9.41411
9.38662
9.399
9.39954
9.42266
9.42886
9.43756
9.44812
9.41178
9.36884
9.36372
9.36009
9.37135
9.33702
9.33665
9.36064
9.36201
9.35683
9.38212
9.3492
9.37119
9.35504
9.3693
9.37095
9.37861
9.35585
9.34775
9.34123
9.36018
9.36894
9.39917
9.38054
9.37824
9.34676
9.33868
9.33339
9.34713
9.3334
9.32658
9.30588
9.31514
9.30625
9.28303
9.28197
9.29628
9.30087
9.3211
9.27633
9.25857
9.26749
9.26217
9.26462
9.26337
9.24733
9.24902
9.25471
9.26228
9.26113
9.27601
9.29003
9.28534
9.30455
9.2826
9.31823
9.31296
9.27216
9.30102
9.32175
9.29345
9.31418
9.30193
9.31142
9.32886
9.35129
9.39226
9.40079
9.39262
9.40443
9.42598
9.43693
9.44316
9.4294
9.43943
9.45314
9.46655
9.47451
9.49344
9.46389
9.46551
9.4802
9.48779
9.50658
9.49833
9.49671
9.51911
9.50757
9.50966
9.5257
9.53462
9.5068
9.51896
9.51243
9.5213
9.5343
9.56194
9.59492
9.58585
9.60326
9.60134
9.59896
9.59218
9.59285
9.58478
9.58532
9.59935
9.61756
9.63396
9.61055
9.60405
9.56786
9.53786
9.53258
9.53655
9.55723
9.56552
9.54797
9.55573
9.55841
9.56522
9.5864
9.57671
9.54457
9.55263
9.55302
9.55838
9.55341
9.54549
9.55573
9.56154
9.58843
9.55661
9.55945
9.57339
9.54839
9.50461
9.50684
9.48734
9.50712
9.51163
9.51638
9.53924
9.52441
9.55578
9.57577
9.57233
9.59211
9.5771
9.58259
9.58014
9.59674
9.61319
9.62513
9.64528
9.63743
9.63207
9.62814
9.65184
9.64604
9.62578
9.64621
9.6566
9.66734
9.66147
9.66435
9.68796
9.68686
9.70391
9.70667
9.6866
9.68185
9.68486
9.71525
9.70288
9.69363
9.67278
9.68319
9.69534
9.69391
9.68658
9.6553
9.60233
9.5876
9.58269
9.57966
9.58951
9.57085
9.58658
9.60423
9.60846
9.60169
9.60899
9.58177
9.55626
9.58046
9.58064
9.5711
9.59464
9.57332
9.56141
9.56876
9.57281
9.54542
9.55508
9.55731
9.55178
9.56938
9.57479
9.5978
9.62403
9.63252
9.60856
9.59187
9.58196
9.59923
9.58978
9.62361
9.64179
9.655
9.66387
9.6517
9.64825
9.65141
9.6528
9.61528
9.60583
9.59999
9.60689
9.5523
9.57045
9.57239
9.50611
9.49906
9.51737
9.54623
9.53913
9.56259
9.56037
9.58218
9.56851
9.5506
9.55961
9.58913
9.60427
9.60841
9.59016
9.61189
9.6299
9.65878
9.66705
9.66974
9.66855
9.6886
9.70126
9.71171
9.70078
9.71095
9.6867
9.6978
9.71521
9.70934
9.70326
9.7124
9.71145
9.73067
9.757
9.73928
9.75423
9.7676
9.72067
9.74264
9.72197
9.70923
9.71723
9.72424
9.73605
9.74809
9.74206
9.73779
9.76528
9.75436
9.76782
9.75537
9.749
9.76319
9.76549
9.74252
9.73734
9.73286
9.74532
9.7273
9.74636
9.7642
9.74518
9.74102
9.7471
9.69048
9.68825
9.69454
9.70464
9.69054
9.69234
9.67405
9.6873
9.70368
9.69344
9.69596
9.66663
9.65475
9.67614
9.69135
9.65774
9.62336
9.62023
9.61348
9.60697
9.59647
9.61799
9.63942
9.62675
9.66135
9.68371
9.69233
9.67707
9.61308
9.62617
9.66544
9.6864
9.6804
9.68763
9.71693
9.70153
9.66259
9.67142
9.65967
9.64365
9.61538
9.61832
9.60573
9.62079
9.64097
9.66481
9.67014
9.68759
9.68981
9.68819
9.68976
9.67356
9.65453
9.67306
9.68181
9.68067
9.66187
9.67118
9.64345
9.6369
9.63676
9.65312
9.64804
9.64652
9.61996
9.61047
9.60231
9.60249
9.60181
9.61784
9.63761
9.63435
9.61669
9.62558
9.621
9.60338
9.6096
9.58833
9.58415
9.58426
9.58325
9.60152
9.60477
9.62333
9.63498
9.66012
9.66188
9.6632
9.66777
9.65762
9.65365
9.66856
9.66801
9.68243
9.71239
9.71938
9.68329
9.67523
9.68827
9.68071
9.66999
9.67289
9.69063
9.71448
9.71434
9.71279
9.74133
9.75188
9.77656
9.7795
9.79663
9.7967
9.78808
9.75773
9.73913
9.74411
9.75162
9.7517
9.75761
9.7787
9.79393
9.81753
9.83938
9.85066
9.83895
9.82403
9.76296
9.75343
9.73556
9.76258
9.76273
9.73068
9.76122
9.77312
9.75629
9.76324
9.77994
9.7832
9.82197
9.84206
9.85038
9.8761
9.86235
9.88031
9.85375
9.87793
9.84966
9.81929
9.76245
9.74745
9.74407
9.74166
9.70725
9.6808
9.68425
9.69141
9.69977
9.69811
9.71211
9.71272
9.717
9.71621
9.69893
9.70905
9.69258
9.66956
9.65146
9.64768
9.62115
9.59389
9.59883
9.60098
9.61292
9.61652
9.58091
9.53657
9.54649
9.56144
9.57677
9.53628
9.54494
9.56805
9.56069
9.52661
9.55681
9.54026
9.56836
9.57066
9.57821
9.59126
9.5853
9.58752
9.5959
9.60456
9.5813
9.60219
9.60426
9.59699
9.61335
9.62816
9.64697
9.65109
9.65091
9.62771
9.60411
9.58718
9.57574
9.59005
9.59149
9.60146
9.59744
9.61362
9.59522
9.58797
9.60612
9.63816
9.63423
9.66492
9.65964
9.67139
9.66426
9.67726
9.68959
9.69904
9.72578
9.73844
9.74882
9.74225
9.75369
9.76771
9.78449
9.79693
9.80667
9.8072
9.80804
9.80847
9.80609
9.82985
9.82777
9.78605
9.75951
9.74271
9.77042
9.77042
9.77996
9.78752
9.79615
9.77516
9.78347
9.76701
9.7855
9.75761
9.75945
9.79053
9.77653
9.78968
9.80662
9.8136
9.81201
9.80202
9.77063
9.78082
9.78715
9.74879
9.74912
9.7256
9.72989
9.70759
9.71508
9.72844
9.74958
9.74195
9.75444
9.76671
9.77971
9.75237
9.7526
9.74557
9.74874
9.72045
9.72132
9.65941
9.66584
9.6452
9.61631
9.5808
9.58375
9.61369
9.60878
9.59371
9.56256
9.56922
9.54019
9.55421
9.54644
9.52471
9.50643
9.51316
9.52561
9.49226
9.49413
9.48711
9.49532
9.50752
9.51709
9.48436
9.49894
9.48525
9.50369
9.48783
9.49647
9.45044
9.45392
9.44938
9.455
9.45113
9.46726
9.47768
9.46766
9.46194
9.45257
9.45062
9.41004
9.41532
9.38361
9.39177
9.38412
9.38274
9.41131
9.40313
9.42565
9.42706
9.43751
9.4382
9.44008
9.43532
9.43008
9.44615
9.45719
9.42598
9.43867
9.443
9.44431
9.44644
9.44109
9.41719
9.43585
9.43573
9.43903
9.43028
9.39729
9.38896
9.42576
9.41366
9.43024
9.45498
9.45388
9.4483
9.46886
9.4524
9.44854
9.43551
9.44266
9.44494
9.42373
9.43626
9.46182
9.4688
9.47993
9.4581
9.44425
9.43373
9.41888
9.4095
9.43783
9.42608
9.40782
9.43581
9.44254
9.45468
9.43963
9.43744
9.43074
9.44573
9.44549
9.44446
9.4671
9.47045
9.4107
9.40833
9.42064
9.43318
9.3815
9.38483
9.38917
9.39358
9.39404
9.3842
9.37788
9.36986
9.34416
9.33625
9.33389
9.33765
9.35109
9.32308
9.32701
9.32565
9.31378
9.30405
9.2585
9.2709
9.26483
9.26298
9.27311
9.25897
9.27313
9.24822
9.25553
9.2468
9.26152
9.24822
9.24923
9.26365
9.26366
9.28203
9.25073
9.24944
9.27593
9.28319
9.24985
9.23584
9.25315
9.23644
9.24118
9.23627
9.21086
9.23479
9.23333
9.23017
9.17544
9.21101
9.1972
9.18129
9.19742
9.19034
9.14611
9.15377
9.13404
9.14204
9.13591
9.13803
9.1512
9.13817
9.13865
9.13341
9.12536
9.1148
9.1059
9.12309
9.08543
9.07334
9.07658
9.0691
9.0791
9.08172
9.06851
9.0734
9.05096
9.04723
9.0512
9.02243
9.04061
9.02518
9.03898
9.077
9.09139
9.11844
9.11319
9.11664
9.11177
9.07253
9.0949
9.10354
9.10989
9.0963
9.09887
9.12541
9.1413
9.12554
9.09016
9.04597
9.07347
9.04357
9.03772
9.04783
9.03192
9.02612
9.04717
9.06616
9.089
9.08765
9.10675
9.11716
9.13191
9.13787
9.15268
9.13424
9.12376
9.13226
9.14183
9.15035
9.14507
9.1561
9.19718
9.1906
9.20034
9.22469
9.22351
9.19753
9.18814
9.1847
9.18765
9.19217
9.19734
9.22914
9.24025
9.23127
9.22878
9.2481
9.27161
9.29804
9.29434
9.29627
9.31076
9.31732
9.27985
9.26487
9.26256
9.28435
9.28171
9.28114
9.30092
9.26759
9.26754
9.26778
9.2432
9.25723
9.24905
9.25834
9.2473
9.23681
9.23884
9.25399
9.28432
9.29889
9.25688
9.23822
9.23719
9.25063
9.25028
9.26374
9.28688
9.26196
9.25916
9.24143
9.24666
9.21529
9.23004
9.24002
9.26609
9.27392
9.25762
9.26878
9.29906
9.32197
9.31009
9.31966
9.32359
9.32448
9.35159
9.36565
9.36943
9.30435
9.32119
9.28252
9.26173
9.25891
9.23565
9.24553
9.21717
9.20064
9.15451
9.16557
9.17969
9.18276
9.1906
9.18613
9.17232
9.15468
9.12967
9.15363
9.14738
9.10601
9.1119
9.11264
9.10387
9.10031
9.11115
9.14375
9.14286
9.18252
9.16363
9.17791
9.18722
9.21355
9.21349
9.23487
9.23175
9.22528
9.24734
9.23009
9.24555
9.26074
9.23903
9.23069
9.18303
9.17827
9.19137
9.17769
9.15431
9.17676
9.17382
9.18857
9.1878
9.14707
9.16122
9.16589
9.16869
9.16213
9.18534
9.1819
9.17389
9.18756
9.17449
9.16397
9.15453
9.16002
9.1622
9.1532
9.18092
9.17887
9.18889
9.19301
9.18634
9.18301
9.20586
9.21397
9.20857
9.20964
9.20386
9.22194
9.1911
9.20252
9.21593
9.22484
9.21406
9.19352
9.22219
9.22885
9.25171
9.27625
9.27138
9.25458
9.27533
9.28569
9.25577
9.24383
9.25605
9.23265
9.241
9.24638
9.25658
9.27178
9.30062
9.31402
9.32306
9.34032
9.33229
9.36823
9.3829
9.37682
9.35969
9.34395
9.35781
9.36967
9.37572
9.38604
9.40904
9.43903
9.47474
9.46915
9.48546
9.49116
9.50849
9.50356
9.51174
9.48369
9.46309
9.47689
9.49887
9.49381
9.44598
9.43793
9.41791
9.43039
9.41614
9.42373
9.41236
9.44518
9.4459
9.44508
9.45698
9.43699
9.42736
9.42872
9.45286
9.44197
9.45487
9.43924
9.43285
9.4415
9.43517
9.40849
9.40224
9.401
9.39432
9.41221
9.37788
9.39043
9.35463
9.3621
9.34768
9.33715
9.32728
9.33386
9.29985
9.30128
9.3123
9.30561
9.3007
9.29089
9.32105
9.3368
9.32954
9.34338
9.37105
9.38523
9.36175
9.37308
9.33644
9.32308
9.32149
9.31913
9.31408
9.33007
9.31052
9.30733
9.3084
9.31987
9.32617
9.35155
9.36287
9.34147
9.34324
9.32223
9.35269
9.37465
9.38556
9.40787
9.40407
9.40692
9.4129
9.42369
9.45435
9.44351
9.45935
9.44988
9.47595
9.48028
9.47764
9.48808
9.48058
9.47014
9.46281
9.47035
9.48154
9.46292
9.47154
9.45988
9.46867
9.46932
9.43946
9.43987
9.46276
9.47925
9.4678
9.4937
9.48713
9.50642
9.48558
9.44537
9.4486
9.43769
9.39001
9.39613
9.374
9.3776
9.40459
9.39321
9.39519
9.40935
9.41265
9.4125
9.41908
9.43187
9.39491
9.37794
9.37876
9.36235
9.34779
9.35415
9.35339
9.36307
9.35691
9.36234
9.40249
9.42118
9.43084
9.43
9.45336
9.42924
9.45062
9.47044
9.44397
9.46259
9.46732
9.4904
9.48591
9.50036
9.52137
9.47201
9.45311
9.44343
9.43312
9.41513
9.42744
9.43198
9.45028
9.42919
9.45093
9.4277
9.42391
9.41901
9.41279
9.42377
9.44592
9.4593
9.49029
9.51716
9.51627
9.50808
9.53544
9.53595
9.5497
9.54339
9.53311
9.54662
9.55286
9.56327
9.56006
9.54413
9.57028
9.5682
9.56246
9.55932
9.53655
9.55619
9.56085
9.57815
9.57686
9.57163
9.57361
9.56462
9.57079
9.53732
9.5368
9.53141
9.54484
9.57551
9.5667
9.57942
9.58027
9.54091
9.5722
9.58339
9.58591
9.5989
9.60927
9.6177
9.61993
9.62313
9.60152
9.59339
9.60398
9.58514
9.5506
9.54854
9.56437
9.57922
9.60656
9.58017
9.56043
9.55265
9.56795
9.56056
9.54885
9.57655
9.56072
9.53972
9.56221
9.57185
9.57152
9.54073
9.56129
9.57019
9.5673
9.56425
9.59826
9.59861
9.60806
9.56048
9.5548
9.54926
9.55359
9.55795
9.56005
9.59642
9.58822
9.59882
9.60099
9.6009
9.62401
9.63216
9.62689
9.61711
9.62528
9.60762
9.59069
9.57572
9.5873
9.55876
9.56286
9.57979
9.55783
9.57043
9.53846
9.5637
9.53802
9.52909
9.53082
9.51197
9.51083
9.52565
9.53139
9.50652
9.51279
9.53452
9.54345
9.52691
9.51333
9.48952
9.50887
9.53025
9.54577
9.55541
9.56633
9.53959
9.53923
9.52997
9.54989
9.5572
9.55768
9.53501
9.51791
9.5141
9.50063
9.50197
9.47596
9.46106
9.46205
9.45646
9.44784
9.43703
9.4459
9.46097
9.43679
9.4187
9.41544
9.4188
9.43332
9.40157
9.41088
9.4005
9.40091
9.40754
9.4035
9.41693
9.42039
9.41569
9.38199
9.38075
9.38658
9.37117
9.38682
9.37894
9.38803
9.38953
9.40837
9.38974
9.37834
9.38614
9.38909
9.37395
9.3919
9.40139
9.38533
9.37277
9.38269
9.38193
9.39524
9.39947
9.40721
9.39011
9.39362
9.37807
9.39522
9.40485
9.38704
9.38358
9.37727
9.37802
9.38503
9.39626
9.39139
9.39322
9.417
9.41946
9.42848
9.43181
9.39859
9.36892
9.35743
9.35916
9.34793
9.33707
9.35586
9.36776
9.37239
9.39092
9.41525
9.4284
9.45212
9.4645
9.46049
9.4767
9.48413
9.48724
9.47897
9.49635
9.47288
9.46315
9.42307
9.39691
9.40422
9.42146
9.39494
9.38256
9.39397
9.41605
9.40941
9.42174
9.43607
9.42281
9.4387
9.44639
9.42389
9.43914
9.44442
9.45362
9.42788
9.42877
9.43385
9.45707
9.437
9.41115
9.40063
9.38903
9.37669
9.38076
9.38394
9.40219
9.38298
9.37045
9.3675
9.36221
9.35422
9.36465
9.35129
9.35663
9.34932
9.32635
9.34119
9.36394
9.39937
9.37314
9.38882
9.36523
9.38229
9.3832
9.38305
9.38096
9.41145
9.38254
9.39206
9.40153
9.35271
9.37577
9.37076
9.38789
9.39881
9.40403
9.42591
9.42095
9.41979
9.43208
9.37262
9.38152
9.37199
9.38213
9.35795
9.38412
9.35824
9.3704
9.38037
9.40726
9.39837
9.42414
9.44854
9.40562
9.4267
9.41288
9.42026
9.44676
9.43998
9.4569
9.45631
9.48087
9.48424
9.4733
9.48032
9.50187
9.50227
9.49578
9.48274
9.47659
9.44599
9.4593
9.46687
9.46506
9.43684
9.44211
9.45494
9.43764
9.46711
9.4408
9.44556
9.46309
9.4868
9.46636
9.4669
9.4539
9.4406
9.45547
9.42233
9.42075
9.44717
9.44086
9.43079
9.44205
9.44601
9.45633
9.47191
9.45146
9.42112
9.42793
9.43921
9.44279
9.43471
9.44539
9.44584
9.39712
9.38699
9.38428
9.38542
9.39418
9.37882
9.36745
9.38444
9.39803
9.43434
9.44646
9.4532
9.45214
9.4671
9.46002
9.46852
9.46324
9.46975
9.44712
9.38125
9.38204
9.3983
9.37922
9.39314
9.3914
9.41054
9.4193
9.40753
9.38266
9.39713
9.39729
9.38945
9.39275
9.39616
9.37486
9.36204
9.3586
9.37401
9.378
9.363
9.36069
9.37234
9.38467
9.37562
9.33633
9.35526
9.32667
9.34213
9.33128
9.35353
9.3483
9.3254
9.2915
9.29955
9.28393
9.29282
9.31106
9.30475
9.31706
9.31408
9.32711
9.32698
9.35488
9.35785
9.37411
9.3737
9.38403
9.38469
9.36456
9.36045
9.38221
9.41011
9.39834
9.39159
9.4102
9.38831
9.3869
9.41036
9.40544
9.40573
9.39279
9.4221
9.43254
9.45603
9.45346
9.46406
9.46797
9.44133
9.46266
9.48859
9.48235
9.48291
9.48223
9.49658
9.48126
9.48796
9.48426
9.51073
9.51674
9.53215
9.54257
9.56086
9.54635
9.55677
9.55865
9.57471
9.563
9.56858
9.55403
9.57835
9.55607
9.54378
9.51049
9.5088
9.48379
9.47278
9.46471
9.47533
9.47108
9.47857
9.46485
9.48683
9.48575
9.48184
9.49799
9.48531
9.47651
9.49594
9.48327
9.49073
9.506
9.50466
9.52198
9.51993
9.52331
9.53486
9.53685
9.53748
9.532
9.53227
9.53455
9.55205
9.55364
9.56318
9.54455
9.53593
9.52619
9.55714
9.5504
9.54501
9.56645
9.56167
9.57438
9.55397
9.5696
9.55294
9.57128
9.58655
9.5884
9.58115
9.60121
9.61067
9.62132
9.61445
9.62797
9.63759
9.64431
9.65537
9.66547
9.65969
9.68592
9.70144
9.7256
9.7358
9.72582
9.74034
9.70927
9.69074
9.7005
9.70055
9.70631
9.7203
9.71619
9.72691
9.72677
9.72653
9.71162
9.69155
9.71097
9.71569
9.71884
9.70505
9.68498
9.64437
9.60966
9.61509
9.61073
9.61298
9.62135
9.63125
9.64119
9.64949
9.62569
9.65125
9.66692
9.64718
9.64562
9.64998
9.66916
9.68795
9.6757
9.68759
9.66883
9.65194
9.65923
9.65937
9.68286
9.69224
9.68771
9.71111
9.71024
9.69774
9.68411
9.68833
9.66143
9.68908
9.68752
9.69738
9.68231
9.69288
9.6919
9.67187
9.67537
9.64639
9.66487
9.6839
9.69262
9.69665
9.72281
9.71642
9.73873
9.71043
9.72021
9.70482
9.70615
9.70584
9.72409
9.7422
9.75572
9.77382
9.78915
9.78473
9.77043
9.76358
9.73638
9.73468
9.7489
9.73863
9.73849
9.72851
9.72762
9.73727
9.73342
9.75282
9.7538
9.76842
9.74872
9.74646
9.72251
9.73484
9.70947
9.72377
9.73194
9.70227
9.70489
9.70231
9.68935
9.71026
9.73275
9.72151
9.71886
9.72086
9.71348
9.70166
9.70253
9.70462
9.72067
9.72801
9.71656
9.73852
9.74606
9.76122
9.79606
9.76282
9.76788
9.75178
9.75701
9.75104
9.75483
9.77464
9.77573
9.79756
9.79564
9.82731
9.83992
9.8459
9.83078
9.84055
9.85191
9.84957
9.84621
9.86481
9.856
9.86645
9.84686
9.82678
9.8358
9.83135
9.82114
9.81358
9.84152
9.82103
9.78203
9.78145
9.76338
9.7279
9.71578
9.71624
9.72107
9.73905
9.74854
9.74898
9.76056
9.77996
9.77385
9.76156
9.77171
9.76639
9.77465
9.76259
9.75177
9.77398
9.77158
9.78077
9.74438
9.75225
9.74974
9.73985
9.72482
9.7297
9.751
9.75314
9.76008
9.78264
9.80656
9.7942
9.76151
9.75437
9.75203
9.76091
9.76008
9.76026
9.79093
9.79969
9.80981
9.78809
9.81184
9.79961
9.80766
9.8298
9.8441
9.84847
9.84008
9.80551
9.83552
9.82776
9.81971
9.78419
9.79933
9.7724
9.79542
9.8284
9.83332
9.83946
9.83363
9.8469
9.85766
9.89817
9.89449
9.90809
9.91507
9.90356
9.89053
9.91355
9.91927
9.93175
9.93181
9.90643
9.8984
9.89399
9.89893
9.9023
9.87027
9.85647
9.84521
9.84119
9.83635
9.83224
9.82127
9.81999
9.82443
9.83874
9.81856
9.83723
9.84991
9.86101
9.87107
9.90882
9.92502
9.91571
9.92712
9.9327
9.93273
9.91896
9.90038
9.90107
9.92046
9.88539
9.87322
9.89016
9.88639
9.88313
9.90378
9.91474
9.92323
9.92829
9.9223
9.93165
9.94168
9.95351
9.96172
9.94807
9.94983
9.94438
9.9575
9.94404
9.93448
9.93636
9.9503
9.93783
9.93919
9.93829
9.95094
9.92708
9.91985
9.94317
9.92306
9.93509
9.96243
9.95219
9.93629
9.90939
9.92023
9.92771
9.91501
9.91623
9.91861
9.9081
9.89736
9.87406
9.91135
9.92214
9.89156
9.88184
9.87533
9.87813
9.87644
9.88758
9.89156
9.89366
9.90881
9.92582
9.88248
9.88634
9.89232
9.91129
9.92088
9.92813
9.95006
9.94797
9.96596
9.98712
9.99491
9.9628
9.96722
9.9387
9.92956
9.94574
9.95579
9.95282
9.94005
9.9508
9.95695
9.95559
9.96792
9.98443
10.006
10.0068
9.97688
9.98839
10.0064
10.0239
10.0068
10.0157
10.0114
10.031
9.99427
10.0268
10.0344
10.0373
10.0115
9.99824
9.99703
9.99433
10.0008
9.98732
9.96563
9.93464
9.9452
9.96245
9.98307
9.97729
9.954
9.92686
9.89792
9.85565
9.8549
9.85546
9.8307
9.83464
9.84637
9.85019
9.87227
9.88192
9.89272
9.88723
9.89061
9.8806
9.861
9.829
9.82508
9.79647
9.79177
9.78943
9.79329
9.79088
9.79813
9.7885
9.78664
9.78055
9.75709
9.72365
9.75792
9.76854
9.76972
9.78294
9.77906
9.78847
9.77973
9.74411
9.75341
9.74025
9.75082
9.73129
9.7269
9.73154
9.75911
9.74044
9.70014
9.70525
9.71978
9.72572
9.74362
9.72942
9.75142
9.75267
9.72126
9.73321
9.74905
9.7588
9.76329
9.75813
9.75513
9.78606
9.78983
9.81641
9.7809
9.76901
9.76621
9.79115
9.7919
9.80553
9.83577
9.84056
9.8239
9.83388
9.83236
9.82879
9.84503
9.85115
9.87715
9.85836
9.86348
9.90423
9.89471
9.91406
9.92929
9.96521
9.97729
9.98308
9.99006
9.98154
9.99388
9.98734
9.98124
9.99371
9.98171
9.97695
10.0036
9.96365
9.97707
9.96052
9.9061
9.9134
9.92141
9.90591
9.89972
9.91907
9.92475
9.92326
9.92918
9.93403
9.94405
9.92364
9.90253
9.90378
9.90651
9.90545
9.87269
9.8811
9.86476
9.8392
9.84804
9.84897
9.84526
9.8534
9.82127
9.79606
9.80323
9.81352
9.79136
9.7684
9.76376
9.75675
9.74168
9.76118
9.73326
9.73914
9.7675
9.78224
9.77936
9.79057
9.78616
9.78216
9.76157
9.7789
9.78824
9.76478
9.77731
9.77901
9.78022
9.75691
9.7433
9.72478
9.70356
9.67246
9.63871
9.64667
9.66623
9.63205
9.61555
9.60157
9.60215
9.6021
9.62072
9.62573
9.60197
9.56009
9.55157
9.54005
9.56027
9.57435
9.57195
9.58752
9.57767
9.57112
9.54721
9.53045
9.55379
9.54961
9.53793
9.52656
9.50582
9.48948
9.4901
9.51033
9.49656
9.49681
9.48947
9.49409
9.4975
9.49264
9.51732
9.52946
9.52194
9.51915
9.51829
9.51919
9.51374
9.49911
9.50331
9.48554
9.51624
9.47849
9.45624
9.45895
9.46761
9.44783
9.4477
9.42019
9.42319
9.43201
9.42745
9.41804
9.37985
9.37737
9.35594
9.3404
9.37368
9.38562
9.37755
9.39505
9.40929
9.40221
9.42049
9.40001
9.40315
9.40614
9.38785
9.36941
9.36467
9.35557
9.34075
9.34378
9.35793
9.36265
9.37686
9.36481
9.35737
9.36478
9.37863
9.38291
9.38509
9.39712
9.39468
9.40528
9.41477
9.40993
9.43582
9.41725
9.42669
9.41968
9.43968
9.45225
9.4765
9.46753
9.47069
9.45787
9.43376
9.46303
9.45646
9.41736
9.38726
9.40592
9.42423
9.43479
9.43479
9.41874
9.42439
9.42948
9.38419
9.38183
9.39874
9.40669
9.41756
9.42068
9.42734
9.42988
9.45348
9.4656
9.46888
9.4937
9.50626
9.52093
9.50919
9.48773
9.46202
9.46565
9.4564
9.45952
9.47376
9.4564
9.46734
9.4504
9.45891
9.45042
9.44055
9.42774
9.42988
9.44121
9.44506
9.46549
9.47928
9.47536
9.50025
9.52576
9.50944
9.54036
9.5214
9.52708
9.52298
9.46613
9.4419
9.43585
9.4265
9.45232
9.42162
9.4139
9.43362
9.42724
9.43292
9.43021
9.4271
9.43504
9.4404
9.42224
9.38334
9.38121
9.36186
9.37337
9.40329
9.4036
9.39879
9.41711
9.41179
9.41503
9.3841
9.38441
9.36062
9.38383
9.36968
9.39804
9.381
9.40847
9.39288
9.40788
9.39126
9.39556
9.40277
9.41545
9.43822
9.45577
9.46917
9.45416
9.47593
9.45687
9.47129
9.44447
9.4477
9.45751
9.47812
9.47977
9.49521
9.47272
9.48743
9.48868
9.47468
9.46027
9.47211
9.48754
9.50297
9.53259
9.54933
9.50771
9.50994
9.47592
9.44212
9.42623
9.43541
9.42771
9.42986
9.44468
9.44863
9.46545
9.48961
9.48796
9.46992
9.47891
9.48276
9.48557
9.50967
9.52639
9.54879
9.54764
9.55431
9.56336
9.54901
9.55207
9.56528
9.57716
9.59298
9.60228
9.58986
9.58739
9.5963
9.60248
9.61251
9.598
9.59459
9.59809
9.61623
9.61532
9.63181
9.64673
9.64734
9.65376
9.65672
9.63951
9.63693
9.62278
9.6314
9.62516
9.63927
9.66528
9.64755
9.6193
9.594
9.58641
9.58788
9.59955
9.59603
9.6215
9.64896
9.60438
9.61996
9.6287
9.65237
9.64847
9.65415
9.65626
9.66601
9.65092
9.63759
9.64273
9.62682
9.61522
9.60033
9.6009
9.57661
9.56838
9.57494
9.58163
9.58213
9.58906
9.55853
9.58122
9.59821
9.59176
9.57512
9.57697
9.56352
9.5646
9.56491
9.56078
9.5489
9.5506
9.56619
9.58069
9.59483
9.57797
9.56582
9.56828
9.58087
9.58251
9.58326
9.58722
9.61259
9.62112
9.60332
9.6159
9.61327
9.61959
9.59644
9.59707
9.61142
9.63714
9.63691
9.61625
9.646
9.66599
9.65723
9.67174
9.67411
9.68987
9.66879
9.67718
9.68965
9.69116
9.70109
9.70703
9.70218
9.65617
9.6821
9.65628
9.63892
9.62016
9.62092
9.63116
9.65028
9.67074
9.67395
9.68182
9.68921
9.70647
9.72126
9.70276
9.72427
9.71736
9.73568
9.75644
9.72309
9.70755
9.69203
9.65984
9.65177
9.63377
9.64399
9.65513
9.68238
9.68475
9.6912
9.70214
9.64883
9.65916
9.66864
9.67484
9.70486
9.70236
9.70058
9.71256
9.69353
9.71582
9.72497
9.7302
9.74286
9.74708
9.75943
9.75765
9.75693
9.7428
9.73206
9.72318
9.68425
9.65505
9.60886
9.63044
9.63272
9.64696
9.60644
9.61742
9.58862
9.59637
9.59151
9.59455
9.6011
9.62772
9.62859
9.65286
9.62219
9.62069
9.61099
9.57732
9.57178
9.57089
9.57267
9.53755
9.55407
9.56741
9.59864
9.55165
9.56603
9.56399
9.54416
9.5377
9.55041
9.56732
9.54855
9.53883
9.55926
9.57818
9.59252
9.57788
9.55199
9.57204
9.55401
9.55524
9.56171
9.57274
9.60146
9.61785
9.6057
9.61176
9.59211
9.60873
9.59299
9.59287
9.58341
9.57784
9.57746
9.56638
9.54105
9.55233
9.54867
9.53669
9.52711
9.50804
9.49065
9.47259
9.46227
9.43025
9.44048
9.43807
9.44639
9.47281
9.45555
9.45655
9.47196
9.48338
9.49038
9.49068
9.50319
9.5152
9.51136
9.51508
9.53862
9.51459
9.52268
9.52593
9.53263
9.55139
9.53079
9.54202
9.5411
9.53438
9.52815
9.50381
9.54002
9.56469
9.56885
9.55692
9.48761
9.48685
9.43491
9.41209
9.39633
9.39863
9.40069
9.40917
9.4025
9.36908
9.3651
9.35366
9.3615
9.36567
9.37378
9.39125
9.37448
9.38521
9.34115
9.30972
9.33796
9.36423
9.34313
9.33369
9.32651
9.34443
9.32473
9.31414
9.30467
9.32138
9.30701
9.30148
9.30843
9.30889
9.3055
9.30407
9.29947
9.26887
9.26631
9.26833
9.27218
9.30257
9.30895
9.31622
9.34675
9.35011
9.35176
9.33886
9.35056
9.35422
9.34752
9.35115
9.35085
9.35898
9.37675
9.36791
9.37403
9.36602
9.36323
9.38384
9.3669
9.38495
9.35122
9.36577
9.35944
9.36606
9.37418
9.34529
9.34515
9.35903
9.33857
9.32832
9.31876
9.31483
9.3058
9.32261
9.32563
9.33409
9.33962
9.3351
9.32258
9.3209
9.3106
9.30568
9.32295
9.32615
9.33345
9.29879
9.26577
9.27205
9.28217
9.28231
9.28446
9.27934
9.27523
9.27466
9.28534
9.28433
9.28328
9.29559
9.31035
9.30946
9.26908
9.27502
9.28771
9.29136
9.29155
9.30224
9.31972
9.33911
9.36174
9.35792
9.36864
9.37535
9.39182
9.37527
9.37178
9.39759
9.4237
9.44037
9.46115
9.48349
9.4803
9.4884
9.45405
9.436
9.45361
9.46726
9.4819
9.47523
9.4529
9.46612
9.48921
9.49944
9.52106
9.53651
9.548
9.54862
9.55551
9.54527
9.5611
9.53145
9.55082
9.53771
9.45571
9.45783
9.46385
9.47226
9.49637
9.50759
9.50898
9.5306
9.50105
9.47823
9.47787
9.44781
9.42866
9.40916
9.4297
9.40078
9.39164
9.39215
9.37948
9.37379
9.39358
9.38966
9.39202
9.39262
9.37543
9.40229
9.4033
9.38703
9.39311
9.3945
9.40772
9.40691
9.4068
9.44462
9.4284
9.42136
9.4358
9.43439
9.43453
9.45373
9.46481
9.48084
9.46398
9.47973
9.48088
9.5121
9.53882
9.53448
9.51322
9.49312
9.49363
9.4804
9.50337
9.50601
9.48772
9.5068
9.52634
9.51137
9.53123
9.49436
9.4906
9.4912
9.47211
9.48193
9.48482
9.48809
9.47284
9.50623
9.51362
9.51063
9.48901
9.48322
9.49038
9.48503
9.45447
9.4524
9.44648
9.42832
9.43572
9.42478
9.42462
9.42868
9.44397
9.46812
9.48935
9.4747
9.45395
9.47766
9.48511
9.50926
9.5185
9.52083
9.52305
9.50475
9.51517
9.52694
9.51688
9.53221
9.54863
9.53234
9.53792
9.51576
9.5169
9.51311
9.53779
9.49026
9.49342
9.46654
9.47235
9.4847
9.45836
9.42883
9.44365
9.46009
9.46746
9.48489
9.49258
9.50715
9.52329
9.54887
9.54562
9.5235
9.53108
9.54709
9.56616
9.57157
9.59009
9.58368
9.5848
9.55983
9.5691
9.5695
9.55647
9.56193
9.55136
9.53687
9.48652
9.50254
9.49041
9.5043
9.49679
9.52586
9.55808
9.58869
9.5646
9.5656
9.52298
9.54901
9.56278
9.57786
9.55808
9.54561
9.55538
9.57726
9.60228
9.60613
9.61619
9.62188
9.6195
9.63178
9.65587
9.64229
9.6431
9.66484
9.65951
9.66712
9.67915
9.65078
9.65886
9.65058
9.65399
9.64271
9.64965
9.65338
9.66117
9.66374
9.68485
9.6664
9.66132
9.65046
9.64941
9.6515
9.63861
9.61852
9.58847
9.58988
9.57976
9.56816
9.57622
9.57575
9.57077
9.57151
9.57709
9.58724
9.60585
9.6023
9.58114
9.60029
9.59558
9.60334
9.61243
9.62976
9.62789
9.64638
9.65485
9.68799
9.6786
9.68434
9.6882
9.69328
9.67874
9.68498
9.69785
9.71126
9.70229
9.67533
9.67075
9.67906
9.66461
9.67396
9.67111
9.67011
9.68058
9.70334
9.71712
9.7361
9.70903
9.72874
9.71394
9.72737
9.74537
9.76935
9.73618
9.719
9.7273
9.74255
9.73849
9.76164
9.76636
9.77638
9.77315
9.77969
9.79206
9.80728
9.81297
9.82134
9.80234
9.78536
9.76858
9.79857
9.80958
9.79348
9.79337
9.79276
9.79532
9.78528
9.78614
9.80059
9.79467
9.77553
9.74821
9.77736
9.79202
9.77586
9.77431
9.78349
9.8148
9.82038
9.80617
9.77006
9.75804
9.76336
9.73849
9.7363
9.74658
9.74744
9.77561
9.78178
9.75091
9.76534
9.78499
9.81186
9.79584
9.81697
9.81726
9.84652
9.84584
9.88029
9.88974
9.87692
9.88152
9.8851
9.89482
9.90656
9.90313
9.88261
9.8563
9.87649
9.87791
9.87349
9.82832
9.81257
9.79648
9.81976
9.845
9.84556
9.84466
9.84511
9.84023
9.8473
9.87959
9.86982
9.85004
9.8412
9.84048
9.84487
9.84479
9.84428
9.84611
9.85145
9.85485
9.86843
9.7916
9.80584
9.79167
9.78478
9.77701
9.79654
9.80393
9.76077
9.74726
9.74181
9.72604
9.74727
9.74687
9.73792
9.74152
9.68533
9.68493
9.69575
9.72819
9.71168
9.69239
9.70933
9.70355
9.68759
9.65454
9.66751
9.64261
9.65888
9.66147
9.63176
9.64747
9.6245
9.65232
9.65808
9.67932
9.66623
9.64642
9.65955
9.6811
9.67617
9.6879
9.67042
9.67554
9.68255
9.69191
9.72713
9.74473
9.75259
9.75194
9.75713
9.77684
9.80232
9.81566
9.79798
9.81167
9.81431
9.83096
9.82154
9.83664
9.85751
9.84749
9.84811
9.82375
9.84072
9.78475
9.7766
9.77672
9.7512
9.75094
9.75207
9.76369
9.77945
9.79441
9.78961
9.77174
9.77497
9.79037
9.72922
9.72839
9.74831
9.76314
9.77462
9.76299
9.75797
9.74467
9.74351
9.75619
9.76038
9.72835
9.7241
9.72974
9.73101
9.73499
9.75453
9.74887
9.71682
9.71162
9.71597
9.72896
9.75194
9.76096
9.78466
9.78653
9.80622
9.80432
9.79751
9.76513
9.75368
9.75145
9.75794
9.7776
9.76782
9.74701
9.73194
9.76228
9.7501
9.74738
9.74279
9.74807
9.72237
9.7429
9.74185
9.73353
9.72749
9.67691
9.68777
9.69746
9.70243
9.70415
9.71816
9.71515
9.73144
9.73722
9.7456
9.74096
9.73992
9.74363
9.75131
9.705
9.65976
9.67906
9.67866
9.70371
9.70988
9.70523
9.71213
9.69316
9.67099
9.69316
9.70337
9.70598
9.7063
9.72324
9.72676
9.70481
9.72128
9.70423
9.69738
9.66792
9.64676
9.66733
