0
0.922653
0.943891
0.860092
0.878694
0.805414
0.829775
0.763982
0.798916
0.732998
0.778641
0.712382
0.763412
0.708331
0.760647
0.700433
0.758289
0.69909
0.760041
0.698976
0.75765
0.700615
0.761522
0.700924
0.765618
0.703374
0.771968
0.709163
0.777558
0.713208
0.780142
0.715919
0.787122
0.722483
0.79398
0.729681
0.802618
0.737335
0.810783
0.743547
0.815811
0.747034
0.820957
0.756275
0.83243
0.761339
0.840047
0.770195
0.846587
0.777228
0.856297
0.784083
0.866943
0.797896
0.879632
0.805672
0.886377
0.807181
0.891281
0.81918
0.899498
0.823845
0.908683
0.832891
0.916462
0.836299
0.919517
0.843226
0.92581
0.848097
0.927458
0.851268
0.936625
0.855306
0.936822
0.855811
0.940651
0.861864
0.944307
0.867304
0.952531
0.872046
0.956552
0.875095
0.960349
0.880095
0.964292
0.883683
0.967708
0.885359
0.975
0.892721
0.980076
0.896237
0.980385
0.897559
0.983589
0.900412
0.990878
0.906437
0.99308
0.910116
1.00045
0.916365
1.00269
0.917738
1.00463
0.919703
1.00673
0.921542
1.00945
0.922497
1.00892
0.923259
1.01234
0.925682
1.01395
0.927417
1.01693
0.927977
1.01767
0.932854
1.01921
0.931347
1.0183
0.930646
1.01933
0.932204
1.02365
0.937801
1.02316
0.93619
1.0269
0.936252
1.02316
0.935324
1.02538
0.936404
1.02466
0.935731
1.02621
0.934952
1.02473
0.937467
1.02926
0.94161
1.0303
0.94444
1.03267
0.945718
1.03719
0.952134
1.04308
0.951561
1.043
0.951962
1.04242
0.954485
1.04375
0.953471
1.04572
0.955578
1.04591
0.956034
1.04753
0.957243
1.05004
0.957294
1.04727
0.955616
1.0426
0.953903
1.04509
0.955561
1.04777
0.960223
1.05198
0.964474
1.05575
0.965132
1.05481
0.966164
1.0559
0.965964
1.0563
0.968742
1.06004
0.968503
1.0598
0.967658
1.05776
0.967247
1.05667
0.96787
1.05579
0.964405
1.05435
0.96474
1.05571
0.969464
1.0602
0.968469
1.06091
0.967813
1.0621
0.971539
1.06313
0.972323
1.06322
0.969704
1.05955
0.967577
1.0585
0.968375
1.06142
0.970948
1.06302
0.972543
1.065
0.973965
1.06473
0.972916
1.06233
0.968327
1.05915
0.969316
1.06054
0.969491
1.06304
0.970102
1.06286
0.9717
1.06031
0.971626
1.06202
0.971189
1.06203
0.968903
1.06001
0.967958
1.05855
0.968609
1.05992
0.967578
1.0621
0.970308
1.06191
0.972881
1.06531
0.974574
1.06653
0.975892
1.06437
0.974829
1.06581
0.973171
1.06183
0.974224
1.06583
0.977592
1.06888
0.980022
1.06974
0.977317
1.0664
0.973784
1.06621
0.975486
1.06758
0.97653
1.06853
0.976728
1.06413
0.973819
1.06543
0.977372
1.07043
0.977366
1.0672
0.976502
1.06625
0.9754
1.06325
0.973604
1.06559
0.971334
1.06334
0.969556
1.06293
0.971289
1.06376
0.97226
1.06407
0.974673
1.06465
0.972588
1.06493
0.976113
1.0678
0.974599
1.06653
0.972664
1.06497
0.972375
1.0629
0.974002
1.06389
0.970921
1.06375
0.971613
1.06285
0.972652
1.06694
0.975013
1.06712
0.97859
1.07015
0.978859
1.06852
0.974035
1.06693
0.975797
1.06654
0.973558
1.06526
0.97378
1.06641
0.973402
1.06548
0.975028
1.06584
0.976092
1.0652
0.974458
1.06365
0.97147
1.06215
0.974672
1.0653
0.975119
1.06881
0.977455
1.07021
0.976377
1.06768
0.976783
1.06981
0.978691
1.07126
0.978123
1.07058
0.978825
1.06913
0.978047
1.07117
0.97832
1.06956
0.973396
1.06336
0.9742
1.06939
0.978684
1.06954
0.977928
1.07038
0.978716
1.07168
0.980327
1.07124
0.976313
1.06605
0.974359
1.06558
0.971757
1.06442
0.972678
1.06635
0.976707
1.06948
0.976434
1.06884
0.980973
1.07456
0.98283
1.07415
0.982026
1.07169
0.980033
1.07097
0.979099
1.06835
0.976512
1.06955
0.979985
1.07368
0.981266
1.0737
0.981902
1.07107
0.980489
1.07226
0.979573
1.07228
0.981464
1.07195
0.979924
1.07143
0.981141
1.07262
0.981735
1.07258
0.975844
1.06747
0.976035
1.06899
0.979808
1.07026
0.979247
1.07113
0.978769
1.06665
0.97341
1.06369
0.970443
1.06436
0.972591
1.0651
0.974875
1.06931
0.979282
1.07043
0.977604
1.06953
0.978445
1.06417
0.973027
1.06742
0.974275
1.06721
0.978026
1.07021
0.976662
1.06895
0.978382
1.07141
0.978333
1.06886
0.976812
1.06849
0.977163
1.06721
0.977171
1.06742
0.977046
1.06723
0.974723
1.06707
0.974522
1.06802
0.977007
1.07169
0.981142
1.07154
0.979926
1.07316
0.979676
1.06987
0.976969
1.07096
0.976956
1.06902
0.978385
1.07222
0.977816
1.06991
0.979906
1.07351
0.980365
1.07248
0.978218
1.06947
0.978613
1.06929
0.977453
1.06932
0.976975
1.06653
0.974296
1.06765
0.973895
1.06644
0.973546
1.06641
0.974182
1.06948
0.974563
1.06644
0.974703
1.06615
0.97587
1.06925
0.97749
1.07061
0.976294
1.06704
0.97455
1.06733
0.978686
1.06711
0.975146
1.06814
0.979218
1.06987
0.978807
1.06663
0.97555
1.0668
0.97347
1.06669
0.976476
1.0653
0.974679
1.06677
0.977979
1.06907
0.980188
1.07418
0.978079
1.06917
0.977431
1.06733
0.975114
1.0677
0.974432
1.06572
0.972207
1.0642
0.9705
1.05939
0.966209
1.0593
0.967165
1.06044
0.970599
1.06106
0.969014
1.06299
0.971276
1.06504
0.975147
1.06615
0.975986
1.06611
0.974487
1.06637
0.972287
1.06583
0.974807
1.06638
0.974639
1.06411
0.971111
1.06449
0.972138
1.06503
0.973516
1.06739
0.975015
1.06744
0.978781
1.07135
0.980186
1.07258
0.980924
1.07334
0.980667
1.07287
0.980423
1.06933
0.977355
1.06937
0.979089
1.07148
0.979765
1.07095
0.978638
1.07016
0.979555
1.07171
0.980638
1.0717
0.981153
1.073
0.979486
1.07129
0.978388
1.06969
0.978507
1.06838
0.975927
1.06875
0.977538
1.06793
0.976169
1.06678
0.975547
1.06616
0.973425
1.06584
0.974527
1.06562
0.972669
1.06468
0.976361
1.06798
0.978991
1.07223
0.981031
1.07368
0.98104
1.07248
0.979941
1.07201
0.981542
1.07157
0.979096
1.07238
0.980361
1.07282
0.979406
1.06977
0.980121
1.0717
0.980438
1.07259
0.978551
1.07053
0.977914
1.06781
0.975988
1.06986
0.978629
1.07136
0.979886
1.07199
0.979242
1.07255
0.980587
1.07444
0.978152
1.07053
0.980404
1.07382
0.982791
1.07606
0.984647
1.07745
0.986618
1.08051
0.982648
1.07529
0.983822
1.07503
0.986042
1.07589
0.983818
1.07272
0.982252
1.07235
0.979151
1.07081
0.978526
1.0707
0.980321
1.07104
0.978416
1.06835
0.975284
1.06691
0.974714
1.06711
0.9744
1.06677
0.975034
1.06571
0.974542
1.06517
0.971692
1.06589
0.973907
1.06479
0.974277
1.06512
0.974961
1.06805
0.97543
1.07062
0.978797
1.07078
0.978846
1.0683
0.97512
1.06847
0.975336
1.06809
0.97615
1.06867
0.973917
1.06785
0.976156
1.06639
0.972536
1.06513
0.976619
1.0685
0.974908
1.06935
0.976964
1.06821
0.976635
1.06725
0.97518
1.06798
0.972866
1.06525
0.972707
1.06859
0.976967
1.06957
0.978842
1.07114
0.98058
1.07312
0.981851
1.07303
0.980969
1.07264
0.980631
1.07135
0.97961
1.06834
0.977814
1.0716
0.978947
1.07134
0.982324
1.07233
0.979137
1.07339
0.982083
1.07237
0.982614
1.07571
0.982984
1.07347
0.982455
1.0732
0.978578
1.07185
0.977574
1.07003
0.978919
1.07179
0.980765
1.07081
0.978493
1.07008
0.9798
1.07174
0.978611
1.0687
0.977077
1.07072
0.979372
1.07082
0.977957
1.06784
0.975482
1.06719
0.977276
1.06786
0.973158
1.06681
0.974149
1.06874
0.976132
1.06726
0.973106
1.06393
0.971443
1.06428
0.971767
1.06501
0.973351
1.06669
0.974746
1.06318
0.974163
1.0682
0.975016
1.06649
0.974858
1.06608
0.974746
1.06872
0.977691
1.06909
0.977367
1.07064
0.977905
1.06829
0.977586
1.07043
0.978543
1.07098
0.978834
1.07025
0.97559
1.0669
0.976818
1.06616
0.975095
1.06872
0.974569
1.06714
0.975355
1.07035
0.979283
1.06941
0.976092
1.069
0.978786
1.0707
0.975661
1.06997
0.98003
1.07185
0.978892
1.07095
0.977517
1.06938
0.977053
1.06916
0.979708
1.07159
0.981038
1.07218
0.978577
1.07152
0.978126
1.06825
0.976963
1.06772
0.977135
1.06719
0.975535
1.06755
0.97573
1.06823
0.973926
1.06696
0.975497
1.06709
0.97635
1.06607
0.974446
1.06707
0.975932
1.06769
0.97549
1.06676
0.972853
1.06696
0.974462
1.06729
0.974409
1.06665
0.974634
1.06739
0.975789
1.06547
0.972346
1.0648
0.972695
1.06588
0.977238
1.07018
0.979287
1.0704
0.980158
1.07289
0.982218
1.07482
0.980687
1.07123
0.97673
1.06893
0.977173
1.06824
0.9777
1.07129
0.979371
1.07342
0.977244
1.06864
0.978082
1.06848
0.979258
1.06861
0.978555
1.07117
0.978584
1.07047
0.977025
1.07049
0.977084
1.07133
0.978552
1.07307
0.981469
1.07416
0.981431
1.07237
0.980468
1.07113
0.97964
1.07198
0.979882
1.07519
0.982584
1.07342
0.983029
1.07292
0.977397
1.07158
0.978911
1.06952
0.978014
1.0697
0.978519
1.06759
0.978584
1.07105
0.978575
1.06982
0.976345
1.06883
0.979866
1.07367
0.978846
1.06998
0.979851
1.0726
0.981166
1.0728
0.979627
1.07006
0.97957
1.07209
0.978276
1.06873
0.97828
1.0696
0.974555
1.06789
0.977883
1.06987
0.977497
1.06903
0.97755
1.07061
0.976965
1.06833
0.973384
1.06574
0.973864
1.06771
0.973563
1.06344
0.97622
1.07062
0.978225
1.07209
0.979463
1.06893
0.975966
1.06417
0.973006
1.06346
0.96936
1.0635
0.972717
1.06484
0.974538
1.06455
0.970629
1.06405
0.972012
1.06815
0.975693
1.06781
0.975867
1.06778
0.975438
1.0668
0.977081
1.06714
0.976184
1.07098
0.979123
1.06869
0.977896
1.0711
0.975809
1.06936
0.978114
1.07055
0.979544
1.07118
0.979362
1.07259
0.981733
1.07352
0.98152
1.07516
0.982747
1.0738
0.983062
1.07671
0.985944
1.07759
0.986132
1.0768
0.985093
1.07831
0.986185
1.07784
0.984587
1.07507
0.979832
1.07038
0.977379
1.07026
0.976049
1.06874
0.975963
1.0661
0.974343
1.06758
0.972868
1.06609
0.975964
1.06723
0.977098
1.06817
0.975543
1.06713
0.973656
1.0662
0.97467
1.06591
0.973047
1.06646
0.975144
1.06746
0.976132
1.06867
0.975861
1.0696
0.975865
1.06819
0.974872
1.06723
0.975749
1.06537
0.973544
1.06644
0.975055
1.06752
0.977053
1.06847
0.978591
1.07074
0.979668
1.07231
0.97991
1.07094
0.977114
1.07121
0.977191
1.06973
0.977181
1.06825
0.978683
1.07003
0.981086
1.07316
0.979361
1.07039
0.979354
1.06879
0.979735
1.07033
0.979142
1.07262
0.97822
1.06804
0.975719
1.07003
0.977616
1.06845
0.977739
1.07145
0.977622
1.06812
0.975501
1.06695
0.97537
1.06544
0.972967
1.06579
0.97492
1.06691
0.973784
1.06595
0.96995
1.05996
0.968475
1.0611
0.972414
1.06264
0.971356
1.06642
0.976807
1.06706
0.976519
1.06651
0.976966
1.06917
0.976144
1.06903
0.977088
1.07011
0.975859
1.0671
0.974996
1.06633
0.974018
1.06955
0.979096
1.07357
0.977276
1.06861
0.976231
1.06669
0.974731
1.06697
0.976669
1.06943
0.97624
1.06876
0.975863
1.06907
0.977511
1.07048
0.979486
1.07031
0.979252
1.07203
0.978537
1.06951
0.976145
1.06462
0.97291
1.06393
0.972989
1.06272
0.974135
1.0675
0.975266
1.06607
0.973624
1.06694
0.97513
1.0664
0.976007
1.06817
0.976588
1.06807
0.975737
1.06666
0.97558
1.0691
0.976896
1.07187
0.98094
1.07375
0.983636
1.0743
0.979724
1.06953
0.979542
1.07118
0.979855
1.07256
0.983186
1.07725
0.985311
1.07492
0.981768
1.07126
0.97889
1.06813
0.978439
1.0667
0.972382
1.06683
0.975465
1.06838
0.974747
1.07011
0.976823
1.07039
0.980263
1.06914
0.977122
1.06849
0.976591
1.06762
0.975488
1.06785
0.977957
1.06893
0.979089
1.07121
0.981733
1.07447
0.984459
1.07385
0.978615
1.06709
0.973796
1.06619
0.972994
1.06657
0.975712
1.06959
0.979473
1.06982
0.978039
1.06814
0.976278
1.0679
0.97324
1.06759
0.973407
1.06723
0.972729
1.06418
0.972995
1.06612
0.974839
1.06708
0.976131
1.06801
0.977092
1.07063
0.978015
1.07068
0.978984
1.07037
0.974867
1.06615
0.97541
1.06736
0.974291
1.06623
0.970895
1.06283
0.971088
1.06367
0.974999
1.06803
0.979997
1.07091
0.979244
1.06914
0.979418
1.06926
0.978159
1.06753
0.975233
1.07024
0.979941
1.07156
0.979369
1.07044
0.976517
1.07074
0.981575
1.07491
0.983199
1.07362
0.982209
1.07776
0.987237
1.07898
0.986339
1.07506
0.983883
1.07478
0.982649
1.07234
0.978921
1.07104
0.982035
1.07351
0.980993
1.07301
0.98333
1.07478
0.984439
1.0749
0.981498
1.0746
0.980934
1.07327
0.98018
1.07084
0.979425
1.07163
0.981907
1.07325
0.981198
1.07208
0.980905
1.07414
0.983442
1.07395
0.984122
1.07594
0.985245
1.07654
0.9845
1.0761
0.984867
1.07452
0.981546
1.074
0.983228
1.0736
0.982304
1.07142
0.980019
1.06736
0.977237
1.06883
0.979051
1.07006
0.978165
1.0685
0.97404
1.06756
0.974594
1.06754
0.976536
1.06553
0.975753
1.06856
0.977329
1.07065
0.977963
1.07108
0.978779
1.07086
0.982251
1.07295
0.978891
1.07002
0.976685
1.06715
0.975148
1.06787
0.977116
1.06877
0.975284
1.06767
0.97361
1.06455
0.972925
1.06464
0.974401
1.06783
0.975997
1.06808
0.978714
1.07189
0.977867
1.06826
0.977809
1.06713
0.974622
1.06608
0.973294
1.06722
0.975397
1.06845
0.976273
1.067
0.974601
1.06407
0.972714
1.06648
0.975483
1.06639
0.976604
1.07
0.977012
1.06889
0.980181
1.07395
0.983281
1.07583
0.983352
1.0752
0.98339
1.07621
0.984374
1.07487
0.984535
1.07535
0.98374
1.07541
0.985809
1.0784
0.983493
1.07587
0.981946
1.07448
0.983621
1.0743
0.982251
1.07005
0.976931
1.06762
0.977312
1.06941
0.980776
1.07068
0.97768
1.07061
0.979299
1.07315
0.979363
1.07049
0.977788
1.06965
0.976854
1.06947
0.978548
1.06918
0.975124
1.06718
0.975574
1.06973
0.978613
1.06837
0.97862
1.07054
0.980045
1.07071
0.978982
1.06843
0.977241
1.07034
0.977797
1.07052
0.98051
1.07411
0.983215
1.07446
0.98275
1.07222
0.979541
1.06936
0.977619
1.0695
0.97865
1.0706
0.97838
1.06846
0.978742
1.0695
0.976395
1.06782
0.978749
1.06808
0.975902
1.06828
0.975878
1.06833
0.977667
1.06994
0.97593
1.06822
0.97528
1.06659
0.976618
1.06959
0.979393
1.07082
0.977032
1.06679
0.975544
1.06851
0.976919
1.06994
0.980076
1.0723
0.981469
1.07209
0.981246
1.0729
0.980882
1.07141
0.976341
1.06889
0.976004
1.06771
0.975503
1.06882
0.977647
1.07061
0.977361
1.07102
0.978503
1.06832
0.975295
1.06704
0.977152
1.0673
0.977205
1.066
0.975778
1.06954
0.980033
1.07089
0.980612
1.07395
0.979586
1.06977
0.977218
1.06815
0.978398
1.07266
0.981207
1.07229
0.980781
1.07206
0.981983
1.07611
0.983269
1.07353
0.984196
1.07583
0.982146
1.07117
0.980157
1.07004
0.978022
1.06999
0.979649
1.07426
0.983868
1.07403
0.981454
1.07247
0.979413
1.07227
0.981709
1.07271
0.980984
1.07249
0.983448
1.07485
0.981944
1.07319
0.980225
1.07035
0.977156
1.07037
0.977502
1.07024
0.98008
1.07231
0.980402
1.07343
0.980086
1.07238
0.980237
1.07186
0.979259
1.06995
0.977504
1.07025
0.979589
1.07425
0.983192
1.07592
0.9872
1.07986
0.983157
1.07255
0.981073
1.07204
0.977319
1.0666
0.976756
1.07001
0.976954
1.06778
0.97368
1.06394
0.97241
1.06861
0.978121
1.06964
0.97596
1.06773
0.977051
1.06932
0.978791
1.06942
0.979673
1.07041
0.976976
1.07025
0.977137
1.0691
0.977365
1.06905
0.978515
1.06995
0.978855
1.07192
0.980504
1.07249
0.979513
1.07311
0.97936
1.07082
0.976481
1.06716
0.975795
1.06919
0.979459
1.07318
0.978524
1.07139
0.978578
1.06949
0.975915
1.0689
0.979759
1.07072
0.977812
1.06851
0.976388
1.06631
0.972975
1.06631
0.977424
1.07057
0.978138
1.06886
0.975992
1.06893
0.97749
1.0693
0.976744
1.06784
0.978382
1.06981
0.976968
1.06868
0.976578
1.07047
0.979329
1.06907
0.976109
1.06672
0.977142
1.07026
0.981499
1.07409
0.982899
1.0747
0.981426
1.06985
0.979316
1.07136
0.977749
1.0691
0.976968
1.07051
0.976536
1.06962
0.97854
1.07074
0.980036
1.07281
0.981158
1.07327
0.979277
1.07064
0.97668
1.06918
0.975943
1.06701
0.975131
1.06902
0.979402
1.07306
0.979339
1.07236
0.980585
1.07187
0.979954
1.07225
0.979655
1.07233
0.981166
1.0747
0.982914
1.07683
0.984158
1.07571
0.984414
1.07624
0.983551
1.07661
0.98453
1.07581
0.983622
1.07514
0.983589
1.077
0.986237
1.07662
0.984225
1.07428
0.983961
1.07365
0.983147
1.076
0.983007
1.07472
0.982955
1.07237
0.980101
1.07151
0.979496
1.073
0.979945
1.0716
0.977647
1.06515
0.975341
1.06509
0.973807
1.06807
0.976166
1.06998
0.979683
1.07011
0.980068
1.07344
0.980304
1.07288
0.982402
1.07419
0.980925
1.06936
0.97889
1.07036
0.979502
1.07074
0.977492
1.06975
0.979634
1.07156
0.979733
1.07292
0.980069
1.07128
0.976468
1.06907
0.978521
1.06944
0.976875
1.06879
0.97491
1.06681
0.975432
1.06651
0.977978
1.07005
0.980628
1.0736
0.982581
1.07361
0.984758
1.07306
0.978689
1.07057
0.981233
1.07295
0.980563
1.06929
0.977981
1.06968
0.975623
1.06492
0.971062
1.06486
0.973648
1.06515
0.973717
1.06785
0.972254
1.06654
0.976109
1.06875
0.97954
1.07216
0.98277
1.07518
0.983983
1.07776
0.9818
1.07222
0.977786
1.0679
0.979119
1.07389
0.982267
1.07534
0.98324
1.07374
0.981296
1.07513
0.982497
1.07164
0.978231
1.07096
0.980952
1.07396
0.980055
1.06965
0.974716
1.06705
0.973228
1.06407
0.974035
1.06772
0.975865
1.06734
0.977882
1.07225
0.981069
1.07363
0.984591
1.07629
0.986214
1.07866
0.986933
1.0769
0.986324
1.07374
0.981323
1.07252
0.980151
1.07185
0.981085
1.07153
0.980214
1.07267
0.976882
1.06956
0.976457
1.06912
0.976527
1.06767
0.976715
1.0675
0.975826
1.06915
0.978187
1.06911
0.97673
1.07009
0.979892
1.06982
0.979924
1.06822
0.976732
1.0699
0.978347
1.06811
0.977794
1.06929
0.974193
1.06598
0.974637
1.06435
0.970592
1.06294
0.975133
1.06702
0.976464
1.06919
0.979698
1.07049
0.978085
1.07012
0.978592
1.0686
0.977143
1.06916
0.978881
1.06931
0.977285
1.0693
0.976813
1.06841
0.977785
1.06927
0.975825
1.06612
0.976028
1.06979
0.97966
1.07257
0.981164
1.0737
0.980359
1.07136
0.979967
1.0715
0.979716
1.07203
0.980142
1.073
0.978275
1.06983
0.97729
1.06612
0.97133
1.06518
0.977096
1.06829
0.976249
1.06857
0.978811
1.06848
0.976907
1.06883
0.976835
1.06611
0.974527
1.06713
0.976364
1.06731
0.975312
1.06627
0.974666
1.06762
0.976828
1.06812
0.978981
1.07214
0.981409
1.07403
0.982123
1.07404
0.982975
1.07412
0.981872
1.07479
0.982038
1.07421
0.980591
1.06936
0.976771
1.06711
0.976635
1.06793
0.97888
1.06985
0.97731
1.06609
0.977193
1.07091
0.978281
1.07066
0.97827
1.07235
0.979302
1.06796
0.974116
1.06556
0.975125
1.06676
0.974276
1.06561
0.974303
1.06555
0.97578
1.06729
0.975443
1.06831
0.97397
1.06513
0.971633
1.06332
0.970877
1.06287
0.970491
1.06448
0.967408
1.0606
0.972084
1.06644
0.97582
1.06841
0.973188
1.06691
0.974054
1.06515
0.973817
1.06689
0.974314
1.06993
0.975503
1.07005
0.976602
1.06675
0.974804
1.06785
0.976053
1.06746
0.974621
1.06749
0.977418
1.07051
0.979668
1.07094
0.979672
1.07131
0.976158
1.0683
0.976631
1.06812
0.976256
1.06962
0.980934
1.07197
0.979373
1.0715
0.976677
1.06514
0.976453
1.06988
0.978562
1.07117
0.981527
1.07492
0.980272
1.06706
0.975599
1.06617
0.977402
1.06963
0.978021
1.07057
0.978028
1.07153
0.977224
1.06898
0.979629
1.07235
0.978235
1.07088
0.979992
1.07035
0.976751
1.06785
0.977971
1.06734
0.976236
1.06686
0.978175
1.06863
0.973724
1.06579
0.975255
1.06586
0.975939
1.06835
0.975593
1.06916
0.976383
1.07047
0.978104
1.06964
0.977013
1.06777
0.977714
1.06988
0.981078
1.07347
0.97972
1.07241
0.981395
1.07233
0.980349
1.07463
0.983584
1.07406
0.984721
1.07429
0.980935
1.07214
0.980021
1.07091
0.980425
1.06984
0.979027
1.06913
0.977993
1.07211
0.978559
1.06948
0.979405
1.07127
0.977745
1.07033
0.977558
1.06941
0.97634
1.06629
0.975576
1.06926
0.979005
1.06822
0.975572
1.06648
0.974777
1.06588
0.972339
1.06339
0.972032
1.06433
0.973086
1.06485
0.973309
1.0637
0.973396
1.06608
0.976009
1.06903
0.978513
1.07212
0.984712
1.07451
0.982651
1.07287
0.981008
1.07179
0.980585
1.07232
0.980804
1.07253
0.981329
1.07425
0.982999
1.07464
0.980881
1.07121
0.979856
1.06954
0.977181
1.07019
0.97762
1.07004
0.980178
1.07315
0.979928
1.07197
0.980288
1.07079
0.978775
1.07139
0.977779
1.06758
0.978251
1.07318
0.979528
1.0721
0.980432
1.07092
0.979598
1.07167
0.981968
1.07623
0.984949
1.0784
0.986347
1.07605
0.984833
1.07603
0.983431
1.07401
0.982135
1.07419
0.98158
1.0742
0.980439
1.07337
0.980126
1.06983
0.975787
1.06861
0.975937
1.06659
0.974345
1.06679
0.976522
1.06865
0.978095
1.067
0.973854
1.06481
0.97229
1.06479
0.971245
1.06323
0.969631
1.06262
0.97168
1.06301
0.970379
1.06108
0.971654
1.06727
0.977654
1.06642
0.976236
1.07017
0.979253
1.07188
0.981365
1.07282
0.982213
1.07318
0.981816
1.0764
0.982725
1.06982
0.978797
1.07318
0.982533
1.07372
0.98205
1.07317
0.980809
1.07061
0.978979
1.07218
0.98025
1.07222
0.978251
1.07014
0.979048
1.07249
0.980733
1.07319
0.981035
1.07249
0.979764
1.07451
0.980638
1.07147
0.972897
1.06283
0.971923
1.06343
0.971917
1.065
0.97469
1.0648
0.971926
1.06473
0.974054
1.06752
0.978319
1.0714
0.980265
1.07392
0.981021
1.07332
0.982102
1.07584
0.981641
1.07012
0.980712
1.07087
0.978239
1.06895
0.97707
1.06932
0.977007
1.07081
0.973917
1.06876
0.979452
1.07155
0.980105
1.07122
0.978334
1.07045
0.976335
1.06924
0.978458
1.06975
0.977176
1.07038
0.977564
1.07053
0.978341
1.07144
0.977654
1.06789
0.974809
1.06538
0.97572
1.06894
0.97467
1.06745
0.972065
1.06491
0.971371
1.06386
0.971332
1.0644
0.974719
1.06674
0.975996
1.06741
0.974927
1.06784
0.975119
1.06734
0.976391
1.06811
0.974132
1.06736
0.977528
1.06924
0.976638
1.07118
0.978853
1.06921
0.979558
1.07161
0.981104
1.07286
0.980106
1.07014
0.978891
1.07183
0.98143
1.0755
0.98129
1.07401
0.98082
1.07223
0.980094
1.07423
0.982267
1.07416
0.983147
1.07566
0.984751
1.0768
0.988814
1.07965
0.988121
1.07821
0.986734
1.07807
0.984643
1.07589
0.982979
1.07616
0.984214
1.07547
0.981108
1.07113
0.977975
1.0674
0.978699
1.07222
0.979105
1.07302
0.981779
1.07382
0.982269
1.07263
0.98061
1.06918
0.978251
1.07128
0.97918
1.0693
0.976147
1.06674
0.972071
1.06377
0.970786
1.0615
0.969597
1.05979
0.972182
1.06611
0.974816
1.06885
0.973267
1.06671
0.97469
1.06715
0.978851
1.07021
0.978305
1.07166
0.981211
1.07257
0.982618
1.07299
0.982644
1.07623
0.986535
1.07891
0.988154
1.07656
0.985288
1.07639
0.983814
1.07374
0.980953
1.07443
0.983013
1.07537
0.982525
1.07505
0.982594
1.0752
0.982681
1.07181
0.981437
1.07352
0.982034
1.07602
0.985683
1.07323
0.979106
1.07027
0.975506
1.06815
0.978242
1.07213
0.981611
1.07392
0.979812
1.07254
0.982062
1.07273
0.981102
1.07231
0.979005
1.073
0.981385
1.07142
0.97624
1.0703
0.979037
1.06929
0.977755
1.07129
0.97958
1.07114
0.980837
1.07335
0.979361
1.07091
0.979943
1.07166
0.979712
1.07253
0.9772
1.07042
0.975158
1.06849
0.978738
1.06781
0.975407
1.06818
0.975517
1.06771
0.975096
1.06895
0.978765
1.06689
0.973342
1.06194
0.969182
1.0595
0.966479
1.05995
0.967734
1.0629
0.973263
1.06638
0.97485
1.06592
0.979501
1.07109
0.978859
1.06747
0.975747
1.06988
0.978109
1.06958
0.979829
1.06905
0.975433
1.06919
0.976125
1.07109
0.978829
1.06689
0.97562
1.06797
0.975507
1.06817
0.977377
1.06957
0.978526
1.07069
0.976813
1.06979
0.978506
1.07198
0.978519
1.07179
0.978642
1.07143
0.980617
1.07361
0.97828
1.07211
0.981452
1.07382
0.982158
1.07569
0.983307
1.0727
0.981253
1.07371
0.981244
1.07471
0.981959
1.07544
0.983967
1.07341
0.977802
1.07128
0.981925
1.07512
0.980589
1.07205
0.979642
1.07189
0.98265
1.07538
0.984548
1.0765
0.979067
1.06919
0.978743
1.07272
0.980109
1.0746
0.979392
1.06773
0.972807
1.06164
0.970019
1.0639
0.971405
1.06576
0.974984
1.06827
0.975411
1.06918
0.980038
1.07042
0.977342
1.06829
0.978114
1.06951
0.979081
1.07261
0.979654
1.07018
0.97655
1.06605
0.975456
1.0682
0.972052
1.06397
0.970937
1.06138
0.970818
1.0621
0.970595
1.06454
0.975134
1.07055
0.978504
1.07219
0.983098
1.07586
0.981853
1.07242
0.980394
1.0713
0.980626
1.07149
0.980096
1.07049
0.977916
1.07027
0.977868
1.07091
0.978721
1.07309
0.982456
1.07457
0.983284
1.07282
0.984069
1.07558
0.982773
1.07381
0.980191
1.07099
0.980857
1.07233
0.980866
1.0719
0.979685
1.07175
0.977592
1.07148
0.979081
1.06915
0.977287
1.06821
0.976113
1.06592
0.97518
1.06605
0.975704
1.06839
0.9789
1.07276
0.979268
1.06931
0.980035
1.07446
0.983532
1.07567
0.982307
1.07351
0.98149
1.07385
0.981354
1.07249
0.976848
1.06854
0.97722
1.06938
0.977722
1.0695
0.978701
1.07018
0.976185
1.07055
0.978167
1.0724
0.980645
1.07345
0.981464
1.07026
0.976603
1.07008
0.979442
1.06901
0.974754
1.06632
0.974602
1.06662
0.976252
1.07079
0.981411
1.07475
0.981433
1.07259
0.979229
1.06799
0.974424
1.06846
0.978923
1.07042
0.977237
1.07009
0.981388
1.07114
0.976781
1.06798
0.974821
1.06652
0.975092
1.06882
0.978921
1.06967
0.977551
1.06719
0.974701
1.06778
0.975016
1.06804
0.975817
1.06943
0.979629
1.07333
0.97917
1.07044
0.977611
1.06905
0.976081
1.06593
0.975051
1.06745
0.975863
1.06846
0.97625
1.06823
0.977317
1.06732
0.976557
1.06744
0.975915
1.06906
0.97644
1.06931
0.978958
1.0699
0.976229
1.07072
0.978168
1.06962
0.978616
1.07209
0.977517
1.06994
0.976209
1.06861
0.976081
1.06978
0.976612
1.06709
0.976095
1.06662
0.9771
1.07078
0.980308
1.07062
0.978156
1.06847
0.976213
1.06846
0.978583
1.07041
0.978856
1.06839
0.977588
1.07029
0.977618
1.07116
0.980809
1.06912
0.979685
1.07307
0.982308
1.0721
0.978896
1.07076
0.976376
1.06784
0.97647
1.06683
0.975723
1.0695
0.977075
1.06736
0.972144
1.06582
0.975306
1.0667
0.976206
1.07022
0.978617
1.06938
0.978289
1.07014
0.979559
1.06895
0.976467
1.07026
0.981041
1.07316
0.982269
1.07409
0.983294
1.07402
0.983518
1.07507
0.981142
1.07061
0.979319
1.07091
0.980716
1.07341
0.982039
1.07389
0.983689
1.07488
0.982264
1.07499
0.984573
1.07679
0.9845
1.076
0.983943
1.07458
0.981842
1.07226
0.978893
1.07055
0.981769
1.07423
0.981876
1.07183
0.97693
1.06961
0.977085
1.07152
0.979364
1.06812
0.976921
1.07148
0.979806
1.07433
0.980749
1.07132
0.981832
1.07232
0.982898
1.07232
0.977235
1.07014
0.977859
1.07157
0.976535
1.06883
0.973957
1.06545
0.972788
1.06447
0.973821
1.06449
0.974351
1.06653
0.974839
1.0675
0.977617
1.06858
0.975217
1.06827
0.976818
1.06866
0.97631
1.06892
0.98036
1.0731
0.980241
1.0732
0.979791
1.07484
0.983185
1.07744
0.985516
1.07587
0.981956
1.06961
0.975668
1.06686
0.97533
1.06593
0.974789
1.06711
0.978089
1.07112
0.97933
1.07048
0.979615
1.07005
0.979344
1.07274
0.978333
1.07028
0.977917
1.07057
0.97604
1.06939
0.976336
1.06816
0.973742
1.06612
0.974432
1.0673
0.97584
1.06688
0.975314
1.0681
0.972686
1.06765
0.975334
1.06984
0.97937
1.07361
0.982284
1.07322
0.982667
1.07439
0.982498
1.07311
0.980219
1.07069
0.981737
1.07434
0.981617
1.07305
0.981902
1.07436
0.984618
1.07387
0.980331
1.07257
0.981393
1.07297
0.978483
1.06943
0.977101
1.0668
0.975244
1.0668
0.973338
1.06795
0.976716
1.06898
0.977857
1.06974
0.979418
1.07122
0.981909
1.07316
0.981906
1.07305
0.980509
1.06963
0.978314
1.07158
0.978291
1.06926
0.979871
1.07037
0.979775
1.06831
0.974888
1.06903
0.978242
1.07103
0.97823
1.07035
0.977228
1.06861
0.978359
1.06956
0.978668
1.06861
0.973592
1.0639
0.974817
1.06786
0.976991
1.06801
0.97777
1.06773
0.974817
1.06471
0.974304
1.06533
0.971627
1.06302
0.969976
1.06278
0.972352
1.06314
0.971712
1.06378
0.973412
1.06646
0.974665
1.06857
0.975179
1.06721
0.975987
1.06568
0.975065
1.0684
0.978651
1.07203
0.981181
1.0702
0.976363
1.06876
0.980238
1.07405
0.98052
1.06943
0.97896
1.06923
0.977803
1.06855
0.977006
1.07093
0.980349
1.07113
0.978065
1.06955
0.976972
1.06949
0.97818
1.06823
0.976103
1.06934
0.97573
1.06864
0.977169
1.06848
0.978813
1.07027
0.979968
1.0704
0.975964
1.07016
0.975509
1.0702
0.977145
1.06806
0.976243
1.0716
0.979118
1.06798
0.975505
1.06899
0.9764
1.06982
0.979718
1.073
0.981803
1.07504
0.9828
1.07391
0.981688
1.06926
0.976425
1.0678
0.978204
1.07182
0.980333
1.07179
0.980086
1.07025
0.97805
1.06933
0.978186
1.07021
0.979443
1.07191
0.9812
1.07342
0.980089
1.06688
0.976677
1.06753
0.975812
1.06925
0.976818
1.06987
0.974898
1.06739
0.975964
1.06775
0.978131
1.07101
0.979746
1.07137
0.980434
1.07346
0.981786
1.07298
0.978756
1.06985
0.97823
1.07247
0.980002
1.07249
0.979904
1.07213
0.981431
1.07156
0.981284
1.06909
0.976904
1.06937
0.980197
1.07093
0.979258
1.07322
0.983272
1.07593
0.980251
1.07048
0.979755
1.07373
0.981518
1.06962
0.978228
1.07116
0.980744
1.07356
0.979382
1.07219
0.977027
1.0691
0.976639
1.07065
0.976686
1.07002
0.978906
1.07202
0.978014
1.0706
0.977652
1.06769
0.97781
1.06873
0.974331
1.06353
0.974511
1.06702
0.975213
1.06837
0.978877
1.06791
0.975556
1.06794
0.977688
1.07132
0.978991
1.07178
0.97836
1.06915
0.979487
1.07474
0.981226
1.07283
0.981169
1.07404
0.982267
1.0721
0.978496
1.06923
0.977011
1.06828
0.977214
1.06896
0.979776
1.07105
0.979042
1.06915
0.976684
1.07017
0.978598
1.07206
0.980821
1.07149
0.979104
1.07056
0.981106
1.07395
0.980036
1.0689
0.979272
1.06992
0.976877
1.07142
0.981045
1.07258
0.980479
1.07124
0.980611
1.06942
0.97981
1.0728
0.981066
1.07227
0.980211
1.0731
0.976377
1.06732
0.9766
1.06766
0.975434
1.069
0.977902
1.06993
0.977301
1.06823
0.977674
1.06969
0.978763
1.06797
0.976421
1.06766
0.975787
1.06646
0.973468
1.06525
0.97472
1.06726
0.974392
1.06557
0.974731
1.06342
0.974727
1.06777
0.978362
1.06803
0.974006
1.06486
0.973094
1.0649
0.972611
1.06562
0.969814
1.06211
0.970098
1.06264
0.969249
1.06266
0.973043
1.06303
0.970779
1.06568
0.976268
1.0707
0.980743
1.07332
0.980654
1.07137
0.97921
1.07221
0.981522
1.07446
0.983096
1.07601
0.984793
1.0765
0.985756
1.07673
0.981441
1.07451
0.983445
1.07273
0.980834
1.07306
0.982039
1.07412
0.983435
1.07385
0.985544
1.07701
0.985146
1.07203
0.979951
1.07156
0.977657
1.06651
0.974283
1.0667
0.978145
1.06947
0.974232
1.0658
0.973004
1.06636
0.977947
1.07046
0.975312
1.06464
0.974928
1.06778
0.974813
1.06644
0.969857
1.06263
0.969649
1.06187
0.972655
1.06638
0.974867
1.06778
0.973379
1.06691
0.975617
1.06769
0.972283
1.064
0.971903
1.06395
0.971991
1.06419
0.97365
1.06684
0.97327
1.06811
0.97628
1.06946
0.977316
1.07067
0.98096
1.07463
0.983346
1.07431
0.98222
1.07303
0.978043
1.07032
0.975118
1.06763
0.979595
1.07293
0.97855
1.07251
0.978695
1.07258
0.98108
1.07189
0.976185
1.06944
0.977244
1.06669
0.976057
1.06825
0.977874
1.07026
0.978622
1.07013
0.977283
1.07037
0.978468
1.07092
0.978725
1.0684
0.975111
1.06803
0.9766
1.06582
0.976357
1.06994
0.978299
1.06772
0.978193
1.06999
0.976183
1.06933
0.976622
1.06989
0.97733
1.06811
0.974389
1.0675
0.974437
1.06657
0.976301
1.06945
0.975044
1.06498
0.973145
1.06757
0.977398
1.06835
0.977252
1.07118
0.979024
1.07143
0.981238
1.07382
0.983818
1.07454
0.984232
1.07661
0.984388
1.07645
0.982992
1.07278
0.982254
1.07201
0.977389
1.06866
0.97693
1.07001
0.98001
1.07391
0.979538
1.07037
0.980109
1.06843
0.977445
1.06956
0.976257
1.06754
0.978843
1.07081
0.978312
1.06948
0.977453
1.06948
0.979321
1.07252
0.977063
1.0679
0.976807
1.06434
0.974123
1.06598
0.975161
1.06744
0.977581
1.06913
0.978889
1.07039
0.975075
1.066
0.974338
1.06855
0.978023
1.07223
0.978357
1.06887
0.976684
1.06775
0.979291
1.0716
0.979942
1.07232
0.981117
1.07285
0.978643
1.07041
0.977041
1.06958
0.977828
1.07099
0.978336
1.06841
0.97502
1.06644
0.975409
1.06902
0.980292
1.06871
0.979103
1.07274
0.981028
1.069
0.978963
1.07219
0.980879
1.07482
0.981132
1.07204
0.98217
1.07572
0.983711
1.07698
0.984348
1.07449
0.979914
1.07032
0.979459
1.07322
0.979385
1.07088
0.978875
1.07188
0.979741
1.07127
0.978004
1.06944
0.977273
1.06933
0.976209
1.06991
0.980782
1.07222
0.979306
1.07409
0.981776
1.07352
0.979128
1.07142
0.979225
1.06931
0.977651
1.06881
0.976757
1.06824
0.977253
1.06917
0.974603
1.06459
0.973701
1.06577
0.970504
1.06419
0.971666
1.06229
0.969784
1.06427
0.973757
1.06504
0.975002
1.06511
0.974741
1.069
0.974131
1.06679
0.974661
1.0666
0.97766
1.06917
0.977702
1.06937
0.976583
1.06785
0.977226
1.06728
0.977407
1.06936
0.978462
1.07064
0.978439
1.07183
0.97925
1.0722
0.980777
1.07358
0.982073
1.07608
0.984297
1.07435
0.981931
1.07241
0.982457
1.07282
0.978961
1.07051
0.980252
1.07081
0.979674
1.07042
0.97834
1.06996
0.979175
1.06845
0.977713
1.0681
0.974011
1.06591
0.973765
1.06718
0.976238
1.06742
0.976673
1.07177
0.980464
1.07298
0.980488
1.07018
0.97762
1.07009
0.978232
1.06921
0.976114
1.06962
0.979058
1.07195
0.978238
1.06745
0.976547
1.07067
0.977009
1.07204
0.978785
1.06926
0.974847
1.06869
0.975473
1.06867
0.977071
1.06569
0.976868
1.06956
0.977892
1.07112
0.978774
1.07108
0.97931
1.06781
0.972981
1.06684
0.975131
1.0681
0.977138
1.06739
0.971885
1.06188
0.969791
1.06269
0.971482
1.06469
0.974649
1.06556
0.975256
1.0699
0.977969
1.06898
0.977791
1.06934
0.977162
1.0712
0.979236
1.07127
0.9794
1.07274
0.98116
1.07198
0.97865
1.07035
0.976413
1.06849
0.976612
1.06825
0.976584
1.06822
0.975138
1.06705
0.975884
1.06784
0.978668
1.07283
0.981176
1.07118
0.980691
1.0722
0.979208
1.07044
0.979967
1.06895
0.977917
1.07123
0.97718
1.07005
0.980252
1.07373
0.982757
1.07778
0.984922
1.07502
0.983832
1.07422
0.982044
1.07369
0.981968
1.07256
0.980152
1.07016
0.978185
1.07008
0.978832
1.06967
0.97716
1.0697
0.980573
1.07039
0.979156
1.07422
0.982362
1.07242
0.979314
1.06872
0.979983
1.0705
0.978521
1.07065
0.977206
1.07178
0.98213
1.07574
0.985107
1.07808
0.986932
1.07817
0.984533
1.07479
0.98309
1.07653
0.981969
1.07528
0.979137
1.06995
0.978393
1.07186
0.978597
1.0699
0.977298
1.06798
0.976013
1.06874
0.97742
1.0671
0.974139
1.06554
0.975464
1.06754
0.976159
1.0689
0.974259
1.06691
0.974526
1.06474
0.971717
1.06065
0.967524
1.05946
0.965303
1.05909
0.967475
1.06037
0.97207
1.06547
0.974414
1.06682
0.97723
1.06946
0.977871
1.06873
0.975697
1.0689
0.975026
1.06594
0.975562
1.06629
0.978893
1.07104
0.978402
1.0709
0.977131
1.07154
0.981587
1.07361
0.982352
1.0727
0.982319
1.07506
0.985089
1.07549
0.982142
1.0722
0.980023
1.071
0.979116
1.07116
0.977558
1.06908
0.979965
1.07129
0.978096
1.07153
0.979248
1.07403
0.980947
1.07494
0.98209
1.07321
0.979846
1.07336
0.981683
1.07203
0.982309
1.07281
0.981234
1.07455
0.983033
1.07589
0.984215
1.07688
0.984071
1.07284
0.982395
1.07603
0.986474
1.07558
0.983244
1.07615
0.983541
1.07289
0.981885
1.07177
0.980022
1.06939
0.977914
1.06993
0.976686
1.06616
0.97333
1.06699
0.975101
1.06704
0.976902
1.06734
0.977524
1.0686
0.97794
1.06796
0.975021
1.06738
0.975704
1.06724
0.976845
1.07005
0.974841
1.0693
0.977526
1.06963
0.975746
1.06942
0.976882
1.06573
0.976733
1.06612
0.974973
1.06865
0.975433
1.06673
0.977232
1.06715
0.973727
1.06423
0.971421
1.06694
0.974609
1.06564
0.976065
1.0658
0.972611
1.06654
0.974133
1.06688
0.977847
1.06819
0.977977
1.06859
0.977136
1.06922
0.979241
1.07173
0.979385
1.07462
0.980683
1.07184
0.97904
1.07011
0.977355
1.06579
0.97432
1.06716
0.975965
1.06998
0.978963
1.07263
0.981308
1.07187
0.981372
1.07398
0.981159
1.07372
0.981338
1.07087
0.979521
1.07034
0.974429
1.0668
0.974558
1.0657
0.974772
1.06756
0.974957
1.06862
0.97863
1.06816
0.97713
1.06841
0.973082
1.06305
0.972891
1.06532
0.970459
1.06286
0.971817
1.06526
0.972125
1.06393
0.973871
1.06577
0.973974
1.06561
0.974625
1.06988
0.9765
1.06722
0.976898
1.06939
0.975299
1.06665
0.976242
1.06667
0.974874
1.06693
0.975901
1.06833
0.977502
1.06847
0.978366
1.07109
0.978409
1.07011
0.97761
1.07031
0.977369
1.06929
0.97671
1.06897
0.975799
1.06904
0.975955
1.06506
0.973494
1.06611
0.973169
1.0664
0.971561
1.06399
0.97351
1.06361
0.971953
1.06367
0.972696
1.0662
0.973585
1.0674
0.973339
1.0634
0.971276
1.06253
0.973554
1.06605
0.97345
1.06309
0.970578
1.06003
0.969407
1.06396
0.971342
1.06409
0.971237
1.06375
0.972921
1.06696
0.976438
1.06679
0.973056
1.06439
0.975607
1.06927
0.974765
1.06589
0.973507
1.06637
0.976963
1.06969
0.979377
1.07266
0.980151
1.07152
0.98285
1.07351
0.978227
1.06819
0.974961
1.0686
0.97978
1.07239
0.978782
1.07034
0.976729
1.06894
0.975986
1.0684
0.976653
1.06948
0.976981
1.0699
0.980306
1.07014
0.975449
1.06732
0.975444
1.06514
0.974521
1.0661
0.974646
1.0674
0.976743
1.06623
0.977895
1.06996
0.977394
1.07023
0.976966
1.0697
0.980481
1.07322
0.979237
1.07156
0.981321
1.07157
0.979365
1.07256
0.983915
1.07509
0.981081
1.07068
0.976736
1.06985
0.976736
1.07015
0.979753
1.07333
0.979392
1.06977
0.974578
1.06687
0.975133
1.0679
0.975842
1.06631
0.975479
1.06468
0.972806
1.06712
0.974947
1.06862
0.977611
1.0702
0.977438
1.07098
0.978304
1.06963
0.975812
1.06673
0.975165
1.06707
0.976039
1.06889
0.975753
1.06795
0.976884
1.06943
0.974681
1.06642
0.975088
1.06641
0.976505
1.06873
0.975081
1.07048
0.979507
1.06987
0.979533
1.07332
0.979684
1.06939
0.979503
1.06985
0.976272
1.06988
0.979993
1.07409
0.984033
1.07336
0.983821
1.07548
0.984264
1.07671
0.984875
1.0749
0.981206
1.07345
0.98198
1.07515
0.982701
1.07499
0.982692
1.07343
0.981953
1.07233
0.979069
1.07044
0.976965
1.06965
0.977759
1.06962
0.973526
1.06706
0.977061
1.06972
0.97902
1.0687
0.976522
1.06782
0.977503
1.06842
0.975787
1.06688
0.977373
1.07029
0.977464
1.06961
0.977718
1.0689
0.97704
1.06933
0.976401
1.06839
0.974614
1.06665
0.976508
1.06776
0.975288
1.06684
0.972343
1.06413
0.974442
1.0654
0.972743
1.06459
0.971424
1.06361
0.972631
1.06711
0.974836
1.06844
0.976672
1.0681
0.976655
1.06831
0.979248
1.0692
0.979703
1.07203
0.981112
1.07426
0.982062
1.07291
0.979653
1.07018
0.980872
1.07248
0.981954
1.07204
0.97621
1.0673
0.977663
1.07048
0.97832
1.07219
0.980866
1.07505
0.982071
1.07303
0.979998
1.06881
0.979934
1.07256
0.982336
1.07374
0.979972
1.07159
0.97909
1.0726
0.981291
1.0726
0.979297
1.07059
0.980342
1.06795
0.975985
1.06549
0.968873
1.0634
0.973643
1.06645
0.97376
1.06748
0.973606
1.06833
0.975664
1.06635
0.972694
1.06552
0.973879
1.06516
0.97435
1.06611
0.977053
1.06988
0.978213
1.06881
0.978066
1.06721
0.977019
1.06752
0.972689
1.06554
0.974953
1.06642
0.97748
1.06734
0.975615
1.06919
0.976622
1.06678
0.977402
1.06956
0.977401
1.06841
0.974774
1.06455
0.971169
1.06589
0.974819
1.064
0.972658
1.06455
0.973529
1.06848
0.976842
1.06858
0.977715
1.06771
0.978325
1.07006
0.979881
1.06965
0.98037
1.07146
0.976715
1.06918
0.976249
1.06776
0.975146
1.06616
0.977614
1.0706
0.979126
1.06971
0.974902
1.06643
0.973514
1.06598
0.973834
1.06465
0.972149
1.06297
0.97453
1.06829
0.978686
1.07079
0.98131
1.07409
0.976986
1.06813
0.97612
1.06829
0.976166
1.07031
0.980252
1.07099
0.978117
1.07218
0.981837
1.07328
0.982196
1.0699
0.975797
1.06888
0.976454
1.06953
0.975816
1.06868
0.975235
1.06731
0.977081
1.06926
0.978292
1.07239
0.981927
1.07334
0.979639
1.07328
0.979626
1.07372
0.982556
1.07491
0.982303
1.07283
0.98066
1.07119
0.979402
1.07174
0.977495
1.06983
0.975155
1.0689
0.974992
1.06536
0.973091
1.06487
0.972982
1.06414
0.973788
1.06317
0.973793
1.06712
0.976691
1.06836
0.976685
1.06893
0.976677
1.06865
0.977248
1.0712
0.980715
1.07065
0.978823
1.0709
0.979288
1.07068
0.981654
1.07235
0.97832
1.07132
0.979996
1.07151
0.978502
1.07135
0.980187
1.07199
0.981301
1.0719
0.978247
1.06883
0.976752
1.06903
0.978321
1.07029
0.976596
1.06976
0.980423
1.06983
0.977378
1.06918
0.976304
1.06981
0.972607
1.06529
0.974161
1.06495
0.975554
1.06897
0.9773
1.06744
0.975692
1.06668
0.973416
1.06631
0.973797
1.06591
0.975609
1.06725
0.977617
1.06931
0.973864
1.06348
0.973185
1.06691
0.977487
1.07179
0.978562
1.06946
0.979029
1.06952
0.979119
1.07033
0.978964
1.07112
0.980015
1.06985
0.978945
1.06722
0.977317
1.07106
0.978351
1.07086
0.978199
1.07173
0.978871
1.0698
0.978977
1.0713
0.981366
1.0723
0.980454
1.07572
0.985874
1.07749
0.985921
1.07493
0.980827
1.07255
0.979127
1.07087
0.978314
1.06929
0.976853
1.06969
0.979841
1.0702
0.976752
1.07172
0.981124
1.07108
0.980369
1.07156
0.976965
1.07028
0.975993
1.06673
0.973706
1.06446
0.973169
1.06617
0.975411
1.06744
0.976876
1.0679
0.974214
1.06865
0.974695
1.06812
0.97633
1.07055
0.981991
1.07523
0.982044
1.07606
0.981031
1.07354
0.979117
1.07127
0.979966
1.07313
0.979968
1.07251
0.978589
1.06953
0.976416
1.06806
0.972161
1.06536
0.976755
1.07033
0.977781
1.07064
0.977995
1.07074
0.978484
1.07155
0.976589
1.06901
0.97567
1.0658
0.975233
1.06411
0.973833
1.06556
0.973382
1.06701
0.972277
1.06223
0.969207
1.06138
0.971832
1.0624
0.970405
1.06188
0.972413
1.06668
0.976206
1.0718
0.979506
1.07246
0.980401
1.07362
0.977676
1.07008
0.978607
1.06892
0.974526
1.0665
0.976754
1.06698
0.973488
1.06528
0.973639
1.06669
0.976398
1.06803
0.975905
1.06901
0.977849
1.06834
0.976483
1.07056
0.977621
1.07106
0.98241
1.07752
0.985367
1.07484
0.982172
1.07475
0.982438
1.07432
0.983389
1.07673
0.982729
1.07559
0.983214
1.07682
0.983855
1.0736
0.980655
1.07256
0.982963
1.07264
0.979109
1.06794
0.97643
1.06943
0.977824
1.06981
0.979534
1.07008
0.978849
1.07344
0.981405
1.07298
0.98142
1.07064
0.979237
1.07229
0.979693
1.07276
0.979755
1.07296
0.97977
1.07214
0.979324
1.07101
0.978683
1.07033
0.979534
1.06984
0.977862
1.06801
0.978124
1.06799
0.97385
1.0684
0.976725
1.06894
0.975485
1.06539
0.974002
1.06636
0.974596
1.06649
0.977034
1.06895
0.977579
1.0691
0.97824
1.07096
0.980372
1.06979
0.97784
1.07166
0.978916
1.07002
0.979022
1.07166
0.978502
1.06973
0.97475
1.06704
0.97567
1.06721
0.975566
1.06741
0.974046
1.06583
0.976962
1.06887
0.978933
1.07157
0.979427
1.07317
0.9816
1.07258
0.978547
1.07109
0.977366
1.06875
0.975124
1.06784
0.97361
1.06356
0.973408
1.06369
0.971366
1.06173
0.970864
1.06541
0.973295
1.06582
0.975261
1.06947
0.976033
1.0674
0.975895
1.06824
0.974739
1.06635
0.974028
1.06636
0.975898
1.06918
0.977827
1.07271
0.98004
1.07125
0.980665
1.0723
0.979507
1.07052
0.97641
1.06793
0.978807
1.07047
0.975207
1.06812
0.976185
1.0657
0.97338
1.06573
0.974643
1.06497
0.976789
1.06949
0.972763
1.06502
0.972253
1.06628
0.973628
1.06531
0.975053
1.06576
0.9743
1.0659
0.973167
1.06794
0.972703
1.06552
0.97403
1.06781
0.978104
1.06849
0.977931
1.07216
0.981178
1.07292
0.97813
1.06862
0.977828
1.07185
0.980272
1.07069
0.980851
1.07257
0.977681
1.0686
0.977478
1.07326
0.983724
1.07601
0.98215
1.07163
0.980987
1.07347
0.979416
1.07224
0.977653
1.0688
0.97921
1.07205
0.979863
1.07132
0.977755
1.06824
0.975551
1.06638
0.976436
1.06881
0.976331
1.06849
0.976279
1.06594
0.977306
1.07045
0.979933
1.07013
0.981041
1.07311
0.97959
1.07217
0.981186
1.0727
0.980911
1.07544
0.984524
1.07708
0.98337
1.07433
0.981458
1.0705
0.978776
1.06853
0.977896
1.07093
0.979924
1.07184
0.981433
1.074
0.978449
1.06865
0.978819
1.07198
0.981254
1.07052
0.977069
1.07051
0.977269
1.06828
0.974072
1.06743
0.976754
1.06767
0.975509
1.06732
0.978103
1.06986
0.980155
1.0721
0.981004
1.07192
0.979946
1.0705
0.979301
1.0694
0.976508
1.06826
0.973938
1.06725
0.97826
1.07166
0.977427
1.06972
0.977736
1.06569
0.971011
1.06663
0.971758
1.06502
0.974728
1.07092
0.97851
1.07055
0.978432
1.06987
0.975493
1.06833
0.974927
1.06842
0.97589
1.067
0.975005
1.06561
0.975938
1.06877
0.977653
1.06728
0.974977
1.06712
0.977208
1.06763
0.975938
1.06895
0.978912
1.07243
0.981318
1.0727
0.978561
1.06904
0.978149
1.06525
0.973123
1.06506
0.976014
1.07053
0.979188
1.06991
0.975175
1.06737
0.976458
1.06913
0.977542
1.06878
0.977235
1.06962
0.976959
1.06866
0.975715
1.06374
0.973951
1.06757
0.975274
1.06876
0.978597
1.07131
0.9794
1.0674
0.978865
1.06895
0.978071
1.06732
0.975219
1.06835
0.97711
1.06976
0.976781
1.06685
0.974603
1.06771
0.974857
1.06869
0.977144
1.06726
0.977028
1.07019
0.980276
1.07243
0.98091
1.07285
0.97958
1.06944
0.977525
1.06666
0.972317
1.06365
0.970542
1.06409
0.974683
1.06634
0.974823
1.06987
0.979664
1.07107
0.982319
1.07205
0.982739
1.07497
0.982452
1.07263
0.981307
1.07201
0.978932
1.06852
0.974139
1.06732
0.974719
1.06734
0.973166
1.06673
0.976161
1.06964
0.977994
1.07139
0.981995
1.07473
0.984267
1.07573
0.983621
1.07408
0.98301
1.07522
0.98462
1.07673
0.980243
1.07276
0.98328
1.07685
0.984938
1.07655
0.984968
1.07415
0.984352
1.07286
0.978983
1.06732
0.975671
1.06822
0.979951
1.07235
0.981527
1.07502
0.983562
1.07337
0.983324
1.07468
0.979347
1.07274
0.978284
1.07039
0.980035
1.0696
0.976732
1.06815
0.974477
1.06909
0.972986
1.06519
0.973376
1.06601
0.976566
1.06981
0.975031
1.06759
0.977257
1.06774
0.974501
1.06785
0.97726
1.06942
0.976389
1.07054
0.97979
1.07121
0.979295
1.07201
0.979234
1.06994
0.978257
1.07147
0.980462
1.07128
0.980577
1.07285
0.979144
1.07221
0.976967
1.06967
0.976732
1.06886
0.975402
1.06902
0.978358
1.06945
0.975307
1.06873
0.975695
1.06911
0.978767
1.07146
0.978051
1.06974
0.980067
1.07112
0.979663
1.06924
0.97791
1.07128
0.978987
1.07219
0.978577
1.07204
0.980761
1.07347
0.978484
1.06891
0.974349
1.06652
0.971139
1.06254
0.972529
1.06601
0.975869
1.06854
0.976212
1.06749
0.974657
1.06752
0.974304
1.06792
0.976516
1.06713
0.977955
1.06846
0.977757
1.07141
0.979883
1.07251
0.978688
1.06972
0.975064
1.06727
0.976472
1.06528
0.973668
1.06368
0.972337
1.0658
0.975462
1.06799
0.98061
1.07325
0.981272
1.07188
0.979275
1.07257
0.979379
1.07048
0.979562
1.07167
0.978936
1.07074
0.97435
1.06567
0.975022
1.06719
0.974607
1.06775
0.975826
1.06854
0.975791
1.06908
0.976538
1.06808
0.974624
1.06733
0.975393
1.0657
0.975226
1.06864
0.976621
1.06601
0.976362
1.06606
0.971875
1.06645
0.975824
1.06583
0.975236
1.06693
0.975423
1.06667
0.976188
1.06756
0.977565
1.06967
0.976529
1.0672
0.975156
1.06702
0.975929
1.0692
0.980103
1.07034
0.978205
1.07134
0.980197
1.07064
0.977841
1.06921
0.977206
1.06829
0.979516
1.07067
0.979659
1.06956
0.978208
1.06794
0.97572
1.06638
0.974176
1.06514
0.97324
1.06354
0.970405
1.06193
0.968103
1.06266
0.970835
1.06455
0.974176
1.06667
0.974053
1.06432
0.971211
1.06392
0.973771
1.06709
0.975674
1.06981
0.977496
1.07093
0.978699
1.07077
0.978316
1.06793
0.975626
1.06758
0.97801
1.07066
0.981199
1.07352
0.982915
1.07457
0.982102
1.07304
0.9811
1.07096
0.98008
1.06988
0.978126
1.06955
0.977006
1.06811
0.974065
1.06626
0.973203
1.06493
0.971464
1.06501
0.973463
1.06487
0.972936
1.06363
0.974643
1.06282
0.973812
1.06716
0.974749
1.06593
0.972872
1.06528
0.975864
1.06893
0.977883
1.07042
0.977468
1.06963
0.974989
1.06487
0.972611
1.06388
0.971365
1.06365
0.973879
1.06657
0.975278
1.0696
0.975517
1.06775
0.979459
1.07339
0.981651
1.07734
0.982699
1.07311
0.980541
1.072
0.9799
1.07195
0.980066
1.06868
0.975882
1.06771
0.977947
1.06812
0.97288
1.06509
0.973466
1.06676
0.971999
1.06672
0.975943
1.06909
0.977809
1.06846
0.978995
1.07208
0.977365
1.07091
0.978982
1.06966
0.980365
1.07028
0.977946
1.06921
0.976878
1.06989
0.976663
1.0709
0.98116
1.07235
0.977116
1.06923
0.97881
1.07109
0.979314
1.07203
0.979624
1.07341
0.98338
1.0751
0.984511
1.07729
0.983036
1.07251
0.981529
1.07404
0.980624
1.0744
0.981219
1.06971
0.978409
1.06806
0.975713
1.06844
0.97674
1.06925
0.977569
1.07264
0.98199
1.07309
0.980265
1.07143
0.979319
1.07264
0.979789
1.0682
0.978265
1.07126
0.980881
1.07228
0.980259
1.07206
0.980999
1.0741
0.982126
1.07535
0.983585
1.07489
0.983699
1.07152
0.982271
1.07309
0.979311
1.07102
0.978347
1.07108
0.979087
1.06976
0.978382
1.06928
0.976595
1.06991
0.978368
1.07096
0.981081
1.07149
0.979669
1.07355
0.982331
1.07523
0.98398
1.07668
0.985086
1.07699
0.986178
1.07788
0.986068
1.07702
0.984118
1.07657
0.984412
1.07605
0.9822
1.07461
0.982442
1.07084
0.980171
1.07225
0.980855
1.07246
0.979848
1.07075
0.978714
1.07237
0.976918
1.06798
0.975527
1.06808
0.977682
1.06947
0.976045
1.06669
0.975602
1.06874
0.978011
1.07218
0.981541
1.07197
0.978866
1.07239
0.977442
1.06808
0.974477
1.06747
0.976684
1.06782
0.973989
1.06599
0.9767
1.07086
0.979513
1.0731
0.981312
1.07193
0.980652
1.07372
0.979887
1.0711
0.982094
1.07396
0.982275
1.07554
0.98393
1.07616
0.981558
1.07321
0.980213
1.07263
0.982338
1.07623
0.984559
1.0757
0.983256
1.07391
0.981
1.07162
0.979505
1.07252
0.981932
1.07446
0.97579
1.06806
0.977767
1.07032
0.981246
1.07335
0.98103
1.07241
0.979024
1.07191
0.979936
1.07193
0.977126
1.07037
0.977312
1.06715
0.976016
1.06605
0.973892
1.06488
0.975905
1.06933
0.977619
1.07075
0.97569
1.06757
0.977337
1.07023
0.979939
1.07012
0.976107
1.07064
0.9808
1.07324
0.980655
1.07157
0.980414
1.07264
0.979655
1.07243
0.980278
1.06771
0.976087
1.06502
0.972768
1.06629
0.976244
1.06912
0.977873
1.0692
0.974101
1.06607
0.973337
1.06694
0.976603
1.06546
0.973846
1.06645
0.975233
1.06675
0.974722
1.06884
0.977915
1.06821
0.976156
1.06868
0.971224
1.06408
0.973751
1.06535
0.975597
1.06667
0.97369
1.06701
0.974876
1.06738
0.978496
1.07082
0.980393
1.07215
0.983544
1.07321
0.978388
1.07142
0.980289
1.07311
0.980629
1.07348
0.982183
1.07276
0.979155
1.07095
0.981843
1.07287
0.981739
1.0718
0.981419
1.07656
0.983113
1.07395
0.979715
1.07322
0.984464
1.07618
0.982274
1.07494
0.979798
1.07209
0.978335
1.07018
0.977176
1.0715
0.976765
1.06936
0.976785
1.06819
0.972408
1.06356
0.973237
1.0678
0.976532
1.06698
0.973638
1.0627
0.973022
1.06603
0.970882
1.06395
0.973397
1.06382
0.971679
1.06426
0.974779
1.06712
0.976151
1.06821
0.977228
1.06784
0.976041
1.06945
0.976497
1.07041
0.980478
1.06954
0.976076
1.07071
0.977302
1.07005
0.974812
1.06826
0.978087
1.07162
0.97819
1.06867
0.976304
1.06473
0.97353
1.06659
0.973284
1.06611
0.977088
1.07154
0.975897
1.07146
0.977292
1.06859
0.979862
1.06931
0.977032
1.06788
0.975618
1.06873
0.976558
1.06979
0.976455
1.06871
0.978973
1.07101
0.978575
1.07004
0.976125
1.06869
0.975665
1.06836
0.975788
1.06769
0.97682
1.07008
0.976726
1.06973
0.977977
1.06814
0.978514
1.06938
0.978806
1.06878
0.976457
1.06764
0.974993
1.0662
0.977018
1.0711
0.979561
1.07345
0.981669
1.07161
0.980247
1.0725
0.981689
1.07468
0.982872
1.07455
0.981153
1.06916
0.979328
1.07109
0.979542
1.07216
0.978671
1.06981
0.97828
1.07316
0.978017
1.07081
0.978797
1.0703
0.97988
1.07155
0.979402
1.0699
0.978356
1.07294
0.983129
1.07297
0.980558
1.07143
0.975599
1.06807
0.975653
1.06654
0.976277
1.06985
0.976765
1.06976
0.978716
1.06938
0.980378
1.07089
0.977773
1.07135
0.978198
1.07046
0.97656
1.06953
0.978498
1.06972
0.979348
1.07122
0.979953
1.07331
0.980588
1.07162
0.979256
1.0683
0.974296
1.06499
0.972083
1.06521
0.973682
1.06754
0.974947
1.06735
0.977409
1.07036
0.979041
1.07135
0.978225
1.06903
0.976792
1.06591
0.974785
1.06802
0.976271
1.06884
0.975499
1.06925
0.979124
1.07066
0.977581
1.06993
0.975865
1.06921
0.97749
1.06852
0.978433
1.0693
0.97557
1.06965
0.97985
1.07274
0.980288
1.07055
0.980277
1.07434
0.979724
1.07229
0.979672
1.07088
0.978624
1.07027
0.976085
1.06781
0.976488
1.07028
0.978351
1.07059
0.978867
1.07177
0.979548
1.07299
0.979241
1.07252
0.98163
1.07334
0.980487
1.07505
0.983447
1.07379
0.979487
1.07101
0.977992
1.07103
0.979277
1.07245
0.981322
1.07347
0.978492
1.07088
0.978314
1.07012
0.977563
1.06691
0.973965
1.06804
0.976118
1.0657
0.976322
1.06812
0.975972
1.06592
0.974487
1.06464
0.972351
1.0628
0.970842
1.06239
0.972148
1.06561
0.973321
1.06752
0.976434
1.06633
0.974057
1.06742
0.97428
1.0668
0.974896
1.06478
0.971001
1.06
0.968703
1.0608
0.971672
1.06528
0.976531
1.07243
0.976505
1.06983
0.976986
1.06898
0.978337
1.06835
0.975065
1.06566
0.973814
1.06476
0.974746
1.06975
0.98028
1.06992
0.976655
1.06893
0.977566
1.07033
0.978076
1.06665
0.973976
1.06655
0.975557
1.06968
0.977374
1.06861
0.97189
1.06415
0.973367
1.06626
0.973857
1.06559
0.975906
1.0681
0.975076
1.06732
0.978376
1.06834
0.978396
1.06939
0.978734
1.06818
0.976699
1.06715
0.975509
1.06876
0.978091
1.06728
0.976719
1.06876
0.979998
1.07065
0.977815
1.07
0.981107
1.07429
0.980644
1.07173
0.979941
1.07036
0.978984
1.07016
0.977652
1.06726
0.976076
1.07079
0.976905
1.06892
0.974365
1.06653
0.975254
1.06913
0.977738
1.07079
0.981281
1.0693
0.979327
1.07164
0.978705
1.07049
0.979001
1.07145
0.979877
1.06715
0.977222
1.06916
0.975299
1.06708
0.975429
1.06228
0.970401
1.06502
0.972331
1.06628
0.973368
1.06727
0.977969
1.06734
0.977961
1.07058
0.976791
1.06886
0.979987
1.07287
0.980349
1.07052
0.978361
1.06887
0.977914
1.06967
0.978401
1.06947
0.980654
1.07068
0.978417
1.06697
0.976514
1.06988
0.978086
1.07104
0.980341
1.07132
0.977462
1.06633
0.970817
1.06448
0.974249
1.06771
0.974848
1.06839
0.976176
1.07039
0.979634
1.07224
0.97783
1.07121
0.977676
1.0691
0.978677
1.07032
0.980645
1.0719
0.981099
1.07231
0.980259
1.0728
0.982084
1.07456
0.982286
1.0739
0.982958
1.07044
0.97695
1.06938
0.976582
1.06598
0.975106
1.06849
0.974562
1.06509
0.973052
1.06511
0.97502
1.06696
0.97555
1.06958
0.974652
1.06351
0.969992
1.0603
0.968166
1.06112
0.970392
1.06312
0.971963
1.06347
0.973591
1.06405
0.974986
1.06702
0.977047
1.06961
0.978208
1.073
0.98325
1.0734
0.982226
1.07577
0.98318
1.07519
0.987703
1.07899
0.986642
1.077
0.986007
1.07814
0.988898
1.07752
0.985324
1.07661
0.982354
1.07531
0.982434
1.07281
0.980533
1.07261
0.978347
1.06904
0.979607
1.07058
0.980039
1.07171
0.978656
1.0699
0.979582
1.07217
0.979432
1.0732
0.982676
1.07262
0.977306
1.06969
0.974552
1.06422
0.972949
1.06362
0.97449
1.06767
0.977734
1.07074
0.976731
1.06771
0.972815
1.06396
0.972015
1.06136
0.969516
1.06214
0.971493
1.0651
0.971581
1.06398
0.972769
1.06288
0.97236
1.06489
0.973653
1.06658
0.975002
1.06837
0.976352
1.06871
0.972695
1.06353
0.971774
1.0637
0.972626
1.066
0.974973
1.06434
0.972306
1.06501
0.97207
1.06458
0.975036
1.06629
0.969602
1.06329
0.972072
1.06529
0.97534
1.06538
0.977268
1.07066
0.980841
1.07047
0.977771
1.07053
0.976347
1.06819
0.972973
1.06334
0.974805
1.06756
0.976213
1.0665
0.976124
1.06716
0.974627
1.06651
0.976071
1.06819
0.97503
1.06599
0.974448
1.06689
0.976318
1.06732
0.977322
1.06782
0.973553
1.06485
0.974811
1.06591
0.97493
1.06818
0.974865
1.06541
0.974741
1.06897
0.977781
1.07196
0.979891
1.0701
0.974937
1.06515
0.975489
1.06503
0.974189
1.06738
0.976127
1.07135
0.978901
1.06894
0.977395
1.06987
0.980809
1.07209
0.976291
1.06924
0.976025
1.06594
0.975346
1.06769
0.978618
1.07118
0.979535
1.06958
0.979002
1.06978
0.980248
1.07033
0.97778
1.06943
0.977332
1.06884
0.977215
1.06954
0.977016
1.06672
0.974481
1.06438
0.972636
1.06412
0.973899
1.06528
0.975025
1.06609
0.974234
1.06611
0.972579
1.06369
0.970784
1.06505
0.973403
1.0673
0.975178
1.06635
0.972228
1.06326
0.973178
1.06118
0.970959
1.06281
0.969793
1.06216
0.969259
1.06241
0.968518
1.06024
0.970533
1.06159
0.969194
1.06303
0.971062
1.0602
0.971788
1.06696
0.973838
1.06605
0.976636
1.06822
0.97396
1.06575
0.973663
1.06518
0.973128
1.06495
0.973547
1.06458
0.971372
1.06357
0.973408
1.06667
0.97656
1.06941
0.97729
1.06833
0.974889
1.06491
0.974047
1.06708
0.977864
1.06978
0.975401
1.06805
0.971499
1.06643
0.97659
1.0705
0.977543
1.06851
0.975008
1.06362
0.970834
1.06597
0.975086
1.06798
0.978013
1.06855
0.976666
1.06826
0.97572
1.06769
0.976826
1.07046
0.979885
1.07205
0.977996
1.06923
0.978026
1.07038
0.978519
1.06963
0.979972
1.06798
0.976172
1.06898
0.976363
1.06766
0.977504
1.06652
0.972486
1.06588
0.974614
1.06574
0.975551
1.07016
0.977535
1.07005
0.980204
1.07204
0.977481
1.07017
0.97965
1.07187
0.981021
1.07037
0.97694
1.0677
0.973759
1.06664
0.975095
1.06734
0.974112
1.06421
0.972998
1.0664
0.975358
1.06745
0.975958
1.06764
0.973989
1.06416
0.976315
1.06889
0.977867
1.06561
0.973964
1.06825
0.975122
1.0695
0.978616
1.06684
0.975381
1.06857
0.975146
1.06944
0.976551
1.06679
0.975644
1.0655
0.971701
1.06638
0.977433
1.06901
0.977311
1.06579
0.973059
1.06692
0.975254
1.07019
0.978573
1.06852
0.97692
1.06772
0.975022
1.06643
0.975288
1.06467
0.971822
1.06445
0.972914
1.06572
0.973635
1.06622
0.974734
1.06662
0.97469
1.06687
0.97559
1.06703
0.973359
1.06592
0.976548
1.0646
0.973194
1.06482
0.970939
1.06478
0.971329
1.06468
0.973184
1.0644
0.974718
1.06747
0.974958
1.06617
0.974597
1.06671
0.97478
1.06533
0.976904
1.06728
0.975373
1.06775
0.973682
1.06454
0.973906
1.06565
0.974855
1.06691
0.976781
1.0702
0.977534
1.06862
0.979233
1.06911
0.978191
1.06943
0.979307
1.07095
0.978685
1.06967
0.979168
1.07193
0.977626
1.06907
0.979988
1.07362
0.980426
1.07362
0.980895
1.07318
0.981437
1.07526
0.985599
1.07751
0.985162
1.07823
0.984886
1.07714
0.983026
1.07411
0.983597
1.07236
0.980477
1.07155
0.978242
1.07135
0.981524
1.07313
0.982062
1.07256
0.982348
1.07298
0.979157
1.07225
0.980838
1.07316
0.979352
1.07096
0.978378
1.06806
0.97501
1.06529
0.973457
1.06551
0.973547
1.06421
0.974049
1.06718
0.977602
1.07208
0.981667
1.06937
0.976334
1.06818
0.978977
1.07042
0.979029
1.06791
0.9791
1.07479
0.9786
1.07127
0.981045
1.07141
0.979353
1.06951
0.980543
1.07229
0.981287
1.07235
0.980899
1.07317
0.980447
1.07131
0.982092
1.07448
0.981895
1.07384
0.97918
1.07037
0.980166
1.06978
0.978463
1.07098
0.978896
1.07104
0.979151
1.071
0.977251
1.06568
0.974664
1.06477
0.973483
1.0669
0.975329
1.07021
0.976993
1.07083
0.978553
1.07121
0.9812
1.07348
0.98222
1.07186
0.980124
1.07039
0.978636
1.07251
0.983526
1.07258
0.97957
1.07041
0.982411
1.07431
0.980301
1.0695
0.980229
1.0712
0.980271
1.07233
0.979908
1.0715
0.981643
1.07351
0.983446
1.07279
0.982933
1.07648
0.984064
1.07668
0.98459
1.0772
0.98337
1.07475
0.982822
1.07463
0.980598
1.0708
0.977041
1.06942
0.978863
1.07061
0.977284
1.06982
0.975959
1.06843
0.979478
1.07158
0.978119
1.06936
0.977332
1.06713
0.976789
1.07073
0.976112
1.06757
0.973496
1.06678
0.974898
1.0673
0.973609
1.06353
0.972826
1.06492
0.974649
1.06574
0.97423
1.06559
0.972775
1.06417
0.969559
1.0647
0.972263
1.06598
0.976397
1.06879
0.977553
1.06579
0.975815
1.06806
0.976015
1.06448
0.973836
1.06525
0.97093
1.06317
0.973333
1.06547
0.973801
1.06633
0.976661
1.06783
0.975681
1.07118
0.977738
1.06894
0.976309
1.06807
0.975589
1.06867
0.977123
1.07099
0.979045
1.06978
0.979449
1.06757
0.975699
1.06662
0.976927
1.06641
0.974674
1.06516
0.973142
1.0654
0.974476
1.06775
0.970777
1.0666
0.97712
1.07091
0.979547
1.07141
0.979146
1.06897
0.977045
1.07016
0.979195
1.06772
0.978723
1.07039
0.978421
1.07144
0.980079
1.07327
0.981912
1.07171
0.98008
1.06985
0.975265
1.06708
0.976349
1.07046
0.977416
1.07213
0.979883
1.07272
0.976761
1.06845
0.976578
1.06915
0.977343
1.06923
0.979287
1.07337
0.979482
1.06953
0.976784
1.06948
0.975923
1.07066
0.977862
1.06903
0.977191
1.06857
0.975832
1.06608
0.974361
1.06509
0.971821
1.0643
0.977305
1.06749
0.973982
1.06375
0.972948
1.06487
0.975621
1.06594
0.974676
1.06751
0.977058
1.06836
0.978774
1.06883
0.975702
1.06973
0.976588
1.06808
0.977777
1.06872
0.976987
1.06661
0.976405
1.06729
0.972961
1.06555
0.975195
1.06956
0.97715
1.0695
0.979025
1.07167
0.981249
1.07149
0.979028
1.06981
0.978255
1.06925
0.977498
1.0709
0.975969
1.06842
0.976011
1.06754
0.976445
1.06877
0.978407
1.07194
0.978392
1.06993
0.979232
1.07209
0.979446
1.06987
0.979976
1.07144
0.977789
1.06986
0.975274
1.06745
0.973927
1.06691
0.97548
1.06883
0.981543
1.07251
0.982791
1.07634
0.983483
1.07733
0.985853
1.0783
0.98448
1.07923
0.986293
1.07534
0.984638
1.07562
0.981585
1.07128
0.976598
1.07026
0.97806
1.07294
0.978386
1.06921
0.977978
1.06814
0.975992
1.06731
0.976338
1.06788
0.974774
1.06815
0.977531
1.0696
0.977909
1.06921
0.978632
1.07018
0.975552
1.06782
0.974231
1.06829
0.975584
1.0702
0.979179
1.07151
0.97941
1.0721
0.981739
1.0696
0.978593
1.07177
0.977664
1.0698
0.979345
1.07
0.978721
1.07036
0.978011
1.06938
0.978243
1.06858
0.976647
1.06893
0.979183
1.0709
0.978501
1.07204
0.979665
1.07364
0.979747
1.07202
0.981399
1.0751
0.980352
1.07155
0.980716
1.07434
0.983843
1.07504
0.984627
1.07554
0.983956
1.07507
0.981152
1.07201
0.981144
1.07239
0.982746
1.07562
0.979807
1.07094
0.9794
1.07401
0.980106
1.07378
0.980982
1.0729
0.979581
1.07233
0.977405
1.0704
0.980066
1.07223
0.981461
1.07334
0.981969
1.07265
0.97697
1.06972
0.977792
1.07096
0.980673
1.07225
0.978621
1.06984
0.977703
1.07286
0.979407
1.06981
0.979008
1.06927
0.976415
1.06497
0.973418
1.06673
0.971677
1.06402
0.971152
1.06279
0.972013
1.06649
0.977077
1.06737
0.972902
1.06563
0.973731
1.06638
0.975183
1.06587
0.97338
1.06705
0.977678
1.0708
0.980415
1.07054
0.978578
1.06918
0.977829
1.07132
0.979986
1.07052
0.97678
1.07004
0.981062
1.07223
0.980731
1.07269
0.981379
1.07317
0.980847
1.07022
0.977859
1.06855
0.976397
1.06704
0.977238
1.07022
0.977576
1.06712
0.973709
1.06486
0.971821
1.06364
0.973915
1.06569
0.975829
1.06881
0.974449
1.06549
0.973176
1.06519
0.973005
1.06719
0.973683
1.06501
0.975063
1.06829
0.97644
1.07213
0.978644
1.06839
0.975373
1.06569
0.97369
1.06493
0.971652
1.06627
0.974824
1.06663
0.974547
1.06617
0.974072
1.06498
0.972576
1.0637
0.973965
1.06629
0.975873
1.0689
0.977768
1.06909
0.975162
1.06828
0.973532
1.068
0.976221
1.06982
0.978733
1.07002
0.97813
1.07012
0.977602
1.07098
0.975695
1.06567
0.974962
1.06413
0.970944
1.06451
0.971033
1.06263
0.97342
1.06603
0.974055
1.06624
0.973326
1.06642
0.976073
1.06529
0.976505
1.07172
0.979191
1.06835
0.977082
1.06925
0.975
1.06651
0.975807
1.06799
0.977156
1.07006
0.975831
1.06782
0.976379
1.06986
0.978862
1.07102
0.976835
1.0692
0.97427
1.06482
0.974845
1.06612
0.975115
1.06876
0.973763
1.06271
0.973407
1.0644
0.97377
1.06411
0.975202
1.06606
0.973363
1.06471
0.97672
1.0712
0.979577
1.07159
0.980027
1.07412
0.978255
1.06767
0.974366
1.06477
0.974155
1.0668
0.974775
1.06707
0.975782
1.0681
0.978452
1.07062
0.976209
1.06865
0.97334
1.06395
0.972792
1.0669
0.975928
1.06827
0.979035
1.06929
0.976465
1.06808
0.976665
1.06902
0.978052
1.07077
0.979872
1.07103
0.981246
1.0728
0.979419
1.07138
0.980501
1.07079
0.978074
1.06982
0.976489
1.06795
0.976557
1.06859
0.978515
1.0712
0.980224
1.07177
0.981319
1.07166
0.977903
1.07099
0.977028
1.06735
0.97865
1.07397
0.981983
1.07309
0.979513
1.07098
0.981059
1.07155
0.979989
1.06916
0.976198
1.06762
0.979197
1.07272
0.980994
1.0729
0.980305
1.07226
0.978109
1.0699
0.978637
1.06734
0.974813
1.06965
0.978899
1.06937
0.976928
1.06618
0.975916
1.06841
0.977532
1.06651
0.975708
1.06903
0.974543
1.0648
0.975029
1.06524
0.973247
1.06575
0.973826
1.06414
0.972224
1.06664
0.975251
1.06992
0.976697
1.06947
0.977444
1.06854
0.976858
1.06638
0.977473
1.07017
0.978693
1.06853
0.977312
1.06809
0.977112
1.06994
0.977749
1.06944
0.978335
1.07117
0.978465
1.07191
0.979494
1.07215
0.978463
1.07162
0.977914
1.07273
0.980142
1.07301
0.980001
1.07139
0.977298
1.06804
0.974409
1.06747
0.976315
1.06852
0.977113
1.06977
0.977383
1.07029
0.977195
1.06965
0.977759
1.07057
0.979015
1.06999
0.977633
1.0692
0.978523
1.07001
0.975623
1.06749
0.977902
1.07049
0.974868
1.06505
0.972007
1.0642
0.9726
1.06437
0.970789
1.06566
0.974623
1.06956
0.977114
1.072
0.978516
1.07052
0.977925
1.07136
0.979008
1.0716
0.980494
1.07164
0.979401
1.07225
0.982035
1.0728
0.979016
1.0703
0.97865
1.07212
0.975718
1.06737
0.974986
1.0665
0.973474
1.06685
0.972149
1.06616
0.973409
1.06695
0.974457
1.06617
0.975758
1.07063
0.976886
1.06988
0.977742
1.0714
0.981112
1.07346
0.984724
1.07749
0.987647
1.07815
0.985198
1.07485
0.98508
1.07787
0.985448
1.07871
0.987571
1.07858
0.984713
1.07525
0.980846
1.07095
0.980243
1.07072
0.976146
1.06486
0.973862
1.06538
0.974931
1.06666
0.97585
1.06906
0.977652
1.07041
0.979155
1.07102
0.979999
1.07155
0.978418
1.07089
0.979208
1.06906
0.97697
1.06836
0.978146
1.07054
0.980659
1.07096
0.978277
1.0691
0.978837
1.07105
0.979518
1.07449
0.98378
1.07724
0.985186
1.07845
0.984297
1.07584
0.982518
1.074
0.980582
1.07209
0.980557
1.07261
0.979878
1.07281
0.978969
1.06923
0.978704
1.06593
0.974899
1.06512
0.974229
1.0667
0.977801
1.06922
0.976152
1.06842
0.975834
1.06914
0.9779
1.06951
0.977954
1.06979
0.980614
1.07034
0.981103
1.07202
0.980603
1.07042
0.980216
1.07082
0.976617
1.07079
0.981443
1.07154
0.980156
1.06951
0.976659
1.06852
0.977467
1.06902
0.977467
1.06739
0.977784
1.07007
0.979621
1.07045
0.979735
1.07236
0.980349
1.07097
0.977021
1.06917
0.975748
1.0697
0.979521
1.07077
0.977912
1.06648
0.971164
1.06468
0.971659
1.06533
0.973579
1.06548
0.973856
1.06758
0.974795
1.06608
0.974591
1.06793
0.976835
1.07085
0.977088
1.07106
0.981787
1.0728
0.981774
1.07397
0.98321
1.07336
0.979849
1.07093
0.978878
1.06894
0.977043
1.06825
0.976299
1.06996
0.979196
1.07222
0.979333
1.06932
0.978246
1.06885
0.979101
1.07188
0.976715
1.06695
0.977348
1.07124
0.978152
1.07038
0.978634
1.07263
0.981425
1.07408
0.983981
1.07726
0.986195
1.07723
0.982683
1.07668
0.983517
1.07307
0.981383
1.07236
0.980913
1.0742
0.98244
1.07464
0.984046
1.07642
0.982782
1.07437
0.983484
1.07781
0.985333
1.07569
0.984094
1.07325
0.980557
1.07226
0.981783
1.07194
0.980385
1.07179
0.980236
1.06899
0.979432
1.07264
0.980109
1.07285
0.981106
1.07478
0.982376
1.07446
0.980765
1.07232
0.980542
1.0722
0.978176
1.06789
0.97622
1.06902
0.976472
1.06691
0.974609
1.06591
0.973966
1.06631
0.976578
1.07118
0.979767
1.07083
0.977479
1.06846
0.977016
1.06829
0.975802
1.06685
0.977269
1.06954
0.97899
1.07316
0.983009
1.07323
0.982208
1.07094
0.979738
1.07168
0.976975
1.0712
0.981315
1.07371
0.982645
1.07573
0.980991
1.07322
0.979539
1.07155
0.98112
1.07317
0.979812
1.0717
0.976611
1.07006
0.976241
1.06899
0.978775
1.0725
0.981833
1.07443
0.981781
1.0738
0.981103
1.07087
0.976596
1.06905
0.978361
1.06931
0.978928
1.07253
0.979002
1.07144
0.979012
1.07064
0.97817
1.06985
0.978983
1.06955
0.979013
1.06906
0.977599
1.06972
0.978582
1.07129
0.980927
1.07219
0.979745
1.06823
0.975971
1.06731
0.976334
1.06611
0.973554
1.06479
0.973653
1.06605
0.976162
1.06694
0.976734
1.07015
0.980117
1.0708
0.978526
1.06862
0.976785
1.07035
0.979264
1.07294
0.97998
1.06959
0.977705
1.06962
0.975334
1.06951
0.981025
1.07319
0.980285
1.07371
0.979863
1.07089
0.978351
1.07195
0.981376
1.07146
0.981439
1.06867
0.97652
1.06578
0.969834
1.06466
0.973556
1.06537
0.974069
1.06798
0.973024
1.06905
0.974962
1.06834
0.976119
1.06783
0.976229
1.07008
0.979085
1.07418
0.981216
1.07101
0.977091
1.07028
0.977158
1.06866
0.976208
1.06847
0.976107
1.06856
0.975272
1.06926
0.976138
1.06692
0.977374
1.0699
0.978919
1.0711
0.977409
1.07091
0.978184
1.06846
0.975252
1.06825
0.978457
1.06811
0.975674
1.07036
0.979635
1.0704
0.974083
1.06353
0.972744
1.06406
0.971739
1.06376
0.972203
1.06686
0.977655
1.06908
0.975475
1.06769
0.977691
1.07054
0.979912
1.07048
0.978773
1.07045
0.976595
1.06982
0.978031
1.07106
0.981131
1.07194
0.983181
1.07511
0.982611
1.07314
0.979766
1.06943
0.977767
1.06749
0.976197
1.0707
0.978871
1.07015
0.978209
1.06457
0.972424
1.06259
0.973025
1.06504
0.975096
1.06679
0.976726
1.06823
0.977391
1.06834
0.975222
1.06823
0.975753
1.06625
0.972475
1.06689
0.977005
1.06869
0.977113
1.06915
0.976909
1.06921
0.974396
1.06526
0.974745
1.06649
0.976897
1.06684
0.975586
1.06814
0.974834
1.06615
0.975764
1.06769
0.9763
1.06922
0.979282
1.06945
0.976733
1.07036
0.978731
1.07213
0.981767
1.07243
0.9815
1.07456
0.981549
1.07215
0.979231
1.07111
0.976891
1.06791
0.977871
1.06979
0.98027
1.07057
0.978864
1.07109
0.977136
1.07058
0.978764
1.06798
0.974237
1.06663
0.975248
1.06853
0.97591
1.06633
0.974795
1.06548
0.973867
1.06536
0.973189
1.06512
0.9766
1.06845
0.978602
1.06963
0.979995
1.07503
0.984175
1.0731
0.980984
1.07181
0.978101
1.07068
0.979101
1.07068
0.979366
1.07091
0.978404
1.07108
0.978585
1.07041
0.977714
1.07011
0.978598
1.06829
0.97587
1.07097
0.978775
1.06853
0.97499
1.06573
0.976993
1.06904
0.975002
1.06601
0.973747
1.06669
0.975242
1.07036
0.978156
1.06786
0.977462
1.0691
0.977413
1.06831
0.976558
1.06916
0.976768
1.06829
0.975358
1.06809
0.976681
1.06803
0.975347
1.06659
0.977102
1.06793
0.975114
1.06693
0.975928
1.06706
0.974532
1.06775
0.976906
1.07057
0.977028
1.06719
0.977609
1.06763
0.977099
1.07009
0.975925
1.06919
0.975308
1.06766
0.975414
1.06728
0.972835
1.06331
0.972692
1.06138
0.970358
1.06108
0.97073
1.06464
0.973164
1.06582
0.973355
1.06725
0.975177
1.0685
0.978192
1.06793
0.976982
1.0674
0.974068
1.06478
0.972113
1.0638
0.972874
1.06555
0.976962
1.06857
0.975027
1.06571
0.973617
1.06535
0.974355
1.06243
0.969437
1.06158
0.971474
1.06412
0.972934
1.06432
0.972728
1.06632
0.976099
1.06908
0.976096
1.06721
0.974112
1.0663
0.974663
1.06633
0.975862
1.06787
0.977179
1.07015
0.977979
1.07352
0.980957
1.07238
0.979629
1.06865
0.978596
1.07186
0.978806
1.0664
0.975626
1.07045
0.977141
1.06811
0.977534
1.07078
0.976488
1.06885
0.976
1.06779
0.978857
1.07019
0.975853
1.06619
0.973708
1.06343
0.972491
1.06485
0.972534
1.06418
0.970886
1.06369
0.971643
1.06428
0.974225
1.06566
0.975673
1.06775
0.974917
1.06938
0.975734
1.06719
0.97393
1.06588
0.973554
1.06675
0.976841
1.06876
0.976852
1.06884
0.978705
1.0691
0.975752
1.06731
0.977391
1.06862
0.978203
1.07127
0.977473
1.07103
0.979943
1.07168
0.978987
1.0705
0.978134
1.07056
0.979492
1.06949
0.981447
1.07456
0.979657
1.07271
0.979248
1.07003
0.9775
1.06903
0.97897
1.07197
0.980219
1.07257
0.976372
1.06951
0.978557
1.07051
0.978582
1.07036
0.977787
1.06873
0.977593
1.06998
0.979835
1.07398
0.982585
1.07261
0.979196
1.07196
0.980105
1.07322
0.982675
1.07627
0.984053
1.072
0.981738
1.07164
0.978593
1.07137
0.977554
1.07122
0.979151
1.07155
0.978934
1.07202
0.979522
1.07097
0.976159
1.06948
0.977135
1.06996
0.977506
1.07058
0.976764
1.07052
0.977158
1.07118
0.980111
1.07351
0.979904
1.07278
0.981323
1.07306
0.982617
1.07335
0.982378
1.07449
0.98222
1.07467
0.97957
1.07197
0.979419
1.06992
0.979087
1.0703
0.977965
1.06804
0.975717
1.06701
0.975919
1.06601
0.975803
1.06527
0.975701
1.0673
0.977992
1.06993
0.977859
1.07151
0.977284
1.06994
0.979043
1.07224
0.979898
1.07069
0.977582
1.06999
0.977516
1.06758
0.977216
1.07033
0.975691
1.06467
0.971833
1.06385
0.970795
1.06466
0.972248
1.06498
0.975159
1.06748
0.97525
1.06875
0.974597
1.06724
0.972982
1.06422
0.97112
1.06468
0.972012
1.06586
0.975607
1.06628
0.975696
1.06959
0.978456
1.0699
0.975562
1.06781
0.978059
1.072
0.981199
1.07151
0.977158
1.06823
0.978888
1.06825
0.977366
1.07052
0.979782
1.0717
0.982212
1.07248
0.982773
1.07272
0.98098
1.07346
0.979442
1.07368
0.98165
1.07325
0.983203
1.07547
0.986584
1.07606
0.986578
1.07882
0.98646
1.07899
0.987623
1.0794
0.986312
1.07574
0.983439
1.07489
0.983021
1.07559
0.983736
1.07354
0.979325
1.07249
0.978699
1.07005
0.977255
1.0707
0.978559
1.06745
0.975067
1.06635
0.971572
1.06539
0.977558
1.06785
0.973429
1.0637
0.975392
1.06738
0.977794
1.07135
0.977698
1.07116
0.978533
1.06931
0.97861
1.07166
0.978961
1.06808
0.975185
1.06598
0.976443
1.06839
0.978059
1.06873
0.978197
1.0712
0.976134
1.06858
0.977383
1.06831
0.97639
1.06852
0.975502
1.06742
0.975603
1.0663
0.973261
1.06347
0.974463
1.06463
0.974473
1.06526
0.972262
1.06438
0.972854
1.06615
0.974747
1.06988
0.978797
1.0716
0.980184
1.07044
0.977265
1.06859
0.976168
1.06834
0.974434
1.06502
0.973384
1.06761
0.975182
1.06563
0.973114
1.06482
0.973621
1.06719
0.974959
1.06824
0.976403
1.06944
0.977755
1.06811
0.976251
1.06724
0.973157
1.06446
0.971946
1.06369
0.972216
1.06684
0.976151
1.06608
0.974453
1.06926
0.978371
1.06956
0.976707
1.06707
0.977181
1.06796
0.975555
1.06852
0.976624
1.06463
0.974339
1.0679
0.97431
1.06737
0.97709
1.07119
0.979265
1.07049
0.979173
1.07267
0.978335
1.06913
0.978345
1.07074
0.977457
1.06766
0.977018
1.0666
0.976508
1.06962
0.97895
1.06998
0.978591
1.07104
0.974923
1.06862
0.978489
1.06845
0.973276
1.06596
0.975242
1.06746
0.973204
1.06576
0.975758
1.06821
0.974796
1.06616
0.976779
1.06758
0.974699
1.0663
0.974705
1.06656
0.97768
1.07012
0.978585
1.07045
0.980225
1.07346
0.979138
1.06887
0.976633
1.0666
0.97551
1.06724
0.973626
1.06619
0.975328
1.06587
0.974628
1.06618
0.977329
1.06893
0.976284
1.06945
0.976736
1.0662
0.975549
1.06805
0.977062
1.07097
0.978573
1.06882
0.977126
1.06889
0.977939
1.07074
0.982108
1.07363
0.980773
1.07292
0.975669
1.0675
0.974814
1.06507
0.975704
1.06813
0.976304
1.06743
0.975768
1.06693
0.974216
1.06733
0.976619
1.06907
0.977773
1.06738
0.974801
1.06757
0.976668
1.06948
0.97854
1.07091
0.98018
1.07114
0.979272
1.07034
0.978776
1.07012
0.980038
1.07026
0.979172
1.07206
0.98138
1.07291
0.979264
1.07036
0.977231
1.06932
0.977507
1.0684
0.974891
1.06568
0.971566
1.06387
0.97133
1.06252
0.970961
1.06401
0.973226
1.06553
0.974822
1.06583
0.96907
1.06152
0.96976
1.06473
0.975841
1.0666
0.976021
1.06826
0.97567
1.06465
0.971769
1.06384
0.975826
1.06558
0.973357
1.06579
0.970516
1.06154
0.971404
1.06446
0.97108
1.06116
0.971403
1.06211
0.973937
1.06375
0.971044
1.0636
0.972348
1.06602
0.975237
1.0666
0.97704
1.0721
0.979407
1.07494
0.982755
1.0737
0.981604
1.0748
0.981554
1.07535
0.982642
1.0743
0.981144
1.07241
0.979919
1.07313
0.980848
1.07327
0.980216
1.07283
0.98125
1.07112
0.980618
1.07193
0.977405
1.06883
0.975243
1.06886
0.976225
1.06852
0.97633
1.06763
0.973617
1.06565
0.969755
1.06384
0.972756
1.06422
0.971512
1.05927
0.969668
1.05982
0.969151
1.06237
0.972321
1.06439
0.974243
1.06857
0.977758
1.06996
0.978242
1.0719
0.97881
1.06726
0.978777
1.06919
0.978569
1.07247
0.980603
1.07417
0.981187
1.07128
0.977891
1.07112
0.975862
1.06951
0.979992
1.06917
0.976891
1.06764
0.975763
1.06867
0.978349
1.07025
0.979885
1.07143
0.979411
1.06934
0.976204
1.06725
0.979383
1.06638
0.975537
1.06923
0.979964
1.06971
0.977294
1.06842
0.976934
1.07067
0.977531
1.06857
0.976196
1.06892
0.977275
1.06945
0.977932
1.06707
0.975617
1.06705
0.977129
1.07132
0.980149
1.07004
0.978328
1.07042
0.978167
1.07152
0.980354
1.07211
0.97929
1.07179
0.979715
1.0717
0.978662
1.07119
0.979108
1.07243
0.982935
1.07694
0.984051
1.07468
0.981737
1.07321
0.981836
1.07347
0.981357
1.07553
0.984452
1.07744
0.984324
1.07745
0.98685
1.07853
0.983978
1.07481
0.983824
1.07694
0.982901
1.07657
0.985965
1.07692
0.986937
1.07778
0.987918
1.07801
0.98312
1.07476
0.980858
1.07161
0.977474
1.06918
0.976471
1.06593
0.97454
1.06924
0.974584
1.06816
0.979757
1.07266
0.980309
1.07356
0.979627
1.06993
0.978992
1.07019
0.977738
1.06845
0.978416
1.07211
0.981246
1.07233
0.982071
1.07518
0.978321
1.06905
0.977416
1.07213
0.981265
1.07198
0.981814
1.07213
0.976682
1.06676
0.975017
1.0676
0.977549
1.0687
0.976985
1.06861
0.977796
1.07029
0.980024
1.0727
0.980205
1.07212
0.977331
1.06954
0.976442
1.06869
0.97706
1.07048
0.979504
1.07089
0.979707
1.07197
0.980142
1.0706
0.979183
1.07058
0.977003
1.07009
0.978155
1.07385
0.979941
1.07283
0.981681
1.07499
0.983126
1.07409
0.982127
1.07429
0.979396
1.06988
0.978707
1.07166
0.98086
1.07141
0.980178
1.07064
0.979089
1.07258
0.980564
1.07254
0.981808
1.07042
0.982095
1.07298
0.980932
1.07127
0.978811
1.0696
0.978439
1.07051
0.980821
1.07391
0.981696
1.07049
0.977868
1.07039
0.977513
1.06967
0.979099
1.07384
0.983191
1.07427
0.983191
1.075
0.980382
1.06779
0.974822
1.06632
0.976937
1.06989
0.977647
1.06892
0.975158
1.06598
0.975378
1.06799
0.978075
1.06829
0.975164
1.06506
0.972592
1.06535
0.977004
1.06914
0.975421
1.06721
0.974592
1.06835
0.97744
1.06995
0.978373
1.06852
0.978123
1.06916
0.979206
1.07165
0.982332
1.07191
0.978639
1.07068
0.981724
1.07368
0.980648
1.07098
0.980989
1.07222
0.981865
1.06948
0.978464
1.07026
0.977056
1.07012
0.978495
1.07222
0.979911
1.07141
0.979946
1.07149
0.97918
1.06865
0.974739
1.06416
0.973759
1.06703
0.976432
1.06928
0.97829
1.07183
0.979841
1.0729
0.981961
1.07148
0.977064
1.0679
0.979345
1.0701
0.979973
1.0728
0.981587
1.07474
0.983541
1.07504
0.981537
1.0724
0.981982
1.07469
0.982734
1.07408
0.981635
1.07395
0.983721
1.07699
0.983306
1.0746
0.981206
1.07333
0.982486
1.07397
0.979772
1.07289
0.981475
1.07422
0.981752
1.07337
0.981781
1.07356
0.982293
1.07269
0.982132
1.0732
0.979161
1.07205
0.980461
1.06987
0.97839
1.06984
0.978838
1.0709
0.979106
1.07343
0.978067
1.07092
0.977878
1.06902
0.976627
1.06924
0.978366
1.07219
0.984061
1.07535
0.985046
1.07556
0.980621
1.07361
0.982323
1.06825
0.978212
1.07234
0.98395
1.07351
0.983325
1.07385
0.984673
1.07337
0.981466
1.07164
0.976194
1.06931
0.977536
1.07164
0.979942
1.06734
0.977889
1.06768
0.976117
1.07035
0.9762
1.06849
0.977219
1.06796
0.978899
1.07011
0.97615
1.06804
0.978442
1.06775
0.975836
1.06923
0.976555
1.06892
0.975764
1.06544
0.973329
1.0652
0.973884
1.06661
0.977696
1.06744
0.978009
1.06417
0.970515
1.06403
0.971549
1.06507
0.974451
1.06704
0.975787
1.06685
0.978941
1.07091
0.978603
1.06838
0.977311
1.07112
0.980109
1.07179
0.977856
1.07043
0.978288
1.06867
0.976892
1.06913
0.979894
1.07305
0.979984
1.07362
0.982557
1.07312
0.982184
1.0741
0.981489
1.07215
0.982242
1.07497
0.978807
1.07366
0.982669
1.07549
0.981917
1.07235
0.981055
1.07266
0.980498
1.07039
0.979925
1.07189
0.981929
1.07405
0.978373
1.06997
0.979806
1.07212
0.979122
1.0749
0.980726
1.07252
0.981826
1.07353
0.984533
1.07608
0.982334
1.07334
0.978374
1.07084
0.977559
1.0696
0.978882
1.0703
0.976797
1.06908
0.975369
1.06733
0.976648
1.06991
0.979423
1.07429
0.981244
1.07345
0.980586
1.07563
0.984249
1.07296
0.981581
1.07271
0.978169
1.07127
0.978025
1.06844
0.975734
1.06571
0.974175
1.06747
0.978475
1.07183
0.980295
1.07202
0.98078
1.07627
0.982013
1.074
0.979568
1.07082
0.978747
1.0688
0.978775
1.07031
0.979453
1.0714
0.98098
1.07143
0.980286
1.0724
0.982743
1.07038
0.979863
1.07145
0.9791
1.07155
0.977428
1.06917
0.976267
1.06985
0.980067
1.07031
0.979443
1.07063
0.978217
1.07126
0.979898
1.0704
0.978756
1.07427
0.980963
1.07179
0.978453
1.06897
0.979564
1.07219
0.979899
1.07065
0.977033
1.06943
0.979554
1.07092
0.977378
1.06894
0.97888
1.07105
0.975884
1.06746
0.976859
1.06794
0.977991
1.06942
0.97748
1.06906
0.977184
1.07025
0.977178
1.07035
0.978427
1.06692
0.9762
1.0666
0.974729
1.06477
0.971946
1.06398
0.973096
1.06629
0.97424
1.06718
0.974897
1.06531
0.97378
1.06466
0.971692
1.06494
0.973978
1.06514
0.973765
1.06699
0.975319
1.06561
0.973047
1.06768
0.976641
1.06941
0.976785
1.06668
0.977178
1.07089
0.978868
1.06951
0.974496
1.0651
0.969651
1.06256
0.971265
1.06471
0.972983
1.06707
0.975765
1.06986
0.978078
1.0675
0.973
1.06555
0.975266
1.06732
0.979376
1.07098
0.980738
1.07273
0.983186
1.074
0.982373
1.07023
0.979473
1.06875
0.977579
1.07144
0.980699
1.07273
0.982545
1.07266
0.98263
1.07462
0.98191
1.0713
0.97957
1.07291
0.980551
1.07147
0.978477
1.0664
0.972614
1.06528
0.975916
1.06867
0.977966
1.06646
0.976672
1.06918
0.975982
1.06721
0.972356
1.0645
0.973292
1.0663
0.972763
1.0678
0.976955
1.07165
0.976906
1.06943
0.977541
1.07085
0.976458
1.06913
0.976392
1.07038
0.976769
1.06621
0.975823
1.06859
0.975986
1.06383
0.973907
1.06311
0.970118
1.06116
0.970014
1.06265
0.969476
1.06206
0.972162
1.06566
0.977455
1.06954
0.976897
1.0681
0.975366
1.06612
0.974196
1.06594
0.972606
1.06564
0.972483
1.06552
0.973639
1.06844
0.977542
1.06953
0.975379
1.06627
0.972219
1.06564
0.975445
1.06611
0.975982
1.06831
0.97185
1.05998
0.969681
1.06205
0.970498
1.06549
0.971292
1.06163
0.968677
1.06001
0.971121
1.06497
0.972397
1.06313
0.974192
1.0666
0.977439
1.06562
0.974572
1.06718
0.972279
1.06495
0.973686
1.06642
0.976216
1.0653
0.972844
1.06635
0.976773
1.06579
0.972202
1.06607
0.974519
1.0659
0.974368
1.06657
0.975454
1.06657
0.975241
1.06677
0.977506
1.07042
0.980612
1.07061
0.977299
1.0677
0.976195
1.06921
0.974543
1.06553
0.974847
1.06659
0.97659
1.06745
0.973771
1.06624
0.975124
1.06654
0.973809
1.0648
0.975561
1.06674
0.97366
1.06683
0.975773
1.06879
0.977037
1.06956
0.97772
1.06956
0.977588
1.07076
0.977562
1.06726
0.977031
1.07029
0.974778
1.06652
0.976152
1.07042
0.97958
1.07298
0.980953
1.07462
0.983242
1.07481
0.980791
1.07094
0.978683
1.0708
0.976828
1.0689
0.977105
1.06734
0.976155
1.06669
0.977949
1.0704
0.979671
1.07326
0.984191
1.07742
0.984227
1.07727
0.986612
1.0768
0.984388
1.07707
0.986284
1.07687
0.981112
1.07299
0.982099
1.07185
0.98153
1.07506
0.984278
1.07575
0.981036
1.07428
0.982869
1.07383
0.979914
1.07214
0.977924
1.07044
0.977471
1.06773
0.976452
1.06586
0.975576
1.06801
0.975805
1.06803
0.978511
1.06968
0.979349
1.07304
0.979565
1.06978
0.975096
1.06954
0.97671
1.06542
0.973545
1.06515
0.974006
1.06436
0.974434
1.06868
0.978816
1.0697
0.980022
1.07157
0.978162
1.0708
0.980401
1.07159
0.979862
1.07127
0.982001
1.07536
0.980331
1.0742
0.983398
1.07115
0.976199
1.06813
0.976582
1.0692
0.97932
1.07004
0.979026
1.07175
0.98051
1.06953
0.976507
1.06813
0.975556
1.07036
0.976379
1.07133
0.978793
1.07373
0.980378
1.07191
0.981173
1.07082
0.978114
1.06859
0.975122
1.06758
0.975609
1.07053
0.977084
1.06962
0.976969
1.06885
0.976109
1.06826
0.97651
1.06832
0.975439
1.06674
0.9748
1.06697
0.974549
1.0686
0.977557
1.06951
0.979591
1.07213
0.980795
1.0731
0.984524
1.07624
0.982829
1.07445
0.983444
1.07609
0.98231
1.07516
0.983305
1.07203
0.977351
1.06766
0.974954
1.06724
0.975684
1.06776
0.975142
1.06571
0.976649
1.06681
0.977112
1.06884
0.979538
1.07044
0.979816
1.07248
0.98296
1.07374
0.979041
1.0697
0.976456
1.06888
0.978506
1.07076
0.980251
1.07289
0.980512
1.07157
0.981171
1.07206
0.979443
1.07228
0.977032
1.0686
0.97648
1.06739
0.975982
1.06647
0.974302
1.06702
0.977752
1.07181
0.980201
1.07393
0.979077
1.07041
0.976735
1.06949
0.977886
1.07157
0.980027
1.06775
0.975439
1.06816
0.97624
1.06908
0.977487
1.06862
0.979049
1.07104
0.977121
1.06976
0.980338
1.0693
0.97815
1.07211
0.981037
1.07132
0.979603
1.06862
0.974791
1.06779
0.977207
1.06672
0.974324
1.0658
0.97458
1.06615
0.9745
1.06583
0.97158
1.06445
0.970687
1.06327
0.970671
1.06563
0.977176
1.06897
0.980455
1.07036
0.97943
1.07305
0.979451
1.06967
0.979413
1.07204
0.977174
1.06741
0.978277
1.06878
0.976849
1.06685
0.97693
1.06867
0.976299
1.06883
0.977009
1.06935
0.979232
1.06969
0.975607
1.06754
0.977014
1.06984
0.976686
1.06787
0.974137
1.0665
0.97601
1.06735
0.976634
1.07136
0.979974
1.07333
0.981407
1.07119
0.980969
1.06832
0.978862
1.06818
0.972371
1.06397
0.971928
1.06256
0.97275
1.06608
0.974803
1.06903
0.977954
1.06936
0.977196
1.06822
0.977181
1.07004
0.97845
1.07061
0.975572
1.0664
0.975983
1.06949
0.980451
1.07238
0.983351
1.07505
0.983177
1.0746
0.984457
1.0782
0.98385
1.076
0.984342
1.07477
0.981838
1.07407
0.983025
1.07439
0.981994
1.07338
0.98133
1.07381
0.984779
1.07757
0.983979
1.07473
0.980496
1.07215
0.9784
1.07045
0.980084
1.07026
0.980618
1.07293
0.982838
1.07482
0.980384
1.07052
0.97784
1.06911
0.975896
1.06938
0.976871
1.06893
0.97536
1.06662
0.975015
1.06972
0.976748
1.06695
0.974236
1.06463
0.971298
1.06165
0.972218
1.06492
0.97157
1.06401
0.973876
1.06535
0.974442
1.06804
0.978474
1.07148
0.97864
1.07122
0.978628
1.06974
0.975676
1.06701
0.976465
1.07013
0.980951
1.07237
0.978437
1.0697
0.980511
1.07147
0.979864
1.07118
0.977624
1.07092
0.979136
1.07014
0.979128
1.06965
0.978082
1.07093
0.978539
1.07313
0.981591
1.07168
0.978428
1.07142
0.982585
1.07617
0.984582
1.07489
0.984989
1.07751
0.985609
1.07638
0.981115
1.0724
0.981644
1.07321
0.982611
1.07532
0.981001
1.07398
0.983232
1.07375
0.98211
1.07368
0.982532
1.07482
0.980772
1.07368
0.981977
1.07455
0.980378
1.07138
0.978604
1.07005
0.978401
1.06991
0.977814
1.07004
0.978588
1.07107
0.979005
1.07006
0.976903
1.06731
0.975157
1.06631
0.972672
1.06567
0.975339
1.06734
0.97539
1.06874
0.977884
1.06925
0.976328
1.06678
0.974615
1.06795
0.973354
1.06722
0.978417
1.07119
0.979335
1.07218
0.976644
1.06956
0.979259
1.07128
0.981132
1.07124
0.980071
1.07329
0.981649
1.06901
0.976185
1.06803
0.977434
1.07154
0.977318
1.066
0.975152
1.06861
0.974851
1.06738
0.977159
1.06815
0.977072
1.06987
0.977459
1.06713
0.976338
1.06926
0.97657
1.0699
0.981283
1.07099
0.978532
1.06842
0.977606
1.06973
0.978977
1.07063
0.980276
1.07099
0.978873
1.07017
0.974402
1.06436
0.973608
1.0661
0.975858
1.06676
0.977755
1.06793
0.977941
1.06982
0.978477
1.07205
0.98019
1.07145
0.977162
1.06798
0.977102
1.06726
0.97527
1.06867
0.976081
1.06912
0.976123
1.06755
0.975291
1.0673
0.976229
1.06893
0.976495
1.06751
0.977099
1.07057
0.979885
1.07118
0.980558
1.07035
0.977376
1.06958
0.978995
1.07101
0.980156
1.07171
0.976522
1.0704
0.978344
1.07195
0.981707
1.07277
0.98031
1.07162
0.979645
1.07019
0.977182
1.07075
0.976509
1.06844
0.97696
1.07107
0.980619
1.07351
0.977339
1.07017
0.980087
1.07258
0.981738
1.07151
0.978218
1.07079
0.979309
1.07004
0.979729
1.07358
0.982626
1.07539
0.983866
1.07586
0.982001
1.07328
0.981538
1.07286
0.983619
1.07588
0.984042
1.07396
0.982685
1.07308
0.978569
1.06992
0.976764
1.06757
0.97572
1.06807
0.974503
1.06908
0.978759
1.07144
0.979359
1.07049
0.980964
1.07421
0.981889
1.07419
0.980181
1.07312
0.982337
1.0742
0.978902
1.07279
0.980761
1.07317
0.978198
1.06835
0.974166
1.06479
0.975911
1.06934
0.977764
1.06934
0.977104
1.07102
0.977965
1.06859
0.974693
1.07004
0.97686
1.06787
0.975104
1.06709
0.973501
1.06756
0.976533
1.06852
0.976744
1.06991
0.980867
1.07292
0.980702
1.07284
0.980963
1.07093
0.980691
1.07072
0.978364
1.0699
0.976929
1.06737
0.976317
1.07
0.976719
1.06814
0.97618
1.06895
0.978283
1.0725
0.98175
1.0701
0.979665
1.07052
0.978541
1.0701
0.979596
1.07207
0.98028
1.07244
0.983746
1.07507
0.985043
1.07719
0.984703
1.07481
0.982192
1.07328
0.98039
1.0725
0.979847
1.07305
0.979911
1.07111
0.981831
1.07533
0.980481
1.07282
0.98258
1.07365
0.981004
1.0725
0.981162
1.07469
0.982681
1.07305
0.978721
1.06996
0.978756
1.07168
0.980354
1.06789
0.976216
1.06954
0.975605
1.0659
0.975206
1.06997
0.978047
1.07123
0.980399
1.07261
0.979717
1.07085
0.979563
1.06943
0.980857
1.0721
0.979858
1.07124
0.981702
1.07286
0.983027
1.07408
0.983145
1.07485
0.982542
1.07524
0.980816
1.07157
0.975728
1.06646
0.975913
1.06817
0.97488
1.06756
0.974526
1.06859
0.976964
1.0686
0.97847
1.07104
0.976458
1.06815
0.976093
1.06961
0.978407
1.07161
0.979807
1.07165
0.977454
1.07066
0.974878
1.06613
0.977354
1.06616
0.972729
1.06318
0.972695
1.06781
0.974155
1.06532
0.971534
1.06562
0.974056
1.0675
0.974808
1.06681
0.978059
1.06855
0.980607
1.07257
0.979665
1.07177
0.980043
1.07133
0.978975
1.06907
0.980315
1.0724
0.980836
1.07164
0.979705
1.07029
0.978098
1.06971
0.977055
1.06877
0.977674
1.06961
0.979342
1.07104
0.979561
1.07116
0.979164
1.07394
0.981255
1.07392
0.980887
1.073
0.980712
1.07053
0.978306
1.06814
0.976696
1.07121
0.979555
1.0697
0.976836
1.06892
0.975403
1.06798
0.975195
1.0676
0.974764
1.06925
0.97888
1.06929
0.978343
1.06996
0.975829
1.06979
0.975141
1.06841
0.978314
1.06896
0.977786
1.07156
0.979819
1.07377
0.980721
1.07234
0.980176
1.07241
0.980482
1.07118
0.976853
1.06489
0.974854
1.06703
0.975561
1.06849
0.980159
1.07051
0.974573
1.06733
0.974982
1.06726
0.976578
1.06966
0.977224
1.06875
0.976123
1.07004
0.978045
1.07051
