0
0.0844917
0.142572
0.198514
0.251681
0.302141
0.353462
0.397875
0.44659
0.492167
0.538635
0.585653
0.628218
0.671985
0.713073
0.760796
0.804937
0.85001
0.896199
0.93393
0.97217
1.01129
1.05515
1.09739
1.13993
1.17928
1.22395
1.26249
1.30897
1.33938
1.38531
1.43134
1.47275
1.51804
1.561
1.60754
1.64823
1.68911
1.73119
1.76772
1.81315
1.85055
1.90224
1.94094
1.9807
2.01876
2.05519
2.09014
2.13189
2.16841
2.20806
2.24553
2.26895
2.31005
2.34894
2.39166
2.41233
2.44501
2.48722
2.53097
2.58014
2.61263
2.65066
2.68402
2.72044
2.75247
2.78663
2.83135
2.86825
2.91074
2.94795
3.00366
3.03293
3.07434
3.11244
3.14796
3.18682
3.22576
3.26253
3.29136
3.33205
3.37151
3.41682
3.46411
3.50699
3.53637
3.57063
3.60035
3.63914
3.6722
3.71671
3.75676
3.77572
3.81955
3.86618
3.90593
3.94253
3.98799
4.03189
4.05678
4.09614
4.12688
4.14647
4.19246
4.23311
4.27811
4.29999
4.33709
4.36509
4.39464
4.41113
4.44824
4.47155
4.51245
4.54295
4.58827
4.61275
4.64541
4.6807
4.70581
4.72976
4.75533
4.7878
4.82369
4.84741
4.88509
4.89849
4.92256
4.9502
4.96905
5.00404
5.04832
5.06023
5.07324
5.09704
5.09991
5.12421
5.15118
5.16966
5.20083
5.2318
5.23737
5.26274
5.29983
5.3492
5.37097
5.40438
5.42869
5.45071
5.48064
5.51963
5.54073
5.57271
5.60212
5.63295
5.6624
5.68354
5.7223
5.74527
5.77816
5.78897
5.80301
5.8348
5.85257
5.87154
5.89677
5.93402
5.95549
5.97557
5.98997
6.00887
6.03355
6.0546
6.10063
6.10563
6.13194
6.16755
6.20298
6.226
6.24454
6.25434
6.28096
6.28905
6.30649
6.34379
6.36151
6.38455
6.39322
6.41049
6.43026
6.45642
6.46806
6.49823
6.51673
6.5448
6.56387
6.6034
6.64034
6.6495
6.68369
6.69676
6.70089
6.72925
6.75677
6.77839
6.81024
6.82452
6.84981
6.87612
6.89316
6.91763
6.91125
6.94567
6.95388
6.97779
7.01278
7.03692
7.02593
7.05307
7.078
7.10228
7.12114
7.11918
7.15828
7.17956
7.191
7.17578
7.20152
7.23966
7.26766
7.27312
7.29357
7.31693
7.34194
7.35824
7.37111
7.38412
7.41734
7.41102
7.42834
7.46261
7.47776
7.48805
7.49733
7.51982
7.54577
7.57919
7.58804
7.60683
7.62399
7.64811
7.63928
7.63931
7.66249
7.67498
7.68435
7.70675
7.71181
7.72774
7.74854
7.74902
7.78163
7.80322
7.80231
7.82216
7.8465
7.824
7.82827
7.86486
7.88442
7.89288
7.93103
7.95248
7.95286
7.97235
7.99292
8.02339
8.03598
8.05764
8.03413
8.02505
8.04108
8.05117
8.07036
8.07938
8.09562
8.11382
8.14321
8.16749
8.20415
8.19815
8.23524
8.2362
8.25783
8.28057
8.29046
8.27553
8.27252
8.29581
8.29997
8.31522
8.34174
8.34203
8.35932
8.37349
8.38617
8.40528
8.41958
8.43395
8.4391
8.43209
8.44086
8.44935
8.4616
8.46224
8.45758
8.43106
8.4528
8.44819
8.44415
8.46685
8.46512
8.49036
8.50584
8.52593
8.54484
8.5785
8.59587
8.6099
8.62803
8.63518
8.65297
8.6677
8.66215
8.66033
8.6893
8.69415
8.69652
8.72242
8.7451
8.7548
8.7705
8.79175
8.8118
8.82253
8.84489
8.84952
8.83198
8.86033
8.8565
8.85448
8.88148
8.88756
8.89625
8.90558
8.92317
8.9175
8.92331
8.94587
8.98295
9.01175
9.02172
9.019
9.04315
9.03288
9.04024
9.06292
9.08399
9.12192
9.1074
9.12607
9.14788
9.17712
9.20033
9.21724
9.25541
9.26224
9.26673
9.28733
9.29265
9.29654
9.29363
9.31128
9.31212
9.33906
9.33789
9.35047
9.35092
9.35145
9.33895
9.36274
9.37897
9.37299
9.37124
9.3814
9.37789
9.34766
9.35475
9.3458
9.33694
9.33964
9.34752
9.34155
9.36197
9.3641
9.35562
9.3595
9.35585
9.35938
9.37726
9.38991
9.41963
9.41481
9.40714
9.42559
9.42461
9.43932
9.4522
9.46374
9.49101
9.48783
9.49146
9.50779
9.52784
9.53626
9.53681
9.53491
9.53278
9.53019
9.54514
9.56363
9.57342
9.57596
9.60641
9.59472
9.58307
9.6174
9.59354
9.59381
9.59154
9.56586
9.58391
9.58733
9.6199
9.62866
9.62629
9.63653
9.63423
9.64444
9.64816
9.63932
9.64438
9.66874
9.68087
9.67509
9.6979
9.68643
9.65587
9.6896
9.71223
9.72543
9.73004
9.7334
9.74437
9.75743
9.77417
9.77677
9.79591
9.78576
9.79716
9.77903
9.77088
9.76643
9.76955
9.76981
9.7469
9.76805
9.76332
9.77757
9.75718
9.76505
9.75359
9.76444
9.78697
9.7804
9.79938
9.79809
9.82005
9.791
9.79206
9.82006
9.80315
9.8281
9.8505
9.86572
9.88801
9.89226
9.90589
9.92071
9.94638
9.95532
9.94387
9.93637
9.92706
9.94265
9.92345
9.95187
9.91834
9.92629
9.93643
9.98188
9.98455
10.0094
10.0274
10.0221
9.98306
9.98831
9.98461
10.0076
9.99045
10.0052
10.0065
10.0221
10.0364
10.0386
10.0562
10.0562
10.0593
10.0635
10.0665
10.0753
10.087
10.1169
10.1186
10.1208
10.1169
10.1216
10.1293
10.1489
10.1814
10.1818
10.1866
10.1597
10.1559
10.1308
10.1381
10.1173
10.1222
10.1435
10.1251
10.1474
10.1497
10.1419
10.1342
10.1349
10.1288
10.1021
10.1095
10.0907
10.088
10.1054
10.0695
10.0843
10.0799
10.0617
10.0519
10.0745
10.0898
10.1229
10.1118
10.1029
10.1159
10.1163
10.1476
10.1674
10.1691
10.1933
10.2234
10.2305
10.2394
10.244
10.2538
10.2365
10.1946
10.2078
10.2277
10.2476
10.2629
10.2784
10.2767
10.3117
10.2938
10.3054
10.3191
10.3352
10.3275
10.333
10.3488
10.3795
10.4047
10.4326
10.4496
10.4657
10.4803
10.4987
10.4915
10.5066
10.4992
10.5306
10.5294
10.5359
10.5492
10.5687
10.5494
10.5302
10.5377
10.5577
10.5499
10.5433
10.5257
10.5028
10.503
10.5222
10.54
10.5361
10.545
10.5504
10.5523
10.5554
10.5288
10.5324
10.5509
10.5447
10.5702
10.56
10.5632
10.5532
10.5394
10.533
10.5415
10.5319
10.523
10.5126
10.5107
10.4742
10.4962
10.474
10.4898
10.5007
10.5237
10.5529
10.5746
10.5868
10.5964
10.6331
10.6478
10.636
10.6358
10.6109
10.622
10.6347
10.6213
10.6169
10.645
10.6775
10.7036
10.6843
10.6795
10.7187
10.6949
10.7223
10.701
10.7226
10.7567
10.7513
10.7712
10.7767
10.7853
10.7693
10.7762
10.7821
10.7735
10.7842
10.7954
10.8219
10.817
10.7848
10.7898
10.79
10.7573
10.7405
10.7391
10.7675
10.8004
10.8358
10.8453
10.8637
10.8673
10.8658
10.8496
10.8562
10.8551
10.8626
10.8527
10.8764
10.9101
10.8979
10.9142
10.8926
10.8901
10.874
10.8802
10.8742
10.8827
10.8928
10.9068
10.9062
10.9119
10.9052
10.8954
10.9297
10.9569
10.9491
10.9546
10.9707
10.9679
10.9919
11.0141
10.992
10.9967
10.9846
11.0018
11.0233
11.0121
10.9971
11.0028
11.0136
11.0342
11.045
11.0469
11.0017
10.9919
10.9921
10.9899
11.0194
11.001
10.9872
10.9876
10.9924
11.0064
11.0371
11.0578
11.0651
11.0495
11.0329
11.0424
11.0625
11.0477
11.0261
11.0307
11.0485
11.0404
11.0442
11.0297
11.0039
11.0092
11.0301
11.0294
11.0289
11.0429
11.0261
11.0334
11.0409
11.0663
11.0736
11.0762
11.0596
11.0713
11.0493
11.0413
11.0384
11.0416
11.0485
11.0695
11.0621
11.0853
11.0719
11.0465
11.0201
11.0343
11.0658
11.0791
11.0424
11.0403
11.0585
11.0711
11.0482
11.0301
11.0447
11.047
11.0253
11.0214
11.0126
11.0111
11.0111
10.9616
10.9374
10.9133
10.925
10.9293
10.9095
10.9118
10.9268
10.973
11.0145
11.0205
11.0352
11.0316
11.0351
11.0554
11.063
11.0564
11.0822
11.0939
11.1004
11.1139
11.1399
11.1645
11.1226
11.1205
11.1241
11.1349
11.1674
11.1534
11.1643
11.1509
11.1778
11.1715
11.1815
11.1888
11.1927
11.1908
11.1107
11.0909
11.0945
11.1163
11.1199
11.1099
11.1038
11.1088
11.1223
11.1244
11.1506
11.1879
11.2099
11.213
11.2304
11.2283
11.238
11.2496
11.2323
11.2279
11.1963
11.1717
11.1836
11.2152
11.1847
11.159
11.1442
11.1652
11.1487
11.1484
11.1598
11.1765
11.1815
11.1867
11.1992
11.2285
11.2571
11.2443
11.2154
11.2015
11.2102
11.2253
11.1777
11.1706
11.19
11.2098
11.2416
11.2488
11.265
11.2776
11.2885
11.2415
11.2138
11.2482
11.2698
11.3012
11.3074
11.2456
11.2776
11.3087
11.3268
11.3367
11.3292
11.3114
11.309
11.2775
11.3035
11.3097
11.2903
11.2797
11.2799
11.2932
11.3075
11.3342
11.3045
11.3282
11.3193
11.2946
11.3093
11.3469
11.3676
11.3744
11.3809
11.3953
11.4025
11.4095
11.425
11.447
11.441
11.4338
11.4306
11.4388
11.4552
11.4546
11.4672
11.4557
11.4657
11.4984
11.4911
11.4366
11.4608
11.4728
11.4347
11.4224
11.3734
11.3907
11.3876
11.3571
11.3596
11.3481
11.3275
11.3333
11.3563
11.3519
11.3301
11.3166
11.318
11.3191
11.2966
11.3071
11.2893
11.3025
11.3306
11.3662
11.3739
11.355
11.3577
11.3545
11.3744
11.3726
11.3535
11.3211
11.3169
11.319
11.2599
11.2397
11.2397
11.2473
11.2413
11.2791
11.3024
11.3152
11.2499
11.2763
11.2985
11.2838
11.2942
11.3113
11.3114
11.2947
11.3032
11.3257
11.2997
11.3003
11.2875
11.3133
11.287
11.2636
11.2767
11.2817
11.295
11.2991
11.2815
11.284
11.2877
11.2687
11.2895
11.3217
11.3158
11.3573
11.3884
11.4194
11.3826
11.3912
11.399
11.3996
11.3841
11.3939
11.4098
11.4258
11.4464
11.4789
11.4912
11.4826
11.477
11.5011
11.5067
11.541
11.5598
11.5713
11.575
11.5816
11.6195
11.625
11.6123
11.5887
11.5753
11.5602
11.5227
11.5359
11.5564
11.5753
11.6051
11.601
11.5974
11.5907
11.584
11.5753
11.5574
11.5473
11.5392
11.5177
11.497
11.4925
11.5225
11.5196
11.5045
11.4786
11.5025
11.529
11.526
11.563
11.5588
11.5789
11.5892
11.5714
11.5341
11.5298
11.5602
11.5883
11.5395
11.5415
11.5567
11.567
11.5685
11.5546
11.5457
11.528
11.5373
11.5071
11.502
11.4909
11.5131
11.5375
11.544
11.5698
11.5436
11.5326
11.549
11.4992
11.491
11.4969
11.4969
11.5293
11.5412
11.4954
11.504
11.5128
11.5138
11.5004
11.4977
11.5019
11.5085
11.4487
11.4144
11.4161
11.3959
11.4218
11.4237
11.4111
11.4163
11.4401
11.4625
11.4817
11.4975
11.4698
11.4646
11.4941
11.5133
11.5363
11.4993
11.49
11.5094
11.4988
11.4805
11.4755
11.4754
11.4776
11.4799
11.4488
11.4482
11.4375
11.4452
11.4467
11.428
11.4218
11.4359
11.464
11.4894
11.518
11.5296
11.526
11.5447
11.5437
11.5706
11.5754
11.5775
11.5785
11.6009
11.5756
11.5808
11.5444
11.5581
11.5266
11.5444
11.5476
11.5512
11.5691
11.5848
11.5636
11.5867
11.5604
11.5857
11.5499
11.5854
11.5571
11.5156
11.5089
11.4995
11.5133
11.5543
11.5671
11.5816
11.5907
11.6077
11.6392
11.6076
11.6134
11.6141
11.5596
11.5646
11.5755
11.5606
11.5804
11.5688
11.5057
11.529
11.5016
11.5096
11.5352
11.5553
11.5786
11.5662
11.5989
11.5843
11.5974
11.6269
11.6117
11.5963
11.5761
11.5677
11.5874
11.6151
11.6063
11.6305
11.5787
11.6018
11.6059
11.5757
11.5985
11.5785
11.5612
11.5446
11.5504
11.5185
11.5332
11.546
11.5125
11.5309
11.5553
11.5588
11.5539
11.5545
11.5424
11.5244
11.5081
11.5104
11.5146
11.5487
11.5747
11.5924
11.5625
11.6012
11.5833
11.5422
11.5873
11.5561
11.5557
11.5697
11.593
11.5729
11.5658
11.5592
11.5388
11.5558
11.5725
11.5678
11.5744
11.5914
11.5739
11.5749
11.5466
11.5252
11.5187
11.5303
11.5091
11.4932
11.449
11.4435
11.4369
11.4296
11.3947
11.4039
11.4034
11.4131
11.4139
11.4373
11.412
11.4086
11.3852
11.3659
11.3466
11.3653
11.3551
11.3621
11.3568
11.3235
11.3306
11.3506
11.3352
11.3439
11.3334
11.3487
11.325
11.3357
11.3614
11.3288
11.3643
11.3803
11.3965
11.4238
11.413
11.4249
11.4365
11.429
11.4255
11.4213
11.4236
11.4411
11.4396
11.4296
11.4597
11.4622
11.4606
11.4287
11.4577
11.4224
11.4467
11.4432
11.4678
11.4994
11.4815
11.4609
11.471
11.4893
11.5026
11.4821
11.4942
11.4985
11.5146
11.5152
11.4778
11.4961
11.5097
11.5277
11.5168
11.5358
11.5256
11.5201
11.5387
11.5762
11.5675
11.541
11.5321
11.5612
11.5548
11.5476
11.5949
11.6137
11.6315
11.6056
11.6185
11.6472
11.5996
11.6128
11.6368
11.6298
11.6397
11.6532
11.6502
11.6553
11.6522
11.6745
11.6737
11.6878
11.6954
11.6805
11.6823
11.689
11.6545
11.6481
11.6466
11.6531
11.677
11.6412
11.6601
11.6844
11.6761
11.6767
11.6983
11.7076
11.7358
11.7501
11.7727
11.7972
11.7915
11.774
11.7608
11.784
11.7966
11.8257
11.8156
11.7912
11.795
11.8064
11.7899
11.8056
11.8091
11.8194
11.8113
11.82
11.8202
11.8205
11.8351
11.7829
11.8016
11.7997
11.8165
11.824
11.8204
11.8262
11.8307
11.838
11.854
11.8421
11.8454
11.8518
11.8779
11.8806
11.8447
11.8735
11.8822
11.8888
11.8793
11.8985
11.9073
11.9316
11.9132
11.9163
11.8804
11.8913
11.898
11.8774
11.8841
11.8761
11.8759
11.9054
11.9277
11.8929
11.8844
11.8544
11.8663
11.8735
11.8777
11.9081
11.8921
11.917
11.9325
11.9228
11.9524
11.9162
11.9233
11.8913
11.8848
11.921
11.883
11.8942
11.8908
11.898
11.8922
11.9117
11.9356
11.9491
11.909
11.9302
11.9561
11.9479
11.9035
11.9058
11.9172
11.9274
11.9543
11.9525
11.9562
11.9697
11.9973
11.9904
11.9296
11.9174
11.8719
11.8929
11.904
11.8938
11.8779
11.8538
11.867
11.8384
11.8416
11.8332
11.8572
11.8425
11.8442
11.8605
11.8851
11.8743
11.8833
11.8427
11.8849
11.8977
11.8954
11.9136
11.894
11.9105
11.9086
11.911
11.9319
11.9386
11.9639
11.9392
11.9433
11.9587
11.9668
11.9843
11.9851
12.0105
12.0111
12.0053
12.0106
11.9756
11.9772
12.0053
11.9849
11.9666
11.9351
11.9329
11.888
11.89
11.8928
11.8911
11.8772
11.8926
11.8841
11.8807
11.8928
11.9157
11.9419
11.9562
11.9553
11.9527
11.928
11.9174
11.8937
11.8862
11.8716
11.8681
11.8666
11.8565
11.8563
11.8651
11.8722
11.898
11.9108
11.906
11.9
11.8955
11.9092
11.9172
11.9401
11.9707
11.9803
11.9824
11.9767
11.9945
12.0216
12.0169
12.013
11.9839
11.979
12.0018
12.0003
12.0073
12.0062
11.9902
11.9648
11.9467
11.9812
11.9939
11.9994
12.0082
11.9786
11.9551
11.9475
11.92
11.9637
11.9506
11.9124
11.863
11.8596
11.8438
11.8575
11.8795
11.8814
11.8928
11.861
11.8883
11.9004
11.9091
11.9218
11.9064
11.8941
11.9131
11.8924
11.8591
11.8447
11.845
11.8689
11.8572
11.8711
11.8651
11.8466
11.8828
11.8551
11.8314
11.8165
11.8058
11.8123
11.8222
11.8324
11.8367
11.8224
11.7811
11.8103
11.833
11.8441
11.8433
11.8379
11.8469
11.8345
11.8473
11.8424
11.8299
11.8078
11.7885
11.7737
11.7875
11.8022
11.7752
11.7868
11.7678
11.7832
11.7448
11.7722
11.7928
11.7843
11.7737
11.7757
11.7699
11.7555
11.7245
11.6981
11.704
11.703
11.7199
11.6995
11.6745
11.6839
11.684
11.6981
11.7278
11.7295
11.7541
11.7227
11.7168
11.7148
11.6848
11.6977
11.702
11.6813
11.6894
11.6553
11.6425
11.6609
11.6809
11.6287
11.6335
11.6407
11.6185
11.6193
11.6313
11.6228
11.6317
11.6418
11.6184
11.6341
11.5896
11.5924
11.5835
11.5366
11.558
11.5822
11.5904
11.5794
11.6099
11.6053
11.6094
11.5879
11.5725
11.5657
11.5714
11.5523
11.5465
11.5188
11.5591
11.6066
11.582
11.5931
11.5702
11.5756
11.5696
11.571
11.5562
11.551
11.5759
11.5756
11.6068
11.603
11.5864
11.596
11.5938
11.6097
11.5993
11.5796
11.5759
11.5706
11.5555
11.5448
11.5331
11.5197
11.5086
11.5014
11.5051
11.5057
11.4854
11.4545
11.4175
11.4241
11.41
11.4149
11.4168
11.4298
11.4521
11.4512
11.431
11.4125
11.4081
11.4297
11.394
11.3878
11.388
11.3632
11.3778
11.38
11.4096
11.4181
11.4405
11.4101
11.4044
11.3986
11.4215
11.4312
11.3957
11.385
11.3916
11.379
11.3828
11.39
11.399
11.4256
11.4006
11.3994
11.3784
11.3882
11.4143
11.4419
11.46
11.4951
11.5147
11.5061
11.4873
11.4645
11.4409
11.4558
11.4432
11.4741
11.4408
11.4523
11.455
11.4934
11.4885
11.4871
11.4839
11.4769
11.4633
11.455
11.4363
11.4191
11.4135
11.3992
11.3776
11.3801
11.3879
11.4032
11.3877
11.3779
11.3801
11.3913
11.3728
11.3796
11.3932
11.3925
11.3905
11.374
11.3756
11.3455
11.3044
11.2384
11.2347
11.2499
11.2364
11.2067
11.2027
11.2238
11.2362
11.2372
11.2248
11.2449
11.2223
11.2329
11.2448
11.2317
11.2506
11.197
11.1996
11.1655
11.1638
11.1754
11.1657
11.1657
11.156
11.1677
11.1726
11.1753
11.1605
11.1632
11.1457
11.1467
11.166
11.1596
11.1989
11.2134
11.206
11.1345
11.1478
11.1739
11.1909
11.1983
11.219
11.1773
11.1725
11.1357
11.1199
11.1133
11.1058
11.1234
11.1635
11.1804
11.2022
11.2104
11.2158
11.1536
11.1251
11.1133
11.0924
11.0855
11.0659
11.0725
11.0794
11.1061
11.0962
11.1102
11.1104
11.12
11.1248
11.0843
11.061
11.0792
11.0979
11.0912
11.0912
11.1037
11.136
11.1315
11.1321
11.167
11.1475
11.1714
11.1428
11.149
11.1765
11.1578
11.1523
11.1437
11.1305
11.1343
11.1425
11.1738
11.195
11.2142
11.1713
11.1744
11.1503
11.18
11.1742
11.1649
11.1597
11.1823
11.1799
11.1838
11.1758
11.1657
11.1647
11.1579
11.1487
11.1559
11.1574
11.1493
11.1532
11.1304
11.1137
11.1132
11.1467
11.1451
11.1325
11.1324
11.1265
11.0793
11.0943
11.1106
11.1247
11.1035
11.1173
11.1348
11.1648
11.1763
11.1825
11.2049
11.2484
11.2524
11.2763
11.2845
11.3064
11.3174
11.3004
11.3017
11.3006
11.3128
11.3229
11.318
11.3121
11.2846
11.2216
11.2094
11.2124
11.184
11.1745
11.1709
11.1998
11.1569
11.142
11.1697
11.1873
11.1596
11.1539
11.1669
11.1536
11.1815
11.1696
11.1804
11.1659
11.1872
11.1744
11.166
11.1563
11.1653
11.1412
11.1507
11.1671
11.1643
11.1586
11.1579
11.1078
11.1151
11.1298
11.1623
11.2021
11.1829
11.1479
11.1495
11.1665
11.1799
11.1679
11.167
11.1723
11.1322
11.1494
11.1531
11.1618
11.1795
11.1935
11.2047
11.202
11.2025
11.2144
11.1703
11.2055
11.1909
11.1953
11.2072
11.2258
11.2229
11.2238
11.239
11.2065
11.2339
11.2062
11.1962
11.2022
11.2448
11.2352
11.2406
11.2679
11.2609
11.2452
11.2412
11.2504
11.2729
11.2828
11.3244
11.3558
11.365
11.3501
11.3419
11.3615
11.3624
11.3545
11.3992
11.3492
11.3519
11.3722
11.3932
11.3928
11.3642
11.3889
11.3753
11.358
11.3662
11.3487
11.3478
11.3419
11.3342
11.3339
11.3396
11.3633
11.2939
11.295
11.3101
11.2991
11.302
11.2691
11.2403
11.2663
11.2382
11.2164
11.2269
11.2631
11.2341
11.2433
11.2487
11.2561
11.2329
11.2304
11.2487
11.2456
11.2114
11.2056
11.2056
11.1873
11.1865
11.185
11.2011
11.1733
11.1845
11.2158
11.2205
11.2187
11.2105
11.2179
11.2208
11.2412
11.2401
11.2459
11.2592
11.2488
11.2448
11.219
11.2291
11.2402
11.2551
11.2651
11.2431
11.2335
11.2417
11.2444
11.2222
11.2032
11.1961
11.2098
11.2182
11.2116
11.2269
11.2285
11.2481
11.2223
11.2339
11.2401
11.2251
11.2367
11.2101
11.2363
11.2264
11.2437
11.2513
11.2727
11.2673
11.2408
11.2421
11.2709
11.2698
11.2866
11.2921
11.3011
11.2817
11.2763
11.2492
11.2489
11.2646
11.2664
11.2932
11.2925
11.3146
11.2991
11.2946
11.2811
11.2178
11.228
11.2284
11.2272
11.2401
11.2286
11.2083
11.2355
11.2554
11.2785
11.2887
11.3101
11.3221
11.3084
11.2849
11.2985
11.2746
11.2524
11.2273
11.2334
11.258
11.2537
11.2657
11.2704
11.2604
11.2571
11.2817
11.2837
11.3072
11.2702
11.2553
11.2674
11.2409
11.2675
11.2719
11.2811
11.3034
11.3112
11.3204
11.3442
11.3656
11.3654
11.363
11.3712
11.3771
11.4012
11.4051
11.4095
11.342
11.3602
11.3623
11.3743
11.3685
11.3894
11.3758
11.3614
11.3764
11.3736
11.3512
11.3635
11.3513
11.3264
11.3102
11.3432
11.3489
11.3445
11.3427
11.3805
11.3924
11.3956
11.4175
11.4127
11.4354
11.4465
11.4482
11.4659
11.4963
11.5163
11.508
11.528
11.5205
11.5278
11.5399
11.5603
11.57
11.5467
11.5254
11.5
11.5264
11.5331
11.5068
11.5109
11.5283
11.54
11.5756
11.5677
11.5993
11.611
11.5851
11.627
11.6541
11.6342
11.6621
11.6772
11.692
11.7137
11.7168
11.7271
11.7225
11.7178
11.6863
11.6846
11.7154
11.7055
11.7359
11.7483
11.7701
11.7369
11.7615
11.7855
11.7809
11.7825
11.7383
11.7385
11.7321
11.7333
11.7462
11.7475
11.7396
11.7063
11.6952
11.7049
11.687
11.6842
11.6944
11.6584
11.6473
11.6724
11.6527
11.6753
11.6504
11.6179
11.5941
11.6198
11.6244
11.6194
11.6419
11.6539
11.6198
11.6142
11.5826
11.5768
11.5663
11.5388
11.5637
11.566
11.5658
11.5366
11.5497
11.5626
11.5798
11.5795
11.5902
11.6005
11.5809
11.6051
11.6448
11.6575
11.6533
11.6192
11.6465
11.6673
11.6607
11.6573
11.6237
11.6307
11.6262
11.6341
11.6456
11.6534
11.6504
11.6316
11.607
11.622
11.6055
11.609
11.6058
11.5951
11.6128
11.6028
11.6153
11.6449
11.6212
11.624
11.629
11.5883
11.5907
11.5755
11.538
11.5559
11.536
11.5507
11.553
11.5637
11.5666
11.5633
11.5925
11.6023
11.5889
11.5931
11.5768
11.6026
11.5947
11.5967
11.5613
11.567
11.5342
11.5537
11.5141
11.5149
11.5191
11.502
11.5437
11.5654
11.5677
11.5937
11.6306
11.6305
11.6151
11.5937
11.5816
11.5441
11.5269
11.4973
11.4626
11.4671
11.4622
11.4553
11.4391
11.4545
11.4477
11.4453
11.4659
11.4569
11.4719
11.4778
11.4493
11.4178
11.4345
11.4362
11.4419
11.4468
11.4649
11.4786
11.496
11.4831
11.5034
11.5079
11.5151
11.5302
11.5132
11.533
11.5614
11.5831
11.5551
11.5495
11.5392
11.5364
11.5429
11.5518
11.5488
11.5472
11.5267
11.5565
11.5206
11.5025
11.5035
11.4963
11.5017
11.5033
11.5262
11.5064
11.5331
11.5119
11.5332
11.5489
11.5489
11.561
11.549
11.5366
11.524
11.5056
11.5124
11.4851
11.4902
11.5078
11.482
11.4802
11.496
11.4748
11.4479
11.4274
11.4322
11.4234
11.4205
11.4109
11.3946
11.3916
11.404
11.4022
11.4042
11.407
11.4
11.3979
11.3688
11.3769
11.3676
11.394
11.3997
11.4406
11.4602
11.4661
11.4925
11.5125
11.5466
11.5496
11.5545
11.5626
11.5783
11.5502
11.5345
11.4958
11.4923
11.5002
11.5368
11.5121
11.5229
11.5096
11.5139
11.5264
11.5349
11.5447
11.5674
11.5351
11.5334
11.4957
11.4854
11.4886
11.5046
11.5253
11.5085
11.5093
11.5429
11.5131
11.5113
11.5125
11.4718
11.4675
11.4464
11.4212
11.4407
11.4754
11.451
11.4662
11.4804
11.4802
11.4819
11.4579
11.4949
11.4973
11.4399
11.4425
11.4508
11.4506
11.4591
11.4585
11.4281
11.4227
11.4129
11.4343
11.4405
11.4648
11.459
11.4842
11.4904
11.5048
11.4712
11.4944
11.482
11.4794
11.3922
11.3994
11.3891
11.3896
11.3862
11.4048
11.4099
11.4225
11.4062
11.422
11.3939
11.4261
11.3884
11.4173
11.3857
11.3911
11.376
11.3992
11.374
11.356
11.3706
11.3533
11.3496
11.3421
11.3483
11.2946
11.3036
11.313
11.3068
11.3038
11.3276
11.3271
11.33
11.2902
11.2918
11.265
11.2574
11.2838
11.2809
11.2977
11.2997
11.3158
11.3118
11.3009
11.3102
11.2899
11.3075
11.3213
11.3468
11.3894
11.4043
11.437
11.4424
11.3679
11.3618
11.3887
11.386
11.4003
11.3918
11.3815
11.3757
11.3751
11.3909
11.3704
11.3552
11.3646
11.3447
11.3122
11.3396
11.3449
11.3526
11.3596
11.3558
11.3547
11.3762
11.3973
11.4063
11.4095
11.4145
11.4084
11.4225
11.4185
11.4435
11.3776
11.3829
11.3897
11.396
11.4083
11.3751
11.3583
11.3694
11.3891
11.391
11.4074
11.3306
11.3335
11.3267
11.3274
11.3314
11.3246
11.312
11.3308
11.322
11.2996
11.3172
11.3152
11.3349
11.3264
11.3363
11.3667
11.3436
11.371
11.3933
11.3821
11.3872
11.3911
11.4166
11.3967
11.3807
11.3337
11.3118
11.2956
11.2708
11.2888
11.2815
11.2938
11.3341
11.3636
11.3607
11.3351
11.331
11.3544
11.3603
11.3553
11.3335
11.328
11.3298
11.3162
11.3619
11.3861
11.3943
11.3684
11.3551
11.3967
11.4158
11.4115
11.3794
11.4065
11.4036
11.3912
11.3816
11.4
11.3954
11.3691
11.335
11.3689
11.3872
11.3985
11.4007
11.4227
11.3994
11.4076
11.4287
11.4293
11.457
11.4673
11.4837
11.4625
11.4789
11.5077
11.4846
11.4659
11.4384
11.4574
11.4607
11.4831
11.4393
11.4239
11.4276
11.4115
11.4152
11.4179
11.4023
11.4374
11.4327
11.4215
11.433
11.4176
11.4144
11.3933
11.3875
11.4137
11.4494
11.4586
11.4573
11.4765
11.4588
11.4803
11.5029
11.538
11.5186
11.4928
11.4699
11.4778
11.5083
11.5358
11.526
11.5518
11.5345
11.5613
11.5772
11.5793
11.5571
11.5827
11.5964
11.5854
11.5807
11.5544
11.5488
11.5348
11.5451
11.5321
11.5438
11.5492
11.5527
11.5392
11.5491
11.5576
11.5395
11.5729
11.5566
11.5693
11.5608
11.529
11.5259
11.5186
11.5294
11.5597
11.5323
11.5299
11.5475
11.5436
11.5199
11.5126
11.5216
11.5062
11.5121
11.4462
11.4684
11.4479
11.4594
11.4741
11.4387
11.4633
11.4738
11.5053
11.4314
11.4394
11.4288
11.4425
11.4349
11.4345
11.4284
11.4135
11.4416
11.4406
11.4551
11.4817
11.4915
11.4481
11.4595
11.4644
11.4312
11.4553
11.4382
11.4459
11.4591
11.4592
11.4737
11.4778
11.49
11.524
11.5245
11.5616
11.5686
11.5964
11.5832
11.5714
11.5521
11.5695
11.5436
11.5497
11.5723
11.5542
11.5727
11.577
11.5769
11.5679
11.5543
11.5678
11.5683
11.5667
11.5884
11.5299
11.506
11.4697
11.4571
11.4522
11.4554
11.4033
11.4333
11.4275
11.4058
11.385
11.4066
11.4006
11.4235
11.4556
11.4648
11.4672
11.4391
11.4775
11.4847
11.443
11.4466
11.4684
11.4629
11.4439
11.4332
11.4617
11.4702
11.4702
11.4844
11.481
11.5134
11.5432
11.5607
11.5717
11.5661
11.5914
11.6055
11.6011
11.5409
11.5112
11.5225
11.5052
11.5248
11.5648
11.5164
11.5313
11.5414
11.5087
11.5346
11.5104
11.5205
11.5032
11.5401
11.5371
11.5304
11.5435
11.4927
11.4686
11.4651
11.4834
11.4406
11.4685
11.4844
11.4936
11.5172
11.5467
11.5743
11.5836
11.5794
11.5999
11.5951
11.5668
11.581
11.564
11.5919
11.6253
11.643
11.6281
11.6448
11.6655
11.6756
11.6957
11.7042
11.6604
11.6569
11.6321
11.63
11.6495
11.6447
11.6017
11.6144
11.6181
11.6131
11.5932
11.5729
11.5626
11.5893
11.5521
11.5943
11.595
11.616
11.6001
11.5597
11.5823
11.592
11.6233
11.6233
11.6239
11.6118
11.6286
11.6461
11.6572
11.6485
11.6608
11.6843
11.6858
11.6867
11.7224
11.7242
11.6838
11.7209
11.7385
11.7137
11.717
11.7021
11.7177
11.6719
11.6941
11.6858
11.7116
11.7144
11.7101
11.6953
11.7131
11.6894
11.6299
11.6559
11.6479
11.6466
11.6165
11.5891
11.5727
11.5946
11.5617
11.5844
11.5979
11.5997
11.5853
11.6099
11.616
11.6071
11.6034
11.6372
11.6304
11.6178
11.637
11.6559
11.6714
11.6959
11.7211
11.7272
11.7421
11.7009
11.7363
11.7541
11.7655
11.7428
11.7495
11.7787
11.7798
11.7788
11.8124
11.812
11.8295
11.8211
11.8257
11.8364
11.8269
11.8376
11.8213
11.8409
11.8066
11.7949
11.8202
11.8407
11.843
11.8846
11.8913
11.8756
11.8768
11.8965
11.9004
11.9142
11.8932
11.903
11.8978
11.8881
11.883
11.9161
11.9248
11.9109
11.9047
11.9234
11.9197
11.9134
11.9199
11.9085
11.9152
11.9222
11.9539
11.9723
11.956
11.971
11.992
12
12.0005
12.0196
12.0385
12.0312
12.0453
12.0224
12.0326
12.0082
12.0301
12.0209
12.0017
11.9817
11.9701
11.9831
11.9688
11.9668
11.9859
11.9499
11.946
11.9541
11.9146
11.9258
11.8957
11.869
11.9
11.9188
11.9334
11.9596
11.9606
11.9673
11.973
11.9528
11.9737
11.9333
11.9
11.8569
11.8634
11.8735
11.8685
11.8974
11.9065
11.9104
11.9089
11.9229
11.94
11.9421
11.9073
11.9018
11.9278
11.9393
11.9118
11.9217
11.8932
11.8987
11.9307
11.9378
11.9499
11.9671
11.9469
11.9211
11.8922
11.8858
11.8797
11.8208
11.8404
11.8442
11.85
11.8555
11.8725
11.8659
11.871
11.8868
11.9103
11.9211
11.9227
11.8963
11.8611
11.8735
11.8463
11.8451
11.8272
11.8247
11.7775
11.796
11.7994
11.8107
11.8071
11.8284
11.8053
11.826
11.8137
11.8394
11.8516
11.8577
11.8542
11.8503
11.8242
11.8049
11.8079
11.7788
11.7812
11.7599
11.7419
11.7401
11.7647
11.7496
11.7271
11.7349
11.6982
11.7057
11.6749
11.6728
11.6948
11.7083
11.6912
11.6649
11.6643
11.6542
11.6237
11.6317
11.646
11.6612
11.6387
11.6243
11.6298
11.6035
11.5936
11.5633
11.6076
11.6088
11.618
11.6232
11.6186
11.6232
11.6347
11.6491
11.6743
11.6895
11.7112
11.7195
11.7329
11.7536
11.7679
11.7745
11.7793
11.765
11.7366
11.767
11.7581
11.769
11.7531
11.7688
11.7364
11.7833
11.7883
11.8017
11.7578
11.7644
11.751
11.7489
11.7432
11.7664
11.7414
11.765
11.7105
11.7108
11.7211
11.7369
11.7395
11.7237
11.7224
11.7328
11.7283
11.7069
11.7158
11.7245
11.7452
11.7275
11.6929
11.7104
11.725
11.7437
11.7666
11.7174
11.7206
11.702
11.681
11.653
11.6654
11.6902
11.7088
11.7012
11.6852
11.6533
11.6429
11.6608
11.6701
11.6687
11.6948
11.705
11.7028
11.7055
11.7066
11.702
11.7009
11.7046
11.7313
11.7213
11.7151
11.7292
11.7493
11.7113
11.7046
11.708
11.7128
11.7091
11.7175
11.6783
11.6816
11.7052
11.6881
11.7101
11.712
11.7325
11.7186
11.7468
11.7684
11.7684
11.7457
11.7375
11.7381
11.7403
11.6994
11.693
11.7286
11.7393
11.7633
11.7542
11.7578
11.7437
11.7364
11.7565
11.7647
11.7451
11.7373
11.7302
11.7513
11.7768
11.7698
11.7542
11.728
11.7504
11.7609
11.7549
11.7333
11.76
11.7827
11.7793
11.7095
11.6668
11.6284
11.5772
11.5646
11.5537
11.5629
11.5385
11.5319
11.542
11.5524
11.5828
11.5773
11.5804
11.5919
11.5133
11.4749
11.4553
11.4454
11.4722
11.458
11.4362
11.4468
11.4441
11.4323
11.3931
11.4253
11.4092
11.4017
11.396
11.4089
11.4346
11.436
11.4315
11.4403
11.4528
11.4254
11.4151
11.3818
11.3841
11.4133
11.4091
11.4275
11.4018
11.415
11.4075
11.4061
11.4207
11.4147
11.45
11.4688
11.4799
11.4888
11.4872
11.4791
11.493
11.4887
11.45
11.4618
11.4687
11.4705
11.4289
11.4505
11.4611
11.4521
11.4495
11.4481
11.4553
11.4638
11.4602
11.4633
11.437
11.4403
11.463
11.4536
11.4414
11.4403
11.4284
11.3855
11.4183
11.4072
11.3782
11.3834
11.3976
11.4042
11.4173
11.427
11.433
11.4501
11.3954
11.4034
11.4208
11.4251
11.421
11.4109
11.428
11.4321
11.423
11.4355
11.4133
11.4279
11.4313
11.4357
11.4622
11.4765
11.4705
11.4557
11.4743
11.47
11.4662
11.4611
11.455
11.4599
11.4674
11.4915
11.4789
11.4554
11.4603
11.4712
11.4847
11.4674
11.4632
11.4885
11.4929
11.4736
11.4889
11.4946
11.4998
11.5291
11.5227
11.5021
11.4832
11.5009
11.4567
11.4805
11.4646
11.4763
11.4936
11.4779
11.4797
11.4908
11.5033
11.4927
11.4639
11.4646
11.4886
11.4991
11.4842
11.481
11.4572
11.4341
11.4628
11.4515
11.4441
11.4638
11.4868
11.4761
11.4738
11.4693
11.4271
11.3985
11.4121
11.3873
11.3584
11.3782
11.3774
11.3514
11.3388
11.3646
11.3687
11.3569
11.3467
11.3086
11.3088
11.2892
11.2859
11.2884
11.3068
11.2822
11.305
11.3178
11.3223
11.3311
11.3445
11.3734
11.373
11.3769
11.3284
11.2681
11.2557
11.2344
11.2143
11.2372
11.2267
11.2124
11.1747
11.1715
11.1923
11.144
11.1618
11.1655
11.1216
11.1042
11.1001
11.0711
11.0894
11.1086
11.112
11.1138
11.1348
11.1003
11.08
11.0963
11.1082
11.0713
11.0908
11.0792
11.0666
11.0543
11.05
11.0881
11.1095
11.1201
11.1347
11.1295
11.111
11.1189
11.1299
11.1157
11.123
11.1085
11.0774
11.091
11.1002
11.1102
11.1284
11.1286
11.1374
11.1612
11.1725
11.1746
11.1649
11.1721
11.1588
11.1805
11.2231
11.2217
11.2078
11.1992
11.1837
11.1754
11.1696
11.1739
11.1584
11.1792
11.1624
11.1759
11.2031
11.213
11.2291
11.2103
11.2226
11.1886
11.1988
11.2161
11.2376
11.269
11.289
11.3
11.2971
11.3129
11.2987
11.296
11.3006
11.3165
11.2965
11.2928
11.2854
11.3046
11.2977
11.2923
11.2989
11.3136
11.332
11.2982
11.255
11.2527
11.2175
11.1798
11.2057
11.2049
11.2056
11.2276
11.2464
11.2509
11.2553
11.2468
11.2914
11.309
11.2936
11.2527
11.2235
11.2276
11.2246
11.251
11.2512
11.274
11.3008
11.2834
11.2927
11.3111
11.3145
11.3028
11.2946
11.3007
11.3007
11.269
11.2834
11.2478
11.2514
11.2619
11.2637
11.2534
11.2476
11.2271
11.2322
11.2518
11.2267
11.232
11.2139
11.21
11.2376
11.2381
11.223
11.214
11.2529
11.2508
11.2145
11.2046
11.2237
11.2468
11.2258
11.2506
11.2092
11.2271
11.2255
11.2072
11.2066
11.2155
11.1723
11.1925
11.1895
11.1818
11.204
11.202
11.2308
11.2428
11.2825
11.2345
11.2212
11.2215
11.2282
11.2177
11.2494
11.2478
11.2393
11.2234
11.2131
11.2177
11.2255
11.1702
11.1589
11.1551
11.1518
11.1817
11.1609
11.1504
11.1725
11.1617
11.1787
11.199
11.1997
11.1939
11.2145
11.1856
11.1677
11.1931
11.1872
11.1747
11.1757
11.1995
11.2016
11.2096
11.2109
11.1998
11.2235
11.2046
11.1852
11.1759
11.1728
11.1735
11.1685
11.1827
11.1685
11.1517
11.129
11.1551
11.1766
11.1408
11.0943
11.0576
11.0709
11.0558
11.0677
11.055
11.0862
11.1235
11.112
11.1389
11.1457
11.1666
11.196
11.1948
11.2146
11.2168
11.2159
11.2129
11.2008
11.2184
11.2392
11.2532
11.2111
11.214
11.2283
11.2
11.2143
11.2187
11.225
11.2077
11.1852
11.1787
11.186
11.1527
11.1844
11.1918
11.1979
11.1867
11.1653
11.1634
11.1606
11.1573
11.1367
11.1311
11.1342
11.1096
11.1272
11.1408
11.1531
11.1681
11.1677
11.1798
11.1866
11.1759
11.1761
11.167
11.1816
11.2111
11.1876
11.2243
11.2242
11.2356
11.2532
11.2383
11.2508
11.2725
11.265
11.2541
11.2431
11.233
11.2036
11.2215
11.1721
11.2004
11.2351
11.2061
11.2305
11.2477
11.2725
11.2488
11.2706
11.2504
11.2162
11.22
11.2358
11.2165
11.2239
11.2368
11.2261
11.2239
11.2371
11.1792
11.1473
11.1257
11.163
11.1606
11.1678
11.1481
11.1436
11.107
11.1092
11.142
11.1298
11.1387
11.1414
11.1302
11.1438
11.1292
11.1097
11.0918
11.1009
11.0817
11.083
11.0792
11.0903
11.0953
11.1009
11.1169
11.0908
11.111
11.1391
11.1441
11.149
11.1455
11.1346
11.1482
11.1508
11.1595
11.1729
11.1805
11.158
11.1813
11.1413
11.1688
11.1667
11.1809
11.1539
11.142
11.1423
11.1368
11.1382
11.1534
11.1772
11.1799
11.1982
11.1702
11.1784
11.1678
11.1413
11.1401
11.1489
11.1776
11.1676
11.1732
11.1799
11.1444
11.1517
11.1571
11.1888
11.1741
11.1902
11.186
11.1949
11.2009
11.1814
11.1639
11.122
11.1396
11.1116
11.074
11.0747
11.0975
11.1133
11.1263
11.122
11.1233
11.134
11.1152
11.1175
11.1226
11.109
11.1184
11.1143
11.1112
11.1092
11.1363
11.0948
11.1066
11.0745
11.0749
11.0672
11.0555
11.0496
11.0734
11.0643
11.0737
11.0878
11.0631
11.0643
11.0807
11.0755
11.0593
11.0436
11.0431
11.0272
11.032
11.0492
11.062
11.0478
11.0588
11.067
11.09
11.0476
11.035
11.0224
11.059
11.0783
11.04
11.0405
11.0328
11.0294
11.0125
11.0118
10.9995
10.9633
10.9658
10.9682
10.9437
10.9509
10.9684
10.9514
10.9575
10.9428
10.9598
10.9977
10.9914
11.0053
10.9791
10.9847
11.0209
11.0571
11.0663
11.0425
11.0181
11.0332
11.0408
11.0522
11.073
11.0953
11.0774
11.0965
11.1152
11.1079
11.1273
11.148
11.1784
11.1942
11.1924
11.158
11.1855
11.2171
11.222
11.2249
11.2256
11.2526
11.2496
11.2414
11.2563
11.2287
11.1938
11.2297
11.2072
11.2352
11.2265
11.2301
11.2328
11.2134
11.1817
11.1534
11.1563
11.1605
11.1686
11.1421
11.1331
11.1513
11.1449
11.129
11.1621
11.1533
11.1614
11.1797
11.1752
11.1928
11.1681
11.165
11.1639
11.1663
11.1645
11.1598
11.1323
11.1287
11.1534
11.1449
11.1739
11.1993
11.2197
11.2019
11.2122
11.236
11.2439
11.2756
11.269
11.2682
11.2268
11.2349
11.2601
11.2648
11.266
11.2382
11.2691
11.2211
11.2259
11.2034
11.1694
11.1672
11.1417
11.136
11.1269
11.1497
11.1759
11.1779
11.1615
11.1833
11.1613
11.1512
11.1665
11.1069
11.101
11.0795
11.1128
11.1216
11.1563
11.1605
11.1753
11.1974
11.2131
11.2268
11.2579
11.2839
11.2882
11.2891
11.2967
11.2597
11.2761
11.2645
11.2642
11.2395
11.2496
11.1917
11.1644
11.1622
11.1701
11.1718
11.1606
11.184
11.1438
11.1477
11.1565
11.1529
11.1721
11.1664
11.1885
11.1725
11.1849
11.1877
11.1767
11.1465
11.1755
11.1766
11.2047
11.2403
11.2637
11.2687
11.2712
11.3044
11.3274
11.3629
11.3872
11.3536
11.3757
11.3752
11.3728
11.3853
11.422
11.4566
11.4555
11.4508
11.4112
11.4229
11.4439
11.4436
11.4449
11.4625
11.4905
11.4798
11.4669
11.4832
11.5043
11.5333
11.5594
11.5507
11.5438
11.5206
11.5339
11.5415
11.4852
11.4787
11.4824
11.4577
11.4556
11.4419
11.4587
11.4235
11.4233
11.4043
11.3494
11.3427
11.3362
11.3362
11.3478
11.3629
11.3859
11.3953
11.3813
11.3995
11.3906
11.3823
11.3922
11.3867
11.3464
11.3281
11.3231
11.2899
11.3111
11.34
11.339
11.3394
11.3743
11.376
11.3867
11.3696
11.3453
11.3262
11.3235
11.2988
11.2734
11.2611
11.2801
11.2413
11.2285
11.2348
11.2494
11.2198
11.2343
11.2578
11.2616
11.2982
11.3287
11.2999
11.3025
11.3051
11.329
11.3426
11.3726
11.372
11.3945
11.3753
11.356
11.348
11.3452
11.3343
11.348
11.3344
11.3668
11.3992
11.4104
11.4191
11.4121
11.4052
11.4017
11.4009
11.4075
11.4042
11.3673
11.3658
11.3414
11.3124
11.3049
11.2904
11.3008
11.3128
11.2653
11.2637
11.275
11.304
11.3098
11.2919
11.3118
11.339
11.3166
11.3327
11.3308
11.3343
11.3429
11.3322
11.3369
11.3541
11.3346
11.3445
11.3461
11.3333
11.3592
11.3735
11.3929
11.387
11.3628
11.3727
11.4029
11.431
11.4526
11.4457
11.455
11.4616
11.4474
11.4222
11.392
11.4167
11.4106
11.445
11.4814
11.5018
11.5285
11.5257
11.5388
11.5501
11.5398
11.5636
11.587
11.5959
11.6187
11.6003
11.6148
11.6508
11.6768
11.6873
11.6999
11.698
11.7168
11.7433
11.7643
11.7916
11.7777
11.7782
11.7866
11.8321
11.8429
11.8346
11.8293
11.812
11.81
11.7576
11.7612
11.7775
11.7734
11.7346
11.6964
11.6757
11.6798
11.6599
11.6653
11.6341
11.6575
11.6446
11.6438
11.6391
11.631
11.6321
11.6494
11.6326
11.6411
11.6461
11.6533
11.6655
11.6516
11.6707
11.6614
11.6947
11.6892
11.6754
11.6806
11.6878
11.6524
11.6416
11.6465
11.6922
11.7124
11.7257
11.7185
11.7293
11.7063
11.713
11.711
11.6931
11.7236
11.7175
11.7092
11.643
11.6525
11.6444
11.6692
11.6606
11.6378
11.6412
11.6334
11.626
11.6262
11.6248
11.6105
11.6197
11.6592
11.6456
11.6466
11.6421
11.6493
11.6611
11.6371
11.6386
11.6739
11.7224
11.7098
11.6491
11.6573
11.6383
11.6365
11.6662
11.6936
11.7033
11.7011
11.7175
11.689
11.6733
11.6595
11.667
11.6231
11.6036
11.6047
11.5914
11.6078
11.5931
11.5838
11.603
11.5954
11.5933
11.5668
11.545
11.5367
11.5265
11.5069
11.5356
11.509
11.4958
11.4771
11.5028
11.5086
11.529
11.5631
11.5779
11.5446
11.5435
11.5499
11.5673
11.5816
11.5782
11.5666
11.56
11.544
11.5169
11.5415
11.5438
11.5437
11.5719
11.5549
11.5889
11.5908
11.591
11.6093
11.6282
11.5859
11.5902
11.5919
11.5749
11.5583
11.5311
11.5295
11.4998
11.5126
11.5054
11.4976
11.5101
11.5349
11.5484
11.5514
11.5334
11.5435
11.5552
11.5645
11.5562
11.495
11.4806
11.4601
11.4574
11.4743
11.4779
11.4502
11.4469
11.4022
11.4132
11.4201
11.4419
11.4392
11.4524
11.4572
11.4502
11.4596
11.4274
11.4337
11.4298
11.4461
11.4274
11.3803
11.3962
11.404
11.3979
11.418
11.4429
11.4511
11.4688
11.4605
11.4621
11.4743
11.497
11.4855
11.504
11.4961
11.4887
11.49
11.5026
11.4869
11.5147
11.5133
11.4963
11.5226
11.526
11.5345
11.5393
11.5303
11.5001
11.5032
11.4936
11.5419
11.5341
11.5496
11.4933
11.514
11.5397
11.5027
11.503
11.4945
11.4928
11.5211
11.5536
11.5412
11.5487
11.5639
11.5585
11.5866
11.5818
11.5814
11.5461
11.5825
11.5773
11.5892
11.5406
11.5465
11.5171
11.5327
11.5289
11.5085
11.4708
11.4913
11.4838
11.4844
11.4701
11.4658
11.4645
11.4585
11.4777
11.4749
11.4665
11.4674
11.4502
11.436
11.4485
11.4525
11.4426
11.4556
11.4523
11.4564
11.4437
11.4096
11.4225
11.4193
11.4305
11.4527
11.4738
11.4769
11.5067
11.4977
11.466
11.4587
11.484
11.4537
11.4578
11.4804
11.4489
11.4473
11.4656
11.4864
11.5083
11.5404
11.5179
11.4818
11.4663
11.4668
11.4723
11.4866
11.4579
11.4438
11.412
11.3727
11.3965
11.3966
11.3815
11.3803
11.3447
11.3302
11.3128
11.3067
11.3298
11.3352
11.3547
11.3612
11.328
11.3417
11.3457
11.3432
11.3588
11.3823
11.3765
11.3613
11.3673
11.3721
11.4006
11.3903
11.4209
11.4179
11.4087
11.3932
11.3999
11.3999
11.388
11.3473
11.3395
11.3483
11.3656
11.3605
11.333
11.3304
11.3374
11.3398
11.3431
11.3172
11.289
11.299
11.2354
11.2215
11.2094
11.1943
11.2231
11.2154
11.2255
11.2497
11.2817
11.2833
11.3019
11.2803
11.2844
11.2952
11.2714
11.263
11.2635
11.2524
11.249
11.2638
11.2764
11.2871
11.3099
11.3226
11.3365
11.3347
11.3282
11.3247
11.3446
11.2718
11.2871
11.292
11.2928
11.2802
11.2766
11.2363
11.2608
11.2762
11.3045
11.3104
11.2985
11.297
11.2882
11.3092
11.3279
11.356
11.3777
11.3984
11.3787
11.398
11.4234
11.4393
11.4581
11.3898
11.3943
11.3998
11.4013
11.4173
11.4096
11.4205
11.415
11.406
11.3783
11.3883
11.4059
11.4095
11.4175
11.4115
11.4136
11.4189
11.3915
11.3715
11.3737
11.3858
11.3706
11.3534
11.3527
11.3061
11.3062
11.305
11.3158
11.3143
11.34
11.3514
11.3502
11.3601
11.3362
11.3127
11.3007
11.3372
11.3605
11.3506
11.3566
11.3741
11.3794
11.418
11.4294
11.4543
11.4625
11.4553
11.4861
11.4585
11.4192
11.4484
11.4502
11.4271
11.4382
11.4294
11.4312
11.4361
11.4342
11.4365
11.47
11.4519
11.4725
11.5034
11.5222
11.5352
11.5494
11.5604
11.591
11.577
11.5911
11.5329
11.5489
11.5241
11.5479
11.5447
11.5558
11.5238
11.5347
11.5643
11.5575
11.5138
11.4974
11.4851
11.5133
11.5315
11.5568
11.581
11.5382
11.4961
11.4894
11.4811
11.4959
11.4857
11.4704
11.4836
11.5172
11.4871
11.4071
11.4431
11.4811
11.4778
11.486
11.4991
11.5416
11.5649
11.5687
11.5794
11.5456
11.5301
11.5229
11.5038
11.5177
11.5034
11.4971
11.498
11.5169
11.4775
11.4838
11.5052
11.4918
11.4733
11.439
11.4156
11.3911
11.4135
11.4109
11.3851
11.412
11.4374
11.4345
11.4157
11.4246
11.4201
11.4018
11.3978
11.4131
11.3749
11.3754
11.388
11.3888
11.3632
11.3561
11.3641
11.3959
11.3871
11.4091
11.4097
11.4427
11.4361
11.4531
11.467
11.4815
11.471
11.4759
11.4894
11.4886
11.4837
11.4935
11.4934
11.4981
11.4996
11.5249
11.547
11.5543
11.5682
11.5807
11.5575
11.57
11.586
11.5667
11.5422
11.5375
11.5834
11.5663
11.5776
11.5773
11.57
11.5811
11.6041
11.5741
11.5621
11.5828
11.583
11.5439
11.5373
11.504
11.5097
11.5306
11.5392
11.5515
11.544
11.5538
11.5534
11.562
11.5912
11.5954
11.5784
11.5682
11.557
11.5673
11.5811
11.5014
11.4922
11.4984
11.4851
11.466
11.4618
11.4983
11.5032
11.4896
11.4878
11.4562
11.4768
11.4598
11.4723
11.4848
11.4857
11.4938
11.4889
11.495
11.5033
11.5362
11.5635
11.5445
11.5458
11.5738
11.5702
11.5623
11.5592
11.5729
11.5929
11.5993
11.5904
11.6125
11.6127
11.598
11.5737
11.5936
11.593
11.6226
11.6552
11.6548
11.6489
11.6635
11.6528
11.6526
11.6639
11.6383
11.6276
11.6477
11.6255
11.6119
11.6263
11.5838
11.5967
11.6045
11.6125
11.5999
11.6293
11.6553
11.6621
11.6597
11.6476
11.6534
11.6522
11.6207
11.5968
11.6104
11.6092
11.5108
11.5007
11.4962
11.4791
11.4232
11.4105
11.4386
11.4263
11.4436
11.4493
11.4494
11.4601
11.4558
11.4295
11.4234
11.4451
11.4746
11.5003
11.5365
11.5275
11.5214
11.5212
11.5116
11.5299
11.5232
11.5095
11.5293
11.527
11.5293
11.511
11.5305
11.496
11.5276
11.5452
11.5359
11.5658
11.5656
11.5772
11.5887
11.5741
11.5632
11.5593
11.5286
11.5367
11.5357
11.5191
11.4989
11.4941
11.4602
11.4522
11.4383
11.4616
11.44
11.4627
11.4861
11.4508
11.4593
11.4704
11.5062
11.5313
11.5464
11.5688
11.5867
11.5368
11.5462
11.4972
11.4816
11.5224
11.5345
11.5574
11.5791
11.582
11.547
11.5497
11.5489
11.5513
11.5307
11.5278
11.5294
11.5061
11.4825
11.482
11.4799
11.4768
11.4882
11.5291
11.5309
11.5099
11.5283
11.5283
11.528
11.5347
11.5187
11.5302
11.5466
11.5502
11.5531
11.5613
11.5653
11.5704
11.5378
11.4921
11.485
11.4719
11.5061
11.4794
11.5205
11.4953
11.4842
11.494
11.5048
11.5404
11.5225
11.5431
11.5677
11.5719
11.572
11.5606
11.5438
11.5242
11.5364
11.5187
11.4767
11.5048
11.4918
11.4709
11.4867
11.4927
11.4917
11.4554
11.441
11.4668
11.4836
11.4296
11.4631
11.4759
11.4488
11.4232
11.3895
11.3661
11.3984
11.4179
11.4257
11.408
11.3737
11.3633
11.3661
11.3786
11.4083
11.4145
11.3744
11.3873
11.3498
11.3463
11.3901
11.4051
11.392
11.3865
11.3851
11.3596
11.3308
11.3492
11.3438
11.3455
11.3676
11.3132
11.3459
11.3658
11.3788
11.3862
11.3759
11.3459
11.3567
11.3586
11.3932
11.3946
11.392
11.4146
11.4486
11.4471
11.4377
11.4525
11.4643
11.4002
11.4003
11.4126
11.3993
11.4069
11.4271
11.4453
11.4698
11.4338
11.4159
11.4232
11.4021
11.4145
11.407
11.3797
11.3945
11.3765
11.4078
11.4112
11.4286
11.427
11.4433
11.4491
11.4583
11.4587
11.4207
11.4101
11.4272
11.4001
11.3845
11.3456
11.3511
11.3728
11.386
11.3592
11.3513
11.3506
11.3209
11.3335
11.3611
11.3743
11.3822
11.3682
11.3856
11.392
11.3655
11.3621
11.3508
11.3604
11.3757
11.3536
11.3403
11.3413
11.3458
11.3505
11.3917
11.3758
11.3912
11.3706
11.3773
11.3879
11.4075
11.3802
11.3445
11.3342
11.3317
11.3174
11.3156
11.2976
11.3118
11.29
11.2625
11.2642
11.2716
11.2358
11.2132
11.2182
11.2259
11.2422
11.264
11.2632
11.2603
11.2686
11.2732
11.2262
11.1834
11.1973
11.2076
11.2338
11.2538
11.2542
11.2867
11.3199
11.3293
11.3535
11.312
11.3059
11.3377
11.361
11.3283
11.3512
11.3729
11.3686
11.4068
11.4141
11.4117
11.4176
11.4489
11.4161
11.4231
11.4165
11.429
11.4151
11.3907
11.335
11.3625
11.3641
11.3748
11.3372
11.3661
11.3638
11.3201
11.281
11.2873
11.2849
11.2828
11.2805
11.2782
11.2971
11.313
11.3087
11.3063
11.2706
11.2746
11.3086
11.3475
11.3656
11.3909
11.3648
11.3651
11.3824
11.4065
11.415
11.4239
11.427
11.3977
11.403
11.36
11.3705
11.3641
11.3824
11.3911
11.3882
11.3711
11.3312
11.3483
11.3748
11.3616
11.384
11.3783
11.3946
11.3818
11.3648
11.3894
11.3884
11.4101
11.4376
11.4059
11.4174
11.3936
11.396
11.3894
11.3825
11.3989
11.4032
11.4046
11.4248
11.4372
11.4494
11.4814
11.4569
11.4745
11.4775
11.5107
11.5379
11.516
11.5098
11.5277
11.541
11.5741
11.5807
11.5975
11.6177
11.6302
11.6476
11.6416
11.6283
11.6397
11.6289
11.6251
11.6415
11.6619
11.6549
11.6917
11.6701
11.7046
11.6882
11.6771
11.6592
11.6687
11.6615
11.6499
11.6496
11.6591
11.6737
11.6436
11.6637
11.7059
11.692
11.6976
11.6896
11.6772
11.692
11.6757
11.7023
11.6833
11.6914
11.6347
11.647
11.6588
11.6523
11.6571
11.6776
11.6639
11.693
11.7219
11.7183
11.7052
11.6762
11.7175
11.7332
11.7492
11.7791
11.7963
11.7803
11.7799
11.7674
11.7585
11.7745
11.7457
11.756
11.7624
11.7424
11.7731
11.789
11.7923
11.8013
11.776
11.7543
11.7698
11.7365
11.6741
11.6896
11.6471
11.5841
11.6081
11.6187
11.6268
11.6222
11.6334
11.6296
11.5909
11.5873
11.5923
11.5757
11.5438
11.5571
11.5346
11.5468
11.5608
11.536
11.5653
11.5171
11.5046
11.4629
11.4624
11.4881
11.4932
11.4959
11.518
11.5385
11.5286
11.5218
11.5236
11.4745
11.4409
11.4316
11.4217
11.4491
11.4581
11.4779
11.4822
11.5008
11.4804
11.4346
11.4489
11.452
11.458
11.4515
11.4534
11.4631
11.456
11.4811
11.4625
11.4717
11.4813
11.4446
11.4437
11.4296
11.421
11.4188
11.4339
11.4268
11.4181
11.425
11.4419
11.4042
11.4385
11.4302
11.4401
11.4518
11.467
11.4656
11.438
11.4401
11.4504
11.3985
11.4114
11.4205
11.4024
11.4039
11.401
11.3926
11.4068
11.4092
11.4004
11.407
11.3986
11.4054
11.4226
11.4352
11.4639
11.4753
11.4842
11.5128
11.5153
11.5133
11.4819
11.4776
11.4685
11.4627
11.4972
11.4746
11.4778
11.5069
11.4922
11.4748
11.4959
11.4996
11.5096
11.5236
11.5256
11.4937
11.4889
11.5012
11.4895
11.5272
11.5016
11.4685
11.4893
11.4802
11.4789
11.4772
11.4953
11.4953
11.5233
11.5379
11.5573
11.5533
11.5624
11.5695
11.5596
11.5548
11.5624
11.5472
11.5491
11.5559
11.5657
11.5169
11.5054
11.4972
11.5195
11.5023
11.4789
11.4984
11.5115
11.4994
11.4959
11.4968
11.4993
11.4792
11.5013
11.4919
11.4915
11.5346
11.5516
11.5813
11.5883
11.5624
11.5703
11.5817
11.5985
11.5836
11.5806
11.5802
11.5778
11.5716
11.5775
11.5995
11.5652
11.5402
11.529
11.5733
11.5791
11.5315
11.5318
11.5082
11.4966
11.4837
11.4265
11.4354
11.4187
11.4161
11.4111
11.4082
11.4022
11.3702
11.3648
11.3963
11.3772
11.3819
11.3792
11.3783
11.381
11.3703
11.3801
11.4128
11.3838
11.4003
11.4237
11.4283
11.4196
11.432
11.4212
11.4411
11.42
11.4322
11.4688
11.4602
11.4486
11.4654
11.4224
11.3981
11.3637
11.3921
11.3742
11.3507
11.361
11.3746
11.3935
11.3757
11.3795
11.3846
11.4006
11.3718
11.3584
11.369
11.3918
11.3747
11.3605
11.3702
11.3518
11.356
11.3916
11.3668
11.3689
11.3787
11.3899
11.3944
11.4171
11.4394
11.444
11.4658
11.4568
11.4642
11.478
11.5058
11.5484
11.5354
11.5277
11.5129
11.5194
11.5117
11.5191
11.5044
11.471
11.4603
11.4618
11.5023
11.4882
11.4479
11.4525
11.4555
11.4749
11.4673
11.4735
11.4935
11.4568
11.4801
11.4797
11.4462
11.4893
11.4876
11.4844
11.4752
11.475
11.4797
11.408
11.3966
11.4094
11.4274
11.4326
11.4189
11.3813
11.4067
11.3892
11.3809
11.3312
11.3293
11.3166
11.276
11.2973
11.3312
11.3166
11.2737
11.2517
11.2659
11.2296
11.2418
11.2534
11.2723
11.2965
11.3043
11.2469
11.2187
11.2484
11.2477
11.2481
11.2235
11.2312
11.2246
11.2233
11.2582
11.2946
11.3216
11.3325
11.3517
11.3754
11.3743
11.386
11.3843
11.4028
11.4129
11.3961
11.4159
11.4547
11.4481
11.4827
11.4741
11.4742
11.5113
11.5167
11.5294
11.5066
11.5154
11.5001
11.5039
11.5164
11.5236
11.5396
11.5515
11.5748
11.5681
11.5697
11.5349
11.5424
11.5148
11.503
11.5275
11.473
11.461
11.3908
11.3759
11.4158
11.432
11.4545
11.4551
11.4769
11.4622
11.4679
11.434
11.4332
11.4037
11.4149
11.4079
11.428
11.3874
11.3621
11.3249
11.3347
11.3378
11.3388
11.3475
11.3638
11.3521
11.3398
11.3325
11.3448
11.3445
11.3534
11.357
11.351
11.3568
11.3691
11.3745
11.3746
11.368
11.3844
11.3732
11.3736
11.3387
11.3355
11.3341
11.3408
11.3677
11.3587
11.3757
11.3694
11.4023
11.4173
11.4154
11.4244
11.406
11.4101
11.3515
11.3462
11.3766
11.3925
11.4041
11.3994
11.438
11.4142
11.387
11.3998
11.3879
11.3824
11.4059
11.4149
11.3951
11.3881
11.3758
11.417
11.4167
11.4084
11.3964
11.3911
11.3794
11.3879
11.4043
11.4271
11.4362
11.4373
11.4503
11.4496
11.4038
11.424
11.4374
11.439
11.4664
11.457
11.4669
11.4811
11.467
11.4457
11.4393
11.4484
11.4208
11.3588
11.3665
11.352
11.3361
11.3719
11.3787
11.4012
11.3974
11.3974
11.4274
11.4313
11.4649
11.4544
11.4257
11.4524
11.4694
11.4488
11.4444
11.4607
11.4772
11.4611
11.4485
11.4693
11.4724
11.5108
11.51
11.5101
11.5213
11.4817
11.4792
11.4972
11.4588
11.4716
11.4858
11.4584
11.4902
11.5186
11.5514
11.5506
11.5634
11.5559
11.5226
11.5334
11.5513
11.5504
11.5136
11.536
11.5426
11.5361
11.5375
11.5088
11.5076
11.484
11.5028
11.5222
11.5156
11.509
11.4891
11.4836
11.4854
11.4866
11.5144
11.5128
11.5277
11.521
11.5116
11.5149
11.528
11.5549
11.5755
11.6008
11.6124
11.5387
11.5079
11.5424
11.5253
11.5498
11.4994
11.5205
11.5295
11.5614
11.5773
11.5825
11.5817
11.5808
11.589
11.5743
11.5931
11.6254
11.6371
11.6328
11.6184
11.5899
11.5934
11.6029
11.5863
11.6032
11.6152
11.6211
11.6158
11.607
11.5961
11.5989
11.5902
11.5997
11.5897
11.5947
11.5506
11.5485
11.5349
11.5006
11.5125
11.4846
11.4658
11.477
11.4849
11.4409
11.458
11.4478
11.4452
11.4666
11.4337
11.4274
11.4037
11.4183
11.4404
11.4735
11.4682
11.459
11.4134
11.4349
11.4538
11.395
11.377
11.3581
11.3375
11.3438
11.3641
11.2995
11.2999
11.3264
11.3534
11.3459
11.3339
11.358
11.3476
11.3414
11.3374
11.3285
11.2773
11.2965
11.306
11.3058
11.2796
11.2697
11.2945
11.2911
11.3163
11.3142
11.3074
11.3078
11.3225
11.3308
11.3576
11.3807
11.3598
11.3831
11.3771
11.3623
11.3719
11.3664
11.355
11.3649
11.373
11.3849
11.4134
11.4195
11.4341
11.4416
11.4471
11.4397
11.3805
11.4048
11.4237
11.4171
11.4132
11.3996
11.3979
11.3854
11.3282
11.3253
11.3335
11.3287
11.3516
11.3624
11.3945
11.3918
11.3637
11.3803
11.3953
11.3703
11.3788
11.3874
11.4009
11.4048
11.4229
11.3752
11.3286
11.3553
11.3799
11.3656
11.3848
11.4102
11.3986
11.3755
11.3843
11.3523
11.3382
11.3616
11.35
11.3734
11.353
11.3634
11.3803
11.3923
11.3669
11.3938
11.3992
11.3967
11.3696
11.3756
11.3739
11.355
11.3652
11.36
11.3619
11.3565
11.3575
11.3378
11.3377
11.3629
11.3687
11.3688
11.3402
11.3176
11.3261
11.2859
11.2884
11.2965
11.3144
11.3565
11.3713
11.3716
11.4127
11.4432
11.4498
11.4361
11.4424
11.4407
11.4586
11.4251
11.4156
11.4033
11.4154
11.436
11.4457
11.4447
11.4444
11.4753
11.4924
11.5076
11.5211
11.5451
11.539
11.5255
11.5068
11.5251
11.4754
11.4853
11.4997
11.4535
11.4392
11.4371
11.424
11.4551
11.4866
11.4574
11.4698
11.4811
11.5041
11.5069
11.5202
11.5255
11.4795
11.4696
11.4624
11.4639
11.479
11.49
11.4898
11.429
11.4257
11.427
11.4607
11.4445
11.4698
11.4652
11.4718
11.4739
11.476
11.4974
11.4538
11.4324
11.4392
11.4653
11.4311
11.4206
11.4388
11.3791
11.3731
11.3092
11.3093
11.2851
11.2876
11.2851
11.2451
11.2542
11.2284
11.2265
11.2141
11.2182
11.1937
11.1804
11.158
11.1488
11.1877
11.2103
11.2007
11.1763
11.1988
11.1737
11.1388
11.1499
11.1464
11.1746
11.1319
11.1309
11.1496
11.1609
11.1936
11.1859
11.1882
11.2083
11.2441
11.1971
11.1943
11.1879
11.1831
11.2004
11.2224
11.174
11.1967
11.2116
11.1922
11.1939
11.2142
11.1831
11.1718
11.1703
11.1518
11.1518
11.1494
11.1841
11.2146
11.2357
11.2381
11.229
11.243
11.2616
11.26
11.274
11.2614
11.2703
11.2558
11.26
11.2584
11.2576
11.2532
11.2632
11.2725
11.2964
11.3218
11.3511
11.3672
11.3152
11.3144
11.305
11.3257
11.358
11.3739
11.3999
11.392
11.3818
11.3787
11.3898
11.4113
11.4239
11.4201
11.4397
11.4509
11.4368
11.4542
11.4447
11.407
11.4105
11.4043
11.4263
11.436
11.4119
11.4283
11.4419
11.4106
11.4293
11.428
11.4056
11.3451
11.3755
11.3438
11.373
11.4003
11.4182
11.3713
11.3614
11.3301
11.2834
11.2952
11.2959
11.2795
11.2846
11.2623
11.2731
11.2509
11.2402
11.251
11.245
11.2834
11.2631
11.2102
11.2276
11.2308
11.2512
11.2695
11.2677
11.2414
11.2093
11.195
11.1962
11.205
11.2185
11.2199
11.2293
11.2446
11.2557
11.2509
11.2652
11.2695
11.2827
11.3009
11.3304
11.2843
11.2604
11.2754
11.2619
11.29
11.2899
11.2832
11.3097
11.3364
11.3262
11.3383
11.2762
11.2787
11.2373
11.2368
11.2343
11.2306
11.266
11.2791
11.2866
11.3021
11.288
11.2664
11.2371
11.231
11.2665
11.2623
11.2726
11.2862
11.2893
11.3186
11.2948
11.2636
11.2451
11.2739
11.275
11.2405
11.2327
11.2194
11.2285
11.2398
11.23
11.2448
11.2507
11.2705
11.3005
11.3131
11.3151
11.2711
11.2677
11.2914
11.2927
11.2904
11.2942
11.3032
11.2772
11.2573
11.2555
11.2548
11.2916
11.3128
11.3081
11.3001
11.3031
11.3222
11.3393
11.3275
11.3364
11.3568
11.3398
11.3481
11.3589
11.3583
11.3787
11.3943
11.4138
11.4009
11.4158
11.4269
11.4213
11.3959
11.408
11.3874
11.3959
11.3937
11.3593
11.3813
11.3797
11.3927
11.4163
11.4097
11.418
11.4018
11.4027
11.4211
11.4345
11.4124
11.4223
11.3803
11.3767
11.3883
11.3909
11.3919
11.3905
11.3846
11.407
11.4127
11.446
11.4357
11.4532
11.4766
11.5033
11.5304
11.5395
11.5714
11.5961
11.5938
11.6044
11.6027
11.594
11.5777
11.5881
11.5966
11.584
11.6094
11.5895
11.5836
11.6
11.6065
11.6089
11.5965
11.5809
11.5639
11.5918
11.5511
11.5642
11.601
11.5976
11.6089
11.6202
11.6135
11.6253
11.6392
11.6666
11.654
11.6741
11.6651
11.6564
11.632
11.6306
11.6191
11.6293
11.6232
11.6248
11.5933
11.6002
11.6009
11.6034
11.5734
11.5723
11.6049
11.6099
11.6087
11.5929
11.6151
11.5977
11.5833
11.572
11.5292
11.5068
11.5169
11.53
11.4979
11.5074
11.5045
11.5117
11.507
11.5215
11.5677
11.5787
11.5556
11.5505
11.5517
11.5578
11.5827
11.5757
11.5406
11.556
11.4853
11.5026
11.5043
11.4969
11.5076
11.5267
11.5586
11.5728
11.5578
11.5334
11.5101
11.4987
11.4772
11.4444
11.4838
11.4774
11.4783
11.4921
11.5148
11.4998
11.5117
11.4852
11.481
11.4677
11.4966
11.4669
11.4681
11.4624
11.4871
11.4855
11.4824
11.4789
11.4649
11.47
11.4871
11.4819
11.4776
11.4644
11.4744
11.4896
11.5025
11.4962
11.5301
11.5541
11.5181
11.5199
11.5085
11.5006
11.4815
11.4663
11.4977
11.5026
11.5119
11.5185
11.5364
11.5416
11.5741
11.5997
11.5447
11.5546
11.5245
11.5233
11.5478
11.55
11.5625
11.5718
11.5846
11.6204
11.6395
11.6687
11.6755
11.6927
11.7185
11.7372
11.689
11.7121
11.6716
11.6444
11.6278
11.6074
11.5953
11.5861
11.5884
11.5934
11.5577
11.543
11.5278
11.5351
11.5359
11.5097
11.4971
11.4733
11.4662
11.4535
11.4617
11.4904
11.4698
11.49
11.4899
11.5062
11.4899
11.4862
11.494
11.5069
11.5317
11.5532
11.5661
11.5885
11.5987
11.6215
11.64
11.6674
11.6645
11.645
11.6683
11.6937
11.6877
11.6283
11.6193
11.6263
11.6295
11.6258
11.6377
11.576
11.5731
11.5735
11.5719
11.5705
11.5421
11.5402
11.5127
11.5347
11.5684
11.5863
11.5882
11.6025
11.6346
11.6394
11.6582
11.6584
11.6722
11.6138
11.6008
11.5799
11.576
11.5915
11.5559
11.5554
11.5724
11.5749
11.5777
11.52
11.5166
11.5129
11.5017
11.4924
11.4906
11.4719
11.4624
11.4442
11.4277
11.4281
11.4468
11.4489
11.4451
11.3835
11.3861
11.4069
11.4119
11.4417
11.4667
11.4206
11.4404
11.4342
11.4199
11.4375
11.4419
11.4506
11.4701
11.4626
11.4676
11.4561
11.4417
11.4655
11.4248
11.3844
11.3622
11.3784
11.3824
11.4139
11.3696
11.3847
11.4148
11.442
11.4402
11.4759
11.4746
11.4983
11.5184
11.5106
11.5526
11.5542
11.4944
11.5132
11.4923
11.5029
11.5223
11.5195
11.5155
11.5345
11.5459
11.5812
11.5935
11.6168
11.6441
11.6392
11.6233
11.6167
11.6078
11.6361
11.653
11.6707
11.6825
11.656
11.6724
11.6603
11.645
11.6344
11.6545
11.6353
11.6593
11.6614
11.5967
11.5632
11.5215
11.4986
11.4962
11.4922
11.4729
11.4593
11.4854
11.485
11.4961
11.4951
11.4997
11.5386
11.5371
11.5432
11.5703
11.55
11.5081
11.5063
11.5122
11.5151
11.5491
11.5695
11.5767
11.5756
11.6021
11.6191
11.6292
11.6045
11.6048
11.5682
11.5921
11.5818
11.592
11.5803
11.5751
11.6017
11.6061
11.6255
11.6619
11.6576
11.6377
11.6268
11.6279
11.6273
11.6488
11.652
11.6647
11.64
11.6059
11.6061
11.631
11.6561
11.6464
11.6318
11.6017
11.5847
11.5693
11.5499
11.5144
11.4964
11.4868
11.4998
11.5062
11.5164
11.539
11.5596
11.5373
11.5547
11.5642
11.5712
11.5681
11.5761
11.5605
11.5676
11.5975
11.5857
11.6198
11.6408
11.6257
11.6213
11.6391
11.6123
11.6204
11.6249
11.613
11.6215
11.6372
11.6487
11.6512
11.6506
11.6593
11.6267
11.6217
11.6267
11.6214
11.623
11.6492
11.6637
11.6625
11.6625
11.6746
11.6771
11.6811
11.694
11.6966
11.7079
11.7208
11.7344
11.7408
11.741
11.738
11.7517
11.7318
11.7335
11.7535
11.7081
11.6574
11.6402
11.6398
11.6368
11.6331
11.638
11.6517
11.6589
11.6905
11.6564
11.6808
11.6401
11.6372
11.6374
11.622
11.6329
11.6203
11.634
11.622
11.6345
11.6462
11.6474
11.6552
11.6827
11.6897
11.7072
11.7259
11.7048
11.6957
11.6914
11.7112
11.6733
11.6835
11.6875
11.7012
11.6878
11.6566
11.6501
11.6188
11.6114
11.6017
11.5943
11.6089
11.5893
11.6038
11.6083
11.6265
11.6367
11.6422
11.6529
11.635
11.6525
11.6734
11.7065
11.6756
11.6493
11.6742
11.6808
11.7075
11.7187
11.7336
11.7233
11.7258
11.7201
11.7189
11.69
11.6936
11.6882
11.662
11.6641
11.6487
11.6469
11.6268
11.6238
11.6374
11.661
11.699
11.7143
11.6987
11.7122
11.6825
11.7034
11.6925
11.7111
11.6847
11.6741
11.6934
11.7281
11.7033
11.6671
11.6425
11.6342
11.6065
11.5951
11.5803
11.5769
11.5896
11.5807
11.5671
11.5837
11.584
11.5973
11.5974
11.5695
11.5693
11.5734
11.5993
11.5757
11.5582
11.5553
11.5555
11.5445
11.5048
11.5149
11.5125
11.5287
11.5431
11.5757
11.5436
11.5415
11.5109
11.5095
11.4972
11.4873
11.4829
11.4675
11.4827
11.5198
11.5262
11.527
11.5346
11.5423
11.5393
11.5095
11.5194
11.5291
11.5627
11.5407
11.5359
11.5679
11.5795
11.5717
11.5973
11.6019
11.6163
11.6397
11.6202
11.6242
11.6386
11.656
11.6625
11.6502
11.6788
11.6654
11.6346
11.6286
11.6262
11.6142
11.62
11.6375
11.5967
11.6115
11.6255
11.6286
11.6539
11.6749
11.6848
11.6728
11.6477
11.681
11.6668
11.6397
11.6573
11.6543
11.6582
11.6413
11.6417
11.6248
11.6241
11.6405
11.6562
11.6323
11.6355
11.6379
11.6531
11.6621
11.6983
11.7044
11.716
11.696
11.7125
11.6925
11.6796
11.6575
11.6218
11.6024
11.6141
11.632
11.6255
11.6631
11.6154
11.6243
11.6284
11.6257
11.6107
11.5989
11.6324
11.6699
11.6373
11.6653
11.6472
11.6768
11.6951
11.7075
11.6481
11.6394
11.6191
11.6006
11.631
11.6295
11.6515
11.6471
11.6301
11.595
11.5867
11.6029
11.6366
11.6428
11.6382
11.6287
11.5903
11.5853
11.6048
11.5781
11.57
11.5767
11.5365
11.5741
11.5495
11.5469
11.5394
11.5613
11.5852
11.6152
11.6081
11.6469
11.6446
11.63
11.612
11.5665
11.5478
11.5521
11.5483
11.5334
11.559
11.5704
11.5632
11.5669
11.5398
11.5457
11.5441
11.5813
11.5943
11.5949
11.5633
11.5517
11.5321
11.5536
11.5792
11.5977
11.579
11.6018
11.6017
11.6044
11.6188
11.5851
11.5462
11.5677
11.538
11.5355
11.4804
11.5056
11.5422
11.5695
11.5643
11.5883
11.5668
11.5826
11.5861
11.5994
11.5754
11.5548
11.584
11.5957
11.596
11.631
11.6095
11.6271
11.6331
11.591
11.5919
11.5416
11.526
11.5291
11.519
11.5133
11.5047
11.4993
11.5076
11.5035
11.489
11.5159
11.4703
11.4686
11.4926
11.4806
11.499
11.5265
11.5055
11.509
11.5177
11.5158
11.5233
11.4907
11.481
11.5038
11.5031
11.4853
11.4603
11.4461
11.4361
11.4497
11.4362
11.4496
11.4346
11.4125
11.3771
11.3638
11.3697
11.3929
11.3997
11.4006
11.4018
11.401
11.3969
11.4161
11.4384
11.4241
11.4182
11.4234
11.4382
11.4048
11.4011
11.4086
11.3808
11.4282
11.3976
11.3956
11.3901
11.396
11.4189
11.3974
11.3849
11.3733
11.3474
11.3201
11.3219
11.351
11.3741
11.3977
11.3943
11.3735
11.4107
11.4416
11.4567
11.4658
11.4723
11.4962
11.4927
11.4651
11.4535
11.4518
11.4606
11.447
11.4404
11.4633
11.4736
11.445
11.4261
11.4491
11.4489
11.4578
11.4646
11.4518
11.4614
11.4737
11.4689
11.4722
11.4652
11.5069
11.4444
11.4679
11.444
11.4514
11.4573
11.4453
11.4348
11.4125
11.4246
11.4098
11.4184
11.4235
11.4354
11.4836
11.4925
11.5169
11.5275
11.5384
11.5598
11.5735
11.5089
11.4946
11.4714
11.4831
11.4905
11.5002
11.5044
11.5198
11.509
11.4892
11.4987
11.4568
11.4903
11.4855
11.4968
11.4591
11.4602
11.4561
11.4656
11.4692
11.4794
11.4744
11.4831
11.4951
11.5148
11.5012
11.5039
11.5001
11.4808
11.4732
11.4698
11.4821
11.5142
11.5075
11.5363
11.5577
11.5695
11.5606
11.5541
11.5285
11.5439
11.5404
11.5644
11.5743
11.5906
11.5735
11.5536
11.5766
11.522
11.5116
11.5105
11.4817
11.4927
11.4867
11.4683
11.4407
11.4233
11.4218
11.4287
11.3981
11.3795
11.3744
11.3854
11.4093
11.4125
11.4131
11.4054
11.3909
11.3834
11.3929
11.4155
11.4258
11.3901
11.3925
11.3958
11.3366
11.3568
11.3274
11.3035
11.3057
11.3166
11.3294
11.3198
11.3321
11.345
11.3368
11.2979
11.2771
11.2928
11.3162
11.3312
11.3622
11.363
11.3622
11.3298
11.3395
11.363
11.3722
11.3698
11.3568
11.3777
11.3709
11.3407
11.3528
11.3673
11.3809
11.3986
11.401
11.4157
11.3707
11.3704
11.3613
11.3505
11.3183
11.3391
11.3546
11.358
11.3298
11.3293
11.3288
11.2997
11.3068
11.2871
11.2601
11.2461
11.2702
11.2557
11.2533
11.2614
11.283
11.3065
11.3063
11.2831
11.3126
11.3448
11.337
11.3676
11.3734
11.3603
11.3736
11.3836
11.3872
11.3737
11.364
11.385
11.3996
11.3987
11.4023
11.4046
11.4294
11.4308
11.4385
11.4312
11.4522
11.4383
11.4797
11.4467
11.447
11.4567
11.4723
11.4459
11.4131
11.367
11.3796
11.358
11.3635
11.3538
11.3346
11.3684
11.3586
11.3724
11.3554
11.3272
11.3354
11.3427
11.3455
11.3544
11.3498
11.3454
11.3207
11.2994
11.294
11.2857
11.3208
11.3176
11.3279
11.2875
11.3232
11.3219
11.3521
11.3254
11.3339
11.3432
11.3392
11.3196
11.3198
11.3247
11.309
11.3413
11.332
11.3266
11.3329
11.3355
11.3314
11.3309
11.3247
11.3289
11.3423
11.35
11.3491
11.3635
11.3389
11.3238
11.2802
11.2897
11.2646
11.254
11.2693
11.2473
11.2342
11.2117
11.1558
11.1601
11.1557
11.1453
11.16
11.1787
11.1457
11.1517
11.102
11.1047
11.1021
11.0876
11.094
11.0699
11.0562
11.0735
11.0788
11.0788
11.0681
11.028
11.0318
11.0424
11.0452
11.0649
11.0921
11.0751
11.0762
11.0946
11.1143
11.1037
11.1259
11.0824
11.0831
11.0867
11.1148
11.0759
11.1161
11.089
11.1123
11.058
11.0363
11.0397
11.0196
10.9992
11.0019
11.0127
11.0045
10.9914
10.9733
10.9977
11.005
11.0025
10.9875
11.0174
11.0279
11.0303
11.0532
11.0643
11.0847
11.1042
11.1012
11.0905
11.1168
11.0975
11.1028
11.0875
11.1031
11.1205
11.1506
11.1542
11.1561
11.1339
11.1369
11.1657
11.16
11.1865
11.1934
11.1607
11.1832
11.1832
11.1886
11.1682
11.1967
11.1945
11.2046
11.1663
11.1778
11.1647
11.189
11.2028
11.2059
11.2267
11.1924
11.1855
11.2027
11.2088
11.1997
11.1757
11.1714
11.1231
11.1223
11.1064
11.0839
11.1138
11.1017
11.0905
11.0847
11.0891
11.0994
11.1077
11.1408
11.1452
11.1679
11.1159
11.134
11.1383
11.1491
11.1314
11.1158
11.1196
11.1532
11.1563
11.1596
11.1672
11.1656
11.1756
11.1854
11.1749
11.1681
11.1744
11.171
11.1582
11.1711
11.1851
11.1316
11.1461
11.1123
11.1343
11.1418
11.1014
11.106
11.1057
11.1273
11.1478
11.1434
11.161
11.1457
11.1057
11.1423
11.1618
11.1199
11.1155
11.1043
11.1
11.1063
11.1245
11.1445
11.1446
11.1762
11.1915
11.195
11.2209
11.2575
11.2813
11.282
11.3014
11.326
11.3531
11.3674
11.3719
11.3705
11.3914
11.4259
11.4303
11.4626
11.4537
11.4787
11.4639
11.4666
11.461
11.4907
11.4937
11.501
11.5076
11.4869
11.4805
11.4891
11.5066
11.5198
11.505
11.5187
11.513
11.5243
11.5455
11.5304
11.5029
11.4888
11.4052
11.3785
11.4003
11.4119
11.4217
11.4335
11.4302
11.4193
11.4388
11.4473
11.4447
11.4473
11.4257
11.4436
11.4451
11.4519
11.4318
11.4276
11.4413
11.3852
11.3867
11.3811
11.3702
11.345
11.3578
11.3576
11.3517
11.3142
11.3043
11.3199
11.3378
11.3473
11.3698
11.365
11.39
11.4132
11.3739
11.365
11.3244
11.3309
11.3096
11.3259
11.2751
11.286
11.2968
11.327
11.3229
11.3154
11.3444
11.3521
11.3827
11.3761
11.3624
11.3352
11.3215
11.3216
11.3214
11.3074
11.3095
11.3154
11.3228
11.3245
11.3169
11.2895
11.3206
11.3288
11.2985
11.2833
11.2515
11.2369
11.2254
11.2191
11.2029
11.1956
11.1951
11.207
11.2054
11.1626
11.1627
11.1443
11.1279
11.1634
11.176
11.1627
11.1286
11.1256
11.1431
11.1474
11.1697
11.1245
11.1245
11.1103
11.1193
11.1374
11.174
11.1757
11.1821
11.2224
11.2302
11.2322
11.2554
11.2345
11.2317
11.209
11.2305
11.2353
11.2378
11.2115
11.2482
11.2751
11.2972
11.2689
11.2632
11.2603
11.2642
11.2761
11.2947
11.2703
11.2978
11.3186
11.2804
11.2637
11.2235
11.2198
11.2125
11.2275
11.2105
11.2383
11.2485
11.2152
11.2216
11.2259
11.1972
11.1902
11.1898
11.1825
11.1911
11.1636
11.1563
11.1369
11.0884
11.0586
11.0302
10.9764
11.0041
11.0202
11.0228
11.0301
11.0039
10.9944
10.9535
10.9457
10.9582
10.9754
10.9941
10.9968
10.9888
11.0112
11.028
11.0309
11.0016
11.0037
11.0088
10.9804
10.9836
10.9572
10.9977
10.9926
10.9827
10.969
11.0026
11.033
11.0283
11.0235
11.04
11.0481
11.0377
11.0569
11.0571
11.0626
11.0594
11.0686
11.0785
11.097
11.0906
11.1037
11.1163
11.1167
11.1031
11.0644
11.0679
11.0518
11.0447
11.0335
11.0126
10.9831
11.0133
11.006
11.0096
10.9932
10.9845
10.9865
11.0145
10.9915
11.0227
11.0137
10.9997
11.0099
10.988
10.9829
10.9637
10.981
11.001
11.0265
11.0351
11.0339
11.0447
11.0197
11.0238
11.0259
11.0346
10.9998
10.994
10.9874
11.0136
10.9921
11.0103
11.0049
10.9746
10.9555
10.9604
10.9678
10.9317
10.9361
10.947
10.9668
10.9965
11.0045
11.025
11.0252
11.0479
11.0314
11.0284
11.0176
11.0418
11.0408
11.0641
11.063
11.0713
11.0982
11.1121
11.1075
11.1277
11.1127
11.1065
11.0699
11.0783
11.0765
11.1055
11.09
11.1093
11.1385
11.1303
11.1179
11.1262
11.1536
11.1747
11.1932
11.2069
11.1898
11.1916
11.1665
11.1527
11.1515
11.1482
11.1454
11.1319
11.1362
11.1083
11.1179
11.1475
11.1808
11.174
11.1807
11.2045
11.1931
11.2175
11.2213
11.2109
11.2045
11.2196
11.2124
11.2426
11.2224
11.2387
11.2611
11.277
11.3021
11.314
11.3403
11.3561
11.3772
11.3764
11.3804
11.3977
11.3972
11.4243
11.4296
11.4341
11.463
11.4449
11.4289
11.4301
11.4454
11.4047
11.3594
11.3178
11.323
11.3451
11.3215
11.3365
11.3593
11.3485
11.3904
11.3974
11.3631
11.3394
11.3076
11.3069
11.2884
11.2895
11.3045
11.3087
11.3183
11.3534
11.3579
11.3706
11.3841
11.4042
11.404
11.3521
11.3476
11.3625
11.3745
11.3984
11.3964
11.411
11.4318
11.4387
11.4381
11.4598
11.4626
11.4787
11.4716
11.4874
11.4844
11.4939
11.4975
11.5209
11.556
11.5438
11.5638
11.534
11.5632
11.5874
11.564
11.549
11.5435
11.5685
11.5659
11.6016
11.5873
11.5931
11.5631
11.5656
11.5738
11.5937
11.6127
11.6174
11.6322
11.6158
11.6145
11.5949
11.5884
11.6062
11.5735
11.5964
11.58
11.5962
11.5844
11.5516
11.5534
11.562
11.5453
11.5561
11.5633
11.5452
11.5401
11.5679
11.5723
11.5711
11.5065
11.4512
11.4157
11.4263
11.4411
11.4323
11.4026
11.3685
11.4015
11.4219
11.4226
11.4443
11.4291
11.4511
11.4751
11.4659
11.4673
11.4627
11.4798
11.4367
11.438
11.4513
11.4398
11.3987
11.3666
11.3906
11.4145
11.4227
11.3718
11.3484
11.3437
11.2889
11.2772
11.2731
11.2733
11.289
11.2871
11.2605
11.2121
11.1833
11.1828
11.1929
11.1568
11.1415
11.1658
11.1515
11.1358
11.1853
11.1725
11.1682
11.1622
11.1498
11.1743
11.1607
11.1379
11.1339
11.144
11.1294
11.1606
11.1598
11.1695
11.1748
11.1865
11.1911
11.1669
11.188
11.172
11.1587
11.1637
11.1191
11.1425
11.1239
11.1265
11.1495
11.1462
11.1304
11.1359
11.1437
11.1624
11.1878
11.1906
11.2304
11.1664
11.1828
11.1794
11.2025
11.2053
11.1962
11.179
11.2074
11.2098
11.2362
11.2455
11.2187
11.2085
11.2214
11.2167
11.2131
11.2
11.1937
11.1944
11.1891
11.1939
11.2195
11.2041
11.2065
11.2052
11.2126
11.2205
11.2337
11.234
11.2781
11.286
11.2512
11.2623
11.2723
11.2747
11.2367
11.247
11.2477
11.2664
11.2444
11.2065
11.1858
11.1849
11.2035
11.1924
11.2112
11.2069
11.1943
11.1825
11.1753
11.1679
11.1217
11.1537
11.1214
11.1355
11.1384
11.1527
11.147
11.1742
11.2199
11.2031
11.1952
11.1354
11.1501
11.1725
11.1937
11.1923
11.1722
11.1788
11.184
11.1818
11.1555
11.151
11.113
11.1314
11.1303
11.1138
11.0824
11.1057
11.0917
11.0823
11.0875
11.112
11.1159
11.119
11.1019
11.0937
11.0553
11.0484
11.0328
10.9933
10.999
11.0041
11.0035
11.0312
11.0271
11.0265
11.0525
11.067
11.0608
11.0821
11.0846
11.1282
11.1216
11.1072
11.0983
11.0964
11.1046
11.0851
11.0874
11.0532
11.0834
11.0768
11.0697
11.0116
11.0296
11.0404
11.0142
11.0187
11.0195
11.0331
11.0329
11.0304
11.054
11.0387
11.0481
11.0539
11.0606
11.0549
11.0167
11.0445
11.0456
11.0097
10.989
10.998
10.9875
10.9903
10.9802
10.9665
10.9735
10.9921
11.0175
10.9794
10.9758
10.9464
10.9461
10.9484
10.9095
10.933
10.9286
10.9605
10.9633
10.9581
10.9472
10.9199
10.9054
10.8813
10.8246
10.8213
10.849
10.7984
10.8056
10.8299
10.8086
10.8317
10.8322
10.851
10.8183
10.8386
10.8715
10.9027
10.908
10.9146
10.9227
10.9444
10.9294
10.9216
10.9254
10.9244
10.9264
10.9143
10.92
10.8671
10.8577
10.8152
10.8289
10.8254
10.836
10.8251
10.8193
10.8097
10.8281
10.8526
10.8826
10.8855
10.8547
10.7876
10.8153
10.8533
10.839
10.8381
10.8491
10.8477
10.8682
10.889
10.8714
10.8818
10.8797
10.8781
10.8792
10.9049
10.9192
10.9241
10.9445
10.9644
10.9739
10.9755
10.9952
10.9735
10.983
10.9963
11.0196
11.037
11.0485
11.0519
11.0595
11.0411
11.0369
11.0132
11.009
11.0096
11.0261
11.0222
11.0276
11.0068
11.0285
11.058
11.0403
11.0568
11.0523
11.0706
11.0564
11.069
11.061
11.0831
11.0738
11.0946
11.0898
11.0705
11.0811
11.0907
11.0853
11.0867
11.1259
11.1166
11.1071
11.1149
11.1138
11.1355
11.127
11.1079
11.1091
11.0952
11.0891
11.1098
11.0962
11.0964
11.1137
11.1052
11.1044
11.1078
11.1248
11.126
11.1446
11.1282
11.1496
11.1411
11.1012
11.1014
11.0946
11.0243
11.0298
11.0335
11.0011
10.9773
11.0087
10.9898
11.0212
11.0118
10.9699
10.959
10.974
10.9866
10.9934
11.0074
11.0151
10.9859
11.0193
11.0138
11.0419
11.0432
11.0508
11.0225
11.0239
11.0382
11.0794
11.0928
11.08
11.0976
11.0648
11.0775
11.0574
11.0289
11.0227
11.0367
11.066
11.065
11.0843
11.0934
11.0763
11.0739
11.082
11.0827
11.0775
11.0999
11.0937
11.1184
11.1028
11.128
11.1114
11.1233
11.1115
11.0773
11.0762
11.0666
11.069
11.0939
11.1041
11.1145
11.1295
11.1331
11.122
11.1484
11.1657
11.1674
11.167
11.1752
11.168
11.1909
11.2025
11.2079
11.2236
11.2431
11.2154
11.2248
11.2501
11.2678
11.2815
11.2962
11.2991
11.2895
11.3007
11.2965
11.3175
11.3056
11.3047
11.3041
11.307
11.3031
11.2848
11.2904
11.2966
11.3299
11.3493
11.3147
11.3273
11.3273
11.3483
11.361
11.3615
11.3279
11.3446
11.3205
11.3492
11.3302
11.3325
11.3422
11.356
11.3496
11.2974
11.3286
11.311
11.3416
11.3552
11.3601
11.3476
11.3199
11.2931
11.296
11.2661
11.2668
11.271
11.2799
11.267
11.2919
11.312
11.3406
11.3607
11.3757
11.3872
11.3714
11.373
11.3851
11.3937
11.3983
11.439
11.4809
11.4714
11.4916
11.4576
11.4692
11.4801
11.4768
11.5115
11.5392
11.5636
11.5758
11.5952
11.5587
11.5386
11.5526
11.5449
11.5499
11.5595
11.5532
11.5045
11.4937
11.4575
11.4588
11.4769
11.4881
11.4958
11.5132
11.4913
11.4835
11.4827
11.5014
11.5429
11.5446
11.5652
11.5523
11.5079
11.5246
11.5148
11.5175
11.5349
11.5574
11.5785
11.5957
11.6017
11.6426
11.6691
11.6614
11.6391
11.6837
11.6962
11.6785
11.6777
11.679
11.6831
11.6785
11.6686
11.6281
11.607
11.6304
11.6568
11.6344
11.6248
11.6508
11.6311
11.6306
11.6334
11.6284
11.6325
11.6276
11.6105
11.6018
11.5867
11.5793
11.6094
11.6266
11.6447
11.6593
11.6399
11.6693
11.6993
11.7236
11.7216
11.7239
11.7355
11.7016
11.7004
11.656
11.6821
11.6971
11.7015
11.6757
11.662
11.6645
11.6956
11.6998
11.6655
11.663
11.6331
11.6688
11.6786
11.6603
11.6576
11.6455
11.638
11.6446
11.6464
11.6649
11.6789
11.6857
11.6763
11.6681
11.6512
11.6895
11.6855
11.6666
11.6527
11.6474
11.6728
11.6876
11.6884
11.6752
11.696
11.7108
11.7048
11.6814
11.675
11.6932
11.6855
11.6534
11.6673
11.6595
11.6666
11.6706
11.6615
11.6418
11.6713
11.6717
11.6793
11.6945
11.6531
11.6231
11.6206
11.641
11.6027
11.6044
11.6241
11.6328
11.6447
11.6663
11.6343
11.6725
11.6748
11.6865
11.7185
11.7458
11.7505
11.773
11.7838
11.7896
11.7304
11.7268
11.7417
11.7597
11.7412
11.7515
11.7513
11.7616
11.7754
11.7746
11.7566
11.766
11.7796
11.7603
11.7855
11.8169
11.8239
11.8391
11.8519
11.8495
11.854
11.8646
11.8466
11.8417
11.847
11.822
11.8461
11.8458
11.8649
11.8702
11.8674
11.8656
11.8382
11.8242
11.8073
11.7974
11.8138
11.7986
11.7921
11.7723
11.7918
11.7907
11.8178
11.816
11.8511
11.8595
11.8416
11.8465
11.8446
11.8447
11.88
11.8693
11.8832
11.8736
11.8891
11.8773
11.8834
11.8641
11.801
11.8329
11.8705
11.8838
11.9037
11.9223
11.9303
11.9699
11.9792
12.0064
12.0149
12.0176
12.0014
12.0136
12.0197
11.9746
11.9334
11.9444
11.9034
11.8482
11.8576
11.8821
11.8904
11.8883
11.8717
11.8645
11.8603
11.8647
11.8215
11.8135
11.8245
11.8263
11.8281
11.7986
11.8003
11.7891
11.7768
11.7548
11.7505
11.7117
11.7474
11.739
11.7632
11.783
11.7902
11.7907
11.8182
11.8042
11.7739
11.7817
11.7426
11.7606
11.7731
11.7723
11.7787
11.7917
11.7926
11.7824
11.7951
11.789
11.7521
11.7687
11.7554
11.7164
11.7165
11.7595
11.7791
11.7415
11.7547
11.7917
11.777
11.7658
11.7653
11.7503
11.7575
11.7736
11.7606
11.7686
11.7756
11.7801
11.8141
11.822
11.8359
11.8226
11.779
11.8
11.7831
11.7786
11.7893
11.7983
11.7733
11.8029
11.8305
11.8361
11.87
11.8648
11.826
11.8427
11.847
11.8344
11.8227
11.8486
11.8622
11.8715
11.9041
11.925
11.924
11.9063
11.8892
11.8773
11.8947
11.8926
11.9044
11.9168
11.9312
11.9524
11.9748
12
12.0039
11.9837
11.9735
11.9508
11.967
11.9572
11.9585
11.9823
11.9807
11.9498
11.9502
11.8966
11.9282
11.9414
11.8977
11.8202
11.8434
11.7728
11.7453
11.7602
11.7402
11.7416
11.7505
11.7816
11.7967
11.7966
11.8032
11.7886
11.7827
11.7846
11.7808
11.7727
11.7335
11.7089
11.7141
11.6937
11.6739
11.6762
11.6441
11.6469
11.653
11.6294
11.6321
11.6462
11.6103
11.6139
11.6225
11.5947
11.5931
11.5799
11.5774
11.6094
11.616
11.6036
11.6063
11.5735
11.5586
11.5608
11.5643
11.5695
11.6055
11.616
11.5974
11.6099
11.6226
11.6297
11.6565
11.672
11.6834
11.6822
11.6519
11.6723
11.6905
11.7241
11.6916
11.6791
11.6828
11.6708
11.6684
11.6507
11.6214
11.6099
11.6111
11.5789
11.5938
11.5801
11.5784
11.5433
11.4912
11.5269
11.5249
11.5304
11.5483
11.5209
11.5359
11.5342
11.5308
11.5053
11.4987
11.4818
11.4715
11.4865
11.488
11.4756
11.4889
11.4843
11.5049
11.5042
11.4804
11.4555
11.4188
11.4356
11.4337
11.4172
11.413
11.3868
11.3786
11.3712
11.3701
11.3564
11.3513
11.378
11.3361
11.3568
11.3621
11.3638
11.3489
11.333
11.3309
11.3504
11.3466
11.3744
11.3685
11.3503
11.3602
11.3692
11.3427
11.377
11.3688
11.3665
11.4036
11.4027
11.4031
11.4124
11.4001
11.4305
11.3965
11.4042
11.4319
11.4046
11.4186
11.423
11.4492
11.4093
11.4511
11.4679
11.4633
11.4777
11.4676
11.476
11.4976
11.5251
11.5217
11.5033
11.4582
11.4656
11.4771
11.4662
11.4675
11.4576
11.4262
11.4254
11.4316
11.41
11.4372
11.4187
11.4469
11.4568
11.4658
11.4921
11.504
11.4799
11.4773
11.4929
11.5261
11.5459
11.5404
11.5474
11.5648
11.5916
11.6059
11.625
11.6425
11.6518
11.6356
11.6572
11.6831
11.6756
11.6813
11.6347
11.6244
11.587
11.5803
11.6039
11.5625
11.5838
11.6118
11.5988
11.5888
11.6028
11.5882
11.5854
11.5535
11.5572
11.5274
11.5227
11.5189
11.5367
11.5566
11.5581
11.5687
11.5779
11.5812
11.621
11.6323
11.6206
11.6156
11.6309
11.6337
11.6524
11.6732
11.6718
11.6977
11.6835
11.7164
11.7059
11.6984
11.6813
11.6928
11.6643
11.6591
11.6775
11.6966
11.6541
11.6274
11.6024
11.5693
11.6092
11.615
11.596
11.5988
11.583
11.6055
11.5929
11.5527
11.5402
11.5559
11.575
11.5684
11.5684
11.6063
11.6243
11.6192
11.6361
11.6523
11.6423
11.6271
11.612
11.6333
11.6128
11.5653
11.5811
11.5806
11.6041
11.6438
11.6512
11.6605
11.6721
11.642
11.6315
11.6602
11.6337
11.6325
11.6407
11.6173
11.6304
11.6141
11.6359
11.619
11.6141
11.629
11.5997
11.6057
11.6003
11.6077
11.6376
11.6573
11.6181
11.6027
11.5935
11.5808
11.5998
11.6001
11.622
11.6073
11.6243
11.6345
11.6384
11.6454
11.6608
11.6567
11.6532
11.6381
11.6741
11.7126
11.7109
11.6711
11.6407
11.6124
11.6087
11.6017
11.6151
11.6106
11.6094
11.6084
11.6116
11.5957
11.594
11.5594
11.5476
11.5524
11.5721
11.5391
11.5217
11.5133
11.5351
11.5398
11.5609
11.5919
11.6297
11.5662
11.5555
11.512
11.4977
11.426
11.4406
11.4284
11.4118
11.4182
11.4195
11.4421
11.4155
11.4227
11.3931
11.342
11.3547
11.3618
11.3782
11.3971
11.4167
11.425
11.4099
11.4187
11.4434
11.4648
11.4448
11.43
11.4414
11.4336
11.4468
11.4307
11.4167
11.4432
11.4608
11.4609
11.468
11.4557
11.4218
11.4377
11.4478
11.4467
11.4743
11.4907
11.4858
11.4962
11.4597
11.4663
11.4838
11.5009
11.5025
11.5221
11.5348
11.5655
11.561
11.5491
11.5554
11.5501
11.5477
11.5474
11.5457
11.5225
11.5086
11.5166
11.5376
11.5111
11.5469
11.5521
11.5548
11.5639
11.5505
11.5423
11.5542
11.5779
11.5847
11.5382
11.5735
11.5538
11.5382
11.5272
11.5059
11.4599
11.4173
11.4314
11.4228
11.4426
11.4474
11.4432
11.4424
11.4366
11.4383
11.4314
11.4497
11.464
11.4494
11.4452
11.4438
11.4661
11.4839
11.443
11.4476
11.4531
11.4742
11.4676
11.5015
11.4514
11.4384
11.4521
11.4614
11.461
11.465
11.4289
11.4271
11.4075
11.4169
11.4189
11.4285
11.4334
11.3813
11.4126
11.3977
11.3716
11.3817
11.3426
11.3328
11.3461
11.3532
11.3883
11.4043
11.4419
11.4395
11.4521
11.4519
11.4633
11.4418
11.4338
11.4298
11.431
11.4365
11.4294
11.416
11.411
11.4374
11.4565
11.435
11.4398
11.4476
11.4502
11.4403
11.457
11.451
11.4525
11.483
11.4987
11.5019
11.5087
11.549
11.53
11.5278
11.5072
11.5133
11.4798
11.478
11.4665
11.414
11.4345
11.4402
11.4516
11.4278
11.4481
11.4815
11.4961
11.4977
11.4892
11.4839
11.4632
11.4616
11.4612
11.4112
11.4067
11.4473
11.4612
11.4626
11.448
11.4804
11.4817
11.473
11.5055
11.5181
11.5216
11.5269
11.5558
11.5685
11.5562
11.5628
11.5947
11.5699
11.571
11.5167
11.4873
11.466
11.4378
11.4582
11.4533
11.4829
11.4684
11.469
11.4838
11.5023
11.4623
11.4508
11.4554
11.4829
11.4627
11.4643
11.4617
11.4577
11.4632
11.4787
11.5012
11.4633
11.4708
11.4972
11.528
11.5545
11.5523
11.5306
11.5288
11.5414
11.5306
11.5575
11.5753
11.5874
11.598
11.5591
11.5963
11.6307
11.6243
11.5872
11.5966
11.6042
11.5826
11.5774
11.556
11.5653
11.5658
11.5904
11.567
11.5842
11.5649
11.5775
11.5454
11.5608
11.5638
11.5506
11.5733
11.5705
11.5736
11.5826
11.5668
11.5788
11.5783
11.5625
11.5593
11.5686
11.572
11.5338
11.5656
11.5374
11.5214
11.5213
11.4871
11.5005
11.525
11.5102
11.5535
11.5696
11.5722
11.5377
11.5332
11.5488
11.535
11.511
11.5346
11.5536
11.5865
11.6068
11.5795
11.5792
11.5953
11.5986
11.615
11.5902
11.567
11.6118
11.628
11.6439
11.6284
11.6461
11.6322
11.603
11.6227
11.6114
11.6307
11.636
11.6445
11.6426
11.6653
11.6687
11.6767
11.7014
11.7181
11.7071
11.688
11.7004
11.6855
11.7018
11.6964
11.6964
11.717
11.7208
11.7327
11.7411
11.7581
11.7438
11.7184
11.7388
11.7014
11.6768
11.6765
11.6801
11.6735
11.6783
11.689
11.7039
11.6774
11.6859
11.6496
11.6095
11.6048
11.5854
11.5976
11.5314
11.5592
11.5141
11.5229
11.523
11.5096
11.5056
11.5031
11.4987
11.5186
11.4874
11.5058
11.4902
11.5042
11.5049
11.5312
11.5026
11.4702
11.4867
11.4976
11.5116
11.5115
11.506
11.5015
11.4643
11.4602
11.4512
11.4608
11.4716
11.4749
11.4892
11.4767
11.4483
11.4705
11.4851
11.4659
11.4533
11.4064
11.4004
11.4033
11.3773
11.3656
11.3541
11.3766
11.3654
11.3666
11.3815
11.3918
11.4018
11.424
11.434
11.4146
11.4409
11.4651
11.4347
11.4248
11.4119
11.4033
11.392
11.3681
11.366
11.3842
11.3843
11.4356
11.428
11.433
11.4334
11.4446
11.4219
11.4345
11.4327
11.4505
11.4404
11.4647
11.4761
11.4748
11.4676
11.4698
11.4358
11.4524
11.4588
11.4674
11.4248
11.3942
11.3844
11.4114
11.3911
11.372
11.3761
11.38
11.3831
11.3769
11.3551
11.3688
11.3802
11.4065
11.4426
11.4492
11.46
11.4908
11.5094
11.525
11.5307
11.5371
11.5483
11.5586
11.5435
11.5702
11.5883
11.6104
11.6198
11.6273
11.647
11.6601
11.6473
11.6348
11.6106
11.6307
11.6155
11.5975
11.5988
11.5906
11.5998
11.6121
11.599
11.6143
11.6452
11.6758
11.6425
11.6524
11.6482
11.6183
11.6393
11.6866
11.6957
11.6797
11.6526
11.646
11.6533
11.6716
11.697
11.6852
11.6915
11.6681
11.664
11.6661
11.6479
11.6668
11.665
11.6497
11.6393
11.6822
11.6849
11.7048
11.731
11.6805
11.6955
11.7004
11.7103
11.7108
11.7278
11.7504
11.7392
11.7483
11.7508
11.7297
11.711
11.7061
11.6974
11.6734
11.6247
11.6512
11.6998
11.727
11.7541
11.7461
11.7066
11.7056
11.7372
11.7497
11.7472
11.7455
11.7544
11.7466
11.715
11.7318
11.7695
11.7923
11.7859
11.7829
11.7746
11.7821
11.8114
11.8045
11.8277
11.8375
11.8259
11.8351
11.8396
11.8207
11.7937
11.8068
11.8237
11.7858
11.7875
11.8064
11.8062
11.7962
11.8053
11.7863
11.7692
11.762
11.7708
11.7544
11.7711
11.7553
11.7586
11.7583
11.7958
11.7794
11.7811
11.7623
11.7724
11.7695
11.8054
11.812
11.8193
11.8348
11.833
11.8509
11.8704
11.8768
11.9065
11.8937
11.7769
11.7616
11.7776
11.7934
11.833
11.8305
11.841
11.8429
11.8445
11.858
11.8501
11.8635
11.8673
11.8205
11.827
11.8305
11.783
11.7485
11.7505
11.7483
11.7803
11.8057
11.8174
11.8066
11.8526
11.8377
11.8182
11.8353
11.8148
11.817
11.8196
11.7865
11.7908
11.7954
11.8303
11.8248
11.7848
11.768
11.7774
11.7695
11.8059
11.792
11.8102
11.8265
11.8334
11.8306
11.8194
11.8124
11.7952
11.7443
11.7141
11.7079
11.6923
11.7111
11.6865
11.6912
11.6433
11.6414
11.6455
11.6728
11.6704
11.6827
11.6944
11.6947
11.6548
11.6598
11.6747
11.6308
11.6434
11.668
11.6295
11.6212
11.6243
11.6395
11.6493
11.631
11.6387
11.6418
11.6377
11.6283
11.6437
11.6496
11.6409
11.5782
11.5854
11.5749
11.5735
11.5617
11.5296
11.5492
11.5654
11.5575
11.485
11.4759
11.4836
11.4355
11.4092
11.3991
11.4184
11.4305
11.388
11.3875
11.3776
11.3814
11.4084
11.4231
11.4018
11.4151
11.4401
11.4195
11.4209
11.4261
11.4577
11.4262
11.4342
11.4694
11.4456
11.4373
11.4165
11.4243
11.3984
11.3968
11.4134
11.4206
11.4365
11.429
11.4542
11.4652
11.4607
11.4514
11.4658
11.4938
11.4937
11.4851
11.4937
11.5322
11.4576
11.4673
11.4606
11.435
11.469
11.484
11.5173
11.5467
11.5696
11.5338
11.5562
11.5514
11.5461
11.5133
11.4548
11.4414
11.4032
11.3985
11.4419
11.4585
11.4443
11.4352
11.4402
11.4567
11.4934
11.4819
11.4669
11.4812
11.4562
11.4708
11.4817
11.4879
11.4732
11.4707
11.4745
11.4744
11.4884
11.4818
11.5017
11.4835
11.4876
11.5118
11.5214
11.5309
