0
0.73789
0.742912
0.678402
0.694208
0.636971
0.659678
0.606742
0.637339
0.580047
0.611847
0.562927
0.600104
0.549633
0.589111
0.542705
0.583059
0.535102
0.583175
0.536185
0.584069
0.537133
0.585616
0.538841
0.588868
0.542902
0.594813
0.547837
0.599684
0.548797
0.603645
0.554248
0.60795
0.557305
0.613368
0.563049
0.618738
0.567895
0.622747
0.572452
0.627417
0.574502
0.633706
0.579883
0.637593
0.582046
0.642433
0.591219
0.651209
0.596363
0.656871
0.602813
0.662655
0.60618
0.667649
0.611484
0.670861
0.61609
0.67888
0.62387
0.685733
0.62862
0.691046
0.634354
0.699835
0.641711
0.706816
0.645908
0.709511
0.650122
0.713867
0.651456
0.716147
0.655953
0.717906
0.658178
0.722485
0.661646
0.726792
0.665448
0.730477
0.668082
0.73415
0.670869
0.736901
0.675847
0.741151
0.679891
0.746176
0.684953
0.750544
0.685691
0.75151
0.686848
0.7558
0.692667
0.761736
0.697487
0.765678
0.697098
0.766637
0.702414
0.770845
0.706836
0.772614
0.706963
0.775076
0.708244
0.776916
0.711101
0.778192
0.711336
0.777666
0.709638
0.778792
0.712535
0.780728
0.714537
0.783905
0.718814
0.785967
0.720238
0.788708
0.720716
0.790078
0.722437
0.791511
0.724788
0.792765
0.724634
0.792207
0.724368
0.792264
0.724389
0.792205
0.72559
0.79406
0.729422
0.795411
0.7275
0.79597
0.72816
0.796452
0.728584
0.795669
0.729752
0.796921
0.730748
0.799726
0.731514
0.801357
0.731521
0.79972
0.732128
0.799262
0.729624
0.798439
0.731734
0.800563
0.730617
0.799676
0.733324
0.803852
0.735245
0.804476
0.737823
0.807103
0.737483
0.806133
0.736721
0.804875
0.737153
0.807818
0.739136
0.807863
0.739749
0.808072
0.739699
0.807026
0.73926
0.808491
0.739407
0.810724
0.741265
0.809922
0.741681
0.812499
0.740773
0.809016
0.741913
0.81304
0.743285
0.811619
0.741059
0.809897
0.74095
0.811302
0.742762
0.811621
0.743443
0.813908
0.744494
0.815236
0.741435
0.811112
0.74283
0.811761
0.742614
0.813812
0.743786
0.813363
0.742747
0.811624
0.741338
0.812849
0.741941
0.811443
0.742508
0.814199
0.744811
0.814915
0.744562
0.812427
0.744486
0.814184
0.745596
0.816995
0.748001
0.818565
0.747472
0.817165
0.746314
0.816265
0.748216
0.819411
0.748587
0.817498
0.746997
0.817127
0.747729
0.818452
0.748135
0.817427
0.746072
0.817256
0.746981
0.816837
0.748216
0.818511
0.748419
0.819561
0.750086
0.818167
0.746501
0.817774
0.749293
0.819683
0.750824
0.820778
0.751018
0.818795
0.746546
0.816317
0.747195
0.817257
0.74792
0.81683
0.747038
0.818059
0.747943
0.815962
0.746414
0.817134
0.74655
0.816865
0.746093
0.817883
0.744763
0.815474
0.745594
0.815226
0.744676
0.814474
0.744996
0.814804
0.746371
0.815246
0.745036
0.816147
0.746655
0.817052
0.748702
0.817174
0.749039
0.819005
0.747918
0.81753
0.749315
0.819959
0.751374
0.822
0.752194
0.821798
0.748121
0.817098
0.749646
0.819065
0.748624
0.818588
0.749736
0.817071
0.747937
0.818262
0.747781
0.817398
0.746172
0.81737
0.749476
0.818866
0.74754
0.81491
0.745679
0.815475
0.747147
0.817762
0.746592
0.816297
0.748187
0.818483
0.747996
0.818314
0.748069
0.817275
0.745215
0.817253
0.74744
0.817286
0.748004
0.81534
0.74417
0.813739
0.744465
0.813671
0.743709
0.812929
0.741466
0.811789
0.741732
0.810156
0.7411
0.810551
0.742044
0.813035
0.744317
0.815841
0.745088
0.814883
0.743778
0.812693
0.742294
0.81284
0.743225
0.813005
0.741145
0.811244
0.740754
0.810611
0.740706
0.810956
0.741412
0.81192
0.742327
0.815642
0.745425
0.814105
0.744099
0.812924
0.742749
0.814248
0.743386
0.811675
0.74259
0.814143
0.743236
0.812262
0.742949
0.813812
0.744474
0.813799
0.744316
0.814786
0.743408
0.815048
0.74463
0.81313
0.742944
0.814167
0.74367
0.811693
0.741055
0.812057
0.743831
0.814231
0.743672
0.813343
0.740732
0.81114
0.741665
0.813949
0.745866
0.815661
0.746003
0.81492
0.746802
0.815878
0.743099
0.813719
0.743939
0.814648
0.743884
0.815135
0.743443
0.813766
0.742482
0.813047
0.743605
0.81501
0.743176
0.813532
0.744272
0.81627
0.745825
0.813661
0.743521
0.814336
0.7434
0.813866
0.743908
0.814723
0.744768
0.816135
0.742773
0.812755
0.743368
0.81299
0.743547
0.81504
0.745255
0.815128
0.747632
0.817176
0.743017
0.811585
0.740483
0.81115
0.742854
0.813596
0.744347
0.812504
0.742158
0.811314
0.740442
0.811502
0.742169
0.813797
0.742254
0.813042
0.743991
0.813289
0.744677
0.816078
0.743154
0.813202
0.742837
0.813702
0.740993
0.812209
0.744047
0.816427
0.74641
0.817348
0.748965
0.817736
0.747863
0.818062
0.748624
0.817801
0.748149
0.816402
0.747687
0.818294
0.748764
0.815666
0.745571
0.815717
0.745728
0.815543
0.745809
0.816761
0.747101
0.817976
0.749401
0.81934
0.748513
0.818862
0.748784
0.81689
0.747094
0.817031
0.746198
0.814627
0.744231
0.814987
0.745654
0.8171
0.746358
0.814988
0.744761
0.814258
0.743857
0.81606
0.744279
0.815722
0.744847
0.814653
0.74584
0.813978
0.745357
0.815766
0.747458
0.816709
0.746519
0.816478
0.745058
0.814949
0.746101
0.815798
0.747297
0.818127
0.745418
0.814658
0.744962
0.814684
0.74274
0.810484
0.740393
0.81162
0.741096
0.810499
0.740739
0.811028
0.741768
0.814027
0.743852
0.814122
0.744723
0.816397
0.747161
0.817027
0.746363
0.815694
0.748103
0.819149
0.750792
0.820212
0.750334
0.822247
0.752773
0.821244
0.752114
0.821605
0.751847
0.820815
0.747612
0.817553
0.747942
0.816036
0.744428
0.814072
0.744817
0.814352
0.744871
0.813893
0.744411
0.815086
0.745113
0.813822
0.745277
0.813512
0.742974
0.812046
0.745453
0.814041
0.743917
0.814528
0.745799
0.815188
0.744755
0.815293
0.745976
0.81502
0.745181
0.814677
0.744434
0.813733
0.742582
0.814103
0.744726
0.813688
0.745412
0.813459
0.744635
0.815864
0.7445
0.814844
0.744931
0.815313
0.74563
0.814924
0.744153
0.814643
0.743666
0.814674
0.743694
0.814059
0.746204
0.815544
0.744889
0.815623
0.745174
0.813521
0.743888
0.814694
0.743583
0.81439
0.744232
0.815494
0.743849
0.812697
0.741766
0.812521
0.743415
0.811372
0.74142
0.810771
0.742556
0.812443
0.744702
0.813845
0.74605
0.817061
0.747906
0.818889
0.749219
0.819267
0.75036
0.819443
0.750441
0.821151
0.748253
0.818655
0.747206
0.816262
0.745549
0.812726
0.743293
0.814148
0.744233
0.813866
0.745475
0.815975
0.746534
0.815457
0.746231
0.814912
0.744601
0.814267
0.744747
0.814266
0.745842
0.816389
0.746276
0.816772
0.748656
0.817133
0.74839
0.81674
0.746297
0.814637
0.74386
0.812372
0.743033
0.812831
0.741699
0.814171
0.742957
0.81322
0.744174
0.813588
0.745518
0.815873
0.745095
0.813338
0.742183
0.811685
0.742893
0.812978
0.742447
0.813237
0.740678
0.811418
0.741447
0.810677
0.74147
0.811054
0.741537
0.812313
0.743087
0.814187
0.743611
0.815185
0.745073
0.816303
0.748111
0.817864
0.746504
0.817737
0.745823
0.81771
0.746673
0.816188
0.747509
0.81817
0.747726
0.816221
0.747675
0.817381
0.744977
0.814815
0.744628
0.814366
0.745189
0.815844
0.746965
0.817085
0.745254
0.814402
0.746261
0.816494
0.746107
0.81535
0.744527
0.813855
0.743748
0.81439
0.743607
0.811655
0.741789
0.808902
0.740015
0.810515
0.739514
0.811016
0.74124
0.81193
0.742531
0.813148
0.744053
0.813615
0.744079
0.812398
0.739958
0.810697
0.740784
0.81003
0.740701
0.809176
0.739517
0.812578
0.743884
0.810817
0.74142
0.811591
0.742102
0.811865
0.742757
0.81255
0.742427
0.811969
0.743794
0.815043
0.743375
0.813904
0.742482
0.811717
0.743084
0.813339
0.742797
0.815444
0.744121
0.81201
0.744858
0.812908
0.7433
0.813412
0.744655
0.816253
0.746134
0.817132
0.746633
0.816468
0.745643
0.815014
0.746108
0.817465
0.746905
0.816514
0.747103
0.815854
0.747233
0.817064
0.746164
0.816037
0.746997
0.81555
0.746112
0.81587
0.747215
0.815523
0.744586
0.814009
0.742055
0.813785
0.743373
0.813651
0.743576
0.812445
0.741977
0.812771
0.741475
0.813998
0.742245
0.81046
0.742859
0.812985
0.742787
0.814563
0.745914
0.816191
0.744698
0.813679
0.744586
0.81675
0.747013
0.817322
0.745622
0.813975
0.746078
0.814993
0.74444
0.816168
0.742826
0.81308
0.742072
0.813007
0.743368
0.811542
0.742966
0.813027
0.744522
0.814517
0.745308
0.814791
0.745697
0.815496
0.743138
0.812139
0.742864
0.812739
0.743603
0.81338
0.744242
0.814337
0.746176
0.814868
0.745182
0.816486
0.746703
0.814958
0.745964
0.816846
0.744363
0.815078
0.744916
0.815521
0.745666
0.814565
0.743552
0.812979
0.74425
0.814778
0.746415
0.817606
0.748304
0.817597
0.748128
0.817564
0.74613
0.81358
0.743275
0.814456
0.743876
0.814448
0.745153
0.816652
0.745242
0.815079
0.747391
0.8181
0.747107
0.814231
0.745161
0.815406
0.746231
0.814549
0.742879
0.812615
0.742845
0.814942
0.74511
0.816034
0.747227
0.818788
0.74899
0.817852
0.74703
0.817376
0.746784
0.815384
0.746787
0.817505
0.748429
0.817744
0.746303
0.814501
0.743299
0.812997
0.743165
0.812935
0.741971
0.81072
0.740343
0.810745
0.742022
0.812951
0.740608
0.810912
0.742588
0.811791
0.739427
0.810659
0.740756
0.81092
0.741835
0.812023
0.743339
0.81337
0.745231
0.814203
0.745091
0.815118
0.7466
0.815349
0.747737
0.81759
0.748281
0.818684
0.747058
0.815946
0.74599
0.814319
0.7467
0.818748
0.748222
0.817198
0.7496
0.82074
0.74871
0.819541
0.750291
0.819332
0.749071
0.819465
0.749063
0.818876
0.749181
0.820785
0.749536
0.820128
0.749407
0.818641
0.746537
0.817457
0.746365
0.817351
0.746558
0.817161
0.746366
0.815815
0.746505
0.81643
0.747273
0.816721
0.746841
0.814793
0.745742
0.816046
0.745858
0.816017
0.744832
0.814805
0.743108
0.813548
0.744448
0.815407
0.746019
0.814011
0.743695
0.815255
0.746257
0.81786
0.747938
0.816507
0.748556
0.820082
0.749995
0.820423
0.750299
0.818339
0.748169
0.818254
0.747513
0.817125
0.748074
0.817056
0.748477
0.819723
0.748296
0.818293
0.748297
0.818683
0.746793
0.816946
0.745805
0.814421
0.74351
0.812905
0.743745
0.813847
0.744994
0.814609
0.743779
0.813213
0.741095
0.812938
0.742087
0.811167
0.741151
0.812851
0.742413
0.814604
0.744489
0.815926
0.745253
0.815774
0.745332
0.816311
0.744374
0.812067
0.741957
0.814111
0.742349
0.811554
0.743084
0.814001
0.743861
0.813756
0.74348
0.812744
0.744401
0.8125
0.742639
0.812903
0.743224
0.813237
0.742235
0.814126
0.742328
0.811237
0.739459
0.81232
0.742793
0.812872
0.742733
0.813419
0.74098
0.812055
0.741753
0.813023
0.743405
0.814322
0.744695
0.814317
0.744461
0.811097
0.74453
0.813788
0.743287
0.813812
0.744949
0.815432
0.743822
0.815128
0.743812
0.814597
0.744582
0.816381
0.746926
0.816372
0.746554
0.816055
0.746745
0.818013
0.745255
0.816256
0.746128
0.81647
0.745228
0.814886
0.743208
0.8133
0.74433
0.815684
0.746616
0.817159
0.747127
0.815396
0.740836
0.810691
0.74046
0.809707
0.73915
0.807925
0.736316
0.808468
0.740178
0.809955
0.740833
0.810837
0.742489
0.812994
0.743548
0.814076
0.743819
0.814284
0.742516
0.811369
0.7408
0.811888
0.741034
0.813535
0.743997
0.814453
0.744072
0.816062
0.744724
0.81432
0.744589
0.813571
0.744708
0.813713
0.742909
0.813361
0.743542
0.814046
0.743875
0.814229
0.743369
0.812555
0.743367
0.813627
0.743226
0.811791
0.742683
0.813612
0.743227
0.813268
0.741529
0.810825
0.742131
0.81023
0.741613
0.811981
0.742812
0.810237
0.742064
0.814002
0.742401
0.811528
0.741189
0.811252
0.741325
0.812303
0.742778
0.813401
0.74413
0.813898
0.744938
0.815441
0.742617
0.812537
0.74451
0.81601
0.746549
0.81762
0.744956
0.815335
0.742686
0.812247
0.74181
0.812353
0.742586
0.811847
0.742521
0.813477
0.743806
0.813162
0.743665
0.816045
0.74776
0.816354
0.746892
0.816519
0.745247
0.814639
0.744962
0.81465
0.746374
0.816004
0.747066
0.815121
0.743537
0.814532
0.745191
0.814242
0.744637
0.815006
0.74463
0.814541
0.74534
0.816161
0.744867
0.814305
0.745897
0.815906
0.744156
0.815144
0.74556
0.815652
0.74588
0.818354
0.747425
0.818127
0.748783
0.819251
0.749632
0.818846
0.746177
0.815851
0.74501
0.814364
0.747203
0.817346
0.747311
0.817867
0.747047
0.81661
0.744972
0.815148
0.743842
0.813399
0.743376
0.814677
0.745354
0.815309
0.74571
0.814944
0.74546
0.816271
0.745572
0.816775
0.748249
0.816761
0.747232
0.816918
0.747506
0.815972
0.747717
0.816607
0.747409
0.817512
0.748713
0.817992
0.749554
0.817843
0.747909
0.815262
0.744077
0.814778
0.743026
0.812735
0.742526
0.812406
0.74329
0.813052
0.743133
0.814086
0.742521
0.810964
0.739318
0.809336
0.740084
0.811101
0.741781
0.81217
0.73974
0.812461
0.743065
0.814946
0.744834
0.814571
0.743769
0.8123
0.740708
0.813642
0.742242
0.813297
0.744634
0.815286
0.743653
0.814472
0.745705
0.816787
0.748185
0.816938
0.747071
0.816122
0.747406
0.81587
0.744563
0.815108
0.74324
0.814069
0.743686
0.811906
0.740701
0.812697
0.741577
0.812997
0.742418
0.814212
0.745331
0.814253
0.743607
0.813298
0.742707
0.812201
0.742078
0.811795
0.741208
0.811132
0.741212
0.812803
0.741769
0.812598
0.745711
0.816689
0.747202
0.819015
0.747617
0.817064
0.746825
0.813874
0.742903
0.814127
0.742404
0.81359
0.744683
0.815861
0.747693
0.815416
0.74662
0.817521
0.747205
0.816943
0.748155
0.818153
0.749486
0.818365
0.749406
0.819421
0.750658
0.821588
0.750616
0.819296
0.749211
0.81985
0.749546
0.820221
0.749135
0.818922
0.748358
0.81913
0.746373
0.816212
0.745458
0.816648
0.747589
0.818021
0.749444
0.817704
0.7484
0.819943
0.74929
0.81805
0.749086
0.820203
0.75084
0.819059
0.748597
0.81849
0.749801
0.819741
0.747701
0.816517
0.748433
0.818411
0.748882
0.818641
0.747979
0.815494
0.746454
0.815028
0.742451
0.812872
0.743817
0.812918
0.743181
0.81129
0.742207
0.813083
0.745027
0.814504
0.743994
0.813322
0.741464
0.810348
0.739312
0.811864
0.742468
0.812811
0.743213
0.813625
0.745073
0.81555
0.747817
0.817122
0.747813
0.81804
0.746289
0.816914
0.748559
0.818615
0.748496
0.816761
0.745481
0.815732
0.746189
0.815031
0.746158
0.81598
0.745319
0.812652
0.740892
0.809785
0.741814
0.812496
0.742466
0.813638
0.743304
0.813474
0.742614
0.811105
0.742133
0.813097
0.742598
0.813701
0.745173
0.815257
0.746792
0.816955
0.745775
0.813728
0.74394
0.81313
0.743509
0.813653
0.742672
0.81339
0.743914
0.81472
0.743623
0.813164
0.745303
0.815881
0.745502
0.814654
0.746057
0.81609
0.748026
0.818433
0.747668
0.816728
0.74468
0.814602
0.744872
0.814143
0.745387
0.814491
0.741461
0.811552
0.741794
0.811365
0.743265
0.811974
0.741907
0.811561
0.742929
0.814055
0.746624
0.815523
0.746489
0.81758
0.748244
0.817787
0.744489
0.812129
0.742457
0.811996
0.743665
0.814635
0.745157
0.816122
0.746273
0.816392
0.747284
0.817001
0.74556
0.815101
0.745608
0.816366
0.746882
0.817648
0.746673
0.816274
0.745226
0.815355
0.745676
0.815425
0.743249
0.813774
0.74188
0.810302
0.742163
0.812467
0.740511
0.812095
0.74069
0.813004
0.742075
0.812495
0.741495
0.809436
0.742316
0.812566
0.742841
0.813093
0.742292
0.811003
0.740681
0.811544
0.743712
0.813417
0.746241
0.815389
0.74504
0.815384
0.7445
0.815967
0.745493
0.81381
0.74387
0.813971
0.745292
0.815795
0.746941
0.817348
0.747757
0.81916
0.748551
0.81873
0.749579
0.816555
0.7459
0.815482
0.745151
0.816088
0.747345
0.815461
0.74588
0.815722
0.747873
0.817469
0.74666
0.817504
0.744754
0.815964
0.743189
0.812768
0.74542
0.814736
0.744559
0.814362
0.744767
0.81314
0.742325
0.813524
0.742607
0.812498
0.741007
0.812389
0.741751
0.813613
0.74425
0.813929
0.745494
0.815808
0.744488
0.814671
0.745011
0.813749
0.745422
0.815934
0.746696
0.817648
0.748592
0.819883
0.749259
0.819361
0.748677
0.816524
0.746847
0.813991
0.742999
0.81296
0.743356
0.815422
0.7437
0.813841
0.743372
0.813164
0.744859
0.814375
0.744772
0.815493
0.745096
0.816702
0.748277
0.817019
0.74651
0.817396
0.745396
0.813244
0.740581
0.81061
0.740903
0.813213
0.744552
0.812137
0.742854
0.814944
0.747066
0.816945
0.745324
0.815451
0.744625
0.814874
0.744113
0.815717
0.747397
0.818014
0.747639
0.815837
0.745409
0.815696
0.746976
0.817016
0.746342
0.817503
0.745341
0.813051
0.742562
0.813509
0.743948
0.815119
0.745065
0.816534
0.744628
0.814791
0.744849
0.814382
0.743707
0.813522
0.742811
0.813087
0.741979
0.813045
0.74371
0.813855
0.744974
0.815938
0.744482
0.813682
0.744182
0.814381
0.744534
0.813201
0.745275
0.813783
0.742867
0.812952
0.743672
0.814112
0.741227
0.811416
0.741601
0.812935
0.744001
0.816587
0.744814
0.814248
0.744773
0.813068
0.742472
0.812066
0.743197
0.811132
0.741969
0.811178
0.741304
0.812249
0.741251
0.811819
0.740272
0.811776
0.742763
0.813492
0.744131
0.814351
0.744594
0.814753
0.744044
0.815767
0.744764
0.814287
0.743583
0.812604
0.743423
0.812766
0.742828
0.814805
0.743329
0.81479
0.74371
0.813033
0.742625
0.814291
0.746352
0.814418
0.746016
0.816901
0.747225
0.815344
0.747305
0.817531
0.747957
0.817375
0.745224
0.817067
0.746427
0.815855
0.746877
0.817005
0.746555
0.816093
0.746904
0.817349
0.746959
0.817237
0.747413
0.817565
0.746529
0.816762
0.747542
0.817023
0.747962
0.818531
0.747598
0.81767
0.748469
0.819502
0.747606
0.818643
0.748442
0.818695
0.747979
0.818161
0.747752
0.817162
0.746135
0.815578
0.745999
0.815815
0.744876
0.814628
0.747808
0.817262
0.747371
0.817027
0.745898
0.815825
0.746095
0.815264
0.744808
0.814776
0.744937
0.815511
0.742624
0.812192
0.742359
0.814278
0.744148
0.815854
0.747026
0.817609
0.745502
0.817019
0.747335
0.815223
0.745606
0.815876
0.746687
0.816121
0.746309
0.815822
0.744028
0.813866
0.744078
0.814301
0.745681
0.816399
0.745153
0.815348
0.743628
0.812015
0.74267
0.810753
0.743305
0.81242
0.742175
0.813607
0.742737
0.812605
0.742
0.813153
0.745096
0.814702
0.743431
0.812384
0.742844
0.813931
0.743819
0.814435
0.743866
0.814763
0.745314
0.815407
0.745935
0.817833
0.747495
0.816294
0.745031
0.816379
0.746184
0.816529
0.747805
0.817079
0.746505
0.816689
0.746715
0.816493
0.745998
0.816242
0.744641
0.813736
0.743069
0.812247
0.743042
0.812805
0.744867
0.813894
0.743965
0.815615
0.745319
0.817082
0.747154
0.817297
0.747409
0.818052
0.747347
0.815134
0.744843
0.816119
0.744046
0.814446
0.744755
0.815239
0.744249
0.81531
0.745476
0.814105
0.743598
0.813778
0.744479
0.813896
0.744978
0.814364
0.744424
0.814955
0.745279
0.815483
0.748222
0.818815
0.749552
0.816829
0.74672
0.816532
0.746583
0.81648
0.749059
0.818928
0.747927
0.819314
0.747226
0.816556
0.747447
0.815325
0.741992
0.813285
0.744568
0.815738
0.745844
0.815425
0.74518
0.815339
0.746144
0.815569
0.746327
0.817743
0.748019
0.817318
0.747226
0.816841
0.74633
0.815567
0.745647
0.815542
0.747208
0.818427
0.747425
0.817652
0.748406
0.817215
0.747305
0.816523
0.745082
0.813518
0.741914
0.812402
0.742644
0.812817
0.743492
0.81597
0.74352
0.812488
0.740273
0.811695
0.739765
0.810984
0.742293
0.813513
0.744133
0.814617
0.743987
0.816741
0.742433
0.812308
0.742379
0.813034
0.744533
0.815977
0.744536
0.813838
0.743643
0.813708
0.745124
0.815607
0.743872
0.812286
0.74464
0.815917
0.746241
0.816429
0.745006
0.815178
0.745005
0.815889
0.747978
0.818243
0.74563
0.815286
0.74599
0.816522
0.747565
0.818713
0.748715
0.817723
0.744967
0.815997
0.74821
0.816504
0.748411
0.817113
0.748694
0.818107
0.747651
0.817524
0.748457
0.817022
0.747244
0.819002
0.749278
0.819954
0.748634
0.818877
0.74839
0.818763
0.748793
0.816404
0.745289
0.818067
0.748243
0.81826
0.747938
0.81803
0.748835
0.819799
0.748862
0.820293
0.750658
0.821846
0.749793
0.819891
0.748185
0.818345
0.745538
0.817248
0.746502
0.818034
0.745459
0.814142
0.744616
0.81343
0.743531
0.814017
0.746012
0.814983
0.746681
0.817111
0.748029
0.818004
0.745157
0.81591
0.743953
0.814864
0.744169
0.813782
0.745379
0.814021
0.746404
0.815466
0.745796
0.815672
0.744063
0.811946
0.743207
0.813514
0.740388
0.810815
0.740551
0.811244
0.741372
0.811032
0.74151
0.811113
0.74358
0.8147
0.741877
0.813262
0.742344
0.81221
0.743248
0.813103
0.741147
0.811741
0.741643
0.812491
0.741213
0.811544
0.73891
0.80947
0.741816
0.813554
0.74347
0.812531
0.742939
0.812169
0.743551
0.814883
0.743381
0.813942
0.743266
0.814877
0.74437
0.81338
0.743122
0.814002
0.745913
0.813692
0.74276
0.813811
0.741877
0.811381
0.741992
0.813743
0.745622
0.814929
0.744141
0.814652
0.745937
0.814919
0.743514
0.814642
0.742664
0.810505
0.742162
0.813098
0.744774
0.814332
0.74437
0.81367
0.743262
0.814593
0.745666
0.81632
0.747126
0.816711
0.745333
0.817067
0.745786
0.816596
0.747338
0.817929
0.74909
0.819503
0.750575
0.820821
0.747739
0.817963
0.747601
0.817878
0.746463
0.816739
0.748884
0.817554
0.747251
0.815945
0.744062
0.812666
0.744023
0.815038
0.745187
0.811533
0.742511
0.813388
0.74394
0.814551
0.743896
0.81299
0.743131
0.814176
0.742734
0.811739
0.743521
0.812091
0.742087
0.813852
0.745195
0.813353
0.742359
0.811213
0.742279
0.81063
0.742603
0.812174
0.744761
0.814507
0.746641
0.816422
0.745478
0.81496
0.744596
0.815333
0.744404
0.815245
0.747753
0.817764
0.748796
0.818295
0.747257
0.816692
0.747175
0.818262
0.746956
0.818145
0.748532
0.818305
0.750046
0.818608
0.745649
0.815856
0.746434
0.816403
0.747378
0.817922
0.750034
0.819914
0.749308
0.819784
0.750166
0.819417
0.751073
0.819227
0.748277
0.818154
0.747766
0.817739
0.745939
0.816155
0.747862
0.81537
0.746427
0.816937
0.747715
0.817139
0.744048
0.813219
0.744027
0.815498
0.74381
0.813241
0.745102
0.816468
0.744731
0.815014
0.746009
0.81746
0.748883
0.818682
0.748138
0.818682
0.75013
0.817749
0.748325
0.818166
0.746599
0.816775
0.74701
0.816702
0.745324
0.815886
0.743837
0.811768
0.741296
0.812088
0.742755
0.813079
0.743614
0.8148
0.743994
0.815595
0.744749
0.813909
0.744182
0.814998
0.743687
0.8132
0.743403
0.811907
0.743711
0.814527
0.74362
0.813416
0.743114
0.811761
0.741963
0.813313
0.744135
0.815103
0.744456
0.813702
0.743788
0.814046
0.744957
0.813861
0.743692
0.813552
0.745124
0.813898
0.744004
0.812015
0.74162
0.812387
0.739638
0.810183
0.742263
0.812909
0.742302
0.81235
0.742982
0.811514
0.740836
0.812107
0.743557
0.815482
0.743933
0.816148
0.749062
0.819126
0.74642
0.815842
0.746015
0.818091
0.745484
0.815023
0.743812
0.813401
0.743079
0.811529
0.741874
0.813164
0.743211
0.813159
0.74435
0.815401
0.745805
0.815655
0.746863
0.817155
0.746894
0.814923
0.744376
0.814187
0.7436
0.815002
0.746027
0.816325
0.746896
0.81459
0.743968
0.813093
0.74393
0.814267
0.746682
0.816998
0.748234
0.815843
0.747864
0.817847
0.748447
0.817209
0.745972
0.813885
0.742829
0.812539
0.742828
0.811148
0.74144
0.812611
0.740672
0.813482
0.742292
0.811113
0.740784
0.810207
0.740902
0.811027
0.741055
0.812644
0.745939
0.814667
0.745241
0.814773
0.746359
0.81712
0.745619
0.811959
0.741402
0.810837
0.740631
0.810951
0.742857
0.812117
0.74031
0.811823
0.741421
0.812012
0.742548
0.812583
0.743118
0.813757
0.743727
0.814399
0.744578
0.813044
0.744109
0.813959
0.744268
0.812155
0.74197
0.813676
0.743989
0.813085
0.742225
0.812823
0.743783
0.815516
0.744791
0.816113
0.746815
0.81694
0.746884
0.815855
0.745426
0.813779
0.743787
0.814621
0.744267
0.813843
0.743095
0.813972
0.745462
0.815518
0.746349
0.815504
0.746565
0.817212
0.748917
0.818897
0.749669
0.819221
0.747122
0.815699
0.747553
0.817496
0.744
0.813703
0.742096
0.813457
0.743838
0.814832
0.74455
0.813998
0.740238
0.811773
0.743677
0.816128
0.745772
0.816157
0.745972
0.816092
0.745088
0.814703
0.744241
0.814483
0.745018
0.815718
0.745264
0.815743
0.743973
0.813252
0.742744
0.813554
0.743926
0.816208
0.744614
0.816587
0.748785
0.818641
0.74854
0.819402
0.748152
0.818715
0.749438
0.819444
0.7465
0.81556
0.745459
0.816996
0.747274
0.817037
0.748047
0.816444
0.745412
0.812673
0.74255
0.8137
0.746732
0.817344
0.746674
0.816672
0.746097
0.815453
0.745254
0.816303
0.74701
0.815729
0.745587
0.814999
0.744968
0.814938
0.745391
0.816217
0.745793
0.814361
0.745726
0.814927
0.745634
0.813219
0.745081
0.815314
0.745447
0.814314
0.745369
0.817177
0.747747
0.816817
0.745526
0.813255
0.743832
0.814739
0.746828
0.816844
0.746343
0.814547
0.743948
0.814874
0.743183
0.811337
0.743032
0.81104
0.742224
0.813381
0.744395
0.813709
0.744895
0.814332
0.746132
0.817149
0.745441
0.812466
0.744328
0.81529
0.743307
0.812423
0.744863
0.8173
0.74627
0.818145
0.74691
0.817325
0.747798
0.815998
0.745783
0.816531
0.745864
0.815104
0.745501
0.816287
0.747644
0.818239
0.747747
0.81622
0.74622
0.817405
0.74718
0.816335
0.746768
0.815685
0.745237
0.815816
0.743457
0.813213
0.743127
0.810679
0.741874
0.812256
0.742818
0.813459
0.743017
0.814403
0.745998
0.814801
0.746442
0.814925
0.746756
0.816431
0.747661
0.817518
0.745792
0.815776
0.746884
0.818486
0.74613
0.816026
0.746487
0.817073
0.747399
0.815994
0.745365
0.81669
0.747851
0.817817
0.745804
0.816399
0.74592
0.814975
0.745658
0.816638
0.746957
0.817383
0.746868
0.815446
0.744344
0.815768
0.745422
0.816876
0.747833
0.816444
0.746163
0.814415
0.743818
0.814595
0.745369
0.814122
0.744867
0.813702
0.744775
0.814071
0.743507
0.815261
0.74374
0.812177
0.740993
0.810881
0.74237
0.81182
0.742187
0.812209
0.743011
0.812872
0.744167
0.812987
0.74215
0.813755
0.742917
0.812403
0.741372
0.812357
0.744952
0.814716
0.741843
0.812949
0.743235
0.813259
0.742643
0.814564
0.74513
0.815579
0.74365
0.812444
0.742835
0.814674
0.744446
0.815309
0.743661
0.811992
0.743063
0.812114
0.742828
0.814059
0.742595
0.813059
0.742071
0.811518
0.74165
0.810838
0.740002
0.81146
0.743115
0.813606
0.743931
0.81439
0.743226
0.813382
0.744218
0.814708
0.744757
0.81529
0.744207
0.814126
0.743483
0.814217
0.744785
0.813666
0.742783
0.81313
0.744265
0.813985
0.743955
0.814268
0.742827
0.813671
0.742739
0.811928
0.743268
0.81374
0.742858
0.815278
0.745184
0.81353
0.741148
0.812773
0.743093
0.811765
0.742667
0.814152
0.743469
0.81462
0.744002
0.814808
0.743559
0.814521
0.745708
0.813675
0.745549
0.815623
0.747363
0.815883
0.745805
0.816791
0.74518
0.813802
0.742637
0.814249
0.742538
0.811917
0.742539
0.813178
0.742068
0.812496
0.744165
0.813343
0.742918
0.812369
0.743482
0.813986
0.74338
0.814733
0.743927
0.81398
0.743469
0.812655
0.743151
0.814608
0.743628
0.814067
0.743496
0.811409
0.744382
0.815776
0.745417
0.816192
0.745934
0.816416
0.744204
0.814979
0.743213
0.814614
0.744404
0.815374
0.744778
0.814534
0.74443
0.815441
0.745805
0.815432
0.747197
0.81511
0.743057
0.812583
0.74357
0.813662
0.74319
0.812256
0.743529
0.813278
0.744883
0.815057
0.7432
0.813944
0.745021
0.814692
0.74509
0.813245
0.744031
0.813567
0.74359
0.814916
0.745126
0.815832
0.746855
0.817138
0.745024
0.815619
0.745466
0.815317
0.744713
0.814842
0.747032
0.815289
0.743698
0.81307
0.743598
0.813263
0.745093
0.8129
0.743803
0.813453
0.744748
0.813269
0.743481
0.812236
0.742405
0.812547
0.74543
0.813823
0.744134
0.816098
0.746376
0.815641
0.745293
0.815079
0.744638
0.816226
0.747606
0.816946
0.745234
0.813295
0.742196
0.81179
0.744423
0.813142
0.741929
0.813989
0.745785
0.816822
0.7449
0.815225
0.74619
0.817223
0.745937
0.815532
0.746274
0.817197
0.746208
0.816058
0.747057
0.817255
0.74663
0.816015
0.745024
0.814481
0.744813
0.814136
0.742863
0.813977
0.745896
0.816058
0.747582
0.816246
0.747568
0.817355
0.745421
0.817514
0.746869
0.815242
0.746856
0.816462
0.745825
0.817451
0.746194
0.815738
0.746881
0.818818
0.749027
0.819474
0.747734
0.817608
0.74715
0.817705
0.746079
0.817238
0.746757
0.816833
0.74679
0.815879
0.7465
0.815271
0.744682
0.813779
0.744442
0.81395
0.743051
0.81283
0.74103
0.813046
0.742636
0.811882
0.74162
0.813068
0.744183
0.814155
0.744031
0.81517
0.747617
0.816785
0.745809
0.816854
0.745311
0.815206
0.744237
0.814487
0.741684
0.810923
0.740851
0.811226
0.73954
0.810132
0.737898
0.807909
0.737054
0.806941
0.736536
0.806479
0.734764
0.805099
0.73724
0.807042
0.739287
0.808439
0.737626
0.808788
0.738222
0.808206
0.737784
0.8073
0.737468
0.806826
0.7367
0.80655
0.739678
0.809424
0.74107
0.811804
0.741867
0.811953
0.740041
0.81178
0.740983
0.811661
0.742475
0.812267
0.744774
0.814761
0.746447
0.815984
0.746006
0.814515
0.74345
0.812484
0.742983
0.813404
0.7434
0.814274
0.743457
0.814732
0.744739
0.813408
0.742836
0.812565
0.741376
0.812457
0.742397
0.813114
0.744384
0.815721
0.745721
0.813715
0.74322
0.812986
0.743801
0.814343
0.744349
0.814139
0.744229
0.814438
0.745879
0.816087
0.748404
0.81825
0.747837
0.818226
0.747136
0.814813
0.745688
0.814606
0.741241
0.812006
0.741604
0.811586
0.740883
0.811948
0.74277
0.81303
0.740473
0.811277
0.741803
0.811618
0.741965
0.81154
0.741586
0.813099
0.744074
0.814803
0.745619
0.814338
0.744772
0.815127
0.747117
0.816934
0.746427
0.816592
0.747855
0.817541
0.746459
0.815523
0.746591
0.816825
0.747157
0.817228
0.748158
0.817784
0.748919
0.81907
0.748124
0.819146
0.746744
0.816714
0.745638
0.815518
0.746263
0.815424
0.7444
0.81355
0.743224
0.81279
0.741519
0.812708
0.741568
0.812086
0.743655
0.811863
0.742313
0.81261
0.743628
0.812934
0.741486
0.813304
0.744365
0.813521
0.743991
0.812452
0.744375
0.814226
0.744906
0.81588
0.744012
0.812866
0.741302
0.810982
0.740862
0.810634
0.742552
0.813052
0.743321
0.814883
0.743901
0.813192
0.742217
0.812308
0.743008
0.813547
0.742222
0.813577
0.745959
0.817385
0.750352
0.820021
0.748899
0.818151
0.74722
0.817384
0.747258
0.817174
0.750039
0.820501
0.750978
0.819497
0.750358
0.820545
0.749213
0.817681
0.7434
0.812656
0.740839
0.810899
0.741085
0.811793
0.741811
0.811264
0.74257
0.811412
0.744015
0.813649
0.74234
0.81216
0.743181
0.812942
0.744212
0.815589
0.743897
0.814649
0.744299
0.814024
0.741647
0.812213
0.740684
0.812088
0.742512
0.811081
0.741595
0.81206
0.742702
0.813962
0.744686
0.814863
0.744579
0.815785
0.745256
0.815253
0.745869
0.815855
0.747108
0.815877
0.745794
0.816245
0.742992
0.812315
0.742492
0.811516
0.741592
0.812635
0.744149
0.813985
0.744876
0.814344
0.745537
0.816934
0.746019
0.816383
0.745668
0.817021
0.749021
0.818067
0.746553
0.816349
0.747342
0.817301
0.747046
0.814791
0.745799
0.813611
0.743158
0.812982
0.742699
0.811089
0.740462
0.81243
0.744163
0.813758
0.743448
0.814086
0.743549
0.814053
0.743211
0.813989
0.743763
0.815221
0.745739
0.814342
0.74265
0.811202
0.74104
0.810341
0.741539
0.813487
0.744996
0.815732
0.747267
0.818337
0.747809
0.817887
0.747849
0.818092
0.748327
0.818946
0.74896
0.819067
0.747849
0.81864
0.746375
0.816516
0.747582
0.81824
0.748888
0.81731
0.747229
0.818628
0.748216
0.819129
0.750207
0.817054
0.74815
0.820108
0.749044
0.816981
0.745818
0.816421
0.744834
0.812965
0.740694
0.812478
0.744442
0.814524
0.74265
0.813088
0.741995
0.812792
0.740359
0.809684
0.740508
0.810186
0.741736
0.811586
0.739297
0.808833
0.740201
0.810965
0.741775
0.813022
0.74355
0.812428
0.743411
0.813091
0.743811
0.813605
0.744013
0.814616
0.744073
0.815494
0.744809
0.81406
0.743856
0.813984
0.742688
0.813488
0.745043
0.817062
0.749097
0.819012
0.747631
0.818374
0.746631
0.815116
0.743367
0.813022
0.742068
0.813033
0.742345
0.811588
0.743465
0.812928
0.743373
0.815069
0.745119
0.815872
0.747135
0.816266
0.744419
0.815322
0.746179
0.81606
0.746939
0.814919
0.744437
0.81278
0.744643
0.814805
0.743818
0.8142
0.74501
0.815498
0.745377
0.814911
0.745343
0.814389
0.742054
0.813987
0.741178
0.812448
0.743503
0.812958
0.745673
0.817222
0.747063
0.817486
0.748248
0.818824
0.74838
0.817954
0.744989
0.816361
0.745885
0.81409
0.744711
0.812363
0.742418
0.813807
0.744923
0.815726
0.745164
0.816032
0.745377
0.814898
0.744051
0.814545
0.744464
0.815375
0.745972
0.815822
0.743619
0.81404
0.743665
0.815058
0.745311
0.814689
0.74496
0.817727
0.747182
0.815559
0.746913
0.816096
0.746746
0.817635
0.745694
0.815711
0.74558
0.816117
0.744974
0.812877
0.742019
0.813706
0.744026
0.812962
0.743155
0.814117
0.746893
0.816781
0.745339
0.81597
0.746665
0.815987
0.74343
0.812945
0.743643
0.814575
0.74552
0.816932
0.744165
0.81385
0.744055
0.813879
0.744911
0.815015
0.74491
0.814776
0.746693
0.816531
0.743232
0.811708
0.741086
0.810055
0.740957
0.813437
0.745594
0.815665
0.743656
0.812502
0.742675
0.81231
0.744469
0.813997
0.744397
0.811701
0.742444
0.813667
0.743699
0.815753
0.744744
0.814406
0.744642
0.814581
0.744663
0.813315
0.743202
0.81236
0.741246
0.812359
0.744148
0.813441
0.744268
0.81491
0.742606
0.812882
0.740661
0.810361
0.740036
0.811256
0.742933
0.814322
0.745249
0.815761
0.747105
0.817303
0.747588
0.817029
0.744915
0.815626
0.747445
0.816885
0.747979
0.817474
0.745954
0.815071
0.745846
0.813652
0.744167
0.81633
0.746968
0.815659
0.744763
0.814109
0.746927
0.81726
0.747598
0.814424
0.742717
0.813416
0.742967
0.813236
0.743498
0.81287
0.744016
0.813668
0.74303
0.814062
0.744
0.813127
0.741592
0.812685
0.743554
0.813688
0.743915
0.812995
0.743428
0.812704
0.741181
0.809312
0.741174
0.813107
0.744064
0.813068
0.742742
0.814196
0.744205
0.815243
0.745523
0.815647
0.747527
0.81839
0.74358
0.813358
0.743013
0.813878
0.744578
0.814116
0.743536
0.81435
0.745421
0.814979
0.743588
0.81347
0.74441
0.814026
0.744223
0.812729
0.744139
0.813491
0.744356
0.815013
0.746684
0.814177
0.744491
0.815167
0.744236
0.813814
0.744248
0.814852
0.746637
0.816795
0.747245
0.817287
0.74766
0.817258
0.747101
0.819446
0.751237
0.820995
0.748796
0.817801
0.747774
0.816282
0.746566
0.817282
0.74528
0.814374
0.744121
0.814709
0.743796
0.81496
0.745573
0.815063
0.744535
0.813545
0.743246
0.810743
0.740452
0.81089
0.740568
0.811208
0.741234
0.810357
0.742856
0.815315
0.744806
0.816488
0.746369
0.817897
0.749076
0.818341
0.74742
0.815652
0.746381
0.815971
0.746812
0.816343
0.746932
0.815306
0.746504
0.81511
0.744565
0.813569
0.744122
0.812833
0.743843
0.812151
0.742742
0.813188
0.744012
0.814622
0.746198
0.817885
0.747861
0.814411
0.745789
0.814714
0.746968
0.817258
0.74729
0.817073
0.747424
0.816653
0.746413
0.814749
0.746727
0.816333
0.744947
0.814169
0.744394
0.815512
0.746635
0.818154
0.745546
0.815782
0.743158
0.812943
0.742072
0.810806
0.740692
0.811862
0.742802
0.812996
0.744896
0.814595
0.743697
0.81325
0.743771
0.813795
0.74353
0.813449
0.74623
0.814985
0.745047
0.815314
0.744839
0.812446
0.741153
0.811578
0.743236
0.812037
0.74356
0.814456
0.744455
0.813242
0.742734
0.814017
0.744947
0.813392
0.7423
0.813275
0.744504
0.814402
0.744324
0.816016
0.746509
0.814603
0.7461
0.815354
0.743934
0.814999
0.745516
0.81646
0.748095
0.817833
0.749582
0.820582
0.751051
0.821222
0.750694
0.818938
0.748594
0.819134
0.747683
0.818293
0.747383
0.816815
0.745674
0.814902
0.74373
0.815753
0.744536
0.814092
0.742077
0.813501
0.743736
0.812229
0.742484
0.812703
0.743184
0.81308
0.744371
0.813417
0.742803
0.81463
0.744007
0.815211
0.742012
0.812968
0.743079
0.815768
0.746081
0.816744
0.745089
0.813826
0.744426
0.813492
0.74282
0.814476
0.744662
0.814863
0.743651
0.814064
0.7444
0.814641
0.74548
0.814952
0.747789
0.816695
0.74779
0.818168
0.748016
0.816955
0.748169
0.818285
0.74732
0.8182
0.747006
0.817675
0.748936
0.81772
0.748503
0.818892
0.747741
0.816651
0.745838
0.815186
0.743394
0.811765
0.742796
0.811986
0.744912
0.81635
0.745829
0.815991
0.74632
0.81429
0.743847
0.814584
0.742548
0.811353
0.741462
0.810594
0.740395
0.811267
0.74093
0.812963
0.742824
0.812832
0.743497
0.81555
0.746227
0.815934
0.746351
0.816555
0.745964
0.814756
0.743468
0.816376
0.745186
0.812517
0.744604
0.814483
0.745583
0.816188
0.746628
0.81805
0.747631
0.816845
0.745053
0.814737
0.744212
0.815935
0.74611
0.816936
0.746528
0.817059
0.747489
0.816353
0.7467
0.817846
0.745939
0.817037
0.747159
0.816676
0.74754
0.817959
0.748729
0.81996
0.750246
0.817896
0.745346
0.817081
0.747152
0.816458
0.746104
0.816605
0.746513
0.815824
0.747236
0.81781
0.746753
0.819127
0.749805
0.819304
0.748363
0.819828
0.7477
0.819426
0.749138
0.816867
0.747343
0.818936
0.747626
0.818007
0.74585
0.81733
0.750513
0.820574
0.750651
0.818239
0.748581
0.818338
0.746941
0.816789
0.746849
0.817924
0.748159
0.815195
0.744001
0.81263
0.743048
0.811784
0.741171
0.810775
0.740479
0.810824
0.738633
0.80896
0.739003
0.811151
0.740327
0.809986
0.738886
0.810927
0.743539
0.813735
0.74254
0.811978
0.741289
0.811241
0.742314
0.813733
0.742098
0.812458
0.74292
0.812978
0.74586
0.816859
0.745516
0.815363
0.745339
0.814204
0.745256
0.815781
0.744862
0.813329
0.744603
0.814626
0.746459
0.816631
0.747747
0.818214
0.746489
0.816945
0.747191
0.817222
0.747211
0.818921
0.747894
0.817048
0.749356
0.816151
0.744561
0.815474
0.745329
0.814965
0.743355
0.813575
0.743749
0.813416
0.742334
0.812698
0.74191
0.813576
0.743976
0.814681
0.746841
0.816079
0.745316
0.814784
0.74261
0.811613
0.743445
0.81446
0.746264
0.816343
0.748012
0.818511
0.748417
0.816441
0.746303
0.814405
0.741617
0.813601
0.743578
0.813182
0.743313
0.81318
0.743409
0.811526
0.742759
0.812902
0.743659
0.812732
0.74413
0.815704
0.745883
0.817677
0.746609
0.816904
0.745925
0.814717
0.744727
0.814683
0.74575
0.815062
0.739856
0.810418
0.741304
0.813245
0.744854
0.815654
0.747359
0.818261
0.748954
0.816257
0.746719
0.817846
0.747052
0.816232
0.744581
0.814042
0.742988
0.811701
0.74238
0.812373
0.743526
0.815161
0.743239
0.813978
0.743499
0.813634
0.744188
0.81338
0.742729
0.814399
0.745936
0.816417
0.745116
0.815105
0.74626
0.818012
0.74711
0.819851
0.748202
0.817407
0.747022
0.817448
0.744834
0.815345
0.742558
0.814494
0.745258
0.815361
0.745236
0.815689
0.74591
0.812277
0.743281
0.81337
0.744287
0.816191
0.745021
0.813406
0.743422
0.814374
0.743871
0.81359
0.746128
0.816148
0.747341
0.81832
0.749079
0.82019
0.75115
0.818517
0.749041
0.817613
0.746183
0.816521
0.747721
0.816865
0.748076
0.817734
0.74816
0.818701
0.748837
0.816244
0.746893
0.816474
0.747103
0.818274
0.74878
0.818259
0.746366
0.815712
0.74664
0.817259
0.746542
0.814211
0.74517
0.815395
0.74537
0.816359
0.746636
0.817201
0.746074
0.814463
0.74458
0.814894
0.743906
0.813368
0.743482
0.813545
0.743693
0.813184
0.744359
0.815897
0.745592
0.814548
0.743286
0.812194
0.744266
0.814319
0.743877
0.814736
0.744424
0.812937
0.742033
0.813783
0.743554
0.815805
0.74629
0.816886
0.747548
0.814634
0.743949
0.813934
0.743283
0.811375
0.741186
0.81086
0.741615
0.810859
0.743754
0.814216
0.745343
0.816351
0.74625
0.81917
0.748169
0.817498
0.748243
0.818631
0.748864
0.818044
0.748138
0.818127
0.748025
0.820088
0.748878
0.819345
0.748965
0.819734
0.748791
0.820308
0.748883
0.818554
0.747231
0.818787
0.75023
0.820128
0.751367
0.821079
0.751634
0.821558
0.751905
0.820897
0.751454
0.821827
0.752896
0.823384
0.751867
0.821141
0.749942
0.819033
0.750633
0.820911
0.751535
0.820997
0.751205
0.819876
0.749366
0.81992
0.750016
0.818477
0.749846
0.820033
0.750944
0.820412
0.750465
0.820555
0.750861
0.820321
0.749813
0.819294
0.748737
0.819797
0.748998
0.820734
0.749281
0.817151
0.746728
0.815927
0.745183
0.816227
0.746925
0.815688
0.745186
0.817219
0.747104
0.81722
0.745745
0.815898
0.746996
0.817309
0.747936
0.817609
0.745741
0.81478
0.744835
0.817283
0.747356
0.816626
0.747968
0.819348
0.7502
0.817791
0.748314
0.819042
0.746855
0.817334
0.74769
0.820159
0.747811
0.817163
0.746115
0.81594
0.744063
0.812886
0.742825
0.812505
0.741278
0.812898
0.742524
0.814407
0.744317
0.816538
0.74729
0.818578
0.747366
0.816128
0.748323
0.817024
0.74515
0.816137
0.748717
0.818494
0.746654
0.816089
0.744481
0.813802
0.747231
0.817711
0.747137
0.816154
0.746041
0.817432
0.745604
0.815023
0.746067
0.816505
0.746862
0.816004
0.74575
0.815542
0.746717
0.815296
0.745698
0.815302
0.746117
0.81623
0.744858
0.815802
0.747044
0.815637
0.743227
0.811996
0.74429
0.814749
0.743787
0.813377
0.745007
0.81401
0.746991
0.815192
0.745286
0.811732
0.741661
0.812228
0.741409
0.811015
0.740728
0.811215
0.742567
0.812236
0.741088
0.812098
0.741091
0.813005
0.743483
0.812405
0.741718
0.812695
0.741861
0.813177
0.742774
0.810645
0.741754
0.813825
0.745934
0.815326
0.743841
0.812339
0.742676
0.813516
0.742705
0.81293
0.744895
0.815568
0.746119
0.814904
0.745737
0.816864
0.748581
0.817538
0.746822
0.815531
0.745651
0.816922
0.746855
0.815815
0.743459
0.814656
0.745283
0.815153
0.746279
0.817451
0.747688
0.818327
0.746283
0.817818
0.746656
0.816555
0.744738
0.814168
0.744864
0.814332
0.74194
0.811541
0.743379
0.811251
0.740527
0.809526
0.74088
0.811694
0.74181
0.810487
0.740832
0.810866
0.742395
0.810831
0.74077
0.81056
0.741275
0.809361
0.740997
0.812
0.739889
0.810181
0.740706
0.810802
0.741283
0.813062
0.740202
0.811641
0.743484
0.811666
0.741426
0.811675
0.742499
0.812879
0.740324
0.81177
0.74485
0.815311
0.745478
0.814908
0.745372
0.816055
0.746018
0.814728
0.74585
0.816722
0.747203
0.818704
0.748257
0.818425
0.746643
0.816823
0.745361
0.815393
0.74402
0.814232
0.743773
0.81235
0.741912
0.811048
0.741002
0.810051
0.741194
0.810946
0.743686
0.812455
0.742645
0.815765
0.746191
0.814209
0.742622
0.813641
0.744829
0.81447
0.74517
0.815315
0.745408
0.814635
0.744721
0.813793
0.74557
0.817072
0.744782
0.816689
0.746743
0.817972
0.748074
0.817875
0.748358
0.819374
0.748938
0.819499
0.748089
0.8169
0.746852
0.816901
0.746231
0.816429
0.745409
0.814852
0.746382
0.814708
0.745548
0.816402
0.748395
0.818189
0.746061
0.815115
0.746896
0.818028
0.745299
0.814908
0.743379
0.813474
0.744087
0.813775
0.745726
0.815469
0.745744
0.816053
0.747859
0.815615
0.744645
0.816373
0.747062
0.816918
0.747992
0.8169
0.746799
0.818192
0.749179
0.817079
0.745533
0.81672
0.745214
0.815572
0.746332
0.817155
0.747285
0.815123
0.744025
0.812477
0.741571
0.812457
0.742274
0.812649
0.740271
0.809929
0.741084
0.812413
0.743451
0.812894
0.741817
0.811294
0.742507
0.811687
0.742939
0.81196
0.74279
0.814401
0.745086
0.814676
0.746395
0.817098
0.747239
0.818759
0.747887
0.818478
0.74834
0.817334
0.743871
0.810355
0.740612
0.81306
0.742224
0.812771
0.741691
0.812802
0.745258
0.814439
0.744535
0.815428
0.744773
0.816182
0.744703
0.813363
0.743124
0.814578
0.743622
0.815212
0.745177
0.814675
0.744325
0.814262
0.744017
0.813759
0.745923
0.815849
0.745179
0.814315
0.742237
0.8133
0.743492
0.814345
0.743438
0.813796
0.746119
0.814671
0.744209
0.814905
0.744759
0.814835
0.740805
0.812026
0.74139
0.811585
0.741386
0.813187
0.742408
0.813048
0.743425
0.813424
0.744179
0.814932
0.744503
0.815375
0.747079
0.817215
0.745754
0.816958
0.74755
0.817292
0.74727
0.816821
0.744228
0.812941
0.742976
0.812346
0.742807
0.812324
0.743947
0.813002
0.743495
0.814444
0.744645
0.81531
0.745114
0.815653
0.7454
0.813511
0.743384
0.813363
0.743909
0.81411
0.745576
0.814717
0.746026
0.814363
0.743145
0.813125
0.745388
0.813631
0.743534
0.813804
0.744369
0.81643
0.747158
0.817525
0.747109
0.816171
0.745485
0.814936
0.745575
0.816984
0.747104
0.816776
0.746834
0.816593
0.746686
0.816027
0.746763
0.816502
0.744319
0.812373
0.740184
0.808931
0.739209
0.809669
0.736754
0.80647
0.739281
0.81101
0.742402
0.813825
0.743694
0.813147
0.744199
0.811948
0.742308
0.813539
0.743243
0.813002
0.743269
0.814036
0.744188
0.815209
0.745151
0.816356
0.746578
0.815795
0.746077
0.816849
0.745145
0.815501
0.745608
0.815277
0.744717
0.811719
0.743795
0.814467
0.74415
0.813766
0.745308
0.816697
0.746247
0.815809
0.746217
0.815454
0.745307
0.816085
0.746991
0.816396
0.744101
0.81181
0.742729
0.813632
0.745384
0.816309
0.745838
0.816732
0.745463
0.81545
0.744604
0.813951
0.744821
0.81302
0.744761
0.813128
0.741531
0.812133
0.742287
0.81436
0.743961
0.81222
0.741873
0.81278
0.743982
0.814074
0.742233
0.812623
0.741698
0.81115
0.743671
0.815089
0.7448
0.813852
0.742149
0.810204
0.739315
0.809217
0.739332
0.809362
0.738863
0.811451
0.742881
0.814194
0.74521
0.816836
0.749262
0.818529
0.746688
0.817398
0.745734
0.814716
0.743998
0.813698
0.743853
0.815111
0.745116
0.816177
0.745521
0.815002
0.745036
0.815059
0.745006
0.817589
0.746882
0.815708
0.746671
0.816702
0.74706
0.817476
0.74795
0.817301
0.746175
0.81853
0.748453
0.818
0.750036
0.818254
0.748644
0.817877
0.74629
0.814607
0.746368
0.816801
0.744695
0.815739
0.746921
0.817663
0.747693
0.817773
0.746723
0.816498
0.747882
0.818592
0.749105
0.821236
0.748913
0.818933
0.748283
0.81654
0.745671
0.815039
0.744964
0.813672
0.744184
0.813313
0.745656
0.816456
0.745244
0.814285
0.743564
0.814531
0.743652
0.812904
0.742662
0.812307
0.741685
0.811989
0.741659
0.812746
0.742796
0.813119
0.742647
0.810713
0.740131
0.811111
0.738826
0.810466
0.740197
0.809885
0.738922
0.807547
0.738357
0.809674
0.741246
0.811777
0.743574
0.811514
0.741631
0.811659
0.743199
0.815539
0.745806
0.81728
0.74698
0.815566
0.746794
0.818496
0.748269
0.819002
0.748536
0.819206
0.748597
0.813776
0.746247
0.815719
0.745711
0.81556
0.746354
0.815378
0.74595
0.814608
0.74402
0.815882
0.745902
0.813939
0.743877
0.815693
0.747218
0.817036
0.74686
0.817789
0.74882
0.817025
0.744769
0.814585
0.745444
0.814724
0.745653
0.814796
0.745999
0.815639
0.745879
0.816357
0.746178
0.817588
0.747969
0.816976
0.748702
0.817803
0.747326
0.817999
0.748014
0.816734
0.746276
0.815346
0.745904
0.815874
0.74784
0.817864
0.745701
0.815293
0.743757
0.813092
0.743393
0.815771
0.747102
0.817688
0.743762
0.813717
0.743354
0.812519
0.742666
0.814638
0.742649
0.814422
0.74646
0.817409
0.747484
0.81735
0.746317
0.81593
0.745256
0.815861
0.746109
0.816229
0.744411
0.813222
0.743682
0.814254
0.74453
0.814484
0.744096
0.810887
0.740965
0.811023
0.740978
0.80994
0.740008
0.80863
0.739605
0.812611
0.741443
0.810609
0.742154
0.812131
0.742067
0.813026
0.744793
0.816043
0.746623
0.815755
0.745601
0.818109
0.747274
0.818037
0.747075
0.816757
0.745298
0.815678
0.74602
0.816783
0.747044
0.817007
0.748745
0.8194
0.750282
0.819544
0.748693
0.818239
0.748386
0.817734
0.747589
0.815648
0.743249
0.814549
0.745172
0.81532
0.746773
0.817169
0.746777
0.815695
0.745362
0.81581
0.745454
0.814904
0.743481
0.811956
0.743769
0.815057
0.745557
0.817111
0.746471
0.816632
0.748241
0.818279
0.749539
0.821654
0.749913
0.818755
0.747636
0.817242
0.746662
0.815309
0.74558
0.814596
0.744002
0.815014
0.744282
0.814615
0.745269
0.815718
0.745651
0.81754
0.748281
0.818289
0.74679
0.816183
0.747056
0.817834
0.747109
0.817434
0.748371
0.817196
0.748846
0.817573
0.74721
0.816713
0.748504
0.818258
0.746348
0.815322
0.748793
0.818139
0.745988
0.814925
0.743219
0.813984
0.74495
0.815187
0.747387
0.817872
0.746589
0.815375
0.743686
0.812701
0.74307
0.813635
0.742586
0.814116
0.745184
0.814764
0.747569
0.817004
0.745941
0.815267
0.746922
0.818792
0.749884
0.820211
0.752026
0.820912
0.748439
0.817317
0.748337
0.817718
0.747581
0.81912
0.745388
0.815227
0.74673
0.81487
0.745531
0.815415
0.744302
0.814732
0.744556
0.815466
0.745483
0.814075
0.744574
0.814527
0.743979
0.813747
0.745365
0.81468
0.74464
0.815605
0.74584
0.813008
0.742164
0.813216
0.744524
0.814757
0.746416
0.817134
0.743486
0.809328
0.741158
0.81256
0.744676
0.81514
0.745226
0.815649
0.743618
0.813318
0.743332
0.814097
0.745239
0.815095
0.743474
0.813893
0.745415
0.8143
0.742632
0.812206
0.740798
0.809202
0.74168
0.81142
0.741704
0.810759
0.741781
0.811749
0.741909
0.810871
0.740674
0.810858
0.739248
0.811725
0.743898
0.814312
0.744073
0.814799
0.748106
0.81698
0.748295
0.817976
0.747353
0.817407
0.748305
0.818884
0.750936
0.819726
0.745948
0.815043
0.743261
0.81251
0.743075
0.81147
0.742115
0.812975
0.740454
0.811098
0.741705
0.810965
0.743061
0.812976
0.743549
0.812207
0.741814
0.81306
0.745053
0.814806
0.745221
0.816194
0.744083
0.8129
0.740767
0.810296
0.740962
0.812065
0.742576
0.812423
0.743328
0.812861
0.742124
0.813967
0.74308
0.815511
0.745403
0.818963
0.746647
0.817557
0.746674
0.814499
0.744801
0.815615
0.745621
0.816038
0.746339
0.816352
0.746011
0.815861
0.745375
0.815283
0.744552
0.814022
0.744221
0.813568
0.744786
0.815526
0.74589
0.816654
0.746123
0.81494
0.745162
0.816341
0.746436
0.817334
0.749113
0.817298
0.74695
0.81573
0.745366
0.815365
0.745195
0.815674
0.745695
0.815218
0.745367
0.814968
0.745384
0.813964
0.741799
0.811789
0.742035
0.814043
0.744395
0.813934
0.744421
0.813495
0.744884
0.814494
0.743797
0.814422
0.746766
0.81429
0.746104
0.814794
0.744631
0.814193
0.744541
0.814669
0.745534
0.81506
0.743329
0.813377
0.741401
0.813274
0.74472
0.813663
0.746238
0.814107
0.74432
0.813107
0.742517
0.812842
0.743522
0.812779
0.740939
0.812096
0.744125
0.813422
0.741909
0.812161
0.743456
0.812499
0.742383
0.813286
0.743643
0.813207
0.741567
0.812354
0.741421
0.81051
0.738536
0.808573
0.739245
0.809563
0.738707
0.808933
0.740954
0.812389
0.741606
0.812326
0.742287
0.813437
0.743773
0.815536
0.745406
0.816197
0.744249
0.815936
0.745541
0.815666
0.745245
0.814058
0.745698
0.815365
0.746389
0.817992
0.74839
0.818181
0.749167
0.817982
0.747795
0.818701
0.747063
0.815766
0.746828
0.816703
0.744772
0.815323
0.74391
0.814757
0.744648
0.814403
0.744308
0.815242
0.745636
0.816104
0.746672
0.817053
0.746167
0.815899
0.747608
0.81752
0.748418
0.820415
0.749731
0.819796
0.750058
0.817834
0.746826
0.8164
0.745701
0.815839
0.746154
0.81519
0.746077
0.814558
0.74496
0.813112
0.743691
0.814271
0.744839
0.816725
0.746076
0.816569
0.744862
0.816039
0.747938
0.817931
0.747723
0.815499
0.746569
0.815775
0.747618
0.81608
0.748306
0.818837
0.74777
0.815946
0.746834
0.815903
0.746798
0.817475
0.747891
0.818255
0.745733
0.815315
0.746382
0.816867
0.745566
0.814489
0.74477
0.81526
0.746089
0.816043
0.746362
0.815245
0.742581
0.81365
0.744803
0.815137
0.744996
0.813861
0.746208
0.817798
0.74891
0.819383
0.749033
0.819069
0.749392
0.82023
0.749829
0.817589
0.748303
0.817109
0.748794
0.818824
0.7495
0.818836
0.749511
0.818707
0.746848
0.816527
0.744263
0.816251
0.748107
0.817204
0.748178
0.817177
0.746289
0.817064
0.746381
0.816302
0.746153
0.81678
0.747354
0.817502
0.747245
0.817018
0.745677
0.813992
0.746022
0.815044
0.746179
0.816256
0.747229
0.814328
0.74248
0.812928
0.744074
0.813827
0.744245
0.814917
0.745469
0.813899
0.743021
0.814464
0.744803
0.814231
0.745143
0.814749
0.744276
0.814344
0.746152
0.81601
0.74652
0.816086
0.747134
0.814872
0.747214
0.815764
0.748165
0.814532
0.74539
0.817346
0.749008
0.818957
0.7465
0.816821
0.742455
0.814502
0.746415
0.817058
0.746354
0.815899
0.743486
0.812967
0.740898
0.810168
0.741039
0.81283
0.742645
0.813421
0.743925
0.814672
0.745105
0.816895
0.745738
0.813598
0.744258
0.813796
0.744662
0.814779
0.742519
0.812085
0.742482
0.812723
0.742345
0.810706
0.741483
0.810928
0.740849
0.810172
0.742021
0.813992
0.743833
0.814329
0.743847
0.815348
0.745684
0.814387
0.742116
0.813036
0.743894
0.815435
0.745846
0.816913
0.746746
0.817372
0.748485
0.819589
0.748507
0.817526
0.748613
0.819129
0.748656
0.818798
0.747885
0.818391
0.74652
0.816579
0.747806
0.817438
0.749655
0.817593
0.7484
0.816622
0.746502
0.816392
0.745786
0.815204
0.744412
0.814877
0.745481
0.812863
0.742962
0.814292
0.744077
0.814273
0.745982
0.814836
0.74505
0.813898
0.741877
0.812692
0.743987
0.814409
0.74451
0.81504
0.746578
0.817057
0.747873
0.819936
0.749248
0.818575
0.747327
0.817487
0.748501
0.81818
0.746683
0.816185
0.747023
0.815804
0.74679
0.815862
0.747186
0.81751
0.746948
0.814943
0.7457
0.814514
0.74389
0.813993
0.74465
0.816134
0.746584
0.816543
0.746878
0.815235
0.74428
0.815134
0.74614
0.81505
0.743646
0.81304
0.743896
0.813618
0.743474
0.813882
0.743789
0.81287
0.743454
0.812526
0.743419
0.814598
0.744415
0.814207
0.742558
0.813051
0.743374
0.811999
0.744282
0.815473
0.745671
0.816341
0.745514
0.815678
0.748555
0.81963
0.750622
0.818816
0.749525
0.819791
0.750744
0.820857
0.750499
0.818475
0.749013
0.819902
0.748861
0.818551
0.748141
0.817139
0.748211
0.817778
0.746046
0.816764
0.746175
0.81798
0.74734
0.818637
0.750828
0.822011
0.753072
0.823221
0.752417
0.822257
0.751673
0.820186
0.751892
0.822179
0.750075
0.821535
0.750178
0.820203
0.750586
0.817108
0.74532
0.815388
0.744131
0.81355
0.74645
0.817935
0.747836
0.816876
0.747106
0.818226
0.74655
0.816205
0.745402
0.81607
0.744855
0.816155
0.746189
0.816988
0.74529
0.814251
0.746084
0.813727
0.742574
0.811984
0.744287
0.815843
0.745365
0.814141
0.74487
0.814748
0.743747
0.814197
0.744315
0.812478
0.743134
0.814861
0.743188
0.814094
0.744213
0.815325
0.745716
0.817124
0.7454
0.814761
0.746137
0.818698
0.746071
0.816102
0.746923
0.818038
0.747797
0.818028
0.749974
0.821199
0.753003
0.822942
0.751697
0.821304
0.750713
0.821817
0.749897
0.820664
0.751984
0.820428
0.750658
0.820076
0.748733
0.819345
0.746465
0.815552
0.745178
0.813456
0.744525
0.814465
0.745207
0.816397
0.744153
0.814904
0.744284
0.814065
0.743335
0.813856
0.743272
0.81291
0.742187
0.812817
0.743404
0.813984
0.744568
0.8142
0.744446
0.814064
0.744647
0.815366
0.746608
0.817591
0.747267
0.815953
0.74526
0.816126
0.745997
0.815006
0.745355
0.816441
0.745375
0.812804
0.745158
0.81539
0.742985
0.812819
0.743105
0.81412
0.744938
0.815528
0.746198
0.817554
0.748675
0.818712
0.750822
0.817672
0.748779
0.818342
0.748128
0.817961
0.747817
0.814451
0.743659
0.812796
0.742259
0.81234
0.742993
0.812093
0.742131
0.810675
0.741278
0.812737
0.743594
0.812445
0.742883
0.81221
0.74382
0.814356
0.743055
0.813085
0.743235
0.813818
0.743773
0.816504
0.744011
0.814931
0.743908
0.814214
0.745776
0.815605
0.743875
0.81379
0.745039
0.815052
0.744586
0.814021
0.745226
0.817793
0.744756
0.814894
0.744916
0.816293
0.747231
0.817681
0.746975
0.816069
0.746688
0.816277
0.745994
0.816658
0.745142
0.813551
0.742983
0.81303
0.743766
0.814348
0.743697
0.81414
0.745354
0.813082
0.742903
0.814207
0.743599
0.813286
0.744965
0.815058
0.745965
0.816426
0.747316
0.816653
0.747494
0.818462
0.745466
0.815542
0.747111
0.818039
0.749038
0.816721
0.746263
0.815228
0.744406
0.812736
0.744621
0.812913
0.745245
0.814807
0.744656
0.813099
0.743212
0.814157
0.745635
0.813314
0.744764
0.812824
0.743656
0.812493
0.742441
0.81463
0.74575
0.816029
0.744972
0.815545
0.746073
0.815538
0.742229
0.810508
0.743305
0.812765
0.744299
0.814733
0.747223
0.815243
0.745545
0.814051
0.743671
0.815689
0.746625
0.816985
0.747388
0.817555
0.747533
0.818119
0.749237
0.817342
0.746945
0.816222
0.74663
0.816847
0.747108
0.816022
0.74608
0.81447
0.744673
0.813307
0.745101
0.814935
0.745088
0.814736
0.745254
0.81525
0.746291
0.817169
0.747434
0.818043
0.746282
0.816772
0.746651
0.814987
0.746438
0.815525
0.74581
0.816402
0.746065
0.815859
0.747546
0.816732
0.746686
0.817025
0.745505
0.814898
0.745446
0.81708
0.746877
0.815212
0.743785
0.813966
0.742309
0.815448
0.744268
0.815383
0.746298
0.816508
0.745962
0.815554
0.745064
0.816299
0.746997
0.816359
0.746393
0.817332
0.746643
0.81772
0.748851
0.817945
0.747455
0.816612
0.747606
0.818825
0.747294
0.817658
0.748113
0.819711
0.748845
0.81983
0.749819
0.819733
0.749737
0.820134
0.749672
0.820366
0.749433
0.818644
0.749447
0.818283
0.746557
0.815929
0.746079
0.816447
0.745214
0.814928
0.744999
0.81359
0.742261
0.812353
0.741232
0.812982
0.744614
0.813792
0.742382
0.81328
0.746137
0.815441
0.745831
0.816565
0.748709
0.81865
0.749432
0.819363
0.750266
0.821235
0.749917
0.819676
0.750571
0.819633
0.749239
0.819165
0.749757
0.819095
0.749538
0.818061
0.748556
0.817366
0.747493
0.817476
0.746376
0.816107
0.7455
0.816198
0.746146
0.815561
0.745321
0.81557
0.745251
0.817027
0.745048
0.815894
0.746565
0.816469
0.745931
0.814977
0.744468
0.813191
0.742285
0.812441
0.742719
0.815204
0.744942
0.813804
0.742608
0.812684
0.743274
0.814732
0.743991
0.814471
0.743952
0.81556
0.745554
0.814834
0.746291
0.816772
0.744353
0.81436
0.744824
0.815103
0.746471
0.815791
0.744773
0.817117
0.74587
0.814506
0.744589
0.814806
0.746552
0.816602
0.746825
0.816957
0.74598
0.818065
0.747878
0.816852
0.744508
0.813624
0.743618
0.81418
0.741872
0.812178
0.743825
0.813507
0.742777
0.814054
0.742554
0.813805
0.742893
0.812599
0.743531
0.813514
0.742952
0.812568
0.743206
0.812592
0.742199
0.814666
0.744653
0.817014
0.746535
0.815815
0.745508
0.816372
0.748019
0.819211
0.747388
0.817521
0.747527
0.816968
0.746149
0.814028
0.746833
0.815824
0.745417
0.813018
0.742061
0.812963
0.742068
0.812962
0.74337
0.813318
0.742022
0.813332
0.743991
0.814589
0.743651
0.812951
0.744056
0.813511
0.744261
0.814699
0.744495
0.814807
0.744798
0.815266
0.743828
0.813477
0.741933
0.812202
0.742079
0.812471
0.742717
0.813061
0.74358
0.813934
0.746534
0.815754
0.746154
0.815973
0.746058
0.813278
0.743675
0.813761
0.744036
0.816206
0.746315
0.81486
0.746153
0.815157
0.745455
0.816604
0.745674
0.816275
0.744216
0.813188
0.740518
0.810067
0.739652
0.810929
0.742126
0.813336
0.741421
0.811002
0.743184
0.815666
0.744493
0.815472
0.745445
0.8155
0.744037
0.812551
0.744551
0.816381
0.745181
0.815515
0.744985
0.815656
0.747199
0.81767
0.747291
0.816572
0.746068
0.816487
0.74646
0.817657
0.745996
0.815682
0.743584
0.814325
0.744924
0.815441
0.74481
0.81531
0.746263
0.813912
0.744802
0.816319
0.74371
0.815522
0.746373
0.816046
0.747205
0.816797
0.747121
0.816709
0.746812
0.814855
0.744673
0.813993
0.744526
0.814339
0.744266
0.814591
0.743318
0.814657
0.742747
0.812491
0.7416
0.811584
0.741499
0.811043
0.741953
0.81357
0.74409
0.816043
0.747931
0.817391
0.746414
0.816821
0.748648
0.817783
0.746766
0.815226
0.745567
0.816073
0.744203
0.814191
0.745869
0.814607
0.74459
0.814754
0.742471
0.814803
0.744395
0.815287
0.747034
0.816439
0.747101
0.817693
0.747246
0.815994
0.746969
0.816019
0.748842
0.818422
0.747068
0.817676
0.746482
0.816697
0.745641
0.816637
0.746703
0.815562
0.74536
0.814812
0.744838
0.813678
0.743842
0.813986
0.745419
0.814523
0.745426
0.814806
0.743546
0.814589
0.747319
0.819603
0.749394
0.817816
0.745785
0.815436
0.743934
0.813772
0.744311
0.812144
0.741761
0.812649
0.743371
0.813942
0.74536
0.816599
0.74572
0.815469
0.74635
0.814802
0.744317
0.811701
0.743125
0.813
0.743131
0.812747
0.743218
0.814552
0.745576
0.815064
0.744285
0.813971
0.742903
0.812665
0.742313
0.813572
0.744908
0.814941
0.745161
0.817383
0.746836
0.81526
0.746174
0.81504
0.745649
0.814909
0.74493
0.815816
0.747226
0.815746
0.746525
0.816595
0.746593
0.817149
0.7473
0.816489
0.746272
0.814739
0.744045
0.811575
0.740974
0.80941
0.739483
0.809945
0.741085
0.811127
0.741346
0.812495
0.741091
0.813724
0.742529
0.811715
0.742403
0.814156
0.742552
0.812185
0.742767
0.812975
0.746249
0.816445
0.746339
0.815558
0.744845
0.813629
0.742163
0.811864
0.743869
0.813437
0.741347
0.812602
0.742628
0.81511
0.745584
0.814843
0.744651
0.816003
0.746529
0.817464
0.745858
0.816238
0.74531
0.815899
0.745113
0.813617
0.744641
0.814865
0.743098
0.813412
0.743797
0.812059
0.74135
0.810943
0.741372
0.811568
0.740283
0.810311
0.741841
0.813593
0.743571
0.813039
0.745377
0.813446
0.743549
0.813749
0.742679
0.814855
0.74404
0.812884
0.743147
0.812255
0.742076
0.813546
0.743387
0.813859
0.743352
0.814446
0.746323
0.815759
0.744291
0.816075
0.7475
0.816906
0.746918
0.814088
0.74515
0.815975
0.745849
0.815808
0.746064
0.815445
0.745058
0.813768
0.743831
0.8149
0.745178
0.815245
0.743264
0.813375
0.742396
0.81384
0.744794
0.814903
0.744053
0.814019
0.743163
0.814179
0.74584
0.815114
0.745487
0.814776
0.746833
0.814961
0.74705
0.818206
0.748106
0.819271
0.747619
0.818329
0.749329
0.816428
0.74574
0.815544
0.74652
0.817244
0.747277
0.81823
0.749359
0.821168
0.750116
0.819868
0.750597
0.820933
0.749576
0.81817
0.748448
0.81765
0.748958
0.817905
0.745922
0.817311
0.746293
0.815685
0.74541
0.813716
0.743806
0.815224
0.744918
0.815403
0.746497
0.817217
0.745976
0.81513
0.747763
0.816624
0.745807
0.815802
0.746396
0.816577
0.747725
0.817328
0.746474
0.814418
0.745646
0.814711
0.746108
0.815324
0.744414
0.813062
0.743873
0.815092
0.745063
0.813923
0.741806
0.814109
0.743785
0.814345
0.744877
0.814983
0.743968
0.813547
0.74475
0.815144
0.743134
0.815075
0.746929
0.816096
0.746322
0.814813
0.745768
0.8149
0.745507
0.815385
0.745784
0.814381
0.746189
0.818357
0.750228
0.82048
0.749802
0.819743
0.751019
0.822513
0.75261
0.822407
0.750381
0.819878
0.749493
0.819173
0.75056
0.820338
0.751645
0.822313
0.751834
0.820646
0.748244
0.818135
0.749652
0.81783
0.747178
0.817168
0.747006
0.817622
0.746871
0.814943
0.746107
0.81658
0.746737
0.817773
0.745782
0.814872
0.745984
0.817134
0.747324
0.815849
0.74622
0.812774
0.741731
0.814926
0.746596
0.81634
0.745367
0.814558
0.744214
0.8149
0.745464
0.816841
0.746652
0.817847
0.745875
0.814513
0.745043
0.813974
0.744255
0.813278
0.744071
0.815011
0.746501
0.814785
0.744499
0.813656
0.745176
0.81538
0.74447
0.815675
0.747992
0.819337
0.750204
0.819668
0.750092
0.819785
0.748918
0.817078
0.747294
0.816003
0.745656
0.813718
0.744353
0.815442
0.745262
0.815101
0.745503
0.813491
0.746779
0.817306
0.745192
0.814256
0.742919
0.813649
0.744564
0.814171
0.746355
0.814939
0.743335
0.815182
0.745314
0.815187
0.742506
0.814388
0.745542
0.814139
0.743842
0.813898
0.745327
0.815526
0.745207
0.817275
0.745948
0.81481
0.746868
0.816739
0.746145
0.817798
0.747359
0.817025
0.745545
0.815791
0.742573
0.812947
0.745564
0.816638
0.74589
0.815457
0.747639
0.816455
0.747235
0.816156
0.745167
0.816414
0.745302
0.816065
0.746288
0.816071
0.746367
0.813175
0.744727
0.814825
0.744401
0.814721
0.742681
0.813432
0.743021
0.813731
0.744633
0.814923
0.743766
0.813832
0.742048
0.812408
0.742137
0.811738
0.743966
0.814532
0.744933
0.81554
0.744821
0.817052
0.747616
0.817605
0.746511
0.818838
0.749567
0.820426
0.748352
0.816076
0.744692
0.816969
0.746116
0.816623
0.749003
0.818361
0.746973
0.817193
0.746041
0.81484
0.743076
0.812571
0.743275
0.813829
0.745049
0.816918
0.745289
0.81546
0.745558
0.815814
0.746432
0.817083
0.747524
0.815722
0.747089
0.818259
0.74928
0.81796
0.748086
0.818815
0.749408
0.819079
0.74915
0.819604
0.74897
0.818139
0.74945
0.819877
0.748233
0.818618
0.748479
0.817533
0.747948
0.819768
0.749424
0.818384
0.747665
0.817433
0.747835
0.817733
0.749164
0.819189
0.748529
0.819771
0.74895
0.818503
0.745829
0.815158
0.745791
0.817739
0.747169
0.816218
0.748723
0.817634
0.748549
0.819927
0.750383
0.820006
0.749959
0.818416
0.748038
0.818267
0.748117
0.816958
0.746492
0.813772
0.744861
0.814605
0.743611
0.815031
0.744099
0.816489
0.745288
0.814702
0.745271
0.815351
0.746029
0.814733
0.744926
0.812036
0.740827
0.80984
0.74124
0.810858
0.739274
0.809136
0.739611
0.80895
0.739206
0.811629
0.740267
0.812159
0.743142
0.810899
0.741042
0.812675
0.744516
0.813834
0.743057
0.812265
0.74299
0.814986
0.744874
0.813072
0.743027
0.814752
0.746441
0.816568
0.747257
0.817162
0.743531
0.814315
0.74647
0.816529
0.747226
0.817314
0.748185
0.817941
0.747863
0.818049
0.74896
0.818077
0.747365
0.815986
0.746675
0.818072
0.747137
0.816794
0.746628
0.818431
0.747868
0.818312
0.746758
0.815991
0.746408
0.817896
0.746638
0.817651
0.747709
0.818386
0.746203
0.81522
0.743691
0.812621
0.742104
0.812851
0.743727
0.812475
0.744982
0.814393
0.744493
0.815504
0.746744
0.81424
0.744655
0.815324
0.744359
0.814784
0.745695
0.816042
0.744222
0.8153
0.745472
0.815899
0.747778
0.818809
0.748957
0.818377
0.749376
0.819904
0.74902
0.818894
0.748655
0.817663
0.745532
0.814649
0.74438
0.812051
0.74095
0.811699
0.741141
0.812241
0.741621
0.811626
0.741621
0.813453
0.740836
0.806867
0.737878
0.807736
0.739845
0.811842
0.743761
0.814573
0.744066
0.815691
0.746511
0.815473
0.74585
0.816547
0.746644
0.815696
0.746151
0.815869
0.744807
0.81494
0.745587
0.814559
0.745978
0.816275
0.746313
0.816251
0.746565
0.816812
0.746252
0.816254
0.746462
0.815769
0.74727
0.81759
0.748735
0.817753
0.748099
0.818844
0.747414
0.817556
0.749055
0.817454
0.747738
0.816166
0.744927
0.815322
0.742828
0.811769
0.743514
0.81244
0.744091
0.810657
0.741063
0.81036
0.741419
0.812341
0.742118
0.811702
0.741707
0.811672
0.740952
0.810601
0.740244
0.807778
0.735581
0.805561
0.735678
0.804978
0.737192
0.808316
0.738932
0.810996
0.740355
0.812306
0.744536
0.815228
0.7429
0.8132
0.743175
0.813296
0.742733
0.813533
0.744346
0.815609
0.745692
0.81711
0.748666
0.818043
0.749919
0.81884
0.747484
0.817748
0.748001
0.819003
0.749355
0.818992
0.74758
0.817066
0.747339
0.81639
0.746428
0.815582
0.744628
0.814225
0.744966
0.814525
0.744871
0.813169
0.74224
0.812608
0.741124
0.81278
0.744312
0.814737
0.74604
0.814823
0.744716
0.812568
0.743934
0.813348
0.741743
0.812129
0.742128
0.812553
0.741914
0.812456
0.742596
0.81411
0.743203
0.814499
0.745311
0.816472
0.744612
0.813484
0.742756
0.812183
0.743588
0.813567
0.746529
0.814174
0.744823
0.812878
0.743757
0.813443
0.742237
0.811675
0.742783
0.81235
0.740905
0.811071
0.741459
0.812524
0.741513
0.813699
0.742253
0.813536
0.743772
0.815447
0.74418
0.813484
0.745435
0.814439
0.743692
0.814362
0.743414
0.814206
0.742487
0.813155
0.744263
0.816521
0.746649
0.818678
0.749096
0.818211
0.748102
0.819062
0.748277
0.817941
0.749078
0.819304
0.748313
0.819685
0.749754
0.818467
0.745328
0.814092
0.744769
0.815232
0.744292
0.814219
0.744034
0.812888
0.744512
0.814464
0.744394
0.815214
0.74523
0.815519
0.744913
0.81502
0.74505
0.815865
0.746925
0.817354
0.746307
0.814742
0.742295
0.812778
0.74336
0.813816
0.744422
0.815269
0.746107
0.815503
0.746867
0.816813
0.746289
0.815738
0.745858
0.816718
0.746903
0.818218
0.747728
0.818028
0.747841
0.819218
0.747267
0.818379
0.747349
0.817538
0.748439
0.8178
0.747461
0.815608
0.744104
0.814521
0.742638
0.811877
0.74371
0.813915
0.743398
0.813513
0.744045
0.815397
0.746171
0.815921
0.745718
0.815204
0.747291
0.817117
0.745838
0.815775
0.74459
0.81546
0.743953
0.815478
0.744665
0.814955
0.744951
0.813009
0.740223
0.809265
0.741905
0.810262
0.738854
0.811683
0.741977
0.811444
0.742135
0.810412
0.740412
0.812689
0.742599
0.814053
0.742792
0.811518
0.741433
0.813723
0.746225
0.815912
0.74558
0.816012
0.747313
0.817057
0.748095
0.818826
0.748508
0.817776
0.746013
0.817964
0.747575
0.817712
0.748729
0.8181
0.748972
0.818875
0.750177
0.820505
0.745455
0.814206
0.745865
0.814394
0.74343
0.811208
0.740499
0.811099
0.740197
0.809163
0.737384
0.808047
0.738514
0.808761
0.739674
0.810299
0.741618
0.812
0.741515
0.811386
0.74226
0.813415
0.744309
0.81475
0.745809
0.816521
0.744465
0.815662
0.744445
0.814601
0.74472
0.814914
0.745628
0.816125
0.747783
0.817187
0.745479
0.814581
0.741858
0.81128
0.740757
0.810516
0.7417
0.813273
0.74494
0.815267
0.743731
0.812679
0.743824
0.811486
0.741832
0.814529
0.744905
0.813559
0.74367
0.814212
0.743713
0.815066
0.744919
0.814327
0.743448
0.812352
0.742201
0.811024
0.740706
0.812657
0.742763
0.813078
0.744531
0.813739
0.744653
0.815068
0.744337
0.81372
0.744983
0.815952
0.744735
0.81551
0.744747
0.813498
0.744297
0.816104
0.745745
0.817724
0.74811
0.816828
0.746759
0.817672
0.747172
0.817627
0.748358
0.817764
0.745297
0.815441
0.745142
0.814645
0.743658
0.812429
0.742995
0.813839
0.742355
0.809985
0.739692
0.8089
0.741751
0.81285
0.741196
0.811967
0.740942
0.8109
0.741089
0.811004
0.741128
0.813684
0.741797
0.813347
0.744115
0.81352
0.741906
0.811801
0.741734
0.812417
0.741972
0.812587
0.743827
0.813552
0.74536
0.815285
0.745974
0.817428
0.74551
0.814551
0.74642
0.815724
0.746573
0.816882
0.745358
0.816296
0.747479
0.818175
0.749156
0.817702
0.748149
0.817513
0.747589
0.817076
0.74781
0.815655
0.748097
0.819986
0.748458
0.81772
0.746881
0.815838
0.744522
0.813691
0.744428
0.812764
0.742061
0.811954
0.74068
0.810571
0.738672
0.810868
0.739761
0.809457
0.739521
0.811126
0.740573
0.812006
0.74279
0.81227
0.744564
0.816406
0.74542
0.815534
0.745945
0.814918
0.746389
0.814995
0.744937
0.815426
0.746716
0.816267
0.746938
0.817877
0.748156
0.817286
0.74816
0.819195
0.74791
0.817887
0.748188
0.818963
0.746193
0.815829
0.74651
0.817764
0.7464
0.815595
0.746359
0.817469
0.746848
0.815234
0.74559
0.816643
0.746024
0.814711
0.746163
0.816091
0.743778
0.816062
0.744494
0.815317
0.743553
0.815001
0.747156
0.818216
0.747695
0.817596
0.746939
0.8166
0.745156
0.815768
0.745414
0.815959
0.746146
0.81746
0.745418
0.815442
0.746779
0.816562
0.744777
0.814576
0.745729
0.81652
0.745622
0.816615
0.745956
0.815188
0.745469
0.816783
0.74734
0.81719
0.747913
0.816305
0.745595
0.81566
0.74613
0.817831
0.749182
0.818909
0.747737
0.820211
0.748855
0.81904
0.747344
0.817314
0.74751
0.816892
0.749506
0.817567
0.74782
0.817548
0.74673
0.817873
0.745654
0.814951
0.746985
0.816266
0.746435
0.816838
0.746331
0.817138
0.748678
0.818366
0.750717
0.820524
0.750846
0.82206
0.752629
0.821197
0.751871
0.821573
0.750485
0.820076
0.748708
0.820926
0.749648
0.820936
0.751712
0.821261
0.752328
0.822573
0.751823
0.822016
0.752236
0.822745
0.751602
0.820454
0.750238
0.82006
0.750271
0.820486
0.750593
0.819965
0.747823
0.817034
0.747088
0.817739
0.748078
0.81779
0.749619
0.819883
0.749598
0.819313
0.749497
0.81793
0.746013
0.81556
0.744953
0.813285
0.74401
0.815297
0.746238
0.817522
0.745781
0.817443
0.747859
0.814777
0.746488
0.816685
0.746763
0.815513
0.746463
0.81727
0.747843
0.817652
0.747682
0.817335
0.745769
0.814835
0.746012
0.814545
0.745858
0.813288
0.744765
0.815294
0.745548
0.815
0.744576
0.815056
0.745389
0.815492
0.746573
0.816174
0.746029
0.816258
0.747395
0.817462
0.746863
0.818228
0.747449
0.817604
0.747319
0.817875
0.746991
0.81625
0.745445
0.814473
0.745809
0.814907
0.745586
0.814349
0.743331
0.813679
0.743789
0.812788
0.744109
0.81655
0.74489
0.813
0.743625
0.816216
0.74498
0.814713
0.744543
0.813938
0.745207
0.814853
0.745021
0.81596
0.746483
0.816997
0.747337
0.816363
0.748399
0.816793
0.745401
0.816686
0.747109
0.814993
0.746089
0.815879
0.746144
0.814911
0.745262
0.816532
0.744965
0.815137
0.744056
0.81383
0.744795
0.814659
0.745239
0.81481
0.744847
0.814935
0.745678
0.815517
0.746303
0.81608
0.744981
0.814846
0.745948
0.814668
0.743895
0.811946
0.743641
0.814919
0.74425
0.816123
0.743356
0.813729
0.743785
0.814229
0.745656
0.814388
0.742733
0.812059
0.742517
0.810079
0.741631
0.810218
0.74161
0.814871
0.745236
0.815612
0.744936
0.813619
0.745089
0.814473
0.744358
0.813766
0.745319
0.812976
0.745141
0.814023
0.742477
0.814623
0.744394
0.814114
0.742876
0.813168
0.743973
0.816482
0.745508
0.814763
0.744488
0.815279
0.744328
0.813287
0.73985
0.808378
0.737859
0.810261
0.742048
0.812541
0.742092
0.812942
0.742832
0.814386
0.746247
0.816377
0.745669
0.817448
0.746707
0.816171
0.746132
0.816103
0.748572
0.818555
0.748247
0.817255
0.746331
0.817737
0.748137
0.81793
0.74734
0.819349
0.750366
0.818303
0.746946
0.81446
0.74427
0.813989
0.74254
0.812502
0.743404
0.812888
0.742564
0.81408
0.743703
0.814243
0.743912
0.814659
0.743037
0.813556
0.744372
0.811882
0.743064
0.815062
0.74351
0.814748
0.742567
0.813745
0.744662
0.814677
0.745802
0.81561
0.745701
0.814764
0.744395
0.814758
0.74485
0.814118
0.743765
0.814903
0.744717
0.815407
0.743239
0.813227
0.742404
0.812705
0.743743
0.814262
0.744217
0.815232
0.74636
0.816132
0.746813
0.816192
0.746865
0.816103
0.7465
0.814825
0.746717
0.818421
0.74702
0.818375
0.74685
0.817144
0.746884
0.816242
0.748133
0.818941
0.747346
0.818507
0.746504
0.817309
0.748762
0.818501
0.749692
0.819848
0.750961
0.823236
0.753444
0.822868
0.751977
0.822423
0.752441
0.821404
0.751511
0.820594
0.749
0.819166
0.746065
0.81675
0.746798
0.815431
0.745955
0.815221
0.743966
0.814209
0.746269
0.81655
0.745573
0.816056
0.745672
0.814572
0.744439
0.816247
0.74551
0.815205
0.747864
0.817978
0.747542
0.816345
0.746144
0.815838
0.744661
0.813585
0.744659
0.814329
0.74334
0.814141
0.742961
0.81404
0.742752
0.813277
0.742773
0.810513
0.73942
0.810306
0.740001
0.812644
0.74311
0.813363
0.743621
0.811451
0.74232
0.812296
0.74053
0.813267
0.744295
0.813269
0.742711
0.813397
0.74585
0.81881
0.747169
0.817526
0.744744
0.814977
0.742935
0.813648
0.743589
0.814719
0.744843
0.81555
0.745436
0.813858
0.745622
0.816362
0.746828
0.815187
0.746378
0.813743
0.742634
0.811032
0.743184
0.81192
0.74392
0.812455
0.742778
0.812377
0.742054
0.812101
0.742451
0.812787
0.743605
0.81293
0.744819
0.815375
0.744315
0.814473
0.74375
0.815645
0.743542
0.81096
0.740919
0.812179
0.742506
0.814389
0.743582
0.814303
0.746742
0.817455
0.747425
0.818191
0.748592
0.819355
0.749929
0.820226
0.748938
0.818127
0.749406
0.819656
0.748974
0.818384
0.749432
0.816675
0.746675
0.817789
0.747406
0.814788
0.745817
0.815333
0.746159
0.81617
0.744275
0.813531
0.743617
0.815378
0.747067
0.815123
0.746118
0.815998
0.744541
0.814333
0.742178
0.812934
0.743635
0.81574
0.745727
0.81563
0.747188
0.816949
0.745235
0.815712
0.744789
0.813877
0.742296
0.813087
0.741926
0.812745
0.744097
0.815333
0.744414
0.815512
0.745937
0.815698
0.743945
0.81438
0.745384
0.815119
0.744225
0.81342
0.745438
0.818124
0.746993
0.815216
0.744569
0.813556
0.743303
0.8145
0.744984
0.814474
0.744211
0.813852
0.745138
0.815746
0.747193
0.817652
0.747303
0.81732
0.748831
0.816395
0.746621
0.81594
0.744651
0.81557
0.745085
0.81378
0.744084
0.813348
0.744261
0.813497
0.744388
0.816161
0.745645
0.814976
0.745752
0.816125
0.746791
0.817765
0.746063
0.814702
0.745455
0.816191
0.744481
0.814986
0.743681
0.8143
0.743239
0.812542
0.743085
0.814045
0.743967
0.81665
0.745054
0.814742
0.744537
0.814222
0.741708
0.812802
0.74441
0.814732
0.744569
0.816359
0.745915
0.813375
0.744385
0.814737
0.745209
0.814869
0.74225
0.813265
0.744
0.81352
0.743082
0.814446
0.745437
0.817321
0.747665
0.815512
0.746103
0.816543
0.745889
0.81568
0.746923
0.817148
0.746457
0.815619
0.74361
0.814281
0.745419
0.815674
0.744199
0.815444
0.744562
0.815495
0.74321
0.812629
0.742428
0.812517
0.742265
0.812726
0.741701
0.811791
0.742488
0.811583
0.743948
0.814164
0.744047
0.813852
0.743962
0.814781
0.744891
0.817094
0.74657
0.814417
0.746606
0.816943
0.744718
0.813869
0.743907
0.811942
0.742368
0.812363
0.744137
0.816097
0.744706
0.815635
0.745579
0.814766
0.745461
0.814509
0.744229
0.814082
0.745844
0.81609
0.745967
0.815845
0.74742
0.814677
0.744504
0.813749
0.74477
0.815675
0.744863
0.813953
0.742555
0.81421
0.744491
0.813408
0.745658
0.814801
0.744935
0.81541
0.74674
0.817083
0.745751
0.815165
0.74528
0.815236
0.743704
0.814058
0.744341
0.81502
0.746054
0.816527
0.74597
0.816755
0.748181
0.818777
0.751314
0.820209
0.749384
0.818045
0.746598
0.813734
0.743685
0.813539
0.741721
0.813286
0.745319
0.813605
0.743646
0.813691
0.742552
0.812569
0.740777
0.809169
0.739286
0.808887
0.737852
0.810076
0.73979
0.811164
0.740075
0.810419
0.740683
0.812638
0.744066
0.815749
0.746963
0.815827
0.745075
0.816646
0.747113
0.815249
0.745719
0.818023
0.750289
0.82069
0.750441
0.820622
0.751645
0.82195
0.75164
0.821656
0.752009
0.822629
0.751835
0.821392
0.750252
0.818678
0.74822
0.819302
0.750499
0.819048
0.748997
0.819289
0.748616
0.817227
0.747629
0.817655
0.747419
0.816559
0.748266
0.817468
0.749327
0.819491
0.747962
0.81619
0.74809
0.817435
0.747637
0.816168
0.74558
0.816524
0.746778
0.815775
0.744292
0.813764
0.746065
0.815845
0.744852
0.815709
0.744923
0.816347
0.743868
0.814893
0.742537
0.813216
0.742213
0.814628
0.744381
0.814694
0.747104
0.816934
0.746333
0.814777
0.745346
0.813566
0.741872
0.810621
0.742086
0.812424
0.742277
0.811668
0.742233
0.813567
0.746541
0.816321
0.747812
0.818117
0.747486
0.818135
0.748662
0.818931
0.75008
0.821112
0.750845
0.820976
0.750496
0.821617
0.751616
0.821792
0.75157
0.820423
0.750449
0.820098
0.751242
0.819657
0.751529
0.820981
0.751751
0.821365
0.749885
0.819321
0.74948
0.820466
0.749584
0.820196
0.749477
0.81717
0.74871
0.817292
0.746605
0.815037
0.744879
0.814341
0.745712
0.815069
0.743851
0.814852
0.746601
0.815698
0.746477
0.817477
0.748049
0.819408
0.74808
0.819303
0.748786
0.817418
0.747948
0.818151
0.74752
0.81685
0.744239
0.814264
0.74443
0.813761
0.743428
0.813392
0.741515
0.813613
0.740425
0.810062
0.742654
0.814859
0.744423
0.815728
0.746828
0.816022
0.744941
0.815026
0.74612
0.818182
0.746447
0.815041
0.744885
0.814984
0.744788
0.813073
0.742731
0.813828
0.742078
0.811601
0.743619
0.814388
0.745022
0.815187
0.746723
0.815669
0.742586
0.812265
0.743128
0.811072
0.74104
0.812866
0.744917
0.815638
0.746858
0.816132
0.745854
0.814617
0.74444
0.814305
0.741955
0.811611
0.74201
0.811733
0.741524
0.812401
0.743029
0.814339
0.744934
0.815273
0.745211
0.815201
0.745009
0.813557
0.744531
0.814808
0.745829
0.814941
0.744657
0.814587
0.745963
0.818646
0.747212
0.817902
0.746731
0.816483
0.745856
0.816341
0.746436
0.816262
0.744493
0.814735
0.744769
0.816504
0.745454
0.815245
0.746436
0.815486
0.744059
0.815326
0.747139
0.818658
0.748166
0.817723
0.747981
0.81821
0.747972
0.817017
0.748552
0.817348
0.748264
0.816335
0.749323
0.815981
0.745574
0.815266
0.744224
0.813973
0.744882
0.814348
0.745625
0.81594
0.745314
0.816599
0.745951
0.81638
0.744416
0.815569
0.746397
0.813279
0.743045
0.813195
0.744535
0.816244
0.744231
0.813727
0.743023
0.813035
0.744836
0.814445
0.742199
0.813125
0.744057
0.814275
0.741618
0.812186
0.744724
0.81477
0.742534
0.814141
0.744112
0.815581
0.744295
0.813719
0.741682
0.810098
0.741175
0.812726
0.743418
0.814467
0.745407
0.813469
0.743326
0.813308
0.744593
0.814919
0.745076
0.814224
0.744985
0.817072
0.747285
0.815863
0.746888
0.815166
0.746378
0.817486
0.746173
0.815308
0.745957
0.816019
0.74665
0.81718
0.747007
0.816346
0.744894
0.816616
0.745117
0.81661
0.748064
0.817426
0.743903
0.816196
0.747069
0.816704
0.746201
0.815308
0.744503
0.814929
0.743664
0.813904
0.744236
0.813729
0.744484
0.812478
0.743185
0.813075
0.743112
0.813118
0.741297
0.811055
0.740435
0.812163
0.740586
0.811559
0.743181
0.813594
0.74394
0.814926
0.744274
0.813981
0.74418
0.812714
0.744299
0.81379
0.745099
0.816323
0.746439
0.815419
0.742665
0.813807
0.743507
0.814583
0.744534
0.813425
0.743243
0.81461
0.74374
0.812521
0.741429
0.813072
0.743722
0.813546
0.743077
0.814373
0.740427
0.810504
0.740805
0.813189
0.741649
0.811845
0.742942
0.815256
0.74523
0.815739
0.74613
0.8167
0.745721
0.815096
0.744259
0.812925
0.741901
0.813231
0.743276
0.812477
0.74161
0.81193
0.743373
0.812447
0.742431
0.812886
0.742789
0.814368
0.745851
0.815113
0.745193
0.814324
0.744915
0.815638
0.747455
0.818035
0.748276
0.818102
0.748236
0.819454
0.74955
0.821267
0.751174
0.820676
0.750059
0.819638
0.749078
0.817267
0.749416
0.819607
0.748687
0.818453
0.745326
0.815025
0.743555
0.813066
0.744063
0.817875
0.74911
0.819858
0.74719
0.817726
0.745625
0.817065
0.747455
0.814871
0.745058
0.813461
0.742728
0.811798
0.742982
0.812716
0.741877
0.811072
0.742484
0.811303
0.742686
0.813876
0.7455
0.814731
0.745937
0.814388
0.747093
0.81628
0.746066
0.816631
0.748908
0.817058
0.745052
0.812944
0.742336
0.812578
0.742705
0.813986
0.744871
0.813929
0.742
0.811822
0.742288
0.814229
0.744613
0.816462
0.74719
0.817693
0.748009
0.815551
0.745775
0.814806
0.745368
0.814895
0.744185
0.813124
0.745946
0.816504
0.74548
0.814995
0.743439
0.814288
0.743921
0.812942
0.744099
0.814162
0.743827
0.814889
0.747699
0.8166
0.745761
0.816175
0.744788
0.815216
0.746492
0.816548
0.747699
0.816963
0.747267
0.816586
0.746819
0.816643
0.746608
0.81621
0.746425
0.817271
0.74775
0.816006
0.746803
0.817479
0.748822
0.819129
0.748725
0.816915
0.748419
0.817523
0.74774
0.815001
0.746235
0.816202
0.748502
0.817651
0.747583
0.817159
0.749161
0.819067
0.749007
0.817995
0.747023
0.815821
0.747331
0.817118
0.74584
0.816927
0.747001
0.814652
0.744632
0.814482
0.745581
0.81625
0.745369
0.813474
0.7428
0.811855
0.743105
0.811263
0.741385
0.811652
0.741009
0.811308
0.741662
0.811957
0.745888
0.814632
0.744115
0.815802
0.742652
0.813062
0.743087
0.813492
0.744342
0.815703
0.745428
0.817763
0.746406
0.817018
0.748962
0.81704
0.747423
0.81676
0.747166
0.817171
0.747667
0.817484
0.747189
0.817302
0.749107
0.819859
0.750304
0.820498
0.751648
0.821924
0.752623
0.82401
0.754002
0.824566
0.751063
0.821639
0.750319
0.821556
0.75136
0.820439
0.747246
0.816718
0.745947
0.816678
0.74643
0.816009
0.746759
0.81625
0.742597
0.812296
0.740207
0.809455
0.741462
0.811318
0.742888
0.811575
0.740598
0.81197
0.743952
0.814395
0.742558
0.814145
0.745018
0.81331
0.745496
0.814701
0.744925
0.816787
0.747631
0.816941
0.747452
0.817936
0.749038
0.817826
0.746744
0.817195
0.747368
0.817199
0.746856
0.817399
0.747769
0.817738
0.748718
0.816466
0.743735
0.814168
0.743709
0.814332
0.744599
0.815696
0.741876
0.811658
0.743956
0.812644
0.740194
0.813113
0.741581
0.811645
0.743234
0.812349
0.742955
0.814085
0.746307
0.815859
0.744209
0.813489
0.743253
0.812341
0.742049
0.811775
0.741629
0.812329
0.739818
0.811092
0.742321
0.813128
0.742851
0.812722
0.740867
0.811592
0.74157
0.812783
0.742223
0.81355
0.744103
0.814809
0.744633
0.816774
0.746744
0.816307
0.74496
0.814339
0.742422
0.811891
0.742155
0.813396
0.744073
0.814355
0.745903
0.816544
0.747876
0.819416
0.746894
0.815023
0.7457
0.815737
0.74624
0.816109
0.747163
0.816971
0.743841
0.814007
0.74574
0.816849
0.746112
0.81514
0.745532
0.814797
0.745238
0.817121
0.746982
0.815712
0.746151
0.813589
0.743382
0.81382
0.743151
0.812753
0.743006
0.814028
0.744378
0.813801
0.743516
0.814114
0.742432
0.812591
0.74158
0.811062
0.741995
0.813032
0.74325
0.814798
0.744827
0.815308
0.74465
0.813901
0.743952
0.812361
0.742279
0.81346
0.745279
0.814382
0.74529
0.815895
0.744426
0.813709
0.742278
0.811814
0.742936
0.81239
0.744762
0.815703
0.745841
0.814852
0.743817
0.812838
0.744609
0.814807
0.745715
0.816376
0.746351
0.816137
0.747273
0.815707
0.74643
0.818724
0.745886
0.81679
0.74684
0.816965
0.745337
0.814551
0.744755
0.815944
0.745608
0.814557
0.743891
0.81231
0.743101
0.813765
0.743752
0.813121
0.742673
0.814728
0.746173
0.815324
0.74542
0.815508
0.744515
0.81474
0.745843
0.815138
0.745937
0.816609
0.74769
0.817535
0.748817
0.818369
0.746489
0.817642
0.747883
0.818428
0.746271
0.816433
0.745505
0.81486
0.745795
0.814942
0.746437
0.818169
0.746098
0.816911
0.746534
0.816372
0.747281
0.816406
0.745811
0.815645
0.745787
0.814665
0.746041
0.8187
0.748683
0.819124
0.748524
0.817531
0.749142
0.819694
0.751419
0.820852
0.749065
0.819596
0.748487
0.815464
0.745708
0.816364
0.74453
0.814257
0.744608
0.815153
0.744993
0.814175
0.742423
0.813551
0.745485
0.816075
0.74223
0.813368
0.741914
0.812664
0.743131
0.813642
0.745331
0.814099
0.7457
0.815044
0.744881
0.813533
0.745548
0.814251
0.743619
0.813724
0.744577
0.814034
0.745517
0.814255
0.744497
0.816185
0.74642
0.817583
0.747689
0.817001
0.745916
0.816704
0.748722
0.819312
0.749147
0.817842
0.748467
0.817711
0.74613
0.816261
0.747439
0.817288
0.746125
0.817285
0.74741
0.818367
0.74838
0.816979
0.748708
0.818291
0.749653
0.818657
0.748352
0.817765
0.744971
0.816228
0.748348
0.818294
0.747803
0.818656
0.746673
0.815376
0.745801
0.815006
0.743459
0.813421
0.744678
0.818073
0.748505
0.817066
0.747755
0.816102
0.745639
0.817387
0.748307
0.817449
0.74751
0.818144
0.746989
0.815432
0.746733
0.816308
0.746989
0.81593
0.745808
0.815494
0.747217
0.816225
0.747191
0.816144
0.74511
0.814792
0.745576
0.814737
0.745663
0.816218
0.747243
0.817389
0.747082
0.816881
0.746549
0.817041
0.748145
0.817228
0.746142
0.817147
0.746945
0.817992
0.747229
0.817202
0.748296
0.818392
0.748852
0.81879
0.747606
0.815132
0.746034
0.815355
0.744663
0.814893
0.745362
0.814383
0.744518
0.815068
0.742049
0.814102
0.745306
0.815821
0.747432
0.817432
0.745011
0.816353
0.746539
0.815208
0.746432
0.815086
0.743237
0.812745
0.743131
0.814153
0.744191
0.813956
0.744807
0.814731
0.745282
0.815039
0.744584
0.814525
0.743862
0.81326
0.740585
0.812009
0.742458
0.812933
0.74448
0.813577
0.744032
0.81345
0.743129
0.81295
0.741746
0.813345
0.743924
0.814549
0.743252
0.8128
0.743515
0.814338
0.745046
0.815697
0.746411
0.817767
0.74656
0.81476
0.744158
0.816691
0.746022
0.817903
0.747455
0.816531
0.746381
0.815201
0.746953
0.816583
0.746081
0.815297
0.746791
0.81582
0.745689
0.81473
0.74554
0.816032
0.746292
0.815731
0.746415
0.817468
0.746157
0.815998
0.745899
0.817326
0.747144
0.818286
0.747622
0.81835
0.750245
0.821137
0.751313
0.820296
0.749168
0.817482
0.746006
0.813901
0.742205
0.811898
0.741035
0.812967
0.743796
0.812739
0.740326
0.811669
0.739783
0.810584
0.741078
0.810329
0.740945
0.811496
0.739071
0.810602
0.740932
0.811425
0.738914
0.810424
0.741285
0.811663
0.743577
0.811712
0.741437
0.81052
0.741172
0.812153
0.743362
0.814572
0.744031
0.815043
0.744948
0.814875
0.743378
0.812895
0.741506
0.812557
0.741452
0.81264
0.74091
0.810293
0.742505
0.812893
0.742239
0.813923
0.744192
0.813664
0.742343
0.813831
0.743413
0.811691
0.740936
0.812257
0.74147
0.813613
0.741453
0.812144
0.74393
0.812985
0.742077
0.813782
0.744348
0.813607
0.743568
0.814011
0.744504
0.815469
0.745298
0.815468
0.74586
0.815304
0.745015
0.813661
0.744098
0.816321
0.747806
0.817027
0.744797
0.813934
0.74358
0.812301
0.744558
0.814258
0.742689
0.812836
0.740908
0.812167
0.744159
0.812544
0.743545
0.815535
0.743594
0.813487
0.74233
0.812949
0.743257
0.814131
0.744753
0.814775
0.744844
0.816679
0.743931
0.81204
0.741218
0.814507
0.746826
0.81646
0.747555
0.816738
0.747441
0.816204
0.745049
0.813038
0.742249
0.813084
0.745533
0.816311
0.746446
0.817358
0.744817
0.812949
0.743249
0.813288
0.743237
0.81174
0.740281
0.810845
0.741039
0.81099
0.742442
0.812677
0.742013
0.812503
0.743509
0.815636
0.744323
0.814955
0.746215
0.816322
0.745923
0.815964
0.745569
0.816178
0.745878
0.81583
0.747191
0.815044
0.744622
0.81535
0.74416
0.815752
0.745141
0.813877
0.744391
0.815998
0.746969
0.816103
0.745084
0.815089
0.745666
0.81424
0.744413
0.813793
0.743281
0.814625
0.743256
0.813243
0.742575
0.812212
0.742144
0.811388
0.741531
0.811261
0.742944
0.813708
0.741532
0.81223
0.740749
0.81172
0.743235
0.813857
0.744611
0.812747
0.743748
0.813798
0.742392
0.815342
0.743049
0.813456
0.743497
0.813305
0.742757
0.81343
0.743042
0.811307
0.740853
0.81138
0.741953
0.811578
0.739509
0.811118
0.743701
0.811948
0.743222
0.813241
0.745297
0.815529
0.744732
0.81581
0.744463
0.814075
0.745491
0.816258
0.745772
0.816594
0.747328
0.814693
0.745792
0.814822
0.745238
0.813866
0.744787
0.815485
0.746158
0.81651
0.746026
0.815605
0.746893
0.816482
0.747918
0.817409
0.746616
0.815187
0.745755
0.81621
0.744934
0.814994
0.746461
0.816503
0.745512
0.81384
0.744512
0.815814
0.743285
0.812187
0.741403
0.813
0.741927
0.813263
0.741875
0.812711
0.743483
0.812841
0.743831
0.813421
0.744436
0.814256
0.743134
0.814707
0.742312
0.814076
0.742058
0.811422
0.740828
0.811046
0.742628
0.812907
0.743915
0.814197
0.742402
0.813631
0.744275
0.811046
0.740546
0.810685
0.741601
0.811951
0.74124
0.810568
0.740263
0.80954
0.741104
0.811292
0.742618
0.813205
0.743754
0.814304
0.745204
0.816476
0.744973
0.816101
0.746273
0.816112
0.74811
0.817166
0.747308
0.817119
0.74731
0.817149
0.748107
0.81849
0.749013
0.818548
0.747596
0.817824
0.747046
0.818038
0.747825
0.813431
0.744015
0.814247
0.744658
0.814042
0.744515
0.813223
0.741021
0.810094
0.740809
0.808894
0.739458
0.809506
0.743105
0.815235
0.745633
0.815165
0.74582
0.815905
0.746763
0.815263
0.745183
0.814733
0.742915
0.812901
0.744083
0.812218
0.739959
0.810983
0.740607
0.811397
0.738823
0.810024
0.740627
0.811013
0.741057
0.810375
0.740814
0.811534
0.741019
0.812161
0.742149
0.813075
0.743122
0.811012
0.741611
0.809954
0.742102
0.81248
0.743744
0.810163
0.741457
0.811571
0.743021
0.81224
0.74356
0.814119
0.743781
0.812657
0.743274
0.813459
0.742867
0.811979
0.742237
0.812673
0.740902
0.811946
0.741689
0.812953
0.74224
0.813382
0.741814
0.8126
0.74387
0.813647
0.744399
0.816021
0.744973
0.815614
0.745858
0.81649
0.747478
0.819108
0.748824
0.819227
0.747964
0.816534
0.745702
0.815564
0.745158
0.8153
0.74601
0.815873
0.743669
0.815001
0.746955
0.814545
0.744089
0.813235
0.741216
0.812112
0.741859
0.812655
0.742915
0.812986
0.742404
0.811675
0.741553
0.813012
0.744442
0.814032
0.74497
0.81625
0.742913
0.812507
0.743184
0.812879
0.741175
0.81085
0.740864
0.811309
0.743787
0.813721
0.743574
0.814315
0.744697
0.813774
0.742545
0.813675
0.742854
0.812515
0.743385
0.811526
0.743312
0.813587
0.744251
0.81401
0.744711
0.812901
0.741563
0.81203
0.744008
0.812608
0.741702
0.809677
0.740455
0.810039
0.742787
0.812917
0.743089
0.815635
0.746488
0.816357
0.745283
0.81569
0.744283
0.815775
0.747683
0.81762
0.748554
0.817976
0.747307
0.817633
0.748631
0.818896
0.747097
0.817851
0.746733
0.816338
0.743925
0.814421
0.744149
0.815281
0.745385
0.815732
0.744893
0.813795
0.740685
0.807898
0.737799
0.808632
0.739139
0.810487
0.742554
0.813533
0.744544
0.813972
0.742757
0.812078
0.744441
0.814017
0.745397
0.813153
0.742985
0.812717
0.743794
0.813709
0.743857
0.815131
0.745881
0.816843
0.744997
0.81531
0.743036
0.812413
0.743372
0.814355
0.745635
0.816319
0.748062
0.820186
0.749576
0.819484
0.746732
0.81679
0.746935
0.816905
0.747225
0.817159
0.746237
0.816005
0.743703
0.814889
0.746053
0.814249
0.745584
0.816908
0.747484
0.817849
0.749034
0.819594
0.747626
0.816784
0.74555
0.81694
0.742819
0.812343
0.742495
0.812936
0.743648
0.814428
0.74382
0.813214
0.744792
0.817501
0.748467
0.818618
0.749617
0.819676
0.749943
0.817174
0.746769
0.816843
0.747769
0.818192
0.748581
0.818075
0.747323
0.817989
0.74678
0.817753
0.746292
0.817465
0.748648
0.816927
0.745583
0.814678
0.743538
0.811622
0.741617
0.812656
0.741066
0.810216
0.740436
0.810952
0.741633
0.812797
0.743506
0.811927
0.742205
0.811117
0.741767
0.814324
0.744997
0.814925
0.74463
0.813816
0.743771
0.813672
0.744363
0.813746
0.743702
0.813772
0.744851
0.813806
0.741617
0.81311
0.741808
0.814641
0.745833
0.81583
0.746399
0.817044
0.746088
0.816937
0.748027
0.818322
0.748077
0.818003
0.748371
0.819054
0.747312
0.819043
0.749925
0.818926
0.747274
0.817225
0.746531
0.81659
0.747497
0.817311
0.748326
0.816074
0.746969
0.816625
0.747674
0.817553
0.747073
0.81746
0.746356
0.817548
0.74497
0.815039
0.746132
0.815731
0.74633
0.816106
0.74696
0.815689
0.745673
0.817015
0.74682
0.818123
0.74648
0.818276
0.747635
0.817412
0.747676
0.814798
0.742477
0.8133
0.743414
0.811537
0.741314
0.812624
0.742197
0.810609
0.742489
0.812143
0.74135
0.813531
0.745074
0.817092
0.748327
0.818363
0.746982
0.817354
0.746955
0.8161
0.745549
0.812453
0.743222
0.813028
0.743974
0.813903
0.74455
0.813432
0.743815
0.814214
0.745174
0.814855
0.744039
0.813464
0.743804
0.815669
0.744007
0.814996
0.746325
0.816165
0.74733
0.816898
0.745344
0.818077
0.74779
0.817455
0.747108
0.815482
0.745
0.814272
0.743875
0.812622
0.743297
0.814498
0.743795
0.814854
0.744242
0.8143
0.743276
0.8139
0.745858
0.818019
0.747889
0.816057
0.746781
0.817553
0.745596
0.815769
0.745706
0.814467
0.745727
0.817095
0.745508
0.814342
0.745402
0.816173
0.745499
0.815474
0.747411
0.817895
0.746392
0.815481
0.74347
0.813705
0.742617
0.812927
0.742094
0.813531
0.743333
0.814417
0.746514
0.816796
0.746065
0.816266
0.748315
0.815992
0.745543
0.814931
0.745276
0.816306
0.745581
0.814631
0.744711
0.816543
0.743896
0.816439
0.74619
0.817182
0.745726
0.815225
0.742941
0.813546
0.743007
0.813659
0.743484
0.812071
0.74352
0.815073
0.743731
0.814392
