0
0.0456495
0.0417496
0.0426098
0.038881
0.0352822
0.0369021
0.0339132
0.0308372
0.033366
0.0305349
0.027779
0.0306742
0.0282055
0.0254294
0.0286453
0.0262567
0.0239626
0.0274113
0.0252313
0.0228269
0.0267062
0.0247745
0.0223501
0.0264121
0.0243565
0.0220505
0.0263368
0.024545
0.0222274
0.0265899
0.0245635
0.0222867
0.0269313
0.0248831
0.0224983
0.027242
0.0251603
0.022779
0.0276903
0.0256432
0.0230534
0.0279941
0.0259789
0.0234551
0.0285108
0.0263498
0.0237421
0.0288622
0.0264902
0.0238808
0.0291506
0.0268086
0.0243001
0.0296172
0.0272405
0.0245641
0.0299666
0.0276877
0.0250464
0.0305504
0.0282417
0.0254256
0.0309274
0.0284505
0.0256869
0.0311773
0.0288045
0.02598
0.0315536
0.0291751
0.02625
0.0318327
0.0293613
0.0264899
0.0321047
0.0296376
0.026794
0.0323686
0.02984
0.0268961
0.0325647
0.0300351
0.0269848
0.0325459
0.0299826
0.0270506
0.0328003
0.030213
0.0272219
0.0329789
0.0303624
0.0273911
0.0330409
0.0304439
0.0274473
0.0332236
0.0306164
0.0275352
0.0332719
0.0306906
0.0277059
0.0334644
0.0308931
0.0277778
0.0335683
0.0309053
0.0279152
0.0337159
0.0311052
0.0280486
0.033856
0.031185
0.028092
0.0339653
0.031375
0.0283276
0.0341323
0.0314451
0.028369
0.0342654
0.0314879
0.0284138
0.0342443
0.0314765
0.0282824
0.0341672
0.031515
0.0283844
0.0343061
0.0315354
0.0284336
0.0343005
0.0315836
0.0284736
0.0343549
0.0317042
0.028514
0.0343615
0.0316139
0.0285473
0.0343992
0.0315661
0.0284282
0.0343275
0.0317358
0.0285468
0.0344576
0.0317763
0.0286129
0.0345696
0.0318222
0.028584
0.0345025
0.0318647
0.0287144
0.0346168
0.0318051
0.0286589
0.0346345
0.0318914
0.0287791
0.034788
0.032061
0.0288355
0.0348047
0.03208
0.0288604
0.0349131
0.0321779
0.0289371
0.0350386
0.0322543
0.0290575
0.0349935
0.032213
0.0290844
0.0351026
0.0323379
0.0291512
0.0352461
0.0324952
0.0292672
0.035313
0.0324518
0.0291839
0.0352077
0.0325143
0.0291477
0.0352197
0.032492
0.0293277
0.0353714
0.0326283
0.0294207
0.0356055
0.0327999
0.0296026
0.0356678
0.0327358
0.0294429
0.0355007
0.0326893
0.0293936
0.0355267
0.0327525
0.0294428
0.0355277
0.0327279
0.0294703
0.0355973
0.0328409
0.0295031
0.0356699
0.0328645
0.029613
0.0357273
0.0328981
0.0295949
0.0355925
0.0328205
0.0294897
0.035598
0.0328418
0.0295795
0.0356758
0.0328996
0.029617
0.0355948
0.0328491
0.0296212
0.0357321
0.0329955
0.0297467
0.0359021
0.0330962
0.029767
0.0358769
0.0330199
0.029725
0.0358011
0.0329763
0.029723
0.0358664
0.0330962
0.029741
0.0358568
0.0329917
0.0296269
0.035752
0.0329411
0.0296221
0.0357159
0.0328846
0.0296691
0.0357423
0.0329197
0.0297117
0.0358163
0.0330078
0.0297462
0.0358599
0.033028
0.0297669
0.0358604
0.0330025
0.0296223
0.0356919
0.0328077
0.0295859
0.0357436
0.0329507
0.0297131
0.0358592
0.0330614
0.0298201
0.0358314
0.0330282
0.0297257
0.0357589
0.0328298
0.0295507
0.0355811
0.0327462
0.0294621
0.0356309
0.0328591
0.0295845
0.035675
0.032824
0.0296364
0.0357504
0.0329135
0.0296135
0.0357503
0.0329744
0.0296722
0.0357622
0.0328759
0.0296343
0.0357292
0.0328964
0.0296138
0.0356611
0.0328829
0.0295477
0.0356783
0.0327831
0.0295403
0.0356597
0.03287
0.0296559
0.0357023
0.0329107
0.0296708
0.0357656
0.0329518
0.0297187
0.0358272
0.0329774
0.0297046
0.0357714
0.0329265
0.0296684
0.0358023
0.0329775
0.0297436
0.035786
0.0329626
0.0297489
0.0358499
0.0329016
0.0296648
0.0357644
0.0329847
0.0297088
0.0358669
0.0330409
0.0297121
0.035822
0.0328297
0.0297011
0.0358225
0.0330003
0.0296836
0.0358307
0.0330277
0.0298121
0.0359679
0.0331195
0.029854
0.0359312
0.0330428
0.029671
0.0357571
0.032906
0.029614
0.0357245
0.0327868
0.0295192
0.035675
0.0328985
0.0296455
0.035672
0.0328265
0.0295383
0.0356791
0.0328573
0.0296013
0.0357328
0.0330175
0.0296989
0.0358409
0.0330403
0.0296796
0.035762
0.0329963
0.029701
0.0357793
0.0330395
0.0297843
0.03584
0.0330308
0.0296475
0.0358194
0.0329972
0.02969
0.0358129
0.0328806
0.0295734
0.035627
0.0329024
0.0296282
0.0356723
0.032834
0.0295833
0.0356364
0.0328433
0.0295919
0.0357038
0.0329831
0.0297457
0.0358563
0.0330023
0.0297177
0.0357729
0.032957
0.0296307
0.0357946
0.0329982
0.0296475
0.0357829
0.0329481
0.0296576
0.0357875
0.0329811
0.0296046
0.0357149
0.0328667
0.0295765
0.0356476
0.032789
0.0295316
0.0356807
0.0328405
0.0296062
0.03567
0.0328543
0.0295628
0.0357417
0.0328892
0.0296349
0.0357357
0.0329261
0.029653
0.0357779
0.0329713
0.0296309
0.0357415
0.0327817
0.0294847
0.0356202
0.0328019
0.0295169
0.0356914
0.0329471
0.0296852
0.0358257
0.0328784
0.0295553
0.0356571
0.0328727
0.02959
0.0356639
0.0328316
0.0295813
0.0356916
0.0328367
0.0295677
0.0357704
0.0329557
0.0296627
0.035752
0.0328571
0.0296061
0.0357891
0.0329948
0.029694
0.0358565
0.032977
0.0296434
0.0357427
0.0329017
0.0296328
0.0357611
0.0329397
0.0295594
0.0356209
0.0327954
0.0296413
0.0358061
0.0329123
0.029688
0.0358223
0.0329954
0.0296752
0.0357628
0.032893
0.0295183
0.0356139
0.0327232
0.029435
0.0355781
0.0327329
0.0295274
0.0356615
0.0327465
0.0295676
0.0356832
0.0328545
0.0295266
0.0356677
0.0328687
0.0295986
0.0356871
0.0328223
0.0295762
0.0356415
0.0328246
0.0295482
0.0356954
0.0329
0.0296239
0.0357635
0.0329781
0.0297244
0.0358375
0.0330021
0.0297481
0.0359217
0.0331275
0.0298651
0.0358959
0.0330086
0.029746
0.0358146
0.0330534
0.0297768
0.0359178
0.0331154
0.0297613
0.0358134
0.0330023
0.0297006
0.0358817
0.0329784
0.0297295
0.0358008
0.0329751
0.0296558
0.0357883
0.0330098
0.0297329
0.0358567
0.0329706
0.0297597
0.0359186
0.0330714
0.0298096
0.0358575
0.0329154
0.0297016
0.0357671
0.0329415
0.0296299
0.0357318
0.0329579
0.0295004
0.0356508
0.0329337
0.029573
0.0356356
0.0327544
0.0294381
0.0355475
0.0327581
0.0295192
0.0356121
0.0327489
0.0294533
0.0356661
0.0328894
0.0297147
0.0358395
0.0329136
0.0296231
0.0357019
0.0328859
0.0296691
0.0358196
0.0330019
0.029718
0.0358531
0.0330675
0.0296978
0.0357673
0.0329679
0.0296937
0.0357442
0.0329058
0.0296581
0.0358296
0.0329268
0.0296447
0.0357299
0.0329038
0.0296041
0.0357132
0.0328475
0.0295757
0.0357257
0.0328725
0.0296147
0.0356926
0.0329095
0.0296017
0.0357004
0.032763
0.0294792
0.0356025
0.0327406
0.0295147
0.0356733
0.0328707
0.0295538
0.0356166
0.0328466
0.0295587
0.0357195
0.0329384
0.0297222
0.0358313
0.0330204
0.0297894
0.0359267
0.0330996
0.0297668
0.0359322
0.0331446
0.0297767
0.0358657
0.0330642
0.0297368
0.03585
0.0330477
0.0297307
0.035849
0.0329712
0.0296004
0.0356015
0.0328207
0.0295839
0.0357112
0.0328583
0.0295156
0.0356271
0.0328706
0.0296156
0.0357122
0.0328928
0.0295814
0.0356696
0.0327835
0.0295825
0.035743
0.0329856
0.0296801
0.0358049
0.0329241
0.0296535
0.0357993
0.0329861
0.0296563
0.035757
0.0329291
0.0297245
0.0358184
0.0330322
0.0296534
0.0357784
0.0329659
0.0295665
0.0356861
0.0329559
0.0296087
0.0357444
0.0328725
0.0295867
0.0357184
0.0328091
0.0295133
0.0355778
0.032818
0.0295562
0.0356716
0.0327481
0.0295089
0.0356724
0.0328617
0.0295925
0.0357395
0.0327874
0.0294722
0.0356155
0.0327836
0.0295241
0.0356044
0.032756
0.0294104
0.0355279
0.0326773
0.02949
0.0357123
0.0328713
0.0296003
0.0357548
0.0329332
0.029651
0.0356821
0.0328132
0.0295035
0.0355966
0.0327549
0.0294522
0.0355411
0.0327879
0.0295376
0.0356486
0.0328728
0.0296403
0.0357713
0.0329647
0.0296077
0.0357434
0.0329572
0.0296854
0.0357954
0.0329929
0.029681
0.0358444
0.033025
0.0297
0.0357585
0.0329774
0.0296625
0.0357725
0.032947
0.029704
0.0358205
0.0329157
0.0296303
0.0357657
0.0329484
0.0296301
0.0357359
0.0329641
0.0296549
0.0358413
0.0330407
0.0297582
0.0359039
0.0330794
0.0297786
0.0358787
0.0330916
0.0297811
0.0357894
0.0328634
0.0295277
0.0356796
0.0328286
0.0295472
0.0356755
0.0327581
0.029545
0.035665
0.0328904
0.0295716
0.0357164
0.0329299
0.0296524
0.0357684
0.0328964
0.0295429
0.0356568
0.0328438
0.0295394
0.035599
0.0327719
0.0294999
0.0356188
0.0327395
0.029413
0.0355945
0.0328252
0.0295396
0.035692
0.0329167
0.0295866
0.0356879
0.0329297
0.0295966
0.0356817
0.0328107
0.0295552
0.0356769
0.0327838
0.0295265
0.0355772
0.0327602
0.0295389
0.0356397
0.0328686
0.029536
0.0356306
0.0328658
0.029606
0.0357175
0.0328691
0.02959
0.035749
0.0329557
0.0296536
0.0357773
0.0328416
0.0296705
0.0358192
0.0328923
0.0296096
0.035739
0.0329166
0.0296194
0.0357496
0.0329374
0.0295241
0.0356825
0.0328191
0.0295636
0.0356575
0.0328445
0.029592
0.0356891
0.032843
0.0295624
0.03567
0.0329028
0.029645
0.0357772
0.0328709
0.0295486
0.0357012
0.0329359
0.0296802
0.0357679
0.0330768
0.029714
0.0357973
0.0329899
0.0297
0.0358721
0.0330831
0.029699
0.0357762
0.0329284
0.0296774
0.0358049
0.0330737
0.0297489
0.0358191
0.0329983
0.0297091
0.0357913
0.0330153
0.0297962
0.0358823
0.0330457
0.0297497
0.035888
0.0329922
0.0296988
0.0358061
0.0329726
0.0296396
0.035673
0.0328536
0.0295494
0.0356678
0.0328444
0.029519
0.0356302
0.0328671
0.029534
0.0356403
0.0328043
0.0295206
0.0356215
0.0328446
0.0294893
0.0356657
0.0328668
0.0297025
0.035799
0.0330133
0.02979
0.0358567
0.0330441
0.0297919
0.0358896
0.0330801
0.0297402
0.035883
0.0330868
0.0298267
0.0359312
0.0330869
0.0298514
0.0359383
0.0331265
0.0298074
0.035892
0.0330422
0.0297064
0.0358923
0.0330719
0.0298093
0.0359535
0.0331024
0.0298163
0.035887
0.0329954
0.0297027
0.035743
0.0329617
0.0296202
0.035755
0.0328951
0.0295347
0.0356075
0.0327951
0.0294984
0.0356203
0.0327536
0.0294832
0.0355712
0.0327176
0.0295154
0.0355652
0.0327642
0.0294583
0.0355161
0.0327451
0.0294032
0.0355662
0.0327023
0.0294109
0.0355808
0.0327394
0.029524
0.035655
0.0328187
0.0294942
0.0355934
0.0328209
0.0295964
0.0356973
0.0328832
0.0295493
0.0356152
0.0327985
0.0295724
0.0356759
0.0329076
0.0296425
0.0357873
0.0328902
0.0296138
0.0357407
0.0329037
0.0295594
0.0356296
0.032786
0.0294299
0.0355808
0.0328746
0.0295758
0.0357146
0.0328186
0.029487
0.0355666
0.0328237
0.0294757
0.0354962
0.0326933
0.0294238
0.0355221
0.0326884
0.0294839
0.0356001
0.0328031
0.0295953
0.0356792
0.0328764
0.0296389
0.0357389
0.0329672
0.0297816
0.035904
0.0330544
0.0297583
0.0358523
0.0329567
0.0297279
0.0358765
0.0330127
0.029676
0.0357534
0.0328478
0.0295188
0.035542
0.0326979
0.0294133
0.0356224
0.0327466
0.0294635
0.035645
0.0327009
0.0294261
0.035614
0.0327942
0.0296322
0.035745
0.0329067
0.0295937
0.0356275
0.032803
0.02955
0.0356793
0.0328936
0.0296228
0.0356917
0.0327726
0.0294922
0.0356103
0.0328958
0.0296559
0.0357601
0.0329412
0.0295801
0.0356648
0.0328885
0.0296733
0.0357815
0.0329211
0.0296025
0.035792
0.0329713
0.0296323
0.0357127
0.0328966
0.0295949
0.0356913
0.0327611
0.02955
0.035661
0.032806
0.0294398
0.035639
0.0327859
0.0295378
0.0357232
0.032884
0.0295994
0.0356399
0.0328437
0.0295024
0.0356533
0.032841
0.0295788
0.0357099
0.0330051
0.0296984
0.0357939
0.0329614
0.029794
0.0358615
0.0329693
0.0296943
0.0357953
0.0329361
0.029732
0.0358039
0.0329945
0.0297163
0.035856
0.0330803
0.0298279
0.0359207
0.0330995
0.0298151
0.0358595
0.0330792
0.0297971
0.0358639
0.0330427
0.0297807
0.0358832
0.0329912
0.0296597
0.0358076
0.032976
0.0296426
0.0356929
0.0329274
0.0296914
0.0357289
0.0329051
0.0295848
0.0357368
0.0329384
0.0296634
0.0357732
0.0329591
0.0297554
0.0357676
0.032907
0.0296464
0.0357602
0.0328566
0.0296075
0.035718
0.0329812
0.0297355
0.0357671
0.0329774
0.0297264
0.0359129
0.0330199
0.029752
0.0358288
0.0329441
0.0296261
0.0356976
0.0328179
0.0295969
0.0356792
0.0328559
0.029539
0.0356835
0.0329117
0.0296614
0.0357684
0.0329536
0.0296275
0.035695
0.0329344
0.0295864
0.0357809
0.0330297
0.0297521
0.0358478
0.0330842
0.0297625
0.035915
0.0330338
0.0297953
0.0358552
0.0330679
0.0297722
0.0358094
0.0330064
0.0297578
0.0359428
0.0331336
0.0298645
0.0359424
0.0330832
0.0297138
0.0357209
0.0329088
0.0295967
0.0357304
0.03288
0.0295431
0.0356745
0.0328922
0.0295746
0.0357185
0.0329404
0.0295879
0.0357108
0.0328804
0.0297178
0.0358211
0.0330291
0.0297646
0.0358816
0.0331226
0.0297705
0.035949
0.0331212
0.0298355
0.0359706
0.0331954
0.0298358
0.0359519
0.0330703
0.0297307
0.0359096
0.0330506
0.0297346
0.0357975
0.0329084
0.029678
0.0358067
0.0329949
0.0297001
0.0358279
0.0329171
0.0296647
0.0358062
0.0330716
0.0298049
0.035854
0.0331065
0.0297394
0.0358219
0.0330024
0.0297237
0.0357372
0.0329703
0.0297305
0.0357814
0.0328698
0.0295891
0.0356637
0.0328045
0.0295241
0.0356854
0.032952
0.0296842
0.0357968
0.0330189
0.0297169
0.0357701
0.0329931
0.0296544
0.0357836
0.0329083
0.0296249
0.0358421
0.0330601
0.0297776
0.0358507
0.0329314
0.029655
0.0357421
0.0329591
0.0295775
0.0356837
0.0328652
0.0295754
0.0356991
0.0329211
0.029687
0.0358065
0.0329659
0.0297739
0.0358289
0.0329219
0.0296026
0.0357229
0.0327983
0.0295007
0.0356881
0.0328549
0.0296226
0.0356902
0.032866
0.0295928
0.0357356
0.0328295
0.0296369
0.0357634
0.0329544
0.0295873
0.0356266
0.032838
0.0294989
0.0356957
0.0328746
0.0295709
0.0356053
0.0328603
0.0295677
0.0356838
0.0328631
0.0295447
0.0355617
0.0327343
0.0294954
0.0356795
0.0329129
0.0296457
0.0357791
0.0330098
0.029645
0.0357253
0.0328883
0.0295719
0.0357374
0.0329079
0.0297056
0.0358684
0.0330816
0.029779
0.0358894
0.0330043
0.029794
0.0357883
0.0329714
0.0296076
0.0357005
0.0328764
0.0296705
0.0358002
0.0328419
0.029583
0.0356554
0.0328711
0.0295669
0.035645
0.0327487
0.0295202
0.035607
0.0327315
0.0295104
0.0355384
0.0326995
0.0295469
0.0357221
0.0328979
0.0296483
0.0357276
0.032958
0.0296759
0.0357656
0.032908
0.0295388
0.0356193
0.0327643
0.0294641
0.0355996
0.0327827
0.0295799
0.0356677
0.0328518
0.0295659
0.0357057
0.032967
0.0297184
0.0357906
0.0329973
0.0296641
0.0358136
0.0329955
0.0296593
0.0357926
0.0329587
0.0296363
0.0357092
0.0329617
0.0296376
0.0357176
0.0329192
0.0296177
0.0357207
0.0329553
0.0295229
0.0356488
0.0328219
0.0295444
0.0356274
0.0328699
0.0295838
0.0356404
0.0328654
0.0296182
0.0356951
0.0328493
0.0295684
0.0357539
0.032838
0.0295419
0.0356303
0.0327699
0.0294561
0.0355336
0.0326757
0.0294607
0.0355886
0.0326641
0.0294082
0.0355751
0.0327551
0.0295018
0.0355864
0.032801
0.0294693
0.0355295
0.0326757
0.0294399
0.0355839
0.0327697
0.0295108
0.0356738
0.0328962
0.0295736
0.035677
0.0329494
0.0295053
0.0355542
0.0327489
0.0294286
0.0355831
0.0327986
0.0295231
0.0356306
0.032983
0.0296788
0.0356813
0.0327356
0.0294238
0.0356094
0.0327333
0.0294392
0.035572
0.0328174
0.0295593
0.0356955
0.0329505
0.0297204
0.0358809
0.0331406
0.0298698
0.0359687
0.0331329
0.0298006
0.0358229
0.0329702
0.0296858
0.0357731
0.0329292
0.0296572
0.0358011
0.0329953
0.0297536
0.0358665
0.032937
0.0296937
0.0358329
0.0329433
0.0296747
0.0357412
0.0328403
0.0296378
0.0357429
0.0328803
0.0295724
0.0356397
0.0328668
0.0295738
0.0356072
0.0327613
0.0294408
0.0355081
0.0327233
0.0294681
0.0355945
0.0327815
0.0295473
0.0356892
0.0328702
0.0296151
0.0357273
0.0327427
0.0294923
0.0356481
0.0327703
0.0295253
0.035673
0.0328518
0.0296171
0.0357665
0.0329325
0.029738
0.0358188
0.0329376
0.0296656
0.0357651
0.0329808
0.0297297
0.035818
0.0329695
0.0297927
0.0358807
0.0330618
0.0297198
0.035743
0.0329339
0.0295953
0.0357124
0.0328862
0.0296238
0.0356993
0.0329342
0.0296796
0.0358076
0.0330214
0.0297207
0.0357589
0.0329132
0.0295884
0.03572
0.0329872
0.0297768
0.0357637
0.032921
0.0295851
0.0357171
0.0328313
0.0295473
0.0356333
0.0327965
0.0295375
0.0357158
0.0329518
0.0296166
0.035695
0.0328697
0.0295519
0.0355679
0.0328644
0.0295243
0.0356425
0.0328581
0.0295554
0.0356377
0.032916
0.0295613
0.0357588
0.0330125
0.0296807
0.0358019
0.03293
0.0296663
0.0357839
0.0329383
0.0295791
0.0356707
0.0328606
0.0295712
0.0356698
0.0327971
0.0295893
0.0357037
0.032849
0.0296935
0.0357377
0.0329263
0.0296196
0.0357329
0.0328943
0.0295689
0.0357071
0.0329061
0.0296706
0.0358705
0.0329796
0.0296994
0.0358672
0.0329773
0.0296861
0.0357937
0.0330565
0.0296628
0.0358253
0.033051
0.0297559
0.0358672
0.0330265
0.0297155
0.0358368
0.0329315
0.0296907
0.0357766
0.0329791
0.0296408
0.0357122
0.0328573
0.0295875
0.03565
0.0327788
0.0295559
0.0356778
0.0328784
0.029574
0.0356947
0.0328016
0.0295018
0.0356206
0.0327825
0.0295567
0.0356976
0.0328064
0.0294915
0.0356626
0.0328009
0.029494
0.035605
0.0327507
0.029553
0.0356453
0.0328358
0.0295478
0.0356675
0.032893
0.0295674
0.0357
0.0328404
0.0295202
0.0356405
0.0327734
0.0296268
0.035701
0.0327939
0.0295273
0.0356853
0.0328139
0.0295493
0.0356633
0.0329103
0.0296908
0.0358206
0.0329384
0.0296606
0.0358758
0.0329118
0.029715
0.0358228
0.0328436
0.0295221
0.0356924
0.0327918
0.0294747
0.0356677
0.0329162
0.0296643
0.0357864
0.032981
0.0295896
0.0357265
0.0328471
0.0295582
0.0357411
0.032932
0.0296969
0.0357964
0.0330569
0.0297688
0.0359568
0.0331062
0.0297177
0.0357166
0.0329607
0.0296514
0.0357813
0.0329789
0.0296823
0.0357646
0.0329216
0.0296139
0.0357251
0.0328475
0.0296484
0.0357818
0.0327808
0.0295475
0.0356479
0.0327815
0.0295133
0.035722
0.0328168
0.0295552
0.0356948
0.0328392
0.0294915
0.0356106
0.0327912
0.0294952
0.0355803
0.0328067
0.0295439
0.0356091
0.0326892
0.0293584
0.0354783
0.0326399
0.0294709
0.0354839
0.0327362
0.0295303
0.0356939
0.0328718
0.0296221
0.0356805
0.0328784
0.0296281
0.0357508
0.0329236
0.0296059
0.0356966
0.0328691
0.0296178
0.0357213
0.0328995
0.0296671
0.035727
0.0329611
0.0296274
0.0357797
0.0328438
0.0295398
0.0356524
0.0327917
0.0295181
0.0356822
0.032818
0.0296012
0.0357018
0.0329141
0.0296962
0.0358135
0.0328774
0.0295603
0.0356919
0.03297
0.0297355
0.0358661
0.0329975
0.0297779
0.0359596
0.0331331
0.029839
0.0359793
0.0330714
0.0296951
0.0357783
0.0328817
0.0296341
0.0357337
0.0329592
0.029614
0.0356922
0.0329188
0.0296273
0.0356575
0.0328833
0.0295796
0.0357112
0.0329121
0.0295784
0.0356688
0.0328542
0.0295525
0.0357539
0.0329928
0.0296966
0.0358308
0.0329576
0.0296742
0.0357501
0.0328701
0.0295807
0.0357484
0.0329077
0.0296171
0.0357517
0.0330134
0.0297652
0.0358746
0.0330454
0.0297951
0.0358963
0.0330847
0.0297018
0.0358675
0.0329555
0.0297391
0.0357981
0.032902
0.0297008
0.0357467
0.0329619
0.0297708
0.035847
0.0330011
0.0296275
0.0357447
0.0328629
0.029555
0.0357289
0.0327234
0.0294752
0.0356102
0.0327393
0.0294503
0.035533
0.0327324
0.0295523
0.035639
0.0328235
0.0296082
0.0357157
0.0328527
0.029518
0.0356771
0.0328101
0.029489
0.0355778
0.0327589
0.0295435
0.035659
0.0328604
0.0295972
0.0357214
0.0329301
0.0296289
0.0357531
0.0329656
0.0296263
0.0357588
0.0329892
0.02964
0.0357395
0.0329915
0.0296016
0.0356508
0.0328352
0.0294667
0.0356551
0.0327895
0.0294978
0.0355492
0.0328537
0.0295724
0.0357209
0.0329017
0.0296454
0.0357512
0.0329594
0.0296723
0.0357875
0.0328234
0.0295071
0.035732
0.0328951
0.0296398
0.0356942
0.0328234
0.0294976
0.0356389
0.0328301
0.0295663
0.0357374
0.0328956
0.0295803
0.0356554
0.0328707
0.0296713
0.0358332
0.0330072
0.0297342
0.0357926
0.0329604
0.0296573
0.0357697
0.0330231
0.0296488
0.0357414
0.0328889
0.0296102
0.035742
0.0328985
0.0295752
0.0357104
0.0328957
0.0296223
0.0357623
0.0329754
0.0296861
0.0357265
0.0328849
0.029609
0.0356845
0.0328677
0.029685
0.0357834
0.0328371
0.0295074
0.0356268
0.0327307
0.0294629
0.0356038
0.0327719
0.0294949
0.0356756
0.0328711
0.0296104
0.0357194
0.0328757
0.0295725
0.0357114
0.0328758
0.0296484
0.0357201
0.0329263
0.029598
0.0357418
0.0329223
0.0296773
0.0357067
0.0328867
0.0296755
0.0357971
0.0329968
0.0296557
0.0358052
0.0329832
0.0297333
0.0358946
0.0330151
0.029707
0.0357596
0.0329431
0.0296574
0.0357075
0.0328997
0.0295547
0.0356714
0.0328711
0.0295173
0.0356094
0.0328097
0.0294697
0.0355546
0.0327405
0.0294512
0.0355235
0.0327778
0.029501
0.0355861
0.0327399
0.0294949
0.035625
0.0327673
0.0294605
0.0356088
0.0328505
0.0295953
0.0357403
0.0329762
0.0297305
0.0358447
0.0329696
0.029705
0.0357329
0.0328836
0.0296398
0.0357459
0.032973
0.0296608
0.0357836
0.0329427
0.0296372
0.0356863
0.0328161
0.0295341
0.0356053
0.0327413
0.0294294
0.0355178
0.0327168
0.0294339
0.0355901
0.0328033
0.0295135
0.0355815
0.0327929
0.0295262
0.0356384
0.0329051
0.0295844
0.0356669
0.0327727
0.0294487
0.0356026
0.0327766
0.0295202
0.0356498
0.0328754
0.0295293
0.0357084
0.0329381
0.0296872
0.0357499
0.0328697
0.0295469
0.035667
0.0327826
0.029592
0.0356889
0.032942
0.0297044
0.0358014
0.0329936
0.0297874
0.0359081
0.0330732
0.0297969
0.0358803
0.0329518
0.0296964
0.0357644
0.0329972
0.0296955
0.0357673
0.0328852
0.029621
0.0357124
0.0328912
0.0295536
0.0356465
0.0328219
0.0294854
0.0355968
0.0327675
0.0294965
0.035628
0.0327358
0.0294473
0.0356039
0.0326348
0.0294682
0.0355184
0.032649
0.0293562
0.0355301
0.0326445
0.0294422
0.0355483
0.0327089
0.029493
0.0356196
0.0328679
0.0295635
0.0356846
0.0329417
0.0296535
0.0358007
0.033006
0.0296827
0.0357019
0.0329837
0.0297579
0.0359086
0.0330579
0.0297662
0.0359198
0.0331282
0.0298522
0.0359481
0.0330987
0.0298448
0.0359314
0.0330667
0.0297739
0.0358993
0.0329825
0.0295915
0.0356961
0.032937
0.029589
0.0356533
0.0328498
0.0295681
0.0357639
0.0329698
0.029743
0.0357738
0.0328982
0.0295535
0.0356599
0.0328229
0.029591
0.0356971
0.0328904
0.0296054
0.0357072
0.0328848
0.0296672
0.0357922
0.0329893
0.0296268
0.0357104
0.0328189
0.0295739
0.035755
0.0329144
0.0296234
0.0357086
0.0328836
0.0296224
0.0357791
0.0329059
0.0295555
0.035695
0.0328301
0.0295534
0.0356666
0.0328896
0.0295788
0.0356853
0.032851
0.0296367
0.0357312
0.0327969
0.0296134
0.0356259
0.0327353
0.0295072
0.0356802
0.0328952
0.0296383
0.0356862
0.0327919
0.0294672
0.0355308
0.0327786
0.0294611
0.0355822
0.0327343
0.0295094
0.0356591
0.0328865
0.029629
0.0357542
0.032971
0.0296901
0.0357644
0.0329872
0.0297448
0.035896
0.0330566
0.0297781
0.0358437
0.0328875
0.0295992
0.0357095
0.0329772
0.0297134
0.0358076
0.032964
0.0296756
0.0357247
0.0329283
0.0297205
0.0357367
0.0328499
0.0296326
0.035764
0.03299
0.0297743
0.0358149
0.0330354
0.0296655
0.0357879
0.0330393
0.0297159
0.0357847
0.0330578
0.0296678
0.0357994
0.0329779
0.0298115
0.0359246
0.033144
0.0296648
0.0358014
0.0329563
0.0297397
0.035816
0.0329217
0.0295888
0.035681
0.0329546
0.0296314
0.0356362
0.0327728
0.0294734
0.0356088
0.0328318
0.0294971
0.0355973
0.032834
0.0295667
0.0356633
0.0328075
0.0295491
0.0356729
0.0327708
0.0294766
0.035616
0.0327146
0.0294426
0.0355537
0.0327445
0.0295923
0.0357072
0.0328642
0.0294651
0.035562
0.0327882
0.0294947
0.035729
0.0328474
0.0295713
0.0357065
0.0328243
0.0296239
0.0356558
0.0328145
0.0295809
0.0357045
0.0328791
0.0296373
0.0357719
0.0329023
0.0296358
0.0357617
0.0329177
0.0296669
0.0358076
0.0329486
0.0296559
0.0357711
0.0329798
0.0297206
0.0358174
0.0329851
0.0297703
0.0359021
0.0329563
0.0296058
0.035704
0.0329717
0.0296139
0.0356455
0.0328479
0.0296436
0.035754
0.0329904
0.0297597
0.0358329
0.0330232
0.0297975
0.0358139
0.0329417
0.0296937
0.0357742
0.033027
0.0297927
0.0359108
0.0329645
0.0297182
0.035927
0.0330504
0.0297073
0.0358104
0.0330237
0.0297105
0.03578
0.0330031
0.0297301
0.035776
0.0329042
0.0296926
0.0357605
0.0329231
0.0296481
0.0357284
0.0329066
0.0296169
0.0356621
0.0328437
0.0295208
0.0356727
0.0328347
0.0295728
0.0356731
0.0329079
0.0296022
0.0357079
0.0327995
0.0295695
0.0356722
0.0329229
0.029689
0.035698
0.0328961
0.0295062
0.0356567
0.0328135
0.0294856
0.035606
0.0327737
0.0295163
0.0356898
0.0328181
0.0295815
0.0357529
0.0328805
0.0296163
0.0356735
0.0328498
0.0295624
0.0356645
0.0328571
0.0295362
0.0355996
0.0328185
0.0295975
0.035672
0.0328387
0.0296286
0.0356299
0.0329253
0.029649
0.0357478
0.0328773
0.0296465
0.0357931
0.0329182
0.0296163
0.0357568
0.0330123
0.0297058
0.0357913
0.0330191
0.0297515
0.035885
0.0330386
0.0297742
0.0358242
0.0330004
0.0296651
0.0358114
0.0329581
0.0296869
0.0358202
0.0330092
0.0296733
0.0358241
0.0329867
0.0296702
0.0357641
0.0329728
0.0296967
0.0357548
0.0328449
0.0295299
0.0355847
0.0326926
0.0293696
0.0355412
0.0327273
0.0294793
0.0355908
0.0328679
0.0296196
0.0356394
0.0327514
0.0294188
0.0355626
0.0327596
0.0295172
0.0356376
0.0328706
0.0295164
0.0355721
0.0327608
0.0295257
0.0357274
0.0328692
0.0296052
0.0356497
0.0328508
0.0296364
0.0357778
0.0329501
0.029698
0.035857
0.0330534
0.0297241
0.0358513
0.0330478
0.0298049
0.0359088
0.0330856
0.0298461
0.0359373
0.0330995
0.0297723
0.0358459
0.0329691
0.0296992
0.0358043
0.0330355
0.0297734
0.0358128
0.0330071
0.0297628
0.0359149
0.0330574
0.0297681
0.0357324
0.0328584
0.0296263
0.0356607
0.0328784
0.0294897
0.0356413
0.0328627
0.0296138
0.0357354
0.0329681
0.0296774
0.0358472
0.0330263
0.0296832
0.0357025
0.0327792
0.0295468
0.0356201
0.0328029
0.0295271
0.0357364
0.0328649
0.0295374
0.0355984
0.0328853
0.029695
0.0358183
0.0330131
0.0297295
0.0358669
0.0330395
0.029726
0.0358465
0.0330564
0.0297314
0.03581
0.0330205
0.0297
0.035824
0.0329368
0.0297106
0.0358921
0.0330485
0.0296825
0.035716
0.0328178
0.0296197
0.0357595
0.0328752
0.029593
0.0357356
0.0330023
0.0296942
0.0357262
0.0329117
0.0296578
0.0357763
0.0328876
0.0295506
0.0357185
0.0329949
0.0297426
0.0358596
0.0329236
0.029685
0.0358671
0.0330116
0.0297075
0.0357707
0.0329837
0.0296984
0.0357772
0.0330254
0.0297087
0.0358167
0.0329757
0.0296207
0.0356766
0.032829
0.0295226
0.0356126
0.0328557
0.0296563
0.0358028
0.0329456
0.0295854
0.0357559
0.0329462
0.0296482
0.0358211
0.0329599
0.0296635
0.0357322
0.0329864
0.0295414
0.0356391
0.0328229
0.0295232
0.0356049
0.032839
0.0295119
0.0356813
0.0328489
0.0295182
0.0356288
0.0327642
0.0295454
0.0356299
0.0328234
0.0296141
0.0357154
0.0329435
0.0296201
0.0357178
0.0328929
0.0296086
0.0357109
0.0329112
0.02957
0.0357536
0.0329682
0.029629
0.0356968
0.0329501
0.0296282
0.035776
0.0329675
0.0296877
0.0357206
0.0329498
0.0297021
0.0357813
0.0330872
0.0297848
0.035943
0.0331186
0.0298418
0.035977
0.0331192
0.0298057
0.0358801
0.0329391
0.0295379
0.0355494
0.032774
0.0294903
0.0356409
0.032905
0.0296574
0.0357631
0.0329646
0.029591
0.0357524
0.0329534
0.0296637
0.0358479
0.0329885
0.0296732
0.0358192
0.0330199
0.0296405
0.0357468
0.0328722
0.0296694
0.0357765
0.0329108
0.0296813
0.0358035
0.0329755
0.0295829
0.0356842
0.0328364
0.029574
0.035691
0.0328789
0.0295512
0.0356871
0.0328727
0.0295819
0.0356459
0.0328287
0.0295019
0.0356324
0.0327697
0.0294567
0.0355688
0.0327158
0.0295036
0.0355892
0.0328353
0.0296036
0.0357381
0.0328541
0.0295118
0.035644
0.0328733
0.0296449
0.0357273
0.0329331
0.0296151
0.0357455
0.0330096
0.0297183
0.035875
0.0329845
0.0297226
0.0356884
0.032848
0.0296751
0.0358091
0.033028
0.0297629
0.0358353
0.0330689
0.0296986
0.0358114
0.0330283
0.0297198
0.0357845
0.0329367
0.0296879
0.035847
0.0330143
0.0297548
0.0358393
0.0330847
0.029871
0.0360158
0.0331707
0.0298605
0.0358927
0.0330666
0.0297865
0.0358276
0.0330482
0.0297711
0.0358941
0.0330054
0.0296877
0.0356761
0.0328383
0.0294807
0.0356456
0.0327969
0.0295455
0.035712
0.0328723
0.0295191
0.0355849
0.0327767
0.0295184
0.0356799
0.0328794
0.0295989
0.0357117
0.0328169
0.0295438
0.0356747
0.032926
0.0296243
0.0357105
0.0328208
0.0295579
0.0356749
0.0327928
0.0294897
0.0356273
0.0328243
0.0295457
0.0356533
0.0329147
0.0295651
0.0356333
0.03273
0.0294115
0.0355856
0.0327603
0.0295287
0.0356801
0.0329179
0.0295532
0.0357579
0.032909
0.0296303
0.0358294
0.0330258
0.0297199
0.0357091
0.0329806
0.0296581
0.0357656
0.0328676
0.0296495
0.0356667
0.0329283
0.0296077
0.035759
0.0329293
0.0297359
0.0358262
0.0329806
0.0296533
0.0357838
0.0329981
0.0297238
0.0358053
0.0328386
0.0296045
0.0357536
0.0329662
0.0297271
0.0358541
0.0330275
0.0297223
0.0358367
0.0330341
0.0297209
0.0358589
0.0330601
0.029782
0.03585
0.0330386
0.0297993
0.0358802
0.0331133
0.0297455
0.0357707
0.0328227
0.0295737
0.0356805
0.0329075
0.0296567
0.0357505
0.0329056
0.0296198
0.0357454
0.03294
0.0296432
0.0357459
0.0330449
0.0297107
0.035883
0.0330562
0.0298074
0.0359312
0.0331152
0.0298613
0.0359943
0.0331686
0.0298696
0.0359565
0.0330609
0.0297641
0.0358361
0.0329481
0.0296628
0.035794
0.0328737
0.0296093
0.0357018
0.0328918
0.0296654
0.0357301
0.0328478
0.0295335
0.0355959
0.0327354
0.0295148
0.035607
0.0328592
0.0296001
0.0357138
0.032959
0.0296017
0.0357932
0.032921
0.0296222
0.0357009
0.0329035
0.0296031
0.0357099
0.0329152
0.029585
0.0356906
0.03287
0.0296452
0.0356503
0.0327353
0.0294433
0.0356157
0.0328704
0.0296014
0.0357641
0.0329407
0.0297326
0.0358068
0.0329092
0.0295987
0.0357736
0.0328932
0.0297002
0.0358682
0.0330405
0.0296627
0.0357994
0.0329039
0.0294565
0.0356167
0.0328135
0.0295901
0.0357892
0.0329312
0.0295865
0.0357043
0.0328624
0.0296105
0.0357473
0.0329281
0.0296927
0.0357717
0.0328815
0.0296883
0.0358056
0.0329929
0.0296352
0.0357211
0.0328921
0.0295911
0.0357209
0.0328876
0.0296057
0.0357487
0.0329127
0.0296814
0.0357526
0.032932
0.0295949
0.0356737
0.032728
0.0294003
0.0355325
0.0327231
0.029524
0.0356456
0.0328107
0.0296097
0.0357312
0.0329045
0.0296206
0.0358069
0.0329592
0.0296269
0.0358308
0.0330315
0.0297121
0.0358939
0.0331106
0.0297078
0.0358701
0.0330753
0.0298051
0.0358217
0.0329455
0.0295542
0.0356989
0.0328791
0.0295287
0.0356401
0.032882
0.029586
0.0357314
0.0329948
0.0297263
0.0358799
0.0330797
0.0297931
0.0358646
0.0331073
0.0297574
0.035846
0.0330482
0.0297066
0.0357861
0.0329926
0.0297194
0.0358521
0.0329867
0.02973
0.0357824
0.0329452
0.0297224
0.0358341
0.033082
0.029732
0.0358192
0.0329148
0.0296301
0.0357902
0.0328568
0.0296034
0.0357207
0.0329542
0.0297147
0.0358156
0.0328939
0.0295795
0.0356761
0.0328513
0.0295477
0.0357027
0.03287
0.0296401
0.0357305
0.0328579
0.0295755
0.0357667
0.0328678
0.0296069
0.0357781
0.0329253
0.0296826
0.0357636
0.0329481
0.029619
0.0357716
0.0329949
0.0297358
0.0358632
0.0329555
0.0295766
0.0356561
0.0327452
0.0293692
0.0354718
0.0326086
0.0292976
0.0354168
0.032578
0.0293319
0.0355119
0.0327312
0.0294618
0.0356489
0.0328589
0.0295586
0.0356757
0.0328562
0.0296106
0.0357001
0.0328163
0.0296032
0.0357494
0.0329609
0.0296476
0.0357389
0.0328695
0.0295888
0.0357058
0.0328815
0.0296367
0.0357438
0.0328922
0.0295427
0.0356777
0.0327516
0.0294106
0.0355044
0.0326833
0.0294609
0.0355974
0.0328554
0.0295772
0.0356645
0.0328687
0.0295525
0.0356346
0.0328272
0.0295448
0.0357027
0.0328056
0.0294591
0.0355697
0.0327829
0.0294909
0.0355412
0.0327168
0.0294457
0.0355704
0.032792
0.0295664
0.0357052
0.0328641
0.0295938
0.035691
0.0329184
0.0296281
0.035713
0.032859
0.0295748
0.0357153
0.0329826
0.0297526
0.0358625
0.0329768
0.0297164
0.0357737
0.0329561
0.0296525
0.0357138
0.0329414
0.0296799
0.0358578
0.0331101
0.0298233
0.0359606
0.0330627
0.0297583
0.0359028
0.0329861
0.0297388
0.0358172
0.0329926
0.0297456
0.0358479
0.0329532
0.0296589
0.0358073
0.0329968
0.0297285
0.0359127
0.0330477
0.0297546
0.0358579
0.0331069
0.0298248
0.0359343
0.0330995
0.0298038
0.0359009
0.0330028
0.0297274
0.0358402
0.0330567
0.0296422
0.0357423
0.0329241
0.0295956
0.0356716
0.0327367
0.0295053
0.0356333
0.032802
0.0295083
0.0356779
0.0328213
0.0295414
0.0356467
0.0327681
0.0295861
0.0356788
0.0328553
0.0295315
0.0356616
0.0329172
0.0296491
0.0357813
0.0328384
0.0296152
0.0356904
0.0328336
0.0295773
0.0356495
0.0328906
0.0296005
0.0357293
0.0328526
0.0296665
0.0357176
0.0328957
0.0296078
0.0357084
0.0327482
0.0295139
0.0356027
0.0327789
0.0294843
0.0355144
0.0326637
0.0294106
0.0355976
0.0327786
0.0294676
0.035548
0.0327695
0.0294834
0.0355717
0.0327491
0.0294576
0.0355385
0.0326624
0.0294416
0.035583
0.0327631
0.0294951
0.0355379
0.0327382
0.029412
0.0355817
0.0327909
0.0294449
0.035487
0.0325788
0.0293177
0.0354875
0.0326015
0.0293696
0.0355101
0.0327146
0.0293591
0.0354899
0.0325991
0.0293422
0.0355799
0.0327742
0.0294461
0.0356269
0.0327268
0.0294841
0.0356514
0.0329253
0.029618
0.0357435
0.0329306
0.0295746
0.0356335
0.0327877
0.0294371
0.0355563
0.0327662
0.0294359
0.0355775
0.0327216
0.0295617
0.035572
0.0327741
0.0295487
0.035656
0.0328734
0.0295285
0.0356503
0.0327956
0.0295555
0.0356826
0.0328899
0.0296554
0.0356759
0.0328024
0.0295572
0.0356649
0.0328016
0.0294652
0.0355489
0.032764
0.0294041
0.0355668
0.0326903
0.029399
0.0355907
0.0327827
0.0295539
0.0357035
0.0329704
0.0296948
0.0357566
0.0329422
0.0297121
0.0357492
0.0328786
0.0295897
0.0356747
0.0328975
0.0296887
0.0358264
0.0329744
0.029586
0.035707
0.0328505
0.0293412
0.0354879
0.0327336
0.0294725
0.0356213
0.0328845
0.0295646
0.0356711
0.0329057
0.0296642
0.0358126
0.0329971
0.0297007
0.0357669
0.0329266
0.0296495
0.0357634
0.0328278
0.02943
0.035535
0.0327173
0.0294098
0.0354748
0.0326875
0.0293936
0.0355042
0.032702
0.0295417
0.0357237
0.0329194
0.029623
0.0357437
0.0328794
0.0295101
0.0356868
0.032915
0.0296545
0.0357741
0.0329262
0.0296638
0.0357534
0.0329557
0.0297076
0.0358034
0.032847
0.0295854
0.0357855
0.0328728
0.0296042
0.0356979
0.0328816
0.0295355
0.0356343
0.0327426
0.029515
0.0356621
0.032839
0.0295855
0.0357224
0.0328593
0.0295712
0.0356849
0.0328407
0.0295689
0.0356669
0.0328049
0.0295396
0.035618
0.0328302
0.0295605
0.0357102
0.0329302
0.0296971
0.0357857
0.0329646
0.0296927
0.0357335
0.0330433
0.029797
0.0358775
0.0329322
0.0296843
0.0357488
0.0329493
0.0296929
0.0357702
0.0329508
0.0295949
0.0357231
0.0328855
0.0295845
0.0357095
0.032837
0.0296083
0.0357245
0.0328934
0.0295946
0.0357335
0.0329252
0.0296227
0.0357237
0.0329196
0.0296144
0.0357028
0.032902
0.0296176
0.0357505
0.0329369
0.0296683
0.0358057
0.0330044
0.0297367
0.0358317
0.0329873
0.0296537
0.0357425
0.0328979
0.029571
0.0357302
0.0329202
0.0296071
0.0358101
0.0329447
0.0297154
0.0358413
0.032972
0.0297019
0.0358047
0.0329444
0.0296062
0.0357554
0.0329648
0.029665
0.0357692
0.0328942
0.0296855
0.035807
0.0330085
0.0295889
0.0356802
0.0328156
0.0295734
0.0355995
0.0327806
0.0294441
0.0355755
0.0327248
0.0295642
0.035727
0.0328927
0.029627
0.0356832
0.0327807
0.0295108
0.0356622
0.0328358
0.0295803
0.0356842
0.0328784
0.0295918
0.0356957
0.0329499
0.029737
0.0358156
0.0329105
0.0296836
0.0357545
0.0328828
0.0296407
0.0357957
0.0328691
0.0296297
0.035724
0.0328506
0.0295178
0.0356618
0.0328919
0.0296671
0.0357489
0.0330156
0.0297666
0.0358979
0.0329868
0.0296986
0.0357217
0.0328949
0.0296473
0.0358137
0.033044
0.029664
0.0357114
0.0329308
0.0295542
0.0356207
0.0328547
0.029545
0.0357032
0.0328377
0.029575
0.0356107
0.0328626
0.0295723
0.0356346
0.0328363
0.029593
0.0356884
0.0328447
0.029503
0.0356168
0.0327709
0.0294654
0.0356134
0.0327235
0.0294527
0.0355863
0.0327292
0.0294509
0.0355053
0.0327553
0.0295192
0.0355583
0.0328016
0.0295703
0.0357058
0.0329471
0.0296766
0.0357492
0.0328983
0.029593
0.0356074
0.0328613
0.0295708
0.0356452
0.0329049
0.029589
0.0357292
0.0328108
0.0294579
0.0355936
0.03277
0.0294544
0.0356045
0.0327828
0.0296048
0.0356971
0.0328836
0.0295499
0.0356297
0.0327724
0.0294922
0.0355527
0.0327853
0.0295367
0.0356785
0.0328027
0.0294822
0.0355679
0.0328089
0.0295972
0.0357716
0.0328282
0.0295797
0.0356758
0.0328638
0.0295019
0.0356012
0.0327544
0.0295155
0.0356656
0.032771
0.0295784
0.0356376
0.032816
0.0294927
0.0355637
0.0327016
0.029514
0.0355423
0.0327691
0.0295233
0.0355806
0.0327717
0.0295688
0.0356839
0.03284
0.0295242
0.0356463
0.03276
0.0295388
0.0355985
0.0328295
0.0295762
0.035625
0.0328158
0.0295056
0.0355691
0.0327979
0.0294909
0.0355701
0.0327828
0.0295521
0.0356671
0.0328616
0.0295654
0.0357019
0.0329411
0.0296865
0.0358465
0.0330594
0.0297483
0.0357433
0.0329403
0.0295933
0.0356439
0.0328804
0.0295913
0.0357399
0.0328521
0.0294644
0.0355851
0.0328062
0.0295723
0.0357214
0.03295
0.0296958
0.0358107
0.0329902
0.029667
0.0356961
0.032823
0.0295082
0.0357139
0.0328905
0.0296228
0.0357075
0.0328438
0.0295453
0.0357219
0.0329326
0.029689
0.0357334
0.0329535
0.0296185
0.0356772
0.0328055
0.0296694
0.035786
0.0329323
0.0295952
0.0356735
0.032862
0.0296098
0.03571
0.0329817
0.0297374
0.035848
0.0329522
0.0296948
0.0358244
0.0330241
0.0297799
0.0358105
0.0329825
0.0297156
0.0358571
0.0330331
0.0297275
0.0358639
0.0331016
0.0296925
0.0358625
0.033021
0.0296196
0.0357567
0.0329866
0.0297434
0.0358207
0.0330108
0.029607
0.0356805
0.0327988
0.0295502
0.0356253
0.0328875
0.0296123
0.035718
0.0329554
0.029658
0.0357245
0.0328834
0.0295266
0.0356387
0.0328147
0.029615
0.0357525
0.0329908
0.0297915
0.0358438
0.0329358
0.0297348
0.035824
0.0329859
0.0296885
0.0357699
0.0329439
0.0296977
0.035729
0.0328596
0.0295901
0.0356333
0.0327909
0.029537
0.0357181
0.0328347
0.0294721
0.0356033
0.0328196
0.0294773
0.0356064
0.0328057
0.0295913
0.0357248
0.032822
0.029605
0.0356798
0.0327853
0.0295319
0.0356605
0.0328765
0.0295576
0.0356962
0.0329173
0.0296365
0.0357736
0.0330304
0.0297296
0.0358154
0.0330205
0.0296558
0.0358521
0.0330114
0.02974
0.035807
0.032919
0.0296082
0.03566
0.0328582
0.0294926
0.0355331
0.0327421
0.0294546
0.0356225
0.0328783
0.0296517
0.0358094
0.033
0.0296433
0.0357158
0.0329262
0.0296065
0.0357084
0.0329159
0.0296594
0.0357486
0.0329466
0.0297042
0.0357211
0.0329104
0.0295904
0.0357656
0.0329371
0.0296628
0.0357075
0.0329662
0.02968
0.0357663
0.0329834
0.0296355
0.0357015
0.0328829
0.0294435
0.0355381
0.032749
0.0295092
0.0356545
0.0328095
0.029604
0.0357032
0.0328765
0.0295843
0.0357238
0.0328378
0.0295226
0.0356946
0.0328634
0.0296285
0.0357255
0.0329505
0.0297363
0.0358167
0.0330385
0.0297559
0.0358927
0.032943
0.0296699
0.0357991
0.0330391
0.0297228
0.0358331
0.0330337
0.0296935
0.0358483
0.0330264
0.0297478
0.0358651
0.0330066
0.0296869
0.0356962
0.0328095
0.0295502
0.0356603
0.0328021
0.0295168
0.0357328
0.0329362
0.0296212
0.035731
0.0329208
0.0296361
0.0357302
0.0329724
0.0296104
0.0356789
0.0329031
0.0295287
0.0356652
0.0327396
0.0294116
0.0355285
0.0328043
0.0295651
0.0356767
0.0328827
0.0295441
0.0356231
0.0328284
0.0294694
0.0355417
0.0327742
0.0295407
0.0356632
0.032859
0.0296346
0.035777
0.0329767
0.0297104
0.0358762
0.0330382
0.029835
0.0358705
0.0331075
0.0298544
0.0360291
0.0331288
0.0297629
0.0359106
0.0330703
0.0297483
0.0357575
0.0328904
0.0295913
0.0356721
0.0329055
0.0295891
0.035634
0.0328823
0.0295562
0.0356835
0.0328573
0.0294992
0.035629
0.0327643
0.0294756
0.0356753
0.0328822
0.0296825
0.0357469
0.0329136
0.0295943
0.0356334
0.0328267
0.0295718
0.0356776
0.032829
0.029548
0.0356522
0.03291
0.0296053
0.035736
0.0328772
0.0296074
0.0357723
0.0330197
0.0297563
0.0358194
0.0330166
0.0297618
0.0358825
0.0330394
0.0297494
0.0358322
0.032947
0.0297137
0.0357981
0.0330067
0.0297914
0.0359158
0.0330929
0.0298217
0.0359071
0.0330329
0.0296921
0.0358019
0.0329243
0.0295741
0.0357151
0.032901
0.0295545
0.0356063
0.0328139
0.0295804
0.0356751
0.0328754
0.0296109
0.0357261
0.0328667
0.0295571
0.0356633
0.0328729
0.0295032
0.0356609
0.0328616
0.0295502
0.0356557
0.0328845
0.0295656
0.0357032
0.0328622
0.0295436
0.0355766
0.0327203
0.0294314
0.0355976
0.0328584
0.0296033
0.035686
0.0328368
0.0295446
0.0356802
0.0329263
0.0297189
0.0358687
0.0329117
0.0296068
0.0357315
0.0329948
0.0296768
0.0357437
0.032877
0.0296357
0.0358111
0.033013
0.0297366
0.0358815
0.0330836
0.0297194
0.0358275
0.0330192
0.0297085
0.0358206
0.0329832
0.0297561
0.0357868
0.0329169
0.0296606
0.0358613
0.0330333
0.0296936
0.0357475
0.032886
0.0296701
0.0358041
0.0329709
0.0296135
0.0357165
0.0328072
0.0295766
0.0356203
0.0328107
0.029579
0.0357
0.0328698
0.0296205
0.0356714
0.0328411
0.0296283
0.0357431
0.0329825
0.0297279
0.0358303
0.0330676
0.0297569
0.0358515
0.0330583
0.0297467
0.035827
0.0329871
0.0296521
0.0357463
0.0328341
0.029484
0.0356104
0.0327845
0.0295688
0.0357167
0.0329294
0.0296216
0.0356712
0.032738
0.0295165
0.0356531
0.0327089
0.0293818
0.0355269
0.032748
0.0295019
0.0355013
0.0326946
0.0294539
0.035621
0.0327558
0.0295458
0.0356507
0.0328478
0.0296711
0.0357997
0.0329791
0.0296878
0.0357964
0.032955
0.0297065
0.035798
0.0328693
0.0295705
0.0356539
0.0326937
0.0293802
0.0354871
0.032691
0.0294429
0.0355625
0.0327475
0.0294662
0.0355677
0.0327301
0.0294706
0.0355993
0.0329147
0.0295906
0.0357362
0.0328987
0.0296727
0.0357242
0.032885
0.0296029
0.0356642
0.0327275
0.0294928
0.0356092
0.0328551
0.0295417
0.0356767
0.0328895
0.0296576
0.0357668
0.0329104
0.0296653
0.0357578
0.0329708
0.0296805
0.0357262
0.0328939
0.0295895
0.0357115
0.0329553
0.0295915
0.0357064
0.0328787
0.0296308
0.0357962
0.0329816
0.0296658
0.0358202
0.0329752
0.0296757
0.0358185
0.0328751
0.0296273
0.035747
0.032902
0.0296147
0.0356338
0.0328145
0.0295377
0.0357168
0.0329651
0.0297347
0.0358772
0.0330068
0.0297938
0.0357531
0.0329616
0.0296519
0.0357877
0.0329644
0.029674
0.0357211
0.0328049
0.0295464
0.0357189
0.0328795
0.0296361
0.0357463
0.03289
0.0295957
0.0357119
0.0329081
0.0296026
0.0356962
0.0328712
0.0296361
0.0357871
0.0329631
0.0298014
0.0359262
0.0330252
0.029653
0.0357821
0.0329323
0.0296573
0.0357954
0.0330084
0.0297725
0.0357662
0.0329149
0.0296023
0.035614
0.0328054
0.0296015
0.0357839
0.0329532
0.0296881
0.03574
0.0329879
0.0297239
0.035764
0.0329972
0.02971
0.0358395
0.032933
0.0296728
0.0357852
0.0329988
0.0296882
0.035852
0.0329425
0.0296263
0.0356806
0.0328705
0.0296071
0.0357221
0.0327925
0.0295616
0.0357556
0.0329452
0.0297326
0.0358145
0.0330378
0.0297212
0.0358006
0.0329531
0.0296265
0.0356831
0.0328695
0.0295794
0.0356967
0.0328862
0.0294925
0.0356417
0.0328164
0.0295751
0.0356825
0.032838
0.0295074
0.0356289
0.0328418
0.02962
0.0357252
0.0328789
0.0295685
0.0356431
0.0328969
0.0296589
0.0357426
0.0328598
0.0295335
0.0356569
0.032834
0.0295142
0.0356418
0.0329093
0.0295826
0.0357535
0.0329311
0.029662
0.0357231
0.0329199
0.0295095
0.035568
0.0328649
0.0296099
0.035695
0.0329558
0.029495
0.0356385
0.0328269
0.029505
0.035668
0.0329428
0.0296506
0.0357674
0.0329452
0.0296324
0.0357989
0.0329699
0.0296559
0.0357794
0.0330355
0.0297851
0.0358148
0.0330075
0.0297005
0.0357932
0.0329366
0.0296737
0.0357931
0.0329906
0.0296955
0.0357815
0.0329972
0.0296222
0.0356868
0.0328927
0.0296276
0.0357196
0.0328784
0.0295634
0.0357248
0.0327875
0.0295543
0.0356499
0.0328681
0.0295591
0.0356481
0.0328893
0.0295302
0.0356264
0.032718
0.0294733
0.0355504
0.0327586
0.0294348
0.0355338
0.0327009
0.0294012
0.0355328
0.0327595
0.0295456
0.0357328
0.0329463
0.0296419
0.0357387
0.0329324
0.0295089
0.0356492
0.0329223
0.0296954
0.0358163
0.0328978
0.0296486
0.035751
0.0328323
0.0295031
0.0356529
0.032866
0.0296638
0.0357502
0.0328519
0.0295465
0.0356843
0.0328761
0.0295316
0.0356205
0.0327879
0.0295548
0.0356852
0.0329514
0.0297453
0.0358832
0.0331128
0.029816
0.0359402
0.0330745
0.0297633
0.035923
0.0331111
0.0297615
0.0359012
0.0330817
0.0297369
0.0358433
0.0329914
0.0296584
0.0356693
0.0328449
0.0295647
0.0356939
0.0328081
0.0295328
0.0356645
0.0329011
0.0295881
0.0356585
0.032843
0.0295162
0.0356352
0.0327125
0.0294369
0.0356377
0.03283
0.0295473
0.0357301
0.0329199
0.029626
0.0356886
0.0329231
0.029508
0.0357117
0.0329356
0.029602
0.0357101
0.0328517
0.0295827
0.0357394
0.0329671
0.029708
0.0358124
0.0329741
0.0296331
0.0358242
0.0330443
0.0296778
0.0357499
0.0328921
0.0295091
0.0356799
0.0328024
0.0295971
0.0356903
0.0328575
0.0295883
0.0356076
0.0326643
0.0294644
0.0356416
0.0328004
0.0294773
0.0356061
0.0327487
0.0295571
0.0356968
0.0329343
0.0296478
0.0356676
0.0328651
0.0295939
0.0357587
0.0330173
0.0297898
0.0358111
0.0330127
0.0297122
0.0358832
0.0331002
0.0297723
0.0358379
0.0330535
0.0298053
0.0359695
0.0331122
0.0298602
0.0359533
0.0331267
0.029862
0.0359914
0.0330536
0.0297872
0.0358888
0.0330473
0.0296616
0.0357876
0.0329599
0.0296543
0.0358024
0.0329664
0.0297101
0.0358448
0.0329726
0.0295858
0.03564
0.0328189
0.0295614
0.0356522
0.0329033
0.0296213
0.0356856
0.032951
0.0295848
0.035754
0.0329332
0.029563
0.0357023
0.0329229
0.029609
0.0357064
0.0329619
0.0296307
0.0357969
0.0329277
0.0296179
0.035683
0.0328999
0.0296712
0.0356922
0.0328856
0.0295774
0.0357622
0.0329475
0.0296751
0.0358568
0.0329696
0.0296718
0.0358231
0.032933
0.0295614
0.0356533
0.0328323
0.0295848
0.035676
0.0328131
0.0295807
0.0356623
0.0329004
0.029673
0.0357317
0.0329366
0.029716
0.0358996
0.0330731
0.0297633
0.0358699
0.0330174
0.0296716
0.0358416
0.0329968
0.0297098
0.0357358
0.0327956
0.0295084
0.035649
0.0327864
0.0295492
0.0357035
0.0328566
0.0294989
0.035539
0.0327894
0.0295038
0.035641
0.0328812
0.0295772
0.0356928
0.0327034
0.0294751
0.0356092
0.0327496
0.0294884
0.0356011
0.0328127
0.0296367
0.0357309
0.0328993
0.0295503
0.0356625
0.0328824
0.0296058
0.0357436
0.032939
0.0295707
0.0356504
0.0329051
0.0295836
0.0357187
0.0328615
0.0296279
0.0357236
0.032922
0.0297131
0.0357757
0.0329474
0.029699
0.0357838
0.0328914
0.0296558
0.0357523
0.0329008
0.0296589
0.0357033
0.0329043
0.0295748
0.0356168
0.0327257
0.0293626
0.0355667
0.0327657
0.0295509
0.0356721
0.0328403
0.0294858
0.035597
0.0327811
0.0295923
0.035734
0.032923
0.0296612
0.0356977
0.0328308
0.0295943
0.0357232
0.0328819
0.0296328
0.035785
0.0329823
0.0296756
0.035773
0.0329807
0.0296599
0.0358532
0.0330164
0.029765
0.0358675
0.0329918
0.0296546
0.0356702
0.0328598
0.0295953
0.0356521
0.032872
0.0297181
0.0358528
0.0330887
0.0296961
0.0357801
0.0329722
0.0296947
0.0357827
0.0329742
0.0297498
0.0358499
0.0330786
0.0297309
0.0358309
0.0329977
0.0297746
0.0358798
0.0329757
0.0296298
0.0356982
0.0329259
0.0296495
0.0358162
0.0329984
0.0296269
0.0357017
0.03284
0.0295759
0.0357482
0.0329468
0.0296852
0.0357701
0.0329471
0.0296846
0.0357595
0.0329147
0.0297332
0.0358191
0.0329255
0.0295493
0.0357215
0.0329806
0.0296416
0.0357745
0.0328847
0.0295515
0.0355795
0.032759
0.0295428
0.0356428
0.0328243
0.0296222
0.035695
0.0328997
0.0295785
0.0356901
0.0328811
0.0295918
0.0357485
0.0329413
0.0296516
0.0356903
0.0328384
0.0295558
0.0355939
0.0327237
0.0294392
0.0355677
0.0327778
0.0295055
0.0356504
0.0327727
0.0295271
0.035602
0.0328144
0.0295405
0.0355536
0.0327835
0.0295265
0.035661
0.0328491
0.0296031
0.035723
0.0329398
0.0295963
0.0356806
0.0328795
0.0296278
0.0357409
0.0329158
0.02966
0.0357934
0.0329875
0.0297287
0.0358811
0.0328938
0.029654
0.0358114
0.0329013
0.0295341
0.0356323
0.0328628
0.0294451
0.0356187
0.0327655
0.0294453
0.0355326
0.0327435
0.0294158
0.035541
0.0327313
0.0293783
0.0355428
0.0327073
0.0294629
0.0355873
0.0326871
0.0294593
0.0355492
0.0327211
0.0294266
0.0356283
0.0328781
0.0295942
0.0356997
0.0328769
0.0296475
0.035678
0.0329081
0.029659
0.0357375
0.0328703
0.0296308
0.0357646
0.0329536
0.029728
0.0357784
0.0330342
0.0295996
0.035791
0.0330127
0.0297846
0.0359013
0.0330423
0.0298126
0.0358773
0.0330353
0.0297962
0.0358784
0.0330936
0.0297474
0.035858
0.0331223
0.0298012
0.0358655
0.0330337
0.029713
0.0358079
0.0329249
0.0295718
0.0356829
0.0328632
0.0294452
0.0356657
0.0328702
0.0296234
0.0356503
0.0328483
0.0295149
0.0356134
0.0329019
0.0296945
0.0357994
0.0329797
0.02973
0.0358187
0.0330264
0.02974
0.0358038
0.0329556
0.0296475
0.035701
0.0328803
0.0296458
0.0357645
0.0328751
0.0296957
0.035796
0.0330171
0.0295973
0.0357131
0.0328105
0.0295086
0.0356041
0.032742
0.0294873
0.0355885
0.0326776
0.0294229
0.0355836
0.0328503
0.0295827
0.0357175
0.0328107
0.0295093
0.0356331
0.0328418
0.0296888
0.0358387
0.0329798
0.0296956
0.0357724
0.0329121
0.0296583
0.0358183
0.0330392
0.0297158
0.0357195
0.0329692
0.0296706
0.0357735
0.0329316
0.0296159
0.0357346
0.0329436
0.029606
0.0357599
0.0329401
0.0296365
0.0357718
0.032914
0.0296489
0.0357762
0.0329926
0.0297059
0.035732
0.0329264
0.0296718
0.0358205
0.0330113
0.029724
0.035848
0.0330963
0.0297349
0.0357889
0.0330449
0.029689
0.0358365
0.0328924
0.0296526
0.0357395
0.0328441
0.0295191
0.035671
0.0329472
0.0296657
0.0357808
0.0329909
0.0296836
0.0357223
0.0329434
0.0296282
0.035806
0.0330032
0.0296286
0.0356825
0.0328078
0.0296667
0.0357504
0.0328217
0.0295466
0.0356736
0.0328974
0.0296889
0.0358554
0.0329043
0.0296248
0.03569
0.0329098
0.0296169
0.0357262
0.0329399
0.0297087
0.0358737
0.0329033
0.0295628
0.0356934
0.032809
0.029576
0.0357136
0.0328974
0.0295974
0.035698
0.0329443
0.0295893
0.0357332
0.0329099
0.0295698
0.0356155
0.0327796
0.0295268
0.0356798
0.0328121
0.0294675
0.0356209
0.0328219
0.0295641
0.0356577
0.0329114
0.0296786
0.0357638
0.0330269
0.0297427
0.0358769
0.0329232
0.0296918
0.0357348
0.0328959
0.0296329
0.0357494
0.0328861
0.0295909
0.0357434
0.0330131
0.0296087
0.0357394
0.0328969
0.0295988
0.0357053
0.0328865
0.0295947
0.0356729
0.0328541
0.0295459
0.0357171
0.0329171
0.0296861
0.0358489
0.0330097
0.0297653
0.0359053
0.0330577
0.0296837
0.0357705
0.0329398
0.0296792
0.0357793
0.0330084
0.0297547
0.035734
0.0328475
0.0295919
0.035654
0.0328832
0.0295252
0.035636
0.0328268
0.0294985
0.0355332
0.0328433
0.0294784
0.035587
0.0327531
0.0294924
0.0356393
0.0328178
0.0295098
0.0355857
0.0326885
0.0294346
0.0354732
0.0327073
0.0294958
0.0356633
0.0327933
0.0294984
0.0356651
0.0328222
0.0295879
0.0356467
0.0329095
0.0296164
0.035796
0.0329687
0.0296896
0.0357899
0.0329619
0.0296273
0.0357366
0.0329806
0.0297989
0.0358426
0.0328864
0.0295474
0.035656
0.0328617
0.0296442
0.0357339
0.0328414
0.0295558
0.0355786
0.0327045
0.0293391
0.035519
0.0327036
0.0294339
0.0355461
0.0327718
0.0295554
0.0356842
0.0329067
0.0296134
0.0357088
0.0328999
0.0296052
0.0357278
0.0328663
0.0295385
0.0357251
0.0328977
0.029615
0.0357329
0.0329345
0.0295349
0.0356881
0.0329259
0.0296765
0.0357738
0.0329819
0.0297373
0.035844
0.0330427
0.0297185
0.0358046
0.0329702
0.0297174
0.0358413
0.0329742
0.029659
0.0357865
0.0329905
0.0296381
0.0357446
0.0329455
0.0296702
0.0357466
0.0329143
0.0295592
0.0357303
0.0329768
0.0296809
0.0358101
0.0329717
0.0296227
0.0357236
0.0329029
0.0296542
0.0357203
0.0329599
0.0296856
0.0357582
0.0329756
0.0297291
0.0357833
0.0328717
0.0296077
0.0356659
0.032783
0.0295275
0.0356297
0.0326291
0.0293847
0.0355674
0.0327697
0.0295856
0.0357168
0.032858
0.0296214
0.0356738
0.032778
0.029547
0.0357088
0.0328803
0.0296531
0.0357945
0.0329892
0.029795
0.035861
0.0329834
0.0297089
0.0358153
0.0329365
0.0296967
0.035821
0.0329534
0.0297033
0.0357775
0.0329401
0.0297011
0.0358755
0.0330447
0.0297711
0.0358151
0.0329264
0.0295837
0.035633
0.0329152
0.0296642
0.0357943
0.0329559
0.0297401
0.0357941
0.0329797
0.0297213
0.0358471
0.0329772
0.0296933
0.0358694
0.0330333
0.0296616
0.0357823
0.0329109
0.0295985
0.0357177
0.0329044
0.0296029
0.0357531
0.0328788
0.0295215
0.0356155
0.0328832
0.0296225
0.0357193
0.032948
0.0296244
0.035807
0.0329388
0.0295992
0.0357334
0.0328642
0.0296379
0.0357225
0.0328536
0.0296475
0.0357588
0.0329756
0.02966
0.0357935
0.0330056
0.0297661
0.0357971
0.0328733
0.0296418
0.0358229
0.0330539
0.0297685
0.0358161
0.0330283
0.0297156
0.0358199
0.0330768
0.0297834
0.035947
0.0329698
0.0296424
0.0357261
0.0328715
0.0296157
0.0357582
0.0329339
0.0296176
0.0358287
0.0330157
0.0296346
0.0357087
0.0328422
0.0295503
0.0356265
0.0328557
0.029642
0.0357797
0.0329074
0.029572
0.035698
0.0328374
0.0295822
0.0356628
0.0329025
0.0294961
0.0356185
0.0327349
0.0295541
0.0356358
0.0329182
0.0296173
0.035783
0.0329882
0.0297239
0.0358659
0.0330339
0.0297116
0.0358255
0.0330269
0.0297148
0.0358134
0.0329567
0.029689
0.0357654
0.0329204
0.0295674
0.0356988
0.0326854
0.029393
0.0354905
0.0326977
0.0294107
0.0354952
0.0327076
0.0293685
0.0355474
0.032818
0.0295858
0.0357213
0.0327618
0.0294647
0.0355697
0.0327477
0.0294969
0.0356798
0.0329209
0.0296079
0.0357622
0.0329445
0.0295754
0.035676
0.0328515
0.0296113
0.0357834
0.0329968
0.0297023
0.035822
0.0329947
0.0297918
0.0359382
0.0331113
0.0297995
0.0358594
0.0330776
0.0297955
0.0358757
0.0331004
0.0298317
0.03599
0.0330893
0.029833
0.0359415
0.0330645
0.029708
0.0357699
0.0328453
0.0295459
0.0356826
0.0328431
0.0296396
0.0357088
0.0330114
0.0296839
0.0358127
0.0329348
0.0296711
0.0356836
0.0328305
0.0295096
0.0355337
0.0327966
0.0295364
0.0356313
0.0328431
0.029617
0.0357025
0.0328893
0.0296342
0.0356725
0.0328698
0.0295953
0.0356816
0.0329255
0.0297046
0.0358584
0.0329555
0.0296489
0.0357849
0.0330114
0.0297082
0.0358573
0.032963
0.0296151
0.0356857
0.0328718
0.0295225
0.0356744
0.0327982
0.0294763
0.0356784
0.0329077
0.0295476
0.0356274
0.0328505
0.0296649
0.0357908
0.032962
0.0296213
0.0357702
0.0328972
0.0296833
0.0358282
0.0330981
0.0299128
0.0360094
0.0332102
0.0299026
0.0359868
0.0330695
0.0297526
0.0358254
0.032971
0.0296861
0.0358237
0.032925
0.0296489
0.0357608
0.0329973
0.0297094
0.0358386
0.0330288
0.0297549
0.0358078
0.0329976
0.0297481
0.0357832
0.0330194
0.0297715
0.0359186
0.0330701
0.0297249
0.0358697
0.0330086
0.0298209
0.0359925
0.0330755
0.0297624
0.0358713
0.0329842
0.0298013
0.0358605
0.0330563
0.0298321
0.0359209
0.0330022
0.0296614
0.035783
0.0330152
0.0296739
0.0356898
0.0328165
0.0295648
0.0356079
0.0328273
0.0295867
0.0357282
0.0328629
0.0296663
0.0358268
0.033044
0.0297598
0.0358648
0.032964
0.0297133
0.035784
0.0329723
0.0297361
0.0358251
0.033037
0.0298345
0.0358878
0.0331139
0.0297951
0.0357903
0.0330225
0.0297726
0.0358566
0.0330266
0.0296523
0.0357188
0.0328391
0.0295144
0.0356302
0.0328575
0.0295773
0.0357458
0.0328567
0.0296089
0.0357106
0.0328668
0.0296768
0.0357789
0.0329037
0.0296705
0.0357626
0.032977
0.029706
0.035823
0.0330594
0.0298009
0.0358673
0.0330724
0.0298413
0.0359697
0.0331333
0.0298923
0.0359586
0.0331529
0.0298889
0.0359426
0.0330253
0.0297342
0.0358707
0.0329925
0.0297096
0.0358091
0.0329466
0.0296862
0.0357655
0.0330123
0.0298157
0.0359034
0.033031
0.0298207
0.0359206
0.0331491
0.0298229
0.0358173
0.0330455
0.0296912
0.0357995
0.0329794
0.0297041
0.0358438
0.0330244
0.0296526
0.0356934
0.0328351
0.0296545
0.0358317
0.0330918
0.0297523
0.0358324
0.03301
0.0297049
0.035767
0.0329668
0.0296272
0.0357088
0.0329784
0.0296871
0.0358239
0.0329091
0.0296113
0.0356773
0.0329023
0.0295748
0.0356841
0.0328945
0.0296212
0.0357116
0.0328788
0.0295742
0.0356755
0.0329225
0.0296102
0.035697
0.0329137
0.029621
0.0357812
0.0330105
0.0297013
0.0357854
0.0330074
0.0297504
0.0358428
0.0330313
0.0297599
0.0359055
0.0331411
0.0298856
0.035965
0.0331253
0.0298336
0.0358327
0.032848
0.029658
0.0358229
0.0329596
0.0296557
0.0358392
0.032978
0.0296214
0.0357969
0.0329909
0.0296855
0.0358892
0.0330568
0.0297941
0.0358795
0.0330563
0.029767
0.0358054
0.0330166
0.0296586
0.0356317
0.0328403
0.0294606
0.0355822
0.0327769
0.0294835
0.035705
0.0328215
0.0295785
0.0356805
0.0327868
0.0294539
0.0356146
0.0328206
0.02957
0.0356616
0.0328744
0.0296385
0.0357113
0.0329418
0.0296733
0.0357726
0.0329777
0.0297043
0.0356863
0.0329128
0.0296759
0.0356968
0.0328498
0.0296004
0.0356911
0.0328786
0.0296447
0.0357772
0.0330009
0.0297648
0.0358808
0.033102
0.0297628
0.0359124
0.0330563
0.0297364
0.0358268
0.0329639
0.0296319
0.0357777
0.0328877
0.0296144
0.0357135
0.0329442
0.0296983
0.0358154
0.0330513
0.0297287
0.0357501
0.0328861
0.0296304
0.0356454
0.0327948
0.0295827
0.0357175
0.0328705
0.0295919
0.0357261
0.0329478
0.0296875
0.0357571
0.0329323
0.0296488
0.0357207
0.0329869
0.0297472
0.0357165
0.0328781
0.0296108
0.035715
0.0328612
0.0294961
0.0356603
0.0328507
0.0295233
0.0356587
0.0328286
0.029494
0.0356364
0.0327992
0.0295335
0.0356676
0.0328501
0.0295238
0.0355757
0.0328117
0.0295305
0.0356356
0.032869
0.0297273
0.0357389
0.0328078
0.0295199
0.0356606
0.0327899
0.0295196
0.0356391
0.0328668
0.0296054
0.0357251
0.0329095
0.0296191
0.0357045
0.0328815
0.0295129
0.0356576
0.0329079
0.0296294
0.0357296
0.0329281
0.0295696
0.0356634
0.0328843
0.0296122
0.0357299
0.0329658
0.02972
0.0357856
0.0330112
0.0296658
0.0357821
0.0329714
0.0295856
0.0356448
0.0327709
0.0295165
0.0356189
0.0328381
0.0295669
0.0357429
0.0328072
0.0294568
0.0356101
0.0327768
0.0295253
0.0356047
0.0327931
0.0295225
0.0356398
0.0327409
0.0294024
0.0354881
0.0326576
0.0294339
0.0355359
0.0326535
0.0294059
0.0355644
0.032789
0.0294948
0.0356732
0.0328341
0.0295981
0.0356445
0.0328401
0.0295675
0.0356998
0.0328678
0.0296188
0.035696
0.0329244
0.0296666
0.0357994
0.0329639
0.0296633
0.0358253
0.0330209
0.0295989
0.0357383
0.0329675
0.0296135
0.0357306
0.0328561
0.0295615
0.0357718
0.0329972
0.0296812
0.0358226
0.0329719
0.0297244
0.0357729
0.0330393
0.0297361
0.0358234
0.0330026
0.0298045
0.0359134
0.0330194
0.0296404
0.0358042
0.0329164
0.029592
0.0357675
0.0328934
0.0295794
0.0356667
0.0328814
0.0296289
0.0357235
0.0329064
0.0296756
0.0357998
0.0329317
0.0297029
0.0357713
0.0330211
0.0297727
0.0357819
0.0330215
0.0297071
0.0357339
0.0328941
0.0296724
0.0357928
0.0328891
0.0295691
0.0357242
0.0328105
0.0295827
0.0356809
0.0328652
0.029579
0.0356813
0.032898
0.0296169
0.0357009
0.0327624
0.0295167
0.0355833
0.0327584
0.0295327
0.0356483
0.0328569
0.0295814
0.0356173
0.0328266
0.0295624
0.0356973
0.032882
0.02967
0.0357349
0.0328833
0.0296654
0.0357695
0.032963
0.0296369
0.0357855
0.0328894
0.0296178
0.0357187
0.0328956
0.0296563
0.035712
0.0328256
0.0295929
0.0357221
0.0328737
0.0295834
0.0357172
0.0328862
0.0296262
0.0358132
0.0330451
0.0297046
0.0358698
0.0330524
0.0297478
0.0358678
0.0330639
0.0297155
0.0358543
0.0330297
0.0297266
0.0358026
0.0330528
0.0297368
0.0358277
0.0329854
0.0296693
0.0357672
0.0329904
0.0295587
0.0356727
0.032886
0.0296775
0.0357638
0.0330283
0.0297585
0.0358377
0.0330308
0.029646
0.0358059
0.0329573
0.0296355
0.0357693
0.0330169
0.0297823
0.0358126
0.0330196
0.0297007
0.0358294
0.0330015
0.0297279
0.0358804
0.033098
0.0297449
0.035866
0.0329999
0.0297212
0.0359054
0.0330715
0.0296745
0.0358124
0.0329863
0.0297015
0.0357968
0.0328279
0.0295708
0.0356291
0.0328649
0.0295879
0.0357099
0.0328541
0.029636
0.035769
0.0328819
0.0295099
0.0356581
0.0329518
0.0296945
0.0358388
0.033028
0.02972
0.0358524
0.0330382
0.0297681
0.0358557
0.0330146
0.0297149
0.0358288
0.0329181
0.0296044
0.0357175
0.0328099
0.0295914
0.0356828
0.0329111
0.0294935
0.03568
0.032916
0.0295337
0.0356739
0.0329078
0.0295327
0.0356708
0.0328845
0.0296133
0.0356531
0.0328713
0.0295636
0.0356447
0.0328456
0.0295364
0.0356821
0.0329158
0.0296227
0.0357956
0.0329629
0.0296812
0.0358154
0.0329339
0.0296271
0.0358206
0.0329609
0.0296295
0.0357939
0.0329924
0.0296728
0.0358091
0.0329667
0.0297198
0.0358762
0.0329979
0.0297114
0.0357337
0.032905
0.0296111
0.0357871
0.033001
0.0297268
0.0358283
0.0330883
0.0297394
0.0358513
0.0330217
0.02971
0.0358395
0.0330115
0.029728
0.0358187
0.0329774
0.0296963
0.0357984
0.033045
0.0297624
0.0359417
0.03311
0.0297399
0.0358543
0.0329981
0.0297684
0.0358553
0.0329392
0.0296419
0.0356842
0.0328443
0.0295614
0.0356688
0.032829
0.0296223
0.0358238
0.033043
0.0297518
0.035869
0.0330473
0.0297633
0.0358656
0.0330954
0.0297512
0.0358258
0.032992
0.0296444
0.035747
0.0329711
0.0297624
0.0358934
0.0330425
0.0296803
0.0358448
0.0328419
0.0294682
0.0356312
0.0328786
0.0295665
0.035684
0.0328837
0.0295419
0.0356765
0.0328383
0.0296007
0.0357818
0.0329279
0.0296416
0.0357399
0.0328492
0.0295613
0.0356247
0.0328167
0.0296053
0.0357506
0.0329215
0.0296083
0.0357609
0.0329022
0.0296859
0.0357958
0.0330011
0.0296939
0.0357909
0.0329529
0.0296045
0.0356217
0.0327796
0.0295017
0.0356375
0.032905
0.0296865
0.0357575
0.0330425
0.0297703
0.0359111
0.033012
0.0297216
0.035822
0.0329535
0.0296124
0.0356711
0.0328562
0.0295726
0.0356331
0.0329362
0.0296687
0.0357431
0.0329709
0.0296957
0.035769
0.0329866
0.0296735
0.0357725
0.0329372
0.0295823
0.0356612
0.0328245
0.0296496
0.0357297
0.0329047
0.0296294
0.0357835
0.0329602
0.0296944
0.0357591
0.0329028
0.0296496
0.035674
0.0327659
0.0295415
0.035662
0.0328375
0.0296047
0.0357051
0.0328472
0.029596
0.035675
0.0328735
0.02956
0.0356534
0.0328381
0.0295071
0.0356774
0.0329518
0.0297619
0.0357793
0.0329977
0.0295912
0.0357043
0.0328782
0.0295121
0.035615
0.0327413
0.0294299
0.0356082
0.0328799
0.029521
0.0356892
0.0328324
0.0295181
0.0356446
0.0328083
0.0296228
0.0356919
0.0329038
0.0295931
0.0356888
0.032885
0.0296048
0.0356355
0.0328105
0.0295943
0.0356295
0.0328032
0.029557
0.0356841
0.0328166
0.0296654
0.0357547
0.0329471
0.0296791
0.0357344
0.0329141
0.029533
0.0357489
0.0329414
0.0296345
0.035728
0.0328261
0.0295455
0.0356963
0.0328943
0.0297022
0.0358417
0.0330616
0.0297385
0.0358534
0.0330817
0.029788
0.0358309
0.0330359
0.029664
0.0358341
0.0329442
0.0296362
0.0357679
0.0329533
0.0297129
0.0358316
0.0329858
0.0297515
0.0357694
0.032892
0.0296684
0.035772
0.0329611
0.0296838
0.0358344
0.0329959
0.0297549
0.0358902
0.0330941
0.0297869
0.0359274
0.0330525
0.029766
0.0359189
0.0330335
0.0297123
0.0358011
0.033013
0.0297872
0.0359097
0.0331293
0.0298031
0.0358589
0.0329924
0.0296894
0.0357704
0.0329732
0.0296755
0.0357747
0.0328936
0.029599
0.0357322
0.0328259
0.0295991
0.0357119
0.0329358
0.0296303
0.0357493
0.0329605
0.029695
0.0358157
0.0329984
0.0297197
0.0358211
0.0330031
0.0297186
0.0357957
0.03293
0.0296687
0.0357827
0.0329311
0.0297776
0.0358332
0.0329917
0.0297202
0.0358003
0.0328836
0.0296494
0.0357678
0.0329553
0.029659
0.0357522
0.0328888
0.0294684
0.0355758
0.0328
0.0294852
0.0356069
0.0327391
0.0295139
0.0356732
0.0329021
0.029655
0.0357357
0.0329685
0.0297114
0.035773
0.0328488
0.0296126
0.035692
0.0328611
0.0296371
0.0357795
0.0329972
0.0296495
0.0357449
0.0329106
0.0296707
0.0357365
0.0328833
0.0296034
0.0357556
0.0328517
0.0295966
0.0357073
0.032882
0.0296151
0.0357607
0.0329189
0.0295564
0.0356073
0.0327763
0.0295304
0.0356616
0.0328801
0.0295957
0.0357162
0.0329089
0.0296632
0.0357338
0.0329342
0.0296856
0.0357981
0.0329235
0.0296972
0.0357822
0.0330644
0.0297466
0.0358291
0.0329103
0.0297349
0.035828
0.0330484
0.0297148
0.0358597
0.0329452
0.0296844
0.0357798
0.0329628
0.029632
0.0357883
0.0329835
0.0296041
0.0356862
0.0327835
0.0295576
0.0356556
0.0328269
0.0296224
0.0357552
0.0329173
0.0295991
0.0357071
0.0329735
0.0297218
0.0357635
0.0328507
0.0295986
0.0356849
0.0328916
0.0296761
0.0357464
0.0329112
0.0296986
0.0357891
0.0329547
0.0297721
0.0359413
0.0330727
0.0297906
0.0358687
0.0330828
0.0298481
0.03602
0.0331028
0.0297708
0.0359123
0.0330608
0.0297924
0.0359788
0.0330555
0.0297692
0.0358328
0.0330906
0.0297013
0.0358347
0.0330261
0.0297565
0.0358866
0.0330705
0.0296186
0.0357248
0.0329042
0.0295787
0.0357119
0.0328507
0.0296676
0.0357669
0.0328725
0.0296195
0.0357967
0.0329066
0.0296725
0.0357593
0.0329297
0.0296929
0.0357831
0.0329426
0.0295893
0.0356432
0.0327417
0.0295568
0.0356889
0.0328695
0.0295894
0.0356909
0.0328528
0.0295643
0.0357155
0.0328654
0.0296577
0.0357437
0.0329084
0.0296129
0.0356941
0.0329091
0.0295809
0.0357439
0.0330608
0.0297462
0.0358451
0.0330023
0.0297532
0.0359347
0.03301
0.0297484
0.03586
0.0329897
0.0297117
0.0357535
0.0328199
0.0295422
0.0356646
0.0327686
0.0294597
0.0355801
0.0327269
0.0294418
0.0356136
0.0327403
0.0295316
0.0356032
0.0327558
0.0295316
0.0356912
0.0330229
0.0296351
0.0357212
0.0328914
0.0295535
0.0356808
0.0327863
0.0295431
0.0355869
0.0327972
0.0295869
0.0357204
0.0328446
0.0294575
0.0355896
0.0328621
0.0295888
0.0356747
0.0329024
0.0296347
0.0357919
0.03286
0.0295896
0.0356817
0.0327927
0.0295114
0.0356808
0.032809
0.0295305
0.0356271
0.0328252
0.0295483
0.0357126
0.0328396
0.029494
0.0356505
0.032823
0.0295547
0.0356635
0.0328263
0.0296058
0.0355961
0.0327977
0.0295597
0.0355955
0.0328433
0.0295189
0.0356418
0.0328086
0.0295293
0.0356571
0.0328398
0.0295813
0.03573
0.0328297
0.0294637
0.0355711
0.0327393
0.0294399
0.0356266
0.0328939
0.0295809
0.0357204
0.0329334
0.0296578
0.0357026
0.0327912
0.0294917
0.0356324
0.0328855
0.0296789
0.035767
0.032977
0.0296425
0.0357029
0.0329124
0.0295864
0.0357253
0.0329647
0.0296842
0.0357728
0.0330149
0.0297244
0.0358141
0.0330209
0.0297116
0.0358171
0.0330439
0.0297327
0.0357441
0.0329846
0.0297224
0.0359129
0.0329821
0.0296915
0.0358288
0.0329503
0.0296418
0.0357138
0.0329297
0.029663
0.0357242
0.0329123
0.0296621
0.0357422
0.0329924
0.0297163
0.0358403
0.0329529
0.0297257
0.0358859
0.0329985
0.0296557
0.0357553
0.0329164
0.0296968
0.0357899
0.0331086
0.0297706
0.0358043
0.0329985
0.029772
0.0359343
0.0331291
0.0298169
0.0358475
0.0330849
0.0297898
0.03591
0.0330268
0.0297569
0.0358378
0.0330436
0.0297282
0.0357906
0.032956
0.0296864
0.0358181
0.0328365
0.0295208
0.035624
0.0328888
0.0296204
0.0357065
0.0328579
0.0296824
0.0358265
0.0329257
0.029733
0.0358333
0.0329313
0.029689
0.0357586
0.0329581
0.0296713
0.0358071
0.0330673
0.0297324
0.0358004
0.0329988
0.0297592
0.0358427
0.0329163
0.0296539
0.0358209
0.0329624
0.0296995
0.0357978
0.0330294
0.0297445
0.0358941
0.0330559
0.0297383
0.0357951
0.0330199
0.0297503
0.035877
0.032981
0.029582
0.0356439
0.0328163
0.0294395
0.035494
0.0326913
0.0294493
0.0356805
0.0328517
0.0296422
0.0356912
0.0329096
0.0295275
0.0356549
0.0328217
0.0295535
0.0356401
0.032806
0.0294986
0.0354922
0.0327156
0.0293642
0.0354753
0.0325667
0.0293463
0.0355134
0.0327384
0.0294595
0.035616
0.0328306
0.029498
0.035605
0.0328066
0.0295603
0.035677
0.0328487
0.0296203
0.035751
0.0329932
0.0297155
0.0358119
0.0329012
0.0296921
0.0357961
0.0329477
0.0296485
0.0357559
0.0329191
0.0296231
0.0357256
0.0329118
0.0296878
0.0358056
0.0329848
0.0296352
0.0357417
0.0329302
0.0296739
0.0356914
0.0328525
0.0296795
0.0357719
0.0329265
0.0296678
0.0358213
0.0330191
0.0297224
0.035782
0.0329423
0.0296935
0.035753
0.0329145
0.0296052
0.0357484
0.0329717
0.0297772
0.035819
0.0330314
0.0297611
0.0358101
0.0329508
0.029721
0.0357335
0.0329287
0.029645
0.0358006
0.0331168
0.0298429
0.0359555
0.033056
0.0298048
0.0358497
0.0329196
0.029699
0.0358303
0.0330621
0.02981
0.0359674
0.033174
0.0298211
0.0358323
0.0330624
0.02988
0.035923
0.0330121
0.0296736
0.0357532
0.0329919
0.0297298
0.0357709
0.0329341
0.029572
0.0357647
0.0328673
0.0295738
0.0356063
0.0328148
0.029482
0.0355039
0.0327127
0.0294396
0.0355674
0.0328052
0.0295449
0.0356677
0.0328707
0.0295757
0.0357052
0.0329493
0.0296261
0.0356601
0.0328117
0.0295622
0.0357171
0.0328254
0.029522
0.0355523
0.0327068
0.0294432
0.0355937
0.032797
0.0294893
0.035621
0.0328368
0.0295648
0.0356301
0.0328347
0.0296331
0.035737
0.032874
0.0296476
0.035768
0.0328999
0.0296465
0.0358159
0.0330365
0.0297341
0.0357661
0.0329462
0.029573
0.0356993
0.0328429
0.029571
0.0356765
0.0327905
0.0295806
0.03568
0.0328021
0.0295372
0.0356153
0.0327327
0.0294906
0.0356018
0.0329455
0.0296743
0.0358239
0.0329342
0.0295952
0.0356794
0.0328892
0.0295455
0.0356445
0.0328253
0.0295352
0.0357195
0.0329527
0.0297064
0.0357702
0.0330096
0.0297447
0.0358895
0.03296
0.0296087
0.035758
0.0330161
0.029707
0.0358297
0.0330179
0.0296812
0.0357965
0.0329449
0.0296191
0.0356473
0.0327969
0.0294751
0.0355403
0.0327302
0.0295022
0.0356474
0.0328546
0.02957
0.0357379
0.0329231
0.0296421
0.0357615
0.0329353
0.0296099
0.0357585
0.0328223
0.0296555
0.0357893
0.0329137
0.0296572
0.0357279
0.033023
0.0296831
0.0357896
0.0328472
0.0296076
0.0357139
0.0328126
0.0294979
0.0356589
0.0328164
0.0295606
0.0356788
0.0328233
0.0295167
0.0356633
0.0329063
0.0296617
0.0357042
0.0328659
0.0296594
0.0357227
0.032872
0.0295671
0.0356693
0.0328963
0.029594
0.0356958
0.0328766
0.0296707
0.0357494
0.0329581
0.0296672
0.0357582
0.0329211
0.029711
0.0358254
0.0330036
0.0296972
0.0357913
0.0329129
0.0296724
0.035828
0.0330108
0.0296995
0.0358276
0.0330159
0.0296729
0.0358203
0.0328816
0.0294813
0.0356974
0.0329263
0.0295999
0.0356547
0.0328314
0.0295576
0.035691
0.032834
0.0295938
0.0356423
0.0328573
0.0295953
0.0356809
0.0327987
0.0295401
0.0356446
0.0328089
0.029559
0.0357355
0.0329322
0.0296148
0.0356338
0.0328993
0.0295608
0.0356674
0.032759
0.029576
0.0356837
0.0328891
0.0295703
0.0356695
0.0328843
0.0295804
0.0357502
0.0329558
0.0296729
0.0357742
0.0329264
0.029652
0.0356316
0.032836
0.029587
0.0356771
0.0328144
0.0296266
0.0356957
0.0327362
0.0295144
0.0357083
0.0328457
0.0295955
0.0356733
0.0328324
0.0295129
0.0356226
0.032814
0.0296005
0.0357648
0.0329052
0.029703
0.035833
0.0330284
0.0297163
0.0357853
0.0328737
0.0296203
0.0356933
0.032916
0.0296644
0.0357954
0.0329523
0.0296389
0.0356421
0.0328121
0.0296315
0.0357023
0.0327766
0.0294464
0.0356108
0.0327055
0.0295066
0.0356391
0.0328295
0.0295715
0.0356439
0.0328692
0.0295725
0.0357184
0.0328622
0.0295284
0.0356841
0.0328751
0.0296716
0.0357293
0.0328744
0.0295766
0.0357355
0.0329435
0.0296451
0.035739
0.0328546
0.0295623
0.0356694
0.0328012
0.0294927
0.0356656
0.0328647
0.0295667
0.0357007
0.0329568
0.0297109
0.0357976
0.0329627
0.0295864
0.0356591
0.0327786
0.029579
0.0356726
0.0328836
0.0296593
0.0358283
0.0330347
0.0295723
0.0355832
0.0327872
0.0294883
0.0357105
0.0328446
0.0296135
0.0357443
0.0329274
0.0296773
0.0357807
0.0329139
0.029658
0.0357557
0.0329931
0.0296688
0.0356669
0.0328285
0.0295975
0.0356891
0.0328915
0.0295843
0.0356326
0.0327964
0.0295279
0.0356676
0.0328217
0.0295964
0.0357002
0.032936
0.0295811
0.0357246
0.0329261
0.0296069
0.0357358
0.0329526
0.0296265
0.0357002
0.0328759
0.0296827
0.0358251
0.032883
0.0296517
0.0357815
0.0329142
0.0296167
0.0357384
0.032917
0.0296145
0.0356863
0.0328792
0.029635
0.0357981
0.0330181
0.0297348
0.0358186
0.0330118
0.0297221
0.0357999
0.0329703
0.0297017
0.0357987
0.032867
0.0295218
0.0356254
0.0327965
0.0295622
0.0356044
0.032789
0.0296099
0.0357161
0.03289
0.0295831
0.0356966
0.0328555
0.0295423
0.0356849
0.0328372
0.029627
0.0356437
0.0328073
0.0295103
0.0356104
0.0328241
0.0295222
0.0356565
0.0328256
0.0295126
0.0355801
0.0327474
0.0295475
0.0356955
0.0328905
0.0295446
0.0356468
0.0327766
0.0295041
0.0356924
0.0329263
0.0296578
0.0356944
0.0328416
0.0296071
0.0356759
0.0328585
0.0296535
0.0357931
0.0328467
0.0295967
0.0356925
0.0328287
0.0295659
0.035764
0.0328872
0.0296422
0.0357199
0.0329433
0.0296176
0.0356966
0.0328376
0.0295377
0.0356556
0.0328616
0.0296351
0.0357578
0.0329423
0.0297232
0.035824
0.0330402
0.0297326
0.0358963
0.033008
0.0297505
0.0358567
0.0329359
0.0296481
0.0358091
0.0330058
0.0297333
0.0357757
0.0330062
0.0296783
0.0356992
0.0329347
0.029645
0.0357556
0.0329483
0.0296863
0.0358035
0.0329581
0.0297021
0.0357768
0.0330016
0.0296655
0.0357534
0.0329183
0.0296467
0.0357502
0.0329273
0.0297186
0.035757
0.0328852
0.0296134
0.0357473
0.0330042
0.0297354
0.0358716
0.0330313
0.0296824
0.0357452
0.0329271
0.0296233
0.0357068
0.0328361
0.0295822
0.0356631
0.0328316
0.0294777
0.0355364
0.0328018
0.0294233
0.0355876
0.032733
0.0294936
0.035635
0.0328552
0.0295104
0.0354992
0.0326403
0.0294094
0.0355552
0.0328018
0.0295634
0.0356842
0.0328022
0.0295761
0.0356932
0.0329235
0.029682
0.035877
0.0329461
0.029729
0.035813
0.032972
0.0297555
0.0359151
0.0330786
0.0297365
0.0357914
0.0329991
0.0297662
0.035874
0.0329832
0.0296914
0.03576
0.0329067
0.0297283
0.0357888
0.0329149
0.0296014
0.0357413
0.0328876
0.0296874
0.035814
0.0330238
0.0296819
0.0358417
0.0329303
0.0296567
0.0356915
0.0327876
0.0295171
0.0356853
0.0328325
0.0295891
0.035692
0.0328864
0.0295533
0.035657
0.0328526
0.029599
0.0356868
0.0329405
0.0296163
0.0357361
0.0328502
0.0295459
0.0356017
0.0327829
0.0295419
0.0356127
0.0326797
0.029417
0.0356408
0.0328469
0.0295844
0.035687
0.0328132
0.0295437
0.0356439
0.0328458
0.0295413
0.0356092
0.0327513
0.0294727
0.0356394
0.0329107
0.029653
0.0357115
0.0329528
0.0296749
0.0358262
0.0329619
0.0296779
0.0356833
0.0328659
0.029619
0.0357621
0.033034
0.0297112
0.0357796
0.0329522
0.0295783
0.0356701
0.0328477
0.0295882
0.0357465
0.0328761
0.029628
0.035662
0.0328419
0.029533
0.0356578
0.032828
0.029508
0.0356706
0.0328198
0.0295566
0.0356636
0.0328124
0.0295395
0.0357131
0.0329267
0.0296639
0.0357576
0.0329769
0.0296459
0.0357807
0.0329845
0.0297297
0.035873
0.0330875
0.0297294
0.0357893
0.0329318
0.0295651
0.0357451
0.0328708
0.0295829
0.0356937
0.0328325
0.0295643
0.0356436
0.0328779
0.0295903
0.0356581
0.0327604
0.0294653
0.0356695
0.0329143
0.0296459
0.0357426
0.0329976
0.0297014
0.0358403
0.0330209
0.0297272
0.0358027
0.0329537
0.0295974
0.0357389
0.0329112
0.0296013
0.0357604
0.0329789
0.0296445
0.0357793
0.0329032
0.0297159
0.03581
0.0330729
0.0296684
0.0357546
0.032915
0.0296381
0.0357653
0.0328878
0.0296966
0.035785
0.0329685
0.029724
0.0357762
0.032843
0.0295359
0.0357139
0.0328581
0.0296182
0.0357394
0.0327791
0.029493
0.035574
0.0327842
0.0295528
0.0357171
0.0329105
0.0297025
0.0357318
0.0329772
0.0296224
0.0357885
0.0330123
0.029799
0.0358184
0.0329455
0.0296041
0.0357069
0.0328745
0.0295843
0.0356155
0.0328937
0.029616
0.0357383
0.0329088
0.0295952
0.035745
0.0328673
0.0295972
0.0356934
0.032929
0.0296474
0.0358313
0.0330155
0.0297825
0.0358662
0.0330127
0.0297162
0.0358679
0.0331167
0.0297491
0.0358564
0.0329793
0.0297594
0.0358053
0.0329342
0.0296261
0.0357566
0.0330077
0.029745
0.0358444
0.0330227
0.0296334
0.0357389
0.0330031
0.0297507
0.0358278
0.0329508
0.0296936
0.0357446
0.0328406
0.0295586
0.0356538
0.0328839
0.0296416
0.0357279
0.0328835
0.0295777
0.0356283
0.0328916
0.0295996
0.0356801
0.0328804
0.0296809
0.0358574
0.032987
0.0297377
0.0358092
0.0330536
0.0296663
0.0357055
0.0327926
0.0295694
0.0355885
0.0328077
0.0295739
0.0357217
0.0329165
0.029581
0.0356866
0.0329482
0.0296992
0.0358694
0.0330863
0.0297591
0.0358036
0.0330018
0.029693
0.0357768
0.0330344
0.0296186
0.0357429
0.0329064
0.0296165
0.0356991
0.0330114
0.029744
0.0358412
0.0330239
0.0297033
0.0358101
0.0329068
0.0295959
0.0357486
0.0329332
0.0296208
0.0356643
0.0328452
0.0295786
0.0356707
0.032812
0.0295634
0.0356382
0.0328012
0.0295337
0.0356024
0.0327851
0.0295606
0.0356641
0.0328986
0.0296221
0.0357478
0.0328693
0.0296313
0.0357761
0.0329364
0.0296289
0.0357363
0.0329196
0.029591
0.0356567
0.0328391
0.0296036
0.0357095
0.0329232
0.0297266
0.0358523
0.0329767
0.0297741
0.0359012
0.0330578
0.029696
0.0357043
0.0328217
0.0296272
0.0357687
0.0330024
0.029737
0.0358905
0.0330579
0.0297315
0.0357913
0.0329488
0.0296901
0.0357739
0.0328688
0.0295564
0.0356747
0.0329049
0.0296132
0.0357691
0.0329149
0.0296869
0.0357939
0.0329622
0.0297036
0.0358542
0.0330329
0.0297939
0.035937
0.0330884
0.0298193
0.0359286
0.033118
0.0297637
0.0358001
0.0330119
0.029712
0.0358358
0.0329647
0.0297054
0.0358016
0.0330055
0.0296677
0.0357651
0.0328542
0.0295015
0.0356619
0.0329071
0.0296756
0.035661
0.032918
0.0296586
0.0357735
0.0330082
0.0297378
0.0358224
0.0330203
0.0296725
0.0358375
0.0329373
0.0296269
0.0357622
0.0329767
0.0296556
0.035753
0.0329229
0.0296753
0.0358227
0.0330484
0.0298054
0.0359191
0.0329868
0.029705
0.0358379
0.0330293
0.0296999
0.0358112
0.0329949
0.0296693
0.0357497
0.0329554
0.0296208
0.0357419
0.0330016
0.0296422
0.0356875
0.032966
0.029651
0.0357282
0.0328834
0.029566
0.0357691
0.0329526
0.0295974
0.0356514
0.0329402
0.029653
0.0357491
0.0328689
0.0295355
0.0355926
0.0327461
0.0294011
0.0355332
0.0327173
0.0294006
0.0355659
0.0327941
0.0294867
0.0356337
0.03286
0.0295765
0.0357586
0.0329309
0.0295848
0.035719
0.0329019
0.02968
0.0357923
0.0329536
0.0296824
0.0357647
0.0329299
0.02969
0.035782
0.0329237
0.0296525
0.0357833
0.0329717
0.0296694
0.035744
0.032921
0.0296606
0.0357196
0.0328531
0.0295712
0.0356428
0.0328792
0.0296378
0.0357815
0.0329193
0.0296186
0.0357774
0.0329713
0.0296415
0.0357553
0.0329206
0.0296737
0.0358004
0.0329562
0.0297011
0.0357523
0.0328707
0.0296134
0.0357535
0.032886
0.029619
0.0357384
0.0329785
0.0297772
0.0358342
0.0329668
0.0297288
0.0358273
0.0329921
0.0297055
0.0357207
0.032865
0.0295645
0.0357657
0.0328824
0.0296014
0.0356434
0.0328559
0.0296088
0.0356218
0.0327931
0.029569
0.0357566
0.0329036
0.02959
0.0356393
0.0328887
0.0296148
0.0357578
0.0329024
0.0294786
0.0356196
0.0327994
0.0294904
0.0356493
0.0328442
0.029575
0.0356502
0.0327889
0.0295361
0.0356928
0.0327915
0.0295648
0.0357681
0.0329154
0.0295496
0.0356332
0.0328345
0.0294989
0.0356209
0.0328797
0.0296727
0.0357008
0.0329197
0.0296984
0.0358336
0.0329967
0.029772
0.0357751
0.0328844
0.0296264
0.0357479
0.0330128
0.0296185
0.0357761
0.0328736
0.0296801
0.035807
0.0329689
0.0297057
0.0357908
0.0329452
0.0295432
0.0356298
0.0327524
0.0295465
0.0356442
0.0328259
0.029495
0.0356306
0.0328267
0.0295926
0.0357622
0.0329057
0.0296844
0.0357598
0.0329732
0.0297064
0.035744
0.0329779
0.0296621
0.0357059
0.0329101
0.0297064
0.0358247
0.0330365
0.0297574
0.0359168
0.0331245
0.0298244
0.0360076
0.0331271
0.0296544
0.0357112
0.0328046
0.0295854
0.0357291
0.032883
0.0295269
0.0357051
0.0328129
0.0296451
0.0357367
0.0328501
0.0295489
0.0356667
0.0329115
0.0296006
0.0357839
0.0329737
0.0296964
0.0358127
0.032981
0.0297864
0.0358863
0.033078
0.0297873
0.0358729
0.0330504
0.0296714
0.0357925
0.0330014
0.0296753
0.0357854
0.0330072
0.029755
0.0357896
0.0329022
0.0296096
0.0357557
0.0329434
0.029591
0.0356608
0.0328891
0.0296478
0.0357542
0.0329373
0.0296974
0.03577
0.0328583
0.0295904
0.0357215
0.0327753
0.0295123
0.0356311
0.0328249
0.0294793
0.0355759
0.0327649
0.0295593
0.0356913
0.0329295
0.0296804
0.0357921
0.0329987
0.0296727
0.035829
0.0329868
0.0296839
0.0358093
0.0330343
0.0296128
0.0356781
0.0328496
0.0294731
0.0355575
0.032774
0.0295639
0.0356508
0.0328884
0.029636
0.035782
0.0329407
0.0296282
0.0357608
0.0328564
0.0295775
0.0356576
0.0328812
0.029589
0.0357337
0.0328673
0.0295654
0.0357254
0.0328931
0.0295795
0.0357005
0.0329069
0.0296078
0.0357518
0.0329365
0.0296775
0.0357985
0.0328981
0.02958
0.0355406
0.0327281
0.0294487
0.0355838
0.0327992
0.0295558
0.0357826
0.0330149
0.0298045
0.0357999
0.0329942
0.0296795
0.03591
0.0330626
0.0298071
0.0359125
0.0331489
0.0298343
0.0359917
0.033169
0.0298608
0.0360028
0.033072
0.0297934
0.0358695
0.0329912
0.0296728
0.035727
0.0328563
0.029521
0.0357302
0.0329333
0.0296591
0.0357728
0.0329552
0.0297002
0.0357915
0.0330356
0.0297009
0.0357549
0.0329856
0.0296241
0.0357483
0.0329179
0.029612
0.035841
0.0328586
0.0295433
0.0356787
0.0328206
0.0296192
0.0356895
0.0327598
0.0295312
0.0356898
0.0328897
0.02969
0.035786
0.0329018
0.0297162
0.0357966
0.0330091
0.0297836
0.035861
0.0330568
0.0297752
0.0358518
0.0331041
0.0298129
0.0359384
0.0330429
0.0297336
0.0359017
0.0331402
0.0299289
0.0360781
0.0331835
0.0298215
0.0359564
0.0331296
0.0298111
0.0359341
0.0330471
0.0297874
0.0357535
0.0328528
0.02961
0.0357259
0.0329056
0.0295408
0.0357104
0.0329376
0.0296842
0.0357861
0.033005
0.0296558
0.0357692
0.0329182
0.0295836
0.0356901
0.0328139
0.0295904
0.0356891
0.0327356
0.029568
0.0356678
0.0328781
0.0295155
0.0356796
0.032897
0.0296366
0.0358063
0.033025
0.0297298
0.0358454
0.033085
0.0298253
0.0358712
0.032975
0.0296558
0.0357106
0.0328988
0.0296103
0.0357245
0.0329364
0.0295814
0.0356677
0.0328698
0.0295929
0.0357581
0.0329702
0.0297209
0.0358057
0.0330476
0.0297934
0.0358612
0.0329805
0.0296792
0.0358224
0.0329845
0.0297478
0.0358571
0.0331412
0.029877
0.0360103
0.033212
0.0300053
0.0361449
0.0331922
0.029822
0.0359949
0.0330957
0.0297924
0.0358103
0.0328595
0.0295625
0.0356691
0.0328374
0.0296215
0.0357162
0.0328995
0.0296485
0.0357414
0.0328581
0.0296545
0.0357432
0.0328755
0.0294978
0.0357256
0.0329889
0.0297101
0.0358191
0.0330047
0.0296894
0.0358101
0.0329585
0.0296417
0.0357448
0.0329214
0.0296122
0.0357534
0.0329226
0.0295842
0.0356886
0.0329142
0.0295751
0.0357284
0.0329056
0.0295909
0.0356837
0.0328921
0.0295626
0.0356701
0.0328712
0.0296602
0.0358471
0.0329895
0.0296456
0.0357659
0.0329272
0.0296772
0.0357581
0.032899
0.0295018
0.0356328
0.0328519
0.0295765
0.0356862
0.0328783
0.0294902
0.0355829
0.0328436
0.0296529
0.0357708
0.0329773
0.0297759
0.0358773
0.03306
0.0298501
0.0359218
0.0332007
0.0299044
0.0359097
0.0330035
0.029712
0.0358775
0.0328572
0.0295783
0.0356838
0.0329291
0.0296404
0.0357883
0.0329862
0.0295735
0.0356857
0.0329132
0.0295895
0.0357172
0.0328779
0.0295919
0.03565
0.0328581
0.0295269
0.0357051
0.0328277
0.0294866
0.0355565
0.0327699
0.0294713
0.0355921
0.0328258
0.0296003
0.0356743
0.0328939
0.0296894
0.0357247
0.0329671
0.0296353
0.0357182
0.0327893
0.0295293
0.0357171
0.0329643
0.0296717
0.0357656
0.0328725
0.0295288
0.0356592
0.0328484
0.0295582
0.0356722
0.0328764
0.0296643
0.0357672
0.0328679
0.029529
0.0356965
0.0328618
0.0296168
0.0358006
0.0329649
0.0296829
0.0357874
0.0329739
0.0297023
0.0358464
0.0330295
0.0297498
0.0358659
0.0330405
0.0297401
0.0358508
0.0330079
0.0297661
0.0358883
0.0330568
0.0297505
0.0357005
0.0328566
0.029597
0.0356939
0.0328803
0.0295571
0.0356859
0.0328949
0.0295984
0.0356264
0.0328957
0.0296643
0.0357334
0.0329518
0.0295961
0.0357302
0.0328709
0.0295921
0.035705
0.0329462
0.0297369
0.0358405
0.0330272
0.0297478
0.0358983
0.0331608
0.0298229
0.0359511
0.0331013
0.0298488
0.0358977
0.0330089
0.0297449
0.0358366
0.0331044
0.029789
0.0357788
0.0329209
0.0296402
0.035768
0.0329178
0.0296132
0.0357901
0.0329564
0.0296717
0.0357601
0.0329784
0.0297124
0.0357891
0.0327611
0.0295624
0.035664
0.0328836
0.0295483
0.035651
0.0328243
0.0294872
0.0355917
0.0327837
0.0294877
0.0356675
0.0329005
0.0296212
0.0357387
0.0328315
0.0295305
0.035667
0.032859
0.029591
0.0357342
0.0328924
0.0296354
0.0357388
0.0329324
0.0296594
0.0357308
0.0328531
0.0295707
0.0356577
0.0328236
0.0294616
0.0355749
0.0326676
0.0293694
0.035541
0.0328686
0.0295019
0.0356987
0.032968
0.0296409
0.0357182
0.0328203
0.0295886
0.0356893
0.0328834
0.0295829
0.035729
0.0329572
0.0296089
0.0356354
0.0327702
0.0295357
0.0356441
0.0328544
0.0295583
0.0357433
0.0329058
0.0295209
0.0356498
0.0328909
0.029671
0.0358345
0.0329357
0.0296682
0.0358165
0.0329521
0.0297364
0.0358559
0.0330293
0.0296401
0.0356677
0.0328151
0.0296015
0.0356465
0.0327953
0.0294638
0.0355043
0.0327512
0.0295321
0.0356996
0.0328821
0.0295898
0.0357425
0.0328825
0.0296117
0.035675
0.032875
0.0295223
0.0357138
0.0329629
0.0296194
0.0357168
0.0329262
0.0295852
0.0356909
0.0328264
0.0296101
0.0356201
0.0328216
0.0295602
0.0356834
0.0329132
0.0296958
0.0358449
0.0330071
0.0296835
0.0357854
0.0330167
0.0297221
0.0358675
0.0330557
0.029723
0.035808
0.0329226
0.0296182
0.0357784
0.0329279
0.0296655
0.035722
0.0329209
0.0296814
0.0357294
0.0329709
0.0296689
0.0358145
0.0330075
0.0297351
0.035797
0.0330708
0.0298413
0.0358684
0.0330924
0.0297572
0.0358815
0.0331213
0.0298504
0.0359007
0.0330894
0.0297773
0.0357675
0.0329368
0.0296235
0.0357597
0.0328533
0.0294982
0.0356099
0.0327386
0.0294727
0.035589
0.0328533
0.0296006
0.0357084
0.0328056
0.0295379
0.0356433
0.0328692
0.0296373
0.0356467
0.0328045
0.0295443
0.0356641
0.0327881
0.0295533
0.035712
0.0328733
0.029612
0.0357847
0.0330381
0.0296978
0.0357992
0.0329267
0.0296327
0.0357709
0.032859
0.0295162
0.035683
0.0329271
0.0296054
0.0356752
0.0328201
0.0295216
0.0356107
0.0327729
0.0294235
0.035586
0.0327102
0.0294896
0.035618
0.0328085
0.029504
0.0356618
0.0328837
0.0296276
0.0357577
0.0329784
0.0297145
0.0357604
0.0328559
0.0294726
0.0355234
0.0326828
0.0294814
0.035562
0.0328421
0.0295369
0.0357117
0.032858
0.0295245
0.0356579
0.032773
0.0295761
0.0357349
0.0328379
0.0296584
0.0357176
0.0329237
0.029675
0.0357454
0.0329113
0.0296355
0.035696
0.0328086
0.0295721
0.03568
0.0328902
0.0295924
0.0357705
0.0329467
0.0296721
0.0357833
0.0328474
0.0295497
0.0356935
0.0328857
0.0296971
0.0358051
0.0329518
0.0296959
0.0358378
0.0330085
0.0297592
0.0358647
0.0329513
0.0296997
0.0357085
0.0329146
0.0295972
0.0356957
0.0327883
0.0294283
0.035567
0.0327581
0.0295391
0.0356946
0.032887
0.0295841
0.0357316
0.032889
0.0295435
0.0355488
0.0327282
0.0295691
0.035696
0.0328112
0.0295548
0.0356267
0.0327844
0.0295967
0.0357265
0.0329733
0.0297883
0.0359243
0.0330492
0.0297881
0.0358366
0.0329875
0.029658
0.0357533
0.0329583
0.0297149
0.0358454
0.032989
0.0296628
0.0358023
0.0329961
0.0296962
0.0358454
0.0330565
0.0297353
0.0358897
0.0331355
0.0298255
0.0359494
0.0331293
0.0298261
0.035881
0.0330385
0.0297209
0.0357791
0.0330376
0.0297608
0.0358664
0.0329942
0.0297254
0.0358743
0.0331269
0.0297877
0.0358878
0.0331066
0.0297643
0.0358561
0.0331132
0.0298655
0.0359257
0.0330424
0.0297481
0.0358692
0.0330646
0.0297155
0.0358608
0.0329683
0.0296654
0.0358286
0.0330056
0.0297924
0.035911
0.0330583
0.0297314
0.035762
0.0328302
0.0295447
0.0355851
0.0328376
0.0295928
0.0357746
0.033049
0.0297118
0.0357612
0.0328947
0.029627
0.0357108
0.0329694
0.0296946
0.0358053
0.0330637
0.0297614
0.035853
0.0330336
0.0297506
0.0357684
0.0329366
0.0297224
0.0358698
0.0331722
0.0297757
0.0359203
0.0330125
0.0297093
0.0357418
0.0329347
0.0297034
0.0358801
0.0330569
0.0297832
0.0358752
0.0330483
0.0297327
0.035865
0.0330617
0.0297229
0.0357833
0.0329716
0.0297006
0.03584
0.0329857
0.0296521
0.0357633
0.0329724
0.0296722
0.035762
0.0329902
0.029696
0.0358151
0.0329912
0.0296494
0.0357868
0.0329972
0.0296446
0.0357433
0.0329415
0.0296012
0.0357022
0.0329272
0.0297154
0.0357998
0.0330195
0.0296384
0.035681
0.0327679
0.0295319
0.0356349
0.0328454
0.0295267
0.035694
0.0328217
0.0294987
0.0356509
0.0328492
0.0296216
0.0357796
0.0330072
0.0297154
0.0358011
0.0329087
0.0296397
0.0357494
0.0330392
0.0297202
0.0356898
0.0328629
0.0296023
0.0356885
0.0329116
0.029603
0.0357626
0.0329195
0.0296524
0.0357744
0.0330105
0.0296904
0.0357848
0.0329582
0.0297037
0.0358615
0.0329336
0.0297575
0.0357754
0.0330045
0.0296733
0.035774
0.0329468
0.0295619
0.0356886
0.0328824
0.02964
0.0356073
0.0328551
0.0295793
0.0357207
0.0330012
0.0296644
0.0357961
0.0329987
0.0296361
0.0356673
0.0328831
0.0295219
0.0356547
0.0327617
0.0294505
0.0355267
0.0327118
0.0294738
0.0355757
0.0327787
0.0294925
0.0355619
0.0327782
0.0295246
0.0356923
0.0328228
0.029537
0.0357161
0.0328291
0.0295349
0.0356829
0.0328563
0.0296883
0.0357605
0.0329734
0.0296203
0.0358262
0.032955
0.0296324
0.0356172
0.0328144
0.0295738
0.0356476
0.0327881
0.0296037
0.0356761
0.032916
0.0295833
0.0357452
0.0329212
0.0296006
0.0356838
0.0330094
0.0297427
0.0358211
0.0329109
0.0296669
0.0356685
0.0328562
0.0295611
0.0357275
0.0329069
0.0295986
0.0357112
0.0328835
0.0296789
0.0358323
0.0329527
0.0296639
0.0357653
0.0329602
0.0296379
0.0357219
0.0329557
0.029732
0.0358753
0.0329869
0.0297631
0.0358287
0.0329693
0.0297126
0.0358611
0.033005
0.0296937
0.0358524
0.0330141
0.0297897
0.0359248
0.0330844
0.0298568
0.0359466
0.033048
0.029719
0.0358921
0.0330586
0.0297675
0.0358898
0.0330467
0.0297871
0.0359544
0.0331106
0.0298049
0.0358996
0.0330609
0.0297073
0.0358101
0.0329482
0.0296154
0.0356815
0.0328823
0.0295562
0.0357171
0.0328727
0.0295885
0.0357316
0.0328887
0.029605
0.0357691
0.0329434
0.0295663
0.0357547
0.0329554
0.029662
0.0358356
0.0330572
0.0297732
0.0358168
0.0329168
0.0296032
0.035698
0.0328309
0.0295049
0.0355835
0.0328034
0.0295456
0.0355958
0.0328321
0.029604
0.0357387
0.0328958
0.029663
0.0358564
0.0328761
0.0296717
0.0357342
0.0328751
0.0296095
0.0356965
0.0328822
0.0296693
0.0358116
0.0329409
0.0295418
0.035612
0.0328284
0.0295789
0.0356204
0.032854
0.0295215
0.0355729
0.0328673
0.029633
0.0357551
0.0329543
0.0297061
0.0358525
0.0330406
0.0297768
0.0359147
0.033004
0.0296649
0.0357097
0.0328165
0.029615
0.0356773
0.032825
0.0295502
0.0356112
0.0327853
0.0295118
0.0356176
0.0327645
0.0294482
0.0355484
0.0326638
0.0293869
0.0355425
0.0327794
0.0294704
0.0356527
0.032783
0.0294348
0.0354923
0.0326779
0.0294555
0.0355897
0.032803
0.0295561
0.0356431
0.0329246
0.0296233
0.0356973
0.0328572
0.029515
0.0356146
0.0327299
0.0294369
0.0355774
0.0327995
0.0295632
0.0356049
0.0328106
0.0295562
0.0357379
0.0328405
0.0294779
0.0355629
0.032769
0.0294507
0.0355766
0.032836
0.0295561
0.0356326
0.0327781
0.0294938
0.0356393
0.032887
0.0295355
0.0356531
0.0328599
0.0295928
0.0357089
0.032889
0.0296798
0.0357581
0.0328546
0.0295556
0.0356927
0.0328393
0.029549
0.0356455
0.0328102
0.0295287
0.0355453
0.0327555
0.0294933
0.0356705
0.032889
0.0296252
0.0357398
0.0328461
0.0295794
0.0356169
0.0328304
0.0295725
0.0357678
0.0328762
0.0295428
0.0356565
0.032861
0.0296238
0.035684
0.0329184
0.0295639
0.0356421
0.0328268
0.0295823
0.0357451
0.0328371
0.0295346
0.0356373
0.0327745
0.0295495
0.0357043
0.0328556
0.0295518
0.0357685
0.0329629
0.0296488
0.0357898
0.0329531
0.0296025
0.0356937
0.032961
0.0295771
0.0357683
0.0328669
0.0295743
0.0356949
0.032904
0.0296013
0.0357108
0.0329132
0.0295875
0.0356762
0.0327968
0.0294046
0.0354323
0.0326543
0.0294236
0.0355524
0.0326813
0.0294039
0.0355143
0.0328266
0.0295368
0.0356966
0.0328909
0.0295742
0.0356984
0.0327959
0.029465
0.0356154
0.0327242
0.029441
0.0355653
0.0328299
0.0295456
0.0356647
0.0329006
0.0295645
0.0356578
0.0327796
0.0294888
0.0356483
0.0328968
0.0296522
0.0358304
0.0329169
0.0296889
0.0358681
0.03308
0.0298875
0.0360351
0.0331531
0.0297964
0.035875
0.0331164
0.0298129
0.0358487
0.0331286
0.0298207
0.0358685
0.0329859
0.0296908
0.0357661
0.0328807
0.0296881
0.0357473
0.0328727
0.0295311
0.0356928
0.0328635
0.0296273
0.0356891
0.0327532
0.0295328
0.0356566
0.0328773
0.029575
0.0357383
0.0329597
0.0296963
0.0358201
0.0330363
0.0297148
0.0358136
0.0329817
0.0296119
0.0357492
0.033
0.0296954
0.0357452
0.0328833
0.0295781
0.0356625
0.0328913
0.0295905
0.0356731
0.0329045
0.0295949
0.0356466
0.0328448
0.0295388
0.035644
0.0328423
0.0295996
0.0357954
0.0329642
0.0297146
0.0358531
0.0330129
0.0297577
0.0358159
0.0329829
0.0298106
0.0359024
0.033046
0.0298084
0.0359008
0.0330328
0.0297061
0.0358341
0.0330753
0.0298087
0.0358744
0.0330008
0.0297434
0.0359141
0.0331032
0.0297987
0.0358158
0.0330082
0.0296481
0.035752
0.032874
0.029561
0.035684
0.0328467
0.0295566
0.0357033
0.032823
0.0295001
0.0356102
0.0328966
0.0296108
0.0357696
0.0329008
0.0296128
0.0356626
0.0328945
0.0295789
0.0356956
0.0329094
0.0296205
0.0358007
0.0329456
0.0296629
0.0356626
0.0328864
0.0295973
0.0357184
0.0329096
0.0296742
0.0357648
0.0330113
0.0296723
0.0358421
0.0330802
0.0297624
0.0359062
0.032949
0.029721
0.0356783
0.0329451
0.029711
0.0358057
0.033004
0.0297229
0.0357796
0.0329642
0.0297701
0.0358031
0.0330156
0.0297726
0.0357897
0.0329154
0.0296438
0.0357574
0.0330168
0.0297406
0.0357582
0.0329559
0.0296731
0.0358095
0.0330017
0.0297766
0.0358016
0.0329312
0.0297335
0.0358463
0.0330715
0.0297536
0.0359135
0.0330228
0.0297074
0.0358194
0.0330003
0.0297825
0.0358581
0.0330061
0.0296492
0.0357878
0.0329942
0.0297175
0.0357278
0.032907
0.0296865
0.0357888
0.0330264
0.0297008
0.0358392
0.0329115
0.029676
0.0357294
0.0329218
0.0295775
0.0356543
0.0329054
0.0296348
0.0357146
0.0329392
0.0297714
0.0358851
0.033
0.0297405
0.0358114
0.0329405
0.0296028
0.0357893
0.0329461
0.0297091
0.0357885
0.0329602
0.0297083
0.0358974
0.0330543
0.0298093
0.0358593
0.0330341
0.0297654
0.0358067
0.0329698
0.0297238
0.0357879
0.0329725
0.0296575
0.035745
0.0329347
0.0296558
0.0357586
0.0329389
0.0296495
0.0356161
0.0328415
0.0295869
0.0357395
0.0328955
0.0296848
0.0357136
0.0329863
0.0297427
0.0358164
0.0329845
0.0296607
0.0357897
0.0328959
0.0296251
0.0357712
0.0329066
0.0295845
0.0356499
0.0328113
0.0295462
0.0356516
0.0328499
0.0296734
0.0357213
0.0329457
0.0296737
0.0357993
0.0329192
0.0295942
0.0356607
0.032804
0.0295088
0.0356592
0.0328306
0.0295444
0.0356754
0.0328406
0.0295493
0.0356987
0.0328025
0.0295471
0.0356736
0.0328099
0.0295401
0.0356884
0.0328478
0.0295875
0.0357085
0.0329018
0.0296425
0.0357297
0.0329183
0.0296849
0.0358094
0.0330289
0.0297419
0.0358526
0.0329137
0.0296696
0.0357737
0.0329657
0.0295939
0.0357295
0.0328633
0.0295326
0.0357262
0.0329207
0.0295683
0.035697
0.0329133
0.0296116
0.0357267
0.0329172
0.0296842
0.035806
0.0329883
0.0297324
0.0358608
0.0329574
0.0296521
0.0357408
0.032968
0.0296838
0.0358596
0.0330941
0.0298359
0.0359412
0.0329754
0.0297597
0.0358877
0.0330364
0.0297135
0.0358836
0.0330184
0.0297579
0.0358869
0.0330859
0.0297648
0.0359141
0.0329737
0.029711
0.035741
0.0329177
0.0296092
0.0357612
0.0329302
0.029629
0.0357286
0.0328662
0.0296592
0.0358059
0.0328872
0.0296581
0.0357628
0.0329751
0.0297213
0.0358505
0.0329905
0.0297149
0.0358048
0.0329226
0.0296993
0.035823
0.0329552
0.0296197
0.0357444
0.0328879
0.0295886
0.0356824
0.0329811
0.0296786
0.0357912
0.0329065
0.0295783
0.0357228
0.032889
0.0295387
0.0355703
0.0327709
0.0295053
0.0356663
0.0327938
0.0295295
0.035678
0.0327785
0.0294589
0.0355488
0.032772
0.0294026
0.0355745
0.0328839
0.0296149
0.0357775
0.0329465
0.0296101
0.0357891
0.0329464
0.0296906
0.0357484
0.0329267
0.0296793
0.0358299
0.033
0.029731
0.0359327
0.0331903
0.0298389
0.0359573
0.0330459
0.0297541
0.0358948
0.0331354
0.0298033
0.0358365
0.0330312
0.0296731
0.0356857
0.0328557
0.0295643
0.035739
0.0328005
0.0294931
0.0356015
0.0328084
0.029496
0.0355883
0.032731
0.0294968
0.0356338
0.0327732
0.0295328
0.0355952
0.0327862
0.0294305
0.0355253
0.0327405
0.0294859
0.0355354
0.0327488
0.0294833
0.0355846
0.0327473
0.0294718
0.0355509
0.0327167
0.0295043
0.0356573
0.0328874
0.0295869
0.0356884
0.0328769
0.0295713
0.0357313
0.0329008
0.0296251
0.0357937
0.0329455
0.0297038
0.0358451
0.0329048
0.0296079
0.0357108
0.0328495
0.029586
0.0357673
0.0329886
0.0296485
0.0357394
0.0328017
0.0294504
0.0355728
0.0328047
0.0294938
0.0355399
0.0327458
0.0294308
0.0356235
0.0327765
0.029547
0.0355935
0.0326857
0.0294173
0.0355355
0.0327418
0.0294021
0.0355652
0.0326812
0.0294311
0.0356329
0.0328222
0.0295902
0.0356368
0.0328475
0.0295499
0.0357017
0.0328835
0.0295585
0.0357109
0.0328978
0.0296683
0.0358547
0.0328913
0.0296566
0.0357624
0.0329277
0.0296151
0.0357946
0.0328648
0.0295404
0.0356302
0.0327958
0.0296214
0.0357112
0.032953
0.0296152
0.0357139
0.0329632
0.029728
0.0357678
0.0328849
0.0295911
0.0356772
0.0328852
0.029617
0.0357685
0.0329883
0.0296345
0.0357523
0.0329515
0.029667
0.0357632
0.0329648
0.0297406
0.035855
0.0330183
0.029678
0.0357805
0.0329147
0.0297148
0.0357646
0.0328126
0.0295323
0.0356157
0.032867
0.029601
0.0357672
0.0329101
0.0296375
0.0357351
0.0328821
0.0296719
0.0357948
0.032933
0.0296955
0.0357247
0.0329012
0.0295899
0.0357469
0.0328536
0.0294821
0.0356069
0.0328707
0.029594
0.03568
0.0328259
0.0295021
0.0355927
0.0326909
0.0294041
0.0354722
0.0326001
0.0294513
0.035569
0.0327025
0.0293649
0.0354829
0.0326578
0.02941
0.035584
0.0328736
0.0296072
0.0357824
0.0330476
0.029747
0.0358206
0.0330498
0.0298361
0.0358878
0.0329949
0.0297073
0.0357647
0.0329514
0.0296922
0.0358471
0.0329877
0.0297934
0.0358852
0.0330383
0.0297038
0.0358
0.0329368
0.0295853
0.0356363
0.0327629
0.0295491
0.0356718
0.0328145
0.0295137
0.0356904
0.0328387
0.0295655
0.0356102
0.0328799
0.0295959
0.035705
0.0328797
0.0295785
0.0356944
0.0329103
0.0296464
0.035769
0.0330589
0.0296673
0.0357458
0.0329651
0.0297328
0.035882
0.0331157
0.0297586
0.035909
0.0330405
0.0296588
0.0358161
0.0330038
0.0297206
0.0358267
0.0330157
0.0296726
0.0357721
0.0330131
0.029771
0.035852
0.03303
0.0297196
0.0357708
0.0328941
0.0296881
0.035852
0.0330144
0.0296191
0.0357036
0.0328857
0.029563
0.0357351
0.0328663
0.0295909
0.0357547
0.0329361
0.0296374
0.0356966
0.0328292
0.0295161
0.0356377
0.0328112
0.029522
0.035626
0.0327639
0.0294847
0.035471
0.0327244
0.0294887
0.0355772
0.0327741
0.0295478
0.0356628
0.0328638
0.0295473
0.0356477
0.0327177
0.0295866
0.0356403
0.0328961
0.0295981
0.0356271
0.032819
0.0294869
0.0355531
0.0327447
0.0295386
0.0356278
0.0327728
0.0294426
0.0356763
0.0328204
0.0295762
0.0356948
0.0327906
0.0294495
0.0355833
0.0327631
0.0294897
0.0355874
0.0328011
0.0295566
0.0357149
0.0328017
0.0295591
0.0355726
0.0328907
0.0295614
0.0356349
0.0328566
0.0295842
0.0356498
0.0328226
0.0295861
0.0357544
0.0329044
0.0295905
0.0357583
0.0329101
0.0296322
0.0357376
0.0328792
0.029449
0.0355736
0.0327872
0.0294246
0.0356052
0.0328044
0.0295315
0.0356974
0.0328634
0.0295802
0.0357031
0.0329583
0.0297348
0.0358528
0.0329672
0.0296521
0.0357565
0.0329955
0.0296633
0.0358034
0.0329233
0.0296467
0.0357159
0.0329473
0.0296399
0.0357757
0.0329392
0.0296053
0.0356763
0.0328463
0.0296191
0.0357625
0.032884
0.0296042
0.0357021
0.0329022
0.0296742
0.0358278
0.0330159
0.0297525
0.0358678
0.033046
0.0296594
0.0357527
0.0329161
0.0296304
0.0357621
0.0329237
0.0296754
0.0357275
0.0328852
0.0295886
0.0357619
0.032974
0.0296508
0.0357899
0.0329722
0.0296748
0.0357932
0.0328969
0.0295369
0.035668
0.032815
0.0295113
0.0355873
0.0327649
0.0295064
0.0356399
0.0327938
0.0294791
0.0356508
0.0328176
0.0295531
0.0357
0.0329044
0.0295247
0.0355934
0.0327911
0.0294927
0.0356103
0.0328548
0.0295466
0.0357168
0.0328161
0.0295726
0.0356221
0.032851
0.0295839
0.0356826
0.032826
0.0295902
0.0356805
0.0327758
0.0295234
0.0356839
0.0329523
0.0297069
0.0358473
0.032983
0.0297603
0.0358563
0.0330218
0.02968
0.0357556
0.032965
0.0296931
0.0358359
0.0330759
0.0298804
0.0359289
0.0330737
0.0298023
0.0359483
0.0331433
0.0298603
0.0360069
0.0331359
0.0298344
0.0358835
0.033058
0.029806
0.0357902
0.0329092
0.0297271
0.0358575
0.0331057
0.0297636
0.035816
0.0329922
0.0296918
0.0357523
0.0330283
0.0297305
0.0358198
0.0330194
0.0297183
0.0358113
0.0329986
0.0297335
0.0358439
0.0330093
0.0296273
0.0357357
0.0329393
0.0296707
0.0357937
0.0329821
0.0296384
0.0356737
0.0328541
0.0296445
0.0357429
0.0329672
0.0296521
0.0357335
0.0328993
0.0296492
0.0358148
0.0330443
0.0298082
0.0358718
0.033034
0.0297668
0.035861
0.0330572
0.0296988
0.0358859
0.0330995
0.0298662
0.035862
0.0330266
0.0296879
0.0358559
0.0329941
0.0296781
0.03578
0.0329411
0.0296411
0.0358493
0.03302
0.0297337
0.0358345
0.0330311
0.0297462
0.0357799
0.0328796
0.0295283
0.0356648
0.0327535
0.0295148
0.0356839
0.0328264
0.0294898
0.0356257
0.0328612
0.0294779
0.0355805
0.0328594
0.0295753
0.0356752
0.0329617
0.0296058
0.0357003
0.0329403
0.0296786
0.035723
0.032882
0.0296294
0.0357386
0.0329181
0.0296751
0.0358589
0.033045
0.029714
0.0357628
0.032986
0.0296968
0.0357812
0.0329541
0.0296074
0.0357254
0.0328771
0.0295195
0.0357077
0.032847
0.0296283
0.0357448
0.03288
0.0295303
0.0356101
0.0328029
0.0294812
0.0355955
0.0328112
0.0295671
0.0356388
0.0329132
0.0296057
0.0356656
0.0328016
0.0295562
0.0355833
0.0327309
0.0294723
0.0355756
0.0328176
0.0294484
0.0355398
0.0326321
0.029382
0.0355616
0.032798
0.029569
0.035667
0.0328545
0.029527
0.0356615
0.0329021
0.0295362
0.0357024
0.0328199
0.0294774
0.035581
0.0328108
0.0295678
0.0357564
0.0328889
0.0295623
0.0357464
0.032907
0.029696
0.0358163
0.03296
0.0297111
0.0357132
0.0328985
0.0296765
0.0358365
0.0329991
0.0297134
0.035842
0.032901
0.0294726
0.0356091
0.0328275
0.029436
0.0356361
0.0328396
0.0295976
0.0356524
0.0328483
0.0296153
0.0356926
0.0328603
0.0295241
0.0356374
0.0328212
0.0295851
0.0357378
0.0329121
0.0296128
0.03566
0.0329637
0.0296723
0.0357487
0.0329555
0.0295539
0.0355764
0.0326743
0.0293858
0.0354813
0.0326729
0.0293739
0.035486
0.0326783
0.029393
0.0355394
0.032704
0.0293964
0.0355562
0.0327633
0.0295028
0.0356593
0.0329809
0.0297391
0.0358561
0.0330377
0.0297373
0.0358083
0.0330378
0.0297441
0.0358091
0.0329427
0.0295691
0.0357132
0.0328374
0.0294953
0.0355833
0.0328118
0.0294545
0.0355854
0.0327351
0.0294078
0.0355717
0.0327103
0.0294803
0.0355913
0.0327043
0.0294903
0.0356331
0.0327621
0.029582
0.0356489
0.0327847
0.02947
0.0354835
0.0327007
0.0295139
0.0356573
0.0328495
0.0296431
0.0357607
0.0329403
0.0297664
0.0358062
0.0329357
0.029649
0.0357719
0.032978
0.0297291
0.0358355
0.0329985
0.0297012
0.0357747
0.0330234
0.029706
0.035794
0.0330143
0.0296979
0.0358153
0.0329163
0.0297015
0.0358763
0.0329584
0.0297333
0.0358604
0.0329714
0.0297419
0.0357925
0.0329783
0.0296877
0.0358482
0.0329615
0.0296078
0.035735
0.0329038
0.0295841
0.035676
0.0328658
0.0294803
0.0355636
0.0326841
0.0294246
0.0355243
0.0327107
0.0295048
0.0355993
0.0327445
0.0294965
0.0356092
0.0328259
0.0296054
0.0356686
0.0329288
0.0296142
0.0357323
0.0329545
0.0296309
0.0356995
0.032997
0.0297412
0.0357176
0.0329305
0.0296681
0.035717
0.0328674
0.029654
0.0356712
0.0328816
0.0296036
0.035757
0.0329092
0.0296929
0.0358453
0.0330369
0.0297382
0.0358649
0.0330888
0.0298592
0.0358583
0.0330428
0.029694
0.0357895
0.0330126
0.029711
0.0357926
0.0330408
0.0297787
0.0359223
0.033058
0.0297786
0.0358628
0.0330406
0.0297699
0.0358772
0.032997
0.0296293
0.03568
0.0328465
0.0295405
0.0356503
0.0327746
0.0295024
0.0356038
0.0327697
0.0294782
0.035629
0.0328857
