0
0.000499945
0.00188023
0.00411061
0.00763601
0.00603441
0.00405144
0.0165787
0.0157236
0.0129394
0.0197654
0.0199803
0.0211355
0.0222992
0.02036
0.0245218
0.0282515
0.0255846
0.0256939
0.0311735
0.0291867
0.0258946
0.0458518
0.0210252
0.0381573
0.0469203
0.0411019
0.0305813
0.0340299
0.0456986
0.0492869
0.0488629
0.0585336
0.0529787
0.0480594
0.0370519
0.0412763
0.0374514
0.0424417
0.0534161
0.0520567
0.0602508
0.0392223
0.0500794
0.0723249
0.0619695
0.0745891
0.0572252
0.0583348
0.0676432
0.0817975
0.059127
0.0652741
0.0470582
0.0712698
0.0744642
0.073764
0.0482476
0.0883093
0.0694867
0.061946
0.075859
0.0728147
0.042158
0.0512612
0.0694567
0.0683182
0.0870645
0.0877035
0.0739397
0.0516929
0.101583
0.0831025
0.0825001
0.128601
0.0598827
0.0918654
0.113903
0.0644051
0.065633
0.114101
0.0738826
0.0511268
0.122843
0.117405
0.0667037
0.0826296
0.125532
0.118294
0.076209
0.0948284
0.0704848
0.0881533
0.0823321
0.102832
0.111775
0.10964
0.0884851
0.0996866
0.0732872
0.0755298
0.0917932
0.0696944
0.0789568
0.132254
0.119745
0.112308
0.126384
0.103457
0.102847
0.141235
0.101305
0.110386
0.141739
0.1177
0.131467
0.179785
0.149812
0.105273
0.121842
0.101074
0.104861
0.164675
0.106553
0.122871
0.111627
0.131472
0.100532
0.0896188
0.128112
0.160976
0.217577
0.068262
0.113619
0.125918
0.103834
0.138954
0.152705
0.111421
0.165857
0.0768068
0.107036
0.138887
0.115414
0.111332
0.156926
0.156364
0.114115
0.143549
0.152296
0.137157
0.14274
0.153871
0.132334
0.0860272
0.131799
0.11939
0.157107
0.140641
0.127458
0.262193
0.171683
0.128446
0.150467
0.154461
0.136386
0.181486
0.180107
0.131434
0.184486
0.128177
0.126269
0.142464
0.144407
0.136909
0.18244
0.166894
0.123144
0.135413
0.139392
0.0863434
0.0840408
0.171865
0.147515
0.196243
0.204672
0.124571
0.148973
0.151933
0.122817
0.193029
0.14476
0.158344
0.158362
0.147893
0.18995
0.150392
0.141143
0.226624
0.141308
0.16418
0.166213
0.153759
0.194648
0.0935785
0.119017
0.119486
0.166959
0.212635
0.196034
0.185177
0.183441
0.162694
0.197031
0.181655
0.156377
0.133771
0.174555
0.119429
0.166988
0.235489
0.193083
0.218895
0.178191
0.257082
0.136885
0.144529
0.196911
0.17223
0.236163
0.204112
0.160604
0.135933
0.162824
0.153216
0.165552
0.1568
0.181174
0.133651
0.224353
0.213875
0.239145
0.152954
0.210086
0.13591
0.208795
0.1717
0.225946
0.162817
0.139401
0.209297
0.173368
0.166
0.190056
0.320847
0.197699
0.223145
0.148537
0.201069
0.204092
0.249441
0.104512
0.18591
0.233606
0.172118
0.17467
0.280564
0.184562
0.0913847
0.185471
0.171058
0.188326
0.170387
0.18537
0.196916
0.293022
0.272388
0.207546
0.185993
0.138618
0.189963
0.185282
0.272123
0.261355
0.252582
0.30118
0.148415
0.268188
0.0898683
0.139532
0.168724
0.132331
0.254138
0.256515
0.250575
0.195854
0.159274
0.254773
0.226164
0.211427
0.229216
0.210826
0.210955
0.191293
0.18819
0.154611
0.216285
0.260359
0.300179
0.1362
0.237717
0.264972
0.158202
0.206611
0.150767
0.131271
0.197099
0.288121
0.259815
0.181014
0.239829
0.21976
0.217385
0.251153
0.304259
0.227293
0.280544
0.163017
0.286449
0.306764
0.247285
0.284608
0.222184
0.137248
0.215569
0.183159
0.269198
0.200306
0.202628
0.18347
0.193581
0.186062
0.184339
0.247722
0.199129
0.212718
0.225062
0.251058
0.190722
0.165442
0.147981
0.237447
0.283935
0.202395
0.201412
0.224523
0.172789
0.113063
0.171452
0.239083
0.218529
0.173
0.243187
0.294157
0.182989
0.200505
0.233736
0.19066
0.22102
0.195891
0.240936
0.227118
0.225207
0.204459
0.220202
0.202086
0.247756
0.208495
0.222928
0.188502
0.175295
0.208441
0.245703
0.29217
0.172682
0.19917
0.281212
0.180707
0.265318
0.129153
0.169983
0.189079
0.258777
0.242703
0.181977
0.379967
0.19902
0.242531
0.276103
0.161731
0.2422
0.231696
0.19306
0.274886
0.329243
0.206763
0.253885
0.169688
0.324617
0.22333
0.302896
0.153904
0.266528
0.264212
0.258244
0.31245
0.268666
0.179203
0.247356
0.212354
0.242339
0.255781
0.254991
0.302296
0.173786
0.350999
0.284443
0.317192
0.254059
0.265738
0.23584
0.245145
0.275728
0.242996
0.189822
0.123874
0.139885
0.190494
0.204063
0.279992
0.39977
0.291688
0.148623
0.256982
0.262705
0.27074
0.205882
0.155921
0.200755
0.252105
0.245614
0.256856
0.219723
0.245896
0.338932
0.212059
0.31865
0.216028
0.290986
0.175932
0.249578
0.266918
0.264472
0.227432
0.281885
0.120195
0.224878
0.25608
0.197621
0.258554
0.261204
0.235605
0.256377
0.207923
0.163032
0.244239
0.310032
0.300362
0.334155
0.265691
0.316782
0.365554
0.258899
0.227813
0.278057
0.260403
0.224184
0.188665
0.234656
0.215799
0.137463
0.215453
0.208913
0.19027
0.262052
0.197402
0.237914
0.272858
0.276118
0.249384
0.268615
0.149862
0.265523
0.181308
0.195706
0.257238
0.233292
0.234734
0.241969
0.213352
0.157769
0.315328
0.261585
0.205599
0.220433
0.209304
0.14673
0.214042
0.288628
0.19417
0.286322
0.318984
0.227341
0.279842
0.298566
0.168625
0.237448
0.197284
0.242916
0.223424
0.325192
0.177502
0.293517
0.271321
0.223426
0.286814
0.304046
0.213006
0.339038
0.257173
0.226439
0.166549
0.243036
0.313724
0.255623
0.308632
0.236623
0.298374
0.344908
0.157758
0.271694
0.253172
0.219345
0.27482
0.231016
0.254866
0.243827
0.245613
0.232238
0.287221
0.233924
0.256243
0.327012
0.24293
0.225204
0.293896
0.269458
0.2577
0.210949
0.204059
0.205792
0.327748
0.29554
0.203146
0.167271
0.256566
0.264594
0.230142
0.222031
0.232383
0.222034
0.280493
0.269754
0.243419
0.212261
0.112118
0.374726
0.227495
0.250025
0.252247
0.314298
0.147122
0.27115
0.290739
0.29498
0.354918
0.208792
0.292247
0.246793
0.292834
0.187138
0.214521
0.212968
0.247994
0.343901
0.227047
0.249026
0.33416
0.191314
0.146628
0.221055
0.233418
0.242004
0.276093
0.211684
0.205456
0.26889
0.240952
0.277578
0.232885
0.215766
0.162376
0.26121
0.311846
0.210851
0.332784
0.204343
0.256335
0.212449
0.306618
0.204409
0.181088
0.233031
0.256324
0.266118
0.182662
0.174737
0.222786
0.224895
0.213187
0.276282
0.224183
0.283294
0.22264
0.262604
0.25761
0.222689
0.326191
0.208106
0.267313
0.209396
0.184738
0.239756
0.194752
0.106803
0.15938
0.225426
0.189668
0.204894
0.370299
0.215669
0.290175
0.263734
0.319625
0.257913
0.293366
0.172263
0.28336
0.316937
0.317671
0.262437
0.298185
0.217812
0.23235
0.386519
0.262905
0.27641
0.283513
0.165668
0.212831
0.315623
0.228762
0.316548
0.394442
0.260607
0.345107
0.250261
0.266876
0.231435
0.19787
0.285927
0.210685
0.306341
0.302276
0.236935
0.261079
0.250603
0.342593
0.218994
0.209626
0.374982
0.252219
0.371496
0.297855
0.248309
0.274182
0.278859
0.28714
0.326441
0.336726
0.357574
0.283698
0.148497
0.312442
0.276145
0.326201
0.316026
0.283725
0.346652
0.319378
0.235518
0.288089
0.25566
0.210785
0.325076
0.307156
0.246323
0.25683
0.217528
0.316427
0.304633
0.294259
0.214674
0.288781
0.29272
0.206389
0.245925
0.263943
0.178925
0.307298
0.337588
0.26855
0.229425
0.229367
0.207157
0.220952
0.257631
0.197173
0.284615
0.236652
0.281463
0.336031
0.313453
0.147482
0.336405
0.287362
0.28887
0.277299
0.212625
0.227547
0.359061
0.267061
0.225863
0.297995
0.301921
0.172029
0.172272
0.127942
0.306614
0.301225
0.28997
0.213476
0.307623
0.280496
0.221094
0.276768
0.301884
0.244799
0.183334
0.204622
0.291142
0.479359
0.192489
0.272814
0.253795
0.230671
0.302554
0.250625
0.311977
0.282742
0.250901
0.326882
0.195127
0.270929
0.280358
0.248113
0.206833
0.268024
0.24254
0.395427
0.346159
0.294462
0.179604
0.353518
0.341102
0.249965
0.310717
0.332572
0.334268
0.237703
0.188519
0.287736
0.341681
0.351934
0.416872
0.316793
0.194573
0.270325
0.236445
0.330428
0.268748
0.284604
0.245309
0.243848
0.273119
0.357968
0.284081
0.150541
0.119971
0.23377
0.241018
0.351777
0.262883
0.350106
0.220577
0.302835
0.314973
0.199678
0.259229
0.284142
0.247605
0.321422
0.357625
0.335661
0.287588
0.224717
0.321044
0.202552
0.276973
0.19559
0.385
0.327957
0.186639
0.269038
0.378775
0.182854
0.178529
0.259524
0.318079
0.25245
0.260469
0.243068
0.30383
0.243442
0.203873
0.354147
0.30287
0.17476
0.253435
0.265172
0.414193
0.367439
0.212308
0.202524
0.297491
0.290214
0.327215
0.247636
0.213044
0.251774
0.287017
0.293547
0.263209
0.291684
0.25908
0.344521
0.346625
0.307218
0.238094
0.230629
0.277109
0.186927
0.239288
0.258669
0.116608
0.316238
0.419942
0.283946
0.320651
0.278364
0.300037
0.308835
0.297162
0.270358
0.227104
0.282681
0.263834
0.315627
0.310217
0.14926
0.216985
0.25192
0.273367
0.315266
0.266728
0.277995
0.284521
0.297793
0.220884
0.240733
0.345923
0.314489
0.301871
0.362461
0.157812
0.205681
0.303656
0.185869
0.238845
0.275747
0.353352
0.282221
0.326038
0.230419
0.271407
0.351409
0.251259
0.270087
0.309178
0.295572
0.267881
0.213007
0.221414
0.292411
0.329618
0.195412
0.235909
0.244142
0.190046
0.254232
0.276469
0.204089
0.24471
0.248792
0.356337
0.252788
0.223384
0.242947
0.261466
0.293277
0.18421
0.187914
0.258446
0.229312
0.176721
0.35259
0.17727
0.382692
0.239394
0.159334
0.270023
0.224702
0.243854
0.24317
0.382084
0.176398
0.249898
0.249039
0.242455
0.195547
0.246083
0.248322
0.362416
0.287482
0.206445
0.208921
0.336442
0.157559
0.409366
0.367247
0.296702
0.236685
0.228287
0.183581
0.302468
0.371244
0.194573
0.395064
0.285331
0.211411
0.242513
0.281986
0.260941
0.197701
0.2567
0.270074
0.174153
0.286085
0.296012
0.242929
0.295224
0.17655
0.24721
0.224125
0.233512
0.255273
0.222522
0.237652
0.274309
0.375379
0.265756
0.264548
0.30857
0.285294
0.243789
0.310387
0.332152
0.28394
0.420181
0.411343
0.25417
0.322206
0.261967
0.379618
0.265843
0.268699
0.317119
0.32549
0.294601
0.257692
0.413092
0.210234
0.364527
0.41619
0.236057
0.189401
0.302841
0.192907
0.237177
0.306182
0.232154
0.255759
0.377774
0.266391
0.209626
0.210223
0.307696
0.368025
0.257797
0.268101
0.248959
0.17255
0.331084
0.424125
0.374576
0.226473
0.251592
0.248736
0.170711
0.269774
0.338187
0.200076
0.279113
0.354635
0.248196
0.244459
0.281367
0.376502
0.377465
0.18083
0.239133
0.216421
0.232362
0.198471
0.259699
0.366152
0.246954
0.243639
0.245157
0.259839
0.290465
0.322212
0.261445
0.243617
0.34445
0.269345
0.238576
0.237683
0.279463
0.302282
0.266229
0.229279
0.295049
0.190774
0.328777
0.238727
0.241391
0.237685
0.25775
0.228656
0.224838
0.229355
0.212897
0.239618
0.433295
0.249633
0.167633
0.274684
0.228833
0.263835
0.292937
0.268623
0.262472
0.184666
0.401065
0.183949
0.250804
0.249329
0.255829
0.316367
0.286497
0.233063
0.254605
0.345741
0.22915
0.291256
0.268528
0.297348
0.245765
0.311642
0.296698
0.318962
0.352411
0.232618
0.419094
0.351769
0.194992
0.272259
0.178899
0.178036
0.320851
0.170001
0.176705
0.246034
0.376886
0.216958
0.188924
0.218893
0.191953
0.254408
0.308096
0.317078
0.309346
0.248276
0.224939
0.281232
0.197879
0.208143
0.347716
0.279667
0.210665
0.348288
0.303471
0.233512
0.244961
0.315568
0.327745
0.195081
0.202158
0.244558
0.380608
0.224874
0.226042
0.290925
0.246871
0.245722
0.274815
0.239588
0.21637
0.257557
0.273774
0.216859
0.348844
0.258966
0.210035
0.267285
0.242608
0.210562
0.254976
0.216977
0.196891
0.288913
0.352113
0.173979
0.291882
0.411742
0.218998
0.3275
0.297638
0.249319
0.40936
0.25842
0.23566
0.255711
0.191928
0.242588
0.214336
0.327587
0.256249
0.227031
0.220751
0.272265
0.350179
0.323451
0.246157
0.323567
0.262046
0.212759
0.16296
0.261532
0.27263
0.262207
0.211744
0.190905
0.319628
0.254991
0.22236
0.342647
0.316217
0.214169
0.289654
0.342095
0.395233
0.456224
0.241169
0.225692
0.269661
0.258197
0.188466
0.199945
0.247047
0.286231
0.41938
0.338434
0.312341
0.254133
0.278889
0.169399
0.369865
0.362647
0.251475
0.357516
0.306269
0.261149
0.26962
0.419801
0.274572
0.326104
0.41951
0.232503
0.304345
0.230663
0.240168
0.233186
0.255589
0.332508
0.370903
0.362436
0.215594
0.291217
0.291653
0.430089
0.304125
0.326314
0.324357
0.302507
0.200667
0.325339
0.282427
0.278074
0.38647
0.187962
0.276217
0.348104
0.24565
0.284982
0.385554
0.186548
0.226669
0.413358
0.213606
0.316632
0.215096
0.314603
0.333226
0.357502
0.367861
0.159252
0.208448
0.223329
0.336791
0.138794
0.220013
0.119461
0.256128
0.248134
0.221383
0.356291
0.264069
0.322018
0.374599
0.339171
0.210538
0.252565
0.317662
0.288944
0.171222
0.263901
0.27054
0.337803
0.243631
0.222227
0.207685
0.245845
0.492377
0.279288
0.177074
0.223351
0.256397
0.184113
0.245359
0.273999
0.216507
0.258426
0.262279
0.34418
0.334832
0.210698
0.263209
0.181995
0.205887
0.190662
0.318597
0.310683
0.189831
0.169439
0.306618
0.249193
0.270949
0.230908
0.207045
0.182356
0.242012
0.379021
0.251593
0.178544
0.285334
0.154245
0.278799
0.227057
0.22964
0.264106
0.372097
0.277707
0.192897
0.301142
0.27561
0.200346
0.363051
0.399062
0.17658
0.263315
0.330223
0.186567
0.385101
0.29572
0.22319
0.209683
0.351122
0.249163
0.318958
0.342042
0.164281
0.261429
0.293342
0.232866
0.262755
0.269642
0.242667
0.230516
0.243777
0.221307
0.315063
0.164021
0.18475
0.24984
0.248278
0.176173
0.297001
0.30074
0.307064
0.252816
0.204129
0.144324
0.252288
0.231335
0.261926
0.264061
0.2657
0.267565
0.258137
0.221365
0.272037
0.214261
0.239338
0.207673
0.236654
0.298976
0.338764
0.396522
0.307047
0.231967
0.245135
0.18163
0.264371
0.221059
0.255362
0.28723
0.298593
0.29822
0.205533
0.26766
0.184282
0.182925
0.229174
0.229741
0.154521
0.371304
0.29428
0.349097
0.350351
0.428145
0.191025
0.20823
0.302712
0.308067
0.278674
0.166824
0.311734
0.273981
0.306178
0.33919
0.224598
0.177421
0.124824
0.276696
0.400591
0.302462
0.291097
0.323218
0.270564
0.345603
0.231877
0.180798
0.25847
0.28469
0.342509
0.304871
0.231203
0.212729
0.314689
0.282662
0.335
0.137648
0.349566
0.238473
0.195936
0.322804
0.276944
0.306326
0.384771
0.317902
0.242735
0.239931
0.338493
0.273746
0.292682
0.202261
0.17549
0.264117
0.316155
0.308549
0.327031
0.188957
0.291492
0.211448
0.265335
0.317348
0.297564
0.320291
0.290279
0.235984
0.225129
0.2823
0.273673
0.222774
0.221018
0.199728
0.124777
0.275236
0.250992
0.240363
0.338287
0.264277
0.246669
0.293117
0.300004
0.312018
0.359341
0.162998
0.215989
0.212072
0.295736
0.307249
0.206151
0.306866
0.16119
0.26389
0.27
0.249328
0.243054
0.256123
0.216594
0.139004
0.37901
0.246613
0.329515
0.345434
0.300941
0.192412
0.194024
0.238386
0.257578
0.251384
0.23667
0.22535
0.23794
0.284954
0.292567
0.202346
0.180038
0.216416
0.271614
0.229345
0.293814
0.262338
0.187214
0.275739
0.20218
0.166222
0.391277
0.392255
0.342655
0.271938
0.316538
0.176458
0.276197
0.210715
0.213121
0.231752
0.324384
0.300277
0.29544
0.169978
0.281951
0.24234
0.18666
0.268933
0.228467
0.196277
0.278996
0.220402
0.249433
0.169446
0.264227
0.291484
0.226133
0.269288
0.348674
0.262124
0.232164
0.308436
0.219967
0.288329
0.308331
0.306539
0.271592
0.2304
0.357996
0.232524
0.189052
0.216007
0.261491
0.253144
0.232105
0.278252
0.264333
0.318946
0.232161
0.339351
0.337405
0.172997
0.235443
0.343965
0.270687
0.255378
0.350476
0.205644
0.299352
0.284499
0.199568
0.285242
0.238479
0.268938
0.34139
0.171099
0.383544
0.285842
0.317496
0.213724
0.287308
0.299712
0.262753
0.384661
0.272302
0.265298
0.273781
0.22835
0.206712
0.285346
0.222983
0.326731
0.22561
0.253836
0.286633
0.264099
0.190271
0.294834
0.383706
0.27199
0.229096
0.368862
0.21763
0.317934
0.221459
0.256893
0.224047
0.237008
0.24614
0.216937
0.318536
0.300543
0.26793
0.408911
0.264402
0.205777
0.348519
0.259645
0.30719
0.196913
0.293399
0.232393
0.357041
0.215991
0.415174
0.296728
0.28548
0.256003
0.172858
0.208408
0.248874
0.210276
0.210446
0.240033
0.197126
0.247404
0.170183
0.254417
0.242521
0.180833
0.204582
0.242532
0.320385
0.314523
0.216699
0.330813
0.314941
0.134059
0.263748
0.231598
0.360902
0.2694
0.299478
0.285138
0.343417
0.348515
0.303103
0.245331
0.263285
0.314039
0.256527
0.243621
0.355445
0.333214
0.331751
0.28589
0.372606
0.244628
0.280139
0.269872
0.188097
0.277017
0.255982
0.304697
0.263357
0.242154
0.337341
0.284123
0.364156
0.261916
0.238233
0.26237
0.294943
0.267309
0.366565
0.23506
0.226899
0.21231
0.296041
0.237096
0.298668
0.331009
0.239995
0.308325
0.369431
0.340887
0.414949
0.291933
0.153115
0.335018
0.272219
0.255295
0.2468
0.285095
0.201871
0.33955
0.375238
0.308612
0.231242
0.289922
0.293841
0.195182
0.284725
0.386469
0.281652
0.179675
0.309568
0.232294
0.246746
0.228954
0.314109
0.163464
0.365769
0.251009
0.342326
0.336414
0.385683
0.30452
0.187724
0.397297
0.201318
0.227567
0.418767
0.256911
0.288952
0.281224
0.247481
0.227272
0.151488
0.213065
0.172661
0.271224
0.249376
0.25082
0.185886
0.350605
0.236868
0.204356
0.223788
0.171397
0.357063
0.241558
0.171974
0.22125
0.23679
0.297548
0.231209
0.26615
0.284341
0.310953
0.21453
0.187215
0.280016
0.299141
0.267386
0.242191
0.300519
0.267021
0.278908
0.337949
0.210148
0.231006
0.286583
0.322196
0.291994
0.141963
0.26684
0.414939
0.325151
0.28557
0.295914
0.185176
0.263317
0.339497
0.284767
0.194321
0.298969
0.200711
0.201882
0.282672
0.30123
0.259766
0.375079
0.212887
0.191073
0.264961
0.366079
0.172196
0.310882
0.306184
0.202815
0.30417
0.293676
0.410875
0.261944
0.342128
0.208253
0.265209
0.227982
0.163359
0.369889
0.241219
0.371204
0.258828
0.350167
0.156142
0.174465
0.293811
0.187072
0.247664
0.219733
0.348979
0.353205
0.272187
0.338989
0.296294
0.302724
0.204706
0.330834
0.304561
0.288581
0.423566
0.23499
0.178958
0.255894
0.363665
0.187357
0.202652
0.285425
0.300492
0.19559
0.362492
0.322039
0.302126
0.167768
0.338518
0.248029
0.422643
0.242869
0.205509
0.322507
0.33874
0.261789
0.217851
0.230776
0.30771
0.46083
0.291014
0.294271
0.269113
0.231179
0.271073
0.214062
0.218469
0.311489
0.224474
0.142944
0.242172
0.322601
0.24951
0.204905
0.294847
0.185228
0.253101
0.216149
0.247802
0.240752
0.20003
0.205502
0.290545
0.366371
0.28991
0.239623
0.205203
0.199661
0.345431
0.237026
0.197602
0.28185
0.369779
0.293062
0.290296
0.346196
0.474296
0.41108
0.332901
0.249139
0.256808
0.254612
0.203017
0.160763
0.398481
0.245449
0.304797
0.279773
0.226907
0.268572
0.20936
0.228893
0.247437
0.326679
0.225735
0.363142
0.337538
0.275039
0.429774
0.29978
0.279131
0.269753
0.297393
0.261405
0.313841
0.311749
0.179932
0.25552
0.360329
0.196925
0.299188
0.285967
0.330354
0.288383
0.360674
0.359903
0.325455
0.221447
0.197335
0.334692
0.29492
0.457893
0.31688
0.285168
0.297347
0.413364
0.367645
0.278868
0.201551
0.308039
0.248203
0.293318
0.509552
0.266563
0.267826
0.257319
0.322706
0.28674
0.258934
0.201837
0.232699
0.371494
0.273045
0.29017
0.210462
0.310477
0.241146
0.260317
0.204246
0.307046
0.372624
0.210769
0.293728
0.329911
0.220047
0.325643
0.189006
0.260372
0.412333
0.274537
0.276838
0.175674
0.212965
0.150477
0.280609
0.373481
0.277838
0.282369
0.230965
0.21302
0.319185
0.326679
0.198129
0.306868
0.241538
0.187884
0.333254
0.274202
0.194868
0.226188
0.234614
0.278537
0.241688
0.290412
0.221124
0.331028
0.202435
0.316193
0.33448
0.374655
0.381703
0.258639
0.263662
0.197625
0.248293
0.199867
0.205599
0.289782
0.313364
0.255222
0.2762
0.382524
0.222598
0.261655
0.25752
0.240631
0.265596
0.223648
0.184077
0.233224
0.334455
0.31331
0.402523
0.287756
0.33123
0.377294
0.40662
0.225797
0.313168
0.250928
0.303571
0.394557
0.267661
0.233748
0.32384
0.253265
0.222712
0.243878
0.179887
0.266918
0.308482
0.230363
0.177593
0.366253
0.337433
0.271196
0.273309
0.378444
0.255079
0.377186
0.275805
0.23757
0.290458
0.286099
0.156763
0.188926
0.28885
0.219459
0.213488
0.250896
0.190995
0.262544
0.306196
0.263332
0.401122
0.333163
0.315045
0.339735
0.208323
0.2718
0.302271
0.192899
0.339632
0.347799
0.193001
0.25277
0.216832
0.23511
0.419453
0.275077
0.333762
0.190322
0.440324
0.275379
0.280201
0.350709
0.481401
0.208727
0.293742
0.263609
0.217673
0.251409
0.273167
0.255923
0.24714
0.236687
0.216725
0.20735
0.339255
0.202569
0.219605
0.318751
0.22464
0.249212
0.245744
0.229911
0.169444
0.28311
0.18965
0.281416
0.239775
0.197641
0.216151
0.389758
0.279786
0.308977
0.279999
0.326462
0.366696
0.307843
0.272736
0.205782
0.253096
0.193055
0.256456
0.326113
0.283999
0.21748
0.305558
0.288074
0.269951
0.2892
0.236107
0.345461
0.181999
0.276142
0.215154
0.32984
0.352489
0.407994
0.321603
0.281273
0.27871
0.246528
0.193387
0.204119
0.203568
0.221906
0.223748
0.344707
0.248506
0.300254
0.381746
0.336091
0.272124
0.304644
0.225118
0.405625
0.208926
0.380626
0.196921
0.250194
0.163492
0.174165
0.345206
0.155065
0.325112
0.238076
0.336656
0.299966
0.272192
0.416022
0.282983
0.304203
0.374633
0.31348
0.237118
0.172144
0.215837
0.190043
0.222568
0.253585
0.250595
0.225344
0.342741
0.324697
0.276186
0.23908
0.262092
0.248258
0.237265
0.303933
0.272811
0.205801
0.241928
0.299362
0.268398
0.26719
0.219471
0.303
0.218497
0.198826
0.234158
0.369533
0.22796
0.240572
0.443456
0.287336
0.245338
0.256589
0.246047
0.293645
0.411765
0.207719
0.271908
0.354722
0.244189
0.326611
0.296308
0.223344
0.253488
0.245577
0.243974
0.254521
0.363382
0.180066
0.280648
0.437304
0.281866
0.280331
0.297145
0.283583
0.350291
0.307451
0.286989
0.351412
0.195627
0.254488
0.277718
0.220961
0.224922
0.262932
0.270478
0.293572
0.24062
0.265342
0.173363
0.328553
0.311306
0.306759
0.296129
0.229288
0.187798
0.206033
0.25696
0.254526
0.343422
0.25152
0.171242
0.184567
0.376085
0.233614
0.338545
0.250918
0.181434
0.370796
0.3756
0.279227
0.268466
0.260046
0.242052
0.313291
0.21182
0.173217
0.261336
0.307921
0.265771
0.265517
0.252875
0.261131
0.335386
0.37437
0.186123
0.200274
0.237502
0.257219
0.318691
0.264411
0.329634
0.281556
0.254044
0.230871
0.244039
0.378005
0.226736
0.148593
0.189615
0.316376
0.381437
0.320343
0.23368
0.294693
0.232156
0.303414
0.218689
0.235003
0.289296
0.305585
0.330248
0.346023
0.217557
0.318476
0.288965
0.290932
0.209819
0.204276
0.211957
0.276644
0.211547
0.258676
0.31224
0.20883
0.256589
0.238037
0.142312
0.322075
0.379512
0.273853
0.310085
0.353533
0.348583
0.194527
0.193648
0.267559
0.273125
0.354974
0.228655
0.295666
0.307983
0.138508
0.290795
0.234717
0.154408
0.279922
0.280177
0.368807
0.36891
0.202483
0.205172
0.221296
0.216213
0.373951
0.269654
0.300728
0.259309
0.240432
0.275861
0.180499
0.266681
0.306055
0.168295
0.350076
0.219434
0.371212
0.278446
0.275727
0.285913
0.322244
0.312798
0.310585
0.350239
0.256063
0.318574
0.311366
0.244138
0.23896
0.283867
0.367597
0.287491
0.160696
0.344936
0.305563
0.273927
0.40792
0.262253
0.293124
0.240039
0.243173
0.473084
0.306354
0.199724
0.296523
0.210841
0.234633
0.338961
0.309272
0.20001
0.319301
0.219491
0.302369
0.243374
0.206869
0.236024
0.270624
0.285263
0.272328
0.242264
0.228378
0.265537
0.267553
0.259268
0.163124
0.314837
0.271091
0.341342
0.322901
0.286503
0.165419
0.366922
0.32944
0.189515
0.420543
0.269163
0.289565
0.290607
0.330256
0.365084
0.261497
0.503289
0.146006
0.304676
0.372529
0.225466
0.295331
0.24695
0.175927
0.263922
0.359412
0.331873
0.270824
0.219991
0.2551
0.337537
0.24732
0.282584
0.399887
0.354054
0.219684
0.338243
0.208452
0.151577
0.352559
0.248548
0.214143
0.209535
0.34211
0.190537
0.37663
0.231252
0.261953
0.286982
0.294564
0.170768
0.191236
0.353461
0.172223
0.258122
0.245012
0.210678
0.295022
0.206099
0.176223
0.222027
0.254177
0.215558
0.304749
0.336156
0.203996
0.276674
0.323856
0.222619
0.388938
0.272353
0.149422
0.239656
0.288622
0.246451
0.219728
0.304219
0.319127
0.352667
0.307313
0.27652
0.32733
0.202132
0.311065
0.222103
0.230329
0.238892
0.2572
0.17381
0.256933
0.430318
0.294017
0.262712
0.303755
0.353289
0.291571
0.308746
0.185646
0.218427
0.239191
0.217299
0.288181
0.213678
0.250258
0.207799
0.210107
0.30162
0.307171
0.424023
0.276645
0.287798
0.284006
0.294226
0.209247
0.266542
0.284652
0.305352
0.249427
0.378201
0.389225
0.143245
0.350954
0.212862
0.264759
0.257343
0.181895
0.367811
0.266657
0.244177
0.248496
0.222644
0.264279
0.199271
0.379427
0.203245
0.266774
0.344915
0.227245
0.242896
0.250944
0.216576
0.349266
0.271922
0.330092
0.290188
0.338327
0.222014
0.2678
0.309458
0.160473
0.244016
0.287416
0.221636
0.259459
0.248284
0.247914
0.193551
0.265333
0.139065
0.276343
0.235724
0.208129
0.246996
0.195963
0.225863
0.314337
0.225306
0.338402
0.388142
0.227154
0.327678
0.292616
0.321378
0.1433
0.255517
0.366097
0.286297
0.284181
0.202581
0.227039
0.267615
0.288201
0.360278
0.211415
0.340065
0.190424
0.270122
0.277937
0.291673
0.291658
0.237727
0.35578
0.222898
0.362761
0.174998
0.252537
0.304502
0.137779
0.371721
0.230228
0.243627
0.308365
0.245293
0.204579
0.219864
0.364714
0.214332
0.359546
0.279882
0.273678
0.230463
0.23092
0.258786
0.247135
0.325361
0.246283
0.257688
0.247391
0.315669
0.361628
0.323901
0.249052
0.290201
0.311588
0.201395
0.223163
0.271832
0.210688
0.177843
0.26404
0.191083
0.152131
0.302094
0.257747
0.323586
0.301016
0.211682
0.344575
0.285314
0.234766
0.389497
0.270843
0.243928
0.148808
0.252143
0.187249
0.343495
0.416133
0.194849
0.300236
0.246687
0.29179
0.180736
0.246756
0.17013
0.234327
0.239471
0.264695
0.32582
0.208922
0.240283
0.391964
0.249146
0.231462
0.275978
0.255553
0.32273
0.260077
0.205758
0.194909
0.298571
0.300725
0.168134
0.231538
0.34333
0.27274
0.312076
0.299598
0.287036
0.230259
0.224072
0.24649
0.186934
0.355413
0.227919
0.248735
0.318581
0.329584
0.332594
0.230353
0.273133
0.295356
0.218486
0.241967
0.167362
0.282436
0.354947
0.257956
0.283674
0.285237
0.198644
0.329688
0.139787
0.328337
0.29192
0.306149
0.253239
0.380534
0.232189
0.189236
0.205759
0.241576
0.237748
0.271614
0.36328
0.192517
0.266918
0.225863
0.312267
0.320473
0.327881
0.27031
0.325494
0.249584
0.343688
0.291964
0.317395
0.315299
0.221253
0.411613
0.294788
0.290462
0.373676
0.326209
0.243273
0.175196
0.225803
0.282302
0.235218
0.302984
0.258155
0.221924
0.295693
0.249284
0.321004
0.287036
0.245708
0.260646
0.311734
0.321174
0.199786
0.278734
0.298612
0.296075
0.254958
0.307548
0.21606
0.340603
0.173467
0.324051
0.238406
0.181465
0.202642
0.415005
0.243138
0.272323
0.321841
0.263063
0.182817
0.259166
0.284698
0.188271
0.215056
0.188739
0.180734
0.324071
0.331878
0.274815
0.313844
0.279611
0.260454
0.175823
0.269488
0.189668
0.247721
0.324393
0.248905
0.315783
0.265532
0.334416
0.386317
0.307708
0.345326
0.282292
0.298934
0.269643
0.299334
0.280892
0.252477
0.282542
0.319647
0.269051
0.340954
0.315955
0.333987
0.285874
0.212029
0.226314
0.153653
0.241061
0.145929
0.266589
0.215838
0.278496
0.27028
0.262598
0.243724
0.293302
0.209216
0.333565
0.31924
0.210521
0.2499
0.246365
0.388886
0.215634
0.229696
0.257399
0.24266
0.320948
0.252621
0.313653
0.309275
0.328797
0.317257
0.278248
0.362624
0.185718
0.255388
0.309523
0.368164
0.258017
0.198063
0.389516
0.370283
0.280074
0.199761
0.234181
0.197875
0.248124
0.207503
0.25093
0.253468
0.26393
0.258429
0.306664
0.229356
0.257501
0.277524
0.285223
0.232116
0.309656
0.217836
0.284531
0.283337
0.350677
0.376385
0.235853
0.242867
0.284105
0.273311
0.30031
0.430594
0.342928
0.281615
0.265348
0.243013
0.242088
0.211415
0.231907
0.338666
0.287657
0.204632
0.257621
0.228397
0.240552
0.228999
0.181021
0.287334
0.22771
0.221391
0.156064
0.181061
0.300078
0.189081
0.154206
0.245683
0.270043
0.268659
0.251865
0.201271
0.143641
0.302858
0.346352
0.270404
0.322228
0.277501
0.296431
0.236264
0.167293
0.250074
0.298828
0.444726
0.370722
0.32457
0.31312
0.237995
0.221798
0.3161
0.411628
0.260468
0.24652
0.204563
0.253811
0.314076
0.398843
0.360326
0.35674
0.440782
0.364161
0.419645
0.216186
0.274523
0.194561
0.339745
0.236796
0.329856
0.310702
0.262048
0.203853
0.301029
0.337309
0.334045
0.222033
0.261736
0.269104
0.234168
0.199667
0.412863
0.23523
0.295486
0.243003
0.191618
0.275648
0.306331
0.350272
0.366382
0.222679
0.202246
0.270207
0.22142
0.226471
0.189149
0.216634
0.311041
0.19846
0.308708
0.1575
0.236327
0.19876
0.275047
0.335995
0.30101
0.213427
0.271897
0.330511
0.158792
0.246225
0.231379
0.332307
0.389008
0.307627
0.259617
0.239469
0.363628
0.238708
0.316396
0.128503
0.22631
0.203037
0.235132
0.23148
0.368492
0.276664
0.28664
0.221253
0.28506
0.197966
0.294554
0.186586
0.235851
0.351374
0.312101
0.372274
0.318011
0.253742
0.329052
0.26172
0.267162
0.25051
0.28814
0.348428
0.233873
0.32321
0.21895
0.317916
0.37501
0.300041
0.240016
0.240642
0.273759
0.325628
0.181735
0.162322
0.313061
0.303348
0.268998
0.256928
0.380698
0.240436
0.27079
0.248375
0.278375
0.398572
0.297279
0.29637
0.297601
0.279299
0.19812
0.31323
0.312098
0.286739
0.266047
0.326712
0.231584
0.287174
0.303587
0.286435
0.377626
0.210805
0.3125
0.338437
0.270302
0.275234
0.233528
0.275781
0.232998
0.20636
0.125858
0.200993
0.16693
0.266401
0.233289
0.209975
0.292476
0.310722
0.228231
0.283845
0.256455
0.317521
0.247737
0.192632
0.312705
0.252409
0.262557
0.352258
0.227358
0.152802
0.235742
0.343503
0.262104
0.316512
0.377328
0.23968
0.321215
0.299748
0.258725
0.224539
0.398219
0.261042
0.278462
0.325279
0.284401
0.344704
0.350121
0.243636
0.325552
0.290267
0.244053
0.291852
0.355361
0.166938
0.301351
0.235802
0.350673
0.364509
0.292225
0.307857
0.237821
0.366952
0.191372
0.337228
0.270344
0.239274
0.275745
0.251939
0.238987
0.294524
0.281643
0.257637
0.263446
0.247817
0.223842
0.288989
0.274793
0.208185
0.231479
0.353736
0.216197
0.298958
0.287665
0.286442
0.323086
0.229517
0.219276
0.17691
0.250113
0.317331
0.245353
0.359776
0.262946
0.333254
0.274358
0.165303
0.299494
0.303395
0.339885
0.442984
0.308054
0.373649
0.288477
0.251119
0.331978
0.314465
0.350864
0.24099
0.199412
0.297857
0.209422
0.462856
0.355545
0.356071
0.320415
0.405924
0.46588
0.378059
0.290895
0.159214
0.277034
0.288659
0.252123
0.290912
0.414556
0.258552
0.182981
0.227196
0.155114
0.232585
0.229615
0.168314
0.190925
0.333227
0.182769
0.269649
0.217911
0.233645
0.246655
0.276579
0.212288
0.23323
0.23155
0.162058
0.255784
0.331416
0.266723
0.343704
0.317563
0.221881
0.183355
0.23938
0.266438
0.247701
0.192804
0.268893
0.269862
0.252353
0.250133
0.304893
0.255077
0.147643
0.19474
0.260644
0.24555
0.2774
0.318036
0.289055
0.217334
0.300035
0.299652
0.220577
0.305574
0.269249
0.292405
0.335893
0.13074
0.206672
0.299807
0.24821
0.262448
0.306506
0.261103
0.316881
0.347771
0.276543
0.437328
0.236621
0.266715
0.227963
0.309483
0.340822
0.292167
0.29713
0.194521
0.271201
0.352634
0.247686
0.254736
0.235494
0.24106
0.339155
0.275736
0.328177
0.244391
0.343908
0.318714
0.281373
0.328159
0.208764
0.36894
0.327009
0.288101
0.336073
0.322967
0.245096
0.241116
0.300012
0.323691
0.474798
0.291899
0.294036
0.18951
0.320216
0.250314
0.382058
0.357857
0.307024
0.356678
0.336879
0.224532
0.195849
0.313389
0.161819
0.40585
0.272036
0.178127
0.435193
0.365251
0.363697
0.256506
0.25508
0.272582
0.301501
0.316004
0.223495
0.143033
0.206184
0.192605
0.403086
0.40682
0.338553
0.224143
0.329905
0.210138
0.233318
0.228249
0.164714
0.369178
0.352072
0.359444
0.167687
0.35533
0.335326
0.2762
0.389836
0.246855
0.289042
0.304718
0.265544
0.36041
0.257715
0.21015
0.212388
0.332365
0.271815
0.213604
0.325031
0.256647
0.265436
0.331844
0.284649
0.341918
0.318168
0.289204
0.18962
0.348129
0.183988
0.357388
0.37891
0.117445
0.230232
0.32673
0.301571
0.233922
0.267259
0.400576
0.293332
0.334049
0.171932
0.324798
0.245151
0.315288
0.2843
0.33579
0.375094
0.300342
0.334456
0.207867
0.224063
0.362297
0.394374
0.269744
0.163965
0.277731
0.22771
0.31142
0.270538
0.33687
0.318109
0.15488
0.163984
0.254899
0.270759
0.346121
0.307951
0.269545
0.285748
0.278769
0.347798
0.267153
0.326267
0.357302
0.263473
0.304351
0.350419
0.274061
0.271464
0.267601
0.282257
0.235155
0.331506
0.32017
0.321188
0.18778
0.264459
0.237314
0.364278
0.290419
0.239075
0.249453
0.219173
0.203189
0.260168
0.385533
0.283955
0.2105
0.342625
0.309255
0.221094
0.200511
0.367709
0.235998
0.316345
0.317206
0.338623
0.290377
0.271552
0.301048
0.286216
0.227982
0.371422
0.323694
0.348857
0.307952
0.214161
0.294226
0.194382
0.265909
0.332265
0.372637
0.333381
0.19749
0.195945
0.24774
0.209342
0.273905
0.371797
0.514842
0.313747
0.432778
0.29255
0.356854
0.331535
0.210812
0.234783
0.251552
0.322305
0.250548
0.402436
0.304716
0.222222
0.331644
0.237532
0.252164
0.260755
0.241268
0.209871
0.455871
0.304453
0.28798
0.272235
0.253517
0.174648
0.217894
0.258965
0.149945
0.275473
0.373209
0.186564
0.33692
0.290947
0.221539
0.255967
0.230821
0.239512
0.230545
0.287433
0.230792
0.238237
0.227615
0.325181
0.282907
0.362826
0.301288
0.238773
0.333693
0.243509
0.378798
0.306646
0.196264
0.245287
0.281938
0.307394
0.243757
0.35703
0.294916
0.29368
0.308686
0.25539
0.200546
0.271908
0.200303
0.268367
0.350974
0.188918
0.352504
0.367738
0.219541
0.279583
0.296019
0.268295
0.265923
0.230379
0.277029
0.288004
0.330809
0.203892
0.20777
0.380478
0.325113
0.267815
0.290862
0.232188
0.151009
0.286789
0.206597
0.213873
0.324172
0.385029
0.195866
0.245522
0.279922
0.230114
0.404458
0.168264
0.257367
0.305872
0.357768
0.316837
0.266877
0.268934
0.306958
0.222749
0.216733
0.400066
0.290933
0.252202
0.401179
0.249928
0.304947
0.224789
0.206568
0.372438
0.226009
0.206865
0.162583
0.334253
0.25453
0.276785
0.213376
0.247685
0.204621
0.252997
0.239784
0.359781
0.225854
0.320859
0.290605
0.382974
0.257412
0.282227
0.279571
0.294573
0.225698
0.207732
0.202517
0.220613
0.290138
0.32191
0.243908
0.394227
0.302801
0.246528
0.258969
0.366442
0.167722
0.31271
0.306085
0.316361
0.196072
0.168995
0.292354
0.239371
0.3593
0.352551
0.273879
0.30179
0.226298
0.252589
0.337369
0.1778
0.228938
0.332502
0.340028
0.305066
0.276988
0.193112
0.292016
0.291065
0.310724
0.293425
0.254549
0.369004
0.187342
0.254822
0.247293
0.278233
0.406609
0.227975
0.219972
0.286702
0.267743
0.271808
0.304984
0.234403
0.367466
0.371763
0.246164
0.265746
0.156687
0.328098
0.248355
0.177559
0.246032
0.199464
0.207288
0.208629
0.232029
0.339049
0.199108
0.153743
0.304811
0.259653
0.314898
0.285613
0.376988
0.252657
0.269858
0.272448
0.277047
0.404371
0.319922
0.218253
0.241509
0.270385
0.318281
0.25587
0.424939
0.250412
0.184721
0.450433
0.159316
0.197888
0.201102
0.225684
0.241865
0.239341
0.245407
0.271168
0.258993
0.369634
0.352954
0.216849
0.285132
0.355406
0.198746
0.261106
0.34587
0.267367
0.428452
0.256738
0.222331
0.319314
0.209677
0.326591
0.363963
0.156887
0.24486
0.263449
0.278393
0.300802
0.202906
0.308845
0.220924
0.301766
0.371162
0.19012
0.368166
0.227072
0.162557
0.296627
0.222724
0.292382
0.355736
0.380047
0.262477
0.144919
0.270177
0.224468
0.272001
0.198123
0.192937
0.25543
0.306145
0.298029
0.372411
0.290109
0.273741
0.333735
0.345736
0.308674
0.345623
0.343287
0.357051
0.212055
0.235858
0.261464
0.287492
0.272292
0.24006
0.19203
0.336856
0.355462
0.263812
0.222927
0.178212
0.298965
0.316096
0.221958
0.311286
0.314616
0.20581
0.245094
0.234479
0.414039
0.304833
0.188684
0.284427
0.264417
0.307242
0.283529
0.207241
0.186529
0.228092
0.214691
0.301081
0.192502
0.275912
0.222958
0.215577
0.261833
0.309468
0.204807
0.250269
0.185904
0.270396
0.267355
0.378799
0.183973
0.367519
0.21491
0.165522
0.228279
0.413884
0.244927
0.215664
0.260024
0.264376
0.329581
0.352245
0.252449
0.297173
0.222485
0.36137
0.301647
0.278462
0.185247
0.379085
0.344962
0.348492
0.255731
0.325174
0.241388
0.219332
0.230045
0.332798
0.312669
0.308592
0.234375
0.315101
0.271697
0.330127
0.347497
0.373903
0.288359
0.299484
0.188051
0.200145
0.29175
0.392119
0.192099
0.244981
0.23013
0.243852
0.306293
0.231529
0.274962
0.28282
0.347569
0.284318
0.335008
0.244589
0.211591
0.333955
0.171925
0.207026
0.325708
0.317386
0.235318
0.263276
0.277589
0.350876
0.412445
0.276009
0.320937
0.355629
0.301283
0.134183
0.295599
0.296339
0.334934
0.349877
0.204892
0.321421
0.317373
0.264512
0.34784
0.337763
0.238422
0.222813
0.26657
0.282625
0.221309
0.218565
0.214464
0.221413
0.313159
0.411581
0.25705
0.298747
0.230272
0.261947
0.350151
0.278919
0.363983
0.337493
0.248881
0.189713
0.19796
0.359975
0.229035
0.3231
0.262643
0.236762
0.253737
0.253393
0.263663
0.279056
0.330228
0.23882
0.289938
0.304747
0.297941
0.256533
0.265399
0.228704
0.333488
0.266729
0.256083
0.23588
0.276238
0.213851
0.187972
0.372609
0.337873
0.377814
0.342248
0.187907
0.323211
0.279594
0.202129
0.26859
0.228631
0.42321
0.250638
0.252768
0.221624
0.298337
0.29658
0.18686
0.286825
0.272697
0.287112
0.280723
0.281917
0.197497
0.260814
0.310212
0.226532
0.269458
0.27044
0.35065
0.260907
0.317051
0.20875
0.237929
0.29659
0.184923
0.302983
0.313619
0.216925
0.306213
0.23215
0.271622
0.228173
0.278541
0.274084
0.209163
0.424335
0.1918
0.31653
0.24569
0.2328
0.338782
0.283087
0.266852
0.211932
0.243548
0.21757
0.296427
0.186429
0.203632
0.272756
0.15332
0.271454
0.314228
0.303887
0.243495
0.229821
0.300021
0.278084
0.275504
0.235886
0.334665
0.314276
0.309568
0.317435
0.278146
0.23727
0.202282
0.280989
0.302829
0.266745
0.338583
0.191894
0.166576
0.213366
0.296558
0.219578
0.285477
0.209191
0.303685
0.304258
0.363737
0.15551
0.250146
0.250559
0.311768
0.222835
0.277368
0.237828
0.349769
0.327494
0.308926
0.339654
0.194235
0.224004
0.377579
0.197126
0.337453
0.234951
0.367146
0.285207
0.323502
0.35137
0.307936
0.315683
0.248525
0.383481
0.292816
0.270871
0.261452
0.186006
0.335868
0.243349
0.308519
0.302037
0.222717
0.186691
0.215939
0.175853
0.328221
0.259568
0.215323
0.278089
0.296621
0.219317
0.189182
0.316386
0.294468
0.309259
0.238871
0.392234
0.210704
0.238292
0.313244
0.298487
0.312236
0.211906
0.263437
0.250369
0.292298
0.341756
0.341739
0.269774
0.294225
0.292845
0.187924
0.220874
0.24486
0.253889
0.197509
0.227593
0.250634
0.265122
0.329387
0.281906
0.314594
0.248506
0.353862
0.370716
0.332635
0.191836
0.350778
0.223359
0.250189
0.257391
0.298662
0.293667
0.282793
0.190024
0.351214
0.27891
0.285943
0.255757
0.29315
0.310678
0.294258
0.251395
0.293661
0.22005
0.387742
0.260892
0.23894
0.441706
0.373053
0.243487
0.318811
0.383004
0.231714
0.245628
0.295886
0.301165
0.353996
0.318747
0.316364
0.292942
0.302248
0.346789
0.275592
0.212464
0.290198
0.295249
0.25736
0.239732
0.301912
0.338006
0.169477
0.323259
0.248916
0.219813
0.256918
0.259009
0.166448
0.281017
0.30551
0.264681
0.215793
0.218694
0.263044
0.224295
0.241938
0.310712
0.350371
0.366323
0.358555
0.405663
0.404768
0.198753
0.317595
0.326435
0.316196
0.271606
0.251353
0.343472
0.284052
0.19605
0.234423
0.280116
0.286434
0.234868
0.360732
0.308677
0.214037
0.384756
0.337237
0.349948
0.178446
0.242799
0.249635
0.294039
0.32163
0.179181
0.232901
0.285235
0.276137
0.306945
0.271536
0.348369
0.287584
0.249155
0.342344
0.282349
0.236036
0.19133
0.335564
0.292277
0.252092
0.33349
0.207342
0.241361
0.245523
0.215363
0.326185
0.22403
0.269968
0.157785
0.245894
0.367922
0.370388
0.205821
0.283892
0.227224
0.248538
0.285374
0.290124
0.328439
0.293526
0.233954
0.274616
0.156445
0.274541
0.211334
0.213834
0.265829
0.313456
0.294509
0.328366
0.323131
0.278575
0.223247
0.370321
0.274302
0.262214
0.28754
0.253019
0.261228
0.249563
0.331816
0.316945
0.309687
0.341678
0.181605
0.324843
0.272388
0.200555
0.188382
0.336189
0.325851
0.269815
0.244265
0.187337
0.227106
0.230173
0.276233
0.222064
0.229773
0.2401
0.180694
0.273732
0.202365
0.284031
0.273482
0.244039
0.235959
0.285563
0.204732
0.266736
0.234799
0.209615
0.254805
0.277347
0.314969
0.330533
0.281905
0.22689
0.179701
0.306825
0.289334
0.249314
0.210386
0.3593
0.22823
0.250692
0.298041
0.180071
0.265521
0.292093
0.2612
0.277397
0.310373
0.256002
0.297683
0.154924
0.227045
0.172384
0.24682
0.237805
0.212461
0.289462
0.329707
0.303555
0.332661
0.172768
0.222287
0.174881
0.374178
0.286409
0.136548
0.286042
0.293647
0.288809
0.251309
0.241997
0.302277
0.322605
0.334758
0.236951
0.308961
0.232487
0.365756
0.312605
0.298352
0.223606
0.300441
0.226299
0.300089
0.273549
0.355776
0.311119
0.2878
0.334642
0.244822
0.282058
0.29782
0.199394
0.29137
0.282572
0.310174
0.243538
0.345795
0.200518
0.236024
0.28928
0.208754
0.264269
0.202272
0.269736
0.196467
0.205087
0.210389
0.391615
0.251829
0.24866
0.269587
0.357124
0.383499
0.277807
0.233397
0.253831
0.293239
0.22095
0.299306
0.341543
0.378021
0.268183
0.272003
0.267919
0.274577
0.247949
0.252515
0.283823
0.346878
0.284885
0.23729
0.257167
0.376991
0.291977
0.261873
0.280577
0.222054
0.267051
0.316391
0.43455
0.367553
0.322876
0.27694
0.268076
0.3508
0.324519
0.197278
0.368455
0.273235
0.257921
0.353258
0.264465
0.33426
0.32319
0.219428
0.28411
0.346525
0.247358
0.194439
0.286164
0.214622
0.290045
0.290348
0.233275
0.205078
0.220133
0.258324
0.233563
0.289755
0.221635
0.367731
0.290864
0.355142
0.22336
0.265564
0.180378
0.183232
0.253766
0.341269
0.380476
0.251118
0.201584
0.448319
0.332361
0.365891
0.167781
0.284915
0.377843
0.307386
0.338856
0.18043
0.239732
0.286312
0.17343
0.257133
0.431375
0.204242
0.243957
0.35878
0.21488
0.234632
0.344452
0.18434
0.275977
0.331306
0.288158
0.266082
0.316648
0.313316
0.258268
0.356883
0.373963
0.359849
0.306421
0.25328
0.353133
0.318532
0.186335
0.304205
0.204633
0.231678
0.292513
0.217006
0.215127
0.321468
0.286273
0.152453
0.251127
0.193708
0.282168
0.302709
0.191488
0.246814
0.295303
0.191318
0.336803
0.362712
0.238408
0.141703
0.255331
0.386026
0.292488
0.228321
0.156753
0.36084
0.31498
0.313074
0.315038
0.384528
0.283239
0.274908
0.20393
0.216727
0.177507
0.382987
0.249906
0.218131
0.281491
0.336909
0.175473
0.285081
0.181629
0.342813
0.326309
0.405134
0.276329
0.247984
0.310079
0.222981
0.344449
0.364438
0.244976
0.239098
0.170182
0.24364
0.358883
0.36599
0.3045
0.359855
0.329645
0.245049
0.24131
0.353538
0.297149
0.324373
0.246883
0.317538
0.325394
0.360341
0.249869
0.273444
0.210501
0.32843
0.343576
0.315792
0.252303
0.297318
0.412098
0.25353
0.274627
0.206939
0.282563
0.224443
0.30687
0.215818
0.233027
0.315918
0.218577
0.227025
0.239578
0.216795
0.276972
0.33711
0.221648
0.264114
0.218219
0.28015
0.293379
0.353134
0.368114
0.415402
0.415596
0.154147
0.290204
0.188178
0.323554
0.354329
0.449087
0.247091
0.307847
0.347405
0.216859
0.252589
0.348827
0.398295
0.381327
0.304162
0.321865
0.347432
0.269145
0.325712
0.297081
0.349774
0.269913
0.167618
0.272484
0.282844
0.240261
0.311591
0.210306
0.419135
0.250319
0.270326
0.234146
0.312338
0.166303
0.284116
0.268465
0.334221
0.296358
0.382271
0.158594
0.278459
0.183121
0.228891
0.237832
0.327599
0.281897
0.297881
0.210293
0.143495
0.364281
0.2517
0.302033
0.335453
0.298493
0.34387
0.380742
0.288415
0.263106
0.279474
0.256966
0.178396
0.278372
0.255406
0.293445
0.195015
0.294604
0.2749
0.320231
0.330463
0.255892
0.3026
0.330628
0.181664
0.282701
0.384595
0.212071
0.238663
0.256324
0.293432
0.312733
0.247128
0.278738
0.248359
0.280559
0.254363
0.184505
0.278926
0.214879
0.219833
0.4048
0.318795
0.309017
0.280076
0.23093
0.310153
0.302965
0.272861
0.280149
0.282934
0.259351
0.238045
0.40748
0.313562
0.243391
0.230181
0.252341
0.204538
0.252068
0.210248
0.354786
0.403067
0.280978
0.290867
0.434127
0.33833
0.321085
0.44029
0.341398
0.324017
0.189409
0.29779
0.295944
0.294619
0.293978
0.300723
0.262521
0.305322
0.327558
0.248494
0.306974
0.193645
0.263316
0.180194
0.301079
0.219018
0.30255
0.196691
0.249415
0.155306
0.273386
0.248021
0.228528
0.277801
0.157125
0.239675
0.233112
0.296924
0.242629
0.364759
0.274782
0.187125
0.261199
0.263868
0.357822
0.316061
0.340275
0.247647
0.29423
0.266284
0.30135
0.402329
0.180823
0.151508
0.261826
0.293596
0.241277
0.308443
0.356242
0.157916
0.277341
0.274187
0.291952
0.376564
0.360331
0.36359
0.415286
0.365898
0.323281
0.297631
0.219183
0.19373
0.292449
0.317462
0.197085
0.292974
0.373017
0.166103
0.320646
0.300408
0.274945
0.317761
0.403123
0.255217
0.358253
0.32885
0.331284
0.177751
0.20815
0.224844
0.171219
0.246561
0.156373
0.228948
0.252058
0.214735
0.36563
0.326856
0.282282
0.210642
0.276632
0.205316
0.257398
0.137791
0.148282
0.237227
0.334663
0.264652
0.364812
0.260075
0.253547
0.235645
0.319615
0.209277
0.258972
0.372225
0.16511
0.277862
0.257001
0.262965
0.300589
0.254634
0.269318
0.289127
0.245625
0.261222
0.2851
0.300463
0.241509
0.238369
0.243325
0.25395
0.345423
0.281508
0.219053
0.266209
0.281474
0.23369
0.337998
0.278259
0.308693
0.379262
0.332173
0.310374
0.30256
0.363229
0.253001
0.201827
0.314633
0.209187
0.298088
0.307614
0.198595
0.241494
0.304548
0.343913
0.393767
0.400826
0.271406
0.258329
0.266436
0.251622
0.307417
0.341148
0.273321
0.195524
0.279094
0.206414
0.251089
0.291419
0.177402
0.301383
0.318433
0.241869
0.214462
0.238214
0.1852
0.343042
0.287387
0.281536
0.314147
0.23064
0.220204
0.391251
0.427702
0.268777
0.217878
0.284057
0.183526
0.236126
0.230754
0.280825
0.283761
0.282608
0.223119
0.234727
0.389016
0.261085
0.347622
0.297578
0.269638
0.350767
0.232554
0.277193
0.208442
0.20057
0.247212
0.31887
0.259824
0.309651
0.333945
0.329651
0.224815
0.23765
0.315337
0.2318
0.223171
0.266766
0.205193
0.140244
0.178999
0.231679
0.362564
0.280364
0.246265
0.292211
0.224467
0.188462
0.245847
0.278903
0.233109
0.328344
0.287892
0.239572
0.163782
0.285771
0.189048
0.219783
0.254144
0.315319
0.322466
0.237839
0.246082
0.24843
0.293656
0.248452
0.235689
0.323159
0.233961
0.187246
0.259225
0.264658
0.301817
0.261719
0.302528
0.242177
0.317401
0.196446
0.239355
0.243369
0.146778
0.353004
0.37385
0.316655
0.223356
0.318703
0.26782
0.240282
0.268412
0.209533
0.276433
0.273052
0.185837
0.304785
0.281365
0.234717
0.246255
0.196927
0.289452
0.307948
0.254343
0.182982
0.19619
0.317058
0.30095
0.218515
0.399451
0.247587
0.256526
0.229227
0.256032
0.227336
0.303513
0.338159
0.330368
0.253916
0.246055
0.234282
0.441708
0.266997
0.291329
0.172243
0.259998
0.178289
0.272028
0.239729
0.357078
0.290405
0.232288
0.331659
0.239304
0.276174
0.20568
0.243885
0.298514
0.21763
0.303898
0.309542
0.26501
0.320615
0.298868
0.397226
0.304276
0.199497
0.277479
0.204508
0.252935
0.282115
0.246064
0.271412
0.242519
0.313843
0.10708
0.27849
0.300267
0.309682
0.271619
0.188316
0.201528
0.284738
0.318748
0.314147
0.304937
0.253824
0.410569
0.304852
0.177725
0.264033
0.268087
0.276111
0.274245
0.221631
0.233863
0.257959
0.309734
0.229213
0.333511
0.34121
0.265322
0.187888
0.340571
0.314077
0.174722
0.303078
0.359477
0.333184
0.283554
0.306927
0.314432
0.346683
0.337385
0.285646
0.352557
0.316975
0.201002
0.123244
0.217634
0.261426
0.228228
0.310965
0.303118
0.29223
0.375459
0.23945
0.220137
0.228595
0.170748
0.259305
0.341395
0.297102
0.392701
0.187585
0.262136
0.2765
0.545835
0.268555
0.287939
0.223279
0.261407
0.294603
0.29097
0.28048
0.275548
0.304036
0.344351
0.328617
0.2534
0.146109
0.310672
0.225747
0.315243
0.339855
0.18691
0.219401
0.305994
0.308576
0.342054
0.269076
0.329475
0.275796
0.17881
0.27338
0.321289
0.305752
0.236255
0.230238
0.235356
0.217136
0.258759
0.237505
0.363921
0.237415
0.417309
0.224619
0.349008
0.345962
0.264683
0.241354
0.288004
0.262594
0.26348
0.190475
0.355297
0.183431
0.345044
0.178245
0.29094
0.30746
0.190816
0.170462
0.145359
0.371178
0.297706
0.253617
0.3224
0.158921
0.219174
0.206413
0.260869
0.255328
0.263536
0.166711
0.333162
0.333469
0.185693
0.219564
0.275369
0.181255
0.328773
0.198489
0.321683
0.358426
0.332317
0.228175
0.272626
0.251776
0.268276
0.328919
0.281769
0.17999
0.255435
0.352542
0.187978
0.242825
0.333802
0.24671
0.221118
0.20632
0.158158
0.285793
0.261226
0.214031
0.238258
0.353228
0.229157
0.258575
0.270831
0.274925
0.29736
0.194507
0.343391
0.296577
0.382371
0.189891
0.297719
0.341608
0.1778
0.235526
0.295748
0.256322
0.25555
0.235721
0.149111
0.265862
0.266055
0.251606
0.18522
0.415407
0.219866
0.198716
0.244049
0.381588
0.317218
0.224462
0.27744
0.303671
0.206379
0.250491
0.223794
0.248859
0.300034
0.26755
0.340218
0.448857
0.376516
0.325343
0.263885
0.262727
0.280614
0.148256
0.252601
0.232493
0.277971
0.336901
0.327897
0.241197
0.337183
0.293179
0.261812
0.257811
0.201369
0.325068
0.261296
0.328982
0.187998
0.393233
0.287459
0.271859
0.314077
0.319755
0.23587
0.244279
0.182546
0.259247
0.356986
0.267387
0.306317
0.356134
0.237744
0.24941
0.269521
0.298672
0.247429
0.202134
0.444727
0.293674
0.2418
0.291884
0.237122
0.205216
0.322285
0.354879
0.246032
0.244159
0.256726
0.22335
0.230521
0.218116
0.313856
0.319575
0.200005
0.345124
0.306471
0.250374
0.406867
0.284346
0.274679
0.277548
0.225019
0.273909
0.26326
0.276774
0.20748
0.323256
0.351285
0.347019
0.254815
0.264508
0.287252
0.294043
0.239423
0.182557
0.250055
0.254957
0.437602
0.360299
0.283982
0.272913
0.341373
0.32792
0.308738
0.32468
0.328556
0.196427
0.213972
0.197406
0.321975
0.27755
0.264965
0.260099
0.368628
0.270082
0.275659
0.248504
0.312969
0.176222
0.233146
0.28817
0.189757
0.35351
0.473283
0.156536
0.227675
0.215049
0.246941
0.295838
0.273705
0.258057
0.282107
0.319464
0.293844
0.198325
0.27552
0.188884
0.334954
0.309624
0.252417
0.330372
0.334347
0.248097
0.307454
0.274823
0.189585
0.287604
0.370707
0.344319
0.270454
0.181976
0.421613
0.359853
0.243637
0.223411
0.24954
0.345998
0.227372
0.347194
0.293053
0.270322
0.233204
0.275333
0.308751
0.321532
0.268114
0.198242
0.375383
0.214515
0.301908
0.234974
0.300654
0.234979
0.18536
0.23291
0.196035
0.2411
0.268875
0.231161
0.250361
0.241427
0.220811
0.274487
0.223203
0.336024
0.322082
0.201589
0.402498
0.273946
0.332149
0.246794
0.253628
0.259513
0.293967
0.210092
0.24547
0.125615
0.274068
0.379003
0.329878
0.229818
0.228623
0.160867
0.233688
0.283406
0.293945
0.310618
0.238181
0.28272
0.352947
0.158417
0.275472
0.320129
0.27729
0.252675
0.19443
0.307495
0.347673
0.276042
0.245722
0.253463
0.348124
0.296
0.283311
0.265005
0.216256
0.249026
0.30136
0.270266
0.257943
0.296045
0.300235
0.205091
0.364839
0.297109
0.281707
0.311853
0.320553
0.286745
0.308945
0.283733
0.259718
0.327863
0.276259
0.358442
0.383638
0.173145
0.283894
0.28465
0.358597
0.266059
0.31529
0.269794
0.260982
0.371005
0.294779
0.222092
0.324237
0.335327
0.30997
0.321527
0.274949
0.190973
0.238498
0.255205
0.223819
0.19999
0.208459
0.243566
0.197955
0.269789
0.221513
0.209478
0.20738
0.188212
0.241419
0.219371
0.189787
0.291526
0.26153
0.379179
0.26133
0.279387
0.330235
0.349054
0.262299
0.267617
0.241688
0.250572
0.277568
0.392717
0.34592
0.266288
0.359342
0.353846
0.302958
0.386997
0.291555
0.260817
0.271287
0.289208
0.296261
0.312425
0.245818
0.257604
0.16844
0.261023
0.222772
0.197921
0.15339
0.326888
0.394014
0.256775
0.363703
0.303241
0.297794
0.22686
0.256192
0.352585
0.197115
0.296309
0.285753
0.184646
0.305838
0.384368
0.266822
0.2264
0.215392
0.20746
0.400114
0.376166
0.250971
0.367788
0.260676
0.210447
0.29707
0.302032
0.283702
0.278579
0.349971
0.204584
0.178556
0.361426
0.197858
0.335028
0.223676
0.200052
0.274156
0.290585
0.248165
0.304871
0.296968
0.242654
0.406719
0.247259
0.270224
0.263475
0.186992
0.271817
0.303483
0.329133
0.292693
0.350096
0.263049
0.264542
0.296162
0.314686
0.21347
0.345225
0.334987
0.270334
0.422946
0.293641
0.193409
0.223704
0.341912
0.219655
0.322211
0.333255
0.374772
0.419757
0.446028
0.3392
0.301282
0.301984
0.326456
0.282711
0.348904
0.184534
0.222007
0.231756
0.194201
0.199514
0.180774
0.244469
0.337784
0.30661
0.294412
0.45734
0.242594
0.216829
0.239561
0.306382
0.235088
0.267658
0.366967
0.202713
0.245443
0.21319
0.216602
0.31915
0.229191
0.223781
0.201458
0.234027
0.156857
0.276378
0.336456
0.206528
0.255906
0.27356
0.363788
0.272861
0.305929
0.281468
0.277637
0.323444
0.308804
0.25519
0.226327
0.288233
0.234748
0.378403
0.205451
0.315851
0.277174
0.286011
0.280074
0.28641
0.389716
0.263386
0.348536
0.24152
0.347954
0.482721
0.334513
0.178219
0.278706
0.281686
0.291391
0.246896
0.263603
0.276864
0.325775
0.224226
0.294721
0.226745
0.176245
0.191025
0.269015
0.199802
0.205685
0.23128
0.287243
0.295816
0.345032
0.245383
0.268544
0.339545
0.191169
0.213424
0.357244
0.433506
0.294931
0.255492
0.233453
0.309807
0.252965
0.286038
0.264111
0.312143
0.33576
0.231177
0.197238
0.238865
0.225296
0.262693
0.292751
0.236679
0.178854
0.197022
0.236035
0.416731
0.354074
0.329438
0.298663
0.232747
0.453041
0.293105
0.182939
0.335594
0.282527
0.313502
0.26614
0.27899
0.220538
0.308262
0.293312
0.287574
0.301906
0.235035
0.183111
0.280015
0.272071
0.233706
0.266609
0.351348
0.213901
0.196388
0.168575
0.376956
0.217306
0.245203
0.30386
0.314497
0.302949
0.261213
0.241168
0.415358
0.238822
0.217419
0.340077
0.268078
0.287272
0.286204
0.250253
0.30635
0.27677
0.184963
0.274517
0.240524
0.224284
0.263309
0.162562
0.296567
0.254939
0.37186
0.24319
0.278537
0.219101
0.247435
0.266593
0.250283
0.165796
0.1484
0.268137
0.260716
0.215817
0.306319
0.158756
0.390052
0.243048
0.293003
0.34874
0.316405
0.173285
0.220186
0.371387
0.25293
0.300876
0.178425
0.234494
0.251777
0.187099
0.286879
0.229488
0.256402
0.209393
0.31819
0.274332
0.153819
0.302199
0.264925
0.272063
0.339639
0.194179
0.341245
0.25073
0.301134
0.184072
0.204736
0.334457
0.260009
0.211884
0.293473
0.224012
0.386785
0.262928
0.225794
0.242634
0.195291
0.225441
0.286097
0.209732
0.221634
0.295942
0.391563
0.243989
0.397891
0.446241
0.188278
0.29753
0.237238
0.317648
0.211183
0.312892
0.180234
0.317842
0.26133
0.261047
0.331281
0.314924
0.297958
0.286592
0.319949
0.206299
0.357534
0.264924
0.281582
0.27062
0.348434
0.176503
0.231424
0.339876
0.319083
0.347955
0.354968
0.230348
0.233765
0.267702
0.280422
0.382942
0.279202
0.402251
0.323023
0.384561
0.307261
0.303031
0.367861
0.288444
0.343767
0.278543
0.309957
0.250137
0.379098
0.215507
0.356487
0.292021
0.322391
0.262453
0.28739
0.279163
0.30885
0.209827
0.205093
0.202193
0.376034
0.255716
0.336243
0.240977
0.235877
0.206288
0.24931
0.221958
0.221221
0.372828
0.195134
0.327436
0.252755
0.300882
0.349291
0.323563
0.259616
0.257453
0.168513
0.178818
0.247138
0.212058
0.195564
0.247837
0.203953
0.321857
0.295695
0.279651
0.256298
0.228983
0.379774
0.314268
0.324496
0.394496
0.212803
0.317091
0.202639
0.235261
0.172252
0.306322
0.282346
0.202646
0.213321
0.190804
0.250443
0.329257
0.245848
0.238984
0.235151
0.227352
0.287395
0.324568
0.205253
0.229901
0.322835
0.276337
0.235204
0.235042
0.211636
0.254777
0.379469
0.362522
0.399409
0.363899
0.247801
0.276882
0.232228
0.196495
0.235564
0.328004
0.322601
0.264952
0.287346
0.389008
0.378645
0.39208
0.243243
0.263378
0.257298
0.208996
0.263422
0.323435
0.320827
0.254831
0.303317
0.325033
0.337485
0.33569
0.262846
0.199381
0.174722
0.181216
0.237275
0.364401
0.271355
0.261405
0.39304
0.257377
0.305014
0.275719
0.192453
0.375271
0.208272
0.249644
0.401113
0.251216
0.276119
0.242442
0.209451
0.354249
0.319561
0.207976
0.224992
0.298442
0.260882
0.269356
0.345929
0.212864
0.23567
0.228012
0.199027
0.310549
0.282968
0.192172
0.355042
0.272193
0.23653
0.223246
0.154179
0.305253
0.298287
0.200849
0.171757
0.234263
0.323599
0.271035
0.322271
0.374021
0.238531
0.311739
0.246855
0.273943
0.347997
0.374454
0.29322
0.281565
0.26629
0.370742
0.244095
0.325111
0.298439
0.317627
0.313956
0.303044
0.273984
0.306786
0.316502
0.190106
0.30702
0.248874
0.209422
0.302559
0.251538
0.23787
0.26904
0.328967
0.398433
0.347446
0.251787
0.190968
0.290153
0.232489
0.340147
0.373977
0.294361
0.174955
0.265538
0.232185
0.287287
0.265037
0.213976
0.197089
0.226857
0.273497
0.230189
0.260416
0.390167
0.27062
0.206578
0.363118
0.287137
0.312928
0.275321
0.252445
0.259071
0.279462
0.194028
0.389474
0.305411
0.281785
0.245929
0.228001
0.328976
0.201329
0.333579
0.22599
0.290752
0.271823
0.19928
0.269573
0.403726
0.169387
0.43648
0.295332
0.305031
0.335185
0.310236
0.364282
0.291747
0.289204
0.174492
0.140166
0.321522
0.249547
0.302566
0.277227
0.218782
0.323387
0.253957
0.250374
0.298967
0.410142
0.295597
0.22579
0.23074
0.193324
0.369746
0.3538
0.374816
0.2767
0.312393
0.266193
0.359364
0.258815
0.258651
0.284346
0.261896
0.371142
0.389473
0.283191
0.337317
0.346852
0.265627
0.315445
0.296077
0.285454
0.396861
0.342087
0.40034
0.30122
0.298251
0.313859
0.2617
0.337809
0.329189
0.260321
0.303673
0.350703
0.247705
0.293276
0.304657
0.182856
0.261669
0.280952
0.195552
0.252776
0.22296
0.240377
0.28578
0.291266
0.271104
0.430014
0.419939
0.162289
0.309946
0.353045
0.259093
0.302307
0.314027
0.302978
0.274451
0.239453
0.325084
0.351759
0.338102
0.415811
0.35511
0.266983
0.303746
0.227565
0.233867
0.241482
0.290081
0.300564
0.327725
0.340308
0.22393
0.182823
0.311435
0.286761
0.271773
0.405758
0.277684
0.250749
0.182372
0.223002
0.248198
0.213082
0.357787
0.23729
0.397308
0.245755
0.219838
0.297213
0.234263
0.247413
0.210151
0.298116
0.329247
0.212316
0.282081
0.239341
0.329541
0.264934
0.334548
0.439688
0.343308
0.151964
0.299067
0.374911
0.251947
0.259949
0.153538
0.297223
0.440016
0.283883
0.161479
0.241554
0.270422
0.270413
0.282646
0.158257
0.197183
0.305734
0.204602
0.217305
0.316132
0.256085
0.143756
0.255598
0.326
0.211817
0.285603
0.348056
0.246574
0.246337
0.212401
0.321223
0.335473
0.318712
0.308754
0.224374
0.289036
0.330683
0.376439
0.30547
0.2791
0.440141
0.248045
0.241597
0.43194
0.269115
0.314299
0.295398
0.319362
0.278567
0.188374
0.254034
0.251283
0.299793
0.231377
0.191055
0.295233
0.225822
0.167288
0.254346
0.343739
0.269464
0.234833
0.289849
0.20597
0.18452
0.398651
0.198417
0.292585
0.219889
0.288986
0.266049
0.223623
0.277881
0.295515
0.351746
0.175787
0.192986
0.287357
0.224403
0.157516
0.20713
0.179123
0.255372
0.355712
0.189652
0.245879
0.229805
0.256786
0.269569
0.30298
0.185429
0.3631
0.397425
0.220026
0.29779
0.294905
0.218201
0.244052
0.290509
0.230091
0.357589
0.29262
0.247452
0.409894
0.278632
0.197051
0.426295
0.352753
0.227585
0.209007
0.263754
0.338186
0.281149
0.374723
0.202644
0.227641
0.35919
0.21921
0.28679
0.291674
0.266652
0.203644
0.328711
0.397177
0.253443
0.281379
0.28022
0.250204
0.177737
0.205291
0.350501
0.305512
0.274744
0.236978
0.290787
0.235418
0.189333
0.364935
0.278796
0.306022
0.217899
0.200382
0.249876
0.214592
0.289753
0.226728
0.213409
0.214886
0.240989
0.279023
0.250446
0.262967
0.311007
0.181723
0.220258
0.228107
0.296946
0.282338
0.28633
0.349982
0.408595
0.41296
0.20149
0.23894
0.288169
0.199679
0.221011
0.333398
0.287371
0.400476
0.315655
0.234036
0.2427
0.258482
0.262372
0.306567
0.291906
0.170248
0.303065
0.322226
0.202162
0.313934
0.345992
0.266361
0.390134
0.238373
0.278853
0.355501
0.227786
0.235777
0.313188
0.284836
0.163385
0.334562
0.18669
0.227654
0.328792
0.416112
0.282935
0.414763
0.360369
0.340239
0.32885
0.21656
0.298293
0.268545
0.36084
0.275704
0.266801
0.210419
0.439332
0.284207
0.310747
0.228734
0.213357
0.271551
0.376595
0.249264
0.288567
0.226796
0.298695
0.339748
0.369579
0.34157
0.251762
0.412016
0.376533
0.33614
0.259202
0.294845
0.235703
0.307655
0.30189
0.263487
0.274753
0.230814
0.336405
0.215884
0.263027
0.322131
0.370859
0.246019
0.33329
0.292485
0.196982
0.196245
0.120715
0.292812
0.291707
0.28758
0.313376
0.389454
0.210365
0.302485
0.215953
0.274577
0.183506
0.331077
0.27627
0.156484
0.243449
0.205119
0.385746
0.256089
0.171051
0.294569
0.332278
0.165025
0.260635
0.29382
0.177562
0.222898
0.326354
0.209332
0.218398
0.236345
0.408902
0.250101
0.329725
0.304326
0.369432
0.2274
0.324227
0.292321
0.270889
0.241045
0.233883
0.235525
0.322287
0.292055
0.205489
0.336891
0.266034
0.246551
0.29976
0.209226
0.251348
0.280073
0.241131
0.337443
0.349373
0.36671
0.382152
0.432307
0.382789
0.299969
0.178997
0.32944
0.303236
0.267501
0.318511
0.303092
0.248147
0.143521
0.201945
0.248765
0.201658
0.272474
0.239231
0.244177
0.242999
0.363219
0.254963
0.2459
0.284499
0.297529
0.243963
0.222584
0.13904
0.214382
0.2592
0.243536
0.264797
0.343291
0.32249
0.342846
0.215139
0.332694
0.250844
0.271584
0.249618
0.305117
0.240637
0.262082
0.306626
0.177658
0.362564
0.314516
0.307525
0.271047
0.166879
0.355588
0.330934
0.309397
0.293665
0.414591
0.235349
0.251146
0.317972
0.2154
0.235927
0.250858
0.391776
0.227372
0.377569
0.343567
0.354821
0.289233
0.2333
0.21175
0.243624
0.329078
0.247832
0.287041
0.267245
0.212839
0.146734
0.33979
0.201451
0.258649
0.203523
0.298388
0.25467
0.304572
0.245719
0.262632
0.351606
0.199342
0.341082
0.25248
0.200385
0.387585
0.284352
0.187175
0.220482
0.170681
0.218222
0.173363
0.219756
0.356778
0.208362
0.317231
0.171303
0.249235
0.34979
0.26956
0.238032
0.402112
0.253681
0.319236
0.358966
0.258396
0.262144
0.341741
0.325852
0.22977
0.249381
0.36426
0.224131
0.391344
0.298476
0.287936
0.314763
0.249856
0.257057
0.317309
0.13617
0.162234
0.236662
0.19743
0.318017
0.241506
0.233903
0.248424
0.266014
0.275601
0.255078
0.320687
0.234949
0.431937
0.298959
0.174417
0.355128
0.290148
0.216417
0.329593
0.296873
0.291386
0.232537
0.246418
0.236163
0.268754
0.292597
0.292857
0.323028
0.276725
0.235707
0.236974
0.275391
0.303582
0.325496
0.367242
0.307747
0.302235
0.279002
0.276311
0.350602
0.25808
0.244962
0.355431
0.367475
0.233859
0.199631
0.338315
0.356121
0.238024
0.292588
0.186613
0.244032
0.313104
0.271674
0.344823
0.392547
0.317273
0.261946
0.257505
0.357874
0.197516
0.381721
0.166263
0.297373
0.333242
0.201542
0.320202
0.19254
0.291657
0.34801
0.281145
0.180071
0.27096
0.229053
0.278347
0.248454
0.242509
0.164101
0.327219
0.245483
0.264619
0.270458
0.300252
0.237342
0.401522
0.29299
0.283698
0.240664
0.308459
0.274547
0.214804
0.269538
0.159445
0.291479
0.294504
0.386586
0.234581
0.333869
0.156589
0.243368
0.337871
0.184115
0.383934
0.268402
0.277236
0.172082
0.273132
0.300734
0.327834
0.240743
0.247313
0.325194
0.312021
0.304784
0.316137
0.320233
0.305537
0.228017
0.285032
0.191205
0.288374
0.314711
0.291124
0.276955
0.238605
0.116289
0.442044
0.371018
0.30187
0.291085
0.201359
0.230552
0.252683
0.222981
0.251598
0.206856
0.271156
0.193805
0.247176
0.191876
0.368189
0.358977
0.358502
0.224896
0.238647
0.208143
0.272549
0.235887
0.248638
0.22779
0.322642
0.295126
0.282988
0.138446
0.190818
0.147554
0.247076
0.241408
0.193681
0.274305
0.323552
0.256061
0.361077
0.241884
0.256352
0.246412
0.242449
0.336419
0.196148
0.371294
0.273361
0.328211
0.217522
0.359071
0.250685
0.18593
0.277355
0.34446
0.313379
0.197292
0.318817
0.235496
0.183687
0.198378
0.211147
0.182436
0.307125
0.29729
0.213306
0.237832
0.25049
0.298207
0.311245
0.266324
0.343814
0.384648
0.185792
0.23264
0.306064
0.281078
0.237442
0.294954
0.266378
0.327155
0.286977
0.231594
0.290749
0.273292
0.227113
0.27428
0.292428
0.259957
0.302303
0.24687
0.243806
0.256215
0.234965
0.190603
0.362289
0.345774
0.256638
0.307225
0.356684
0.330362
0.244387
0.272983
0.255097
0.387332
0.338671
0.315151
0.169161
0.297309
0.304802
0.233376
0.266379
0.320046
0.260244
0.263424
0.279386
0.19856
0.284837
0.216255
0.261789
0.288311
0.234189
0.274441
0.334798
0.250231
0.219234
0.364104
0.368738
0.315453
0.301791
0.254546
0.29435
0.251355
0.284695
0.233689
0.281015
0.284811
0.244927
0.296728
0.265965
0.208616
0.280041
0.179672
0.204204
0.353444
0.206289
0.219305
0.24971
0.231103
0.343507
0.30289
0.316567
0.21172
0.181281
0.202612
0.239442
0.315978
0.313583
0.286527
0.381446
0.347439
0.291794
0.214204
0.218057
0.208392
0.267848
0.255885
0.212152
0.267999
0.368967
0.277958
0.215033
0.365222
0.230246
0.33172
0.217302
0.302802
0.214906
0.353469
0.251638
0.439608
0.306556
0.220305
0.208258
0.299622
0.174192
0.327817
0.248644
0.337168
0.32146
0.268346
0.285971
0.288654
0.160701
0.306888
0.304995
0.26552
0.319211
0.198995
0.314546
0.289123
0.256795
0.305116
0.145382
0.302925
0.217701
0.348693
0.291499
0.285567
0.318853
0.249612
0.176508
0.16798
0.330983
0.313475
0.301415
0.297701
0.308041
0.281142
0.308468
0.345897
0.200835
0.295394
0.293801
0.221008
0.21119
0.146701
0.319898
0.266832
0.199473
0.170377
0.230382
0.233592
0.315533
0.35964
0.508696
0.314874
0.336176
0.327208
0.238839
0.275046
0.237841
0.310836
0.173882
0.338523
0.192804
0.267259
0.302976
0.229419
0.26267
0.248322
0.297392
0.197841
0.287865
0.203329
0.366032
0.343743
0.253397
0.267992
0.252403
0.304395
0.312925
0.303507
0.247003
0.24855
0.385774
0.266131
0.249718
0.341689
0.199852
0.282737
0.240742
0.229315
0.263873
0.284775
0.242056
0.24127
0.383586
0.239694
0.279387
0.247583
0.336268
0.2755
0.226962
0.215787
0.25499
0.284365
0.199111
0.279857
0.180306
0.308107
0.253822
0.33097
0.195831
0.336428
0.263635
0.190166
0.206176
0.291278
0.277292
0.204471
0.272472
0.282094
0.313517
0.27005
0.233544
0.309472
0.254479
0.378913
0.290867
0.231282
0.275157
0.23275
0.315722
0.257683
0.25428
0.269829
0.203669
0.24593
0.242294
0.336269
0.18286
0.166186
0.303079
0.366162
0.339539
0.229598
0.24197
0.233019
0.230474
0.306466
0.22674
0.184502
0.236386
0.457652
0.25973
0.281098
0.18574
0.261793
0.389772
0.280122
0.161717
0.263202
0.267788
0.316197
0.275969
0.186862
0.304442
0.21332
0.250884
0.204486
0.208036
0.205235
0.304558
0.231087
0.260632
0.268011
0.25145
0.3842
0.257334
0.381331
0.248325
0.323397
0.252062
0.392534
0.179547
0.213469
0.342058
0.187738
0.28708
0.22892
0.273718
0.294565
0.141624
0.245331
0.232749
0.25628
0.233463
0.339207
0.297039
0.213071
0.25635
0.362562
0.178896
0.320003
0.308288
0.323596
0.209714
0.212836
0.21391
0.235161
0.301643
0.202128
0.294589
0.151854
0.238012
0.359262
0.25134
0.288326
0.280611
0.257254
0.278806
0.304141
0.265704
0.284461
0.37118
0.258788
0.269122
0.314563
0.209204
0.337518
0.27088
0.27679
0.209329
0.176833
0.268983
0.238241
0.237863
0.20531
0.229227
0.350009
0.224226
0.245337
0.3103
0.195753
0.201152
0.343107
0.251983
0.212559
0.351805
0.254831
0.336017
0.3138
0.262083
0.36814
0.243238
0.229863
0.138916
0.324659
0.299506
0.173118
0.262931
0.235472
0.237933
0.20982
0.247954
0.326424
0.296802
0.471063
0.188425
0.303488
0.281088
0.220333
0.258036
0.330706
0.27407
0.237127
0.178499
0.336946
0.33335
0.226237
0.333085
0.34279
0.218981
0.195122
0.269701
0.367502
0.300496
0.177999
0.31297
0.285938
0.169873
0.283454
0.136257
0.318985
0.266306
0.269217
0.236418
0.33494
0.235144
0.218952
0.202409
0.371959
0.316388
0.223192
0.339565
0.242094
0.272282
0.231576
0.374249
0.293258
0.260247
0.254042
0.257854
0.240376
0.222443
0.309454
0.291574
0.340032
0.201103
0.148965
0.331174
0.352383
0.339172
0.216893
0.293152
0.189854
0.304089
0.29669
0.170822
0.412839
0.279845
0.242199
0.195639
0.301508
0.259212
0.248644
0.228446
0.356396
0.256429
0.226426
0.190505
0.290832
0.300278
0.245019
0.318074
0.21637
0.221665
0.243574
0.328948
0.267577
0.330838
0.348167
0.255347
0.385991
0.23925
0.35097
0.370081
0.381046
0.334463
0.258889
0.371479
0.230206
0.309437
0.206204
0.211675
0.316298
0.283282
0.249139
0.20528
0.341758
0.306685
0.356446
0.311948
0.253275
0.317497
0.283314
0.208816
0.31641
0.308463
0.185129
0.298793
0.407946
0.27582
0.255175
0.276921
0.254809
0.286721
0.267278
0.307622
0.254474
0.345685
0.19131
0.205814
0.309512
0.337143
0.230993
0.281625
0.224023
0.293372
0.216005
0.196682
0.333937
0.273986
0.22663
0.316429
0.24665
0.280711
0.266181
0.41412
0.259877
0.281821
0.236453
0.267465
0.332081
0.18422
0.280264
0.303181
0.229701
0.258765
0.207571
0.370524
0.174889
0.230137
0.261568
0.335572
0.242605
0.197572
0.360066
0.22921
0.303938
0.150798
0.340395
0.302916
0.312051
0.217525
0.219515
0.213156
0.26444
0.298374
0.178402
0.208772
0.155912
0.160817
0.359604
0.245559
0.248566
0.318833
0.215183
0.285407
0.293561
0.295005
0.277859
0.163882
0.21156
0.296861
0.329153
0.391788
0.29346
0.367588
0.283864
0.257225
0.280271
0.25632
0.35063
0.301528
0.405744
0.28037
0.373746
0.313714
0.141219
0.297859
0.259573
0.339912
0.363376
0.347574
0.343064
0.214208
0.319867
0.289276
0.168409
0.294916
0.32005
0.288503
0.274541
0.307023
0.313893
0.297327
0.224713
0.313467
0.258473
0.216085
0.270199
0.314595
0.323359
0.190741
0.188442
0.261363
0.262764
0.158934
0.234046
0.223259
0.284852
0.208788
0.341786
0.381716
0.269179
0.258251
0.317469
0.217945
0.277647
0.308947
0.187136
0.276834
0.309701
0.237803
0.242864
0.179738
0.338046
0.344312
0.297948
0.374679
0.316242
0.323833
0.339438
0.353674
0.391498
0.28904
0.310416
0.39582
0.282613
0.371708
0.262753
0.207216
0.318656
0.317917
0.269538
0.309327
0.214622
0.318515
0.191467
0.169619
0.31483
0.217291
0.253982
0.241176
0.200067
0.345133
0.23822
0.182679
0.238896
0.42963
0.312499
0.276012
0.256541
0.364111
0.286074
0.252814
0.121574
0.24568
0.299142
0.26542
0.28876
0.225446
0.29158
0.329385
0.280964
0.271468
0.276619
0.278742
0.281007
0.176097
0.332012
0.307785
0.286709
0.223222
0.261877
0.351093
0.210444
0.258193
0.302898
0.336739
0.279985
0.329955
0.233041
0.310202
0.238881
0.286754
0.322043
0.290432
0.195463
0.269529
0.301924
0.27585
0.247686
0.327573
0.227092
0.260527
0.32348
0.223547
0.298782
0.222907
0.247316
0.303929
0.344936
0.202063
0.226769
0.357948
0.302037
0.377458
0.290243
0.287779
0.302647
0.312779
0.23848
0.274566
0.267306
0.348417
0.248987
0.32425
0.267489
0.242116
0.310559
0.18504
0.205809
0.216929
0.267862
0.241525
0.242343
0.231935
0.169831
0.324064
0.181825
0.306827
0.265644
0.319704
0.253876
0.312011
0.190133
0.254382
0.263383
0.178691
0.232173
0.273275
0.250701
0.345611
0.256061
0.262845
0.352022
0.276584
0.243393
0.233605
0.299201
0.203941
0.277681
0.246836
0.30697
0.35867
0.393975
0.245303
0.260849
0.246664
0.277282
0.285813
0.301725
0.289651
0.322278
0.306264
0.269731
0.261669
0.326938
0.316807
0.303985
0.302201
0.290271
0.351832
0.264718
0.211228
0.194087
0.248825
0.307019
0.190499
0.322951
0.138802
0.363282
0.235057
0.360476
0.267769
0.149982
0.314694
0.402127
0.327143
0.258137
0.322439
0.366901
0.25096
0.3477
0.181343
0.249752
0.354855
0.196017
0.254669
0.226236
0.235864
0.315715
0.271405
0.290967
0.276744
0.233373
0.212959
0.218641
0.122117
0.358532
0.235863
0.136934
0.255588
0.282179
0.313639
0.341354
0.149562
0.340254
0.304163
0.216971
0.364455
0.250383
0.218974
0.341817
0.331219
0.300591
0.335868
0.345214
0.272904
0.42107
0.304408
0.347662
0.323416
0.261568
0.159867
0.227846
0.24756
0.318196
0.339604
0.326203
0.23868
0.249728
0.259197
0.218524
0.24787
0.181374
0.171585
0.136078
0.297916
0.258123
0.27407
0.258142
0.267677
0.358093
0.360285
0.236175
0.178678
0.209659
0.334557
0.268949
0.353119
0.26154
0.14383
0.385887
0.295195
0.39695
0.249232
0.139735
0.24502
0.179619
0.320339
0.291151
0.303428
0.235319
0.162878
0.242009
0.19456
0.247506
0.358089
0.28387
0.239004
0.277493
0.14114
0.318011
0.270432
0.180425
0.240085
0.304562
0.352474
0.332946
0.277405
0.334844
0.236816
0.287464
0.228674
0.276449
0.319059
0.220489
0.43232
0.319121
0.312488
0.273972
0.261449
0.208373
0.240407
0.191316
0.198552
0.324659
0.269541
0.16202
0.31707
0.347629
0.329682
0.345712
0.188869
0.182755
0.390341
0.245899
0.253705
0.204365
0.323909
0.238897
0.286334
0.247154
0.330096
0.293798
0.276397
0.264574
0.294638
0.307144
0.237659
0.293749
0.288191
0.311074
0.363289
0.273378
0.184981
0.387963
0.306403
0.30269
0.329677
0.262429
0.187903
0.280884
0.267932
0.242868
0.164054
0.324837
0.20752
0.196667
0.34727
0.35841
0.264422
0.43198
0.285739
0.349945
0.359334
0.278052
0.281013
0.334086
0.256262
0.303232
0.272985
0.121616
0.267762
0.252444
0.171283
0.302866
0.345273
0.279396
0.242704
0.319264
0.276424
0.343202
0.289188
0.193044
0.284082
0.36231
0.528829
0.297669
0.266659
0.235593
0.195967
0.241525
0.236361
0.290722
0.214831
0.300639
0.328703
0.28655
0.280511
0.255595
0.255933
0.269601
0.23249
0.189577
0.272413
0.228643
0.198459
0.240987
0.202774
0.239643
0.300991
0.398055
0.268902
0.265991
0.398417
0.31407
0.197919
0.31977
0.356082
0.275706
0.364275
0.37262
0.376103
0.339409
0.256472
0.278141
0.26721
0.245158
0.140858
0.265161
0.356931
0.232236
0.259122
0.369305
0.340986
0.212049
0.221536
0.18332
0.256222
0.24952
0.268063
0.232725
0.293438
0.345488
0.304284
0.5122
0.27972
0.317719
0.295053
0.196049
0.309201
0.388518
0.237293
0.209969
0.321752
0.279225
0.333266
0.231057
0.310628
0.267563
0.45001
0.218163
0.308232
0.257314
0.24617
0.3605
0.240085
0.229572
0.268961
0.32998
0.310503
0.336594
0.308922
0.185329
0.193029
0.307119
0.334656
0.287879
0.336002
0.293659
0.299304
0.239457
0.192565
0.255864
0.329425
0.234925
0.316389
0.238983
0.3309
0.256738
0.356472
0.241261
0.381065
0.371944
0.242503
0.246798
0.267095
0.251083
0.347061
0.269556
0.122038
0.265542
0.222517
0.268383
0.326468
0.243795
0.216873
0.326889
0.337006
0.270955
0.332383
0.335059
0.390055
0.331329
0.301009
0.301119
0.232256
0.3401
0.233008
0.223639
0.291309
0.177758
0.28702
0.142122
0.203067
0.32377
0.262464
0.297991
0.397185
0.249028
0.2263
0.257712
0.219086
0.175272
0.255558
0.303466
0.249944
0.226824
0.241606
0.404201
0.323559
0.304563
0.259443
0.24802
0.238479
0.169302
0.24878
0.210192
0.275757
0.274582
0.377153
0.11888
0.321075
0.354717
0.366357
0.333976
0.269906
0.305886
0.355613
0.294266
0.240391
0.179695
0.249695
0.161382
0.287847
0.272139
0.239234
0.305017
0.328497
0.297956
0.243492
0.263278
0.24524
0.288099
0.267738
0.192253
0.274808
0.327339
0.268529
0.408195
0.3333
0.32856
0.154187
0.238625
0.21127
0.397291
0.310491
0.327568
0.263465
0.296056
0.21323
0.350019
0.240017
0.399768
0.309609
0.287958
0.169538
0.351891
0.266301
0.259184
0.237385
0.311312
0.223332
0.254459
0.315433
0.277063
0.254879
0.308924
0.113527
0.264555
0.233387
0.240541
0.319307
0.303332
0.259773
0.252813
0.234479
0.361802
0.330339
0.2926
0.262951
0.322417
0.261258
0.238863
0.265878
0.24443
0.299633
0.322278
0.258421
0.27701
0.355286
0.364787
0.21043
0.15875
0.320664
0.318695
0.292849
0.280275
0.264082
0.361292
0.321728
0.287313
0.305974
0.332252
0.169122
0.294738
0.314833
0.254612
0.242518
0.320698
0.242245
0.313168
0.200175
0.255943
0.291189
0.242137
0.279297
0.287549
0.375415
0.240536
0.338327
0.292805
0.273139
0.287456
0.379057
0.205399
0.30473
0.233061
0.304411
0.285779
0.174484
0.187979
0.348118
0.291072
0.240456
0.187787
0.24306
0.282502
0.293671
0.276815
0.194871
0.198278
0.251773
0.144493
0.281518
0.354516
0.24916
0.41447
0.312977
0.224252
0.307247
0.360849
0.169343
0.349733
0.309116
0.241809
0.279251
0.265918
0.324238
0.244116
0.243173
0.189348
0.290534
0.3698
0.240696
0.239607
0.139415
0.36328
0.366059
0.286804
0.321428
0.228509
0.255257
0.259028
0.361175
0.265297
0.204896
0.323916
0.284349
0.18762
0.24468
0.349801
0.312269
0.277414
0.210318
0.249156
0.307506
0.30606
0.293614
0.291922
0.284764
0.202212
0.335053
0.314846
0.390168
0.329938
0.201937
0.26286
0.269471
0.269443
0.262133
0.347273
0.336073
0.223192
0.323418
0.36964
0.226725
0.375836
0.176707
0.33584
0.223401
0.296875
0.181934
0.236703
0.290737
0.295975
0.21692
0.319233
0.238323
0.219112
0.314772
0.233056
0.263486
0.193968
0.331069
0.2861
0.23079
0.242088
0.285787
0.297993
0.175239
0.234742
0.305002
0.19244
0.32043
0.25281
0.274216
0.35107
0.23332
0.307682
0.242588
0.284763
0.292854
0.307687
0.301131
0.196661
0.355593
0.199252
0.347635
0.219667
0.158445
0.239099
0.242198
0.275382
0.286262
0.295267
0.262552
0.348707
0.321772
0.286154
0.302336
0.250854
0.424721
0.293445
0.236656
0.313143
0.29717
0.223805
0.359366
0.285333
0.201235
0.259909
0.202923
0.29192
0.228772
0.252225
0.231723
0.209778
0.190329
0.205895
0.309223
0.332201
0.242923
0.376736
0.16691
0.326184
0.334359
0.253248
0.456668
0.212996
0.201064
0.286073
0.239143
0.246712
0.236386
0.240984
0.283099
0.289429
0.395933
0.173551
0.338984
0.302068
0.219193
0.283001
0.336908
0.155101
0.320387
0.301951
0.250015
0.325738
0.31348
0.273769
0.241596
0.215714
0.153575
0.224822
0.236759
0.259797
0.305033
0.286648
0.20338
0.225916
0.297336
0.411623
0.276397
0.293165
0.255481
0.292838
0.275524
0.307205
0.22151
0.138267
0.226869
0.267677
0.344605
0.182027
0.237654
0.367456
0.319132
0.336626
0.3204
0.237813
0.248588
0.32571
0.263949
0.344168
0.306826
0.281321
0.265001
0.342997
0.230678
0.327378
0.390293
0.343236
0.378802
0.276262
0.250147
0.287733
0.272612
0.154461
0.244433
0.322598
0.23821
0.365202
0.300952
0.233494
0.285864
0.222132
0.261346
0.360644
0.233432
0.241175
0.281115
0.322122
0.277761
0.309021
0.26823
0.343015
0.290676
0.277654
0.293702
0.320304
0.341501
0.277416
0.220838
0.255584
0.264671
0.334071
0.238071
0.210364
0.265717
0.243457
0.295342
0.19377
0.203269
0.324179
0.256667
0.395054
0.347364
0.199716
0.221447
0.232741
0.210053
0.304304
0.284636
0.274831
0.257804
0.268999
0.227026
0.30078
0.226422
0.28759
0.253885
0.272464
0.299389
0.295943
0.212724
0.329561
0.293265
0.3381
0.209864
0.34423
0.143185
0.199311
0.236624
0.267426
0.37155
0.372325
0.280053
0.31702
0.354781
0.171747
0.190326
0.308206
0.290343
0.22231
0.278488
0.223426
0.267855
0.306171
0.225801
0.180884
0.265686
0.25867
0.227269
0.187574
0.308985
0.182357
0.327146
0.150264
0.264271
0.309278
0.187164
0.25169
0.314276
0.220421
0.229753
0.308876
0.18428
0.229195
0.260117
0.242288
0.303174
0.294499
0.190628
0.192924
0.270834
0.3085
0.29837
0.247227
0.312021
0.235686
0.178418
0.323046
0.206645
0.255107
0.303626
0.293603
0.378078
0.352944
0.369903
0.278238
0.245113
0.283671
0.225793
0.283154
0.22152
0.300374
0.31184
0.508671
0.302483
0.255807
0.27386
0.378365
0.335746
0.278705
0.33308
0.285784
0.183751
0.218647
0.235842
0.244245
0.381171
0.293947
0.210097
0.312682
0.306224
0.216371
0.352035
0.26874
0.202903
0.308019
0.227272
0.264494
0.248313
0.213811
0.243598
0.204022
0.137655
0.233792
0.301925
0.217198
0.254171
0.276785
0.364823
0.396811
0.29123
0.239857
0.305658
0.273804
0.223808
0.262079
0.385702
0.185456
0.251603
0.300075
0.218576
0.289256
0.252149
0.225647
0.384463
0.301691
0.194212
0.301275
0.37615
0.269476
0.248471
0.291258
0.202418
0.307169
0.240367
0.281416
0.220649
0.309316
0.268964
0.32988
0.328138
0.220192
0.364526
0.33728
0.176357
0.224658
0.260773
0.200238
0.323453
0.320891
0.369957
0.274876
0.167852
0.18915
0.279581
0.301203
0.256857
0.291712
0.191102
0.277365
0.273657
0.250377
0.260038
0.317261
0.226485
0.246795
0.205987
0.244112
0.321388
0.358464
0.288967
0.292761
0.327479
0.238559
0.260967
0.334872
0.169805
0.344361
0.282975
0.252027
0.237899
0.287924
0.182911
0.31251
0.321741
0.240311
0.247278
0.34052
0.266001
0.250616
0.400701
0.343511
0.348513
0.30827
0.304612
0.308932
0.316096
0.464674
0.219877
0.250596
0.324732
0.272339
0.211695
0.234183
0.207931
0.275204
0.467156
0.217759
0.258707
0.342143
0.221293
0.258233
0.260009
0.359112
0.221338
0.20472
0.276169
0.29256
0.27866
0.220044
0.268227
0.227586
0.344168
0.245391
0.340577
0.256031
0.314745
0.308576
0.237308
0.25721
0.245949
0.267794
0.261092
0.322117
0.239863
0.318343
0.268996
0.303288
0.334773
0.199818
0.345065
0.351553
0.243289
0.252204
0.212819
0.325134
0.233319
0.269425
0.276445
0.323699
0.226087
0.259225
0.252815
0.279947
0.203397
0.312968
0.358998
0.294424
0.267463
0.38468
0.384928
0.211859
0.271957
0.302641
0.208003
0.27169
0.235238
0.218641
0.229408
0.350425
0.175722
0.196767
0.30344
0.220591
0.222945
0.243514
0.236595
0.271285
0.221811
0.277776
0.35586
0.223799
0.258597
0.260776
0.453078
0.219913
0.289733
0.299688
0.284957
0.227784
0.373138
0.259201
0.297392
0.236681
0.29062
0.157476
0.297243
0.194931
0.328472
0.295203
0.284767
0.371271
0.224239
0.244417
0.369628
0.292414
0.315919
0.212741
0.275763
0.29704
0.262378
0.301094
0.280495
0.227971
0.251242
0.18183
0.343891
0.302893
0.273111
0.219304
0.320798
0.263695
0.345255
0.419201
0.295677
0.245317
0.373179
0.164044
0.333773
0.269286
0.22673
0.315707
0.320951
0.289468
0.262224
0.205065
0.256843
0.228995
0.254923
0.245659
0.262458
0.236315
0.263265
0.290615
0.293701
0.339805
0.292069
0.291728
0.162835
0.305829
0.19285
0.312064
0.233308
0.302188
0.227858
0.232856
0.327494
0.242317
0.19659
0.192871
0.302941
0.315885
0.318147
0.243585
0.257257
0.284328
0.294053
0.310821
0.207011
0.23485
0.216075
0.232109
0.199894
0.26153
0.249219
0.317235
0.284324
0.227206
0.255202
0.372834
0.297965
0.292883
0.192833
0.305545
0.236516
0.412618
0.212548
0.236584
0.281161
0.24594
0.220144
0.320456
0.342159
0.354633
0.304725
0.234277
0.229046
0.274897
0.22547
0.23337
0.24876
0.239124
0.224111
0.188638
0.235765
0.270616
0.330146
0.278178
0.316844
0.35717
0.22438
0.220566
0.347713
0.224937
0.117999
0.362471
0.339638
0.28924
0.350896
0.268877
0.184572
0.405153
0.298402
0.250672
0.240084
0.326844
0.312806
0.265343
0.262577
0.156863
0.249216
0.199173
0.228724
0.30311
0.37633
0.239357
0.261071
0.226082
0.331537
0.310409
0.343788
0.265041
0.337628
0.32558
0.261421
0.357758
0.471326
0.16008
0.277387
0.397453
0.208149
0.43333
0.29102
0.23429
0.258196
0.309392
0.348821
0.270949
0.27567
0.216513
0.301078
0.354843
0.243718
0.255975
0.398364
0.257197
0.285124
0.287527
0.302012
0.260713
0.213731
0.308264
0.318995
0.249339
0.241602
0.294982
0.257499
0.245128
0.283579
0.366968
0.244068
0.282291
0.433267
0.276511
0.269067
0.403418
0.337377
0.291255
0.313574
0.317676
0.275476
0.260491
0.170363
0.190051
0.329509
0.269809
0.302839
0.205547
0.205694
0.3143
0.320497
0.255817
0.363538
0.34356
0.280008
0.242854
0.297892
0.198321
0.206104
0.24531
0.227668
0.254353
0.324303
0.24985
0.280465
0.239837
0.231538
0.310171
0.38116
0.299307
0.326849
0.272866
0.212746
0.241281
0.260866
0.244909
0.234793
0.268785
0.207829
0.222777
0.244939
0.191881
0.299223
0.302774
0.271032
0.245119
0.271785
0.283939
0.293783
0.159313
0.183484
0.261458
0.245879
0.202513
0.222994
0.256665
0.345256
0.305054
0.309905
0.270494
0.206885
0.215323
0.336761
0.212685
0.245168
0.223412
0.238177
0.346107
0.208944
0.298018
0.240592
0.232103
0.29731
0.266358
0.136774
0.24961
0.271191
0.271667
0.248778
0.303126
0.273819
0.231413
0.33161
0.2198
0.317792
0.343104
0.17814
0.263848
0.338187
0.228415
0.330031
0.156737
0.316936
0.284692
0.34716
0.300786
0.287767
0.223679
0.255209
0.329204
0.32015
0.284432
0.313557
0.207582
0.155694
0.261532
0.310175
0.261911
0.229189
0.262859
0.15208
0.208717
0.448844
0.207029
0.275824
0.251418
0.290455
0.200777
0.284745
0.272999
0.341382
0.337136
0.293022
0.384022
0.294431
0.227185
0.178192
0.284299
0.181083
0.322241
0.234703
0.165437
0.244762
0.314232
0.225818
0.232387
0.310034
0.142298
0.226881
0.203244
0.226913
0.232064
0.337029
0.239458
0.2871
0.263196
0.23996
0.304575
0.329771
0.188711
0.240506
0.247142
0.204963
0.271507
0.292761
0.238856
0.252277
0.261572
0.286347
0.297686
0.305793
0.425906
0.232342
0.278312
0.283251
0.310679
0.279617
0.246553
0.328464
0.246034
0.228573
0.335739
0.249605
0.268604
0.247972
0.267605
0.292424
0.228926
0.234319
0.365612
0.308225
0.411653
0.312195
0.287479
0.309238
0.178537
0.249004
0.337404
0.247923
0.273255
0.220185
0.399197
0.279316
0.156982
0.317949
0.344456
0.38406
0.465465
0.358781
0.263537
0.254214
0.376358
0.334487
0.22324
0.207183
0.262178
0.453873
0.338048
0.346078
0.319159
0.265368
0.274192
0.263668
0.33501
0.208331
0.205071
0.252595
0.262029
0.130427
0.18856
0.248042
0.211241
0.348811
0.285685
0.249198
0.383062
0.214413
0.243739
0.299995
0.313392
0.176419
0.218756
0.333123
0.197715
0.177363
0.327259
0.248522
0.328686
0.275714
0.197779
0.278323
0.266055
0.280423
0.368238
0.411263
0.232716
0.306576
0.240661
0.177824
0.236284
0.422819
0.363101
0.282586
0.265003
0.217466
0.288119
0.262934
0.224174
0.334428
0.289201
0.212869
0.240289
0.213368
0.162158
0.303672
0.289984
0.260964
0.366177
0.319424
0.264766
0.315698
0.375327
0.178359
0.423633
0.245602
0.228024
0.250993
0.322091
0.260689
0.223584
0.354549
0.287186
0.35062
0.173543
0.2107
0.242158
0.213253
0.255981
0.384975
0.240598
0.252379
0.201387
0.237999
0.239243
0.14646
0.235879
0.243301
0.250513
0.34062
0.345448
0.229181
0.264626
0.245983
0.147142
0.22695
0.249825
0.308846
0.266996
0.189904
0.255124
0.187283
0.24999
0.271853
0.276369
0.295747
0.339476
0.362537
0.176251
0.27101
0.225997
0.326593
0.304655
0.252927
0.295564
0.300994
0.310465
0.228624
0.286787
0.185297
0.270861
0.244637
0.156452
0.0564127
0.169621
0.255105
0.238025
0.35957
0.331018
0.32317
0.367159
0.292666
0.301571
0.256778
0.302501
0.369009
0.270144
0.324308
0.217196
0.248397
0.297417
0.204287
0.257601
0.175389
0.296817
0.284021
0.333725
0.263285
0.260883
0.202216
0.244681
0.262583
0.327134
0.309472
0.282269
0.275634
0.217676
0.306607
0.261313
0.353296
0.230513
0.191465
0.327975
0.32941
0.301201
0.275391
0.212781
0.220358
0.321533
0.295789
0.272253
0.249529
0.241603
0.303027
0.273637
0.236302
0.359601
0.304081
0.346008
0.297446
0.127466
0.224098
0.258223
0.244572
0.2595
0.269201
0.160082
0.403873
0.237648
0.276758
0.256235
0.296627
0.195286
0.354367
0.312096
0.167118
0.247568
0.222337
0.341759
0.275215
0.367242
0.242374
0.355194
0.209734
0.289151
0.210375
0.186535
0.163615
0.31964
0.166217
0.157086
0.189746
0.222234
0.164905
0.372569
0.251181
0.238732
0.306764
0.274467
0.354579
0.301631
0.28942
0.377559
0.341318
0.28818
0.317231
0.284541
0.203153
0.248447
0.35447
0.261839
0.221801
0.432505
0.365239
0.262569
0.300725
0.390712
0.283351
0.254319
0.227832
0.213446
0.28557
0.227949
0.225438
0.226055
0.189732
0.193928
0.25831
0.193312
0.280047
0.281468
0.266632
0.238097
0.235083
0.30343
0.318926
0.272624
0.262044
0.366652
0.358515
0.250578
0.234846
0.148064
0.254844
0.27212
0.306389
0.309049
0.184945
0.300574
0.231613
0.237463
0.240554
0.25718
0.159342
0.293992
0.357987
0.314252
0.34727
0.255598
0.238278
0.28265
0.305374
0.298185
0.388532
0.196542
0.288724
0.24151
0.305333
0.188689
0.249618
0.279114
0.152443
0.178754
0.26109
0.311278
0.246393
0.299661
0.109134
0.212662
0.339827
0.25722
0.207439
0.305264
0.214649
0.240843
0.275622
0.234352
0.34075
0.306453
0.263303
0.306639
0.319348
0.24082
0.254031
0.380192
0.302179
0.203548
0.303584
0.218239
0.40606
0.288827
0.327795
0.196528
0.260668
0.2738
0.232089
0.247641
0.273397
0.219024
0.234321
0.205666
0.253974
0.225453
0.245521
0.218326
0.358307
0.40637
0.296801
0.335583
0.305361
0.244619
0.25371
0.244068
0.356182
0.336841
0.25284
0.293747
0.303514
0.307004
0.286634
0.166049
0.248509
0.330027
0.348872
0.20835
0.277363
0.200893
0.339209
0.201641
0.417368
0.208545
0.328517
0.226497
0.204389
0.230778
0.342892
0.206703
0.317735
0.327392
0.289012
0.265183
0.219459
0.211476
0.289573
0.249255
0.222792
0.251127
0.267032
0.265211
0.289987
0.201819
0.341831
0.289708
0.401481
0.337654
0.321631
0.222163
0.290089
0.291972
0.29947
0.118567
0.347864
0.279715
0.330935
0.335081
0.268216
0.21248
0.253883
0.264608
0.302402
0.335717
0.269301
0.189831
0.24976
0.245185
0.257222
0.289733
0.355482
0.277226
0.226156
0.315851
0.145114
0.210561
0.286249
0.2359
0.32284
0.314827
0.373573
0.28943
0.274466
0.291748
0.217777
0.221208
0.213792
0.183724
0.247117
0.28535
0.357238
0.290417
0.23774
0.236944
0.297663
0.152965
0.267661
0.308366
0.215808
0.377515
0.187598
0.333647
0.336492
0.422326
0.16413
0.286028
0.250702
0.362552
0.259818
0.265469
0.224238
0.338244
0.239593
0.35942
0.272496
0.25241
0.312214
0.325169
0.291064
0.237941
0.17633
0.413645
0.176873
0.318087
0.299998
0.22073
0.362656
0.251817
0.215577
0.223102
0.243744
0.282198
0.279481
0.326435
0.289545
0.23841
0.284612
0.182761
0.319989
0.340579
0.26523
0.246465
0.285955
0.229033
0.30978
0.265078
0.167482
0.246004
0.279802
0.274751
0.267899
0.248654
0.31687
0.226658
0.185413
0.228225
0.22168
0.2311
0.218202
0.293649
0.342662
0.267139
0.263901
0.230271
0.190635
0.265503
0.291064
0.252111
0.322501
0.320393
0.122325
0.291643
0.24572
0.268051
0.26852
0.216504
0.220516
0.230035
0.259021
0.168053
0.254556
0.233615
0.319839
0.260335
0.301919
0.284679
0.245675
0.332912
0.305106
0.278459
0.269176
0.262319
0.294216
0.303933
0.25607
0.209104
0.322778
0.116598
0.321264
0.306688
0.255154
0.335983
0.330926
0.171728
0.256796
0.327428
0.239622
0.336776
0.244582
0.273964
0.350992
0.299984
0.299289
0.195606
0.245672
0.176511
0.154983
0.254563
0.263087
0.222983
0.232019
0.289451
0.18499
0.236039
0.294842
0.211489
0.203919
0.235085
0.350887
0.184096
0.188237
0.270058
0.281294
0.264
0.23853
0.262637
0.221234
0.25679
0.352443
0.359482
0.314721
0.247479
0.287949
0.32301
0.310709
0.246238
0.209728
0.28859
0.320224
0.238902
0.273198
0.273744
0.213523
0.177263
0.263044
0.318915
0.304352
0.214813
0.277855
0.258647
0.256173
0.251343
0.33867
0.195392
0.327878
0.352013
0.201765
0.244914
0.240449
0.293832
0.227014
0.280168
0.333749
0.279889
0.260422
0.241148
0.267285
0.327739
0.267428
0.293363
0.227595
0.322182
0.211173
0.294142
0.335411
0.286425
0.275017
0.353394
0.334821
0.250188
0.219065
0.380725
0.339167
0.338921
0.290538
0.308987
0.250488
0.200165
0.191297
0.239823
0.28673
0.345722
0.367221
0.302259
0.389349
0.30029
0.185251
0.316025
0.285814
0.263841
0.205019
0.351264
0.256972
0.208432
0.328806
0.3457
0.305122
0.32761
0.266576
0.206534
0.260048
0.298209
0.341369
0.153916
0.215525
0.390925
0.171718
0.238055
0.236637
0.215105
0.258908
0.384364
0.168137
0.230622
0.283469
0.215963
0.295842
0.209938
0.237699
0.279191
0.34657
0.233863
0.327534
0.30078
0.222289
0.269097
0.299226
0.204875
0.315465
0.248158
0.220595
0.337229
0.227121
0.31646
0.321498
0.362585
0.176127
0.281172
0.409855
0.222108
0.280158
0.226768
0.208417
0.283513
0.244585
0.210197
0.221956
0.234068
0.225742
0.24326
0.325609
0.18048
0.247483
0.258859
0.325219
0.30781
0.214851
0.277856
0.253828
0.31661
0.295128
0.325248
0.313637
0.288987
0.228477
0.276701
0.319909
0.411014
0.429192
0.220668
0.378386
0.231698
0.268436
0.240591
0.236108
0.253621
0.255755
0.321804
0.260979
0.262936
0.341206
0.292153
0.30623
0.251965
0.201901
0.250383
0.267753
0.280373
0.250709
0.307368
0.242761
0.235748
0.26647
0.268375
0.180271
0.146149
0.392347
0.269574
0.237628
0.224772
0.270571
0.323697
0.226129
0.362608
0.304279
0.174076
0.2411
0.231182
0.227858
0.368993
0.364237
0.410862
0.205958
0.203589
0.216654
0.268087
0.338234
0.264543
0.27536
0.403003
0.292836
0.293945
0.226004
0.185114
0.34883
0.286646
0.176553
0.21759
0.327129
0.272891
0.230874
0.316176
0.249634
0.269049
0.238064
0.171402
0.241544
0.288028
0.317619
0.25834
0.258657
0.17663
0.347266
0.30968
0.249983
0.319287
0.321927
0.255148
0.247421
0.303288
0.163877
0.248925
0.296879
0.371664
0.2926
0.278812
0.130031
0.227016
0.333756
0.345238
0.293881
0.350643
0.266251
0.313489
0.183821
0.22902
0.387263
0.286636
0.260356
0.292772
0.292284
0.349393
0.389197
0.328503
0.269826
0.26976
0.376916
0.324549
0.275194
0.338665
0.346019
0.268182
0.29601
0.347062
0.378774
0.231275
0.342084
0.360908
0.29001
0.281928
0.307484
0.32534
0.288907
0.221558
0.217478
0.35832
0.327576
0.314182
0.292271
0.337496
0.236509
0.303645
0.275276
0.313277
0.301639
0.267242
0.311917
0.272169
0.25886
0.273247
0.243958
0.244736
0.287372
0.278409
0.234685
0.423388
0.260552
0.213338
0.312607
0.266188
0.303118
