15.5625
1.34649
0.144582
1.55848
0.168036
0.0436845
1.61071
0.178403
0.0333742
1.7029
0.171762
0.0324638
1.73581
0.17479
0.0357503
1.81479
0.187092
0.0316288
1.89119
0.187218
0.0335431
1.93016
0.19812
0.0283817
1.97556
0.190229
0.0278794
2.04472
0.20101
0.0280019
2.09225
0.20354
0.0306108
2.1386
0.210948
0.0370399
2.20101
0.215386
0.0363619
2.23146
0.213623
0.0367949
2.27508
0.221647
0.0397726
2.29866
0.223394
0.0341289
2.34409
0.241631
0.0364406
2.37784
0.232519
0.0320148
2.4014
0.238468
0.0343045
2.44688
0.242094
0.0440533
2.46935
0.242091
0.0379193
2.51264
0.250046
0.0368612
2.52983
0.250786
0.0390484
2.54529
0.246261
0.0420638
2.56096
0.251288
0.043887
2.57287
0.253582
0.042644
2.59595
0.264126
0.0417479
2.61262
0.253433
0.0397389
2.62355
0.254209
0.0423703
2.64485
0.257705
0.0375666
2.66508
0.25709
0.0407382
2.67901
0.262175
0.0384817
2.70483
0.268706
0.0502048
2.71523
0.260917
0.0366318
2.73099
0.261018
0.0401944
2.7353
0.265536
0.0419481
2.75349
0.26704
0.0342004
2.76122
0.276867
0.0399117
2.75751
0.270683
0.0379845
2.76532
0.26932
0.0372894
2.772
0.276053
0.0526722
2.78911
0.270976
0.0445375
2.79768
0.267494
0.0460046
2.81445
0.27224
0.0439673
2.81495
0.280291
0.0440271
2.81689
0.277074
0.0449822
2.8312
0.282671
0.0420583
2.82643
0.274743
0.0385537
2.83113
0.284055
0.0481037
2.82704
0.277973
0.0435142
2.83182
0.274168
0.0379663
2.83896
0.275749
0.0442059
2.84517
0.282117
0.0451212
2.84783
0.278688
0.0478329
2.85478
0.273789
0.0431838
2.85984
0.282861
0.0409793
2.8634
0.279765
0.0526125
2.85843
0.280346
0.0446664
2.87391
0.27957
0.0420413
2.86734
0.284093
0.043247
2.86945
0.272571
0.039058
2.87411
0.279352
0.0406401
2.87852
0.275442
0.0351291
2.88087
0.281399
0.0492298
2.88534
0.271603
0.0469814
2.88615
0.279772
0.0431575
2.88151
0.280405
0.0514355
2.89116
0.286094
0.0384741
2.88663
0.281888
0.0412516
2.88497
0.282248
0.0425071
2.9011
0.278522
0.0360109
2.89941
0.28176
0.0408613
2.89548
0.28237
0.0483079
2.90407
0.284316
0.0487316
2.89982
0.284078
0.0450253
2.89466
0.281364
0.0454972
2.89733
0.281203
0.0375579
2.90132
0.283794
0.0383053
2.89714
0.29015
0.0459668
2.90507
0.280153
0.040986
2.90315
0.279845
0.0461492
2.89876
0.272194
0.042494
2.89411
0.284124
0.0500861
2.90343
0.287916
0.0533225
2.89796
0.280148
0.0404437
2.89705
0.289185
0.0472652
2.90587
0.287865
0.0493802
2.90729
0.286092
0.046862
2.90205
0.280163
0.0454708
2.91054
0.28061
0.0499536
2.90301
0.287949
0.0453039
2.91036
0.288254
0.0507432
2.9015
0.284558
0.0489344
2.90893
0.291713
0.0489056
2.91385
0.283763
0.0471004
2.90937
0.288808
0.0438519
2.90595
0.28824
0.0390532
2.90445
0.293771
0.0442633
2.9101
0.280212
0.0443851
2.91215
0.283223
0.0420939
2.90189
0.278667
0.0442031
2.90916
0.288259
0.0377033
2.91851
0.280594
0.0461446
2.91248
0.287928
0.0427799
2.90883
0.290461
0.04271
2.90712
0.286372
0.0410958
2.90879
0.283397
0.0416081
2.90434
0.287975
0.0355982
2.91622
0.280281
0.0511946
2.90817
0.288077
0.0467475
2.90108
0.273473
0.0398111
2.90955
0.281168
0.0523613
2.91953
0.282168
0.0449838
2.90609
0.286931
0.0527489
2.90846
0.284162
0.052534
2.90873
0.284815
0.0502609
2.91035
0.289419
0.048255
2.91686
0.287628
0.0424459
2.90945
0.28432
0.046552
2.91091
0.292696
0.0460128
2.9089
0.281389
0.0450432
2.91006
0.285867
0.0462403
2.91888
0.28577
0.0469785
2.9123
0.286998
0.0495627
2.9129
0.28249
0.0361915
2.90764
0.280887
0.0409884
2.90611
0.290591
0.0419454
2.90858
0.28328
0.0466392
2.90869
0.289786
0.0517487
2.91023
0.28742
0.0408976
2.90729
0.281339
0.0471624
2.91184
0.290442
0.0423613
2.90932
0.280704
0.0460699
2.91105
0.283214
0.0509612
2.90935
0.288435
0.0450401
2.91117
0.281344
0.043527
2.91454
0.289678
0.0458355
2.90412
0.280796
0.0448971
2.90866
0.288474
0.0464976
2.90671
0.291922
0.0488722
2.9162
0.284817
0.0472155
2.90977
0.278008
0.0453608
2.90642
0.291565
0.0434585
2.91171
0.283557
0.0421415
2.90983
0.290191
0.0419158
2.91443
0.289552
0.0492008
2.91203
0.282201
0.0476357
2.9085
0.287836
0.0484176
2.91337
0.28417
0.0498657
2.91289
0.286338
0.041063
2.90641
0.283546
0.0398079
2.91039
0.279403
0.0485134
2.91519
0.281491
0.0510745
2.91044
0.276183
0.0452199
2.91351
0.278169
0.0385994
2.90916
0.281341
0.0423551
2.91126
0.283751
0.0520739
2.90783
0.291892
0.0391183
2.91223
0.286315
0.0446951
2.90945
0.283035
0.0445563
2.90379
0.29218
0.0439057
2.91237
0.281596
0.0431963
2.91692
0.279802
0.0402147
2.90434
0.28963
0.0414269
2.9109
0.280311
0.0465523
2.90828
0.294832
0.0492978
2.90938
0.286669
0.0398102
2.91109
0.292816
0.0421408
2.90898
0.290216
0.0479652
2.91038
0.281997
0.0480404
2.91332
0.28275
0.0393065
2.90944
0.278267
0.0442013
2.90851
0.289079
0.0455307
2.9087
0.282222
0.0394239
2.90853
0.284373
0.0482617
2.92124
0.283489
0.0412758
2.90609
0.285643
0.0434757
2.90981
0.280884
0.0485981
2.90981
0.288861
0.0420699
2.911
0.282476
0.0457655
2.90727
0.284011
0.0388662
2.90434
0.284454
0.0444713
2.90688
0.283245
0.0442415
2.9074
0.289691
0.0447143
2.90951
0.279399
0.0421381
2.91422
0.283616
0.0467253
2.91276
0.281921
0.0430852
2.91203
0.284498
0.0412755
2.91422
0.290334
0.0390075
2.90829
0.284479
0.0370511
2.90436
0.293049
0.042204
2.91532
0.285465
0.0477029
2.91228
0.28372
0.0450842
2.91136
0.285741
0.0415193
2.91062
0.279893
0.0419053
2.90685
0.284793
0.044376
2.90915
0.283035
0.0481661
2.91555
0.282002
0.0458498
2.92023
0.28019
0.0351048
2.91027
0.282281
0.0490095
2.91024
0.288762
0.0420893
2.90928
0.289215
0.0512942
2.90598
0.277499
0.0409947
2.91314
0.28014
0.0449818
2.91778
0.280918
0.0415898
2.91135
0.286927
0.0429927
2.90957
0.273144
0.0470709
2.91204
0.283578
0.0478577
2.90212
0.280208
0.0478525
2.90839
0.286313
0.0399482
2.90487
0.294416
0.0476236
2.9164
0.288656
0.0428788
2.91073
0.287256
0.0446674
2.90845
0.275246
0.0502943
2.91003
0.27239
0.0445933
2.9179
0.283698
0.0503781
2.91743
0.272555
0.0415141
2.91039
0.276401
0.0420634
2.91548
0.285397
0.0449106
2.91588
0.284323
0.0404104
2.91513
0.285522
0.0469107
2.91329
0.283586
0.045262
2.91076
0.282035
0.0498111
2.90657
0.289352
0.0498502
2.91154
0.279098
0.0376975
2.91112
0.290415
0.0535369
2.91289
0.285424
0.0423222
2.91305
0.29081
0.0447968
2.91383
0.275873
0.0405776
2.91113
0.284443
0.0385705
2.9074
0.290112
0.0439908
2.91332
0.284172
0.0379713
2.90946
0.290165
0.0379911
2.90885
0.282665
0.0447452
2.91309
0.276704
0.0466662
2.91834
0.280894
0.0503039
2.91096
0.286716
0.0457808
2.90695
0.271046
0.0419931
2.9101
0.294307
0.0512759
2.9061
0.277709
0.0406102
2.90757
0.282627
0.0478487
2.91289
0.277528
0.0421471
2.91169
0.281787
0.0461618
2.91247
0.281845
0.0429495
2.90883
0.287057
0.0414522
2.91362
0.284893
0.0467544
2.91301
0.293815
0.04569
2.90546
0.279184
0.0494028
2.91725
0.28497
0.0490732
2.91405
0.279895
0.041031
2.91191
0.285265
0.0458904
2.915
0.288596
0.0412659
2.91086
0.282062
0.0545969
2.90809
0.282147
0.0435548
2.9091
0.291656
0.0508575
2.90656
0.27579
0.050167
2.90605
0.276792
0.0381758
2.91533
0.286313
0.0495568
2.92146
0.283151
0.0420656
2.91381
0.275007
0.0477693
2.9095
0.28037
0.0463061
2.91203
0.281083
0.040401
2.91032
0.280721
0.0476519
2.90972
0.287453
0.0493958
2.91186
0.288566
0.0477286
2.91494
0.280403
0.0479837
2.91051
0.276838
0.0416509
2.91131
0.278298
0.0362638
2.91022
0.289453
0.0423705
2.91024
0.276845
0.0422258
2.91658
0.286759
0.0417193
2.91847
0.288071
0.0419832
2.90336
0.29027
0.0459823
2.90734
0.277161
0.0554948
2.90873
0.291242
0.0387921
2.91439
0.285182
0.046862
2.91155
0.277785
0.0493875
2.90724
0.28683
0.048304
2.9158
0.28925
0.0446142
2.91152
0.281607
0.0468452
2.91561
0.284181
0.0393558
2.91116
0.28716
0.044591
2.90568
0.284104
0.0389977
2.91058
0.28296
0.0559242
2.91289
0.289717
0.0422141
2.90967
0.283268
0.0439349
2.91108
0.286429
0.0462968
2.91201
0.27599
0.0396733
2.91415
0.292031
0.0460507
2.90628
0.275771
0.043962
2.90751
0.287889
0.0457676
2.92103
0.284697
0.0521561
2.91168
0.281166
0.0395286
2.90555
0.287483
0.0452596
2.91848
0.293947
0.0430123
2.90758
0.286587
0.0503496
2.91224
0.280763
0.0424598
2.90909
0.286155
0.0428305
2.90838
0.285489
0.0395215
2.90818
0.280933
0.0457936
2.91188
0.290204
0.0466465
2.90879
0.284144
0.0449895
2.90575
0.284504
0.0484388
2.90807
0.274359
0.0420867
2.91027
0.280703
0.0502676
2.9103
0.289128
0.0390857
2.91177
0.279725
0.0502373
2.90899
0.285456
0.046977
2.91105
0.285632
0.0482495
2.90659
0.281291
0.0424647
2.91338
0.286858
0.0434717
2.91101
0.276397
0.039035
2.90515
0.278308
0.0418845
2.90727
0.281434
0.046233
2.90979
0.285099
0.0504806
2.90541
0.27828
0.0463597
2.91222
0.278092
0.0433468
2.91495
0.285027
0.0475798
2.91182
0.279698
0.0421238
2.91146
0.275575
0.0388607
2.90637
0.285045
0.0448585
2.91008
0.280215
0.0438588
2.9106
0.283601
0.0405874
2.90753
0.286323
0.0430226
2.90866
0.28787
0.0452171
2.9103
0.288447
0.0368874
2.91576
0.287533
0.0528427
2.91693
0.284707
0.0390817
2.90707
0.27873
0.0434113
2.91162
0.285377
0.0467367
2.90442
0.277875
0.0488811
2.91381
0.277057
0.0381191
2.90745
0.282105
0.0423388
2.91411
0.283691
0.0472333
2.91426
0.281014
0.0444603
2.91307
0.283954
0.0421481
2.91038
0.281081
0.0397531
2.90697
0.289571
0.0543052
2.90934
0.285314
0.0435357
2.91478
0.273397
0.0452773
2.90937
0.283113
0.0470143
2.90919
0.287473
0.0587376
2.91074
0.287452
0.0440808
2.9091
0.288948
0.0485254
2.90949
0.280868
0.0443647
2.90589
0.277076
0.048945
2.91131
0.2787
0.0436037
2.90982
0.280819
0.0426706
2.90921
0.292024
0.0415874
2.91327
0.286877
0.049124
2.90818
0.28124
0.0455102
2.91207
0.285262
0.0472133
2.90954
0.287204
0.0454624
2.91106
0.283661
0.0484331
2.911
0.288043
0.0434089
2.90856
0.287885
0.0433422
2.91672
0.282259
0.0463046
2.90663
0.283235
0.0365364
2.91374
0.290592
0.0443119
2.91366
0.280722
0.0400256
2.91766
0.284649
0.0424982
2.91399
0.29132
0.0422818
2.91679
0.282436
0.0434454
2.90876
0.287651
0.0446179
2.91213
0.284738
0.043407
2.9086
0.283695
0.0395749
2.91052
0.279086
0.0408955
2.90848
0.279419
0.0424368
2.9131
0.286736
0.0417653
2.90881
0.279522
0.0537308
2.91462
0.282644
0.0486495
2.90959
0.284841
0.0390198
2.91534
0.282938
0.0449098
2.91049
0.286089
0.0464561
2.91337
0.284533
0.045443
2.90282
0.275686
0.0485066
2.9235
0.287392
0.0448895
2.90881
0.289458
0.0392079
2.90523
0.279781
0.0380358
2.90896
0.279933
0.046814
2.90613
0.286013
0.0476488
2.90643
0.287729
0.0448416
2.91784
0.287306
0.0420979
2.91069
0.281179
0.0372202
2.9086
0.280543
0.0377344
2.91096
0.276268
0.0396021
2.90846
0.286632
0.0463068
2.90908
0.286711
0.0444012
2.91306
0.293791
0.0529972
2.90738
0.285245
0.0432778
2.91212
0.280467
0.0472344
2.9069
0.286017
0.04453
2.91334
0.281094
0.0373583
2.91177
0.28181
0.0476218
2.90775
0.276426
0.0448086
2.91706
0.280045
0.0406607
2.90645
0.282794
0.0433831
2.91782
0.282319
0.0477804
2.90685
0.273983
0.0437271
2.90429
0.281484
0.0449693
2.92156
0.279306
0.0545519
2.90053
0.286389
0.0459432
2.9196
0.282896
0.0457282
2.90857
0.285439
0.0366083
2.9106
0.287241
0.0477498
2.91428
0.287314
0.0463593
2.91254
0.28041
0.0372467
2.90252
0.277912
0.0486384
2.90685
0.288882
0.0513159
2.90393
0.288833
0.0415307
2.91085
0.283967
0.0462671
2.91049
0.286083
0.0482704
2.91381
0.287233
0.0434003
2.91187
0.28148
0.0388344
2.91086
0.279423
0.0526264
2.91436
0.283345
0.0421418
2.91462
0.283666
0.0409424
2.90866
0.285287
0.0455809
2.914
0.282441
0.0479758
2.91066
0.28898
0.043862
2.91548
0.283316
0.0444226
2.91526
0.288289
0.0437359
2.90536
0.27719
0.0454477
2.90927
0.287061
0.0471306
2.91273
0.280721
0.0448782
2.90599
0.282098
0.0430608
2.90992
0.287343
0.0423411
2.91666
0.27983
0.0399264
2.91228
0.280871
0.0449363
2.91134
0.280272
0.0393891
2.90874
0.289491
0.0417648
2.91406
0.286587
0.039441
2.91283
0.285206
0.0398608
2.90648
0.29004
0.0552533
2.91109
0.275171
0.0431936
2.91769
0.280758
0.0423486
2.90431
0.277961
0.0383869
2.90783
0.289262
0.0466969
2.91695
0.28217
0.0428813
2.9178
0.282088
0.0413615
2.91408
0.283256
0.0414765
2.90755
0.284654
0.0475285
2.90684
0.287502
0.0509549
2.91095
0.294515
0.0382937
2.91215
0.282167
0.0496508
2.91284
0.283407
0.0418827
2.91163
0.288185
0.0508667
2.91706
0.281309
0.0524322
2.90399
0.282845
0.0398248
2.90987
0.282981
0.0495013
2.91073
0.286448
0.0469542
2.91297
0.28506
0.0411854
2.91264
0.286734
0.0480933
2.90844
0.285312
0.0430747
2.91008
0.284534
0.0433561
2.91035
0.279631
0.0412057
2.91157
0.289858
0.0481956
2.90877
0.285549
0.0421718
2.90548
0.283012
0.0481706
2.90946
0.280872
0.0465907
2.90766
0.28656
0.0452689
2.91431
0.288031
0.0399775
2.92219
0.276611
0.0502116
2.90575
0.288739
0.0431742
2.90784
0.282442
0.0400919
2.90918
0.285872
0.046107
2.91618
0.285755
0.0427766
2.91198
0.287597
0.0427896
2.9118
0.29027
0.0436714
2.92023
0.284494
0.0452835
2.91625
0.290131
0.05263
2.91153
0.284463
0.0450542
2.90791
0.282762
0.0413699
2.91565
0.275133
0.0445485
2.90713
0.281545
0.0389529
2.90918
0.28038
0.0458802
2.91186
0.278656
0.0476178
2.91233
0.28168
0.0460235
2.91359
0.282381
0.043873
2.91232
0.283167
0.0326613
2.91126
0.288534
0.0425947
2.91711
0.285948
0.0427456
2.91467
0.281967
0.0446462
2.9106
0.283604
0.0479011
2.91415
0.287985
0.0447695
2.91262
0.284626
0.0524173
2.90578
0.281611
0.0489158
2.91202
0.290769
0.0458326
2.90719
0.277086
0.0425546
2.91188
0.279216
0.0482403
2.91395
0.288572
0.0415334
2.90754
0.279199
0.0437122
2.90722
0.288379
0.0434882
2.91195
0.277819
0.039208
2.91486
0.284191
0.0478268
2.90676
0.284479
0.036356
2.91536
0.273603
0.0440996
2.90729
0.281132
0.0414307
2.91168
0.283038
0.0376516
2.9095
0.280681
0.0450065
2.91209
0.289275
0.0448699
2.91118
0.280573
0.0475403
2.91357
0.28463
0.0447783
2.91709
0.283266
0.0447687
2.90946
0.291247
0.0443049
2.90759
0.281763
0.0437853
2.90976
0.282452
0.0534494
2.91528
0.280013
0.0446296
2.91225
0.283355
0.045942
2.91052
0.282003
0.0457849
2.90334
0.283934
0.0517001
2.90702
0.293137
0.0425505
2.90606
0.282651
0.0391204
2.90886
0.282121
0.0497017
2.91027
0.282424
0.0487014
2.91613
0.280606
0.0394919
2.90821
0.286406
0.0491134
2.90756
0.288117
0.0484748
2.91505
0.283494
0.0496245
2.90535
0.286815
0.0453502
2.909
0.278144
0.0413828
2.91713
0.28228
0.0469074
2.90989
0.281138
0.0418705
2.90788
0.281343
0.049601
2.91553
0.282996
0.0486272
2.91482
0.286931
0.0527291
2.906
0.283627
0.0405485
2.90792
0.289081
0.0363472
2.91058
0.283129
0.0468049
2.91057
0.28865
0.0432378
2.9107
0.283427
0.0408288
2.90672
0.281107
0.047663
2.9112
0.288286
0.0559411
2.90818
0.283712
0.0505013
2.91423
0.282771
0.0395183
2.91103
0.28117
0.0394011
2.91378
0.281929
0.042145
2.91746
0.285453
0.0503058
2.91462
0.286104
0.0442155
2.91783
0.284732
0.0458007
2.91275
0.284638
0.0442037
2.90338
0.279906
0.0352115
2.9117
0.277029
0.0535138
2.90945
0.28966
0.0404498
2.90312
0.283798
0.0400635
2.91635
0.278675
0.0472723
2.90725
0.278211
0.0497908
2.91365
0.285035
0.0465239
2.91083
0.282511
0.0400377
2.91512
0.276697
0.0401071
2.90815
0.27791
0.0375071
2.90975
0.290444
0.0529096
2.91128
0.285885
0.0524025
2.90624
0.28552
0.0558837
2.90855
0.280219
0.0356241
2.91277
0.287458
0.0445222
2.9159
0.288757
0.0478964
2.91367
0.2846
0.0522415
2.91983
0.287399
0.0429789
2.90265
0.284235
0.0364089
2.90984
0.28425
0.0482142
2.91144
0.284758
0.0461508
2.91612
0.278348
0.04113
2.90807
0.276517
0.0435586
2.91376
0.278896
0.0481162
2.90999
0.283603
0.0467513
2.90788
0.280501
0.0485031
2.91007
0.287527
0.0429031
2.9099
0.288419
0.0510637
2.91056
0.290126
0.0416582
2.91041
0.289926
0.0504248
2.91122
0.278464
0.0400188
2.90531
0.280804
0.0455603
2.90935
0.282343
0.0399689
2.91575
0.284242
0.0517437
2.90598
0.282852
0.0398973
2.90813
0.282514
0.0441255
2.90814
0.282944
0.0559351
2.91106
0.282635
0.050792
2.90854
0.279997
0.0338773
2.91379
0.281419
0.0471714
2.90997
0.284553
0.0467155
2.91109
0.28448
0.0478871
2.91141
0.28323
0.0491775
2.91137
0.288993
0.049207
2.90797
0.29003
0.0466586
2.91114
0.283229
0.0414143
2.9064
0.28358
0.0443883
2.91643
0.28045
0.0436442
2.90561
0.286629
0.0469223
2.90347
0.28553
0.0435936
2.90966
0.274256
0.0417106
2.92137
0.28195
0.0431306
2.90932
0.28944
0.0489612
2.91121
0.285639
0.0383871
2.91798
0.282945
0.0511047
2.91738
0.281638
0.0440775
2.90476
0.281097
0.0387904
2.90746
0.283079
0.0451892
2.90523
0.28431
0.0436602
2.90435
0.283783
0.042386
2.91009
0.284213
0.0466057
2.915
0.284547
0.0534962
2.91393
0.278044
0.0406986
2.91201
0.284644
0.0416781
2.91894
0.287975
0.0417619
2.91349
0.280301
0.0420046
2.91077
0.289154
0.042353
2.91154
0.291693
0.0423816
2.91055
0.288183
0.0440774
2.91069
0.280404
0.0382832
2.90727
0.28297
0.0445781
2.91188
0.283881
0.0429054
2.91107
0.280763
0.0407293
2.9128
0.281583
0.0415051
2.91439
0.28134
0.045904
2.91308
0.288762
0.0420133
2.90789
0.278553
0.0457844
2.91771
0.274123
0.0490771
2.91125
0.290389
0.0459957
2.91185
0.280227
0.05028
2.91097
0.288603
0.0433811
2.90184
0.278755
0.0490821
2.9052
0.291637
0.043376
2.91728
0.281061
0.0452902
2.9127
0.284575
0.044651
2.90978
0.281889
0.0336108
2.91324
0.278777
0.0440317
2.91518
0.291557
0.0559351
2.91085
0.280859
0.0476304
2.91407
0.27844
0.0456215
2.90914
0.287691
0.0471562
2.90807
0.282376
0.0430962
2.9163
0.285996
0.0431404
2.9105
0.27263
0.047113
2.90928
0.279168
0.0445251
2.90691
0.279341
0.0533561
2.912
0.277557
0.0435477
2.90523
0.284174
0.0476553
2.90966
0.275017
0.0395002
2.90559
0.28015
0.0460711
2.91
0.283582
0.0435116
2.91074
0.279487
0.0618615
2.91223
0.287017
0.0442055
2.91819
0.286288
0.0427672
2.90986
0.28311
0.0461444
2.91258
0.273691
0.0508617
2.91011
0.285256
0.0418925
2.91171
0.284857
0.0501865
2.91527
0.282182
0.0428547
2.91295
0.277799
0.0447283
2.91327
0.285165
0.0522076
2.91317
0.28567
0.0395426
2.91029
0.281741
0.0404385
2.90823
0.283605
0.0450281
2.90837
0.282869
0.0431443
2.9081
0.285124
0.0458511
2.91348
0.281282
0.0485583
2.91392
0.277986
0.0427824
2.90251
0.290082
0.0485758
2.90951
0.277258
0.0390845
2.91849
0.284475
0.044088
2.91367
0.288597
0.0434911
2.90586
0.285837
0.0375666
2.91138
0.285124
0.0459727
2.91123
0.287024
0.0440285
2.9119
0.284977
0.0509746
2.91364
0.27658
0.0456625
2.91245
0.292115
0.0506397
2.91332
0.289339
0.0525417
2.91477
0.282863
0.0405911
2.91108
0.276135
0.0419781
2.90109
0.276621
0.0504611
2.91656
0.284606
0.0464103
2.91436
0.283091
0.0525237
2.91687
0.285654
0.0460453
2.9102
0.284644
0.0465822
2.90808
0.284343
0.0472505
2.90454
0.276486
0.0402054
2.91118
0.287887
0.0440258
2.91712
0.276287
0.0479994
2.90714
0.278967
0.0403976
2.90928
0.288444
0.0366528
2.90853
0.285254
0.0414285
2.91006
0.2892
0.0421617
2.91183
0.283547
0.0440224
2.90328
0.285072
0.0450713
2.90851
0.280072
0.037101
2.9054
0.288245
0.0473708
2.90599
0.284938
0.0410283
2.90766
0.281503
0.0449861
2.91066
0.283912
0.0471092
2.91053
0.281681
0.0410169
2.90635
0.284854
0.0467904
2.91093
0.285209
0.0443446
2.91014
0.280102
0.0417087
2.91449
0.290811
0.0452341
2.91893
0.289004
0.0480008
2.90491
0.291174
0.0500305
2.91745
0.290094
0.050572
2.90964
0.286117
0.0445652
2.91114
0.281468
0.0406563
2.90988
0.283165
0.0466645
2.91911
0.278991
0.0414306
2.91756
0.27876
0.0430296
2.9131
0.288562
0.0366498
2.91418
0.279856
0.0420947
2.91166
0.289761
0.0449646
2.90202
0.277608
0.0440182
2.91091
0.286706
0.0496517
2.9144
0.284329
0.0433248
2.90856
0.288801
0.0470999
2.91142
0.286915
0.0407227
2.91099
0.291213
0.0433851
2.90919
0.280483
0.0460765
2.90845
0.288534
0.0485039
2.91453
0.288459
0.0430753
2.90837
0.280564
0.0468433
2.90925
0.283438
0.0462459
2.90713
0.28698
0.0415052
2.90759
0.284125
0.0475215
2.91267
0.283507
0.0403583
2.91357
0.273032
0.0396089
2.91656
0.285481
0.0494832
2.90612
0.283226
0.0498613
2.91247
0.290548
0.0473132
2.90855
0.289493
0.0414096
2.90416
0.281732
0.0339572
2.90673
0.296016
0.0466042
2.91268
0.289643
0.0422341
2.91426
0.285639
0.0411117
2.90696
0.280887
0.0438405
2.90981
0.287382
0.0426473
2.91713
0.278669
0.0455318
2.91016
0.27446
0.044219
2.91333
0.284294
0.0516693
2.91319
0.283903
0.0524997
2.91307
0.287326
0.0451682
2.9157
0.283169
0.0444151
2.91306
0.28693
0.0554165
2.90708
0.292892
0.049659
2.91351
0.277685
0.0460424
2.91411
0.275142
0.0398337
2.91145
0.282643
0.044815
2.9159
0.279102
0.0478661
2.90924
0.280647
0.0409677
2.9143
0.284481
0.0446934
2.90937
0.285898
0.0413534
2.90994
0.297214
0.0439547
2.90963
0.285332
0.0449969
2.90938
0.28888
0.0472964
2.91021
0.284661
0.0433171
2.90981
0.294046
0.0436588
2.90365
0.283275
0.0428153
2.90693
0.282644
0.0419645
2.9083
0.289577
0.0485403
2.90907
0.276133
0.0425735
2.90286
0.286102
0.0419693
2.91396
0.284733
0.0427006
2.90925
0.283718
0.0447442
2.91117
0.283994
0.0529425
2.91021
0.280582
0.0483057
2.90544
0.286479
0.0466697
2.9099
0.282576
0.0358623
2.92168
0.282761
0.052703
2.90881
0.284014
0.050478
2.91049
0.286826
0.0488131
2.90208
0.285307
0.0416078
2.9118
0.282455
0.0466759
2.91196
0.291951
0.0477911
2.91545
0.281875
0.045542
2.91762
0.284649
0.0453476
2.91622
0.293808
0.0403615
2.91453
0.285
0.0433193
2.90515
0.28361
0.0406803
2.91604
0.287352
0.0457074
2.90908
0.284201
0.0367054
2.91295
0.282645
0.04696
2.91438
0.283155
0.0448232
2.90961
0.287188
0.0472851
2.90879
0.289283
0.0381218
2.91373
0.286267
0.0421149
2.91411
0.283162
0.0502996
2.9102
0.284888
0.0483912
2.9131
0.28222
0.0464906
2.90247
0.288068
0.049677
2.91362
0.287991
0.0465472
2.91112
0.286827
0.0406191
2.90702
0.288528
0.0520137
2.91232
0.286649
0.0451943
2.91237
0.286263
0.0409577
2.91304
0.286918
0.0460837
2.90819
0.294042
0.0417903
2.91084
0.277499
0.0414541
2.90664
0.279121
0.0458517
2.90594
0.271001
0.0460484
2.91099
0.280576
0.0470785
2.90844
0.281672
0.0454179
2.90786
0.295003
0.0418415
2.90668
0.280522
0.0459621
2.91685
0.278966
0.0513408
2.90695
0.283342
0.0406701
2.91203
0.274599
0.0426386
2.90997
0.290735
0.0536233
2.90794
0.283204
0.0429865
2.91608
0.279883
0.0433754
2.90456
0.282476
0.0494361
2.91402
0.284555
0.0399052
2.90535
0.286949
0.0429615
2.91372
0.28599
0.0360724
2.90686
0.281928
0.0446429
2.91346
0.27605
0.0504392
2.91276
0.28556
0.0445155
2.91218
0.282205
0.0460114
2.9068
0.279824
0.0427231
2.91366
0.282905
0.0430497
2.9047
0.285279
0.0458444
2.91111
0.283853
0.0408288
2.91336
0.283893
0.0456803
2.91747
0.28191
0.0437518
2.91409
0.280851
0.048142
2.91985
0.278449
0.044919
2.91522
0.290035
0.0440151
2.91546
0.283761
0.0438816
2.91535
0.2758
0.0403473
2.92016
0.284653
0.042113
2.90952
0.280592
0.0357739
2.90769
0.283085
0.0461818
2.91009
0.284361
0.0534706
2.91016
0.284719
0.0509048
2.91056
0.288159
0.0368438
2.90964
0.282257
0.051409
2.90314
0.28356
0.0453157
2.9069
0.288354
0.0380085
2.9117
0.285706
0.0462644
2.91331
0.28041
0.0368928
2.91091
0.281943
0.0458158
2.92543
0.292488
0.0434962
2.91192
0.284166
0.0448653
2.90692
0.291235
0.0426897
2.91396
0.284957
0.0382351
2.90651
0.284128
0.0455263
2.90695
0.283606
0.0517849
2.91119
0.276375
0.0435003
2.90916
0.284319
0.0466462
2.9162
0.282644
0.0432963
2.91763
0.280421
0.0413915
2.91056
0.283696
0.0508685
2.91477
0.288852
0.0495258
2.90794
0.288197
0.04487
2.90803
0.291056
0.0425887
2.92122
0.280079
0.0378247
2.9128
0.280835
0.0422585
2.91072
0.290156
0.0422989
2.91013
0.282034
0.0404475
2.90645
0.28476
0.0534634
2.91665
0.288485
0.0554357
2.91696
0.281438
0.0543532
2.90924
0.289234
0.0425927
2.91185
0.285849
0.0461872
2.91058
0.280527
0.0488259
2.90782
0.28385
0.0454799
2.90638
0.280336
0.0365955
2.91045
0.289307
0.0497398
2.91468
0.28798
0.0469684
2.9116
0.284911
0.0425769
2.90654
0.277056
0.0411963
2.9151
0.287558
0.0418864
2.91008
0.288519
0.0471615
2.90922
0.283979
0.040747
2.91626
0.285781
0.0474524
2.90686
0.284263
0.0479797
2.90865
0.290943
0.049793
2.91111
0.290075
0.0439974
2.9122
0.279026
0.0400826
2.90848
0.28643
0.0497179
2.91023
0.284409
0.0473798
2.90406
0.285851
0.0426931
2.90842
0.281731
0.0441326
2.90869
0.28505
0.0452437
2.91335
0.284553
0.0475951
2.90678
0.287821
0.0461215
2.90952
0.278029
0.0490414
2.91397
0.291818
0.0460492
2.91209
0.2877
0.0468311
2.90725
0.288417
0.04721
2.91675
0.29008
0.0435313
2.91395
0.286314
0.0520074
2.90712
0.286853
0.048353
2.91086
0.283021
0.041638
2.90714
0.286266
0.0448903
2.91446
0.290526
0.0481775
2.9112
0.283318
0.0400211
2.91094
0.289831
0.0468455
2.90131
0.280991
0.0402588
2.9117
0.28493
0.041802
2.90666
0.283599
0.0453712
2.9086
0.28814
0.0487136
2.91868
0.277919
0.0461645
2.90797
0.293078
0.0476828
2.91081
0.288911
0.0429919
2.91757
0.281334
0.0424615
2.9113
0.278924
0.0473179
2.91403
0.28945
0.0415949
2.90973
0.282439
0.0430254
2.90691
0.287327
0.047088
2.91182
0.280765
0.0393107
2.9171
0.289996
0.0457633
2.91111
0.276503
0.0427025
2.91144
0.28844
0.0485993
2.90977
0.282915
0.0391601
2.904
0.286283
0.0445717
2.90511
0.284925
0.0455725
2.91493
0.283511
0.0393388
2.91176
0.283605
0.0450064
2.90958
0.288513
0.045204
2.91043
0.282773
0.0405792
2.90604
0.276685
0.0402836
2.91868
0.28607
0.0468379
2.91165
0.287484
0.0504753
2.91361
0.282593
0.050668
2.91277
0.279196
0.0430982
2.9102
0.28792
0.0433974
2.90907
0.278916
0.0438811
2.90695
0.289397
0.0435161
2.911
0.283235
0.0531565
2.9122
0.287885
0.0383385
2.91129
0.279087
0.043008
2.91039
0.279453
0.0418269
2.91009
0.286376
0.0478649
2.91263
0.283073
0.0358446
2.91005
0.282438
0.0447012
2.91203
0.280522
0.0407038
2.91275
0.289738
0.0482147
2.91276
0.284565
0.0443991
2.91293
0.288689
0.0480203
2.9102
0.286165
0.0475877
2.90844
0.277185
0.0434581
2.90931
0.292551
0.0451512
2.91193
0.281775
0.0395777
2.90623
0.27801
0.0413858
2.91172
0.281658
0.0532306
2.91073
0.282666
0.0489455
2.91199
0.281252
0.0405376
2.90675
0.284564
0.051179
2.90672
0.280788
0.0424506
2.90755
0.285881
0.0475923
2.91132
0.284871
0.0381889
2.91083
0.285761
0.0449165
2.90686
0.27828
0.0431069
2.91248
0.29024
0.0441041
2.90578
0.281449
0.0399208
2.91527
0.28888
0.0446109
2.90924
0.280136
0.0374397
2.91334
0.293323
0.0443681
2.9099
0.27984
0.0410877
2.91768
0.283689
0.0495819
2.90328
0.290459
0.0415739
2.90633
0.279226
0.0472892
2.91372
0.286067
0.043432
2.90437
0.280739
0.0396533
2.91385
0.290078
0.0421633
2.91112
0.279523
0.0442174
2.9133
0.281684
0.0429179
2.90926
0.291381
0.0518771
2.91071
0.285917
0.0359808
2.90384
0.280277
0.0469683
2.91092
0.280756
0.0417964
2.91214
0.27365
0.0432682
2.91584
0.282461
0.0413645
2.91459
0.279898
0.0437723
2.90939
0.285987
0.0361266
2.90995
0.284865
0.0406745
2.91599
0.282882
0.0384856
2.90889
0.285338
0.0444969
2.9168
0.279938
0.0444395
2.90585
0.278888
0.0469194
2.91261
0.287523
0.046276
2.91623
0.284834
0.0511076
2.91226
0.281158
0.0402738
2.90893
0.285122
0.0466222
2.91081
0.285087
0.042301
2.91638
0.278749
0.0382344
2.90935
0.286706
0.0468329
2.90975
0.281051
0.0396045
2.90916
0.286743
0.0424767
2.90991
0.292511
0.0475632
2.91021
0.281482
0.0429954
2.91351
0.281437
0.0449711
2.91763
0.282029
0.0431224
2.90836
0.28554
0.0545111
2.9137
0.285881
0.0479744
2.91316
0.292687
0.0542656
2.90955
0.289694
0.0381815
2.91589
0.273501
0.0461573
2.91168
0.281928
0.0490465
2.91204
0.285843
0.0376529
2.90761
0.287885
0.0450788
2.90181
0.279983
0.0438307
2.91458
0.283976
0.0458575
2.90906
0.28149
0.0360565
2.90915
0.281407
0.0416057
2.91865
0.28286
0.047439
2.91417
0.284915
0.0406958
2.909
0.288316
0.0476588
2.9075
0.282754
0.0420077
2.90684
0.286783
0.0450894
2.90731
0.291883
0.0464645
2.91735
0.281694
0.0416635
2.91922
0.286489
0.0471325
2.91406
0.282431
0.0394055
2.91313
0.291579
0.0427945
2.91388
0.289573
0.0461327
2.92265
0.279458
0.0476782
2.91072
0.285084
0.039807
2.90763
0.281199
0.0451066
2.91032
0.286668
0.0579156
2.91255
0.287034
0.0497448
2.90872
0.291419
0.0428401
2.91619
0.28354
0.0470242
2.90929
0.284457
0.0484598
2.91304
0.2733
0.0395245
2.90844
0.276571
0.0455417
2.91074
0.287545
0.0438656
2.91265
0.285942
0.0412978
2.91032
0.281651
0.0484802
2.90898
0.280609
0.0488655
2.90949
0.282203
0.0430057
2.90992
0.283037
0.0459156
2.91631
0.286582
0.0458231
2.91324
0.273239
0.0407817
2.91452
0.282295
0.0470038
2.9166
0.292889
0.0473275
2.90757
0.296781
0.0436883
2.91294
0.283553
0.0515772
2.91535
0.289163
0.0396261
2.91197
0.286788
0.0398924
2.91424
0.282138
0.0361505
2.91102
0.279891
0.0458462
2.90362
0.278526
0.0489791
2.91309
0.27449
0.0386392
2.91491
0.28857
0.0459215
2.90447
0.2806
0.0469815
2.91165
0.285619
0.0518691
2.90808
0.285688
0.0460127
2.91684
0.285728
0.040244
2.90778
0.291109
0.0475649
2.90724
0.289673
0.0415016
2.91049
0.279297
0.0471647
2.90813
0.279555
0.0459719
2.91603
0.289812
0.0449628
2.91101
0.281226
0.0524007
2.90807
0.278739
0.0433674
2.91082
0.281272
0.049148
2.90812
0.277192
0.0412887
2.91001
0.281612
0.0466038
2.91536
0.275578
0.0478524
2.91537
0.285021
0.0501242
2.91835
0.284036
0.0403428
2.91082
0.285247
0.0479231
2.90669
0.283981
0.048416
2.91067
0.28612
0.0426147
2.91322
0.280315
0.0519895
2.91737
0.287001
0.042016
2.91351
0.283795
0.0481458
2.90887
0.279007
0.0500247
2.91653
0.282706
0.0533261
2.91823
0.285865
0.0506574
2.91096
0.276362
0.0434672
2.91058
0.28511
0.0467412
2.90992
0.288286
0.0423807
2.91045
0.286677
0.0444681
2.91093
0.286039
0.0379172
2.90783
0.288423
0.0425644
2.91443
0.284319
0.0433978
2.91307
0.281893
0.0481956
2.90772
0.285161
0.0412691
2.91613
0.280695
0.048894
2.91284
0.283542
0.0411102
2.91587
0.291154
0.0529485
2.91151
0.286099
0.0472356
2.91674
0.2794
0.0464043
2.90795
0.28021
0.0442766
2.91145
0.275624
0.0422865
2.90478
0.292129
0.0410027
2.9097
0.276869
0.0419482
2.90899
0.27923
0.0422526
2.90874
0.277874
0.044881
2.91183
0.29018
0.0419609
2.91279
0.283871
0.038921
2.90514
0.290445
0.0434914
2.90661
0.282855
0.0426827
2.91212
0.279624
0.0366156
2.91015
0.279577
0.0526949
2.91239
0.286719
0.0390884
2.90792
0.283905
0.0397783
2.91592
0.274894
0.0411881
2.91337
0.286913
0.0509429
2.90854
0.282863
0.0423965
2.91403
0.286434
0.0461525
2.91543
0.293076
0.0499059
2.90915
0.283812
0.0495496
2.91559
0.288019
0.0463653
2.90668
0.28912
0.0450239
2.91844
0.288294
0.0499602
2.90511
0.281089
0.0400417
2.91133
0.281224
0.0480253
2.91864
0.288604
0.0422719
2.91015
0.273743
0.0473398
2.90843
0.278767
0.0413806
2.91115
0.279843
0.0382345
2.91332
0.280232
0.0448265
2.91339
0.289639
0.0497057
2.91106
0.282315
0.0483247
2.90876
0.287147
0.049302
2.90823
0.282673
0.0467957
2.90765
0.289538
0.0456879
2.91033
0.293093
0.0418706
2.91318
0.279391
0.0421502
2.90471
0.282049
0.0455643
2.91294
0.284674
0.0476473
2.90401
0.277997
0.0443383
2.90838
0.280028
0.05268
2.91083
0.28178
0.049235
2.91542
0.289347
0.0420414
2.91568
0.282859
0.0504355
2.90855
0.282399
0.0407059
2.91079
0.284776
0.0491244
2.9149
0.280922
0.0424019
2.91035
0.292029
0.0466925
2.90345
0.278661
0.0513597
2.90698
0.278922
0.042421
2.91502
0.288907
0.0425306
2.9085
0.28802
0.0459895
2.91605
0.285538
0.0376954
2.90762
0.282227
0.039879
2.91582
0.280366
0.0410084
2.91065
0.286959
0.0436793
2.90658
0.286359
0.0446665
2.91095
0.290127
0.0512779
2.90899
0.279497
0.0490461
2.91299
0.291183
0.0437956
2.90959
0.291309
0.0486307
2.90832
0.283592
0.04907
2.90849
0.283408
0.0423751
2.90736
0.28665
0.0375337
2.90612
0.285994
0.0430601
2.91273
0.283218
0.0512393
2.91365
0.285375
0.0485157
2.9091
0.281493
0.0404407
2.90502
0.287559
0.0395585
2.9054
0.283203
0.0404189
2.91222
0.290249
0.0484882
2.91184
0.283478
0.048363
2.90577
0.279384
0.0457691
2.91736
0.281326
0.0467887
2.91634
0.282625
0.0438677
2.90504
0.287702
0.0474023
2.9101
0.28802
0.0485381
2.91821
0.279016
0.0444531
2.91634
0.278204
0.0421131
2.91138
0.280547
0.0431339
2.91228
0.283442
0.0444423
2.90906
0.283413
0.0474939
2.91095
0.281774
0.0500827
2.91277
0.290677
0.0517001
2.91724
0.294604
0.0475853
2.91027
0.283327
0.0498112
2.90484
0.283856
0.04008
2.90765
0.283322
0.0396696
2.91177
0.284762
0.0416603
2.91045
0.281995
0.0386793
2.92033
0.286259
0.0468536
2.90604
0.28065
0.0459392
2.91263
0.288524
0.041676
2.90899
0.28139
0.0504046
2.91712
0.277888
0.04384
2.91569
0.281777
0.0457558
2.90857
0.276544
0.0434957
2.90745
0.283094
0.043618
2.9107
0.283484
0.0422199
2.91337
0.294427
0.0564497
2.90333
0.279388
0.0486272
2.91151
0.290791
0.0420006
2.90661
0.274117
0.0438711
2.90989
0.286539
0.0431911
2.91444
0.286411
0.049997
2.90914
0.285613
0.0555974
2.90585
0.279758
0.046789
2.90858
0.289093
0.0440086
2.90502
0.276985
0.0425482
2.91597
0.281577
0.042496
2.90698
0.280134
0.0439844
2.91092
0.277765
0.05035
2.91734
0.286415
0.0458619
2.91547
0.289131
0.0382295
2.91583
0.284289
0.0443295
2.9129
0.277862
0.0442592
2.90887
0.29107
0.0430517
2.91018
0.277587
0.0483754
2.91272
0.287214
0.0389197
2.91371
0.282155
0.039862
2.91538
0.290812
0.0452229
2.91011
0.284563
0.0470709
2.90879
0.293063
0.0440812
2.91094
0.289111
0.0483867
2.91368
0.29059
0.045204
2.90978
0.28196
0.0437113
2.90836
0.294693
0.0427874
2.90815
0.280587
0.0414536
2.91485
0.285854
0.0478869
2.90481
0.280815
0.0389975
2.91338
0.290403
0.0492109
2.91127
0.284703
0.0467059
2.91039
0.284145
0.0468015
2.9157
0.29649
0.053959
2.91105
0.288007
0.0522563
2.91254
0.295712
0.0374974
2.91183
0.281705
0.0529824
2.91091
0.28568
0.0531003
2.91245
0.28737
0.0404437
2.91233
0.287967
0.0425855
2.91355
0.289222
0.0450224
2.91357
0.289364
0.0478079
2.9142
0.281957
0.0480786
2.90578
0.278986
0.0477491
2.91314
0.274738
0.0467987
2.90632
0.288134
0.0481391
2.90969
0.288374
0.0495744
2.90792
0.285724
0.0397974
2.90901
0.280775
0.0386458
2.91468
0.279853
0.0431396
2.91056
0.279001
0.0483226
2.90926
0.284179
0.0411196
2.90721
0.288147
0.0406514
2.91687
0.283813
0.0460854
2.91525
0.288045
0.0430232
2.90769
0.275994
0.0455948
2.91089
0.276786
0.0438015
2.91036
0.284592
0.052202
2.91282
0.286852
0.0398327
2.91304
0.285016
0.0476138
2.90138
0.281709
0.0445961
2.90934
0.283729
0.0435121
2.91591
0.278909
0.0439883
2.91192
0.292617
0.0446765
2.91994
0.277445
0.0473047
2.91083
0.279165
0.0483928
2.90989
0.289401
0.046019
2.91317
0.287992
0.0531205
2.90801
0.288204
0.0500794
2.91908
0.282024
0.0424651
2.9149
0.291646
0.0473226
2.91452
0.281046
0.0503105
2.90569
0.281641
0.0480492
2.91487
0.289972
0.0504234
2.91519
0.286524
0.0514774
2.90965
0.286979
0.0462549
2.90627
0.286438
0.0447894
2.91108
0.287265
0.0435395
2.91554
0.280311
0.0525295
2.90898
0.275846
0.0441651
2.91551
0.283622
0.0424201
2.91139
0.277147
0.0534882
2.91202
0.284367
0.0414215
2.91449
0.287347
0.0502466
2.90658
0.28522
0.0454969
2.91409
0.284413
0.0432181
2.91064
0.278322
0.0475318
2.90991
0.284186
0.0413879
2.90801
0.290231
0.0446852
2.91262
0.278759
0.0393128
2.91346
0.293181
0.0457536
2.91602
0.290233
0.0494568
2.91087
0.280712
0.049359
2.91029
0.282821
0.0418308
2.91577
0.283178
0.0438824
2.9067
0.28198
0.0393502
2.90326
0.282333
0.0384598
2.91332
0.285715
0.0457343
2.91291
0.287866
0.0421578
2.91134
0.285243
0.0444302
2.91681
0.2809
0.0414364
2.90776
0.28013
0.039867
2.91844
0.286262
0.0409191
2.90991
0.28767
0.0461265
2.91018
0.286347
0.0400937
2.91422
0.295106
0.0441946
2.91018
0.288401
0.0426498
2.91111
0.284104
0.04159
2.91339
0.289232
0.0513862
2.91458
0.288238
0.0464239
2.91535
0.290919
0.0513529
2.91468
0.289557
0.0433314
2.91498
0.280186
0.0499123
2.90995
0.27878
0.0460082
2.90676
0.287023
0.0421979
2.91636
0.287615
0.0447623
2.9069
0.283097
0.0419252
2.90902
0.286105
0.0474923
2.90717
0.28969
0.0500386
2.9164
0.280228
0.0453162
2.91149
0.285226
0.0471608
2.91069
0.27882
0.043252
2.91099
0.277297
0.0563316
2.91124
0.279106
0.0477154
2.91464
0.2861
0.0509561
2.91699
0.282259
0.0457437
2.91511
0.281971
0.0405618
2.90931
0.280843
0.0377368
2.91129
0.296602
0.0400347
2.90907
0.276744
0.0384444
2.91289
0.284167
0.0430016
2.90727
0.281781
0.0455129
2.91112
0.285076
0.0505773
2.92026
0.281462
0.050437
2.91416
0.283482
0.0385328
2.91247
0.284391
0.0429628
2.91686
0.281212
0.0485307
2.91655
0.283035
0.0423175
2.90977
0.285379
0.0404958
2.91372
0.284421
0.0455899
2.91694
0.289816
0.0465062
2.91612
0.285636
0.0428205
2.91471
0.288941
0.0483706
2.91555
0.283368
0.0418056
2.91061
0.280495
0.043459
2.90996
0.277862
0.0499251
2.91073
0.290043
0.0472731
2.91139
0.2814
0.0531401
2.9102
0.27867
0.0435834
2.91315
0.284597
0.0453153
2.90873
0.286269
0.0467617
2.90974
0.279616
0.0386266
2.91671
0.285394
0.0453585
2.91117
0.284347
0.0416185
2.91048
0.28626
0.042908
2.90855
0.287782
0.0389563
2.9142
0.279957
0.0441091
2.91423
0.279353
0.0481907
2.91663
0.274075
0.0515139
2.91372
0.283796
0.0439142
2.91137
0.290684
0.0408278
2.91446
0.282878
0.043235
2.91311
0.278587
0.0417167
2.90902
0.280165
0.048555
2.91857
0.2783
0.0549158
2.90525
0.28532
0.0411308
2.90735
0.281823
0.0481103
2.91719
0.286103
0.0414153
2.91102
0.289233
0.046518
2.91193
0.279436
0.0369498
2.91058
0.286901
0.0476393
2.91482
0.283253
0.0375248
2.90889
0.286372
0.0540168
2.91346
0.277549
0.0403224
2.90596
0.280865
0.0488646
2.90764
0.271871
0.045635
2.90928
0.28852
0.0497831
2.91551
0.29773
0.0489101
2.90769
0.280608
0.0461983
2.91294
0.285581
0.0477603
2.90952
0.290177
0.0484725
2.91116
0.284167
0.040192
2.90683
0.288202
0.0419455
2.91236
0.280769
0.040424
2.90739
0.285473
0.0415686
2.91652
0.280209
0.0433456
2.91033
0.282059
0.050286
2.91217
0.282221
0.0495324
2.90752
0.290237
0.0451804
2.913
0.28284
0.044144
2.90944
0.284646
0.0446187
2.91369
0.275567
0.0371545
2.9129
0.28946
0.040208
2.90795
0.284051
0.0460668
2.91323
0.28094
0.0463892
2.90712
0.288788
0.0430553
2.90687
0.282078
0.0506947
2.91797
0.281789
0.0366255
2.91204
0.280779
0.0357051
2.90505
0.288713
0.0434422
2.90966
0.281739
0.0459293
2.9109
0.287585
0.0455572
2.91064
0.284186
0.0415203
2.91002
0.27878
0.0430869
2.90771
0.283347
0.041739
2.91012
0.281928
0.052783
2.91535
0.281041
0.0474093
2.91441
0.28215
0.0479056
2.91493
0.282041
0.0453968
2.91361
0.282951
0.0431132
2.91329
0.287388
0.0373957
2.90517
0.28381
0.0400386
2.91419
0.285589
0.0479947
2.91146
0.288995
0.0409033
2.90798
0.278943
0.0415519
2.90813
0.280136
0.0478013
2.90914
0.275819
0.0391375
2.91518
0.288333
0.0435116
2.92291
0.278762
0.0402685
2.90952
0.285711
0.0534052
2.90758
0.281294
0.0499712
2.9151
0.287625
0.0455972
2.91715
0.280554
0.0461653
2.90635
0.287513
0.0400919
2.91046
0.278949
0.0472535
2.91001
0.279993
0.0424044
2.91769
0.28873
0.0467184
2.90944
0.291024
0.0469997
2.91129
0.283813
0.0413339
2.91322
0.291817
0.0438193
2.90511
0.283775
0.0415811
2.91065
0.282136
0.037127
2.90736
0.285315
0.0442917
2.91893
0.290539
0.0488162
2.90869
0.276525
0.0468939
2.9133
0.282577
0.04575
2.90476
0.290017
0.0442532
2.91536
0.286306
0.0398985
2.91539
0.285428
0.0467716
2.90802
0.27825
0.0488453
2.913
0.285127
0.0494781
2.91395
0.276623
0.0413748
2.91786
0.282412
0.0391726
2.9149
0.276745
0.0373372
2.9119
0.280946
0.0454435
2.91751
0.285697
0.0407934
2.91302
0.285177
0.0474849
2.90643
0.288221
0.0432141
2.90526
0.29138
0.0517815
2.90929
0.283267
0.0431012
2.91188
0.285962
0.0457789
2.90836
0.284946
0.0466306
2.91454
0.286608
0.049263
2.91478
0.283499
0.0439106
2.91692
0.276089
0.0475668
2.90734
0.289402
0.0524758
2.90427
0.282266
0.0486316
2.90398
0.280602
0.0489181
2.91959
0.280099
0.039363
2.90818
0.28624
0.0370965
2.91277
0.288189
0.0483362
2.91596
0.27925
0.044487
2.91236
0.28094
0.044917
2.90862
0.279641
0.0436238
2.91164
0.278434
0.0475705
2.91582
0.279697
0.0391527
2.91586
0.287989
0.0484268
2.91159
0.288133
0.0364174
2.91246
0.289358
0.0412874
2.91153
0.286165
0.0493803
2.9102
0.275101
0.049834
2.90801
0.279174
0.0358133
2.90879
0.290943
0.039063
2.91036
0.279042
0.0432032
2.90588
0.287701
0.0446618
2.91012
0.283593
0.0438383
2.9088
0.284214
0.0424886
2.90883
0.279478
0.0487484
2.91107
0.28677
0.0493921
2.91315
0.288675
0.0427667
2.90709
0.287075
0.0442238
2.91461
0.278541
0.0421753
2.9082
0.276337
0.0431663
2.90805
0.28442
0.049425
2.91083
0.289019
0.0458187
2.91263
0.27925
0.0433206
2.91708
0.283079
0.0452467
2.90739
0.275649
0.0430427
2.9105
0.285088
0.0472715
2.9119
0.27856
0.0441508
2.91632
0.287062
0.0476858
2.9129
0.287522
0.0497205
2.90673
0.290228
0.0377335
2.91008
0.289716
0.0410867
2.91162
0.288445
0.0432229
2.91393
0.286528
0.0405136
2.90665
0.280036
0.0416765
2.91004
0.283743
0.038882
2.90927
0.284108
0.0423564
2.9176
0.285279
0.0412833
2.90867
0.289017
0.0464321
2.90658
0.280456
0.0445014
2.9051
0.277339
0.0463237
2.90823
0.280691
0.0444848
2.91749
0.287786
0.0429237
2.91903
0.283946
0.0494259
2.91077
0.285259
0.044595
2.9151
0.28773
0.045815
2.91858
0.285336
0.0453344
2.90969
0.29016
0.0437527
2.9072
0.283634
0.0468394
2.91756
0.292144
0.0413667
2.90905
0.281449
0.0471973
2.90609
0.288552
0.048201
2.91521
0.28732
0.0378692
2.90895
0.280095
0.0378014
2.90305
0.286946
0.0447765
2.919
0.28436
0.0440364
2.91253
0.285579
0.0499642
2.90394
0.286095
0.043585
2.91365
0.291763
0.0399159
2.90685
0.28278
0.0408457
2.90906
0.283574
0.0396192
2.91549
0.28127
0.0502474
2.90799
0.278575
0.0364213
2.90727
0.278091
0.0500484
2.9096
0.293563
0.0478409
2.90617
0.287038
0.0471567
2.91089
0.280571
0.042704
2.90798
0.289221
0.0394076
2.9057
0.281823
0.0434068
2.91083
0.284333
0.0457641
2.9072
0.281501
0.0389397
2.91145
0.285107
0.0465256
2.90919
0.281414
0.0412151
2.91218
0.286565
0.0408461
2.9028
0.287202
0.042692
2.90925
0.279127
0.0469172
2.90749
0.279492
0.038636
2.91204
0.278256
0.044175
2.91164
0.292092
0.0499611
2.91024
0.278755
0.0453945
2.91599
0.283578
0.0389204
2.91281
0.282188
0.0446208
2.91728
0.284078
0.0514606
2.90964
0.27659
0.0413307
2.91649
0.287073
0.0351377
2.91344
0.286175
0.0443257
2.90504
0.286505
0.0430396
2.91316
0.283213
0.0490875
2.91422
0.282737
0.0487292
2.90359
0.282091
0.0393244
2.91181
0.279164
0.0433811
2.91223
0.28307
0.0438521
2.91279
0.28492
0.0421884
2.91777
0.283808
0.0463956
2.91305
0.282311
0.0417342
2.9194
0.280179
0.0441008
2.91191
0.278375
0.0367577
2.91014
0.28816
0.0523925
2.91249
0.285038
0.0513221
2.91769
0.292986
0.0432209
2.90606
0.293587
0.0442952
2.91445
0.283429
0.0453218
2.91231
0.284344
0.0390601
2.90604
0.280303
0.0456179
2.9112
0.275683
0.0416971
2.90721
0.283073
0.0428369
2.91667
0.284144
0.0415481
2.91827
0.281712
0.042198
2.91169
0.284072
0.0450691
2.91229
0.282697
0.0450181
2.90768
0.290939
0.0450961
2.91047
0.284409
0.0453897
2.90792
0.287547
0.0460424
2.91349
0.280758
0.0541549
2.9071
0.283158
0.0479455
2.9147
0.292362
0.0444697
2.91641
0.281922
0.0432262
2.90938
0.281436
0.0479849
2.90652
0.284687
0.0464987
2.91619
0.285457
0.048133
2.91039
0.27941
0.0438103
2.90925
0.279067
0.053929
2.91309
0.28263
0.0392783
2.91136
0.277619
0.0349594
2.91624
0.289551
0.0436035
2.9116
0.280806
0.052242
2.90986
0.278912
0.045653
2.90844
0.285356
0.0409494
2.90385
0.294083
0.0442692
2.9192
0.285416
0.0436325
2.91199
0.285189
0.0481185
2.90829
0.284542
0.0474993
2.91296
0.278163
0.0407182
2.91304
0.292206
0.0451555
2.91121
0.278436
0.037177
2.9085
0.285158
0.045206
2.91158
0.280688
0.0402038
2.90747
0.282094
0.0448103
2.90802
0.287267
0.046947
2.90894
0.285284
0.0558579
2.91296
0.278716
0.038337
2.90956
0.283211
0.0390868
2.90791
0.278894
0.0437411
2.91782
0.280571
0.0443394
2.91268
0.285878
0.0484728
2.90876
0.279933
0.0457713
2.91092
0.289251
0.0475763
2.91081
0.287678
0.0477718
2.91266
0.287358
0.0443975
2.90557
0.281038
0.0465088
2.90928
0.286358
0.0401839
2.9119
0.285986
0.041247
2.90771
0.282789
0.0492331
2.91089
0.283007
0.0418495
2.91354
0.283367
0.0411891
2.91229
0.286512
0.0521558
2.90771
0.281551
0.0370634
2.91522
0.287637
0.0455388
2.91228
0.284955
0.0443952
2.91465
0.28944
0.0445956
2.90982
0.278982
0.041626
2.90504
0.286545
0.0496396
2.91284
0.275863
0.0428218
2.91314
0.287367
0.044949
2.91852
0.287908
0.0439019
2.91937
0.280718
0.0452154
2.91007
0.279528
0.039006
2.91155
0.287843
0.0415306
2.90792
0.281022
0.0467635
2.91665
0.282064
0.0489633
2.90882
0.281459
0.0462808
2.91255
0.293861
0.0369523
2.91126
0.285744
0.0460888
2.90993
0.282492
0.0435689
2.91554
0.281848
0.0448148
2.91365
0.280606
0.0401598
2.9139
0.279561
0.0391247
2.91687
0.29104
0.0420153
2.90538
0.285701
0.0448367
2.91123
0.277609
0.0473251
2.91489
0.283366
0.0451636
2.90783
0.281599
0.0425036
2.91008
0.286849
0.048765
2.91066
0.28313
0.0474457
2.91856
0.282339
0.0415543
2.90253
0.280945
0.0424946
2.91524
0.285612
0.0407714
2.90897
0.281001
0.0450057
2.91979
0.286096
0.0495168
2.90517
0.279667
0.0437527
2.91339
0.288304
0.0446042
2.90709
0.287255
0.0470034
2.90506
0.279194
0.04702
2.90341
0.278912
0.0386261
2.90602
0.293748
0.045052
2.90675
0.282914
0.0446653
2.90985
0.283804
0.0476775
2.90563
0.286298
0.0460324
2.91504
0.281937
0.0443279
2.91863
0.272391
0.0494873
2.91584
0.287684
0.0424433
2.91349
0.280697
0.0390043
2.90731
0.290974
0.0386623
2.90621
0.285827
0.0378158
2.90745
0.282249
0.0428169
2.90603
0.284781
0.0431329
2.91341
0.286674
0.0447718
2.91266
0.285354
0.0405406
2.91172
0.284183
0.0434822
2.91288
0.278948
0.0416002
2.90709
0.281257
0.038615
2.91041
0.282828
0.043789
2.91293
0.28735
0.0417379
2.90788
0.2729
0.0440212
2.91286
0.278164
0.0377388
2.90831
0.288402
0.0451623
2.91401
0.284391
0.0413832
2.91707
0.287928
0.0476826
2.91334
0.287712
0.0478719
2.91374
0.274857
0.0411092
2.91007
0.275894
0.0413194
2.90634
0.281078
0.0463167
2.90406
0.303621
0.0485212
2.91438
0.283475
0.0411823
2.90998
0.281704
0.0377066
2.91217
0.283385
0.0499561
2.9127
0.291799
0.0468288
2.91107
0.28242
0.0437967
2.905
0.282627
0.0468787
2.91074
0.284302
0.0489098
2.91347
0.289764
0.0338642
2.90496
0.27982
0.0465844
2.91147
0.27974
0.0489663
2.90867
0.284271
0.0454468
2.91388
0.280523
0.0432635
2.90843
0.281554
0.0471994
2.90586
0.280008
0.0362851
2.90896
0.283247
0.0383878
2.90974
0.286333
0.0400775
2.90867
0.278653
0.0516586
2.91412
0.280686
0.0445681
2.91732
0.287693
0.0428169
2.91102
0.29435
0.0529995
2.91209
0.292459
0.049502
2.9045
0.283685
0.0399735
2.91406
0.281791
0.0499423
2.91801
0.290503
0.0448592
2.91245
0.280552
0.0477492
2.91216
0.281097
0.0411931
2.91188
0.290076
0.0484521
2.91044
0.2869
0.043068
2.90647
0.275818
0.0372163
2.91032
0.283448
0.0480841
2.91126
0.282092
0.0496029
2.91128
0.284403
0.0443569
2.90555
0.289876
0.0492087
2.913
0.278807
0.0441333
2.92368
0.281375
0.0563411
2.91044
0.285733
0.0473602
2.91098
0.287701
0.0445225
2.90853
0.287669
0.0447367
2.91378
0.274456
0.0384606
2.90666
0.290763
0.0465086
2.91863
0.291936
0.0374687
2.91041
0.279204
0.0474065
2.9158
0.286043
0.051342
2.90883
0.285328
0.0502405
2.91277
0.282234
0.0484385
2.9098
0.288315
0.0376776
2.91309
0.28379
0.04525
2.9183
0.286734
0.0544477
2.91263
0.281858
0.0526957
2.90958
0.278733
0.0415245
2.91621
0.282127
0.0404856
2.91256
0.285144
0.0399896
2.91158
0.287861
0.0476953
2.91014
0.280894
0.041858
2.91956
0.279819
0.0403536
2.91755
0.279333
0.0399325
2.91469
0.283467
0.0492598
2.91045
0.278405
0.0463807
2.90909
0.291042
0.0478673
2.90768
0.281548
0.0458768
2.90913
0.290554
0.0532269
2.9165
0.291723
0.0470293
2.90944
0.284056
0.037689
2.91096
0.287849
0.0425392
2.9105
0.284606
0.0441193
2.90614
0.285497
0.0456535
2.91695
0.282838
0.0461527
2.91262
0.281397
0.0403331
2.92037
0.288905
0.0384588
2.91366
0.287424
0.0438642
2.90586
0.285344
0.0442256
2.90942
0.286558
0.0430001
2.91177
0.284589
0.0427733
2.91442
0.278476
0.0417822
2.90982
0.28783
0.045979
2.90692
0.289775
0.0376359
2.90523
0.283089
0.0495883
2.90666
0.28703
0.049012
2.91521
0.286635
0.0443894
2.9091
0.283195
0.0429559
2.90409
0.288071
0.0433613
2.91681
0.29207
0.0422923
2.91565
0.279192
0.0422918
2.91395
0.276671
0.0485729
2.91222
0.27971
0.0392142
2.91759
0.28277
0.0440884
2.91032
0.289545
0.0435163
2.90988
0.283527
0.0497091
2.90784
0.283268
0.0496488
2.90857
0.291593
0.0434646
2.90447
0.284659
0.0433484
2.90596
0.280455
0.0391253
2.90955
0.281536
0.0510343
2.9162
0.294746
0.0487671
2.90849
0.285819
0.0500378
2.90875
0.280354
0.0408633
2.91619
0.284183
0.0502053
2.90857
0.28036
0.0450271
2.9121
0.292161
0.0454493
2.90928
0.282147
0.0486683
2.91464
0.286027
0.0467419
2.91684
0.27579
0.0469258
2.911
0.287241
0.0456876
2.90749
0.294165
0.0425175
2.91198
0.277677
0.0410924
2.90448
0.277911
0.0403278
2.91808
0.286657
0.0398314
2.91185
0.282086
0.0443621
2.90793
0.289494
0.0368498
2.91114
0.286285
0.0467582
2.91141
0.289014
0.0447625
2.91156
0.288148
0.047883
2.91191
0.287503
0.0421314
2.91202
0.287272
0.0442383
2.91033
0.283005
0.050525
2.91687
0.29058
0.0440995
2.91181
0.279012
0.045061
2.91693
0.277252
0.0451693
2.90724
0.283026
0.0469377
2.91362
0.289818
0.0520209
2.91475
0.277063
0.0416805
2.91283
0.28482
0.0491128
2.91452
0.298257
0.046193
2.9082
0.285001
0.0450066
2.91163
0.288716
0.0448376
2.91015
0.295433
0.0453207
2.91085
0.286373
0.0429745
2.91083
0.282447
0.0423158
2.91318
0.281551
0.0435889
2.90824
0.285694
0.0414932
2.91072
0.281197
0.0398139
2.91707
0.279377
0.0411697
2.91714
0.283593
0.042756
2.90988
0.286741
0.0464369
2.90605
0.284802
0.0401359
2.91795
0.281055
0.0446034
2.90539
0.28188
0.0510853
2.90975
0.275598
0.0406126
2.90933
0.286038
0.0425451
2.90978
0.275392
0.0459501
2.91684
0.285806
0.0444609
2.90698
0.277001
0.0435832
2.9118
0.289322
0.0417175
2.90661
0.282425
0.0418527
2.90549
0.281546
0.0481167
2.91143
0.281584
0.0475417
2.90746
0.281131
0.0395635
2.91012
0.286023
0.0407799
2.92021
0.283119
0.0495261
2.91011
0.289421
0.0423525
2.91511
0.278998
0.0432914
2.90821
0.282185
0.0448106
2.90919
0.280195
0.0487887
2.90241
0.278616
0.041934
2.90662
0.276484
0.0434319
2.91517
0.280425
0.0431151
2.91025
0.292168
0.0504773
2.91396
0.292997
0.0475925
2.90967
0.285947
0.0396958
2.90423
0.280149
0.0435751
2.91353
0.285826
0.0438573
2.90952
0.290273
0.0518901
2.90855
0.285633
0.0480826
2.90782
0.291116
0.0471568
2.91074
0.285235
0.0464331
2.91183
0.28229
0.0502098
2.90844
0.278312
0.0493836
2.90752
0.275474
0.0374815
2.91744
0.281034
0.0406833
2.90688
0.278491
0.0461281
2.90459
0.271915
0.0463969
2.91283
0.278204
0.039062
2.91475
0.287421
0.0375883
2.90541
0.284367
0.0440861
2.91046
0.276851
0.0444325
2.91351
0.283651
0.0449553
2.91445
0.283443
0.0417948
2.90897
0.283515
0.0424326
2.91159
0.287491
0.0415396
2.919
0.29057
0.042458
2.908
0.284193
0.0439002
2.91481
0.280868
0.0424575
2.9107
0.279704
0.0518253
2.9115
0.285687
0.041189
2.90756
0.27712
0.0487182
2.91197
0.287169
0.046479
2.91171
0.279463
0.0417529
2.90823
0.281921
0.0447906
2.90776
0.287388
0.045625
2.91761
0.282892
0.0362322
2.91196
0.27906
0.0456286
2.91287
0.286023
0.046553
2.90915
0.285415
0.0453837
2.91573
0.279054
0.0458559
2.91039
0.287487
0.0505627
2.90423
0.281041
0.043231
2.91291
0.29037
0.0469648
2.91806
0.282996
0.049941
2.90846
0.283858
0.0446591
2.91113
0.278663
0.0432466
2.90977
0.280418
0.0469321
2.90847
0.279741
0.0402468
2.90886
0.28263
0.0466206
2.9128
0.275667
0.0357293
2.91596
0.287856
0.0414723
2.92151
0.282392
0.0424117
2.91046
0.282813
0.0394121
2.91455
0.281468
0.0491054
2.9034
0.285684
0.0446961
2.91191
0.27376
0.0382091
2.90747
0.284572
0.0453749
2.90941
0.286876
0.0477712
2.91019
0.287693
0.0417747
2.91224
0.288265
0.0489454
2.90917
0.285749
0.0404911
2.91204
0.278345
0.0461596
2.9197
0.285159
0.0446324
2.91697
0.282374
0.0429542
2.9086
0.287975
0.0429609
2.90958
0.282529
0.0485438
2.91149
0.286144
0.0446253
2.91496
0.281859
0.0486068
2.90881
0.286897
0.0457035
2.91445
0.284116
0.0485186
2.90624
0.281122
0.0453138
2.90853
0.281338
0.0483422
2.91835
0.28714
0.0408913
2.90724
0.280201
0.0515408
2.90873
0.288464
0.0511096
2.91341
0.289503
0.0451344
2.90693
0.287188
0.0485491
2.91084
0.285454
0.0429401
2.90974
0.287996
0.0358976
2.92103
0.282426
0.0449666
2.91231
0.286417
0.0404058
2.91199
0.287627
0.040664
2.90952
0.286533
0.0440532
2.91585
0.29779
0.0420475
2.90847
0.280576
0.0480843
2.90602
0.280045
0.0440252
2.90707
0.281061
0.0464952
2.91054
0.284721
0.0421872
2.90984
0.280592
0.0455338
2.9074
0.28685
0.0433957
2.9074
0.287689
0.0524493
2.91104
0.284802
0.0496664
2.91996
0.284964
0.0462142
2.92348
0.287278
0.0423533
2.9119
0.280781
0.0543049
2.91132
0.282111
0.0470952
2.91068
0.286906
0.0449571
2.90337
0.281875
0.0437289
2.91481
0.28811
0.0458522
2.90985
0.286901
0.0432673
2.907
0.281008
0.037938
2.91092
0.278666
0.0531899
2.90785
0.282926
0.0489826
2.90951
0.279544
0.0392549
2.90899
0.279622
0.0396416
2.91231
0.281906
0.0434639
2.91608
0.286453
0.0436293
2.90912
0.282167
0.0425982
2.91515
0.281963
0.0471377
2.91235
0.296063
0.0401169
2.90777
0.284122
0.0426732
2.90951
0.279257
0.0491257
2.91344
0.286902
0.033937
2.90415
0.274614
0.0450639
2.91092
0.286574
0.0473812
2.90848
0.277996
0.0441292
2.9067
0.278238
0.0409908
2.90538
0.280914
0.0487397
2.90432
0.288138
0.0475991
2.90482
0.274704
0.0459386
2.91358
0.283179
0.0391746
2.90947
0.280913
0.0466824
2.9146
0.293042
0.0465725
2.90961
0.287869
0.0415691
2.9158
0.274944
0.0417346
2.91198
0.280743
0.0436535
2.90736
0.28428
0.0466772
2.90889
0.279378
0.0432633
2.90918
0.281701
0.0514787
2.90933
0.280719
0.0383872
2.90924
0.288623
0.0445605
2.91171
0.286986
0.0462242
2.91103
0.281472
0.0497037
2.91194
0.280557
0.0387253
2.91452
0.279021
0.0413209
2.91097
0.284433
0.0451273
2.91548
0.280436
0.0424689
2.90806
0.289593
0.0525145
2.91334
0.293629
0.0451772
2.90594
0.289521
0.044774
2.91564
0.284188
0.0370236
2.91046
0.287878
0.0405593
2.90886
0.287222
0.0453414
2.91201
0.289327
0.0467379
2.91049
0.283227
0.0462331
2.91383
0.282328
0.0485342
2.90835
0.290442
0.0479339
2.91263
0.282333
0.044998
2.91391
0.279583
0.0404133
2.91376
0.286844
0.0478903
2.91146
0.279346
0.0407826
2.90424
0.284086
0.0454683
2.92007
0.282366
0.0469698
2.91185
0.28794
0.0505045
2.9164
0.283154
0.0474083
2.90601
0.280727
0.0445514
2.90559
0.272233
0.0366978
2.90433
0.285364
0.0394258
2.91483
0.288024
0.0510656
2.90966
0.288622
0.0472341
2.91196
0.284067
0.0487525
2.92672
0.290387
0.0468394
2.9102
0.282977
0.0547289
2.91269
0.293351
0.0501839
2.91514
0.281815
0.0487622
2.91083
0.289416
0.0464514
2.91342
0.289092
0.0486869
2.90772
0.282711
0.0398809
2.91224
0.278176
0.0392143
2.91224
0.283751
0.0427755
2.91162
0.290198
0.0427573
2.90565
0.296577
0.0463502
2.90953
0.277601
0.0429714
2.91843
0.283097
0.0483898
2.91476
0.278184
0.0382952
2.91027
0.29133
0.0453364
2.91013
0.283383
0.0407773
2.91005
0.287122
0.0508452
2.91918
0.28164
0.0428992
2.91134
0.280908
0.0428613
2.91341
0.279875
0.0389983
2.91726
0.283518
0.0458961
2.90697
0.284542
0.0473907
2.91351
0.283724
0.0471984
2.90945
0.282234
0.0373947
2.90663
0.269671
0.0372601
2.924
0.284087
0.0434997
2.91421
0.280245
0.0349761
2.9102
0.285844
0.044112
2.90871
0.283651
0.0479632
2.91029
0.291084
0.0416935
2.90764
0.282186
0.0454069
2.91391
0.280532
0.0434765
2.90729
0.284505
0.0426417
2.90807
0.279716
0.0495813
2.91408
0.284866
0.0451755
2.90713
0.291875
0.037716
2.91361
0.278845
0.0415117
2.91159
0.280462
0.0490868
2.91168
0.284653
0.0439306
2.91723
0.282187
0.0404602
2.91218
0.278056
0.0395027
2.91052
0.280708
0.041496
2.90982
0.278344
0.0445598
2.91707
0.292106
0.0496148
2.91279
0.278304
0.0450664
2.91114
0.280489
0.0361393
2.91947
0.286088
0.0465819
2.91345
0.281465
0.0546082
2.91214
0.282663
0.0468108
2.9081
0.277433
0.0428785
2.90494
0.274178
0.0553509
2.90922
0.283832
0.0431185
2.91133
0.28996
0.0410536
2.91084
0.28463
0.0484005
2.91507
0.285324
0.0382136
2.90961
0.298884
0.055972
2.90385
0.287482
0.0454879
2.91428
0.287358
0.0490261
2.90636
0.285995
0.0421977
2.9068
0.273163
0.0457076
2.90862
0.286491
0.0450082
2.90606
0.279063
0.0409771
2.9111
0.282714
0.0405832
2.90785
0.285424
0.0431597
2.90866
0.280909
0.0421761
2.90956
0.284092
0.0465066
2.90943
0.288888
0.042549
2.91074
0.288524
0.0493405
2.90617
0.283625
0.0416414
2.91019
0.283691
0.0459227
2.91308
0.289837
0.0506996
2.90988
0.283266
0.0403379
2.90729
0.284465
0.0402275
2.91157
0.276586
0.0444337
2.91467
0.286755
0.0411592
2.91247
0.280103
0.0468151
2.91582
0.287129
0.0433521
2.9021
0.279211
0.0418624
2.91148
0.281052
0.0389626
2.90665
0.281777
0.0397639
2.91313
0.284122
0.0475894
2.9104
0.276133
0.0399974
2.90967
0.286773
0.0412113
2.90594
0.282162
0.0464006
2.90572
0.282622
0.0430533
2.9127
0.287025
0.0431029
2.91562
0.28685
0.0491502
2.90984
0.281059
0.03948
2.90941
0.290352
0.0381682
2.91216
0.288825
0.0435507
2.89785
0.278231
0.0409018
2.90898
0.279293
0.0427999
2.91793
0.281861
0.0489721
2.91104
0.280912
0.043637
2.90965
0.295041
0.0442027
2.91414
0.289757
0.0455538
2.90843
0.27834
0.0456584
2.90762
0.27892
0.0401949
2.90968
0.282215
0.0443337
2.90632
0.286892
0.042462
2.91195
0.283263
0.0488698
2.91048
0.280282
0.0476135
2.9085
0.288063
0.0429301
2.91183
0.292449
0.041229
2.91204
0.290376
0.0453295
2.90907
0.283377
0.0361084
2.90806
0.280276
0.048343
2.91621
0.284263
0.0418541
2.90606
0.2858
0.0359175
2.90939
0.282047
0.0417022
2.90764
0.282959
0.0453681
2.91636
0.280332
0.0411415
2.90993
0.279623
0.0445349
2.90662
0.280155
0.0412832
2.91619
0.284371
0.0377852
2.90841
0.284518
0.048532
2.91275
0.281106
0.039574
2.91236
0.289514
0.0433636
2.90633
0.287802
0.0466451
2.9135
0.283767
0.0463596
2.91032
0.283447
0.0407868
2.91686
0.292545
0.0433127
2.91016
0.290107
0.0521215
2.91958
0.279726
0.0524136
2.91406
0.286557
0.0469856
2.91343
0.27856
0.0443956
2.90279
0.278366
0.0448887
2.91429
0.286537
0.050992
2.90601
0.28686
0.0435972
2.91444
0.283478
0.051138
2.91672
0.283269
0.0375686
2.91015
0.275695
0.0444935
2.91162
0.28101
0.0415039
2.91509
0.281122
0.0405661
2.91235
0.286138
0.0475505
2.91149
0.288006
0.0428527
2.90961
0.275078
0.0480723
2.9111
0.278181
0.0460844
2.9076
0.275339
0.0451063
2.91284
0.282496
0.0458476
2.90776
0.286208
0.0491727
2.90941
0.282474
0.0468504
2.90738
0.276268
0.046731
2.911
0.278686
0.041977
2.9096
0.281023
0.0473629
2.90929
0.281378
0.0421105
2.91036
0.282575
0.0393344
2.91017
0.282509
0.0509406
2.91681
0.280219
0.0490152
2.91173
0.284487
0.046311
2.91009
0.281367
0.0440065
2.91615
0.282372
0.0395851
2.90788
0.292703
0.0441323
2.91175
0.278903
0.0409499
2.90568
0.285074
0.0456211
2.91032
0.282957
0.0438561
2.91441
0.276442
0.040966
2.91443
0.284027
0.0480781
2.9141
0.281828
0.036607
2.90936
0.285955
0.0455598
2.91303
0.278415
0.0450918
2.91147
0.280235
0.0407683
2.9188
0.283709
0.0392536
2.90904
0.278028
0.0447221
2.90941
0.277369
0.0456368
2.91019
0.285635
0.0467183
2.90888
0.27956
0.0436842
2.91167
0.287476
0.0508773
2.90762
0.286081
0.0477364
2.91055
0.282693
0.0527533
2.90981
0.28507
0.0419103
2.9113
0.2837
0.0488727
2.91397
0.287421
0.0433156
2.91342
0.288401
0.0421575
2.91508
0.29025
0.0451612
2.91309
0.291768
0.041861
2.90664
0.278092
0.0489842
2.91209
0.278382
0.0395635
2.90759
0.28601
0.0416616
2.91059
0.284312
0.0399944
2.90986
0.281784
0.0438213
2.90862
0.292492
0.0442597
2.90466
0.285917
0.0421558
2.90405
0.278495
0.0396221
2.90879
0.28568
0.0440555
2.90995
0.28562
0.0439872
2.90967
0.280335
0.0393241
2.9107
0.281166
0.0353462
2.90959
0.283103
0.0436748
2.91457
0.287656
0.0398894
2.90986
0.286791
0.0473027
2.91435
0.289277
0.0458805
2.91297
0.29177
0.0435036
2.90638
0.28926
0.0432614
2.91087
0.29332
0.0448734
2.91521
0.287161
0.0423996
2.9149
0.288474
0.0432622
2.91476
0.285053
0.046988
2.91317
0.286326
0.0509931
2.90976
0.28648
0.0536175
2.91063
0.286483
0.050459
2.90871
0.292196
0.0498719
2.91009
0.290464
0.0473022
2.90818
0.28856
0.0437699
2.90673
0.276286
0.0407402
2.91081
0.281853
0.0388975
2.91123
0.286116
0.0471652
2.91695
0.280841
0.0520247
2.90723
0.28833
0.0419629
2.92256
0.285317
0.0490404
2.90926
0.275661
0.0389872
2.91036
0.280088
0.0436995
2.90476
0.279826
0.038306
2.90896
0.291736
0.0466006
2.91026
0.281123
0.0503082
2.91237
0.282768
0.0522057
2.90498
0.289339
0.0472261
2.90828
0.285087
0.0406413
2.91414
0.287245
0.0418678
2.91183
0.291444
0.051719
2.90997
0.277238
0.0346548
2.90935
0.290188
0.0432526
2.91375
0.285305
0.0409603
2.91298
0.284077
0.0405473
2.91376
0.287069
0.0465461
2.90982
0.292013
0.0433375
2.91271
0.284992
0.0479442
2.90786
0.284601
0.0443094
2.9158
0.28678
0.0491085
2.90862
0.289425
0.0496382
2.91524
0.28508
0.0483607
2.90665
0.28472
0.0425936
2.91121
0.28385
0.0425067
2.90636
0.277844
0.0428419
2.90631
0.279875
0.0423539
2.90898
0.28925
0.0396427
2.90502
0.277073
0.0506386
2.91351
0.277624
0.0432177
2.91144
0.285501
0.0384165
2.91493
0.284484
0.0422274
2.91096
0.2835
0.0462447
2.90695
0.289076
0.0523319
2.91733
0.281863
0.0448297
2.90904
0.285309
0.0484968
2.91406
0.284614
0.0409078
2.91111
0.286007
0.0455628
2.90649
0.288749
0.0444727
2.90881
0.283923
0.0488345
2.91174
0.284999
0.0460873
2.91301
0.280848
0.049098
2.91175
0.279755
0.0521157
2.91527
0.286854
0.0431142
2.91175
0.287711
0.0386642
2.90759
0.285414
0.0469674
2.90994
0.27976
0.0370808
2.90708
0.283417
0.0483699
2.91013
0.280617
0.0408827
2.90896
0.277633
0.047804
2.9096
0.27994
0.0465971
2.90679
0.279295
0.045726
2.91092
0.286609
0.0418926
2.9111
0.290108
0.039687
2.90299
0.283331
0.0468886
2.90856
0.280498
0.0481606
2.9097
0.278161
0.0509574
2.91609
0.282883
0.0532468
2.91871
0.285563
0.0493555
2.91385
0.274935
0.0437882
2.91297
0.278796
0.0419686
2.91472
0.287981
0.0437014
2.90991
0.286887
0.0361647
2.9143
0.285215
0.0553006
2.91414
0.27965
0.0448256
2.91164
0.284135
0.0429265
2.9099
0.295954
0.0435477
2.91872
0.280685
0.039599
2.91344
0.285195
0.0432304
2.90743
0.281253
0.035281
2.91091
0.291088
0.0455435
2.90708
0.288397
0.0506873
2.90784
0.279206
0.043696
2.909
0.282317
0.0359858
2.91112
0.281968
0.048876
2.9062
0.283427
0.0514842
2.91135
0.27614
0.043522
2.91344
0.277695
0.0553726
2.90403
0.287253
0.0434096
2.9059
0.2892
0.0461091
2.90981
0.281432
0.0525672
2.90609
0.284092
0.0439608
2.90991
0.285154
0.044598
2.90415
0.289212
0.0492712
2.90772
0.286359
0.0466238
2.91164
0.285642
0.0504552
2.90723
0.280866
0.0466256
2.90922
0.282355
0.0465254
2.90478
0.283155
0.0492235
2.91297
0.272765
0.0388237
2.90867
0.290067
0.0420172
2.91513
0.285524
0.0489006
2.91603
0.286322
0.0466722
2.90536
0.284808
0.042461
2.91203
0.282071
0.0426064
2.91288
0.277575
0.0450015
2.90892
0.28136
0.0402133
2.91218
0.280651
0.049367
2.9116
0.281763
0.0458561
2.91655
0.290268
0.0446756
2.91162
0.288814
0.0534493
2.91633
0.278878
0.04343
2.90993
0.281305
0.0464981
2.91453
0.283137
0.045166
2.91091
0.281272
0.0441912
2.91655
0.28573
0.0462939
2.90376
0.27522
0.0431079
2.91534
0.284186
0.0395302
2.91273
0.290366
0.043707
2.91385
0.283686
0.0480114
2.90948
0.287677
0.0448172
2.91125
0.281364
0.0369817
2.91003
0.283367
0.0413396
2.91165
0.280634
0.0445429
2.90608
0.279285
0.0391817
2.91219
0.282945
0.0401279
2.91234
0.288392
0.0396943
2.91238
0.281609
0.0435338
2.90676
0.28897
0.050791
2.90898
0.28543
0.0469754
2.90926
0.284555
0.0478776
2.91786
0.27782
0.0417172
2.91045
0.27803
0.0464035
2.91297
0.281561
0.0417063
2.91328
0.275538
0.0514775
2.91687
0.284352
0.0429947
2.91413
0.282705
0.0460908
2.91521
0.290631
0.0491832
2.9113
0.281957
0.040489
2.91371
0.275404
0.0455907
2.90759
0.281182
0.0461231
2.91318
0.281994
0.0471565
2.91304
0.284801
0.0436556
2.91629
0.282353
0.0434115
2.91562
0.281547
0.0438993
2.91093
0.281066
0.0413637
2.91927
0.287936
0.0470865
2.90996
0.294873
0.0444932
2.91085
0.279549
0.0497331
2.91316
0.281854
0.0526529
2.91518
0.293305
0.0417555
2.9114
0.288832
0.0450771
2.91342
0.286635
0.0450082
2.91632
0.283151
0.0435712
2.90829
0.280938
0.0392212
2.91325
0.283539
0.0538163
2.91587
0.29937
0.048781
2.90327
0.278963
0.048617
2.91103
0.281509
0.0465941
2.91453
0.29132
0.0438107
2.9139
0.279058
0.0441256
2.90597
0.2815
0.0451304
2.90734
0.282828
0.0461012
2.91184
0.280921
0.0483769
2.90869
0.285674
0.042818
2.91126
0.281088
0.040339
2.91167
0.282104
0.0448562
2.9135
0.280033
0.0447843
2.9131
0.287807
0.0457616
2.91092
0.278903
0.0480311
2.91083
0.284606
0.0401591
2.91024
0.286066
0.0430301
2.90832
0.285782
0.0409549
2.90818
0.28158
0.0430074
2.91067
0.286841
0.0449391
2.9141
0.28492
0.0391802
2.91364
0.293459
0.0492528
2.90782
0.281057
0.0464802
2.91118
0.283327
0.04415
2.90827
0.282602
0.0448904
2.90734
0.284955
0.0454307
2.91
0.279503
0.0463685
2.91139
0.283403
0.0442187
2.90978
0.286918
0.0356437
2.90744
0.285789
0.0367741
2.91224
0.2889
0.049376
2.90587
0.280585
0.0471803
2.91219
0.281408
0.0484442
2.9089
0.27672
0.0401924
2.90784
0.285645
0.0481651
2.91671
0.287231
0.047663
2.90187
0.28521
0.0404477
2.9123
0.279389
0.0426233
2.90762
0.28177
0.0430035
2.90677
0.289838
0.0484532
2.91607
0.273838
0.038767
2.90756
0.282014
0.0442138
2.91361
0.293408
0.04112
2.91631
0.288147
0.0383635
2.9103
0.295444
0.0426377
2.90782
0.285315
0.0393221
2.91287
0.289039
0.0526752
2.90381
0.281137
0.0508775
2.91709
0.283457
0.0423938
2.90735
0.280332
0.0493175
2.91025
0.276592
0.0338504
2.90688
0.276936
0.0405777
2.91991
0.287704
0.0441977
2.9051
0.29084
0.0432555
2.9221
0.289143
0.0494709
2.91435
0.288465
0.0476381
2.90523
0.284128
0.04294
2.91126
0.276898
0.0398612
2.91121
0.280825
0.0461772
2.91549
0.277678
0.0447993
2.91164
0.283941
0.0445196
2.9065
0.286863
0.0457709
2.91387
0.281521
0.0480068
2.91906
0.280554
0.0451954
2.91366
0.285014
0.0466853
2.91279
0.280986
0.0386275
2.9148
0.27996
0.0457265
2.91304
0.282268
0.0514854
2.91339
0.278378
0.0429823
2.91053
0.288463
0.0445154
2.90809
0.289455
0.0404634
2.91281
0.28836
0.0403684
2.90931
0.281151
0.0448664
2.91262
0.28604
0.0475405
2.91334
0.287718
0.045611
2.91241
0.287414
0.047951
2.90811
0.28477
0.0465226
2.90874
0.290378
0.0526449
2.92558
0.289372
0.0493499
2.91407
0.278963
0.0423819
2.91101
0.285158
0.0356039
2.91262
0.284466
0.0450431
2.91333
0.2908
0.0421201
2.91801
0.281216
0.0541796
2.91415
0.280745
0.037804
2.90861
0.284701
0.0500333
2.91393
0.292014
0.0426259
2.90485
0.283769
0.0497627
2.91446
0.279539
0.0444468
2.91013
0.282949
0.0426426
2.91087
0.279485
0.0494415
2.91164
0.286439
0.0444858
2.91191
0.282212
0.041902
2.91248
0.280469
0.043787
2.90996
0.28193
0.0453271
2.91112
0.283499
0.0457035
2.9086
0.279455
0.0485565
2.91314
0.28127
0.0395575
2.91142
0.287428
0.0415772
2.91197
0.279726
0.0462871
2.90742
0.278382
0.0483985
2.90883
0.280359
0.0533825
2.90856
0.276753
0.0445086
2.91481
0.288576
0.0429527
2.90942
0.276208
0.0450868
2.91123
0.287274
0.0477495
2.9147
0.290432
0.0489137
2.91228
0.286981
0.0430848
2.91011
0.283009
0.0508731
2.91131
0.283157
0.0441469
2.91207
0.275053
0.0423675
2.91508
0.284764
0.0438336
2.91052
0.277435
0.0504407
2.90731
0.278873
0.0450408
2.90408
0.282993
0.0458295
2.90841
0.280984
0.0486732
2.90761
0.288751
0.0435888
2.91429
0.285369
0.0501655
2.90864
0.276591
0.045861
2.91384
0.280605
0.0411216
2.91175
0.288591
0.0434444
2.90952
0.282934
0.0386926
2.91184
0.284666
0.0368573
2.90867
0.285266
0.0458334
2.90486
0.282782
0.0480613
2.90772
0.284972
0.0448771
2.91016
0.280918
0.0410887
2.90852
0.282958
0.044515
2.9079
0.287805
0.0403069
2.91059
0.279867
0.0463836
2.9168
0.280936
0.0440913
2.91288
0.28445
0.044848
2.91875
0.278452
0.0385143
2.91284
0.292962
0.0451227
2.91305
0.282957
0.0487995
2.9157
0.290231
0.0519349
2.91292
0.277325
0.0401723
2.912
0.282679
0.0459066
2.9057
0.283442
0.0376278
2.90514
0.283692
0.044733
2.91475
0.284339
0.0394984
2.90649
0.279469
0.0456976
2.91726
0.285491
0.0495013
2.91062
0.282595
0.0464986
2.91357
0.278804
0.0457335
2.90623
0.289275
0.0426217
2.90962
0.286272
0.0471666
2.90943
0.285802
0.0479827
2.90771
0.283671
0.0494282
2.9142
0.283416
0.0415401
2.911
0.281848
0.0566294
2.91397
0.286001
0.0486772
2.90683
0.278654
0.053147
2.90847
0.282892
0.0406174
2.90988
0.283945
0.0518224
2.90724
0.28032
0.0443361
2.91076
0.281306
0.0455628
2.91197
0.288303
0.0450218
2.91404
0.289791
0.0422873
2.90942
0.282576
0.0431493
2.91093
0.288852
0.0498667
2.91393
0.282755
0.0446727
2.90926
0.283308
0.0455275
2.90623
0.284106
0.0385172
2.90346
0.286555
0.0439857
2.91477
0.287418
0.0450784
2.91623
0.278997
0.040956
2.91654
0.282028
0.0486426
2.91297
0.27712
0.0459388
2.91243
0.288328
0.0470752
2.9056
0.289686
0.0417278
2.91642
0.282368
0.0412165
2.91509
0.279583
0.0512089
2.91083
0.29118
0.0436914
2.91417
0.282964
0.0469315
2.91019
0.277022
0.0449627
2.9066
0.282504
0.0477419
2.91814
0.290394
0.0390578
2.90603
0.278045
0.0425729
2.90822
0.280578
0.0434297
2.91483
0.282077
0.0451851
2.91022
0.28273
0.0410604
2.91021
0.291416
0.0349744
2.91107
0.283815
0.0435214
2.91296
0.283318
0.0463685
2.90818
0.292441
0.0439468
2.91024
0.279846
0.0483603
2.91705
0.280322
0.0487717
2.90787
0.288128
0.0440953
2.91891
0.279967
0.039253
2.91373
0.288593
0.0401492
2.91609
0.287065
0.0489186
2.91227
0.282351
0.0473386
2.90785
0.282358
0.0472989
2.91479
0.283836
0.0421807
2.91451
0.282422
0.0385749
2.91728
0.284529
0.0511626
2.90503
0.284518
0.0377847
2.91263
0.275448
0.0456331
2.90659
0.284716
0.0504084
2.90884
0.292447
0.0450365
2.91726
0.281752
0.0432372
2.91171
0.304031
0.0453225
2.91208
0.291485
0.0412831
2.91098
0.286943
0.0407324
2.91395
0.281778
0.0384268
2.90919
0.281791
0.0467014
2.91022
0.283403
0.0403997
2.90466
0.287673
0.047145
2.9086
0.282155
0.0410733
2.90724
0.284645
0.05287
2.90142
0.288765
0.0457587
2.91071
0.284303
0.0407179
2.90946
0.279271
0.0464602
2.91244
0.284125
0.0438032
2.90935
0.280295
0.0375499
2.91044
0.291347
0.0455108
2.90603
0.288164
0.0390559
2.9117
0.281421
0.0423595
2.90931
0.287984
0.0462786
2.90678
0.288206
0.0379307
2.90932
0.277066
0.0394239
2.90855
0.280042
0.0471747
2.91646
0.283993
0.037239
2.90953
0.281021
0.0385917
2.91249
0.290034
0.041332
2.9178
0.284466
0.0503868
2.91568
0.283602
0.0491487
2.90804
0.29146
0.0426659
2.91004
0.29416
0.05009
2.90694
0.281785
0.0421383
2.90545
0.27665
0.0446922
2.91653
0.288193
0.0455989
2.91165
0.287198
0.0504487
2.90968
0.290711
0.03663
2.91125
0.282145
0.0464828
2.91392
0.28522
0.0370011
2.91277
0.278508
0.0443521
2.91329
0.275579
0.0431969
2.91395
0.28583
0.0435415
2.91506
0.285752
0.0488176
2.91057
0.279879
0.0408744
2.91637
0.278714
0.0442824
2.91174
0.275825
0.0423819
2.90599
0.280215
0.0506694
2.91534
0.285423
0.0376796
2.91201
0.282417
0.048537
2.91554
0.276171
0.0381222
2.9083
0.288498
0.0459846
2.91562
0.279979
0.0529107
2.91224
0.282274
0.0439641
2.9141
0.284609
0.0513539
2.9055
0.288754
0.04122
2.91796
0.27686
0.0457454
2.9127
0.293615
0.0467243
2.90667
0.281001
0.0451154
2.90745
0.284542
0.0444001
2.91038
0.283648
0.0456731
2.91264
0.286936
0.040816
2.9156
0.277601
0.0318847
2.91538
0.285041
0.0503078
2.90954
0.282084
0.046121
2.91255
0.281079
0.0452621
2.90812
0.283872
0.0496763
2.91392
0.2817
0.0533706
2.91162
0.279517
0.0436125
2.91531
0.289029
0.0422064
2.91272
0.278153
0.0430084
2.91004
0.272323
0.0406289
2.9093
0.280447
0.0411474
2.91696
0.281421
0.0535955
2.91419
0.284814
0.0571439
2.91164
0.275835
0.0501318
2.91718
0.279476
0.0475789
2.90828
0.288931
0.0506068
2.9126
0.278593
0.0470226
2.91193
0.282897
0.0497354
2.91196
0.286446
0.0504105
2.91135
0.27641
0.0496665
2.91423
0.28578
0.0437201
2.90754
0.282348
0.0464515
2.90783
0.28366
0.0436711
2.9138
0.27396
0.0387064
2.91163
0.289657
0.0436172
2.91144
0.279661
0.0510578
2.91448
0.28429
0.0467577
2.9096
0.286356
0.0462143
2.9089
0.286986
0.0558735
2.91211
0.284581
0.0410329
2.90885
0.285447
0.0495733
2.91859
0.283907
0.0487721
2.91263
0.285034
0.0402862
2.92075
0.279765
0.0411526
2.90927
0.283501
0.0494424
2.91066
0.274208
0.0418446
2.91936
0.283961
0.0475675
2.91165
0.28921
0.0413144
2.91359
0.287351
0.0434992
2.90813
0.285164
0.0454145
2.91273
0.278973
0.0391065
2.91396
0.278543
0.04914
2.90854
0.288785
0.0451962
2.91281
0.276627
0.0382467
2.91201
0.288008
0.0431879
2.91387
0.286826
0.0486901
2.90564
0.276336
0.0410598
2.91015
0.280506
0.0384178
2.91356
0.284331
0.0479233
2.91154
0.292736
0.0472673
2.91212
0.283476
0.0432544
2.91208
0.285967
0.0444938
2.90687
0.285117
0.048653
2.91081
0.286639
0.0527472
2.91704
0.282871
0.0395267
2.91644
0.286677
0.0421173
2.90976
0.286243
0.0522799
2.90219
0.279808
0.0393647
2.9208
0.282624
0.0470489
2.91207
0.285204
0.0456409
2.90749
0.289893
0.0408541
2.91556
0.284651
0.0461932
2.91071
0.284855
0.0536455
2.90642
0.285169
0.0434294
2.91068
0.282874
0.0451089
2.9077
0.279139
0.0440204
2.90727
0.287603
0.0401905
2.91438
0.285914
0.0422686
2.90911
0.279461
0.0435614
2.90399
0.286746
0.0462439
2.91198
0.288457
0.0442783
2.91395
0.278233
0.0456367
2.90527
0.284428
0.0401772
2.90798
0.283859
0.0477501
2.90512
0.282165
0.0474445
2.90577
0.283983
0.0424854
2.91301
0.272603
0.0459262
2.91033
0.2846
0.0497401
2.9073
0.281678
0.045292
2.91092
0.286903
0.0376494
2.91073
0.285004
0.0482857
2.90912
0.279541
0.0458831
2.90974
0.282317
0.0430267
2.91129
0.275613
0.038663
2.91688
0.281364
0.0437901
2.91544
0.281296
0.044637
2.90953
0.27855
0.0455478
2.91439
0.274501
0.0408453
2.90511
0.28226
0.0449665
2.91489
0.287656
0.0568267
2.91107
0.284595
0.044885
2.91708
0.283873
0.0410727
2.90879
0.282087
0.0479678
2.91167
0.288725
0.0440652
2.90856
0.29386
0.051901
2.91287
0.288016
0.0435412
2.91336
0.282358
0.043659
2.9099
0.284476
0.040669
2.90831
0.280139
0.0444948
2.90979
0.288331
0.0443578
2.91141
0.289602
0.0461621
2.90807
0.278257
0.0412018
2.9109
0.284582
0.0367389
2.91086
0.280719
0.0459033
2.91119
0.280582
0.0420712
2.91631
0.279086
0.0396821
2.90619
0.281784
0.0421109
2.91013
0.279737
0.040719
2.90642
0.277649
0.0454698
2.91655
0.286328
0.0485568
2.90782
0.291625
0.0405827
2.9161
0.281065
0.0534242
2.9092
0.281428
0.048313
2.91054
0.284211
0.0461457
2.9066
0.286911
0.040914
2.91262
0.284614
0.0369403
2.91033
0.284685
0.0449215
2.90813
0.285806
0.0431105
2.91927
0.283059
0.0445253
2.91564
0.282965
0.0462488
2.91482
0.279094
0.0424213
2.91161
0.27859
0.0417116
2.91174
0.2906
0.0480117
2.91764
0.281003
0.034294
2.90746
0.282745
0.0402128
2.91022
0.283717
0.0436887
2.90807
0.281305
0.0457363
2.91149
0.280142
0.0498934
2.90916
0.285872
0.0422397
2.91295
0.274726
0.0438498
2.90944
0.28346
0.039795
2.9101
0.281973
0.0391547
2.91129
0.280602
0.0438846
2.91321
0.281133
0.0426302
2.9091
0.280559
0.0493666
2.91153
0.279432
0.0472745
2.9106
0.287977
0.0489015
2.90911
0.287728
0.0398229
2.90924
0.284279
0.0421689
2.9137
0.286377
0.0458748
2.9122
0.284022
0.0466924
2.90531
0.282529
0.0463658
2.9021
0.284645
0.0480667
2.91275
0.282694
0.0401273
2.91015
0.28368
0.044212
2.91035
0.285189
0.0438322
2.91626
0.285477
0.0413459
2.92273
0.289379
0.0451355
2.90749
0.28721
0.0435045
2.90919
0.277827
0.0437472
2.90627
0.285811
0.0407377
2.91262
0.286132
0.046454
2.90546
0.286324
0.0434365
2.91007
0.290422
0.0432969
2.90843
0.286775
0.048652
2.90353
0.290256
0.0460127
2.91936
0.290206
0.0495634
2.91296
0.276096
0.04373
2.91204
0.27453
0.0492618
2.91368
0.285562
0.0462637
2.9074
0.277908
0.0450899
2.9128
0.279215
0.0395681
2.91146
0.285112
0.0448624
2.90759
0.27925
0.04624
2.91095
0.289147
0.0491027
2.91292
0.289554
0.0436574
2.91263
0.282863
0.04481
2.90764
0.27832
0.0410768
2.91039
0.28527
0.0406248
2.90742
0.284092
0.0450039
2.90906
0.288005
0.047873
2.90833
0.278388
0.0416335
2.9136
0.284068
0.0482899
2.9094
0.295896
0.0453201
2.91127
0.281555
0.0438688
2.90683
0.288034
0.0421219
2.91073
0.287977
0.0476879
2.91736
0.278412
0.0513263
2.90642
0.279668
0.0458706
2.90765
0.282519
0.0453677
2.91203
0.277816
0.0393412
2.91824
0.273492
0.0386948
2.91062
0.287881
0.0466493
2.90668
0.289044
0.0458423
2.91582
0.286315
0.0532287
2.9113
0.284164
0.0449357
2.90593
0.281798
0.0401821
2.91353
0.286963
0.041816
2.91115
0.280715
0.0506832
2.90844
0.27957
0.0431655
2.91013
0.284717
0.04465
2.90861
0.286132
0.0428067
2.90354
0.277095
0.0493596
2.90828
0.282017
0.0486398
2.90662
0.288469
0.042045
2.9194
0.279462
0.0456618
2.91401
0.280428
0.0426644
2.92162
0.28874
0.0393023
2.90711
0.282604
0.0421902
2.91041
0.286478
0.040949
2.91678
0.285899
0.0442576
2.91052
0.280056
0.0353643
2.90598
0.273946
0.0449638
2.90871
0.288304
0.0495581
2.91063
0.286101
0.046134
2.91244
0.284451
0.0485176
2.90706
0.284493
0.0461124
2.91241
0.282781
0.0510956
2.90523
0.278868
0.0482448
2.91019
0.272727
0.0382835
2.91665
0.288931
0.0437934
2.90466
0.278182
0.0409369
2.91285
0.283897
0.0418951
2.91766
0.285098
0.0395913
2.91743
0.283658
0.0419293
2.91031
0.287481
0.0459785
2.90367
0.282827
0.045438
2.91523
0.284122
0.0473664
2.90981
0.28558
0.0452416
2.91143
0.288643
0.0405906
2.90875
0.28529
0.0478408
2.90536
0.276132
0.0376623
2.90872
0.287154
0.0465349
2.91273
0.280471
0.0467032
2.90965
0.281384
0.0448692
2.91578
0.291004
0.0470576
2.91471
0.278561
0.0438699
2.90443
0.287739
0.0477923
2.91739
0.28282
0.0508632
2.91138
0.281587
0.0375649
2.91014
0.292025
0.0521989
2.9051
0.285594
0.0423462
2.9142
0.275024
0.041862
2.91375
0.285114
0.0523072
2.90804
0.2808
0.0479355
2.90858
0.287458
0.0459095
2.91229
0.285793
0.0458649
2.90954
0.283354
0.0424763
2.91265
0.281728
0.0472126
2.91179
0.281568
0.0498169
2.90958
0.284871
0.0431469
2.91005
0.278705
0.0411822
2.90634
0.284755
0.0459542
2.91488
0.286948
0.0547205
2.91321
0.290281
0.050002
2.90946
0.280328
0.0466188
2.9136
0.27534
0.0490122
2.91137
0.277997
0.0518533
2.90966
0.280762
0.0482364
2.91027
0.286076
0.0429353
2.91459
0.291489
0.0470464
2.91478
0.285862
0.0449835
2.91068
0.281936
0.0395828
2.90871
0.285153
0.0478608
2.91611
0.276461
0.0447202
2.90412
0.279575
0.035899
2.91365
0.296211
0.0470252
2.91505
0.283853
0.0377847
2.9141
0.287041
0.0396381
2.91469
0.27832
0.043637
2.91292
0.289464
0.0458845
2.91618
0.277078
0.043862
2.92166
0.279364
0.0432087
2.90337
0.287015
0.0463994
2.90884
0.284409
0.043794
2.90725
0.283321
0.0486269
2.91437
0.284254
0.039334
2.91489
0.273851
0.0402621
2.90139
0.272401
0.041498
2.91196
0.298039
0.0463381
2.91166
0.27982
0.047685
2.91175
0.281045
0.0492118
2.91098
0.281402
0.0361228
2.91191
0.281703
0.0414133
2.91504
0.287808
0.0498922
2.91393
0.285949
0.0461692
2.90648
0.277998
0.0417023
2.91112
0.281127
0.0473708
2.9175
0.291396
0.052728
2.90993
0.286335
0.0503475
2.90379
0.281969
0.0411405
2.9097
0.287701
0.0435531
2.90736
0.285221
0.046805
2.90982
0.283202
0.0414417
2.9101
0.294205
0.0506291
2.91715
0.279801
0.0475353
2.91243
0.276426
0.0457137
2.90724
0.280642
0.0423592
2.91105
0.284555
0.048452
2.91209
0.281464
0.0539432
2.90883
0.280452
0.0458349
2.91133
0.29057
0.0457272
2.9087
0.284515
0.0444884
2.91329
0.276299
0.0451404
2.91651
0.281545
0.0486118
2.90975
0.281203
0.0418067
2.90965
0.280574
0.0411943
2.90989
0.287721
0.0434377
2.91911
0.281064
0.0459832
2.91527
0.283861
0.0458037
2.91849
0.281438
0.0490224
2.91233
0.281607
0.0364817
2.91351
0.282909
0.0452811
2.91128
0.280657
0.0466426
2.91855
0.281511
0.0414862
2.91027
0.282748
0.0414562
2.90557
0.281805
0.045599
2.91199
0.281473
0.0417394
2.91339
0.292061
0.0552428
2.91154
0.285704
0.0454266
2.9141
0.281898
0.0400916
2.91394
0.279891
0.0423202
2.90763
0.285017
0.0416522
2.90883
0.285471
0.0417481
2.91085
0.285814
0.0452298
2.91017
0.289673
0.0420738
2.9209
0.28831
0.0436918
2.90777
0.284561
0.0406971
2.90323
0.284479
0.0444185
2.91909
0.287311
0.0510544
2.91212
0.290772
0.0457254
2.90944
0.287807
0.0458122
2.91774
0.282888
0.0463204
2.90975
0.286323
0.047717
2.91517
0.284061
0.0487907
2.91586
0.285946
0.0482874
2.91269
0.279346
0.0462123
2.905
0.283061
0.04716
2.91233
0.282734
0.0455881
2.90588
0.28081
0.0420916
2.90836
0.290043
0.0464415
2.9143
0.278744
0.0490707
2.91343
0.281838
0.0436538
2.90389
0.283778
0.044139
2.90944
0.282897
0.0405075
2.90745
0.283614
0.0524555
2.90231
0.277577
0.0416982
2.90762
0.271887
0.0425983
2.91109
0.286588
0.0434374
2.91474
0.282313
0.0385408
2.91107
0.275589
0.0493597
2.91214
0.285815
0.044464
2.91607
0.280888
0.0450149
2.90777
0.283432
0.0472623
2.91234
0.28557
0.042265
2.90954
0.282897
0.0410952
2.91514
0.276897
0.0425551
2.90778
0.287373
0.050331
2.90634
0.273008
0.0390636
2.90374
0.279876
0.0394734
2.9144
0.277857
0.0468894
2.90538
0.28053
0.0527884
2.90837
0.283745
0.0475937
2.91164
0.291109
0.0480797
2.91299
0.280885
0.0435123
2.90747
0.291571
0.0517163
2.9068
0.284116
0.0463079
2.91811
0.280615
0.0428229
2.91314
0.282652
0.0420892
2.90832
0.275776
0.0479998
2.91586
0.297043
0.0462021
2.91372
0.285769
0.0447794
2.9104
0.288654
0.0422922
2.91278
0.278895
0.0418706
2.91627
0.297653
0.0419765
2.91206
0.276629
0.0468242
2.91979
0.284516
0.0447132
2.90671
0.282114
0.0455391
2.91198
0.277137
0.0434108
2.91449
0.279677
0.0420525
2.91302
0.283727
0.0516301
2.91019
0.290513
0.0447493
2.91935
0.282761
0.0502447
2.91371
0.282486
0.0466883
2.9088
0.283208
0.0542827
2.90827
0.277136
0.0440564
2.91102
0.290654
0.0457637
2.91584
0.282776
0.0381787
2.91371
0.291328
0.0469879
2.90933
0.280887
0.0453625
2.91316
0.276891
0.0449124
2.91238
0.29442
0.0417758
2.91102
0.288149
0.0444221
2.9083
0.292651
0.0441278
2.90813
0.289938
0.040816
2.90638
0.288332
0.0441508
2.90964
0.278213
0.0438479
2.91042
0.278874
0.0407691
2.91651
0.290143
0.0447644
2.91009
0.281017
0.0467008
2.9113
0.275378
0.0353778
2.90855
0.286644
0.0455726
2.91342
0.283228
0.044175
2.91394
0.283121
0.0446595
2.92265
0.283779
0.0459136
2.91246
0.278452
0.0426829
2.91029
0.281846
0.0441271
2.91029
0.281685
0.0429468
2.90791
0.28157
0.0469382
2.91336
0.285765
0.0450518
2.91066
0.284358
0.0519274
2.9107
0.281358
0.0486285
2.91331
0.276409
0.0452884
2.9104
0.284157
0.0481759
2.90736
0.284782
0.0420223
2.90476
0.285709
0.0442541
2.91363
0.286932
0.0352104
2.9116
0.279373
0.0441204
2.91111
0.285078
0.0525598
2.90949
0.271599
0.0459367
2.91442
0.282868
0.0434206
2.91429
0.280014
0.0447913
2.91555
0.285072
0.0480056
2.91158
0.276799
0.0417494
2.90658
0.284281
0.0384257
2.90662
0.294308
0.0443646
2.90658
0.278572
0.038594
2.91248
0.285528
0.0447645
2.91094
0.290924
0.0439858
2.90342
0.284952
0.0446571
2.90626
0.285404
0.0478827
2.90862
0.27772
0.0550395
2.90576
0.288508
0.049487
2.90925
0.282431
0.044765
2.90735
0.27766
0.0400225
2.91173
0.285881
0.0428186
2.90756
0.286204
0.0380388
2.90973
0.278628
0.0347166
2.91926
0.282302
0.0451446
2.91199
0.280056
0.0455376
2.90967
0.275275
0.0538885
2.91237
0.279142
0.0407696
2.91785
0.28599
0.0500786
2.90281
0.2918
0.050108
2.90748
0.275347
0.0396525
2.90796
0.286764
0.0447053
2.91388
0.283599
0.0499075
2.91197
0.285881
0.0429809
2.91087
0.280597
0.047114
2.9103
0.285649
0.0477756
2.90913
0.27577
0.0457453
2.90927
0.29311
0.0520494
2.90485
0.289216
0.044128
2.91055
0.284596
0.0404948
2.91062
0.282283
0.045687
2.91138
0.292092
0.0420788
2.90687
0.285063
0.0414965
2.91461
0.279319
0.041875
2.90904
0.290732
0.0447803
2.91711
0.293859
0.0442932
2.91169
0.287157
0.0410872
2.90902
0.297812
0.0367101
2.91659
0.282801
0.0382854
2.91385
0.279549
0.0438024
2.90932
0.276463
0.0432334
2.91077
0.285844
0.0441979
2.91325
0.280752
0.0502672
2.90897
0.277057
0.0416275
2.90322
0.285471
0.0438576
2.90835
0.28165
0.0427104
2.90859
0.28582
0.0544768
2.9097
0.284358
0.0439307
2.91035
0.2807
0.0415758
2.90847
0.293296
0.0413418
2.91152
0.285375
0.040383
2.90967
0.281818
0.0397464
2.91082
0.28659
0.0406732
2.91012
0.281353
0.0413387
2.92013
0.283404
0.0504432
2.90922
0.283094
0.0393205
2.91412
0.278135
0.0412373
2.9231
0.285416
0.0424984
2.90843
0.286588
0.043795
2.91144
0.278284
0.0443169
2.90763
0.288573
0.0412485
2.9098
0.284533
0.0517681
2.9117
0.281732
0.0417533
2.91694
0.284955
0.0404472
2.91619
0.285859
0.0410752
2.91146
0.284324
0.051832
2.91847
0.278214
0.0403352
2.91696
0.294694
0.0441282
2.91581
0.290168
0.0459989
2.91104
0.291455
0.0457891
2.9065
0.282139
0.0460199
2.91398
0.291868
0.0493338
2.91069
0.281976
0.0414333
2.91327
0.2796
0.0432634
2.9134
0.27863
0.0456551
2.91032
0.290715
0.0496156
2.91009
0.281089
0.0520037
2.91159
0.284424
0.0436909
2.91097
0.286044
0.0446993
2.90684
0.294723
0.0461257
2.90986
0.283465
0.0427556
2.91227
0.284433
0.0419336
2.91483
0.276098
0.04385
2.91158
0.291888
0.0434869
2.90984
0.280889
0.0452628
2.9122
0.291766
0.0412071
2.90951
0.278305
0.0510483
2.91545
0.282377
0.0415788
2.90853
0.296256
0.049713
2.91479
0.283246
0.0442995
2.91254
0.285017
0.0401656
2.91278
0.286611
0.0391426
2.9075
0.283819
0.0453146
2.9087
0.279375
0.0411109
2.90957
0.286785
0.0424941
2.90874
0.285002
0.0383606
2.90352
0.28251
0.0370982
2.90628
0.288593
0.0475794
2.91281
0.288403
0.0424969
2.90659
0.288918
0.0423468
2.91145
0.284388
0.0460909
2.91038
0.280789
0.0497988
2.91133
0.290889
0.0465156
2.90933
0.283644
0.0429466
2.90932
0.286973
0.0410936
2.91472
0.289767
0.0423617
2.9025
0.279058
0.0441971
2.91187
0.291482
0.0494589
2.91187
0.282723
0.0432944
2.90457
0.283265
0.0452427
2.91066
0.281051
0.0464703
2.91311
0.283012
0.0403048
2.9201
0.27576
0.0480399
2.91263
0.281569
0.047376
2.90743
0.288192
0.0351829
2.91404
0.290066
0.0462741
2.90516
0.279233
0.0504678
2.90931
0.283929
0.0501674
2.91476
0.285792
0.0456449
2.9093
0.281818
0.0532523
2.90943
0.28335
0.0409141
2.91506
0.288542
0.0442411
2.92138
0.277611
0.0423648
2.90511
0.283792
0.0455628
2.90568
0.289027
0.0394636
2.90777
0.276943
0.0381522
2.90868
0.287398
0.0430259
2.90714
0.28528
0.0424851
2.91391
0.282631
0.0437104
2.91611
0.28495
0.0464858
2.91791
0.284925
0.0478604
2.90834
0.280196
0.0442021
2.913
0.282738
0.0426273
2.91331
0.280217
0.0410972
2.91326
0.28376
0.0404402
2.90758
0.288532
0.0497966
2.9092
0.282236
0.0450654
2.91436
0.280231
0.0367807
2.91116
0.282609
0.0441124
2.91475
0.27821
0.0409601
2.9046
0.282135
0.0512475
2.91086
0.288454
0.0432306
2.90521
0.278885
0.0511194
2.91656
0.278534
0.0360725
2.91201
0.283293
0.0402519
2.90893
0.278309
0.0410298
2.91438
0.280207
0.0360639
2.91343
0.283162
0.04175
2.91679
0.279414
0.0411883
2.9116
0.282909
0.0382289
2.91395
0.285848
0.0495742
2.91524
0.286612
0.0480061
2.90903
0.28458
0.0490749
2.90248
0.288838
0.0434702
2.91235
0.281663
0.046044
2.91113
0.289141
0.0470024
2.90409
0.286041
0.0411928
2.91197
0.28977
0.04047
2.90786
0.278983
0.0442864
2.9122
0.281942
0.0398711
2.91014
0.282983
0.0374598
2.91781
0.276816
0.0445865
2.90942
0.287556
0.0421245
2.91043
0.282532
0.0389003
2.9087
0.275423
0.0457318
2.91549
0.290582
0.0511143
2.91434
0.284322
0.0458189
2.90899
0.282274
0.0408423
2.92021
0.287942
0.0429844
2.91125
0.282031
0.0417418
2.91276
0.285621
0.0434391
2.9116
0.285866
0.0350793
2.91171
0.289877
0.0473467
2.91279
0.279934
0.0434258
2.90684
0.284617
0.0470616
2.90666
0.281043
0.0404713
2.90787
0.279186
0.0436837
2.91813
0.292749
0.0454651
2.90137
0.282008
0.0423868
2.91246
0.288155
0.0459156
2.91114
0.282425
0.041493
2.91031
0.285652
0.0478072
2.9167
0.280042
0.0484826
2.90844
0.281647
0.0454497
2.90789
0.28487
0.0467493
2.91262
0.283256
0.0535066
2.91035
0.277375
0.0396123
2.90768
0.282828
0.056032
2.91148
0.280397
0.0421546
2.90806
0.282787
0.0447564
2.9131
0.284903
0.0423294
2.91065
0.287146
0.0450644
2.91901
0.286189
0.0482681
2.91388
0.291593
0.0430972
2.90968
0.283028
0.0431793
2.91123
0.284278
0.0463278
2.90641
0.279512
0.0422551
2.91194
0.281405
0.0569144
2.90726
0.281429
0.043241
2.90629
0.282334
0.0392394
2.9041
0.279496
0.0405419
2.90421
0.286423
0.0425203
2.909
0.287872
0.0492357
2.9112
0.284638
0.0397182
2.90711
0.279485
0.0459195
2.91108
0.279455
0.0461823
2.91
0.288775
0.0445633
2.91247
0.275414
0.0437872
2.9174
0.279728
0.0427177
2.90979
0.276709
0.0421655
2.91393
0.285753
0.0448481
2.91164
0.280988
0.0466818
2.91743
0.285435
0.0409393
2.90894
0.284169
0.0499036
2.91288
0.284679
0.0487932
2.9062
0.276225
0.0468588
2.90317
0.281576
0.0447672
2.90361
0.278808
0.0429374
2.91168
0.278263
0.0357023
2.91104
0.280949
0.0414181
2.91025
0.280956
0.0430923
2.91018
0.279806
0.0511337
2.9162
0.287621
0.0401172
2.91212
0.281993
0.0438215
2.9042
0.289402
0.0425807
2.91117
0.284193
0.0419371
2.90529
0.283466
0.0511556
2.90672
0.283544
0.0431388
2.91011
0.289195
0.0498852
2.90404
0.281447
0.0518918
2.91139
0.286163
0.0396675
2.91351
0.287588
0.0414639
2.91486
0.281496
0.0470874
2.9101
0.280992
0.0476922
2.90945
0.292805
0.0475455
2.91376
0.287836
0.0420308
2.91063
0.275085
0.0464564
2.90974
0.28559
0.0409928
2.92084
0.29022
0.0422915
2.90861
0.282653
0.0398451
2.90769
0.28234
0.0403658
2.90958
0.281258
0.0470421
2.91264
0.283686
0.0452582
2.9117
0.286015
0.0372176
2.90951
0.293871
0.0503005
2.91866
0.285551
0.0464705
2.91224
0.282834
0.0416314
2.91155
0.288394
0.0463339
2.90888
0.28264
0.0456523
2.90342
0.274709
0.0396453
2.91902
0.294827
0.0452734
2.90973
0.282014
0.0525073
2.91364
0.290593
0.0484948
2.9153
0.290616
0.046136
2.90818
0.282162
0.0428625
2.91165
0.278252
0.0472266
2.91137
0.284375
0.0441742
2.9124
0.284633
0.054064
2.91484
0.278871
0.0416892
2.91284
0.282712
0.0431742
2.91518
0.289493
0.050724
2.91031
0.283839
0.0405956
2.91344
0.285476
0.051031
2.90647
0.282332
0.0363325
2.9073
0.280931
0.0435019
2.90857
0.282244
0.0433145
2.91679
0.282729
0.0472887
2.91104
0.279426
0.0467673
2.90727
0.277288
0.0349469
2.91535
0.278747
0.0399356
2.9139
0.284359
0.0484128
2.91256
0.285152
0.0433008
2.91172
0.283091
0.0470961
2.91413
0.283571
0.0415477
2.92087
0.282017
0.0477289
2.91402
0.284608
0.0423386
2.90699
0.28664
0.040683
2.91393
0.282645
0.0447693
2.90416
0.279525
0.0443776
2.91356
0.286558
0.0491964
2.91266
0.284619
0.0429578
2.91753
0.286079
0.052085
2.91221
0.282264
0.0491449
2.9074
0.2782
0.0441526
2.91153
0.278929
0.0395847
2.91006
0.286604
0.042023
2.9105
0.286727
0.0465709
2.91178
0.286076
0.0374015
2.91344
0.291071
0.0426
2.9148
0.288186
0.0486672
2.91047
0.281999
0.0414889
2.9136
0.280279
0.0461284
2.91262
0.277598
0.0409525
2.92233
0.290152
0.0516458
2.90614
0.285163
0.0474239
2.92081
0.282108
0.0543836
2.91037
0.283373
0.0463102
2.91331
0.277438
0.0435606
2.91373
0.27933
0.0380102
2.9091
0.288138
0.0462674
2.91381
0.282563
0.0513797
2.91012
0.28611
0.0506123
2.90811
0.284403
0.042633
2.91909
0.284698
0.0519466
2.91317
0.285709
0.0361718
2.9093
0.284199
0.044031
2.91557
0.283443
0.0436462
2.90831
0.28235
0.0464202
2.91306
0.291209
0.0462093
2.91344
0.292343
0.0400915
2.90564
0.290108
0.0441252
2.91414
0.282329
0.045534
2.91026
0.288681
0.0438319
2.9094
0.285514
0.0504982
2.91326
0.285456
0.0426807
2.91573
0.285175
0.047247
2.90855
0.281948
0.0518262
2.90525
0.280823
0.0434243
2.91072
0.277553
0.04754
2.91319
0.284358
0.0460108
2.91259
0.28681
0.0456397
2.90533
0.280899
0.0426281
2.90914
0.284728
0.04564
2.91429
0.284631
0.0429117
2.90996
0.276053
0.0407404
2.91342
0.292943
