0
0.321868
0.532242
0.737665
0.920204
1.1006
1.27548
1.44035
1.58904
1.73741
1.89844
2.02328
2.15622
2.27545
2.40853
2.53318
2.66185
2.76931
2.87837
2.99754
3.09297
3.20399
3.29909
3.40448
3.52175
3.62728
3.7347
3.84157
3.94665
4.05489
4.16255
4.25468
4.33488
4.46185
4.57234
4.66944
4.77091
4.89424
4.98226
5.09518
5.23111
5.33181
5.42277
5.54307
5.59793
5.684
5.80895
5.90796
6.02242
6.1168
6.23622
6.35253
6.47128
6.53447
6.62834
6.7161
6.7824
6.88786
6.97339
7.06723
7.16047
7.25631
7.33442
7.41944
7.50842
7.57868
7.66864
7.75957
7.82219
7.91333
8.02646
8.1239
8.20872
8.32376
8.43141
8.52332
8.61752
8.68789
8.76139
8.84518
8.89369
9.00601
9.10112
9.22093
9.30659
9.4204
9.48695
9.56517
9.65439
9.72525
9.77129
9.86482
9.94756
10.0323
10.1127
10.1876
10.3008
10.3605
10.429
10.5426
10.6381
10.7793
10.8996
11.0221
11.078
11.1329
11.2235
11.3511
11.415
11.4844
11.5734
11.6542
11.7486
11.8161
11.885
11.9655
12.0465
12.1473
12.2266
12.303
12.4223
12.5416
12.6217
12.7065
12.7242
12.7869
12.8933
12.9948
13.0876
13.1786
13.2596
13.3379
13.4047
13.4939
13.5333
13.6139
13.666
13.7386
13.8131
13.8775
13.953
14.0347
14.0847
14.0972
14.1363
14.2132
14.2412
14.2648
14.3162
14.3809
14.448
14.5412
14.5517
14.6188
14.6836
14.7393
14.7841
14.8604
14.9399
15.0052
15.0789
15.1062
15.1613
15.2584
15.323
15.4284
15.4725
15.5604
15.6069
15.6408
15.7204
15.7518
15.8052
15.8665
15.9629
16.0385
16.0978
16.1468
16.1926
16.2941
16.3479
16.4148
16.387
16.4237
16.4572
16.541
16.5809
16.6817
16.7325
16.8046
16.8884
16.9402
16.9751
17.0515
17.0882
17.1588
17.2294
17.2409
17.2784
17.3428
17.3936
17.46
17.5421
17.615
17.6853
17.7836
17.8615
17.8386
17.9071
17.8686
17.9679
18.0311
18.1148
18.1196
18.1365
18.191
18.242
18.3226
18.4075
18.4907
18.5864
18.582
18.63
18.6978
18.7335
18.7776
18.7974
18.8397
18.9317
18.9818
19.0158
19.0682
19.0114
19.0511
19.0911
19.1205
19.1931
19.1995
19.2123
19.2282
19.3199
19.3499
19.3715
19.3654
19.4023
19.4024
19.4549
19.5203
19.5467
19.5597
19.6601
19.6353
19.6835
19.75
19.8379
19.8671
19.9635
19.9624
20.0491
20.0935
20.08
20.0773
20.0307
20.0625
20.0799
20.087
20.0524
20.109
20.1118
20.1351
20.161
20.1442
20.1675
20.2221
20.2672
20.3231
20.3426
20.2361
20.3015
20.3892
20.4395
20.4342
20.4871
20.4864
20.4963
20.4718
20.4821
20.5245
20.5911
20.6275
20.6613
20.6901
20.6488
20.5917
20.672
20.6892
20.7409
20.7707
20.8184
20.823
20.8863
20.9031
20.9367
21.0119
21.0591
21.0792
21.1523
21.2241
21.2796
21.2952
21.3527
21.351
21.3476
21.4029
21.4365
21.5253
21.6204
21.6495
21.7062
21.8012
21.7915
21.7963
21.8128
21.7868
21.8524
21.856
21.798
21.8579
21.9178
21.905
21.9733
22.0308
22.0034
22.0461
22.039
22.0772
22.0925
22.1866
22.2458
22.2697
22.2989
22.317
22.3604
22.3035
22.3082
22.3135
22.3877
22.4547
22.5092
22.5852
22.6573
22.6626
22.6549
22.7374
22.7297
22.7071
22.7372
22.679
22.7016
22.7348
22.8028
22.8085
22.7961
22.7983
22.8694
22.8643
22.9249
23.0105
23.0898
23.0999
23.1093
23.1243
23.0566
22.9828
23.012
23.0357
23.0871
23.1218
23.1551
23.215
23.262
23.2753
23.3392
23.372
23.3848
23.4536
23.396
23.3647
23.3635
23.3965
23.4988
23.4996
23.4742
23.5397
23.4727
23.4983
23.4691
23.4937
23.4749
23.5091
23.5486
23.5323
23.5525
23.6074
23.6567
23.6422
23.7138
23.6718
23.697
23.7339
23.8147
23.8684
23.9463
23.997
24.0096
24.0257
24.0302
24.1047
24.1784
24.232
24.2572
24.2746
24.2185
24.2255
24.2345
24.1604
24.1936
24.1908
24.2068
24.2679
24.2449
24.2347
24.2116
24.1952
24.1975
24.0878
24.1545
24.1799
24.1964
24.211
24.2446
24.2559
24.2349
24.2699
24.3572
24.402
24.4007
24.3976
24.4211
24.4705
24.5698
24.597
24.4774
24.5061
24.5271
24.5841
24.5537
24.6485
24.6962
24.7116
24.6411
24.6582
24.7074
24.768
24.8649
24.835
24.8408
24.8666
24.888
24.9648
24.9534
25.0422
25.115
25.022
25.012
25.0571
25.0816
25.1462
25.2184
25.2302
25.2521
25.2968
25.3302
25.3668
25.3915
25.3446
25.2799
25.2611
25.3121
25.3298
25.2137
25.1984
25.2129
25.2613
25.3205
25.2388
25.2432
25.2585
25.2681
25.3416
25.3887
25.3679
25.3793
25.3879
25.3891
25.4622
25.4592
25.4547
25.4444
25.4867
25.4793
25.5645
25.5443
25.5778
25.6154
25.6485
25.6618
25.7329
25.6957
25.7355
25.7977
25.784
25.7869
25.7304
25.7554
25.7199
25.7224
25.7628
25.7678
25.858
25.7868
25.7765
25.7528
25.7901
25.8245
25.9271
25.9276
25.9805
26.0435
26.0558
26.0449
26.02
25.9724
25.9429
26.0159
26.0366
26.0145
25.9818
25.9712
25.8668
25.9122
25.934
25.9279
25.9303
25.9901
26.0168
25.9517
25.889
25.8562
25.8859
25.798
25.8149
25.9024
25.909
25.875
25.8813
25.8559
25.8583
25.8017
25.8308
25.7997
25.817
25.8086
25.8668
25.9266
25.8486
25.7375
25.7054
25.6724
25.7153
25.7786
25.7198
25.6972
25.829
25.7772
25.7276
25.7364
25.7415
25.7695
25.8539
25.8401
25.7661
25.8255
25.8687
25.8672
25.8508
25.8288
25.8289
25.8421
25.819
25.7894
25.8015
25.8728
25.9054
25.9075
25.8857
25.8736
25.8236
25.7258
25.6882
25.6875
25.6844
25.67
25.7527
25.811
25.8285
25.7878
25.7645
25.7039
25.7864
25.6996
25.7555
25.7932
25.7517
25.7564
25.7383
25.7852
25.824
25.8529
25.8646
25.8445
25.8478
25.8044
25.848
25.8842
25.9259
25.9521
25.965
26.0501
25.9169
25.9515
25.9197
25.922
25.9396
25.9544
26.0012
26.1267
26.1273
26.1729
26.1886
26.2234
26.2519
26.3142
26.357
26.3461
26.4449
26.4086
26.431
26.5348
26.5693
26.5217
26.5698
26.5996
26.6051
26.652
26.6708
26.7111
26.7613
26.8388
26.9197
26.9776
26.9603
26.9493
26.9911
27.0722
27.0988
27.1058
27.098
27.0669
27.1037
27.0273
27.1025
27.1245
27.179
27.2107
27.1569
27.196
27.1761
27.2344
27.2776
27.3177
27.3315
27.3768
27.3538
27.4004
27.443
27.4087
27.4159
27.4695
27.5008
27.5212
27.463
27.4575
27.5548
27.5219
27.5469
27.4897
27.3866
27.4594
27.43
27.3977
27.3932
27.3499
27.3456
27.3776
27.45
27.5269
27.5568
27.5356
27.5126
27.5694
27.5552
27.572
27.5502
27.5404
27.5871
27.6008
27.5922
27.5238
27.4248
27.4479
27.3707
27.3821
27.4471
27.4684
27.4206
27.3852
27.4557
27.4802
27.4184
27.4539
27.4368
27.4111
27.4532
27.4885
27.5391
27.6034
27.5223
27.4676
27.3619
27.3155
27.2016
27.1108
27.0657
27.1063
27.1036
27.0501
27.0333
27.0641
27.1151
27.0813
27.1361
27.15
27.1709
27.1789
27.2315
27.294
27.3656
27.416
27.4941
27.4238
27.3615
27.3065
27.3634
27.3464
27.3619
27.3906
27.3284
27.2552
27.2694
27.3147
27.3025
27.3317
27.2416
27.2867
27.256
27.1595
27.1919
27.2302
27.203
27.2613
27.2296
27.2724
27.3612
27.3943
27.43
27.4285
27.4585
27.4541
27.4415
27.3824
27.3631
27.4001
27.3838
27.4006
27.4296
27.4545
27.4368
27.4066
27.4085
27.381
27.3633
27.4249
27.3488
27.3413
27.2754
27.3404
27.3582
27.3795
27.3194
27.2493
27.2311
27.1965
27.2285
27.2045
27.2715
27.3095
27.3
27.3483
27.3921
27.419
27.3221
27.2899
27.2982
27.256
27.275
27.3327
27.367
27.3262
27.3388
27.3525
27.4053
27.4433
27.4343
27.4044
27.4302
27.3187
27.3626
27.3918
27.4437
27.444
27.4407
27.4786
27.4844
27.4562
27.4278
27.4796
27.503
27.585
27.6165
27.6322
27.6069
27.599
27.5569
27.5828
27.6321
27.6295
27.6363
27.6608
27.6494
27.61
27.622
27.5751
27.5691
27.6143
27.5941
27.6459
27.6909
27.6458
27.5902
27.6552
27.599
27.5638
27.6142
27.4636
27.5029
27.5162
27.5632
27.6569
27.7354
27.5815
27.5797
27.6319
27.6458
27.6881
27.7695
27.6548
27.634
27.695
27.7717
27.7335
27.7284
27.753
27.764
27.7958
27.8034
27.8531
27.8843
27.9295
27.9587
27.9739
27.946
27.9777
28.0972
28.1172
28.0832
28.0363
27.9654
27.8656
27.883
27.7738
27.8659
27.8611
27.7989
27.7911
27.7787
27.6831
27.7015
27.7178
27.6945
27.7432
27.7472
27.7828
27.8254
27.8209
27.8539
27.879
27.8951
27.8586
27.8198
27.8082
27.8445
27.8269
27.8256
27.8728
27.8453
27.8841
27.8103
27.8314
27.8343
27.7643
27.8259
27.7358
27.6816
27.6533
27.6866
27.5714
27.4436
27.4297
27.5269
27.4502
27.3516
27.3243
27.4227
27.4705
27.4713
27.4771
27.4355
27.3843
27.3904
27.3324
27.3773
27.4135
27.3831
27.3307
27.3732
27.388
27.4334
27.4234
27.4178
27.4074
27.4192
27.5014
27.5677
27.5498
27.6141
27.5497
27.3879
27.3417
27.3209
27.2941
27.437
27.4932
27.498
27.5235
27.5358
27.611
27.5279
27.5277
27.491
27.6013
27.6407
27.5041
27.5626
27.5922
27.6315
27.6794
27.6797
27.7895
27.8835
27.8447
27.8772
27.8782
27.8455
27.8635
27.8819
27.8348
27.8109
27.7855
27.8239
27.8211
27.8036
27.7235
27.7684
27.7241
27.71
27.7046
27.7522
27.7074
27.5948
27.6219
27.6146
27.6197
27.6202
27.5462
27.5501
27.556
27.576
27.6595
27.7056
27.7146
27.6632
27.7001
27.7028
27.7046
27.7884
27.8611
27.8518
27.8934
27.8443
27.9056
27.8663
27.7912
27.8684
27.8962
27.8134
27.7784
27.8332
27.7877
27.7963
27.7296
27.7554
27.7567
27.6937
27.7715
27.7953
27.7669
27.6837
27.7046
27.7267
27.7043
27.7743
27.835
27.8236
27.8467
27.8841
27.9054
27.9088
27.9609
27.9724
27.9834
27.9964
27.8269
27.8527
27.8095
27.8143
27.7901
27.7409
27.8111
27.8416
27.7753
27.8097
27.762
27.7828
27.8152
27.8478
27.9033
27.9249
27.8421
27.865
27.8245
27.8526
27.8378
27.8786
27.7969
27.8188
27.8698
27.8582
27.8126
27.7761
27.6982
27.7014
27.7134
27.7607
27.7428
27.7654
27.6744
27.6623
27.5492
27.5713
27.6403
27.5807
27.5468
27.5793
27.6183
27.5637
27.5847
27.5968
27.6027
27.6174
27.7048
27.7348
27.7486
27.7648
27.7974
27.804
27.8604
27.8924
27.9367
27.9999
28.06
28.1312
28.0414
28.0986
28.0909
28.098
28.1149
28.1176
28.1332
28.1517
28.1593
28.1939
28.2224
28.2139
28.237
28.2116
28.2662
28.3049
28.321
28.3661
28.366
28.3667
28.346
28.2428
28.176
28.1799
28.1964
28.2223
28.2357
28.1699
28.1494
28.1283
28.0983
28.0319
27.9958
28.0472
28.0488
28.1233
28.1678
28.1363
28.1981
28.2314
28.2563
28.2158
28.2953
28.294
28.3603
28.4148
28.4682
28.4925
28.4329
28.4431
28.4177
28.4518
28.5376
28.3947
28.364
28.3871
28.414
28.3957
28.4143
28.3997
28.4226
28.3624
28.3803
28.3924
28.3583
28.4087
28.4507
28.4625
28.4628
28.45
28.4639
28.4747
28.5181
28.4054
28.4
28.3921
28.343
28.3004
28.3417
28.304
28.3199
28.3196
28.2147
28.1178
28.0816
27.9901
27.947
27.9236
27.9269
27.9693
28.0068
27.8597
27.9624
28.0024
27.9956
27.9759
28.0416
28.0635
28.0276
28.0536
28.0583
28.1156
28.0893
28.0706
28.097
28.0553
28.1149
28.156
28.1569
28.1601
28.189
28.2767
28.2841
28.2986
28.2814
28.2247
28.2368
28.2398
28.2283
28.283
28.2489
28.2828
28.1922
28.2075
28.2682
28.3257
28.3658
28.4169
28.4601
28.4526
28.4528
28.5109
28.4623
28.4632
28.5129
28.5065
28.4041
28.4182
28.366
28.2334
28.2391
28.2049
28.205
28.3269
28.359
28.3924
28.3762
28.3808
28.3615
28.3981
28.4616
28.5013
28.6121
28.5946
28.5778
28.6249
28.6565
28.6425
28.6605
28.6353
28.6413
28.6224
28.5618
28.5616
28.4638
28.5018
28.4899
28.4831
28.4076
28.49
28.445
28.3879
28.4305
28.4553
28.4699
28.488
28.5554
28.5994
28.5961
28.6137
28.6752
28.7013
28.6323
28.5629
28.5207
28.5238
28.548
28.5888
28.5829
28.5573
28.4961
28.5432
28.4808
28.4683
28.5161
28.5157
28.4038
28.4276
28.3368
28.3533
28.4076
28.4152
28.4935
28.5533
28.4836
28.4712
28.5441
28.6147
28.6083
28.6675
28.5723
28.6303
28.6716
28.637
28.6588
28.5349
28.5505
28.5282
28.5519
28.5769
28.624
28.7199
28.7516
28.7447
28.7662
28.809
28.6673
28.5954
28.5355
28.5567
28.522
28.5114
28.4753
28.5624
28.5424
28.5858
28.6495
28.721
28.6885
28.7148
28.6896
28.7443
28.7507
28.8066
28.7734
28.8586
28.9008
28.8864
28.8353
28.7597
28.6677
28.7216
28.7214
28.6528
28.6718
28.7341
28.7767
28.8703
28.9002
28.9994
29.015
28.9972
29.0682
28.9825
29.0127
29.023
29.0174
29.0031
28.9593
28.989
29.0579
28.9791
28.992
29.0438
29.0881
29.06
28.9951
28.993
29.0363
28.9889
29.0288
29.0217
29.0761
29.0213
28.9515
29.0296
29.0679
28.9599
28.8986
28.9656
28.9775
28.9347
28.9149
28.9366
28.9218
28.8961
28.8821
28.822
28.7403
28.7447
28.7741
28.7721
28.69
28.7142
28.7479
28.7551
28.7164
28.7298
28.6905
28.7199
28.7745
28.7865
28.8504
28.8267
28.8348
28.8055
28.8382
28.827
28.8563
28.7859
28.8861
28.7415
28.6573
28.6295
28.6424
28.5294
28.5719
28.5971
28.5191
28.5718
28.5441
28.5507
28.58
28.631
28.7209
28.7952
28.859
28.817
28.8192
28.7916
28.8127
28.8884
28.8549
28.8878
28.8876
28.8655
28.8699
28.9402
28.9523
28.9627
28.9826
29.0072
28.9921
28.9705
28.9527
28.9119
28.9134
28.9218
28.9151
28.9353
28.9345
28.9356
28.9631
28.9963
29.0665
29.1204
29.1014
29.0619
29.1149
29.0677
29.1127
29.1365
29.1113
29.1267
29.176
29.1144
29.1706
29.2405
29.184
29.1049
29.0371
29.0422
29.0792
29.1051
29.0553
29.0216
29.1224
29.1623
29.1449
29.1402
29.1482
29.147
29.0934
29.0253
29.0393
29.0204
29.0414
28.9552
28.9743
28.897
28.9891
28.8814
28.9341
28.9209
29.0204
29.0198
28.9866
28.9751
28.9548
28.9281
28.9228
28.9454
29.0138
28.9559
28.9972
29.0453
29.0272
29.0017
28.9745
28.9162
28.9242
28.9677
29.0144
28.9252
28.8835
28.9847
28.8632
28.8339
28.9294
28.9652
28.9726
28.9356
29.0047
28.9484
28.9366
28.8881
28.8459
28.8588
28.8957
28.9506
28.9965
28.978
29.0219
28.9952
29.017
29.0132
29.0842
29.1699
29.0962
29.1166
29.1661
29.1551
29.1509
29.1767
29.1727
29.1056
29.0816
29.1654
29.2282
29.2338
29.2824
29.2318
29.3046
29.3555
29.3513
29.368
29.3819
29.349
29.3424
29.3113
29.3806
29.3352
29.279
29.2813
29.2818
29.3096
29.1924
29.1745
29.126
29.1708
29.1729
29.1732
29.0625
29.0437
29.0846
28.9804
28.9424
28.9825
28.9723
29.003
29.0127
29.0806
29.0189
29.0729
29.0939
29.0373
29.1025
29.1013
29.0004
28.9521
28.9963
28.9577
29.0155
28.9928
29.0199
29.0169
28.9649
28.8907
28.9607
29.0136
28.9324
28.8761
28.9149
28.9654
29.0063
29.0269
29.0829
29.0309
29.0978
29.1247
29.0921
29.068
29.1511
29.1405
29.1403
29.1943
29.1026
29.1154
29.0951
29.1743
29.1958
29.0883
29.124
29.1648
29.1158
29.1013
29.0787
29.0336
29.0798
29.1517
29.1694
29.1501
29.1502
29.168
29.1141
29.0749
29.1042
29.1819
29.1429
29.2148
29.1832
29.2687
29.2724
29.2788
29.3007
29.3265
29.2538
29.3082
29.2956
29.3354
29.3066
29.2638
29.3512
29.2583
29.2676
29.2986
29.2496
29.2459
29.2328
29.258
29.2372
29.1913
29.2379
29.2862
29.2389
29.1931
29.1764
29.2653
29.2533
29.3229
29.3292
29.346
29.325
29.3839
29.3642
29.4028
29.4521
29.4323
29.4289
29.4759
29.4978
29.4971
29.5456
29.4819
29.4528
29.5298
29.5085
29.4785
29.3625
29.388
29.4251
29.45
29.3889
29.3455
29.3717
29.4169
29.386
29.3378
29.3753
29.4096
29.3799
29.4225
29.373
29.3473
29.3943
29.3826
29.3389
29.402
29.4289
29.4178
29.3791
29.3164
29.3248
29.3247
29.2808
29.2538
29.2528
29.1567
29.13
29.1432
29.2291
29.2493
29.2492
29.3338
29.2963
29.4268
29.3223
29.3949
29.4456
29.4675
29.448
29.4996
29.596
29.5841
29.5212
29.5256
29.4427
29.5432
29.6104
29.6094
29.662
29.6765
29.5588
29.5686
29.5743
29.5434
29.599
29.5739
29.5497
29.5595
29.5308
29.4974
29.4624
29.5055
29.4621
29.3599
29.3691
29.3024
29.3605
29.3921
29.4513
29.3922
29.4336
29.372
29.3539
29.3159
29.3996
29.3349
29.3096
29.3046
29.2689
29.268
29.2748
29.2814
29.3189
29.3187
29.3624
29.3423
29.3398
29.355
29.3045
29.2026
29.0605
29.0385
29.0161
29.0578
29.0334
29.0292
28.9471
28.9578
28.9435
28.9545
29.0107
28.988
28.996
28.9963
28.9823
29.0414
29.0834
29.0918
29.0852
29.0875
29.0814
29.0676
29.0455
29.0525
29.0737
28.9704
29.0264
29.0909
29.0854
29.0185
28.9634
28.9884
28.9989
29.0222
29.0343
29.0814
29.0664
29.1163
29.0831
29.0875
29.0574
28.9891
29.0646
29.035
28.9386
29.0366
29.0097
29.0711
29.1165
29.0588
29.0883
29.028
28.9152
28.9113
28.9201
28.9205
28.9493
28.845
28.8079
28.8114
28.8302
28.8412
28.8288
28.8632
28.7846
28.7464
28.7456
28.7957
28.8334
28.8504
28.8648
28.8165
28.8146
28.7271
28.7099
28.674
28.7332
28.8159
28.8781
28.8037
28.7259
28.7389
28.6894
28.7247
28.7846
28.7741
28.8319
28.7732
28.7544
28.7481
28.7495
28.7286
28.7149
28.6389
28.6445
28.6521
28.7193
28.6591
28.7269
28.7498
28.7459
28.7407
28.7973
28.7418
28.7635
28.7421
28.7065
28.7451
28.7224
28.6362
28.6108
28.5752
28.5581
28.5452
28.523
28.5808
28.5759
28.6547
28.6453
28.6111
28.662
28.7361
28.7608
28.7281
28.7208
28.7978
28.8111
28.7631
28.7343
28.7222
28.8285
28.6994
28.7481
28.7828
28.7442
28.7575
28.7661
28.7217
28.7278
28.7191
28.7861
28.849
28.8977
28.8803
28.9161
28.8904
28.9099
28.9051
28.86
28.8277
28.8551
28.9281
28.8528
28.9611
28.8553
28.8768
28.7934
28.79
28.6848
28.7283
28.6044
28.5846
28.4661
28.4574
28.4174
28.3578
28.336
28.3993
28.4037
28.4732
28.5437
28.5855
28.6029
28.6623
28.6261
28.5515
28.6287
28.5412
28.5023
28.4179
28.3895
28.2779
28.3059
28.2634
28.1943
28.2217
28.2295
28.2436
28.2301
28.2232
28.2235
28.2979
28.3368
28.3503
28.314
28.3728
28.3964
28.4049
28.4365
28.4196
28.4534
28.503
28.5103
28.606
28.5784
28.6058
28.6716
28.6864
28.6874
28.6492
28.6902
28.6974
28.7423
28.7943
28.8585
28.8473
28.8366
28.7704
28.743
28.6559
28.5999
28.5776
28.5647
28.4685
28.4294
28.4657
28.4182
28.4337
28.2465
28.1557
28.1223
28.0779
27.9372
27.9706
27.9957
28.0665
28.0136
28.0411
28.0985
28.1543
28.1503
28.1247
28.121
28.1429
28.1207
28.1011
28.0964
28.0687
28.0194
28.0495
28.0507
28.0334
28.1044
28.0758
28.0605
28.0916
28.0348
28.096
28.1414
28.1559
28.1379
28.139
28.1766
28.2194
28.1882
28.2232
28.2035
28.252
28.2909
28.3639
28.4184
28.4594
28.4671
28.4489
28.3956
28.4218
28.4186
28.3335
28.3477
28.352
28.3711
28.3807
28.3903
28.3083
28.2746
28.2896
28.2911
28.2884
28.3422
28.36
28.4025
28.3619
28.3451
28.36
28.3313
28.3403
28.3732
28.3639
28.3416
28.223
28.1951
28.2538
28.2629
28.235
28.195
28.2651
28.3029
28.3652
28.4223
28.5147
28.5152
28.5863
28.6123
28.6269
28.7044
28.7045
28.7556
28.7546
28.7733
28.755
28.7831
28.7243
28.6653
28.5992
28.6216
28.5903
28.4074
28.3935
28.3969
28.4683
28.5018
28.5417
28.5673
28.5796
28.5551
28.5713
28.5856
28.6188
28.7285
28.7917
28.7912
28.7841
28.7767
28.7494
28.7993
28.7581
28.6436
28.6882
28.7029
28.7915
28.7819
28.7658
28.7675
28.7433
28.713
28.7317
28.779
28.7787
28.7234
28.6751
28.6127
28.6075
28.5678
28.6453
28.6621
28.6453
28.6974
28.6698
28.6302
28.5975
28.5182
28.5581
28.5446
28.4706
28.4744
28.5046
28.5606
28.5287
28.58
28.5194
28.5215
28.4947
28.4815
28.417
28.4338
28.4602
28.5315
28.5268
28.5044
28.4872
28.4866
28.3842
28.4256
28.375
28.4283
28.3885
28.3869
28.4531
28.4927
28.5407
28.4284
28.4878
28.423
28.4901
28.4966
28.4501
28.5225
28.478
28.515
28.4879
28.5141
28.539
28.5725
28.6123
28.5732
28.6222
28.6641
28.7387
28.7841
28.8045
28.8882
28.9156
28.8874
28.8539
28.9013
28.8957
28.8984
28.9101
28.9434
28.9341
28.7657
28.808
28.7911
28.847
28.9161
28.8702
28.789
28.8299
28.8706
28.9324
28.9323
28.9291
28.8735
28.8618
28.8914
28.9173
28.9628
28.9341
28.8359
28.7947
28.7972
28.7569
28.6984
28.7669
28.8193
28.8283
28.8318
28.9156
28.9452
28.9704
28.9326
28.9763
29.0053
29.0348
29.1045
29.1159
29.1293
29.1107
29.0946
29.0817
29.0671
28.9722
29.0145
29.0137
28.9307
28.9348
28.9073
28.9275
29.0334
28.9883
29.0043
28.9658
28.9767
28.9773
28.9576
28.92
28.9455
28.9169
28.8737
28.9355
28.9365
28.9506
28.8187
28.7759
28.7553
28.766
28.7912
28.8435
28.8703
28.8658
28.8618
28.8759
28.805
28.78
28.7898
28.7564
28.7799
28.8074
28.777
28.7371
28.6675
28.592
28.6351
28.6685
28.638
28.5871
28.6256
28.5985
28.6586
28.641
28.6347
28.5748
28.5767
28.5335
28.5966
28.6567
28.6523
28.5621
28.6007
28.5462
28.5817
28.5737
28.5598
28.4849
28.4857
28.5054
28.4033
28.3075
28.3377
28.3517
28.3261
28.2377
28.1902
28.2472
28.3385
28.4116
28.4302
28.4168
28.3538
28.2623
28.2875
28.3064
28.3584
28.4507
28.4481
28.4717
28.4267
28.447
28.481
28.488
28.486
28.5208
28.5229
28.4892
28.4171
28.3497
28.3795
28.3349
28.2559
28.2673
28.2253
28.251
28.2082
28.2078
28.1767
28.2093
28.1904
28.2525
28.2417
28.1959
28.2006
28.1311
28.1274
28.214
28.1581
28.2227
28.1711
28.2371
28.1716
28.198
28.2797
28.233
28.2505
28.2573
28.2824
28.2859
28.2376
28.2281
28.2498
28.3183
28.3535
28.371
28.4045
28.35
28.4214
28.4326
28.4529
28.4333
28.452
28.424
28.4099
28.4741
28.4617
28.4078
28.4793
28.4967
28.4
28.3699
28.4372
28.4447
28.4853
28.4439
28.4904
28.5232
28.5468
28.5407
28.6025
28.6091
28.4769
28.5603
28.5645
28.6054
28.597
28.6759
28.6147
28.6215
28.5573
28.5418
28.5018
28.48
28.4541
28.4167
28.4545
28.4588
28.4691
28.562
28.5515
28.5279
28.5101
28.4327
28.384
28.3898
28.344
28.2612
28.2244
28.2364
28.2045
28.2361
28.2914
28.3044
28.3084
28.3518
28.2275
28.256
28.2322
28.2739
28.2973
28.2858
28.3467
28.4023
28.4116
28.4509
28.3448
28.353
28.347
28.4018
28.4024
28.4565
28.4695
28.3914
28.3577
28.409
28.4166
28.4041
28.3878
28.3195
28.2594
28.3228
28.2769
28.2174
28.2245
28.1976
28.1644
28.1362
28.0858
28.1098
28.1823
28.161
28.1956
28.21
28.2311
28.2577
28.1723
28.2424
28.1613
28.1834
28.1614
28.1723
28.1731
28.1319
28.1589
28.0655
28.0793
28.0766
28.036
28.0558
28.1241
28.1116
28.1632
28.0883
28.0813
28.0562
28.0832
28.1106
28.1176
28.1896
28.276
28.2768
28.3288
28.2633
28.3136
28.3277
28.3448
28.4043
28.3921
28.4241
28.3986
28.4337
28.4765
28.4796
28.4758
28.3826
28.4206
28.4536
28.525
28.5049
28.5366
28.5132
28.5891
28.6556
28.7547
28.7353
28.7965
28.6298
28.6355
28.5886
28.5192
28.5365
28.5469
28.5618
28.596
28.6664
28.6891
28.6501
28.629
28.5781
28.5779
28.5746
28.5866
28.6282
28.607
28.4871
28.4424
28.4398
28.4654
28.4378
28.3965
28.3733
28.3257
28.2663
28.3307
28.4397
28.3767
28.4526
28.498
28.4943
28.5312
28.5274
28.598
28.5943
28.5825
28.5584
28.5629
28.4158
28.3991
28.3712
28.3654
28.3628
28.355
28.3424
28.3148
28.2118
28.2208
28.1206
28.1609
28.1472
28.1501
28.1699
28.1881
28.1763
28.256
28.2965
28.3308
28.3635
28.3834
28.4179
28.3463
28.2746
28.2589
28.2933
28.2873
28.257
28.2962
28.2739
28.2557
28.3083
28.3134
28.2588
28.1911
28.2345
28.2174
28.2307
28.2453
28.1866
28.1182
28.1104
28.1386
28.2481
28.2458
28.2491
28.2166
28.2458
28.1746
28.2053
28.27
28.2816
28.306
28.3073
28.2823
28.348
28.3745
28.4067
28.3983
28.3056
28.363
28.346
28.3207
28.3651
28.3957
28.3162
28.3181
28.3905
28.3676
28.3111
28.1801
28.2137
28.2449
28.217
28.1854
28.2617
28.2863
28.2911
28.2292
28.2663
28.3012
28.2845
28.348
28.3733
28.4021
28.4472
28.4215
28.3807
28.3746
28.4181
28.4932
28.5442
28.5403
28.5297
28.5416
28.5056
28.5476
28.5759
28.5707
28.5866
28.6393
28.6373
28.6906
28.7519
28.6826
28.6837
28.6816
28.6768
28.6841
28.7579
28.7271
28.6782
28.7098
28.6712
28.6577
28.6488
28.6306
28.6125
28.6975
28.6528
28.6769
28.7113
28.7184
28.6897
28.6799
28.6685
28.6645
28.6977
28.686
28.6351
28.6593
28.6806
28.7254
28.7793
28.8285
28.8661
28.7998
28.7852
28.7462
28.7589
28.8435
28.8508
28.9299
28.9023
28.8719
28.9068
28.8581
28.8527
28.8567
28.8201
28.8167
28.8962
28.7197
28.6625
28.7082
28.7023
28.7074
28.7296
28.669
28.6647
28.7182
28.7321
28.6169
28.6889
28.7091
28.812
28.8021
28.8164
28.7428
28.6575
28.6979
28.6183
28.6702
28.5503
28.5271
28.3701
28.3845
28.3293
28.2974
28.3372
28.342
28.3181
28.3332
28.2963
28.3223
28.3808
28.3329
28.4558
28.5445
28.5442
28.5916
28.5243
28.5432
28.5907
28.6445
28.5534
28.5216
28.5013
28.5188
28.5393
28.5921
28.5852
28.5937
28.6479
28.6102
28.506
28.455
28.3695
28.4552
28.4053
28.459
28.5455
28.5931
28.5862
28.5512
28.5688
28.5683
28.5735
28.6008
28.6701
28.6735
28.607
28.5514
28.6117
28.6063
28.6574
28.7665
28.8103
28.7779
28.7559
28.7817
28.6308
28.6573
28.6907
28.7152
28.7637
28.8
28.7977
28.8249
28.7823
28.7263
28.7108
28.7361
28.7243
28.7295
28.764
28.786
28.8065
28.7955
28.8457
28.8536
28.8662
28.8161
28.8193
28.7755
28.7073
28.6904
28.5894
28.5354
28.4837
28.4683
28.4432
28.5067
28.5614
28.5749
28.6775
28.6708
28.6604
28.6862
28.6842
28.6387
28.6058
28.5809
28.5146
28.5181
28.4892
28.4723
28.4709
28.4842
28.5459
28.6418
28.6992
28.6814
28.7233
28.721
28.7429
28.776
28.7803
28.7857
28.8021
28.7865
28.8442
28.9108
28.8183
28.8274
28.7931
28.8244
28.7547
28.7004
28.7586
28.7114
28.7691
28.7911
28.744
28.6479
28.6277
28.579
28.5757
28.6106
28.6308
28.6748
28.7219
28.8089
28.8478
28.8536
28.941
28.9365
28.9073
28.8678
28.8416
28.8382
28.8636
28.8882
28.8831
28.9829
28.9804
29.0222
29.004
28.9853
29.0216
29.0082
28.9839
28.8932
28.8229
28.8104
28.872
28.9066
28.9772
28.9073
28.8532
28.7886
28.7852
28.7515
28.6487
28.6559
28.6898
28.6408
28.6679
28.6584
28.685
28.7414
28.6581
28.5869
28.531
28.52
28.5498
28.5565
28.6322
28.6592
28.5905
28.6123
28.656
28.6355
28.6492
28.7305
28.6648
28.7144
28.7422
28.766
28.8197
28.7859
28.8322
28.8589
28.8342
28.8092
28.7954
28.8399
28.831
28.8907
28.8443
28.8942
28.8104
28.7636
28.7152
28.692
28.6927
28.6746
28.5835
28.5064
28.5613
28.5552
28.5781
28.5166
28.5536
28.5329
28.5617
28.5857
28.6323
28.6518
28.6605
28.6794
28.7036
28.699
28.6741
28.6659
28.7269
28.7041
28.7386
28.7336
28.7341
28.6973
28.7535
28.8117
28.8311
28.7921
28.8055
28.8233
28.8415
28.8532
28.8831
28.8815
28.8892
28.8464
28.8066
28.8828
28.8242
28.8351
28.727
28.8161
28.7466
28.8094
28.8288
28.8751
28.9332
28.953
28.9909
29.0372
29.0257
29.0256
29.0134
29.0237
29.0431
28.9407
28.9007
28.9067
28.8621
28.8789
28.8705
28.7853
28.7005
28.6797
28.6951
28.6481
28.7022
28.6599
28.6248
28.5439
28.5853
28.6228
28.6292
28.6741
28.6495
28.5465
28.5564
28.5244
28.5666
28.5165
28.5648
28.3693
28.3243
28.3706
28.377
28.4032
28.4481
28.4053
28.396
28.452
28.3718
28.3415
28.4039
28.4411
28.5084
28.43
28.423
28.2244
28.2508
28.2819
28.2833
28.2975
28.2058
28.2222
28.2618
28.2071
28.1446
28.2394
28.2867
28.3327
28.2581
28.1792
28.1593
28.1337
28.1498
28.1109
28.1925
28.1121
28.1868
28.2015
28.2755
28.3186
28.3869
28.4412
28.378
28.3096
28.3238
28.3185
28.2938
28.2285
28.1622
28.1181
28.0365
28.0619
28.0758
28.0975
28.0927
28.0366
27.9059
28.0009
28.003
28.0553
28.0256
28.0515
28.1151
28.118
28.1079
28.0477
28.0216
28.0527
28.0636
28.019
27.9693
27.9661
27.9511
27.9637
27.9269
27.9543
27.9213
27.9381
27.9994
28.0361
28.0586
28.0534
28.0586
28.0624
28.0976
28.0115
28.0912
28.0362
28.0623
28.0189
28.0228
28.0498
28.0533
28.0586
27.9874
27.967
27.9409
27.9335
27.9783
27.9964
28.0113
28.0566
27.9756
28.0512
28.156
28.1266
28.1669
28.2028
28.2407
28.2461
28.2723
28.2576
28.3403
28.2995
28.2618
28.2228
28.2663
28.2861
28.3343
28.3487
28.2841
28.3245
28.3065
28.3993
28.3489
28.3268
28.293
28.2325
28.2481
28.3069
28.2467
28.2426
28.1613
28.0778
27.9268
27.9307
27.8621
27.893
27.8296
27.8399
27.8468
27.8058
27.7723
27.7315
27.654
27.6333
27.674
27.6417
27.7176
27.7616
27.8638
27.8081
27.7844
27.784
27.8391
27.8434
27.8424
27.7726
27.7466
27.7232
27.7459
27.7332
27.7868
27.7402
27.7187
27.7634
27.7874
27.8002
27.8107
27.868
27.8782
27.913
27.8535
27.8541
27.8978
27.9302
27.8658
27.8612
27.8521
27.8677
27.8928
27.8867
27.8446
27.809
27.7256
27.7109
27.7126
27.6525
27.6516
27.6323
27.622
27.626
27.5369
27.5742
27.5409
27.5166
27.4497
27.469
27.4862
27.4713
27.4747
27.5488
27.4897
27.4751
27.4094
27.4438
27.4025
27.3558
27.2981
27.3167
27.3894
27.311
27.3446
27.3524
27.3863
27.4276
27.4622
27.4503
27.4653
27.5273
27.5222
27.4676
27.5181
27.4635
27.3579
27.3989
27.3773
27.4249
27.4575
27.411
27.3694
27.4521
27.4715
27.5262
27.555
27.5409
27.559
27.5921
27.6175
27.5516
27.5811
27.567
27.6128
27.6181
27.5899
27.5971
27.5781
27.6158
27.5852
27.6316
27.5853
27.6027
27.659
27.6003
27.5759
27.5758
27.5836
27.6253
27.6961
27.677
27.7304
27.7538
27.7921
27.7865
27.8706
27.9088
27.9385
27.8595
27.9305
27.9187
27.882
27.8006
27.7853
27.8256
27.8578
27.9114
27.8912
27.7856
27.8046
27.7161
27.6984
27.7606
27.7689
27.7652
27.8512
27.8799
27.8
27.7292
27.7347
27.7192
27.798
27.834
27.9042
27.9202
27.9108
27.9332
27.9669
28.0747
28.1098
28.0667
28.0907
28.0332
27.976
27.9976
28.0882
28.1345
28.0963
28.1042
28.0894
28.1071
28.002
28.0277
28.0781
27.995
27.9791
28.0083
28.0231
28.0148
28.0569
28.0115
28.0259
28.0366
28.0274
28.0497
28.0688
28.1165
28.1128
28.0252
28.0169
28.0702
28.0865
28.0121
28.0728
28.1427
28.1646
28.1993
28.2631
28.2035
28.1742
28.1811
28.1742
28.1694
28.1141
28.1438
28.1927
28.233
28.2921
28.3995
28.4373
28.3285
28.3342
28.3926
28.412
28.4403
28.4436
28.4299
28.5112
28.515
28.4181
28.4034
28.3499
28.2982
28.365
28.2691
28.2999
28.2928
28.1971
28.223
28.2761
28.2965
28.2687
28.2577
28.3314
28.3353
28.3237
28.3751
28.4107
28.433
28.4353
28.4441
28.4346
28.4506
28.3885
28.3746
28.3301
28.3373
28.3498
28.3807
28.39
28.3447
28.3091
28.2469
28.2241
28.2531
28.2294
28.2428
28.2697
28.315
28.2933
28.368
28.2792
28.3
28.3443
28.342
28.3001
28.1737
28.1462
28.1066
28.181
28.1234
28.1577
28.1599
28.0576
28.1053
28.187
28.1737
28.2337
28.3361
28.285
28.267
28.199
28.1347
28.1605
28.1983
28.1721
28.1631
28.0895
28.0914
28.0447
28.0667
28.0072
28.0861
28.1149
28.1191
28.1225
28.1737
28.1756
28.1685
28.2465
28.1916
28.2064
28.1846
28.19
28.1988
28.1928
28.1661
28.1375
28.1777
28.1748
28.2158
28.176
28.1125
28.0887
28.1195
28.2138
28.1407
28.1145
28.1318
28.1427
28.0874
28.0745
28.0501
28.1236
28.1962
28.1756
28.2447
28.2657
28.2021
28.1608
28.1341
28.1723
28.2404
28.2187
28.2046
28.2352
28.218
28.1715
28.147
28.159
28.129
28.1713
28.1377
28.1341
28.1812
28.1827
28.0729
28.1594
28.1107
28.1181
28.1459
28.1435
28.0468
28.0095
28.022
27.9688
27.9816
27.9653
27.9129
27.8932
27.9077
27.915
27.9415
27.8873
27.8958
27.9173
27.9745
27.9438
27.9102
27.9024
27.8473
27.9152
27.9258
27.9077
27.9475
27.941
27.7451
27.8001
27.7865
27.7912
27.7535
27.7736
27.8513
27.8538
27.8403
27.7264
27.8031
27.8746
27.8902
27.8442
27.8742
27.771
27.7735
27.7951
27.7553
27.8325
27.7104
27.7256
27.6979
27.6663
27.6294
27.654
27.6466
27.5659
27.578
27.4811
27.4818
27.5205
27.4599
27.4088
27.4104
27.3902
27.4458
27.4804
27.4603
27.4563
27.4174
27.44
27.4929
27.4609
27.4387
27.4593
27.4821
27.5125
27.5921
27.6293
27.5538
27.5762
27.533
27.5293
27.5899
27.5365
27.5116
27.5065
27.5157
27.5185
27.5482
27.563
27.6009
27.5477
27.6265
27.6275
27.6415
27.6532
27.6439
27.591
27.6241
27.6906
27.7421
27.7647
27.6977
27.5617
27.6282
27.6455
27.6434
27.6933
27.6778
27.7567
27.7129
27.7628
27.7203
27.7498
27.7832
27.7798
27.6961
27.6905
27.6879
27.6912
27.7124
27.6988
27.692
27.7678
27.7106
27.7392
27.7438
27.7538
27.7674
27.8212
27.7769
27.7767
27.7746
27.78
27.7026
27.6907
27.6587
27.7187
27.6581
27.6798
27.7019
27.6877
27.6975
27.6326
27.6456
27.6874
27.671
27.6964
27.7612
27.7294
27.7579
27.7159
27.7247
27.7482
27.7007
27.7355
27.8198
27.875
27.9156
27.927
27.925
27.9263
27.8744
27.8615
27.9083
27.9007
27.9786
27.9952
28.0085
28.0639
28.0769
28.0747
28.1153
28.0935
28.0706
28.1355
28.1686
28.2097
28.2146
28.139
28.1697
28.1376
28.1101
28.031
27.9578
28.0162
27.9684
27.8259
27.7931
27.8765
27.8524
27.8653
27.9145
27.8697
27.9452
27.9886
27.9827
28.0101
28.0481
28.1117
28.1012
28.1693
28.105
28.1919
28.2424
28.2794
28.3239
28.3079
28.2998
28.3333
28.3002
28.2493
28.2151
28.2672
28.2961
28.3236
28.3638
28.3037
28.3581
28.433
28.4529
28.4777
28.4555
28.4305
28.4884
28.4478
28.5077
28.5241
28.4444
28.5038
28.4993
28.4943
28.4208
28.3174
28.3121
28.395
28.4394
28.3696
28.3612
28.3945
28.3237
28.2843
28.3555
28.4211
28.4652
28.5097
28.4139
28.4552
28.4368
28.3868
28.4388
28.3336
28.3561
28.3608
28.3337
28.3646
28.4247
28.4657
28.5127
28.5527
28.6118
28.5842
28.6293
28.5513
28.5938
28.7017
28.6937
28.7152
28.689
28.7216
28.6489
28.6792
28.6678
28.6538
28.6478
28.6991
28.7517
28.7548
28.7869
28.7756
28.826
28.7902
28.8333
28.8424
28.8622
28.9593
28.8554
28.9435
28.9108
28.909
28.8362
28.7961
28.8455
28.8891
28.8907
28.8583
28.9166
28.9781
28.9248
28.9183
28.9056
28.9211
28.9242
29.0219
29.0352
28.9813
28.9898
29.0111
29
29.0358
29.1158
29.1585
29.0237
29.0016
29.0586
29.0748
29.0051
28.9829
28.9696
28.9394
29.0106
29.0873
29.0926
29.0968
29.1444
29.1898
29.1991
29.1516
29.0912
28.9528
28.9617
28.8998
28.7885
28.822
28.8635
28.832
28.8268
28.7755
28.7674
28.7838
28.8158
28.8247
28.8374
28.7268
28.7177
28.7809
28.7609
28.8088
28.8247
28.8196
28.8805
28.9059
28.8944
28.9458
28.9345
28.8921
28.8474
28.7972
28.8158
28.8543
28.8863
28.8709
28.792
28.8371
28.7347
28.8286
28.8555
28.7784
28.8057
28.8206
28.8341
28.9358
28.9406
28.9959
28.9304
28.9085
28.959
28.9498
28.9901
29.0095
28.996
28.9927
28.993
29.0623
29.0259
29.0044
29.0395
29.0442
29.0292
29.0852
29.1067
29.1002
29.1068
29.1638
29.1309
29.1771
29.208
29.1817
29.2389
29.2032
29.1414
29.1603
29.121
29.1915
29.2573
29.3153
29.2179
29.1596
29.1708
29.2341
29.2034
29.1104
29.189
29.1935
29.2472
29.3391
29.328
29.3816
29.4135
29.3615
29.3518
29.3817
29.3853
29.3873
29.3887
29.383
29.3438
29.3293
29.3357
29.3615
29.3373
29.4385
29.4146
29.4665
29.4458
29.3785
29.4433
29.3652
29.1898
29.1302
29.1332
29.1438
29.1417
29.1746
29.1916
29.1939
29.2443
29.2713
29.2626
29.3065
29.2452
29.249
29.3285
29.3255
29.3597
29.3903
29.4387
29.4392
29.5474
29.4568
29.4037
29.45
29.4462
29.4234
29.3725
29.2687
29.2826
29.2873
29.3571
29.4374
29.3656
29.351
29.3568
29.2971
29.3546
29.4107
29.425
29.4129
29.3787
29.327
29.3169
29.3105
29.2908
29.2482
29.1628
29.1816
29.1329
29.1382
29.119
29.0903
29.0861
29.0011
29.0238
29.0388
28.9246
28.9555
28.9437
28.957
28.8724
28.7775
28.801
28.7696
28.7776
28.8122
28.8212
28.8661
28.8514
28.8119
28.8796
28.9383
28.9132
28.8402
28.8477
28.9214
28.8528
28.938
28.931
28.9417
28.9504
29.0132
29.1154
29.0906
29.1076
29.1168
29.0721
29.0647
29.0313
29.0814
29.0641
29.1019
29.0501
29.0347
29.0508
29.1375
29.1221
29.061
29.0351
29.1031
29.1045
29.0236
28.9182
28.9164
28.9685
28.8868
28.8599
28.9494
28.8399
28.8399
28.8256
28.8341
28.8241
28.789
28.8379
28.8029
28.7576
28.838
28.8705
28.8638
28.9115
28.9274
28.9394
28.9462
28.9509
28.997
28.9786
29.0398
29.0565
29.1114
29.115
28.9979
28.9724
29.0192
29.075
29.097
29.0823
29.1972
29.1966
29.0995
29.0364
29.0261
29.0663
29.103
29.1246
29.1132
29.0799
28.9253
28.9269
28.9296
29.0318
29.0565
29.0289
29.0886
29.0427
29.0655
29.0696
29.1289
29.1357
29.1043
29.1484
29.1643
29.0757
29.0968
29.1319
29.1067
29.1335
29.1641
29.1777
29.2012
29.149
29.0792
29.0704
29.0577
29.0294
29.0358
28.9593
28.8271
28.9447
28.8351
28.8056
28.8175
28.8257
28.7802
28.6819
28.6293
28.6335
28.5835
28.5805
28.5986
28.6156
28.5667
28.5835
28.5868
28.61
28.5103
28.5204
28.5012
28.4978
28.5172
28.5798
28.644
28.6832
28.7304
28.6114
28.5896
28.6051
28.5701
28.5549
28.5937
28.5817
28.5771
28.5712
28.6179
28.6876
28.6812
28.6223
28.6403
28.6687
28.6561
28.6857
28.6944
28.665
28.6876
28.7312
28.8009
28.7593
28.839
28.8577
28.8231
28.7785
28.7175
28.6477
28.636
28.5968
28.6912
28.625
28.6358
28.7002
28.7402
28.6714
28.7273
28.6867
28.6742
28.6537
28.6181
28.5682
28.5355
28.5037
28.4407
28.442
28.5468
28.5677
28.4205
28.4423
28.4949
28.5317
28.5614
28.5653
28.6249
28.556
28.617
28.6645
28.6431
28.6582
28.6597
28.6582
28.6142
28.5903
28.5123
28.4665
28.4868
28.4914
28.4841
28.4494
28.5508
28.5887
28.5487
28.6347
28.6425
28.5224
28.5589
28.5653
28.5865
28.5652
28.5716
28.6191
28.5922
28.541
28.5703
28.6391
28.6296
28.655
28.6532
28.6253
28.6333
28.5281
28.5507
28.5895
28.6425
28.6118
28.5625
28.4924
28.5642
28.5381
28.4858
28.5253
28.5157
28.552
28.579
28.568
28.6193
28.6273
28.6864
28.7598
28.8141
28.8051
28.6673
28.6784
28.6824
28.6476
28.5694
28.6093
28.5349
28.5345
28.5158
28.5841
28.6803
28.7013
28.7909
28.7334
28.7562
28.7217
28.6616
28.5941
28.6791
28.7194
28.7373
28.7973
28.8277
28.9156
28.9605
28.9984
29.0033
29.0631
29.0881
28.9932
29.0194
28.986
28.9826
29.0774
29.0576
29.0434
29.1138
29.1254
29.1156
29.1697
29.2029
29.2472
29.2645
29.2339
29.2679
29.3001
29.2789
29.2772
29.2845
29.2675
29.2302
29.3105
29.3175
29.3254
29.3854
29.4132
29.3158
29.27
29.2658
29.3068
29.2819
29.2843
29.2658
29.2547
29.1935
29.1696
29.136
29.1284
29.1077
29.1315
29.1861
29.1411
29.1184
29.1162
29.0812
29.0388
29.0001
29.0328
29.0746
29.0643
29.0705
29.0645
29.1333
29.0331
29.1061
29.1728
29.1522
29.1736
29.1887
29.0965
29.1432
29.0973
29.1082
29.1652
29.0967
29.0923
28.9316
28.8246
28.668
28.6336
28.6221
28.6244
28.6836
28.6536
28.6736
28.6157
28.6549
28.6757
28.6378
28.6233
28.5944
28.6542
28.6165
28.5908
28.6015
28.6359
28.6023
28.6362
28.5753
28.6369
28.5594
28.5738
28.4973
28.5111
28.5183
28.5126
28.4962
28.5092
28.5357
28.5317
28.5242
28.5694
28.6161
28.5745
28.4615
28.4897
28.4966
28.4445
28.435
28.3636
28.4687
28.4098
28.3433
28.3121
28.397
28.3778
28.3948
28.4225
28.4084
28.3774
28.4625
28.4437
28.4849
28.4915
28.5538
28.6385
28.5388
28.5667
28.5387
28.4873
28.4143
28.3834
28.4543
28.4924
28.4129
28.4456
28.4682
28.4019
28.4599
28.4904
28.4983
28.5199
28.4043
28.3878
28.3698
28.3389
28.3798
28.3398
28.325
28.3794
28.3908
28.427
28.4375
28.4079
28.3615
28.3441
28.2873
28.2408
28.2204
28.203
28.2474
28.2792
28.201
28.2991
28.3298
28.3401
28.3288
28.3922
28.316
28.297
28.2261
28.1873
28.1718
28.1885
28.1967
28.1981
28.1911
28.2518
28.2009
28.1315
28.2221
28.2169
28.18
28.1556
28.209
28.2544
28.2389
28.2399
28.2158
28.2096
28.2337
28.2616
28.2895
28.2936
28.327
28.3807
28.4502
28.3521
28.4078
28.4576
28.4308
28.4493
28.4663
28.514
28.4361
28.4694
28.493
28.5122
28.5846
28.5867
28.6134
28.6431
28.606
28.5347
28.5952
28.6434
28.6827
28.7045
28.7098
28.7068
28.6304
28.7217
28.7486
28.7813
28.7648
28.8207
28.7883
28.8023
28.8791
28.8753
28.8516
28.941
28.9936
28.9558
28.9943
28.9659
29.0439
29.0708
28.963
28.9881
29.0518
29.0031
28.9511
28.9106
28.8733
28.8782
28.7639
28.7196
28.6999
28.7347
28.7314
28.8002
28.8207
28.8509
28.8527
28.8807
28.8843
28.8877
28.8057
28.7784
28.743
28.7776
28.7275
28.6588
28.706
28.7222
28.7681
28.7168
28.6738
28.727
28.6603
28.6797
28.6941
28.6622
28.6187
28.6414
28.635
28.6646
28.6413
28.6355
28.6459
28.6847
28.6525
28.6046
28.6192
28.655
28.6214
28.6815
28.7568
28.7089
28.7906
28.7892
28.8594
28.7755
28.8021
28.891
28.8991
28.8205
28.9071
28.8328
28.7599
28.7781
28.8435
28.9132
28.9544
28.9619
29.0052
29.0155
28.9977
29.0122
28.95
28.845
28.9365
28.9602
28.8593
28.8493
28.8731
28.8604
28.928
28.9055
28.8921
28.9604
28.8411
28.8551
28.9284
28.9077
28.8861
28.848
28.7816
28.7396
28.7557
28.7156
28.6964
28.7029
28.7368
28.7146
28.7005
28.7771
28.7781
28.7833
28.7719
28.7784
28.7599
28.7655
28.769
28.8211
28.8625
28.8841
28.9814
29.0619
29.0752
29.1509
29.1706
29.1386
29.1709
29.2122
29.1177
29.0805
29.1094
29.0304
28.9924
28.9941
29.0318
29.0956
29.0517
29.127
29.165
29.196
29.1724
29.2145
29.1043
28.9653
29.0268
29.0664
29.157
29.1522
29.0952
29.0902
29.117
29.0981
29.0616
28.9939
29.0058
28.908
28.9067
28.8946
28.9035
28.8822
28.8866
28.8521
28.8621
28.8922
28.8665
28.782
28.7761
28.8375
28.8501
28.872
28.8776
28.8414
28.8194
28.9005
28.7888
28.7203
28.6065
28.7304
28.6948
28.6199
28.6357
28.596
28.6084
28.5945
28.6226
28.6329
28.6488
28.6423
28.5836
28.4723
28.4867
28.5132
28.4936
28.5643
28.6064
28.5604
28.5833
28.624
28.7176
28.7633
28.7424
28.777
28.8525
28.9207
28.9436
28.8275
28.8784
28.9776
28.9302
28.9223
28.9128
28.8904
28.843
28.8287
28.8535
28.9108
28.9107
28.8403
28.8294
28.858
28.7543
28.7713
28.8086
28.86
28.8188
28.8692
28.8688
28.8948
28.7653
28.7715
28.766
28.7369
28.7829
28.8516
28.9152
28.8894
28.8309
28.8454
28.7574
28.7518
28.8362
28.8359
28.8396
28.868
28.8562
28.8459
28.7836
28.7978
28.7237
28.7568
28.7713
28.8041
28.7958
28.8366
28.8562
28.8848
28.9574
28.9423
28.9685
29.0051
28.9789
28.9975
28.9993
29.0012
28.8958
28.8451
28.7971
28.8189
28.7928
28.8084
28.7574
28.7298
28.628
28.6252
28.6733
28.6851
28.6982
28.58
28.539
28.4957
28.5071
28.3869
28.3546
28.428
28.2948
28.2677
28.3063
28.219
28.1782
28.1638
28.1156
28.0592
28.1476
28.1084
28.0867
28.1489
28.1573
28.1827
28.1818
28.0448
28.0199
28.0838
28.1361
28.1406
28.154
28.2406
28.2051
28.1928
28.182
28.1751
28.1998
28.2309
28.2961
28.2083
28.2099
28.1713
28.1933
28.1322
28.1228
28.1627
28.2131
28.2775
28.2767
28.2633
28.2629
28.2543
28.2997
28.3129
28.3508
28.3933
28.3849
28.3006
28.3565
28.3324
28.3288
28.2903
28.2355
28.2344
28.236
28.22
28.2191
28.164
28.2197
28.2174
28.1769
28.1463
28.1172
28.1309
28.1576
28.0924
28.1369
28.1675
28.2205
28.2783
28.3338
28.307
28.3591
28.4241
28.4543
28.4282
28.48
28.4888
28.5114
28.5823
28.6011
28.6252
28.6037
28.629
28.6463
28.7083
28.6068
28.5969
28.5547
28.6152
28.5923
28.5528
28.4956
28.4205
28.4344
28.3819
28.3151
28.4012
28.3957
28.3589
28.3798
28.3999
28.4741
28.482
28.4987
28.4829
28.5411
28.6001
28.6193
28.5619
28.5126
28.5125
28.5855
28.5726
28.6326
28.5784
28.6032
28.6148
28.6094
28.6081
28.5586
28.6204
28.6723
28.6592
28.7038
28.6966
28.7125
28.6514
28.6881
28.7132
28.6975
28.663
28.7338
28.7783
28.7309
28.7993
28.7485
28.7234
28.7635
28.8189
28.7197
28.7184
28.7811
28.7909
28.8213
28.8447
28.8346
28.8431
28.9163
28.9231
28.9713
29.0478
29.1111
29.1525
29.1707
29.0863
29.0861
29.0795
29.1346
29.0817
29.0517
29.031
28.9873
28.8994
28.8507
28.8384
28.8311
28.7421
28.6003
28.6478
28.5574
28.6406
28.6801
28.7416
28.7449
28.788
28.8031
28.811
28.8108
28.7521
28.8017
28.8688
28.8393
28.7326
28.6193
28.6868
28.7021
28.7596
28.7461
28.7932
28.8975
28.7515
28.7832
28.7238
28.5295
28.633
28.6759
28.6516
28.633
28.5846
28.492
28.5349
28.493
28.4492
28.4344
28.4242
28.3583
28.2599
28.256
28.3535
28.3086
28.2196
28.1947
28.2067
28.2256
28.2305
28.1952
28.1567
28.1985
28.2702
28.2121
28.3217
28.3349
28.377
28.3653
28.3972
28.3172
28.2757
28.3893
28.4775
28.4638
28.3299
28.3534
28.3533
28.3084
28.3278
28.3873
28.4163
28.4312
28.3838
28.4393
28.3576
28.3788
28.3653
28.3961
28.324
28.3502
28.3129
28.3836
28.4325
28.4279
28.4867
28.4605
28.4563
28.39
28.4184
28.4194
28.4219
28.4086
28.4385
28.3144
28.3423
28.2709
28.2257
28.216
28.2319
28.2279
28.216
28.2374
28.2605
28.2639
28.2706
28.265
28.3266
28.3312
28.3787
28.3575
28.3943
28.4011
28.4105
28.4536
28.505
28.5054
28.5576
28.6278
28.6636
28.6482
28.6044
28.6046
28.6049
28.5594
28.5838
28.4932
28.4487
28.4845
28.4039
28.4125
28.434
28.3902
28.3909
28.3744
28.4195
28.3479
28.3715
28.4496
28.4339
28.4684
28.4781
28.4768
28.3603
28.3459
28.2954
28.2723
28.2991
28.3851
28.4037
28.5067
28.3812
28.3909
28.3023
28.2579
28.167
28.1904
28.2186
28.2116
28.2509
28.1596
28.1651
28.1802
28.122
28.1461
28.0721
28.1083
28.0952
28.1084
28.1575
28.1308
28.1576
27.9542
28.0018
27.9073
27.8977
27.923
27.8768
27.8509
27.8768
27.8543
27.8247
27.7632
27.7715
27.7666
27.8056
27.8358
27.8777
27.8402
27.9506
27.9191
27.882
27.9491
27.9288
27.8304
27.7376
27.7091
27.7317
27.6624
27.6561
27.56
27.5929
27.515
27.4571
27.4335
27.4717
27.5089
27.4536
27.4784
27.5012
27.4848
27.5073
27.5346
27.6507
27.6924
27.6771
27.7578
27.7199
27.751
27.7705
27.8197
27.8718
27.922
27.8406
27.8437
27.7962
27.7934
27.741
27.6563
27.5784
27.5995
27.6439
27.6104
27.5935
27.5249
27.5256
27.5355
27.4988
27.5174
27.5177
27.4246
27.4998
27.4765
27.5016
27.4414
27.4419
27.4561
27.3448
27.3037
27.4133
27.4653
27.4684
27.4772
27.4202
27.3911
27.4533
27.4443
27.4689
27.5726
27.5391
27.5482
27.5564
27.6377
27.6657
27.6892
27.7625
27.6836
27.7189
27.6274
27.5082
27.5299
27.5714
27.5439
27.5739
27.6052
27.6319
27.624
27.6659
27.7242
27.7304
27.6733
27.7153
27.7983
27.7218
27.7464
27.7758
27.7961
27.8029
27.7469
27.7093
27.7561
27.8302
27.7874
27.7409
27.7436
27.7715
27.7855
27.8055
27.843
27.8723
27.8573
27.8996
27.9189
27.9682
28.0379
27.9883
27.8916
27.8663
27.8742
27.9157
27.9065
27.7896
27.6876
27.6252
27.6325
27.6423
27.6111
27.6167
27.6595
27.7022
27.7366
27.8431
27.8647
27.8345
27.8633
27.8963
27.8591
27.9026
27.8943
27.915
27.9599
27.8918
27.9175
27.833
27.8057
27.7722
27.8153
27.8397
27.8301
27.8581
27.8053
27.8715
27.846
27.8856
27.9023
27.9446
27.8607
27.8537
27.771
27.8272
27.8788
27.9307
27.8683
27.849
27.8993
27.8914
27.8567
27.907
27.8741
27.8611
27.8514
27.8367
27.7959
27.8244
27.8112
27.8227
27.821
27.8906
27.7351
27.7992
27.772
27.7749
27.8358
27.7915
27.7946
27.7571
27.8084
27.83
27.8444
27.8175
27.8439
27.8591
27.9401
27.9605
27.9277
27.9709
27.9406
28.0227
28.0276
28.0353
28.0796
28.0802
28.1008
28.1338
28.1351
28.1832
28.2086
28.2309
28.2723
28.226
28.0871
28.0114
27.9436
27.9947
27.9409
28.0257
27.9943
27.965
27.928
27.915
27.9077
27.9017
27.961
27.9877
28.0456
28.0895
28.0829
28.1009
28.0919
28.1684
28.1876
28.184
28.052
28.0014
28.072
28.1251
28.1481
28.1716
28.249
28.2474
28.2551
28.2713
28.1791
28.2042
28.2281
28.2131
28.169
28.0985
28.017
27.9382
27.9916
27.9529
27.9529
27.8742
27.8571
27.9201
27.9583
28.0339
28.0148
27.998
27.9928
28.0234
28.0399
28.0518
28.0308
28.0625
28.0697
28.0397
28.047
28.0532
28.0839
28.1431
28.2251
28.2691
28.1819
28.1284
28.058
28.0127
28.0718
28.1223
28.1725
28.2015
28.1838
28.1122
28.1966
28.22
28.2972
28.2283
28.2675
28.3037
28.3031
28.2084
28.2216
28.2955
28.288
28.2068
28.189
28.1897
28.2509
28.2964
28.2571
28.2509
28.2372
28.2135
28.2647
28.2159
28.1419
28.1868
28.2614
28.3241
28.3296
28.2774
28.3067
28.2134
28.3036
28.2386
28.2813
28.2527
28.2631
28.2453
28.2736
28.2957
28.2249
28.2078
28.2841
28.1821
28.1331
28.1402
28.0614
28.1492
28.2422
28.1568
28.1192
28.1152
28.1773
28.2025
28.1931
28.0596
28.1308
28.107
28.0791
28.1145
28.0931
28.0559
28.1474
28.1761
28.1945
28.1995
28.2892
28.3444
28.378
28.439
28.4347
28.4434
28.3891
28.3383
28.39
28.4004
28.3937
28.4293
28.4654
28.5505
28.5914
28.5952
28.6482
28.5167
28.4626
28.4586
28.5052
28.4999
28.568
28.5346
28.5574
28.5887
28.5716
28.4759
28.5383
28.5918
28.628
28.6011
28.6478
28.6907
28.682
28.5803
28.539
28.5557
28.6357
28.6674
28.72
28.671
28.7261
28.7267
28.739
28.7105
28.7291
28.6831
28.6419
28.6186
28.7121
28.7669
28.7527
28.7915
28.7353
28.7746
28.8135
28.7299
28.6794
28.6568
28.5934
28.5313
28.5041
28.5153
28.52
28.5499
28.5056
28.4991
28.3303
28.3713
28.359
28.3963
28.4376
28.4525
28.4198
28.3584
28.3582
28.3557
28.3726
28.4401
28.4943
28.5446
28.5697
28.5335
28.5649
28.5683
28.6135
28.6551
28.6126
28.666
28.6119
28.5824
28.545
28.5911
28.6585
28.6489
28.6428
28.6016
28.6008
28.6103
28.5311
28.5346
28.5236
28.5388
28.5483
28.5622
28.549
28.5639
28.6352
28.707
28.7476
28.7904
28.8526
28.8995
28.8723
28.8826
28.9513
29.0048
28.9935
28.9646
28.965
28.9271
28.9053
28.876
28.936
28.9338
28.8674
28.871
28.7863
28.7807
28.845
28.8597
28.8634
28.8864
28.9312
28.9377
28.924
28.9355
28.9543
29.0018
28.9963
28.9542
28.9704
28.9246
28.86
28.9382
28.9431
28.9185
28.9071
28.9296
28.9424
28.943
28.9555
28.9812
28.9997
28.9458
28.9421
28.9974
29.0324
29.091
29.01
29
28.9878
29.0151
29.0221
29.0102
28.9395
28.8888
28.8506
28.809
28.831
28.8145
28.8991
28.8505
28.8939
28.8188
28.8123
28.8329
28.8566
28.857
28.9442
28.9852
28.9852
28.9566
29.0172
29.0096
28.971
28.8488
28.7662
28.6938
28.7103
28.6459
28.5701
28.4871
28.5552
28.5559
28.5121
28.5771
28.5938
28.5298
28.5161
28.4948
28.495
28.455
28.4433
28.3827
28.4494
28.3139
28.2671
28.2568
28.2644
28.2493
28.2338
28.2109
28.1329
28.1563
28.1209
28.1664
28.1612
28.1455
28.1608
28.1669
28.2499
28.2802
28.3028
28.2353
28.2874
28.3567
28.3357
28.3494
28.3742
28.3669
28.3497
28.4049
28.4096
28.3373
28.3081
28.3048
28.3264
28.3372
28.3223
28.2984
28.3698
28.3751
28.292
28.2288
28.2156
28.3383
28.3643
28.1992
28.1395
28.0687
28.0414
27.9943
28.0778
28.0177
27.9802
27.9699
28.0218
28.0527
28.0363
27.9427
27.9233
27.9208
27.9098
27.9335
27.9101
27.8524
27.7449
27.6873
27.6591
27.632
27.6677
27.7248
27.7061
27.6288
27.6224
27.5559
27.4513
27.3931
27.3958
27.4668
27.4457
27.4455
27.462
27.4517
27.5256
27.5949
27.5807
27.566
27.5512
27.5416
27.4903
27.4224
27.4143
27.3636
27.4236
27.4428
27.4012
27.401
27.4818
27.4682
27.5331
27.5838
27.6193
27.6499
27.6753
27.6476
27.7024
27.7089
27.7589
27.7724
27.7245
27.7226
27.7172
27.6439
27.7493
27.7414
27.7886
27.6111
27.5767
27.5656
27.5888
27.6325
27.6049
27.597
27.5406
27.5914
27.602
27.5695
27.6234
27.6553
27.7045
27.6569
27.6356
27.7027
27.6691
27.6695
27.616
27.6626
27.6439
27.6325
27.6238
27.6438
27.6139
27.5239
27.6018
27.6437
27.6338
27.543
27.5986
27.5724
27.6238
27.6388
27.6026
27.5726
27.5409
27.5343
27.5291
27.5721
27.52
27.5457
27.5507
27.5992
27.5858
27.6128
27.5967
27.5552
27.5815
27.6665
27.6901
27.6948
27.6783
27.729
27.7695
27.8096
27.8496
27.9182
27.8788
27.8111
27.7775
27.7778
27.7381
27.7684
27.7791
27.7386
27.7382
27.6866
27.7457
27.6426
27.5999
27.644
27.7145
27.6611
27.6798
27.5842
27.5521
27.5923
27.6217
27.5982
27.6468
27.6238
27.5898
27.6088
27.6382
27.5572
27.5992
27.603
27.673
27.6774
27.6164
27.5561
27.5924
27.5232
27.5686
27.5572
27.581
27.5847
27.5232
27.5522
27.5525
27.5483
27.5701
27.5605
27.4762
27.4836
27.3788
27.4652
27.4549
27.4679
27.469
27.4333
27.3288
27.3106
27.3236
27.3007
27.3212
27.3181
27.2907
27.3352
27.3294
27.3684
27.3228
27.3252
27.36
27.3478
27.3338
27.3153
27.3323
27.3815
27.426
27.4298
27.4123
27.4389
27.4657
27.5422
27.6054
27.615
27.5809
27.5681
27.6178
27.6676
27.6754
27.5962
27.6404
27.6651
27.6322
27.6206
27.6836
27.646
27.7177
27.7779
27.766
27.814
27.8406
27.7931
27.7955
27.7977
27.717
27.7309
27.7312
27.7725
27.7828
27.7588
27.7416
27.6952
27.5849
27.526
27.5147
27.5312
27.5891
27.6466
27.6289
27.6901
27.6366
27.6839
27.7651
27.8276
27.8185
27.8441
27.8942
27.9386
27.9633
27.7943
27.8594
27.8731
27.7897
27.759
27.8522
27.863
27.847
27.7893
27.8353
27.8532
27.8769
27.8785
27.8539
27.8362
27.838
27.7731
27.8014
27.8681
27.8726
27.8892
27.9184
27.9716
27.9346
27.9733
27.7909
27.8693
27.912
27.9275
27.9317
27.9833
28.0426
28.0644
27.977
28.0359
28.0285
28.045
28.0298
28.0843
28.0582
28.0573
28.0255
28.007
28.0679
28.1165
28.0886
27.9991
28.0279
27.8713
27.7865
27.7977
27.7684
27.7363
27.7143
27.7825
27.7212
27.7623
27.8393
27.798
27.7466
27.7432
27.6976
27.6787
27.6512
27.6635
27.7354
27.6443
27.6832
27.6534
27.6786
27.5504
27.4505
27.4695
27.5191
27.5192
27.4964
27.4858
27.5235
27.4803
27.4567
27.4501
27.4771
27.5218
27.4962
27.5858
27.6512
27.7117
27.6904
27.7123
27.6883
27.696
27.7589
27.8179
27.8069
27.832
27.8812
27.8702
27.8653
27.9273
27.9262
27.8887
27.8995
27.8932
27.9629
27.977
28.0456
28.0734
28.1336
28.2089
28.2439
28.268
28.3254
28.256
28.314
28.3879
28.3436
28.418
28.4722
28.4864
28.5522
28.5567
28.5247
28.5562
28.6076
28.6624
28.6898
28.6847
28.7052
28.5965
28.5782
28.5582
28.4564
28.4434
28.4695
28.4834
28.5105
28.5899
28.538
28.5195
28.5579
28.4195
28.3821
28.2711
28.2994
28.27
28.3417
28.4334
28.4483
28.295
28.2807
28.3091
28.3567
28.3236
28.4296
28.4172
28.4312
28.4515
28.4571
28.4154
28.3292
28.2221
28.2473
28.2667
28.2345
28.221
28.2384
28.2988
28.2779
28.2617
28.2892
28.2121
28.148
28.1677
28.2104
28.2541
28.2849
28.2667
28.3037
28.328
28.3787
28.4115
28.4311
28.4704
28.3758
28.3883
28.3668
28.411
28.391
28.3933
28.4181
28.4156
28.3922
28.4276
28.3626
28.4076
28.4518
28.5169
28.5074
28.4899
28.4157
28.3842
28.4584
28.4443
28.4336
28.4301
28.4208
28.3837
28.4007
28.4005
28.3429
28.3145
28.3301
28.3758
28.4043
28.3735
28.3878
28.4473
28.4906
28.4885
28.5055
28.5236
28.5588
28.5566
28.5411
28.5351
28.4325
28.5033
28.4679
28.5743
28.5235
28.4246
28.4487
28.469
28.4517
28.4687
28.4399
28.3919
28.3643
28.3372
28.3156
28.2757
28.3208
28.3203
28.3479
28.4276
28.4654
28.3884
28.3647
28.3242
28.3685
28.3443
28.3652
28.3785
28.3263
28.3666
28.3518
28.3859
28.4028
28.3359
28.2817
28.26
28.2932
28.3691
28.3377
28.3658
28.3424
28.2812
28.2672
28.3403
28.3267
28.375
28.3871
28.4411
28.4965
28.3825
28.3784
28.4019
28.3501
28.2482
28.2585
28.2944
28.3337
28.3628
28.375
28.4081
28.4833
28.509
28.5146
28.525
28.5057
28.4603
28.4557
28.5503
28.5396
28.5258
28.5243
28.4899
28.4675
28.5029
28.5822
28.6025
28.622
28.6524
28.6914
28.6826
28.6729
28.6396
28.6154
28.6184
28.6638
28.6051
28.6167
28.4397
28.3932
28.2057
28.2562
28.201
28.2728
28.2863
28.2791
28.3769
28.3725
28.3472
28.3504
28.3268
28.3975
28.3797
28.4482
28.3842
28.4205
28.3967
28.3639
28.3648
28.3634
28.321
28.3447
28.3429
28.2586
28.2543
28.2472
28.1713
28.2252
28.1571
28.2463
28.2978
28.2512
28.2808
28.2007
28.2365
28.234
28.2483
28.2761
28.2894
28.2602
28.2277
28.2195
28.2864
28.2722
28.2842
28.2965
28.3406
28.3464
28.3612
28.3472
28.3064
28.3168
28.3026
28.3057
28.3506
28.3288
28.2279
28.2198
28.2521
28.2805
28.2273
28.1631
28.1066
28.1291
28.1009
28.1134
28.2152
28.2835
28.264
28.2927
28.3464
28.3053
28.3421
28.3778
28.3728
28.4201
28.3721
28.3615
28.4041
28.3538
28.4141
28.432
28.445
28.4133
28.4153
28.4178
28.3886
28.393
28.4289
28.3958
28.423
28.3832
28.4112
28.2806
28.2884
28.3451
28.2896
28.3375
28.3153
28.3421
28.3782
28.2921
28.3135
28.2726
28.3054
28.3514
28.3593
28.465
28.4711
28.5075
28.4905
28.5395
28.5258
28.4683
28.3857
28.413
28.4339
28.4216
28.4181
28.4949
28.5011
28.5316
28.5401
28.5713
28.4721
28.4182
28.3925
28.4824
28.4204
28.367
28.2671
28.1627
28.2351
28.2699
28.2084
28.1783
28.2189
28.2212
28.1948
28.2073
28.1825
28.2685
28.318
28.2591
28.2937
28.3237
28.4027
28.3899
28.4463
28.4604
28.4166
28.4093
28.3935
28.4448
28.445
28.3998
28.3866
28.3042
28.3308
28.2836
28.339
28.2709
28.2573
28.2435
28.2462
28.2826
28.1754
28.0905
28.0533
27.9239
27.9176
27.9564
27.9577
27.9986
27.8901
27.8841
27.915
27.9284
27.982
27.9418
27.9462
27.9175
27.8781
27.8993
27.9683
27.9452
27.9982
27.9691
27.9311
27.9162
27.9037
27.8736
27.9353
27.9329
27.9699
27.9535
28.0593
28.0497
28.1432
28.0923
28.057
28.0881
27.9725
27.9852
27.9657
28.0347
28.0653
28.1318
28.1639
28.1858
28.2081
28.2793
28.3293
28.3763
28.418
28.3429
28.356
28.2499
28.2754
28.2361
28.3036
28.2555
28.1425
28.1347
28.1518
28.0987
28.1734
28.1576
28.2015
28.2494
28.229
28.2366
28.2299
28.1665
28.2068
28.2328
28.2245
28.2734
28.2546
28.2019
28.1708
28.2102
28.1896
28.233
28.1488
28.1958
28.2165
28.2815
28.2599
28.2892
28.3545
28.3532
28.4243
28.479
28.517
28.552
28.5851
28.6136
28.6804
28.6828
28.6939
28.7897
28.8309
28.8488
28.8102
28.8871
28.835
28.7928
28.8684
28.9445
28.9437
28.9668
28.9926
29.0392
29.0465
29.0131
29.0341
29.034
29.0639
29.042
29.1138
29.1715
29.1179
29.1117
29.0222
29.0265
29.0389
28.9641
28.9326
28.9862
28.9302
28.8973
28.8864
28.8856
28.8366
28.8546
28.8722
28.8586
28.8536
28.8075
28.7772
28.8282
28.7912
28.8796
28.7625
28.8235
28.8562
28.8436
28.7836
28.7816
28.7139
28.6776
28.5511
28.4277
28.4275
28.3983
28.423
28.4528
28.5293
28.6027
28.664
28.6924
28.7476
28.7358
28.7068
28.7484
28.7631
28.7768
28.7188
28.7192
28.7779
28.7248
28.7075
28.5568
28.5993
28.6569
28.7004
28.6073
28.6686
28.6789
28.7051
28.6983
28.7304
28.6834
28.6255
28.6723
28.7525
28.8063
28.8595
28.9287
28.9759
28.9251
28.972
28.8587
28.8568
28.7713
28.6424
28.5766
28.5971
28.627
28.5904
28.5942
28.5682
28.4156
28.4439
28.3931
28.3863
28.3933
28.4598
28.4927
28.5212
28.5084
28.5234
28.5646
28.5014
28.4623
28.4515
28.3717
28.3723
28.3772
28.1567
28.1518
28.1652
28.1507
28.0751
28.0572
28.0939
28.1232
28.116
28.1268
28.1258
28.1538
28.1342
28.1748
28.2115
28.2811
28.1845
28.1897
28.2221
28.269
28.305
28.2767
28.2719
28.2717
28.2759
28.2697
28.2916
28.3089
28.2883
28.3451
28.3931
28.4061
28.3419
28.3136
28.3182
28.3436
28.3483
28.2451
28.2847
28.3449
28.3842
28.3655
28.4299
28.4912
28.533
28.5679
28.4731
28.4898
28.4378
28.4224
28.4526
28.4504
28.3
28.3546
28.3395
28.3393
28.4095
28.4799
28.3583
28.3976
28.4704
28.4198
28.4061
28.3373
28.3523
28.4041
28.4778
28.4363
28.4892
28.4156
28.4365
28.3706
28.3143
28.3286
28.3462
28.3485
28.2964
28.3752
28.354
28.2571
28.2785
28.3046
28.3062
28.262
28.2566
28.306
28.284
28.3014
28.3873
28.2889
28.2647
28.2323
28.2917
28.3337
28.3787
28.3911
28.3429
28.3256
28.2704
28.3153
28.3162
28.3762
28.4005
28.4818
28.4492
28.4851
28.5413
28.5349
28.5831
28.6047
28.5874
28.5878
28.5458
28.5216
28.3617
28.3448
28.3416
28.4155
28.3776
28.468
28.4803
28.4782
28.443
28.4396
28.4488
28.5231
28.5528
28.6119
28.6294
28.5708
28.5711
28.5195
28.4342
28.2931
28.3029
28.2661
28.2693
28.2237
28.2163
28.2002
28.2178
28.2391
28.1267
28.0991
28.0618
27.9715
27.8898
27.8433
27.8469
27.8539
27.8745
27.8277
27.8295
27.8128
27.8009
27.7718
27.7732
27.8773
27.9068
27.7741
27.8072
27.7854
27.7593
27.7611
27.6279
27.6383
27.6774
27.7097
27.7098
27.7327
27.7801
27.8516
27.7919
27.7911
27.8068
27.7898
27.662
27.7316
27.7252
27.7639
27.8488
27.8984
27.8701
27.7386
27.7547
27.7426
27.6114
27.5819
27.6627
27.6808
27.6441
27.6819
27.6963
27.7524
27.7929
27.8084
27.813
27.832
27.8936
27.9443
27.9152
27.9551
27.9266
27.8828
27.7482
27.8182
27.685
27.6685
27.7182
27.7514
27.7497
27.6795
27.7571
27.7557
27.7932
27.9026
27.9635
28.0461
27.9278
27.9471
27.9284
27.9779
28.0456
28.0958
28.1339
28.0408
27.9906
27.9416
27.9846
28.0649
27.9855
27.9858
27.9302
27.9861
27.9754
28.0013
28.0435
27.9768
28.0174
28.0694
28.1037
28.1163
28.0603
28.056
27.9941
28.0186
27.9864
28.0165
28.0077
28.0664
28.0477
28.0023
27.9695
28.005
28.006
27.9933
27.9952
27.8925
27.8947
27.9009
27.8991
27.9323
27.9145
27.9201
27.9761
27.899
27.9783
27.9361
27.917
27.8122
27.8268
27.8884
27.9339
27.8396
27.8017
27.8093
27.7943
27.7463
27.7567
27.7921
27.6811
27.7375
27.7209
27.6898
27.7348
27.7568
27.7724
27.7668
27.7691
27.7458
27.8121
27.8707
27.9232
27.9208
27.9274
27.9722
27.989
28.0541
28.0793
28.0968
28.1356
28.1356
28.1134
28.1288
28.1428
28.1649
28.1124
28.1804
28.1872
28.0974
28.1208
28.0958
28.0726
28.1638
28.1927
28.1795
28.2441
28.286
28.2824
28.3406
28.3696
28.4007
28.2913
28.362
28.319
28.2855
28.316
28.3183
28.3057
28.4119
28.4395
28.3738
28.2355
28.1072
28.1245
28.0941
28.016
28.0475
28.089
28.1065
28.1522
28.0767
27.9395
27.9906
28.0164
28.0581
28.1286
28.1386
28.0915
28.1263
28.2216
28.1777
28.1128
28.1847
28.0653
28.0857
28.0638
28.0172
28.0498
28.1093
28.0739
28.0398
28.1157
28.0843
28.0815
28.1109
28.1659
28.1297
28.1742
28.1826
28.2627
28.3028
28.2845
28.304
28.2781
28.1159
28.0832
28.1525
28.0745
28.0606
28.0776
28.0608
28.124
28.183
28.1576
28.1717
28.2743
28.1783
28.1648
28.0899
28.102
28.1786
28.2335
28.1417
28.1395
28.0776
28.0243
28.0319
28.0418
28.0397
28.0857
28.0061
28.0538
28.0506
28.0265
28.0261
27.9885
27.9984
28.0005
28.0778
28.1245
28.1877
28.1911
28.1616
28.181
28.0819
28.1189
28.1396
28.1825
28.1735
28.1573
28.1498
28.1537
28.125
28.1097
28.0086
27.9962
27.9728
28.0009
27.9752
27.9348
27.9115
27.9194
27.926
27.9866
28.0215
28.048
27.9992
28.0127
28.0322
28.0788
28.116
28.0865
28.1376
28.1595
28.1698
28.1094
28.1459
28.158
28.0699
28.1097
28.1863
28.1539
28.1983
28.1372
28.1512
28.1526
28.1285
28.1059
28.1473
28.1309
28.1362
28.0808
28.1013
28.0897
27.9256
27.895
27.8699
27.8435
27.9083
27.9726
27.9621
27.9439
27.8838
27.8342
27.7838
27.8777
27.94
27.9197
27.9548
27.9693
28.0007
28.0243
28.0435
28.0463
28.1014
28.1454
28.0634
28.113
28.1366
28.064
28.0506
28.1321
28.1787
28.191
28.1771
28.1515
28.1177
28.1363
28.1961
28.236
28.1565
28.2298
28.2719
28.1672
28.2152
28.277
28.2128
28.2237
28.2504
28.314
28.3384
28.3366
28.2643
28.2192
28.2052
28.2105
28.2293
28.1678
28.1106
28.1163
28.2065
28.1398
28.1376
28.2104
28.2204
28.2095
28.2526
28.1556
28.1093
28.0488
28.0065
28.02
28.0137
28.0814
28.0596
28.0145
28.0568
28.1523
28.1762
28.1907
28.1583
28.1691
28.205
28.2027
28.2454
28.3036
28.3192
28.4059
28.368
28.369
28.4359
28.4418
28.4697
28.5024
28.5083
28.42
28.4092
28.3695
28.4025
28.4332
28.5042
28.4967
28.4411
28.4465
28.2714
28.2991
28.3319
28.337
28.377
28.3485
28.392
28.4125
28.4853
28.4813
28.4951
28.5494
28.583
28.6185
28.5686
28.6028
28.5784
28.6294
28.6357
28.58
28.5506
28.5278
28.5326
28.5952
28.5917
28.6418
28.7055
28.6913
28.6891
28.683
28.7203
28.6193
28.6011
28.6114
28.6433
28.6263
28.6181
28.6235
28.5192
28.5688
28.5034
28.4402
28.4544
28.4579
28.4356
28.3655
28.3611
28.3566
28.3464
28.4106
28.4088
28.3782
28.4038
28.3825
28.4384
28.3938
28.3099
28.3294
28.3978
28.3354
28.2476
28.168
28.1418
28.1093
28.1235
28.1516
28.1741
28.2332
28.2884
28.337
28.3163
28.3118
28.3082
28.3033
28.3288
28.2719
28.2269
28.2173
28.2216
28.2478
28.2383
28.28
28.231
28.1613
28.2288
28.2237
28.2029
28.2633
28.3017
28.3541
28.3551
28.2618
28.2406
28.2311
28.2099
28.1923
28.1611
28.1002
28.0924
28.1536
28.0996
28.1569
28.0602
28.0422
28.1021
28.0805
28.0467
28.0891
28.1129
28.1723
28.1356
28.1014
28.1663
28.1404
28.1584
28.1188
28.1936
28.2721
28.2431
28.2134
28.2546
28.2962
28.2379
28.2599
28.2727
28.3039
28.3617
28.304
28.3013
28.1506
28.1927
28.2481
28.3102
28.2966
28.2065
28.2829
28.3642
28.4209
28.3335
28.2603
28.1967
28.2065
28.2309
28.3134
28.2622
28.2088
28.1577
28.1762
28.2335
28.2223
28.3259
28.3652
28.4151
28.4623
28.4077
28.4644
28.4196
28.4189
28.3995
28.3797
28.3244
28.3635
28.305
28.3171
28.3074
28.1848
28.1168
28.1521
28.1542
28.1961
28.2363
28.2208
28.2219
28.1371
28.1029
28.1254
28.0726
28.0227
28.0395
28.0836
28.0439
28.0236
27.9959
28.0361
28.0686
28.089
28.1019
28.1232
28.1167
28.0308
28.0493
28.0695
28.0249
28.0499
28.0594
28.0745
28.001
28.0271
28.1008
28.0147
28.0128
28.0136
27.9824
28.0228
27.9483
27.8887
27.9533
27.993
27.9812
27.9689
27.9257
27.9522
28.0018
28.0486
28.0769
28.0336
28.072
28.0704
28.1097
28.1385
28.0436
28.0258
28.0286
28.1041
28.1271
28.1174
28.1332
28.1219
28.1986
28.1759
28.1863
28.203
28.2121
28.2452
28.2529
28.2957
28.3257
28.2153
28.1894
28.2543
28.2701
28.3692
28.3555
28.2117
28.2781
28.2737
28.358
28.4485
28.4591
28.5018
28.5212
28.5749
28.6152
28.5699
28.5674
28.6391
28.6209
28.6432
28.6942
28.7582
28.7008
28.7138
28.7783
28.832
28.8727
28.8347
28.8602
28.8922
28.888
28.8809
28.7901
28.7961
28.7771
28.795
28.8554
28.843
28.8457
28.8277
28.8144
28.7037
28.6698
28.6864
28.6807
28.6724
28.4541
28.4349
28.423
28.4046
28.4917
28.4847
28.5172
28.5162
28.5831
28.5406
28.5775
28.6055
28.601
28.5643
28.5988
28.498
28.4491
28.45
28.442
28.4613
28.5292
28.5372
28.5701
28.5658
28.5685
28.5771
28.5598
28.5409
28.5598
28.5847
28.6333
28.6389
28.6791
28.7303
28.7951
28.675
28.6969
28.7066
28.7298
28.675
28.6294
28.5442
28.4242
28.3894
28.4469
28.4371
28.4664
28.4928
28.4487
28.4317
28.4559
28.4341
28.5005
28.56
28.5085
28.5266
28.567
28.555
28.5595
28.5274
28.5098
28.525
28.5402
28.5029
28.5201
28.5337
28.3969
28.4646
28.4309
28.4504
28.5307
28.6188
28.5545
28.5414
28.616
28.6217
28.593
28.5143
28.4346
28.4378
28.4263
28.3925
28.3964
28.475
28.4535
28.4566
28.3783
28.3975
28.4044
28.3278
28.3199
28.3431
28.2993
28.3112
28.3793
28.3605
28.2883
28.3514
28.347
28.3125
28.2895
28.3431
28.3519
28.3688
28.3599
28.4174
28.3311
28.2944
28.2773
28.2802
28.3174
28.3423
28.3442
28.3624
28.3889
28.3576
28.3245
28.4069
28.4977
28.5197
28.4636
28.4686
28.431
28.4188
28.4238
28.4399
28.3747
28.3615
28.3193
28.3458
28.3421
28.366
28.2555
28.2043
28.2566
28.2462
28.1993
28.1365
28.0958
27.9915
27.9865
27.9912
28.0447
28.0389
28.0658
28.0465
28.0759
27.9577
27.9675
28.0606
28.1336
28.2056
28.1849
28.2277
28.2554
28.2825
28.3035
28.3005
28.2997
28.3732
28.2647
28.3069
28.2478
28.1891
28.2463
28.2638
28.309
28.3106
28.2851
28.2636
28.274
28.2455
28.2861
28.2396
28.2971
28.3539
28.3562
28.3737
28.4006
28.4702
28.4476
28.5094
28.496
28.437
28.4185
28.4779
28.5148
28.5595
28.6027
28.6198
28.6338
28.6906
28.6958
28.7189
28.6942
28.6207
28.6431
28.6955
28.642
28.5936
28.5889
28.6234
28.6645
28.6036
28.629
28.6864
28.7138
28.6654
28.6504
28.69
28.7417
28.7147
28.6608
28.6501
28.7194
28.7445
28.7417
28.7338
28.7583
28.7747
28.7876
28.8066
28.8106
28.8787
28.9204
28.953
28.9045
28.8998
28.8796
28.897
28.8163
28.7662
28.7915
28.8377
28.8304
28.8239
28.7822
28.8382
28.9193
28.8903
28.8175
28.7776
28.5751
28.6307
28.6769
28.7272
28.7734
28.795
28.8047
28.8189
28.9105
28.9986
28.9538
28.9926
29.0731
28.9977
28.9912
29.0558
28.9767
29.0123
28.9848
29.0029
28.9358
28.8945
28.8286
28.8583
28.8529
28.8265
28.7207
28.7069
28.6908
28.6168
28.6572
28.6242
28.5674
28.5245
28.5049
28.5528
28.5578
28.597
28.5269
28.5168
28.5161
28.4918
28.5776
28.66
28.6727
28.7593
28.6444
28.7241
28.7057
28.655
28.684
28.6838
28.7205
28.6968
28.74
28.7615
28.8412
28.9113
28.956
29.0113
29.0001
28.9778
28.9836
29.0521
29.0925
29.0241
28.9345
28.9335
28.9847
28.9153
28.9059
28.9107
28.9298
28.914
28.836
28.9119
28.9004
28.9125
28.8314
28.8409
28.871
28.8429
28.8843
28.874
28.7699
28.7958
28.8383
28.8096
28.8243
28.7582
28.6894
28.7625
28.7843
28.7507
28.6829
28.7121
28.7074
28.6707
28.749
28.7303
28.7204
28.5762
28.6192
28.6128
28.6057
28.5332
28.5204
28.4974
28.5113
28.4881
28.5073
28.4952
28.4017
28.3007
28.3443
28.3808
28.337
28.3501
28.1799
28.2261
28.1572
28.2327
28.2428
28.2276
28.0907
28.039
28.0873
28.0735
28.0277
28.0389
28.0936
28.0051
28.0671
28.1228
28.0554
28.0933
28.0461
28.0132
28.0606
28.0226
27.9988
27.9842
28.0765
28.1363
28.1234
28.146
28.11
28.1183
28.1411
28.0824
28.0404
28.0345
28.0719
28.1139
28.1583
28.2111
28.1588
28.1387
28.1263
28.1583
28.0515
28.1468
28.1627
28.0903
28.143
28.118
28.0808
28.1239
28.1174
28.1514
28.1183
28.2023
28.1796
28.119
28.1265
28.1414
28.1837
28.2205
28.2128
28.1925
28.2819
28.2723
28.2377
28.2823
28.3287
28.3101
28.404
28.3384
28.375
28.3737
28.4285
28.4696
28.5235
28.5081
28.4699
28.5377
28.5086
28.5239
28.5476
28.5659
28.4777
28.4909
28.5046
28.5175
28.5017
28.5064
28.5322
28.5188
28.4996
28.4978
28.4545
28.4835
28.5048
28.5832
28.5951
28.5339
28.5282
28.5663
28.5444
28.5221
28.5314
28.5282
28.5281
28.5117
28.5588
28.5777
28.6317
28.4936
28.5495
28.5706
28.6233
28.6198
28.5919
28.6148
28.6081
28.5462
28.5443
28.626
28.5679
28.6084
28.5879
28.6088
28.6616
28.7181
28.6129
28.6563
28.6316
28.5835
28.5861
28.6534
28.6473
28.6388
28.6624
28.6182
28.5863
28.6087
28.6122
28.6485
28.6298
28.7009
28.7224
28.7891
28.7669
28.7061
28.7795
28.7711
28.8806
28.8153
28.8156
28.8279
28.7602
28.7231
28.7766
28.775
28.8394
28.757
28.7103
28.7308
28.8247
28.837
28.7866
28.7314
28.6789
28.6875
28.6043
28.6114
28.6443
28.6975
28.7743
28.7591
28.698
28.6408
28.6409
28.6546
28.6834
28.7374
28.6963
28.6483
28.7268
28.7417
28.709
28.7728
28.7761
28.802
28.8001
28.8789
28.9274
28.8562
28.808
28.8933
28.9013
28.7904
28.8469
28.8565
28.8554
28.9202
28.9116
28.7726
28.7508
28.7848
28.7245
28.7275
28.7521
28.7947
28.7983
28.6568
28.7576
28.7727
28.8251
28.9186
28.8693
28.9032
28.9198
28.9571
28.9789
28.9446
28.9766
28.9893
29.0145
28.9512
28.918
28.8399
28.802
28.7255
28.6997
28.7012
28.7638
28.7551
28.7793
28.724
28.791
28.8332
28.8609
28.9061
28.923
28.9651
28.9851
28.945
28.9691
28.9969
28.8822
28.8402
28.836
28.872
28.8366
28.7867
28.7528
28.7215
28.8545
28.8448
28.9065
28.8493
28.8626
28.8938
28.8312
28.9031
28.9567
28.9433
28.9857
29.0048
29.0109
28.9654
29.0072
29.0121
29.0374
28.99
28.965
28.9701
28.9622
28.9886
29.0504
29.0568
29.0933
29.0859
29.0875
29.1769
29.1582
29.1467
29.1048
29.1283
29.1135
29.1272
29.0407
29.0799
29.0237
29.1094
29.1239
29.1472
29.2247
29.1845
29.2572
29.3173
29.3648
29.3446
29.3461
29.3753
29.4255
29.4553
29.4828
29.3782
29.3476
29.356
29.3615
29.4092
29.4102
29.4078
29.3628
29.4146
29.3268
29.2942
29.1502
29.1835
29.2394
29.3355
29.2843
29.2716
29.2355
29.22
29.2384
29.2594
29.2962
29.239
29.2757
29.2383
29.2748
29.3258
29.3477
29.3639
29.4129
29.4167
29.4713
29.3965
29.3774
29.4019
29.4024
29.3527
29.4105
29.382
29.242
29.2456
29.3269
29.3127
29.3457
29.4072
29.4205
29.4075
29.3309
29.4291
29.44
29.4781
29.5082
29.54
29.6027
29.5597
29.5488
29.5167
29.454
29.4972
29.5671
29.6138
29.694
29.7218
29.6417
29.5971
29.4915
29.5208
29.2568
29.1768
29.1517
29.1263
29.1596
29.2334
29.2133
29.1682
29.1843
29.2707
29.2385
29.2831
29.177
29.25
29.2831
29.1974
29.1715
29.1201
29.2257
29.0305
28.9959
29.0685
29.0172
28.9609
28.9627
28.9531
28.9767
28.8796
28.8624
28.9268
28.915
28.832
28.6575
28.7009
28.6859
28.6905
28.7762
28.7347
28.7295
28.7894
28.7825
28.7358
28.7099
28.6652
28.7411
28.7893
28.7219
28.7546
28.6013
28.6475
28.6168
28.5544
28.537
28.4846
28.5743
28.506
28.3673
28.3488
28.3982
28.4127
28.4739
28.5112
28.5599
28.6082
28.6126
28.6114
28.6378
28.659
28.6607
28.6468
28.6275
28.6685
28.6863
28.6119
28.6124
28.5878
28.5469
28.6184
28.6416
28.6669
28.7033
28.6803
28.6754
28.6512
28.6976
28.637
28.6892
28.7292
28.7468
28.6194
28.6435
28.6754
28.6923
28.7245
28.7213
28.6484
28.5851
28.5148
28.5083
28.5549
28.4677
28.4159
28.4422
28.4156
28.4005
28.2811
28.2777
28.3658
28.3355
28.3426
28.379
28.307
28.3163
28.228
28.1851
28.157
27.9702
28.0084
28.0065
28.0018
27.9604
27.9538
27.9944
27.9857
27.99
27.9886
28.0481
27.9366
27.9341
27.8352
27.8537
27.8635
27.7783
27.8125
27.8666
27.891
27.9592
27.9671
28.028
28.0303
27.9956
27.9295
27.9524
27.9332
27.9048
27.9565
27.9418
27.8791
27.8848
27.8322
27.7666
27.7365
27.7274
27.7753
27.6984
27.6874
27.7857
27.7405
27.7926
27.8114
27.8198
27.8202
27.8769
27.8843
27.8945
27.9355
27.9746
27.9976
27.9855
27.9899
27.9711
27.9971
27.9504
27.927
27.934
27.9436
27.9193
27.926
27.9108
27.972
27.9445
27.8866
27.8917
27.8954
27.8779
27.9533
27.9548
27.9911
28.0262
28.0731
28.019
27.9826
27.9822
28.0326
28.0193
28.0499
28.048
28.1327
28.0917
28.0802
28.1032
28.1238
28.0535
28.0713
27.9395
27.9449
27.9408
27.9608
28.0548
27.9255
28.0153
27.9424
27.938
27.9213
27.9979
28.0931
28.1545
28.0563
27.9772
28.0647
28.1115
28.111
28.1995
28.2042
28.2928
28.3181
28.3724
28.4261
28.5032
28.5175
28.5234
28.5242
28.4733
28.4188
28.4176
28.4418
28.3542
28.3952
28.4178
28.4665
28.4755
28.5092
28.5454
28.5808
28.6217
28.5127
28.534
28.4697
28.5302
28.5668
28.6182
28.5998
28.6544
28.6921
28.75
28.6915
28.6762
28.6905
28.6343
28.6258
28.5909
28.6593
28.7551
28.749
28.7271
28.6059
28.6674
28.6511
28.6749
28.6655
28.6122
28.6355
28.6539
28.6756
28.6409
28.6809
28.7349
28.6876
28.6858
28.709
28.6738
28.5984
28.6055
28.5826
28.5586
28.5839
28.5893
28.5863
28.5451
28.5858
28.4843
28.524
28.4291
28.363
28.4146
28.45
28.4785
28.5258
28.5132
28.4034
28.4308
28.435
28.2848
28.3492
28.3674
28.3474
28.3492
28.3642
28.3801
28.4783
28.4388
28.5192
28.5227
28.4994
28.488
28.4776
28.5001
28.4331
28.4998
28.4818
28.5171
28.6147
28.6213
28.5616
28.576
28.5614
28.5441
28.5804
28.633
28.6992
28.6924
28.6274
28.5964
28.5985
28.6153
28.6074
28.5642
28.5894
28.6062
28.6355
28.6411
28.7142
28.7503
28.692
28.7139
28.7751
28.7273
28.7223
28.7612
28.6765
28.6537
28.6676
28.6999
28.7455
28.7392
28.7908
28.7844
28.8255
28.79
28.711
28.6642
28.698
28.6009
28.6596
28.6754
28.6914
28.6696
28.5996
28.6528
28.5228
28.4763
28.5028
28.5194
28.5245
28.4738
28.5361
28.4642
28.4117
28.4994
28.5494
28.608
28.5592
28.5549
28.5655
28.5701
28.6215
28.6558
28.5723
28.4962
28.5522
28.5942
28.516
28.4462
28.5347
28.5561
28.5122
28.5229
28.5213
28.4737
28.3799
28.4698
28.4711
28.4113
28.4534
28.4723
28.5215
28.5444
28.4266
28.5198
28.4514
28.4868
28.5105
28.551
28.5822
28.5915
28.5926
28.5499
28.4224
28.4225
28.5372
28.5956
28.6145
28.6717
28.5915
28.6363
28.6858
28.6324
28.5248
28.4971
28.5087
28.4914
28.4867
28.4517
28.514
28.5548
28.5681
28.6335
28.6603
28.6805
28.7049
28.7
28.6042
28.575
28.5711
28.5921
28.4831
28.5635
28.5911
28.628
28.6653
28.7126
28.6326
28.6282
28.6219
28.6544
28.7151
28.7587
28.7428
28.7429
28.777
28.7457
28.7011
28.6099
28.675
28.5747
28.6577
28.7053
28.7882
28.8247
28.8417
28.9421
28.9966
29.026
29.0722
29.1096
29.0874
29.0495
29.1318
29.0213
29.082
28.9646
28.9957
29.0742
28.9492
28.8307
28.8296
28.8974
28.8393
28.7951
28.7777
28.7779
28.7199
28.6639
28.5934
28.6067
28.6062
28.4775
28.5135
28.5074
28.5011
28.4993
28.4708
28.4841
28.5465
28.5517
28.5119
28.5305
28.4792
28.4724
28.4524
28.414
28.3879
28.4424
28.4143
28.514
28.5487
28.5763
28.5502
28.5726
28.6058
28.5658
28.5348
28.6067
28.6092
28.6309
28.6493
28.6142
28.6219
28.5477
28.5167
28.5792
28.6292
28.6689
28.6673
28.698
28.7267
28.6939
28.7404
28.6226
28.6107
28.5086
28.4871
28.4426
28.4402
28.4542
28.468
28.4734
28.4884
28.4352
28.3697
28.4435
28.3844
28.348
28.3449
28.3699
28.4088
28.4596
28.4229
28.45
28.481
28.5404
28.5574
28.475
28.4614
28.4433
28.534
28.5085
28.5022
28.569
28.5657
28.6542
28.576
28.5208
28.5457
28.5367
28.602
28.6592
28.6949
28.7047
28.7492
28.6871
28.7624
28.7619
28.797
28.669
28.6959
28.7461
28.7127
28.6742
28.6953
28.6714
28.6989
28.7023
28.7059
28.7102
28.6149
28.6668
28.7069
28.7158
28.6008
28.5888
28.6225
28.6834
28.5722
28.6034
28.5314
28.6022
28.6352
28.624
28.6102
28.6466
28.6453
28.6858
28.6902
28.7824
28.8347
28.7585
28.7962
28.7483
28.7764
28.7426
28.7153
28.6882
28.6759
28.6465
28.7006
28.6781
28.6106
28.6223
28.6324
28.6442
28.6457
28.7168
28.6517
28.6562
28.6387
28.652
28.685
28.7225
28.7122
28.6743
28.7221
28.731
28.7203
28.6919
28.5892
28.5973
28.6186
28.6701
28.6393
28.6166
28.6166
28.5506
28.514
28.5108
28.4772
28.5341
28.5691
28.5314
28.6171
28.6282
28.7033
28.7746
28.8564
28.8901
28.8376
28.9014
28.9627
28.9845
29.067
28.9665
29.0258
29.0173
28.9758
29.0057
28.9954
28.9195
28.9305
28.9038
28.8687
28.7157
28.6588
28.505
28.3884
28.4604
28.4807
28.5711
28.5358
28.4991
28.5386
28.5108
28.4748
28.504
28.4275
28.4899
28.4985
28.4201
28.321
28.3338
28.2555
28.2908
28.336
28.3835
28.4092
28.4498
28.4998
28.4718
28.4686
28.4835
28.467
28.3252
28.3305
28.402
28.4223
28.3143
28.3382
28.3658
28.4348
28.372
28.4081
28.4076
28.3094
28.3255
28.292
28.3493
28.2835
28.301
28.3169
28.271
28.2912
28.3785
28.4554
28.4428
28.4722
28.4562
28.4831
28.4844
28.4238
28.4944
28.5051
28.3518
28.4217
28.4023
28.4265
28.4489
28.4028
28.3813
28.3509
28.3866
28.4039
28.4322
28.453
28.3723
28.442
28.4924
28.5525
28.6603
28.6404
28.5701
28.467
28.4772
28.4744
28.5401
28.5125
28.5211
28.5428
28.5417
28.5949
28.6199
28.5739
28.5952
28.6007
28.452
28.3488
28.388
28.3903
28.4277
28.4497
28.4007
28.4489
28.4192
28.4089
28.4292
28.5129
28.3715
28.2152
28.2548
28.2756
28.3638
28.3901
28.4234
28.3852
28.3434
28.3567
28.41
28.4372
28.373
28.4195
28.4571
28.4945
28.5242
28.4955
28.5393
28.6238
28.6743
28.6828
28.7142
28.5892
28.6159
28.5977
28.6154
28.6463
28.608
28.6986
28.6995
28.6426
28.6537
28.6475
28.6903
28.6936
28.7425
28.7579
28.8414
28.7677
28.812
28.8216
28.7542
28.7044
28.701
28.6122
28.5882
28.5428
28.5379
28.5067
28.5627
28.4075
28.3842
28.4322
28.4849
28.4429
28.5204
28.384
28.2523
28.2482
28.248
28.1239
28.1676
28.1888
28.2038
28.1746
28.0139
28.025
28.056
27.9986
28.009
28.0441
27.9993
28.037
28.0839
28.0604
28.075
28.0183
27.9927
28.0235
28.0066
28.0062
27.957
28.0161
28.0115
27.9553
27.8842
27.8767
27.8126
27.8662
27.8678
27.8862
27.96
28.0236
28.0813
28.1157
28.1305
28.2011
28.2674
28.3074
28.2364
28.1915
28.1796
28.2287
28.2474
28.2459
28.2012
28.2142
28.2329
28.1417
28.0983
28.1241
28.1498
28.1199
28.1271
28.1
28.1068
28.1081
28.1769
28.1691
28.1581
28.1578
28.2528
28.2591
28.2325
28.2811
28.2723
28.2469
28.2677
28.2939
28.3304
28.2746
28.3496
28.3518
28.3109
28.2484
28.1425
28.1203
28.0927
28.1822
28.2612
28.2035
28.2834
28.2683
28.2713
28.3076
28.3799
28.4604
28.4465
28.4448
28.4551
28.3881
28.3946
28.4151
28.3586
28.3248
28.3292
28.3719
28.3438
28.3484
28.3947
28.4645
28.439
28.4964
28.5419
28.6166
28.6686
28.7247
28.7407
28.7539
28.7747
28.6859
28.6894
28.6993
28.7607
28.7816
28.8834
28.8188
28.8532
28.8813
28.8602
28.8158
28.7748
28.8507
28.8223
28.9025
28.9872
28.9205
28.9332
28.8068
28.8243
28.8558
28.8497
28.838
28.8529
28.806
28.7887
28.8318
28.826
28.7371
28.7559
28.7807
28.8514
28.8595
28.763
28.7449
28.7253
28.7231
28.664
28.6989
28.7333
28.7415
28.8383
28.7818
28.8309
28.8004
28.8431
28.8057
28.6875
28.7025
28.6085
28.6327
28.6306
28.6342
28.5756
28.5553
28.4421
28.4179
28.4209
28.4201
28.4462
28.4543
28.4854
28.4634
28.4849
28.4505
28.544
28.4916
28.5183
28.5024
28.5465
28.5736
28.5127
28.4851
28.5364
28.4202
28.4028
28.3549
28.3105
28.3581
28.3909
28.3048
28.2875
28.3409
28.3534
28.3599
28.332
28.3767
28.3473
28.3672
28.43
28.3127
28.3236
28.3166
28.2955
28.281
28.2658
28.2464
28.2579
28.2971
28.3311
28.2499
28.3283
28.2748
28.2341
28.185
28.2391
28.2687
28.1023
28.1823
28.1949
28.2643
28.2292
28.1153
28.1932
28.1548
28.2281
28.2384
28.2203
28.2814
28.2983
28.36
28.2095
28.2111
28.2213
28.2394
28.2399
28.2736
28.2842
28.2782
28.3187
28.2792
28.305
28.3076
28.3013
28.2317
28.2669
28.334
28.3795
28.2981
28.283
28.2499
28.1919
28.1755
28.2222
28.1991
28.2056
28.2577
28.3021
28.3737
28.3832
28.3261
28.3335
28.3404
28.3465
28.4453
28.4627
28.4079
28.4499
28.3366
28.3775
28.371
28.3828
28.3459
28.3145
28.3804
28.3677
28.453
28.491
28.4907
28.4472
28.4451
28.4475
28.4528
28.4556
28.4756
28.4307
28.4022
28.3307
28.322
28.4139
28.4083
28.4419
28.4401
28.4739
28.3932
28.4014
28.3787
28.4516
28.4541
28.4433
28.4306
28.3783
28.3532
28.3053
28.3602
28.3635
28.3788
28.4152
28.4505
28.4011
28.331
28.3455
28.2829
28.2589
28.1617
28.1621
28.0879
28.0713
28.1067
28.1381
28.0212
28.0177
28.0602
28.1021
28.1662
28.1763
28.0363
28.0244
27.9718
27.9509
27.909
27.9248
27.9021
27.9462
27.888
27.9339
27.8419
27.8848
27.8699
27.908
27.9299
27.8749
27.9329
27.9893
28.0377
28.0624
27.9868
27.9738
27.9839
28.0544
28.0362
28.0649
28.1269
28.1328
28.185
28.2232
28.2278
28.2274
28.1768
28.0912
28.1336
28.1956
28.1822
28.1701
28.0615
28.0175
28.0293
28.0537
28.0688
28.0326
28.0342
28.0444
28.0556
28.0939
28.0884
28.174
28.1973
28.2543
28.2723
28.2505
28.2136
28.1953
28.1764
28.1228
28.0914
28.0697
28.0829
28.1252
28.071
27.9423
27.9112
27.8491
27.8174
27.7203
27.7451
27.6127
27.6675
27.6856
27.5999
27.5869
27.5889
27.6156
27.6469
27.6662
27.6213
27.6492
27.5787
27.6067
27.6183
27.6772
27.6848
27.6976
27.7587
27.6977
27.7133
27.7365
27.7706
27.6849
27.6921
27.7515
27.8412
27.7957
27.7584
27.8576
27.8957
27.9562
27.9512
27.9509
28.0203
28.1057
28.1429
28.0863
28.0547
28.0282
27.9978
27.9757
28.0043
27.9765
27.9787
28.0283
28.0472
28.0241
28.0052
28.0835
28.0656
28.038
28.0773
28.1241
28.2012
28.2484
28.2565
28.2574
28.2527
28.276
28.3339
28.2713
28.2668
28.3064
28.4066
28.4539
28.5027
28.4822
28.5692
28.5977
28.5741
28.595
28.5354
28.4805
28.5029
28.4893
28.4891
28.5102
28.5909
28.5919
28.5462
28.5368
28.5221
28.5646
28.6111
28.6605
28.661
28.6328
28.6133
28.6062
28.6064
28.6509
28.628
28.6685
28.6082
28.6335
28.6864
28.6686
28.706
28.69
28.6723
28.6551
28.6831
28.6271
28.7025
28.7746
28.6729
28.713
28.7139
28.666
28.744
28.7383
28.7362
28.6513
28.7015
28.7197
28.6567
28.7075
28.7841
28.8233
28.8328
28.7765
28.796
28.8447
28.7656
28.8035
28.8403
28.897
28.8446
28.8892
28.849
28.918
28.8912
28.8875
28.8954
28.8915
28.7102
28.7883
28.829
28.7645
28.8092
28.8112
28.8192
28.8225
28.8716
28.8924
28.7476
28.6791
28.7224
28.7444
28.7544
28.8153
28.8555
28.8558
28.8656
28.8795
28.8349
28.7578
28.6735
28.5885
28.6067
28.6476
28.6032
28.6105
28.611
28.6339
28.6669
28.5806
28.5103
28.4833
28.4495
28.4679
28.2618
28.25
28.2006
28.168
28.1999
28.3106
28.2084
28.135
28.1423
28.1105
28.1576
28.1821
28.2078
28.2121
28.1481
28.0982
28.0534
28.0349
28.0791
28.0254
28.0093
28.0695
28.0358
28.0829
28.0755
28.1125
28.0637
27.9528
27.9777
27.9273
27.9265
27.9918
27.9819
27.9856
27.9981
28.0056
28.0124
27.9206
27.7974
27.7217
27.7218
27.7302
27.7125
27.7454
27.7729
27.8149
27.8782
27.907
27.936
27.916
27.9198
27.9403
27.972
28.0243
28.0735
28.0984
28.0992
28.0913
28.0569
27.9643
27.8588
27.7882
27.7926
27.8195
27.7188
27.7557
27.8088
27.8428
27.9193
27.8468
27.875
27.8728
27.8181
27.7362
27.7349
27.7216
27.7444
27.7189
27.6787
27.5945
27.5547
27.6001
27.6328
27.6314
27.6361
27.6355
27.6057
27.5327
27.5656
27.5111
27.5064
27.4845
27.4667
27.4667
27.4749
27.5403
27.6045
27.5853
27.6396
27.6562
27.6176
27.6931
27.6872
27.7152
27.697
27.6934
27.7804
27.8066
27.8747
27.8708
27.9019
27.9013
27.8609
27.9077
27.8865
27.9406
27.959
28.013
27.9693
28.0122
27.9832
27.9744
27.8603
27.7763
27.8691
27.898
27.8891
27.9007
27.9477
27.8664
27.8983
27.9298
27.9525
27.9956
28.0369
28.0004
27.974
28.0371
27.9992
28.0352
28.0005
28.0343
28.075
28.1142
28.1418
28.1258
28.1321
28.1318
28.1233
28.0954
28.0741
27.9766
27.9112
27.9391
27.9632
27.9889
28.018
28.1046
28.0443
28.0176
28.0773
28.0658
28.0469
28.0631
28.1454
28.1872
28.2469
28.1865
28.2165
28.2841
28.3561
28.3247
28.2011
28.1636
28.2212
28.2261
28.2873
28.3138
28.3961
28.4016
28.4087
28.2497
28.2883
28.2746
28.2826
28.299
28.3175
28.334
28.3051
28.2378
28.1374
28.1491
28.1202
28.1575
28.1375
28.1523
28.2231
28.3076
28.2028
28.1905
28.2039
28.1386
28.2086
28.1407
28.1175
28.0309
27.9244
27.9188
27.9266
27.8135
27.7023
27.7183
27.7671
27.7644
27.7122
27.7357
27.7633
27.592
27.5603
27.5737
27.6457
27.6438
27.6953
27.6943
27.7518
27.7238
27.6913
27.7375
27.7562
27.6885
27.7083
