23.8281
2.05877
0.218699
2.33627
0.237556
0.0482716
2.45961
0.260204
0.0438197
2.55205
0.254321
0.0502429
2.74404
0.289076
0.0498393
2.86262
0.285515
0.054618
2.95376
0.297042
0.0460259
3.02467
0.287278
0.0575149
3.12699
0.3052
0.0457613
3.20563
0.317778
0.0494883
3.29064
0.321559
0.0540734
3.37834
0.338274
0.0540237
3.4347
0.342234
0.0511844
3.51556
0.350486
0.0595292
3.58339
0.340285
0.0612121
3.61203
0.342973
0.0589402
3.64805
0.358806
0.0544398
3.70339
0.370015
0.0632881
3.78432
0.368084
0.0515745
3.83833
0.388092
0.0561104
3.89833
0.371785
0.061552
3.92952
0.376618
0.0507861
3.97438
0.384255
0.0477756
4.00471
0.402198
0.0679724
4.02607
0.389241
0.0665449
4.04925
0.400839
0.0644242
4.09957
0.410266
0.0568587
4.1226
0.400732
0.0628851
4.13142
0.392225
0.052494
4.16362
0.410146
0.0635921
4.19383
0.401299
0.0663631
4.21566
0.411714
0.0635278
4.22823
0.406803
0.0629575
4.23688
0.425295
0.0683544
4.26722
0.417279
0.0567404
4.27404
0.418093
0.0601611
4.27713
0.416712
0.068638
4.29111
0.411384
0.0634387
4.31665
0.410057
0.0765709
4.33269
0.420132
0.0598255
4.35324
0.419932
0.0762836
4.37412
0.431466
0.0669951
4.38399
0.428182
0.0695683
4.3944
0.427927
0.0630419
4.38843
0.423968
0.0604289
4.40153
0.437135
0.0665243
4.41674
0.435129
0.0771229
4.41357
0.442271
0.0749933
4.41807
0.425973
0.0674789
4.42913
0.433526
0.0789124
4.41931
0.423846
0.0682269
4.42166
0.445493
0.0730707
4.44003
0.436302
0.0565792
4.45191
0.435816
0.0720926
4.47615
0.442818
0.0689683
4.46799
0.441474
0.0592996
4.46476
0.437804
0.0679756
4.47568
0.427458
0.0530027
4.47395
0.444208
0.0618099
4.47645
0.438386
0.0700918
4.50498
0.446154
0.0628724
4.4914
0.436294
0.0696554
4.49141
0.435535
0.0654459
4.50393
0.440345
0.0659019
4.51033
0.441076
0.0611965
4.51019
0.431399
0.0670976
4.51563
0.428193
0.069158
4.5232
0.439974
0.0663228
4.53379
0.440597
0.0619734
4.52268
0.447096
0.069931
4.5227
0.444148
0.0742862
4.53137
0.460569
0.0583787
4.53295
0.444144
0.0739816
4.53205
0.438722
0.0627661
4.53625
0.442218
0.0720401
4.52581
0.439278
0.0605695
4.53754
0.444572
0.065481
4.53412
0.43155
0.0663301
4.53246
0.446718
0.0750017
4.52407
0.441164
0.0788445
4.52851
0.439136
0.0642376
4.53413
0.437001
0.080551
4.52819
0.444089
0.0683638
4.5352
0.451772
0.082282
4.54643
0.441218
0.0687096
4.546
0.449926
0.0658518
4.5385
0.439764
0.064186
4.54341
0.455581
0.0697821
4.55452
0.450215
0.0766883
4.54711
0.450505
0.0541036
4.5429
0.452281
0.0823488
4.54414
0.441651
0.0700274
4.55161
0.445853
0.0694659
4.54995
0.444455
0.0756657
4.54367
0.44734
0.0783649
4.55585
0.437125
0.0601115
4.54954
0.437112
0.0614632
4.55624
0.446604
0.0618963
4.54809
0.441777
0.0658946
4.54513
0.44263
0.0807299
4.5612
0.438219
0.073571
4.5503
0.439515
0.0697473
4.55886
0.449453
0.0616474
4.54941
0.449208
0.0612969
4.55008
0.449523
0.070306
4.54983
0.453621
0.0717853
4.54645
0.448129
0.0640083
4.54485
0.44785
0.072486
4.56169
0.433838
0.0785006
4.5491
0.441233
0.0755149
4.53917
0.443555
0.070046
4.56199
0.438883
0.0729262
4.54376
0.437929
0.0669375
4.55247
0.442268
0.0652871
4.55985
0.438063
0.068079
4.54543
0.448817
0.0722703
4.54786
0.43216
0.0577965
4.55184
0.444084
0.071403
4.56929
0.440002
0.0668609
4.54694
0.441508
0.0724638
4.55815
0.439719
0.0632925
4.55465
0.439285
0.0707914
4.55175
0.438007
0.0725413
4.55196
0.440673
0.0611116
4.55017
0.442283
0.0685484
4.54472
0.438221
0.0796548
4.56032
0.439784
0.0826955
4.53968
0.444281
0.0843422
4.5459
0.439878
0.0831816
4.54954
0.44819
0.0667016
4.54991
0.451268
0.0735991
4.54997
0.448709
0.0663026
4.55186
0.438433
0.0622448
4.55624
0.451917
0.0722894
4.55058
0.439784
0.0702788
4.54761
0.446357
0.0779978
4.54671
0.435461
0.0637189
4.55626
0.436116
0.0727827
4.54548
0.440027
0.0692528
4.55481
0.453734
0.0662161
4.54412
0.434543
0.0701834
4.5493
0.439482
0.078154
4.55048
0.440357
0.0690655
4.55285
0.446277
0.0558987
4.54651
0.437126
0.0705794
4.55293
0.447818
0.0818062
4.55005
0.448395
0.0664255
4.55363
0.437471
0.0751903
4.54963
0.448521
0.072074
4.54378
0.433065
0.0738684
4.55831
0.435974
0.0747801
4.54642
0.434959
0.0667278
4.54214
0.450374
0.0816512
4.54726
0.442623
0.0665152
4.56185
0.436648
0.0709507
4.55821
0.443925
0.080783
4.55228
0.452637
0.0744346
4.54724
0.430953
0.0701635
4.55142
0.445816
0.0654343
4.54818
0.445852
0.0859877
4.54335
0.447349
0.0690062
4.53715
0.433763
0.0728059
4.54798
0.435575
0.0783926
4.54215
0.438698
0.0659006
4.54222
0.441627
0.0678211
4.55543
0.446746
0.0803886
4.55502
0.457655
0.0675099
4.55515
0.442681
0.0758249
4.54678
0.45787
0.0805632
4.54633
0.442757
0.0678484
4.54219
0.439046
0.0690389
4.54078
0.43791
0.0722429
4.54372
0.4414
0.0816459
4.55173
0.435776
0.0732863
4.55397
0.432269
0.0653689
4.56444
0.444532
0.0717139
4.54761
0.44876
0.0610106
4.55528
0.442367
0.061997
4.54797
0.44678
0.0794618
4.56348
0.455439
0.0698162
4.54372
0.434441
0.0709317
4.55085
0.433992
0.0848121
4.54441
0.442812
0.058814
4.55255
0.443303
0.0768685
4.5368
0.439803
0.0664602
4.55065
0.432037
0.0690329
4.55609
0.4251
0.0608043
4.55522
0.441786
0.0560847
4.55011
0.438602
0.0647289
4.55271
0.453882
0.0727889
4.54648
0.452338
0.0668558
4.55198
0.436316
0.0640024
4.54681
0.446522
0.0738155
4.54577
0.441546
0.0691075
4.53817
0.43289
0.0692187
4.553
0.438886
0.0622588
4.56505
0.448561
0.0723703
4.54996
0.435078
0.074258
4.54306
0.454212
0.0657363
4.54041
0.443598
0.0722677
4.5465
0.446674
0.0622334
4.54113
0.440406
0.0654378
4.55544
0.45072
0.0684037
4.55315
0.440292
0.0701498
4.54898
0.442435
0.0713908
4.55192
0.451182
0.0627014
4.54849
0.432468
0.0749023
4.54665
0.442486
0.0849292
4.53659
0.437954
0.0704995
4.55193
0.448927
0.0857233
4.5486
0.440641
0.0808798
4.55506
0.446414
0.0850203
4.55242
0.447489
0.0758797
4.54804
0.443694
0.0674042
4.54078
0.444443
0.0619079
4.55498
0.436506
0.0671571
4.54106
0.429283
0.0707032
4.54252
0.428218
0.0759583
4.54286
0.441234
0.0718086
4.55737
0.434338
0.0597548
4.5484
0.448543
0.0708194
4.54617
0.436715
0.066717
4.55156
0.445551
0.0729984
4.54136
0.440938
0.0700506
4.55005
0.437749
0.0806185
4.54919
0.447561
0.0607003
4.54728
0.446243
0.0677286
4.54911
0.431302
0.0678795
4.55475
0.442043
0.067039
4.54335
0.440225
0.0643996
4.56423
0.448343
0.076999
4.54151
0.43649
0.075987
4.55973
0.437467
0.0730033
4.552
0.440578
0.0654038
4.54526
0.437426
0.0724685
4.56016
0.435971
0.0682425
4.54729
0.441571
0.0721563
4.55098
0.440306
0.0679697
4.53867
0.445318
0.0694967
4.5472
0.444387
0.0671809
4.54428
0.434608
0.0715343
4.55002
0.443447
0.0633652
4.55136
0.435842
0.0612192
4.54271
0.449733
0.0774539
4.54993
0.446958
0.0662179
4.55094
0.448364
0.0612104
4.54809
0.436114
0.0655478
4.54478
0.445584
0.0590572
4.54602
0.446562
0.072711
4.55744
0.438749
0.0629067
4.54962
0.438146
0.0699545
4.54897
0.449706
0.064984
4.54305
0.439371
0.0688402
4.54585
0.444959
0.0727983
4.54818
0.448651
0.0756215
4.55186
0.433975
0.076202
4.5573
0.447551
0.0795825
4.54429
0.430757
0.0682013
4.54965
0.444418
0.0721279
4.54717
0.437988
0.0766037
4.55513
0.450514
0.0684234
4.55881
0.442865
0.0609758
4.55926
0.432802
0.0736831
4.53841
0.444748
0.0758838
4.54734
0.454946
0.0614015
4.53799
0.450297
0.0892481
4.53987
0.443809
0.0784229
4.54541
0.445941
0.0623496
4.55232
0.430184
0.0620169
4.551
0.434135
0.0578009
4.55222
0.444031
0.0606934
4.54996
0.444401
0.0721476
4.55164
0.439659
0.0809586
4.54587
0.454115
0.0706945
4.5361
0.445203
0.0641943
4.5421
0.446137
0.0767189
4.54982
0.453339
0.0712378
4.54952
0.429012
0.0607572
4.55226
0.43416
0.0723283
4.54536
0.449854
0.0680411
4.56056
0.456661
0.0721587
4.54331
0.433541
0.0719678
4.54298
0.447612
0.0737815
4.54779
0.459865
0.0635294
4.54718
0.440306
0.0658805
4.54102
0.449205
0.0699892
4.55136
0.447731
0.0700477
4.54865
0.450827
0.0719344
4.55408
0.444835
0.0848956
4.53767
0.435032
0.0656436
4.53987
0.445117
0.0664521
4.54551
0.444961
0.0786507
4.55034
0.445402
0.0678915
4.54867
0.435438
0.0701016
4.54565
0.442036
0.0671466
4.54169
0.446185
0.058813
4.54713
0.450188
0.0749453
4.55012
0.443499
0.0703217
4.5483
0.443803
0.0709688
4.54599
0.442125
0.0742207
4.54192
0.428869
0.0638156
4.53995
0.429313
0.0723903
4.54673
0.430388
0.0684198
4.55088
0.43719
0.0635357
4.54693
0.445542
0.0683386
4.55243
0.441467
0.081312
4.55751
0.438585
0.0658205
4.55786
0.444975
0.0675832
4.54698
0.44257
0.0706247
4.54231
0.43679
0.0570712
4.54506
0.440108
0.0633064
4.54292
0.445883
0.0648423
4.535
0.453637
0.0770267
4.5514
0.435727
0.0697942
4.54793
0.435982
0.0684915
4.54357
0.437629
0.0729523
4.54156
0.443626
0.0763114
4.54731
0.442995
0.0747828
4.54483
0.444031
0.0688368
4.54763
0.434038
0.0779306
4.56009
0.455019
0.0686934
4.55127
0.435474
0.0736936
4.55912
0.445198
0.0807511
4.54508
0.442473
0.0692238
4.54973
0.435283
0.0640282
4.54781
0.444106
0.0774483
4.54493
0.433469
0.0597456
4.54843
0.437177
0.0774698
4.54104
0.442662
0.0632673
4.54913
0.442707
0.0668732
4.54405
0.430089
0.0570034
4.54526
0.455679
0.0671486
4.5394
0.4415
0.0726057
4.56738
0.443111
0.0800832
4.55039
0.440999
0.0793731
4.54212
0.43728
0.0648512
4.54589
0.442348
0.0723107
4.54245
0.429681
0.0634937
4.54099
0.446178
0.0675497
4.54565
0.443439
0.0740437
4.55619
0.43871
0.0648202
4.54239
0.440697
0.0704151
4.55479
0.437677
0.0790131
4.54139
0.448992
0.0572413
4.54644
0.438134
0.0669501
4.56253
0.458103
0.0674978
4.54683
0.445933
0.0589994
4.56244
0.438703
0.0801481
4.54633
0.446403
0.0692867
4.55624
0.446042
0.0647896
4.5445
0.443261
0.0792817
4.54971
0.43691
0.066118
4.55138
0.435455
0.0644458
4.54424
0.443271
0.0668519
4.549
0.454413
0.0670096
4.55868
0.438036
0.0511667
4.54855
0.435887
0.0733097
4.55006
0.439871
0.0674306
4.55012
0.441547
0.0628764
4.54468
0.440969
0.0705261
4.54375
0.442458
0.0587109
4.54922
0.444965
0.0665102
4.55127
0.429557
0.0684566
4.54196
0.452351
0.0699218
4.53979
0.438423
0.0687452
4.54293
0.44989
0.0706342
4.55596
0.459451
0.0637274
4.5483
0.441968
0.0638373
4.54641
0.441669
0.0690239
4.54983
0.439645
0.0696565
4.55564
0.440214
0.0732674
4.54787
0.451291
0.0819134
4.55687
0.429587
0.0678686
4.54908
0.444644
0.0753415
4.56531
0.454383
0.0771148
4.54859
0.437558
0.069155
4.55041
0.453444
0.065901
4.54803
0.444329
0.0710327
4.55808
0.438628
0.0678651
4.54498
0.450596
0.0688926
4.56524
0.445505
0.071826
4.56115
0.441911
0.070958
4.54727
0.446698
0.0625012
4.54245
0.435261
0.0541444
4.5439
0.44566
0.0774583
4.54443
0.434097
0.0733763
4.54108
0.43999
0.0629883
4.55915
0.428453
0.0611056
4.53969
0.441768
0.0794041
4.542
0.442632
0.0684624
4.55377
0.439064
0.0703138
4.54727
0.448744
0.0665223
4.54436
0.455647
0.0706823
4.55312
0.43115
0.0693068
4.5422
0.440143
0.0622862
4.56397
0.441156
0.063968
4.54709
0.45145
0.0691328
4.54204
0.437079
0.0843711
4.55354
0.444103
0.0698003
4.53821
0.425719
0.0625832
4.54559
0.44446
0.0704208
4.54329
0.44838
0.0780288
4.55116
0.450331
0.0712918
4.55563
0.438115
0.0618727
4.54806
0.439158
0.0697508
4.54301
0.433622
0.0715323
4.55326
0.434844
0.0686239
4.54994
0.453486
0.0637085
4.55003
0.43726
0.0700278
4.55452
0.452321
0.0787132
4.54817
0.451862
0.0648338
4.54602
0.448916
0.0620775
4.54325
0.444302
0.0665202
4.54153
0.443034
0.0697085
4.54672
0.449431
0.064349
4.54872
0.453241
0.0704196
4.53673
0.445249
0.0831186
4.5551
0.450805
0.0688246
4.54985
0.454308
0.0717465
4.54942
0.449319
0.0697667
4.549
0.452532
0.064142
4.55316
0.44315
0.0665774
4.54715
0.452481
0.0783007
4.54818
0.44072
0.0677253
4.56019
0.449339
0.0713424
4.53847
0.440062
0.0709172
4.5613
0.44498
0.0818987
4.54414
0.442186
0.0727665
4.53542
0.454186
0.0774182
4.54687
0.441185
0.080025
4.54981
0.452308
0.0698763
4.5493
0.441084
0.0702933
4.54672
0.443126
0.0773306
4.55515
0.440707
0.0725965
4.55003
0.437937
0.0722169
4.56218
0.429348
0.0779841
4.5513
0.457424
0.069196
4.54778
0.438731
0.0669834
4.55166
0.443164
0.0617089
4.54157
0.447573
0.0730588
4.55812
0.443885
0.0637911
4.55433
0.436323
0.0624216
4.54065
0.447432
0.0658667
4.54963
0.458877
0.0667353
4.54999
0.442898
0.0735139
4.55837
0.457906
0.0738714
4.54457
0.439967
0.0619721
4.55425
0.447004
0.069003
4.55392
0.433827
0.064029
4.54981
0.446274
0.0767249
4.55242
0.436917
0.069172
4.54522
0.452558
0.0636019
4.55442
0.438434
0.0704008
4.55251
0.435574
0.0764124
4.54642
0.444925
0.0592905
4.54952
0.445445
0.070976
4.56096
0.444509
0.0693148
4.54871
0.43511
0.0774617
4.55052
0.42804
0.0753744
4.54125
0.444376
0.0724149
4.5596
0.452169
0.0602239
4.56085
0.439737
0.0627709
4.54496
0.43476
0.0779481
4.55026
0.435627
0.0624632
4.54176
0.441141
0.0660144
4.54545
0.429916
0.0648543
4.53084
0.44669
0.0712699
4.54798
0.447356
0.0691735
4.54933
0.445618
0.0689531
4.5416
0.445282
0.0729558
4.53718
0.429511
0.0737839
4.56117
0.447696
0.0686776
4.55031
0.427053
0.0602948
4.54447
0.457009
0.0675978
4.55013
0.440445
0.0626107
4.54629
0.43944
0.0650186
4.54136
0.434709
0.0738373
4.5485
0.432572
0.071387
4.55307
0.443225
0.0718879
4.55822
0.442022
0.0729706
4.54557
0.43762
0.0572812
4.53925
0.436583
0.0625118
4.55256
0.435972
0.0715391
4.55383
0.442137
0.063198
4.55197
0.452424
0.0681376
4.54332
0.435971
0.0788104
4.55644
0.447748
0.0671341
4.54836
0.452591
0.0642562
4.54374
0.449232
0.0671933
4.5526
0.441634
0.0630476
4.5444
0.433697
0.0662915
4.55406
0.438474
0.0651775
4.54161
0.439955
0.0709386
4.54655
0.439505
0.0665574
4.5405
0.444393
0.0842888
4.55603
0.44596
0.064002
4.54472
0.442667
0.0675471
4.5591
0.46173
0.0781613
4.55456
0.449634
0.0757644
4.55729
0.451702
0.0681713
4.54169
0.444033
0.0831575
4.56939
0.433826
0.0892127
4.55569
0.435721
0.0665688
4.54832
0.444341
0.0752743
4.55566
0.445755
0.0577997
4.56823
0.451077
0.0673341
4.54296
0.436546
0.0660079
4.54458
0.451121
0.0689625
4.55247
0.442816
0.0736681
4.54919
0.437495
0.0677308
4.54798
0.440107
0.0727152
4.54844
0.443285
0.0755289
4.5574
0.45778
0.0678688
4.54214
0.440602
0.0594579
4.55235
0.455473
0.0618037
4.55249
0.457914
0.0799805
4.547
0.442998
0.0705289
4.54353
0.445598
0.076822
4.55108
0.433271
0.0755082
4.55295
0.441331
0.0781048
4.53656
0.442234
0.0664602
4.54331
0.438303
0.0669779
4.54185
0.456957
0.0702656
4.54551
0.442621
0.0737025
4.5471
0.443029
0.0869233
4.55711
0.451047
0.08069
4.54263
0.432211
0.0661676
4.5528
0.443794
0.0778749
4.55685
0.44763
0.0692514
4.54009
0.440957
0.0743814
4.54782
0.433049
0.0660605
4.54636
0.438232
0.0661005
4.54407
0.448995
0.0689735
4.54853
0.437727
0.0720621
4.54317
0.43969
0.0726156
4.54276
0.438655
0.0814015
4.5439
0.430768
0.0582653
4.54278
0.443683
0.0734412
4.54148
0.434369
0.0656359
4.54475
0.451175
0.072279
4.55234
0.443568
0.0670185
4.55388
0.44457
0.0735098
4.53814
0.436832
0.0758631
4.54249
0.440931
0.0654749
4.5505
0.441342
0.0719752
4.53791
0.460065
0.0613641
4.54344
0.438516
0.0668172
4.55222
0.44593
0.0692645
4.54554
0.443632
0.0585198
4.54429
0.441484
0.0630031
4.54192
0.430982
0.0642417
4.55643
0.438742
0.0637231
4.54935
0.447166
0.06142
4.54259
0.439471
0.0646601
4.54092
0.462514
0.0763441
4.54174
0.432219
0.0676797
4.54552
0.44122
0.0652033
4.5603
0.444751
0.0678483
4.55019
0.438554
0.0738881
4.54449
0.442559
0.0609726
4.54251
0.443125
0.0721611
4.54023
0.437908
0.0832688
4.54655
0.450084
0.072376
4.54597
0.443261
0.0740489
4.54455
0.438323
0.0701067
4.55895
0.439538
0.070486
4.54662
0.453936
0.0698714
4.54233
0.448468
0.0686678
4.54564
0.451004
0.0629078
4.54878
0.43833
0.0697423
4.54612
0.443625
0.0625413
4.54686
0.439988
0.0714156
4.54255
0.440103
0.0739232
4.55895
0.44568
0.0609077
4.54901
0.445031
0.0637169
4.55034
0.435779
0.0615732
4.54732
0.430821
0.0671394
4.54585
0.439166
0.0685906
4.56739
0.440187
0.0749345
4.54621
0.431737
0.0689692
4.55555
0.437531
0.0665526
4.55238
0.442842
0.0752307
4.54696
0.438349
0.060092
4.54629
0.444662
0.0718432
4.54882
0.434266
0.0650883
4.53452
0.445806
0.0664538
4.55564
0.442637
0.0717411
4.5425
0.43165
0.0606886
4.54892
0.429727
0.0684656
4.54318
0.426705
0.071132
4.5533
0.442876
0.068476
4.53815
0.442427
0.0668651
4.55241
0.445084
0.0728364
4.55814
0.452814
0.0794661
4.55086
0.456213
0.0745117
4.5438
0.435453
0.0653379
4.54494
0.447734
0.0679105
4.54845
0.456108
0.0608216
4.54645
0.440591
0.0665002
4.53961
0.436228
0.0757331
4.53803
0.441933
0.0645078
4.54616
0.439922
0.0599787
4.53998
0.447867
0.0713934
4.55272
0.443133
0.0654593
4.55145
0.452146
0.0763681
4.54985
0.444485
0.0823975
4.53842
0.444069
0.086697
4.55598
0.448922
0.0668606
4.55019
0.448253
0.0671347
4.54869
0.427571
0.0685496
4.54781
0.443008
0.0649506
4.54183
0.445409
0.0707819
4.54438
0.449166
0.0795127
4.55075
0.433339
0.0766934
4.54055
0.435524
0.0799636
4.55144
0.435021
0.0670672
4.55051
0.432816
0.0659881
4.54475
0.43804
0.0697825
4.55303
0.441101
0.0632371
4.55062
0.442488
0.0649723
4.55611
0.434821
0.0714196
4.5407
0.441444
0.0593503
4.54867
0.442807
0.0632689
4.5544
0.447864
0.069043
4.54317
0.440169
0.064675
4.55847
0.450558
0.0878839
4.56224
0.438159
0.0623275
4.54724
0.450329
0.0671026
4.56243
0.444256
0.0650683
4.56407
0.439589
0.0851346
4.56373
0.44373
0.0655324
4.5397
0.44488
0.068046
4.55726
0.447398
0.0599094
4.54208
0.446792
0.0629383
4.54526
0.440975
0.0752556
4.56215
0.441478
0.0710624
4.54994
0.444068
0.0747472
4.55596
0.442713
0.0635263
4.54601
0.44794
0.0676923
4.55322
0.440789
0.0710061
4.55345
0.445304
0.0775665
4.54383
0.452402
0.068681
4.55432
0.4416
0.0676143
4.54182
0.438204
0.0586145
4.55374
0.443185
0.0814311
4.54866
0.429511
0.0504779
4.54711
0.432387
0.0726748
4.54738
0.436526
0.061699
4.54958
0.440562
0.0875001
4.55116
0.448631
0.0682599
4.54739
0.438618
0.0727531
4.54963
0.445267
0.0721634
4.56198
0.448122
0.0664491
4.55319
0.433715
0.0774531
4.54345
0.438838
0.0588618
4.54196
0.454145
0.0743756
4.54359
0.436141
0.0657562
4.54461
0.440139
0.0757598
4.55476
0.447606
0.071486
4.547
0.440482
0.0671607
4.55344
0.458091
0.0648182
4.55372
0.441936
0.076401
4.54666
0.43698
0.0700546
4.54807
0.432419
0.076023
4.5481
0.439071
0.0698508
4.54029
0.439448
0.0642255
4.55369
0.441581
0.0680015
4.54845
0.450535
0.0732333
4.53612
0.446045
0.0629587
4.55091
0.425891
0.0638629
4.54644
0.446647
0.0684759
4.54787
0.449285
0.0731686
4.54069
0.438023
0.0647987
4.55146
0.445085
0.0632061
4.54787
0.446321
0.0684906
4.54824
0.434058
0.0682681
4.54011
0.453048
0.0787091
4.55069
0.449561
0.0623769
4.55065
0.45039
0.0759124
4.54893
0.438366
0.0578561
4.5471
0.435908
0.0654554
4.54681
0.436399
0.0644358
4.54933
0.44658
0.0681818
4.54397
0.438546
0.0726393
4.54426
0.436815
0.0748421
4.55009
0.435853
0.0707296
4.54499
0.443144
0.0652193
4.543
0.433128
0.0728084
4.54461
0.444993
0.0737921
4.55471
0.442528
0.0781476
4.54714
0.454187
0.0768148
4.55447
0.457715
0.065511
4.55395
0.453372
0.0881101
4.55104
0.434974
0.0672146
4.5578
0.451377
0.0781807
4.55413
0.449502
0.0715054
4.54574
0.434516
0.0733983
4.53864
0.444139
0.0643719
4.54781
0.436937
0.06385
4.53926
0.446457
0.0625542
4.55344
0.439078
0.0701468
4.55266
0.437599
0.0755385
4.55208
0.443288
0.0628376
4.54982
0.439214
0.0748786
4.54317
0.440538
0.0659763
4.5454
0.435472
0.0652993
4.54651
0.453906
0.0736389
4.54291
0.442595
0.0584224
4.53822
0.442826
0.0653496
4.54899
0.446243
0.056249
4.55474
0.446093
0.0657614
4.54544
0.460534
0.0610887
4.54612
0.446392
0.0718587
4.54997
0.441516
0.0564362
4.55939
0.437792
0.0633241
4.54852
0.438025
0.0706214
4.54835
0.439813
0.0627377
4.53844
0.45051
0.0740658
4.5514
0.440562
0.0679623
4.54949
0.433062
0.0686324
4.56676
0.445389
0.0698019
4.55476
0.442741
0.0699064
4.55301
0.430955
0.0699068
4.54183
0.442151
0.0627768
4.54469
0.440748
0.0645456
4.54098
0.461836
0.0744377
4.54031
0.441808
0.0611017
4.54313
0.436876
0.0702233
4.54323
0.441522
0.0749322
4.55379
0.434301
0.0603494
4.54193
0.436801
0.0719941
4.55409
0.453092
0.0773141
4.53893
0.442866
0.072959
4.55397
0.435985
0.0605122
4.54683
0.455487
0.0656733
4.55203
0.442977
0.0668591
4.55948
0.436093
0.0791104
4.53805
0.446085
0.0823602
4.56196
0.452938
0.0673366
4.54823
0.434632
0.0577175
4.54987
0.43678
0.0678084
4.5459
0.446451
0.0805608
4.54211
0.44549
0.0696562
4.54566
0.442742
0.0691222
4.54602
0.437815
0.0689805
4.55147
0.430608
0.071262
4.55564
0.447156
0.0744401
4.54785
0.431015
0.0658983
4.5408
0.443195
0.0843256
4.53756
0.446136
0.0669891
4.55733
0.440831
0.0846895
4.55049
0.450875
0.0744873
4.55007
0.453222
0.0674854
4.54512
0.440087
0.0682787
4.55732
0.442007
0.0811878
4.55345
0.439339
0.0658728
4.54878
0.433818
0.0631705
4.54933
0.450866
0.0699935
4.54215
0.444666
0.0688194
4.54465
0.446299
0.0843932
4.53469
0.453113
0.0627898
4.54927
0.457753
0.0809665
4.5404
0.446794
0.0648096
4.54227
0.436598
0.0614918
4.55991
0.456581
0.066444
4.54442
0.441178
0.0724075
4.54116
0.447495
0.0691378
4.55104
0.449521
0.0799412
4.54824
0.434975
0.0720844
4.55403
0.438999
0.0641849
4.5452
0.441261
0.0781295
4.54382
0.447448
0.0665874
4.54119
0.431321
0.0722933
4.54321
0.444789
0.0640099
4.54942
0.444741
0.0744656
4.54785
0.449852
0.0705289
4.54291
0.449972
0.0668027
4.55111
0.442258
0.0709443
4.55558
0.459171
0.0690094
4.54213
0.433785
0.0642849
4.53903
0.446718
0.0744383
4.54199
0.449383
0.0673882
4.55291
0.450416
0.0741643
4.5493
0.441659
0.0781954
4.55156
0.438867
0.0694592
4.5485
0.449875
0.0638221
4.54797
0.448496
0.0809908
4.55124
0.438614
0.0658376
4.55762
0.450145
0.0737183
4.55393
0.453639
0.0709165
4.55495
0.442191
0.0592616
4.54355
0.440843
0.0707507
4.54772
0.444111
0.0750258
4.54895
0.443405
0.072816
4.55383
0.444199
0.0665219
4.54489
0.444133
0.0689033
4.55178
0.441912
0.0777695
4.54994
0.437087
0.0765691
4.55474
0.436897
0.0842146
4.55061
0.435613
0.0672908
4.54739
0.448111
0.0711567
4.54264
0.439706
0.0797986
4.54823
0.446921
0.0718321
4.54336
0.448771
0.0737988
4.54833
0.440294
0.062763
4.53491
0.445799
0.0733755
4.54545
0.436742
0.0760042
4.54983
0.445011
0.0705081
4.53989
0.428032
0.0674818
4.55866
0.437462
0.065002
4.55003
0.430135
0.0772228
4.5496
0.438639
0.0637586
4.55193
0.451328
0.0727263
4.55299
0.45027
0.0782472
4.54536
0.443452
0.0708527
4.53886
0.441882
0.0634717
4.54619
0.438574
0.06515
4.53933
0.447084
0.0640483
4.53873
0.448598
0.0680025
4.55234
0.447326
0.0777035
4.54407
0.446642
0.0748826
4.54058
0.455528
0.0738017
4.55025
0.442943
0.0740865
4.54476
0.446349
0.0614086
4.5405
0.441341
0.0737275
4.54534
0.444526
0.0750544
4.55409
0.444299
0.0686543
4.54324
0.434933
0.0820943
4.54841
0.46385
0.0747612
4.54333
0.435323
0.0693924
4.54699
0.44459
0.0679939
4.55327
0.45102
0.0704981
4.55908
0.442956
0.0740672
4.55591
0.445235
0.0608132
4.54389
0.450921
0.06539
4.5428
0.444195
0.0714124
4.55017
0.439068
0.0747407
4.54809
0.441773
0.0841181
4.54477
0.438132
0.0682359
4.54501
0.443237
0.0824574
4.55523
0.446073
0.071261
4.54191
0.450502
0.0759452
4.56825
0.446245
0.069991
4.54886
0.439781
0.0627682
4.54876
0.440287
0.0772296
4.55152
0.441058
0.0659848
4.54485
0.447478
0.0791108
4.54806
0.456424
0.0712328
4.54501
0.442448
0.0824305
4.54696
0.452996
0.0805939
4.54677
0.442262
0.0712627
4.54555
0.431551
0.0628554
4.55678
0.444094
0.0769708
4.55569
0.458494
0.0645862
4.55031
0.451725
0.0794631
4.54838
0.440453
0.071866
4.5601
0.430643
0.0713968
4.55495
0.459547
0.0764839
4.5504
0.438393
0.0655661
4.55044
0.44801
0.0748645
4.54554
0.437166
0.0744634
4.54828
0.436222
0.0757555
4.54819
0.450072
0.0705519
4.54934
0.440987
0.084681
4.54453
0.438127
0.0718268
4.54552
0.446156
0.0703527
4.55135
0.45844
0.0635436
4.55138
0.455084
0.0814911
4.54354
0.439939
0.0715189
4.55637
0.437362
0.0747111
4.55304
0.440175
0.0665797
4.54463
0.443356
0.068095
4.55428
0.445656
0.0697057
4.54926
0.444224
0.0648104
4.54595
0.443965
0.064621
4.54048
0.453775
0.0658493
4.5515
0.440622
0.0676353
4.55451
0.443991
0.0599653
4.5479
0.44587
0.055566
4.55518
0.443835
0.0710614
4.55636
0.442681
0.0683103
4.54596
0.451537
0.0669756
4.54453
0.44358
0.0740458
4.56274
0.451848
0.0780384
4.5562
0.441805
0.0660225
4.55072
0.446444
0.0667959
4.54283
0.446104
0.0633633
4.55558
0.453315
0.0685708
4.55176
0.446092
0.0839306
4.54374
0.453019
0.0678401
4.54437
0.437336
0.0814737
4.54669
0.438533
0.0692255
4.54465
0.44221
0.0733867
4.55118
0.427958
0.065585
4.55466
0.446955
0.0688604
4.5487
0.437347
0.0822133
4.54317
0.440667
0.0651801
4.54595
0.44534
0.0664822
4.54809
0.445719
0.074791
4.55359
0.44873
0.0692558
4.55509
0.444435
0.0763285
4.55382
0.441401
0.0576694
4.54782
0.443548
0.0728553
4.55408
0.452323
0.0688479
4.55041
0.443089
0.0828906
4.54359
0.434754
0.078737
4.54214
0.445644
0.0759911
4.54455
0.44368
0.0621253
4.54456
0.445093
0.0665352
4.54514
0.425753
0.0789378
4.55261
0.44286
0.0650739
4.54542
0.448864
0.0649555
4.54516
0.445131
0.0732766
4.55655
0.437969
0.0647179
4.53908
0.443011
0.0726379
4.55066
0.443287
0.0603969
4.54957
0.442697
0.0684828
4.5542
0.445538
0.0807736
4.54246
0.447793
0.0740694
4.54403
0.449922
0.0771314
4.55108
0.42717
0.0588216
4.56304
0.439583
0.0650732
4.54839
0.439992
0.070801
4.55775
0.454924
0.0793354
4.56028
0.439868
0.0788315
4.54656
0.4356
0.0661189
4.54653
0.445729
0.0705621
4.5427
0.439709
0.0614477
4.54678
0.446771
0.0780347
4.55859
0.439642
0.0733696
4.55226
0.449054
0.0694766
4.5502
0.463578
0.0810775
4.55478
0.443031
0.0636019
4.55687
0.447238
0.0645595
4.54094
0.436509
0.0659325
4.54585
0.442793
0.0731921
4.54565
0.432902
0.0676554
4.5405
0.43541
0.0617894
4.5484
0.445127
0.0691038
4.55576
0.448527
0.0611261
4.55626
0.445984
0.0698748
4.54904
0.436442
0.0790195
4.55669
0.427742
0.0636996
4.54818
0.449633
0.0688206
4.54049
0.435634
0.0741304
4.54812
0.448896
0.0762234
4.55082
0.440873
0.0746343
4.54837
0.443245
0.0688421
4.539
0.453391
0.0693329
4.54765
0.44631
0.0725149
4.55261
0.430837
0.0792288
4.54022
0.449506
0.0722976
4.53774
0.440993
0.0688892
4.54313
0.445934
0.0680773
4.56358
0.434785
0.0739711
4.55292
0.445823
0.0710177
4.54138
0.446085
0.0672928
4.55791
0.444843
0.0673706
4.54892
0.451326
0.0608244
4.5422
0.435765
0.0674646
4.55787
0.445481
0.072946
4.54642
0.461964
0.0724086
4.54707
0.441249
0.0742307
4.54713
0.437302
0.090676
4.54771
0.442901
0.0776456
4.5435
0.445351
0.0671598
4.54858
0.43989
0.065423
4.54233
0.440485
0.0620605
4.55107
0.450627
0.0846608
4.5441
0.44085
0.0713597
4.55109
0.436408
0.071479
4.54892
0.46076
0.0777647
4.5444
0.43857
0.0601528
4.54597
0.447383
0.0730479
4.54455
0.42999
0.0641462
4.55351
0.429654
0.0671937
4.55144
0.445192
0.0731809
4.54971
0.446362
0.058218
4.54929
0.44239
0.0745754
4.55794
0.436387
0.0686164
4.54943
0.449836
0.0704055
4.54446
0.457276
0.0722244
4.53763
0.445638
0.0715021
4.54688
0.441102
0.0650204
4.5456
0.448778
0.0768622
4.54394
0.449389
0.071549
4.54691
0.44306
0.0684182
4.54472
0.428036
0.0735696
4.54711
0.443412
0.0717255
4.54345
0.441173
0.0684102
4.54258
0.442379
0.0654111
4.54036
0.453958
0.0772844
4.54736
0.446325
0.0748021
4.55124
0.443999
0.0611482
4.55099
0.430227
0.0546953
4.54262
0.451958
0.0804499
4.54414
0.442265
0.0623993
4.54902
0.450405
0.0621337
4.55104
0.458081
0.0732967
4.54411
0.443341
0.0654729
4.55097
0.445177
0.0601748
4.55548
0.445516
0.0797638
4.541
0.445925
0.0661143
4.54578
0.446172
0.0804575
4.54717
0.447775
0.0778986
4.54076
0.443116
0.0690967
4.54876
0.439913
0.0717352
4.54884
0.444348
0.0591707
4.56309
0.439248
0.0692037
4.54504
0.439494
0.0772283
4.55017
0.44795
0.0815254
4.54714
0.443435
0.0687297
4.54892
0.449775
0.0700405
4.55054
0.443154
0.0771291
4.54988
0.456209
0.0688529
4.54453
0.439019
0.0630973
4.55058
0.438323
0.063076
4.55058
0.448353
0.077301
4.54413
0.438615
0.0698213
4.55032
0.435333
0.0581947
4.54452
0.4606
0.0756801
4.55305
0.438529
0.0697555
4.54446
0.436661
0.077339
4.55388
0.443012
0.0790735
4.54854
0.442234
0.0742164
4.54702
0.45033
0.0669025
4.55503
0.442974
0.0614546
4.54629
0.449485
0.0708737
4.5464
0.441649
0.0627633
4.54023
0.438875
0.061078
4.53883
0.4365
0.0783092
4.55365
0.45582
0.0606408
4.54739
0.436914
0.0839593
4.54517
0.441829
0.0842498
4.55117
0.454759
0.0750612
4.55084
0.435822
0.0700978
4.55688
0.4463
0.0722758
4.54472
0.44574
0.0591054
4.54521
0.449229
0.0685662
4.55143
0.436732
0.0746555
4.54683
0.446503
0.068126
4.55838
0.447168
0.0704485
4.54405
0.446041
0.0706831
4.54921
0.439699
0.0720311
4.55451
0.433767
0.0686884
4.54453
0.447557
0.0827198
4.54727
0.444521
0.0622365
4.55806
0.438375
0.0719691
4.55236
0.448816
0.0707934
4.54753
0.438382
0.0731883
4.55014
0.447859
0.0775222
4.53482
0.439947
0.0682493
4.55213
0.440739
0.0746708
4.55436
0.464908
0.0835045
4.54929
0.446878
0.0608173
4.55571
0.433637
0.0660065
4.54584
0.444698
0.0681827
4.54695
0.450493
0.0697774
4.55795
0.440549
0.067516
4.54449
0.431511
0.0641136
4.54518
0.443483
0.0765749
4.54914
0.451911
0.0788733
4.54843
0.44341
0.073222
4.54493
0.450263
0.0701631
4.53865
0.432137
0.0679499
4.54465
0.437467
0.0778617
4.54785
0.435228
0.0664713
4.54405
0.437689
0.0665612
4.54862
0.433976
0.0626189
4.55147
0.435402
0.0712536
4.5512
0.435028
0.0655137
4.54722
0.449932
0.0734403
4.54936
0.440216
0.0743471
4.54208
0.43853
0.0664117
4.54161
0.439501
0.0772563
4.54816
0.443962
0.0645244
4.55458
0.452389
0.0685458
4.54042
0.442316
0.0655104
4.54932
0.439209
0.0720734
4.54819
0.453125
0.0658956
4.54981
0.446935
0.0691206
4.54677
0.442762
0.0724515
4.5502
0.436493
0.0849084
4.54865
0.443613
0.0743901
4.55582
0.436838
0.070047
4.54432
0.437033
0.0649999
4.53966
0.445543
0.0733077
4.5444
0.446141
0.0571581
4.55
0.450123
0.0682208
4.53555
0.447918
0.0806155
4.54601
0.439354
0.0643161
4.55383
0.45297
0.0652784
4.54504
0.444558
0.0771302
4.54161
0.444782
0.0767065
4.54633
0.445874
0.0757973
4.55587
0.444983
0.0650642
4.54596
0.430881
0.0627003
4.54295
0.453697
0.079575
4.55019
0.449058
0.0685015
4.54717
0.440944
0.0653026
4.55246
0.438751
0.0621536
4.55536
0.442273
0.0693859
4.548
0.442128
0.0769183
4.53911
0.450238
0.0764043
4.53775
0.445538
0.0649725
4.54374
0.440102
0.0690528
4.54799
0.434941
0.0738511
4.55242
0.451027
0.080115
4.55282
0.443157
0.0686607
4.55051
0.449607
0.0725978
4.55708
0.453656
0.0818503
4.5523
0.450629
0.069891
4.55895
0.439363
0.0711376
4.54553
0.444608
0.0703903
4.55501
0.445226
0.0690708
4.54235
0.448095
0.0642167
4.55131
0.435628
0.0719122
4.54288
0.442297
0.0698469
4.54503
0.44806
0.0652124
4.54035
0.444615
0.0612981
4.54829
0.446964
0.0862395
4.54828
0.446098
0.0782541
4.54784
0.452179
0.0649929
4.55248
0.446087
0.0741558
4.55934
0.432674
0.0601391
4.54632
0.445378
0.0670741
4.54332
0.442434
0.0680868
4.54105
0.448622
0.0602914
4.54811
0.453546
0.0681222
4.54396
0.440829
0.0707742
4.54511
0.445372
0.0605413
4.54499
0.442279
0.0784951
4.55047
0.446736
0.0680593
4.54227
0.437883
0.0676374
4.55845
0.445373
0.0707534
4.5427
0.438296
0.0867099
4.55371
0.452649
0.0766192
4.55576
0.443563
0.0748383
4.54935
0.439137
0.0701922
4.55105
0.440409
0.0711525
4.53943
0.438661
0.0678913
4.54996
0.428788
0.0618371
4.54954
0.438033
0.0637165
4.54886
0.436051
0.0649804
4.56207
0.442206
0.0758204
4.54918
0.442645
0.0796805
4.5457
0.455922
0.0873206
4.54681
0.445601
0.0682576
4.55099
0.44053
0.0679441
4.55101
0.444135
0.0667414
4.54357
0.446774
0.0652525
4.5426
0.432918
0.0703975
4.54499
0.439155
0.069447
4.55483
0.436272
0.0716303
4.54965
0.441955
0.0651938
4.54285
0.442679
0.0628012
4.54988
0.441772
0.0691512
4.54667
0.436643
0.0565294
4.54289
0.440421
0.0688491
4.54101
0.450886
0.0680791
4.54682
0.450081
0.058231
4.54338
0.436089
0.0614181
4.55308
0.434108
0.076443
4.55059
0.442051
0.0818516
4.56017
0.443317
0.0757233
4.54986
0.436593
0.0812233
4.55108
0.448316
0.0691864
4.55514
0.448334
0.0713796
4.55191
0.445438
0.056451
4.54691
0.452367
0.071329
4.54966
0.440591
0.0660177
4.55243
0.449059
0.0760769
4.5526
0.462613
0.0741696
4.5534
0.442926
0.0796032
4.54067
0.461658
0.0651558
4.54575
0.440474
0.0630819
4.55609
0.445719
0.0781219
4.54561
0.446153
0.0626719
4.55871
0.446928
0.068654
4.55264
0.437797
0.0616827
4.54418
0.446591
0.0764298
4.54246
0.446105
0.0689235
4.54594
0.426031
0.0665886
4.54287
0.440629
0.0745619
4.54454
0.452399
0.0769223
4.54623
0.434872
0.0548627
4.54889
0.451388
0.0706458
4.55137
0.451747
0.0636331
4.54958
0.42728
0.0785873
4.54938
0.433146
0.0595567
4.54952
0.434658
0.06939
4.55142
0.441383
0.0678184
4.54869
0.436989
0.0598498
4.54031
0.441751
0.0620831
4.55665
0.449418
0.0884501
4.55562
0.434035
0.0551737
4.54509
0.441034
0.0666511
4.55628
0.449801
0.0848618
4.55307
0.448875
0.0817905
4.54184
0.436974
0.0664748
4.54937
0.450777
0.0734484
4.54663
0.436487
0.0841849
4.55429
0.444686
0.0685396
4.54692
0.437833
0.079274
4.54512
0.441165
0.0776257
4.55258
0.448695
0.0806795
4.55786
0.443412
0.0732689
4.55698
0.439212
0.0717815
4.54734
0.448021
0.0697792
4.54118
0.446936
0.063236
4.55397
0.438189
0.0567959
4.55477
0.450066
0.067029
4.54701
0.462293
0.0747654
4.55511
0.432695
0.0611382
4.54029
0.456697
0.0745055
4.53618
0.44932
0.067173
4.56401
0.440492
0.0660457
4.55326
0.45029
0.076841
4.55196
0.436663
0.0693205
4.54192
0.44123
0.0666677
4.54125
0.445418
0.0809281
4.55068
0.439118
0.0708436
4.54481
0.432832
0.059859
4.54135
0.4387
0.0677359
4.54379
0.44102
0.066264
4.54637
0.444615
0.0721966
4.54181
0.439806
0.0691701
4.5397
0.442652
0.0678046
4.55042
0.443145
0.076989
4.54767
0.43354
0.0631737
4.55366
0.441166
0.0614919
4.54346
0.446836
0.0695835
4.5429
0.435166
0.0812017
4.54825
0.452841
0.0709883
4.55329
0.457525
0.0712324
4.54873
0.44181
0.0681686
4.54839
0.461695
0.07508
4.54572
0.434678
0.0712665
4.55483
0.442309
0.0660874
4.54473
0.446353
0.0669698
4.54784
0.444203
0.0751626
4.55079
0.437562
0.0789408
4.54637
0.453829
0.0671225
4.55393
0.441504
0.0645989
4.56172
0.450475
0.0744868
4.55566
0.441224
0.067592
4.54506
0.441682
0.0682018
4.54042
0.45682
0.0749531
4.55696
0.43509
0.0606076
4.54808
0.436771
0.0630348
4.54972
0.438933
0.0620584
4.5504
0.439871
0.087658
4.55088
0.434724
0.0681442
4.5597
0.43814
0.0687003
4.53965
0.448937
0.0747009
4.54906
0.448769
0.0714383
4.54148
0.432898
0.0725283
4.55641
0.444611
0.0588659
4.55528
0.444284
0.0606123
4.55519
0.442413
0.0616076
4.55529
0.437442
0.0607624
4.55423
0.45308
0.0727034
4.54995
0.450292
0.071092
4.54708
0.440196
0.0608541
4.54171
0.431548
0.0653807
4.54935
0.449064
0.0801305
4.54427
0.434752
0.0686862
4.53605
0.442131
0.0733562
4.5609
0.445807
0.0775071
4.54328
0.444626
0.0605562
4.54515
0.43931
0.0684669
4.54681
0.448636
0.0665619
4.53818
0.430563
0.0555099
4.54859
0.443395
0.0746087
4.54316
0.444177
0.0701941
4.55083
0.445504
0.0656015
4.54133
0.450499
0.0831064
4.55262
0.440426
0.0701068
4.55737
0.452511
0.0742392
4.54165
0.432133
0.0567874
4.55232
0.451638
0.0793857
4.53777
0.432945
0.06533
4.54773
0.439439
0.0672029
4.54966
0.447728
0.0686185
4.54315
0.439033
0.0671273
4.54655
0.440347
0.0786649
4.55086
0.447211
0.0552473
4.54167
0.441247
0.0698543
4.56043
0.449813
0.0728307
4.54671
0.445234
0.0648032
4.55199
0.437838
0.0626987
4.54795
0.429763
0.0636334
4.54392
0.448577
0.0717305
4.5519
0.445917
0.0713258
4.54545
0.445895
0.0704296
4.54768
0.453232
0.0816182
4.5592
0.43335
0.0778076
4.54879
0.448027
0.0680128
4.538
0.445139
0.0665657
4.55424
0.448284
0.0747187
4.54577
0.445224
0.0736491
4.54936
0.462586
0.0776586
4.54445
0.44108
0.0768687
4.54349
0.452944
0.0630626
4.55695
0.450965
0.0673597
4.54379
0.434873
0.0612817
4.54371
0.436329
0.0712937
4.54529
0.44468
0.0677236
4.54355
0.44215
0.0716496
4.55246
0.44783
0.0620774
4.54168
0.475172
0.0646652
4.5475
0.4423
0.0687243
4.55457
0.440533
0.0697275
4.55133
0.453064
0.0653043
4.55107
0.442672
0.0731671
4.53718
0.454554
0.0773879
4.54462
0.447756
0.0665653
4.53656
0.436192
0.067801
4.54698
0.465053
0.068101
4.54237
0.45515
0.0865295
4.55098
0.443834
0.0779421
4.55509
0.43716
0.0659879
4.54018
0.429208
0.0825164
4.55322
0.447078
0.0684852
4.53673
0.444753
0.0604013
4.55936
0.43721
0.0571871
4.54703
0.441084
0.0837431
4.55455
0.439242
0.0775041
4.55267
0.443917
0.0637528
4.55171
0.446675
0.0592374
4.54219
0.439431
0.07721
4.55105
0.448382
0.0697306
4.54862
0.443865
0.0724925
4.54494
0.437233
0.0699038
4.54006
0.445552
0.073178
4.55304
0.450598
0.0727302
4.54981
0.441959
0.0608376
4.54769
0.444228
0.0602022
4.5548
0.42614
0.0659364
4.54253
0.435491
0.0611437
4.5474
0.439021
0.0603062
4.53842
0.447187
0.070119
4.54918
0.440498
0.0821674
4.5505
0.443972
0.0610245
4.55551
0.440205
0.0759598
4.55011
0.446082
0.0660287
4.54867
0.441191
0.0663518
4.54929
0.455332
0.0731609
4.54582
0.459559
0.0701908
4.55046
0.440043
0.0653306
4.54707
0.44522
0.0672488
4.55218
0.447698
0.0632901
4.54821
0.445589
0.0684074
4.54597
0.444455
0.0805037
4.54463
0.436983
0.0749891
4.5553
0.445221
0.054781
4.54721
0.43939
0.0663323
4.54624
0.454386
0.0717451
4.54474
0.449179
0.0611692
4.539
0.441688
0.056484
4.54408
0.444686
0.0684863
4.54269
0.436726
0.0760269
4.55292
0.440157
0.0658122
4.53848
0.435637
0.0661129
4.55424
0.445332
0.0775197
4.54641
0.443274
0.068972
4.55219
0.441538
0.0589929
4.55164
0.451282
0.0743048
4.55002
0.439811
0.0708947
4.54994
0.442152
0.0716166
4.54126
0.447391
0.0614347
4.54209
0.444394
0.0614241
4.55431
0.452832
0.0796955
4.54163
0.459039
0.0781647
4.54363
0.447251
0.0558412
4.5412
0.444208
0.0772898
4.55092
0.457184
0.0762444
4.54485
0.435356
0.0720098
4.54907
0.451372
0.0779177
4.55685
0.42938
0.0604264
4.54914
0.454701
0.0672692
4.54772
0.434957
0.064071
4.55466
0.451622
0.064895
4.53596
0.441999
0.065049
4.55352
0.443301
0.0671998
4.54166
0.437835
0.0670362
4.55098
0.439315
0.0664817
4.54693
0.445946
0.0673754
4.55567
0.44743
0.0688138
4.55544
0.44084
0.0705246
4.54829
0.449215
0.0635572
4.55998
0.450776
0.0745969
4.55353
0.433189
0.0694265
4.54208
0.441523
0.0773934
4.53987
0.443462
0.0633427
4.5396
0.432814
0.0623625
4.5494
0.434052
0.0683338
4.54713
0.440414
0.0726855
4.55465
0.438133
0.0725182
4.55395
0.44157
0.0580378
4.55008
0.439116
0.0734313
4.54239
0.441186
0.0664092
4.55553
0.434843
0.0649976
4.54481
0.45447
0.0800908
4.54917
0.444257
0.0662228
4.54992
0.449611
0.0602348
4.54792
0.445705
0.0780995
4.55174
0.441509
0.068679
4.54548
0.446102
0.0712471
4.55355
0.435617
0.0743481
4.54105
0.44158
0.0855601
4.54714
0.443277
0.0693031
4.55074
0.452061
0.0724191
4.552
0.440353
0.0592351
4.55217
0.437062
0.0707552
4.5429
0.44093
0.0685464
4.54107
0.431353
0.0677873
4.54674
0.439031
0.0591452
4.54589
0.446037
0.0762684
4.55
0.434038
0.0636165
4.55509
0.441093
0.0676908
4.54407
0.433226
0.0669882
4.55655
0.436273
0.0852369
4.54489
0.459162
0.056465
4.54491
0.448871
0.0678367
4.55193
0.452049
0.0890786
4.55014
0.446535
0.0705993
4.54582
0.435916
0.0625857
4.55849
0.458594
0.0681942
4.56055
0.448421
0.0623415
4.5531
0.451001
0.0686383
4.54339
0.442028
0.0704196
4.55468
0.445721
0.0799997
4.54178
0.450497
0.072853
4.54342
0.445306
0.0787625
4.55034
0.435759
0.0760252
4.55075
0.435608
0.0607173
4.55658
0.457927
0.0721927
4.55644
0.439946
0.0669103
4.55867
0.446294
0.0846181
4.54528
0.44664
0.0692482
4.54483
0.444628
0.0538323
4.54829
0.440099
0.0659608
4.55317
0.443252
0.0613433
4.54851
0.46332
0.0718737
4.53823
0.439047
0.0822951
4.55328
0.437034
0.0698084
4.53655
0.442783
0.0653472
4.54491
0.444438
0.0699427
4.53869
0.444298
0.0755862
4.54986
0.450857
0.0698393
4.54695
0.445228
0.067653
4.55437
0.43911
0.0623986
4.55476
0.44181
0.063492
4.55209
0.460757
0.0666209
4.544
0.445305
0.0704674
4.55027
0.43484
0.0600298
4.55619
0.459875
0.0794273
4.54927
0.448128
0.0574041
4.55618
0.437645
0.0737819
4.54827
0.44194
0.0762212
4.54662
0.448009
0.0737889
4.5565
0.436686
0.067986
4.54632
0.438501
0.0635078
4.54836
0.448295
0.0696964
4.55022
0.435481
0.0695755
4.54296
0.449169
0.0610487
4.54993
0.446547
0.071382
4.55372
0.452321
0.0653161
4.55095
0.451763
0.0769601
4.54429
0.442226
0.0701337
4.55204
0.451989
0.0713744
4.54961
0.435744
0.0706893
4.54346
0.444648
0.0586951
4.54924
0.447202
0.0663455
4.54902
0.437487
0.069086
4.53825
0.44343
0.0665543
4.54734
0.441683
0.0672983
4.54657
0.435488
0.0612429
4.54851
0.450249
0.0673679
4.55842
0.440957
0.0852517
4.5465
0.448715
0.0738335
4.55732
0.435562
0.076602
4.54606
0.428139
0.0681645
4.54836
0.440776
0.0708795
4.54147
0.443189
0.0744896
4.54887
0.433691
0.0728923
4.55396
0.445247
0.0627908
4.55276
0.446551
0.0651676
4.54511
0.431361
0.0728081
4.55348
0.442927
0.0605174
4.55273
0.447295
0.067013
4.55793
0.452656
0.0736767
4.54875
0.439909
0.0651547
4.55362
0.44067
0.0633347
4.55375
0.447698
0.0784469
4.55251
0.45961
0.0739964
4.5458
0.441565
0.0765324
4.54977
0.436108
0.0642619
4.54572
0.43398
0.0746547
4.55711
0.451379
0.0619457
4.54753
0.446076
0.068085
4.54995
0.454229
0.0556404
4.55351
0.440359
0.0720376
4.53993
0.443294
0.0691652
4.53552
0.445745
0.0624703
4.5382
0.451831
0.0778638
4.54671
0.445863
0.0666306
4.54426
0.44295
0.0616773
4.5441
0.444518
0.0769211
4.54314
0.445594
0.0732255
4.54531
0.442899
0.0777656
4.55209
0.439273
0.0798943
4.54426
0.448804
0.0671072
4.54754
0.436559
0.0758237
4.54332
0.444127
0.0729042
4.54291
0.437358
0.0692785
4.5479
0.441648
0.0719495
4.54555
0.428441
0.0671911
4.54414
0.457253
0.0813459
4.553
0.437068
0.0577113
4.54683
0.444871
0.0734087
4.54843
0.430048
0.0736168
4.55278
0.451001
0.078288
4.55791
0.435533
0.0664241
4.54739
0.434629
0.0705603
4.54616
0.434693
0.0695634
4.55289
0.43584
0.070816
4.53993
0.427883
0.0734294
4.53999
0.453862
0.0715079
4.55039
0.439179
0.0719149
4.53648
0.436798
0.0665695
4.55225
0.456638
0.0744014
4.54278
0.443916
0.0655413
4.55018
0.450726
0.0809099
4.55075
0.443199
0.0697288
4.54559
0.438517
0.0739554
4.54429
0.431557
0.0725602
4.54858
0.442349
0.068287
4.54602
0.449451
0.070045
4.54647
0.447738
0.0628558
4.55831
0.462044
0.0755362
4.54429
0.447252
0.068126
4.54825
0.443156
0.0672001
4.54867
0.455135
0.064851
4.54814
0.448475
0.068618
4.55578
0.434391
0.0703212
4.54391
0.438585
0.0682209
4.54688
0.435495
0.0738457
4.55564
0.442291
0.0662737
4.5417
0.444142
0.0712965
4.5375
0.442119
0.0598143
4.54804
0.458694
0.0617645
4.54286
0.441153
0.0723035
4.54755
0.445026
0.0719875
4.54843
0.436203
0.0689837
4.55044
0.443861
0.0664974
4.56004
0.444106
0.071806
4.54869
0.443089
0.0704032
4.55746
0.434465
0.0676344
4.54459
0.444313
0.0682259
4.54476
0.433173
0.0746213
4.55602
0.455034
0.0704973
4.55097
0.44222
0.0709406
4.54272
0.451612
0.0700347
4.53862
0.442392
0.0718602
4.54735
0.444235
0.0698623
4.54001
0.442378
0.0740526
4.54327
0.435833
0.0697883
4.54831
0.433795
0.0582134
4.55367
0.446568
0.0752938
4.55953
0.45523
0.0663387
4.54966
0.437795
0.0757554
4.54543
0.440412
0.0752665
4.54424
0.449436
0.0878352
4.54697
0.436216
0.0696407
4.54496
0.440252
0.0744185
4.5451
0.440553
0.0612388
4.54778
0.440944
0.0680696
4.55664
0.435123
0.0679519
4.55339
0.456552
0.0700111
4.54521
0.443179
0.0774287
4.5525
0.446838
0.0525827
4.55674
0.44294
0.0637517
4.55036
0.440601
0.0589232
4.55047
0.452639
0.0630895
4.54986
0.460258
0.0731057
4.56023
0.457872
0.0744321
4.55195
0.449206
0.0749311
4.54681
0.433501
0.0741493
4.55538
0.449595
0.0719403
4.55138
0.437186
0.0497193
4.54955
0.437937
0.0805613
4.54585
0.432255
0.0681634
4.54309
0.436019
0.0747071
4.54583
0.43504
0.0654521
4.5471
0.442501
0.0736257
4.54599
0.449054
0.0840483
4.55169
0.443033
0.0644652
4.5403
0.450135
0.0662422
4.5459
0.438746
0.0644028
4.5444
0.437136
0.0785989
4.53984
0.435448
0.0785405
4.54091
0.449657
0.0656137
4.55822
0.439575
0.0627254
4.54159
0.444566
0.071314
4.55614
0.444723
0.0786491
4.56029
0.442948
0.0653877
4.54503
0.440397
0.0623124
4.54943
0.438628
0.0589256
4.5499
0.431958
0.0623773
4.55823
0.44414
0.0631085
4.53845
0.455721
0.0656313
4.53855
0.439379
0.0765164
4.55206
0.437196
0.0817893
4.54606
0.446265
0.0702046
4.544
0.445571
0.0740856
4.55456
0.444392
0.0513356
4.54835
0.43251
0.0564099
4.54643
0.441139
0.0710409
4.53997
0.440566
0.0732585
4.55844
0.444637
0.0763527
4.55149
0.437554
0.0704839
4.54069
0.434576
0.0636965
4.54455
0.454435
0.0682678
4.54231
0.437986
0.0690292
4.54379
0.43576
0.0684161
4.55426
0.449392
0.0719615
4.54377
0.446702
0.0645385
4.56451
0.445463
0.067514
4.54679
0.455712
0.073053
4.54511
0.439048
0.0680776
4.54901
0.438156
0.0674935
4.5505
0.433282
0.0862713
4.54444
0.435138
0.0703699
4.54076
0.442651
0.0670076
4.54371
0.44182
0.0750609
4.54977
0.444781
0.0732487
4.54092
0.44264
0.0712151
4.55323
0.450253
0.0795266
4.54249
0.442855
0.0759559
4.54928
0.442369
0.0776033
4.54092
0.438375
0.0645864
4.54193
0.441333
0.0735683
4.54806
0.449625
0.0828081
4.5365
0.441604
0.0681662
4.55482
0.433351
0.0675065
4.54651
0.439796
0.0603478
4.55834
0.450365
0.0607349
4.55005
0.444442
0.0681188
4.54905
0.439491
0.074415
4.55098
0.442926
0.0683774
4.54708
0.433502
0.067159
4.54367
0.4608
0.0812205
4.55485
0.450097
0.0788406
4.55746
0.450871
0.0663811
4.55241
0.44671
0.0749527
4.54035
0.441438
0.068927
4.54702
0.445617
0.0710772
4.54976
0.439569
0.0683382
4.5512
0.435367
0.0658362
4.55526
0.447979
0.0802717
4.54623
0.425866
0.0586828
4.55546
0.455578
0.0815551
4.55517
0.44292
0.0770099
4.53971
0.453998
0.0705852
4.54049
0.43762
0.0556946
4.54591
0.451275
0.0670614
4.54094
0.441334
0.0723163
4.55118
0.432837
0.0684152
4.55254
0.446235
0.0782564
4.55365
0.441671
0.0668776
4.55575
0.451834
0.072179
4.54635
0.442324
0.0733114
4.54896
0.43825
0.0645204
4.54873
0.453829
0.0734188
4.54944
0.443292
0.070174
4.54955
0.449193
0.0748986
4.54863
0.449259
0.0712006
4.54597
0.452809
0.073622
4.54742
0.436379
0.072996
4.54822
0.438922
0.0642183
4.54541
0.438596
0.0694282
4.54861
0.438479
0.0622006
4.55613
0.443904
0.0726324
4.55293
0.45154
0.0639516
4.54141
0.441968
0.0608467
4.54796
0.44394
0.0681212
4.54694
0.43057
0.0611408
4.55373
0.437655
0.0682442
4.5606
0.451584
0.0733757
4.55108
0.450251
0.0776826
4.55533
0.443168
0.0741678
4.55307
0.445024
0.074403
4.54201
0.446875
0.0721276
4.55028
0.44382
0.0708157
4.55376
0.436237
0.0703807
4.53897
0.448491
0.0647849
4.54241
0.451307
0.0686039
4.5433
0.445148
0.0694111
4.55271
0.441296
0.0810819
4.54237
0.450179
0.0668884
4.54542
0.449946
0.071571
4.54826
0.446905
0.0667702
4.55364
0.444146
0.0790309
4.53941
0.432355
0.0717206
4.54762
0.437851
0.077393
4.56148
0.435306
0.0677604
4.54326
0.448435
0.0722593
4.53928
0.462774
0.0674798
4.55282
0.444499
0.058313
4.54738
0.453614
0.0771791
4.55477
0.436443
0.071848
4.5431
0.454991
0.0868159
4.54835
0.431513
0.0619772
4.54891
0.444392
0.076563
4.55022
0.442923
0.0622249
4.54801
0.444021
0.0688597
4.55027
0.446539
0.0724355
4.55267
0.438504
0.0686726
4.54314
0.451952
0.0737531
4.54797
0.439373
0.0629826
4.55074
0.445425
0.070299
4.53921
0.446458
0.0765479
4.554
0.43517
0.0682064
4.54324
0.439907
0.0630156
4.54577
0.433301
0.0649567
4.55657
0.459463
0.073464
4.55732
0.444677
0.0719886
4.54602
0.442384
0.068899
4.54361
0.446123
0.0686057
4.55016
0.438084
0.0761745
4.55269
0.443928
0.066982
4.53675
0.443446
0.0719089
4.54515
0.438303
0.0788936
4.55401
0.437594
0.0815151
4.54747
0.43943
0.0708217
4.54086
0.449835
0.0754104
4.55594
0.450381
0.0602257
4.54671
0.444506
0.0730902
4.54177
0.444943
0.0834281
4.54942
0.440411
0.0730011
4.54071
0.453848
0.0663743
4.54587
0.453824
0.0692049
4.54474
0.451927
0.0759316
4.54242
0.450238
0.073793
4.54125
0.440986
0.065296
4.55089
0.448867
0.0619576
4.54054
0.439121
0.0770805
4.55052
0.442414
0.0616237
4.54873
0.443575
0.0751759
4.54784
0.439679
0.0637669
4.53467
0.447122
0.0687875
4.55039
0.447114
0.0592467
4.55559
0.451172
0.0697982
4.5505
0.433625
0.0693051
4.55262
0.432243
0.0664712
4.54751
0.449502
0.0632758
4.55617
0.436234
0.0604371
4.54423
0.443586
0.0613794
4.55622
0.445336
0.0795771
4.54055
0.443453
0.070972
4.55628
0.444177
0.0662561
4.55096
0.44672
0.077733
4.54777
0.446998
0.0731439
4.54574
0.449555
0.0728344
4.54329
0.441124
0.0729525
4.55443
0.447578
0.0721351
4.55773
0.451788
0.0722782
4.54933
0.448674
0.0608221
4.54412
0.435327
0.0761043
4.54993
0.450389
0.07347
4.54849
0.438343
0.0733704
4.54594
0.440715
0.0609865
4.5579
0.446635
0.0711821
4.5513
0.436946
0.0659565
4.5485
0.442734
0.0754144
4.55765
0.45112
0.0711411
4.53937
0.438761
0.0553379
4.55327
0.432853
0.0641747
4.55247
0.449925
0.0683928
4.55014
0.441038
0.0658913
4.53879
0.441669
0.0627854
4.55058
0.447695
0.0702813
4.54945
0.447197
0.0749937
4.5549
0.441647
0.0635267
4.54527
0.435688
0.0674485
4.55153
0.44145
0.0687394
4.54435
0.450438
0.0674773
4.54373
0.442684
0.0575691
4.55133
0.440047
0.0713736
4.55196
0.436419
0.0803755
4.54883
0.444012
0.0606609
4.54465
0.442007
0.0642053
4.54388
0.437946
0.0641466
4.55679
0.446461
0.0823798
4.54304
0.426023
0.0631117
4.55336
0.452539
0.0715982
4.54806
0.445121
0.0668456
4.55207
0.450753
0.075985
4.5448
0.434734
0.0737307
4.54959
0.445456
0.0742869
4.55415
0.432115
0.070685
4.54902
0.436056
0.0712532
4.55256
0.44205
0.0636237
4.54874
0.434883
0.0743485
4.54599
0.43502
0.0695693
4.55238
0.442241
0.0620622
4.55155
0.462126
0.0684819
4.5451
0.450589
0.0726296
4.53537
0.434028
0.0622656
4.54874
0.451295
0.0754232
4.54855
0.440915
0.0682216
4.54764
0.437086
0.06927
4.54616
0.43036
0.0642876
4.547
0.450625
0.0604205
4.55127
0.431055
0.0755332
4.54334
0.441888
0.0652802
4.54476
0.437811
0.0768446
4.55391
0.444067
0.0695051
4.54468
0.453356
0.0659465
4.55215
0.433313
0.0741394
4.55653
0.454282
0.0641958
4.54898
0.432332
0.0719932
4.54965
0.43767
0.0660186
4.55169
0.46943
0.0670327
4.5461
0.456981
0.0671417
4.53697
0.440427
0.0668909
4.55467
0.441713
0.0635776
4.55235
0.450426
0.0699152
4.55
0.450704
0.0658907
4.54344
0.42748
0.0587554
4.55318
0.45025
0.0701704
4.54698
0.437
0.0771646
4.54544
0.438877
0.070999
4.54023
0.452502
0.0688419
4.54478
0.434108
0.0633776
4.55283
0.44779
0.0626151
4.54782
0.439011
0.0685346
4.53816
0.448309
0.0677326
4.55274
0.453979
0.0752642
4.55156
0.441449
0.0705107
4.54541
0.43019
0.0775043
4.53654
0.449343
0.0627085
4.55887
0.458963
0.0701567
4.55316
0.452851
0.079419
4.54972
0.442444
0.0737533
4.55516
0.435682
0.0681108
4.54662
0.448087
0.0724784
4.53675
0.433095
0.0564107
4.55551
0.450024
0.067709
4.54675
0.449503
0.0631614
4.54778
0.433507
0.0761935
4.55618
0.43864
0.0688969
4.54753
0.460956
0.0813778
4.53446
0.436544
0.0681944
4.55391
0.443532
0.0681442
4.55523
0.447067
0.0682137
4.56673
0.449701
0.0748462
4.54606
0.442767
0.0683303
4.55589
0.442476
0.067902
4.53876
0.451867
0.0695861
4.55002
0.4339
0.0683837
4.5478
0.440171
0.0661452
4.54639
0.444196
0.0665288
4.542
0.443433
0.0676146
4.55035
0.444113
0.0737541
4.54876
0.445041
0.0599759
4.54365
0.457194
0.0697544
4.54739
0.455266
0.0596301
4.54048
0.453221
0.0831828
4.54968
0.440163
0.07527
4.55316
0.443547
0.0637824
4.55339
0.432477
0.0659888
4.54356
0.435584
0.0762457
4.55241
0.445269
0.0683947
4.5463
0.452542
0.0709725
4.54454
0.438454
0.0724817
4.54325
0.438391
0.0598872
4.54638
0.432342
0.0656025
4.54535
0.453676
0.0854937
4.54177
0.431305
0.0639933
4.54413
0.446359
0.0663885
4.54093
0.45917
0.0705586
4.54553
0.445018
0.0563973
4.55498
0.447433
0.0705793
4.54846
0.453534
0.0683211
4.54498
0.445922
0.0671387
4.55302
0.441894
0.0688995
4.5433
0.451219
0.0738098
4.55244
0.446324
0.086061
4.54044
0.451233
0.0642385
4.56119
0.444933
0.0767538
4.55806
0.456362
0.073474
4.54612
0.448797
0.06295
4.54715
0.440994
0.0663044
4.56018
0.45509
0.0730327
4.54208
0.442813
0.0752506
4.5507
0.441431
0.0723213
4.54942
0.44144
0.0705443
4.54629
0.439131
0.0676076
4.54532
0.45141
0.0651645
4.55728
0.447257
0.0740749
4.54154
0.435507
0.0735512
4.55429
0.442244
0.0845091
4.54494
0.436202
0.0682163
4.55343
0.444511
0.0730805
4.56344
0.454577
0.0599211
4.54939
0.437887
0.0670586
4.54131
0.450659
0.0768667
4.54556
0.455093
0.0660398
4.55387
0.44007
0.0695831
4.55782
0.429934
0.0751346
4.53917
0.433154
0.0575289
4.54851
0.447551
0.0661778
4.54898
0.438844
0.0638789
4.56143
0.448477
0.0729936
4.5484
0.448708
0.0693554
4.54177
0.445653
0.0705085
4.55471
0.436904
0.0655586
4.54956
0.432645
0.0679334
4.54175
0.443927
0.0679453
4.54049
0.443649
0.0743753
4.54535
0.440169
0.0718407
4.55406
0.442111
0.0717596
4.55363
0.449491
0.0767907
4.55349
0.457817
0.0547219
4.55346
0.445315
0.0673467
4.55469
0.438074
0.069262
4.55473
0.442736
0.0713103
4.54557
0.453416
0.0615882
4.55608
0.439712
0.0644504
4.54655
0.437279
0.0708115
4.55343
0.454924
0.0694023
4.55587
0.446888
0.0782092
4.55015
0.446987
0.067717
4.55985
0.438995
0.0748988
4.54361
0.444177
0.071956
4.54257
0.434866
0.0814954
4.54939
0.455687
0.061854
4.54147
0.442595
0.0726694
4.5316
0.461449
0.0813105
4.55027
0.435495
0.0639897
4.54407
0.439429
0.0457085
4.54602
0.448118
0.072794
4.54996
0.436718
0.0732345
4.54887
0.449077
0.073842
4.54866
0.448717
0.0687365
4.54728
0.43719
0.0712933
4.55285
0.432092
0.0561461
4.54854
0.446861
0.0666724
4.54995
0.445408
0.0609855
4.5565
0.429765
0.0593453
4.55722
0.438677
0.0733826
4.55798
0.434488
0.0735545
4.55092
0.446364
0.072682
4.54117
0.447567
0.0709315
4.54497
0.440042
0.0789397
4.54173
0.436399
0.0641594
4.5516
0.440309
0.083808
4.55435
0.446437
0.0648638
4.54447
0.438721
0.0827446
4.53879
0.430973
0.0726379
4.53977
0.451388
0.0718239
4.54334
0.447199
0.0836443
4.54575
0.43813
0.0763666
4.54993
0.448947
0.0711846
4.55798
0.444702
0.0603156
4.54972
0.450084
0.0744945
4.54511
0.455672
0.0650451
4.54777
0.444339
0.0694141
4.54653
0.434763
0.0663836
4.54204
0.437487
0.0756265
4.53824
0.444661
0.0587417
4.54437
0.431312
0.0732703
4.5506
0.451798
0.0836878
4.54469
0.445121
0.0619332
4.54539
0.438641
0.065087
4.5422
0.434161
0.072566
4.54557
0.439654
0.0760001
4.5367
0.434993
0.0741689
4.54914
0.439391
0.0713222
4.54825
0.446915
0.0739604
4.54353
0.44869
0.0662926
4.54712
0.450883
0.0714385
4.54811
0.437764
0.0682495
4.5471
0.450071
0.0759206
4.54676
0.441133
0.0619408
4.5504
0.43586
0.0768076
4.54987
0.445875
0.0645075
4.55701
0.44101
0.0711495
4.54983
0.447625
0.0635347
4.54636
0.445277
0.0655398
4.54362
0.447541
0.0585106
4.54455
0.452914
0.0680381
4.5466
0.443109
0.0746587
4.54791
0.435228
0.0720455
4.54098
0.436116
0.0681245
4.54158
0.443183
0.0677528
4.54071
0.444408
0.0734018
4.54948
0.45296
0.072762
4.55249
0.439334
0.0683358
4.54926
0.439518
0.071285
4.54225
0.44963
0.0657509
4.55975
0.446487
0.0665608
4.55388
0.454055
0.0656039
4.55096
0.433445
0.0648617
4.54342
0.436107
0.0732145
4.54594
0.446584
0.0628379
4.55796
0.438892
0.0666793
4.5447
0.438289
0.0685274
4.54389
0.441289
0.0600279
4.54592
0.431949
0.0814886
4.55287
0.445518
0.0664751
4.54685
0.45283
0.0687452
4.54708
0.437364
0.071865
4.54271
0.451055
0.0694324
4.55379
0.443893
0.0722612
4.54682
0.44557
0.0805746
4.54841
0.445385
0.0600793
4.55303
0.444545
0.0685443
4.53538
0.434787
0.0834711
4.54943
0.443525
0.0705524
4.54382
0.441188
0.068617
4.53735
0.442532
0.0841364
4.55806
0.439343
0.0609488
4.55653
0.440242
0.0779898
4.5499
0.443889
0.0559355
4.55847
0.453168
0.0642152
4.53876
0.432994
0.0791386
4.54509
0.452362
0.0623813
4.54987
0.433961
0.0640893
4.5407
0.450192
0.0762835
4.54511
0.444132
0.0715964
4.543
0.437749
0.0620392
4.54469
0.449762
0.0695325
4.55111
0.438636
0.0624189
4.55041
0.452652
0.0745062
4.55349
0.444809
0.0654565
4.54831
0.426363
0.0657202
4.54852
0.443947
0.0692999
4.55199
0.456557
0.0706384
4.54728
0.447047
0.0663495
4.54368
0.450711
0.0705243
4.56506
0.441292
0.057735
4.53692
0.445784
0.0625141
4.55665
0.444096
0.0670982
4.53905
0.44758
0.0684432
4.55011
0.454968
0.0682415
4.54794
0.43865
0.0626414
4.54177
0.439704
0.0754907
4.54614
0.443389
0.0668166
4.54361
0.441646
0.0740868
4.55142
0.437075
0.0751574
4.55067
0.439232
0.0749159
4.55079
0.440183
0.0589508
4.54876
0.439139
0.0690705
4.54682
0.442313
0.0679435
4.55296
0.450277
0.0621905
4.54988
0.432905
0.0641095
4.54541
0.443457
0.073629
4.53825
0.44441
0.0788257
4.54286
0.435515
0.0565179
4.56877
0.4523
0.0597453
4.54959
0.464729
0.077387
4.55145
0.442459
0.0701974
4.54856
0.43404
0.0626754
4.55569
0.434614
0.0774679
4.54529
0.430089
0.0623223
4.54291
0.437522
0.0738156
4.54334
0.444253
0.0668449
4.54898
0.442776
0.0744547
4.55025
0.448769
0.0748082
4.54718
0.447499
0.0709865
4.54128
0.44635
0.0785516
4.54424
0.435247
0.0745138
4.55267
0.43174
0.0786563
4.55652
0.432223
0.0731807
4.55606
0.442298
0.0590171
4.53961
0.449448
0.0781009
4.55401
0.455407
0.0628287
4.55384
0.443028
0.0680912
4.54345
0.439445
0.0673146
4.54994
0.445192
0.0681769
4.54503
0.442525
0.0603568
4.54378
0.438983
0.0733171
4.54348
0.440028
0.0758758
4.54076
0.450182
0.0756793
4.55352
0.439771
0.0790665
4.5514
0.432858
0.0729617
4.55074
0.451667
0.0765395
4.55444
0.44863
0.0765012
4.54023
0.43741
0.0645483
4.55881
0.442528
0.0839298
4.55334
0.4421
0.081187
4.5476
0.450059
0.0753611
4.54162
0.443104
0.0670281
4.55173
0.452905
0.0721609
4.54939
0.443321
0.0774229
4.549
0.4489
0.0707975
4.54724
0.450872
0.0879396
4.5554
0.44709
0.068351
4.54839
0.448514
0.0707105
4.55848
0.446832
0.0668891
4.5475
0.435297
0.0557882
4.54253
0.442751
0.0641691
4.54426
0.437199
0.0755236
4.55201
0.449224
0.0770277
4.55321
0.432113
0.0730762
4.54239
0.457695
0.0791749
4.5439
0.440417
0.0747659
4.547
0.445795
0.0578007
4.55073
0.43637
0.0655505
4.54601
0.454863
0.0708933
4.54987
0.442689
0.0782145
4.55158
0.436389
0.0744598
4.54055
0.448583
0.05915
4.54555
0.435224
0.0708826
4.54282
0.445608
0.0634371
4.54077
0.449435
0.0821042
4.55512
0.445918
0.0709955
4.55484
0.438878
0.0701924
4.55255
0.454632
0.0612075
4.53935
0.433698
0.05946
4.5492
0.427356
0.0575741
4.55075
0.452062
0.0785497
4.54586
0.449237
0.0769866
4.5478
0.435244
0.0752432
4.55111
0.446278
0.0680135
4.55035
0.437086
0.0669795
4.55251
0.442017
0.07225
4.54653
0.460484
0.0719214
4.54038
0.453913
0.07072
4.54534
0.436877
0.0728187
4.54671
0.433637
0.0648279
4.5434
0.439309
0.0781828
4.54043
0.450229
0.0595546
4.54544
0.437234
0.06618
4.54024
0.447346
0.0700263
4.5516
0.438991
0.0718434
4.55466
0.433591
0.080919
4.55016
0.438934
0.0669226
4.54174
0.445091
0.0691904
4.55146
0.442469
0.0699635
4.54469
0.44294
0.0663416
4.54025
0.434232
0.0554635
4.54592
0.431212
0.0714319
4.54781
0.43489
0.0625914
4.54072
0.454865
0.0739012
4.54539
0.446272
0.0742987
4.55808
0.436336
0.0601533
4.54822
0.452053
0.0763436
4.55541
0.443288
0.0795823
4.54506
0.437537
0.07645
4.55263
0.434391
0.0647017
4.55276
0.447215
0.0594782
4.5563
0.440461
0.0651758
4.54075
0.455985
0.0694875
4.54866
0.446573
0.0714062
4.55116
0.431863
0.0609379
4.5553
0.44252
0.0715076
4.54744
0.460289
0.0785843
4.55068
0.428577
0.064427
4.55609
0.453118
0.0726395
4.54226
0.440776
0.0619868
4.55077
0.445232
0.0709272
4.54114
0.447546
0.0725513
4.55694
0.446068
0.0788486
4.53981
0.431887
0.0647832
4.54704
0.455656
0.0725789
4.54889
0.436732
0.0639044
4.55767
0.44726
0.0682233
4.55149
0.435608
0.0648882
4.55021
0.429178
0.0647032
4.55127
0.44478
0.0669277
4.54723
0.447103
0.0707832
4.54629
0.447194
0.0847988
4.5525
0.447641
0.0763634
4.53981
0.447142
0.0648299
4.54509
0.435118
0.0761038
4.54392
0.443279
0.0737932
4.54739
0.454948
0.0695169
4.55595
0.451988
0.0726388
4.55243
0.440874
0.0648743
4.5492
0.430398
0.0695259
4.55087
0.443252
0.0714089
4.5504
0.436076
0.0627363
4.55631
0.451941
0.0759707
4.55102
0.440094
0.0696635
4.54718
0.442073
0.070926
4.54775
0.448826
0.0665598
4.55175
0.448203
0.0799366
4.53801
0.440627
0.0647718
4.55235
0.43809
0.0664356
4.54336
0.446406
0.0670017
4.54841
0.451693
0.0715238
4.55384
0.440423
0.0743836
4.54007
0.445008
0.07066
4.54771
0.44568
0.0619204
4.54391
0.44504
0.0696166
4.55743
0.462007
0.068587
4.54503
0.436902
0.0731439
4.54965
0.430992
0.066396
4.55216
0.441356
0.0707685
4.54103
0.443592
0.0791953
4.54323
0.439065
0.0733235
4.5519
0.454536
0.0631909
4.5414
0.445689
0.0679785
4.55228
0.448675
0.0687126
4.55093
0.440128
0.0796017
4.55059
0.4411
0.0679841
4.54074
0.444378
0.0684422
4.54935
0.447086
0.0798224
4.54585
0.433297
0.0738946
4.54101
0.440082
0.0672849
4.54182
0.446857
0.0831821
4.54705
0.430062
0.0672109
4.54513
0.442645
0.0750722
4.55542
0.444446
0.0603168
4.54262
0.44015
0.0802204
4.54006
0.433543
0.0732508
4.55136
0.453833
0.0749799
4.5546
0.438247
0.0814814
4.54755
0.441899
0.0727582
4.54962
0.444958
0.0581642
4.54574
0.43833
0.0719354
4.548
0.442952
0.0686004
4.55238
0.444971
0.0725476
4.54735
0.443106
0.0506048
4.55234
0.437092
0.0901939
4.55313
0.450269
0.0567564
4.54191
0.444759
0.0693774
4.54889
0.442772
0.0708773
4.54919
0.435787
0.0714645
4.55386
0.448605
0.0798998
4.55138
0.439357
0.0690909
4.54761
0.446806
0.069107
4.55153
0.448087
0.071481
4.54821
0.43538
0.0579126
4.55515
0.452267
0.0663434
4.55846
0.444729
0.065248
4.54582
0.449128
0.0671101
4.55513
0.453307
0.0650057
4.54673
0.442388
0.0797982
4.55693
0.43515
0.0639294
4.55158
0.439217
0.0782183
4.54203
0.445176
0.0548263
4.54168
0.433956
0.0623191
4.5519
0.443539
0.0750494
4.5514
0.44964
0.0667687
4.53564
0.453161
0.0816105
4.55463
0.436369
0.0748353
4.5446
0.440493
0.063824
4.54602
0.438575
0.0710792
4.54459
0.448055
0.0756113
4.54469
0.451797
0.0750516
4.54251
0.434186
0.0674245
4.55705
0.445703
0.072796
4.55299
0.442178
0.0714475
4.55847
0.438578
0.070684
4.54832
0.43595
0.0629551
4.54314
0.454052
0.060001
4.54614
0.444191
0.0556704
4.56284
0.439827
0.067099
4.55229
0.441094
0.057515
4.54827
0.431867
0.0738551
4.54715
0.442514
0.068764
4.54105
0.453025
0.0715522
4.53943
0.440036
0.0543571
4.55944
0.448633
0.0669973
4.54923
0.442529
0.0609853
4.55474
0.455041
0.0705721
4.55221
0.443943
0.0769888
4.55386
0.435506
0.06797
4.55283
0.456425
0.0789842
4.54151
0.444648
0.0787293
4.55118
0.432885
0.0598629
4.55792
0.447519
0.0706793
4.5457
0.438295
0.061722
4.54594
0.452993
0.0685307
4.54491
0.450753
0.0707989
4.54421
0.445774
0.0761132
4.54009
0.451289
0.0769347
4.54447
0.443034
0.0692949
4.54184
0.436117
0.0631949
4.549
0.436585
0.0858944
4.55117
0.435966
0.0717907
4.54795
0.440958
0.0697658
4.54029
0.449715
0.0746571
4.54174
0.453291
0.0630827
4.55605
0.446998
0.0677526
4.55561
0.442147
0.0635534
4.55415
0.452076
0.0753097
4.54891
0.446144
0.0764607
4.55236
0.441591
0.0688752
4.55007
0.438797
0.0787483
4.54779
0.429753
0.0663903
4.55653
0.450986
0.0722041
4.54632
0.435282
0.0697414
4.55597
0.447335
0.0621627
4.55079
0.437438
0.0667003
4.54899
0.436481
0.069561
4.54761
0.446314
0.0698129
4.54391
0.428198
0.0623623
4.54758
0.438963
0.0711495
4.55245
0.445191
0.0656564
4.54568
0.44857
0.0691401
4.54747
0.449551
0.0758767
4.54837
0.43126
0.0644261
4.55488
0.448236
0.0669668
4.54535
0.454096
0.0623862
4.54891
0.459656
0.0804313
4.55178
0.459068
0.0679175
4.5402
0.444779
0.0700454
4.54674
0.453408
0.0685224
4.55398
0.442242
0.0713152
4.53772
0.449678
0.0763771
4.55023
0.447858
0.0663161
4.54855
0.445724
0.0606746
4.54522
0.440423
0.0669295
4.54175
0.431435
0.0729476
4.54885
0.445639
0.0783398
4.55428
0.449878
0.0687662
4.55293
0.435436
0.063454
4.54401
0.454578
0.0602567
4.55072
0.44289
0.0585738
4.55059
0.452764
0.0699838
4.54721
0.438297
0.0692325
4.55461
0.444838
0.072709
4.54705
0.451077
0.0713148
4.54779
0.453435
0.0727844
4.54809
0.451948
0.0631451
4.54435
0.435116
0.0724558
4.54624
0.446362
0.0693493
4.54084
0.444548
0.063359
4.55257
0.441421
0.0629864
4.54769
0.449436
0.0684112
4.55131
0.441984
0.0597782
4.54967
0.439572
0.0633449
4.55123
0.437376
0.0643016
4.54623
0.448845
0.067334
4.53937
0.449088
0.0701721
4.54396
0.435773
0.0812116
4.54445
0.442729
0.0756464
4.55494
0.455258
0.0810093
4.55608
0.445359
0.0714036
4.55055
0.448388
0.0738574
4.55072
0.440795
0.0729411
4.54665
0.452711
0.0654205
4.55867
0.449351
0.0700657
4.55033
0.443758
0.0667034
4.54505
0.450851
0.067807
4.5476
0.451753
0.0698844
4.5441
0.461115
0.0790552
4.54596
0.461236
0.0725496
4.55323
0.446128
0.0648131
4.56162
0.450334
0.0656546
4.55846
0.435844
0.0584752
4.55911
0.450063
0.0729259
4.55272
0.443008
0.0689625
4.54066
0.441044
0.069281
4.55179
0.434806
0.065807
4.55097
0.443296
0.0947969
4.55377
0.443352
0.0682934
4.54366
0.451939
0.0686462
4.5524
0.450821
0.0635067
4.55532
0.44716
0.0782872
4.54948
0.443363
0.0739388
4.54445
0.442788
0.0681121
4.55207
0.439166
0.0691752
4.54829
0.446492
0.084444
4.55428
0.446808
0.0738198
4.55296
0.451279
0.0684919
4.54256
0.456624
0.0857435
4.5442
0.440922
0.0765447
4.53849
0.435942
0.0644183
4.55912
0.438179
0.0795694
4.5466
0.433195
0.0768665
4.54663
0.427178
0.0637421
4.55176
0.438895
0.075208
4.55911
0.436313
0.0718829
4.54666
0.462481
0.0584462
4.54767
0.445966
0.07422
4.55166
0.437201
0.052157
4.56633
0.444778
0.0645177
4.54813
0.451127
0.0793686
4.54715
0.437405
0.0668121
4.55673
0.447999
0.0599368
4.5641
0.445275
0.0686679
4.56523
0.445057
0.0768511
4.53967
0.445197
0.0699938
4.55324
0.459524
0.068464
4.54898
0.464424
0.0746066
4.5393
0.441417
0.0751334
4.55455
0.434595
0.0712127
4.5523
0.44393
0.0548427
4.54974
0.438461
0.0577079
4.55104
0.437842
0.0731114
4.5577
0.434621
0.0741341
4.55279
0.437136
0.0603958
4.55284
0.438265
0.0736727
4.55216
0.438576
0.0717072
4.54876
0.443183
0.0699133
4.54496
0.441766
0.0685788
4.54627
0.452863
0.0714268
4.53538
0.444679
0.0763458
4.54401
0.433226
0.0625209
4.54408
0.449486
0.0641834
4.56789
0.43597
0.0654622
4.55138
0.44801
0.0639665
4.54328
0.447594
0.0641196
4.54425
0.45731
0.0797565
4.55274
0.435745
0.0780832
4.54966
0.435068
0.0718384
4.55204
0.441193
0.0693476
4.54749
0.453613
0.0628914
4.53738
0.440996
0.073157
4.5526
0.442204
0.0729209
4.54762
0.451619
0.0585012
4.54596
0.442422
0.0688056
4.54678
0.440065
0.0689015
4.54537
0.455546
0.0702493
4.543
0.453412
0.0726285
4.54295
0.464559
0.0699021
4.54396
0.431115
0.0634169
4.55001
0.450141
0.0687685
4.54837
0.447066
0.0607149
4.54664
0.4501
0.0729206
4.54006
0.438096
0.0580691
4.54985
0.433984
0.0688938
4.54755
0.445946
0.0712325
4.54419
0.431893
0.0655774
4.54649
0.448432
0.066636
4.5649
0.4466
0.0677313
4.54283
0.445118
0.0776588
4.54681
0.439688
0.0694728
4.56086
0.451348
0.067979
4.54409
0.440362
0.066163
4.54654
0.436274
0.0651473
4.54134
0.443208
0.0662043
4.54428
0.438024
0.0659884
4.55212
0.441905
0.0637738
4.55077
0.453467
0.0798938
4.55023
0.449267
0.0616077
4.5557
0.436547
0.0638361
4.56057
0.445253
0.0595209
4.56101
0.435774
0.0512915
4.54889
0.438732
0.065235
4.54833
0.437622
0.0791443
4.5603
0.443438
0.0640512
4.54913
0.442671
0.0642168
4.55124
0.436274
0.0728978
4.54965
0.4436
0.0670847
4.56065
0.456059
0.0759013
4.54818
0.43674
0.076118
4.54289
0.444475
0.0822359
4.54837
0.439624
0.0647534
4.54499
0.446527
0.0617062
4.54497
0.438176
0.0622144
4.54951
0.438039
0.0668667
4.53779
0.434632
0.0734444
4.53571
0.448616
0.0762767
4.54864
0.435364
0.0721577
4.54749
0.439303
0.0715779
4.54809
0.443956
0.0823095
4.55147
0.445575
0.072003
4.54378
0.425976
0.0584781
4.55318
0.440294
0.0708009
4.55529
0.452618
0.0632564
4.55268
0.448699
0.0682187
4.55042
0.437289
0.0809656
4.53959
0.446607
0.0607402
4.54951
0.435804
0.0613181
4.55192
0.458567
0.0712875
4.55238
0.442805
0.0601689
4.5421
0.455447
0.0708955
4.56368
0.450834
0.0725513
4.55481
0.460678
0.083668
4.55167
0.442866
0.0605387
4.55166
0.437998
0.0703156
4.54498
0.433493
0.0706189
4.5525
0.452966
0.0794531
4.54117
0.446078
0.0634572
4.55013
0.452229
0.0702966
4.55541
0.441682
0.0676079
4.55435
0.428029
0.0800398
4.54641
0.45326
0.0678229
4.55393
0.443988
0.0811929
4.54931
0.442928
0.064145
4.54425
0.44343
0.0624122
4.55474
0.440654
0.0785869
4.55088
0.44483
0.0714542
4.54184
0.433034
0.0697882
4.5547
0.442247
0.0578852
4.54684
0.447432
0.0655773
4.55002
0.439741
0.067142
4.55456
0.440854
0.0655744
4.5528
0.437515
0.0730714
4.54827
0.443251
0.0739723
4.55394
0.456293
0.0575919
4.54561
0.447731
0.0590881
4.55273
0.442485
0.0601123
4.54516
0.446509
0.0664422
4.54456
0.440967
0.0741176
4.53706
0.444322
0.0628037
4.5567
0.443828
0.0739496
4.55092
0.446112
0.073166
4.55237
0.442292
0.0808626
4.54647
0.444778
0.0700469
4.54345
0.438379
0.0654869
4.55792
0.459285
0.0742761
4.54652
0.448942
0.0740668
4.54859
0.438718
0.0724415
4.55016
0.437439
0.0714868
4.54654
0.440123
0.0615576
4.55168
0.444277
0.0665501
4.558
0.448048
0.076927
4.55181
0.433401
0.0673108
4.55348
0.447035
0.0730677
4.55254
0.453193
0.0791075
4.5451
0.426185
0.0606865
4.54658
0.437206
0.0723029
4.54454
0.450502
0.0628205
4.54518
0.452207
0.0782401
4.53771
0.456017
0.0710167
4.55589
0.443098
0.0625393
4.54816
0.441144
0.0664479
4.54705
0.437501
0.0532108
4.54842
0.452422
0.0839104
4.54368
0.444946
0.0656953
4.54326
0.448378
0.0683448
4.53866
0.439548
0.0765683
4.54054
0.426509
0.0641353
4.54469
0.431796
0.067783
4.54346
0.437097
0.0728456
4.54155
0.44575
0.0569321
4.5431
0.438419
0.0691292
4.54674
0.439698
0.0652846
4.55317
0.444627
0.0738281
4.545
0.444859
0.068644
4.55122
0.436746
0.0649952
4.5527
0.43576
0.0800329
4.55063
0.441177
0.0685131
4.55342
0.465299
0.0621861
4.53855
0.444511
0.0692515
4.55385
0.451457
0.0626117
4.53938
0.44643
0.0675597
4.54576
0.446534
0.070823
4.54489
0.448884
0.0773946
4.55367
0.443902
0.0705818
4.54402
0.429266
0.0711802
4.53711
0.447424
0.0585357
4.54992
0.441709
0.0705469
4.54322
0.446105
0.079248
4.54808
0.451306
0.0720375
4.54678
0.433817
0.0767498
4.54059
0.4454
0.0682675
4.54268
0.44851
0.0666099
4.55349
0.443812
0.0644261
4.55846
0.447977
0.0781772
4.54866
0.449297
0.0724408
4.54465
0.440464
0.0760163
4.55179
0.436472
0.0617615
4.54652
0.444204
0.0619317
4.55564
0.446913
0.0734252
4.54793
0.440243
0.0791495
4.55839
0.43697
0.0798608
4.5624
0.449359
0.0720139
4.54475
0.432169
0.0688623
4.54224
0.435475
0.0703238
4.5503
0.45132
0.0624161
4.55429
0.427691
0.0789796
4.54989
0.45717
0.0789282
4.5498
0.446534
0.0656085
4.54339
0.447419
0.0725606
4.5409
0.435514
0.0639114
4.55387
0.440171
0.0807492
4.55639
0.434539
0.0668146
4.54528
0.429085
0.0770019
4.54965
0.444917
0.0658414
4.55037
0.439613
0.0719771
4.53854
0.445523
0.0600233
4.54445
0.448584
0.0772257
4.54713
0.453634
0.0702044
4.55994
0.447283
0.0642191
4.54319
0.450391
0.0660417
4.55517
0.45712
0.0662946
4.55043
0.429522
0.069294
4.5443
0.446099
0.0746492
4.5541
0.440653
0.0794029
4.54794
0.444788
0.0822804
4.54701
0.432106
0.058814
4.55225
0.456418
0.0650094
4.54815
0.459204
0.0791182
4.54426
0.431304
0.0651827
4.54829
0.447957
0.0733482
4.54506
0.431358
0.0830421
4.55614
0.439818
0.0671743
4.55193
0.454642
0.0649722
4.55433
0.454917
0.0639648
4.54421
0.438924
0.0601931
4.55833
0.444273
0.0716841
4.54051
0.442667
0.0726657
4.54637
0.442862
0.0706615
4.55654
0.440911
0.0684055
4.54137
0.451359
0.0587683
4.5561
0.436637
0.0749242
4.54688
0.434926
0.0761468
4.54527
0.427217
0.0783715
4.54946
0.453229
0.0640435
4.55683
0.443356
0.0661177
4.54972
0.433356
0.0609039
4.55452
0.450591
0.0700586
4.55814
0.460111
0.072895
4.55429
0.436801
0.0674242
4.54994
0.450612
0.0591133
4.54512
0.437126
0.0750319
4.54616
0.436822
0.0751979
4.5481
0.450383
0.0775587
4.54069
0.433038
0.0712006
4.54956
0.428957
0.0638583
4.5472
0.435118
0.0721337
4.54166
0.457776
0.0718313
4.5437
0.4452
0.0692947
4.55622
0.444507
0.064383
4.54229
0.439694
0.0714017
4.55276
0.43797
0.0758629
4.53979
0.444314
0.0790424
4.54974
0.435053
0.0692197
4.54245
0.458516
0.0649778
4.54942
0.445193
0.0709181
4.54732
0.442894
0.0728473
4.55173
0.443207
0.0652244
4.55427
0.438444
0.0760715
4.55079
0.446088
0.0756012
4.55368
0.44046
0.0737499
4.55156
0.452025
0.0652952
4.54372
0.439837
0.082835
4.55795
0.446793
0.0639741
4.54917
0.445565
0.0611202
4.5439
0.445181
0.0666984
4.54545
0.441455
0.0652091
4.55366
0.454847
0.0621781
4.54948
0.440899
0.0619274
4.53383
0.438213
0.0614042
4.54596
0.440141
0.0678261
4.54745
0.438921
0.0774144
4.546
0.432169
0.0740443
4.54945
0.447744
0.064533
4.55596
0.438732
0.0667221
4.54978
0.442577
0.0696516
4.55392
0.460428
0.075845
4.54644
0.447901
0.070983
4.54359
0.448109
0.0729596
4.54824
0.4433
0.0710364
4.54535
0.438359
0.0626188
4.53904
0.451122
0.0660089
4.55002
0.444326
0.0695595
4.54742
0.442674
0.0740654
4.54881
0.444123
0.0754253
4.55001
0.44159
0.0695106
4.53991
0.444809
0.0673088
4.55094
0.4315
0.0681833
4.53711
0.446073
0.0707896
4.54745
0.451315
0.0757519
4.55161
0.446169
0.064359
4.5446
0.442497
0.0726931
4.55735
0.44388
0.0589217
4.54727
0.464661
0.0671716
4.55492
0.44793
0.0635141
4.55078
0.449243
0.0614716
4.54644
0.459538
0.0756246
4.54267
0.442496
0.0781468
4.54068
0.428326
0.076774
4.54648
0.454658
0.0675747
4.55257
0.434029
0.0807196
4.54733
0.440424
0.0779386
4.54517
0.447563
0.0727603
4.55709
0.429024
0.0669642
4.55168
0.438848
0.070143
4.54133
0.436266
0.0628585
4.55818
0.452976
0.0726133
4.55091
0.43387
0.0749365
4.55264
0.454065
0.0761917
4.54354
0.457869
0.0665925
4.55698
0.445897
0.0759009
4.55017
0.452547
0.0818876
4.55598
0.459845
0.0667862
4.54234
0.433614
0.0604178
4.5428
0.466282
0.0715143
4.53597
0.447879
0.0706738
4.5483
0.437735
0.0708381
4.5471
0.454756
0.0636324
4.55101
0.439072
0.0668755
4.54833
0.437866
0.0787407
4.55185
0.453323
0.0626266
4.5454
0.438054
0.0675192
4.55603
0.434015
0.0704043
4.55748
0.442744
0.0654184
4.53812
0.447049
0.0648672
4.54596
0.446048
0.0647654
4.54266
0.440881
0.0520055
4.56198
0.439579
0.07189
4.55557
0.457143
0.0672709
4.54814
0.435757
0.0744643
4.54448
0.434501
0.0546446
4.54399
0.450494
0.081975
4.54649
0.44168
0.0616082
4.54376
0.449092
0.0733301
4.54148
0.442192
0.0694127
4.54441
0.451073
0.0666861
4.54408
0.453908
0.0755946
4.54906
0.444521
0.073951
4.54737
0.441183
0.090841
4.55673
0.43935
0.0701953
4.54541
0.447209
0.0720053
4.54317
0.449653
0.0734852
4.55031
0.443994
0.0744266
4.55728
0.42587
0.0694014
4.55197
0.435021
0.0719071
4.55103
0.445995
0.086086
4.55311
0.455726
0.0631285
4.54557
0.433906
0.0744198
4.54111
0.442987
0.0690866
4.5473
0.438762
0.0686014
4.54457
0.440276
0.0733088
4.54453
0.451072
0.0671355
4.54325
0.455449
0.0620521
4.54617
0.448574
0.0866634
4.53615
0.448019
0.0580431
4.54141
0.445922
0.0761407
4.5428
0.439958
0.070688
4.55298
0.444603
0.0785889
4.54632
0.432566
0.0694876
4.55614
0.445642
0.0633595
4.55334
0.437159
0.0619501
4.54784
0.442839
0.0699862
4.54662
0.442443
0.0668198
4.54954
0.451821
0.0709241
4.55098
0.449935
0.0821588
4.54324
0.445112
0.070075
4.55051
0.436042
0.0718284
4.55224
0.439279
0.073985
4.54915
0.441944
0.0822652
4.54983
0.436432
0.0697213
4.55946
0.434359
0.0603811
4.54592
0.452979
0.0627564
4.55265
0.429284
0.0726824
4.53898
0.443678
0.0670289
4.563
0.442866
0.0617671
4.54837
0.435217
0.057683
4.5454
0.449577
0.0646231
4.55223
0.444569
0.0689946
4.54929
0.435732
0.0659001
4.54226
0.441383
0.0703173
4.54219
0.456065
0.0631058
4.55137
0.453153
0.0764195
4.54935
0.432531
0.0621842
4.54713
0.444153
0.0815086
4.56208
0.441025
0.0584902
4.55473
0.447399
0.0738313
4.54342
0.450088
0.0806897
4.55159
0.451748
0.0756115
4.54664
0.442463
0.0779149
4.53674
0.435605
0.0738452
4.55475
0.442215
0.0686273
4.54458
0.446839
0.0640467
4.54111
0.43761
0.0625789
4.54123
0.457251
0.0633851
4.55087
0.439376
0.0729292
4.54502
0.450088
0.061562
4.54963
0.451308
0.0732257
4.54423
0.453823
0.0612883
4.54128
0.438991
0.0645689
4.54399
0.443044
0.0642238
4.54669
0.441053
0.0641879
4.55091
0.441751
0.0670526
4.54705
0.444851
0.0888846
4.54462
0.442054
0.074697
4.54245
0.44056
0.0621939
4.54608
0.437034
0.0631359
4.54382
0.448239
0.0651545
4.55479
0.445222
0.0723335
4.54519
0.441822
0.0782441
4.54446
0.439394
0.0686603
4.56556
0.453102
0.0791871
4.5471
0.424401
0.0696043
4.54986
0.441919
0.0670545
4.5568
0.439865
0.0673216
4.56508
0.435096
0.0598237
4.53855
0.44125
0.0796895
4.54545
0.438181
0.0712745
4.54559
0.445683
0.0746606
4.55264
0.44259
0.0776785
4.55753
0.443491
0.0666241
4.55095
0.453305
0.0743756
4.54304
0.452113
0.0784464
4.55682
0.441311
0.0684111
4.54592
0.44578
0.0732074
4.54716
0.437968
0.064037
4.55023
0.451636
0.0742076
4.54457
0.445017
0.0712192
4.54983
0.442584
0.0811941
4.54844
0.452511
0.0743129
4.53662
0.436078
0.0582546
4.54383
0.454579
0.0668443
4.54592
0.441819
0.0634159
4.55036
0.453759
0.0828149
4.55125
0.43362
0.0742775
4.54751
0.432055
0.065075
4.54207
0.43974
0.0645473
4.54818
0.444899
0.054755
4.5458
0.435639
0.0676987
4.54749
0.438635
0.0813312
4.53951
0.435554
0.0726821
4.55329
0.453839
0.0674619
4.55289
0.43698
0.0575727
4.54886
0.433872
0.0639718
4.55023
0.451247
0.0688821
4.54632
0.447679
0.0704304
4.54991
0.448525
0.0701769
4.54885
0.434535
0.0620351
4.55894
0.452487
0.0692203
4.55193
0.444036
0.0769661
4.5493
0.454296
0.05856
4.54919
0.431586
0.0770724
4.54953
0.437797
0.0724879
4.54334
0.4398
0.0685599
4.55167
0.443053
0.0589225
4.55515
0.452188
0.0713893
4.5496
0.440207
0.0791254
4.55309
0.465093
0.0697688
4.54821
0.44795
0.0733343
4.54831
0.438457
0.0675338
4.55
0.44723
0.0696877
4.54268
0.441796
0.0711369
4.54064
0.445452
0.0702802
4.55199
0.440821
0.066499
4.55263
0.446764
0.0689961
4.53909
0.436134
0.0700412
4.54715
0.435201
0.0806106
4.55758
0.431002
0.0632007
4.5516
0.440811
0.0659305
4.54189
0.447582
0.0791336
4.54661
0.444939
0.0699315
4.55473
0.434062
0.0649802
4.55541
0.436247
0.0709904
4.54305
0.447872
0.0605073
4.55664
0.458649
0.0680172
4.55253
0.445424
0.0654373
4.55195
0.442495
0.0724121
4.54244
0.434619
0.0718416
4.54783
0.432742
0.0679287
4.54683
0.446508
0.0739997
4.5494
0.452096
0.0670766
4.54751
0.434796
0.0603841
4.54893
0.442546
0.0762564
4.55623
0.44968
0.0663369
4.54327
0.443838
0.0796306
4.55221
0.430993
0.0744779
4.55005
0.448739
0.06194
4.54834
0.438674
0.0726118
4.54132
0.454198
0.0729631
4.55562
0.473687
0.0642329
4.54289
0.444032
0.0668966
4.56265
0.452375
0.0787381
4.54589
0.439017
0.0617675
4.55583
0.430705
0.0690152
4.55247
0.444006
0.0662784
4.55064
0.44286
0.0667552
4.54985
0.447382
0.0934665
4.53522
0.445099
0.0716757
4.55373
0.451189
0.0747508
4.54536
0.447475
0.0748113
4.55172
0.437504
0.067568
4.55515
0.452754
0.0691625
4.54629
0.438391
0.0845478
4.55158
0.44504
0.0677377
4.55265
0.439896
0.0677027
4.5434
0.457497
0.0759587
4.54363
0.436442
0.067951
4.54934
0.447413
0.0732187
4.54694
0.445778
0.0736567
4.55196
0.432456
0.0820122
4.53794
0.435388
0.0708465
4.55579
0.440774
0.0750109
4.55055
0.451662
0.067495
4.54213
0.444579
0.0809467
4.54408
0.43517
0.0668716
4.5533
0.43895
0.0657322
4.5552
0.444552
0.0808745
4.55225
0.445554
0.0935496
4.55577
0.454734
0.0642475
4.54753
0.440179
0.0742137
4.55882
0.444376
0.0723266
4.55505
0.447426
0.0625803
4.54234
0.436693
0.0705753
4.54442
0.44138
0.0786276
4.54725
0.437088
0.074465
4.54271
0.436076
0.066046
4.54312
0.434386
0.0667867
4.55051
0.442295
0.0664468
4.54683
0.444957
0.0738298
4.55386
0.437128
0.0684594
4.54803
0.432702
0.0686056
4.55635
0.45483
0.0734613
4.54066
0.441596
0.0560803
4.55306
0.436169
0.0756714
4.55105
0.449821
0.0726777
4.54156
0.443408
0.0618047
4.54335
0.442204
0.0564026
4.54892
0.452989
0.0758402
4.54554
0.447427
0.0671847
4.54901
0.439771
0.0816505
4.56046
0.443852
0.0662385
4.55361
0.455218
0.074197
4.55399
0.449413
0.0669378
4.547
0.456357
0.0737354
4.5455
0.447877
0.0727454
4.54962
0.435985
0.0726415
4.54787
0.447663
0.070925
4.55373
0.455639
0.0629731
4.54564
0.436412
0.0642099
4.54662
0.430338
0.0679005
4.55109
0.449853
0.0648532
4.5578
0.436356
0.0689347
4.54381
0.443771
0.0788995
4.55365
0.441816
0.0591081
4.53635
0.448145
0.0715744
4.55003
0.439139
0.0725606
4.5504
0.439228
0.0757495
4.55279
0.43854
0.0566299
4.55375
0.43153
0.0625112
4.5492
0.438444
0.0669676
4.55789
0.443995
0.0763486
4.54442
0.443707
0.0705257
4.54578
0.436675
0.061988
4.54834
0.446353
0.0762099
4.54874
0.436245
0.0690241
4.55073
0.453405
0.0714361
4.54101
0.444904
0.0609251
4.54805
0.438253
0.0733442
4.5561
0.437227
0.0711459
4.54939
0.44473
0.06899
4.55033
0.445992
0.0756988
4.53722
0.446805
0.0610008
4.54871
0.444534
0.061121
4.5443
0.440782
0.065926
4.54065
0.462736
0.0831158
4.53895
0.455682
0.0735171
4.55349
0.440337
0.0692358
4.55515
0.436489
0.0688677
4.54288
0.44806
0.0652488
4.55516
0.43826
0.0591428
4.55395
0.447273
0.0627332
4.55906
0.435387
0.0616543
4.55365
0.45135
0.0781074
4.54248
0.440529
0.0766667
4.55115
0.443949
0.0701717
4.55256
0.438489
0.0655829
4.54172
0.441024
0.0692555
4.55164
0.448146
0.0669149
4.54862
0.448471
0.0685651
4.54218
0.447207
0.0675981
4.54314
0.449889
0.0683105
4.54511
0.444243
0.0801537
4.54437
0.436194
0.0517907
4.55542
0.445297
0.0718732
4.54995
0.436135
0.0614642
4.55166
0.440078
0.0739077
4.53759
0.443795
0.0566311
4.55803
0.457033
0.065348
4.5469
0.442739
0.0794485
4.5452
0.448135
0.065701
4.55183
0.43594
0.0603065
4.55133
0.437224
0.0653205
4.55106
0.441568
0.0651916
4.5494
0.433838
0.0644917
4.55865
0.44393
0.0772511
4.54362
0.445595
0.0625799
4.55296
0.449665
0.070014
4.54222
0.433052
0.0750823
4.55031
0.459361
0.0604577
4.54743
0.441966
0.0725696
4.53789
0.451807
0.0678687
4.54823
0.440322
0.0638719
4.54452
0.445269
0.0780634
4.54874
0.436546
0.0689874
4.54904
0.445534
0.0710068
4.55113
0.45658
0.0729087
4.54799
0.451914
0.0615159
4.53928
0.446725
0.0676502
4.55562
0.433901
0.0573972
4.54677
0.446628
0.0785697
4.55311
0.441578
0.0613443
4.55416
0.453527
0.0843509
4.55059
0.443138
0.0664033
4.55045
0.450569
0.0675553
4.54003
0.439177
0.0682865
4.54136
0.44536
0.0735732
4.56159
0.447368
0.0768812
4.54949
0.44141
0.0697562
4.54002
0.43474
0.0628961
4.55432
0.440778
0.0692131
4.54212
0.44672
0.0651014
4.5496
0.44167
0.0633489
4.54783
0.454923
0.0767521
4.54905
0.453351
0.0710269
4.53951
0.43559
0.0667863
4.56167
0.452067
0.076646
4.53595
0.446748
0.0655576
4.55555
0.439597
0.0658147
4.55281
0.449105
0.0822715
4.55604
0.458759
0.0710574
4.54348
0.434415
0.0713236
4.54243
0.439719
0.0652797
4.55733
0.438282
0.0834698
4.55275
0.44126
0.0694197
4.53752
0.437556
0.0667458
4.54432
0.444272
0.0625883
4.5467
0.443212
0.0690689
4.55019
0.451797
0.083168
4.54186
0.440327
0.0807582
4.54215
0.434667
0.0625927
4.56666
0.459143
0.0724099
4.54255
0.439819
0.0619161
4.55038
0.441119
0.0732559
4.54078
0.439926
0.0593129
4.5527
0.451471
0.0658265
4.54485
0.435794
0.0764191
4.54824
0.433601
0.0610472
4.54409
0.448811
0.0807332
4.54922
0.444015
0.0933402
4.54495
0.449037
0.0726024
4.55444
0.447492
0.06556
4.55449
0.440963
0.0606309
4.55516
0.448956
0.0628189
4.55668
0.451691
0.0767526
4.55157
0.448566
0.0686803
4.55533
0.452298
0.0679409
4.55327
0.4361
0.0712773
4.56343
0.446056
0.0764821
4.54366
0.457215
0.074247
4.54346
0.439798
0.0751323
4.53996
0.453658
0.0719667
4.54666
0.435411
0.0667918
4.55031
0.447574
0.0785314
4.55211
0.448715
0.0737801
4.5475
0.439621
0.0658645
4.54564
0.446501
0.0641432
4.55396
0.440348
0.0691105
4.53644
0.452503
0.0643236
4.54445
0.447651
0.0714638
4.54997
0.452155
0.0616369
4.54602
0.446396
0.0632045
4.54885
0.430754
0.0709938
4.55078
0.434269
0.0738705
4.54686
0.452404
0.0807572
4.54357
0.441254
0.0638425
4.54481
0.44413
0.075394
4.54484
0.4535
0.0799761
4.54171
0.451418
0.0686669
4.543
0.442184
0.0759794
4.54398
0.443363
0.0649446
4.54011
0.442097
0.0707309
4.54987
0.44264
0.0717334
4.56475
0.444928
0.0722748
4.55165
0.456689
0.0848561
4.54135
0.4314
0.0780051
4.5457
0.450421
0.0722251
4.54706
0.441299
0.075545
4.54902
0.442341
0.0771561
4.55473
0.455297
0.0725505
4.54566
0.443196
0.0709464
4.54778
0.450467
0.0574004
4.54629
0.444391
0.0682759
4.54404
0.449057
0.0731823
4.54937
0.446159
0.0762304
4.54347
0.434025
0.0659645
4.55471
0.457956
0.0713825
4.55706
0.450327
0.0830668
4.5456
0.442938
0.066511
4.54694
0.445882
0.069313
4.54874
0.450969
0.0897978
4.55996
0.435784
0.0740489
4.54699
0.449765
0.0627573
4.54875
0.43937
0.0733207
4.55508
0.43082
0.0816688
4.54721
0.436802
0.0724848
4.54323
0.443231
0.0732595
4.54653
0.441708
0.0716998
4.55623
0.438858
0.0795303
4.54434
0.439261
0.0645444
4.54133
0.441861
0.0729253
4.55383
0.456082
0.0589978
4.54262
0.433438
0.0589712
4.54856
0.451931
0.0600977
4.54701
0.444583
0.0591927
4.53436
0.453885
0.0852998
4.54175
0.432798
0.0733305
4.54262
0.443091
0.0669761
4.54778
0.439554
0.057323
4.56101
0.445232
0.0861424
4.54655
0.449794
0.0767023
4.54451
0.43604
0.0747411
4.55167
0.43739
0.0603539
4.53902
0.447666
0.075609
4.55075
0.443176
0.0756826
4.54714
0.436008
0.0702929
4.54407
0.447511
0.0732029
4.54692
0.447193
0.0583476
4.54795
0.443226
0.0630123
4.55084
0.440594
0.0665651
4.54927
0.445254
0.0639636
4.55276
0.443602
0.0649789
4.54322
0.441186
0.0816254
4.55353
0.44058
0.0739175
4.55284
0.452176
0.071805
4.55268
0.442353
0.0666765
4.55746
0.440842
0.0656119
4.54105
0.438922
0.0713476
4.53942
0.445373
0.0742659
4.54461
0.4492
0.0744232
4.5551
0.444599
0.0708155
4.54767
0.441074
0.0687143
4.55209
0.448724
0.0637013
4.54599
0.442984
0.0740284
4.54013
0.432788
0.0745448
4.55191
0.440857
0.0706817
4.54001
0.444348
0.069603
4.54333
0.437028
0.0659122
4.55636
0.436326
0.0630788
4.55257
0.454015
0.0707167
4.53927
0.448244
0.0669791
4.55211
0.435137
0.0697846
4.54023
0.426879
0.0623499
4.55391
0.445819
0.0869422
4.54497
0.452548
0.0753622
4.55656
0.43755
0.0706366
4.55787
0.451777
0.0717932
4.5566
0.439785
0.0675686
4.54296
0.446008
0.0741939
4.5503
0.446995
0.0679498
4.54634
0.436753
0.0622892
4.54671
0.439291
0.0750087
4.54612
0.45252
0.0748992
4.55228
0.440249
0.0662436
4.54126
0.430719
0.066947
4.53963
0.436732
0.081298
4.53998
0.449219
0.058766
4.55101
0.446675
0.0876713
4.54981
0.44988
0.0649995
4.5591
0.446722
0.0665497
4.55035
0.433569
0.0807032
4.55779
0.453718
0.0635964
4.54378
0.456856
0.0750456
4.54892
0.443149
0.0604928
4.5525
0.446209
0.0678244
4.56397
0.437564
0.074922
4.55331
0.461306
0.0725812
4.55043
0.437638
0.0679967
4.54088
0.438229
0.0626316
4.55299
0.450025
0.0670625
4.55509
0.454994
0.0797822
4.54655
0.445007
0.0696852
4.55366
0.434146
0.0690804
4.55134
0.449216
0.0768475
4.55514
0.456859
0.0544105
4.53903
0.449834
0.0714107
4.55017
0.45467
0.0736175
4.55954
0.440483
0.0626122
4.54319
0.43317
0.0590372
4.55063
0.450992
0.0669826
4.54087
0.449684
0.060988
4.5419
0.451295
0.0742208
4.54508
0.450886
0.0804713
4.5554
0.430991
0.0742443
4.54843
0.436128
0.0644584
4.55065
0.441618
0.0754922
4.55924
0.450119
0.0780431
4.54668
0.436873
0.0653331
4.54461
0.433275
0.0817769
4.53713
0.443777
0.0724761
4.54034
0.440273
0.0734519
4.54556
0.457767
0.0904992
4.54904
0.437025
0.0704373
4.56244
0.445899
0.0748074
4.54839
0.452034
0.070369
4.55282
0.449664
0.0787734
4.55233
0.449058
0.0834925
4.54387
0.450576
0.0675797
4.55453
0.437434
0.0689503
4.54348
0.441224
0.0774438
4.54386
0.430251
0.0756368
4.54192
0.456608
0.076129
4.55077
0.437159
0.0755991
4.54582
0.447389
0.0775771
4.55812
0.427618
0.0617568
4.55659
0.445075
0.0651729
4.53997
0.455683
0.067678
4.54151
0.434629
0.0809521
4.54458
0.451466
0.072175
4.54612
0.443993
0.0694227
4.54837
0.443686
0.0687714
4.55322
0.440383
0.0707475
4.53536
0.443287
0.0619401
4.55047
0.441021
0.0710856
4.54528
0.432796
0.0670501
4.55602
0.447027
0.0713472
4.54028
0.429988
0.065864
4.55894
0.434212
0.0718414
4.54871
0.430346
0.0640733
4.54795
0.438937
0.0600049
4.55225
0.437245
0.0618125
4.55401
0.45224
0.0807973
4.54315
0.442419
0.0614613
4.55305
0.438714
0.0702119
4.54558
0.435406
0.0631792
4.54856
0.449891
0.071076
4.54792
0.427411
0.0733889
4.54589
0.456793
0.06635
4.54794
0.44602
0.0725537
4.5536
0.44262
0.0634668
4.54534
0.431717
0.0661513
4.55528
0.45519
0.0753805
4.54464
0.437305
0.0603526
4.54867
0.441803
0.0681382
4.54767
0.44331
0.0626885
4.54723
0.437692
0.070359
4.55875
0.450284
0.0615098
4.56174
0.439906
0.0783843
4.54696
0.448057
0.0694678
4.54119
0.445918
0.070122
4.55551
0.458123
0.0624155
4.54868
0.448076
0.0579147
4.54333
0.444771
0.0673641
4.54892
0.44229
0.0582328
4.55065
0.451377
0.0721094
4.5555
0.441535
0.0700432
4.55469
0.441846
0.0647233
4.54662
0.439904
0.0816246
4.54842
0.441357
0.0685842
4.55088
0.444618
0.0688027
4.54144
0.443977
0.0832302
4.55071
0.448224
0.0672831
4.55222
0.444227
0.071403
4.54823
0.434782
0.064724
4.54599
0.437255
0.0740151
4.54788
0.440232
0.0696631
4.54294
0.437195
0.0615472
4.54771
0.445444
0.0726026
4.55382
0.447762
0.0687903
4.54868
0.439226
0.063062
4.54676
0.438598
0.0664442
4.54424
0.433859
0.0800686
4.54344
0.441362
0.0665788
4.54911
0.453047
0.0679959
4.53862
0.448792
0.0855212
4.5418
0.46144
0.0767428
4.55896
0.444402
0.08295
4.55052
0.442193
0.0707346
4.54763
0.440953
0.0712357
4.53243
0.43642
0.0658289
4.55207
0.451736
0.0782325
4.54321
0.440951
0.074042
4.54368
0.436141
0.0696096
4.54653
0.436038
0.0673677
4.55831
0.446089
0.0784359
4.54508
0.444568
0.0733664
4.564
0.44816
0.0676598
4.5582
0.439159
0.0796845
4.54836
0.427885
0.0741811
4.54476
0.434202
0.0688345
4.55513
0.444402
0.0586382
4.54757
0.443792
0.0642998
4.54759
0.436757
0.071898
4.54246
0.431621
0.0595566
4.55238
0.437892
0.0674158
4.54895
0.447133
0.0690177
4.54344
0.437815
0.065974
4.54434
0.434721
0.0695689
4.55463
0.440636
0.0738373
4.5574
0.443126
0.0747173
4.54669
0.437427
0.0708492
4.5497
0.440981
0.0604076
4.56852
0.454742
0.0632353
4.54929
0.440329
0.0564258
4.54012
0.451571
0.0702596
4.55437
0.439833
0.0662776
4.5412
0.447428
0.0612986
4.54583
0.454935
0.0653628
4.54734
0.440114
0.07328
4.54523
0.435073
0.0755049
4.55226
0.438333
0.0653501
4.55504
0.43078
0.0618302
4.54105
0.444163
0.0827092
4.54595
0.447845
0.059055
4.54785
0.430683
0.0553109
4.54205
0.444068
0.0685058
4.54827
0.433543
0.0651507
4.56171
0.447008
0.0634704
4.53913
0.443405
0.0686913
4.54405
0.438772
0.0759402
4.5515
0.456516
0.0761866
4.55209
0.440317
0.0624954
4.55193
0.438753
0.0738131
4.54502
0.441488
0.0785486
4.53809
0.454896
0.068005
4.53156
0.440533
0.0710041
4.55464
0.458446
0.0624396
4.55742
0.448696
0.0665739
4.5424
0.441103
0.0641813
4.55649
0.439697
0.0723093
4.55818
0.447961
0.0695151
4.54874
0.446909
0.0652304
4.54595
0.440839
0.071503
4.55434
0.437132
0.0755032
4.55047
0.441195
0.0717377
4.53925
0.434266
0.0670784
4.55466
0.438514
0.0765448
4.54714
0.439874
0.0627502
4.54938
0.436873
0.0754508
4.54852
0.438042
0.0669133
4.54575
0.439676
0.0766371
4.5577
0.448002
0.0649221
4.54516
0.440445
0.0600939
4.54029
0.445891
0.0653982
4.54935
0.438258
0.0635135
4.54941
0.442427
0.0679464
4.54976
0.442563
0.065937
4.55381
0.434016
0.0671328
4.5548
0.443757
0.0656957
4.54586
0.448774
0.0659161
4.54566
0.444957
