0
2.17656
1.99655
2.0471
1.88093
1.7189
1.80249
1.65404
1.50221
1.61443
1.48855
1.35367
1.504
1.39218
1.2614
1.42582
1.31666
1.19423
1.368
1.26555
1.14491
1.33677
1.24184
1.12567
1.33248
1.23096
1.11508
1.33022
1.23491
1.11571
1.33765
1.24076
1.12118
1.34876
1.24601
1.12451
1.36049
1.25864
1.1379
1.38065
1.27311
1.14896
1.39187
1.29108
1.16083
1.40644
1.30439
1.17421
1.42439
1.3138
1.18841
1.44486
1.33016
1.19931
1.4588
1.35274
1.22214
1.48786
1.36916
1.23704
1.50988
1.39765
1.26029
1.53027
1.41422
1.28001
1.55404
1.43585
1.29817
1.56739
1.44291
1.29734
1.57181
1.45168
1.30614
1.58468
1.45917
1.31602
1.59379
1.46595
1.32427
1.60421
1.47849
1.3324
1.61107
1.48983
1.34583
1.62799
1.50074
1.35273
1.63496
1.51143
1.35988
1.64319
1.51392
1.36734
1.65439
1.52545
1.37539
1.6627
1.52887
1.37599
1.6621
1.53116
1.38157
1.66844
1.53674
1.38593
1.67492
1.54288
1.39003
1.6763
1.54811
1.39746
1.68793
1.56088
1.40247
1.69592
1.56598
1.41209
1.7059
1.57492
1.41554
1.71091
1.57684
1.42036
1.71527
1.57955
1.42099
1.71511
1.58103
1.42508
1.72226
1.58884
1.43339
1.72895
1.5901
1.43252
1.72452
1.58716
1.42559
1.72271
1.58214
1.42206
1.7199
1.58629
1.42881
1.72559
1.58899
1.42786
1.73024
1.59598
1.43643
1.73708
1.59506
1.4358
1.73326
1.59783
1.44296
1.74226
1.60407
1.44318
1.73867
1.59916
1.43981
1.73805
1.60088
1.44528
1.7484
1.60985
1.44992
1.7484
1.61337
1.45865
1.75945
1.61744
1.45985
1.76361
1.6233
1.461
1.75838
1.61661
1.45827
1.75967
1.62258
1.46056
1.76405
1.62638
1.46699
1.77183
1.63146
1.47079
1.77536
1.63449
1.47476
1.77997
1.64237
1.47954
1.78223
1.64615
1.48147
1.78138
1.6405
1.47775
1.77713
1.63789
1.47705
1.77944
1.63648
1.47308
1.77654
1.63485
1.47057
1.77299
1.62813
1.47093
1.77492
1.63344
1.46876
1.77308
1.63492
1.47426
1.77708
1.63661
1.47242
1.78148
1.64146
1.48063
1.78539
1.64381
1.48116
1.78543
1.64854
1.48505
1.78974
1.64618
1.48036
1.78882
1.64708
1.47956
1.78621
1.6461
1.48385
1.78827
1.64871
1.47978
1.78671
1.64586
1.48271
1.7888
1.64355
1.47566
1.77798
1.63841
1.47518
1.77727
1.63559
1.47466
1.78074
1.64149
1.47978
1.78306
1.63736
1.47478
1.77719
1.63453
1.46941
1.77406
1.6316
1.47451
1.78337
1.6397
1.47229
1.78021
1.63984
1.47623
1.78128
1.64002
1.47737
1.78312
1.64212
1.4759
1.78463
1.64286
1.47595
1.77864
1.64102
1.48046
1.78559
1.64755
1.4859
1.78799
1.64603
1.48502
1.79032
1.64921
1.48619
1.79261
1.6511
1.4824
1.78229
1.64382
1.47798
1.78336
1.64432
1.47965
1.78139
1.63938
1.47871
1.78412
1.64123
1.48068
1.78529
1.64206
1.47802
1.78313
1.63809
1.47424
1.78133
1.63859
1.47731
1.78483
1.64184
1.47724
1.77798
1.64223
1.4748
1.78005
1.64051
1.47429
1.7837
1.64249
1.47888
1.77919
1.64134
1.47629
1.78347
1.64442
1.48135
1.78585
1.64595
1.48306
1.78494
1.64622
1.48274
1.78846
1.64516
1.48052
1.78643
1.65013
1.48956
1.7928
1.65055
1.48654
1.78387
1.6452
1.48154
1.7875
1.64677
1.48116
1.78341
1.64405
1.48214
1.78531
1.64579
1.4808
1.786
1.64735
1.48205
1.78626
1.64602
1.48438
1.78858
1.64736
1.48294
1.78933
1.65038
1.48145
1.7824
1.64321
1.47478
1.78438
1.64251
1.47369
1.7806
1.64109
1.47269
1.77847
1.63622
1.47428
1.77968
1.63622
1.47214
1.77767
1.63507
1.47366
1.77876
1.64038
1.47955
1.78199
1.63831
1.47383
1.78003
1.64095
1.47692
1.7832
1.64113
1.47537
1.78211
1.64395
1.48204
1.78506
1.64694
1.48132
1.78786
1.64832
1.48367
1.78657
1.64143
1.47995
1.7879
1.64982
1.48534
1.79022
1.65045
1.48225
1.78632
1.64624
1.48207
1.78618
1.64437
1.48577
1.79172
1.65284
1.48714
1.78997
1.64715
1.47831
1.78319
1.64117
1.47903
1.78261
1.6441
1.47743
1.78277
1.6398
1.47507
1.78307
1.64675
1.48067
1.78211
1.64456
1.47883
1.78551
1.64749
1.48387
1.79182
1.64732
1.47884
1.78476
1.64401
1.481
1.78134
1.64355
1.47918
1.78156
1.64187
1.4741
1.77874
1.63519
1.47137
1.778
1.64269
1.47837
1.78323
1.64199
1.47962
1.78533
1.64356
1.47495
1.78265
1.64018
1.47649
1.78681
1.64967
1.48356
1.78907
1.6503
1.48237
1.79045
1.65073
1.48729
1.7948
1.65371
1.48929
1.79108
1.64861
1.47983
1.7836
1.63785
1.4759
1.77993
1.63965
1.4732
1.77939
1.63312
1.46684
1.77453
1.63448
1.47199
1.78032
1.64109
1.47733
1.78642
1.64669
1.48071
1.78782
1.6469
1.47758
1.78242
1.64526
1.4793
1.78336
1.64687
1.48367
1.78277
1.64305
1.47874
1.78508
1.64235
1.48174
1.78501
1.64525
1.48374
1.78925
1.64626
1.47843
1.77824
1.63375
1.47125
1.77968
1.64243
1.47797
1.78275
1.64541
1.47591
1.78328
1.6424
1.48261
1.78617
1.64531
1.47838
1.78812
1.64798
1.4844
1.78886
1.65185
1.48721
1.78931
1.65473
1.49185
1.79361
1.65277
1.49281
1.79624
1.65588
1.49213
1.79467
1.6493
1.48421
1.79032
1.64457
1.48206
1.78625
1.64744
1.48425
1.79077
1.64766
1.48198
1.78825
1.6473
1.48311
1.79259
1.65417
1.48922
1.79249
1.65255
1.48988
1.78852
1.64635
1.4807
1.78612
1.64825
1.48108
1.78844
1.64258
1.48069
1.78908
1.64745
1.4821
1.7884
1.64628
1.48495
1.79299
1.65223
1.48842
1.79026
1.64682
1.48337
1.78639
1.64746
1.48298
1.78761
1.6471
1.48171
1.78598
1.64221
1.48125
1.78655
1.64918
1.48265
1.78876
1.64788
1.47797
1.78785
1.64855
1.48344
1.78753
1.64478
1.47427
1.78063
1.64068
1.47265
1.77708
1.63705
1.46845
1.77355
1.63264
1.46816
1.77578
1.63518
1.47387
1.78257
1.6408
1.48007
1.78315
1.64539
1.48181
1.79021
1.6538
1.48798
1.79519
1.6586
1.48982
1.79648
1.65481
1.48892
1.79043
1.65263
1.49102
1.79546
1.652
1.48723
1.79318
1.65449
1.4905
1.79427
1.65127
1.48509
1.79291
1.65254
1.48772
1.7917
1.65259
1.48341
1.78857
1.64587
1.48527
1.79127
1.64849
1.48507
1.79015
1.65271
1.48817
1.79069
1.64991
1.4858
1.79316
1.65275
1.48981
1.78924
1.64631
1.47954
1.7877
1.64933
1.48218
1.7829
1.64493
1.47942
1.78314
1.64332
1.48033
1.78721
1.64838
1.48225
1.78322
1.64575
1.48158
1.78723
1.64651
1.48118
1.78556
1.64566
1.48176
1.79159
1.64885
1.48434
1.78972
1.64791
1.4841
1.7908
1.6524
1.48645
1.79058
1.64965
1.48746
1.79099
1.65211
1.49016
1.79628
1.65198
1.48445
1.78955
1.64654
1.48309
1.78742
1.64424
1.48333
1.78877
1.64956
1.48623
1.79299
1.65037
1.48985
1.79515
1.65245
1.4865
1.78811
1.64909
1.48695
1.79138
1.65172
1.4868
1.79182
1.64771
1.48481
1.79184
1.65146
1.48692
1.79263
1.64993
1.48402
1.79003
1.64607
1.47986
1.78437
1.64783
1.48041
1.78207
1.63991
1.47365
1.78133
1.64563
1.48144
1.78637
1.64507
1.48019
1.78673
1.64753
1.48013
1.78377
1.64021
1.47704
1.77837
1.63905
1.47842
1.78063
1.64433
1.47781
1.78824
1.64525
1.47849
1.78438
1.63864
1.47874
1.78879
1.64429
1.47391
1.78344
1.64187
1.47469
1.78197
1.64014
1.47922
1.78335
1.64772
1.48574
1.78965
1.65155
1.4918
1.79484
1.65415
1.49237
1.79598
1.65458
1.48878
1.79191
1.65203
1.48276
1.78885
1.64323
1.47991
1.79082
1.648
1.48538
1.79319
1.64986
1.48356
1.78812
1.64362
1.47968
1.78491
1.64922
1.48734
1.79072
1.65261
1.4859
1.79215
1.64838
1.48502
1.78541
1.64006
1.47591
1.78426
1.64736
1.48143
1.78953
1.64698
1.48148
1.78664
1.63862
1.47803
1.7841
1.64482
1.48211
1.79051
1.6471
1.48279
1.78674
1.64344
1.47927
1.78523
1.64152
1.4777
1.78177
1.6401
1.47039
1.78083
1.64325
1.4804
1.78928
1.64705
1.48402
1.79031
1.64778
1.48071
1.78509
1.64307
1.47996
1.7852
1.64697
1.48212
1.78841
1.64783
1.48455
1.79214
1.64879
1.48864
1.79443
1.6494
1.48281
1.78719
1.64586
1.48166
1.78709
1.64532
1.48062
1.78682
1.64639
1.48007
1.78857
1.65197
1.48862
1.7959
1.65887
1.49182
1.79698
1.65949
1.49371
1.79776
1.65864
1.49565
1.80026
1.65637
1.49156
1.79444
1.65275
1.48403
1.78516
1.6466
1.48361
1.78515
1.6442
1.48119
1.78713
1.64636
1.48173
1.78972
1.65012
1.48985
1.7953
1.65411
1.49125
1.79778
1.65431
1.49128
1.8007
1.65332
1.48641
1.78968
1.65103
1.48612
1.79146
1.65209
1.4875
1.79451
1.65466
1.48735
1.79477
1.65267
1.48528
1.79055
1.64908
1.48279
1.78912
1.64748
1.48374
1.78955
1.65125
1.48351
1.78514
1.64031
1.47759
1.78285
1.64506
1.47863
1.78022
1.63961
1.47218
1.78
1.63981
1.47628
1.78234
1.64464
1.48238
1.78885
1.64744
1.48046
1.78763
1.65062
1.48912
1.79367
1.6539
1.48579
1.79312
1.65199
1.49036
1.79562
1.65397
1.49045
1.79673
1.6593
1.49759
1.80353
1.65591
1.49239
1.79986
1.65814
1.49201
1.78913
1.64869
1.48005
1.78515
1.64545
1.47759
1.78614
1.64726
1.48419
1.79013
1.64918
1.48355
1.79054
1.65391
1.49074
1.79764
1.65376
1.48922
1.79488
1.65327
1.48655
1.78864
1.64952
1.48637
1.79314
1.65223
1.48709
1.78961
1.65036
1.48203
1.7901
1.6461
1.48716
1.79303
1.65308
1.4892
1.78884
1.64205
1.48053
1.78597
1.6439
1.4841
1.78353
1.64444
1.47576
1.78275
1.6414
1.47805
1.78161
1.64076
1.47906
1.78671
1.64514
1.47757
1.7828
1.64442
1.48123
1.78595
1.6479
1.48495
1.7923
1.65015
1.4871
1.79205
1.64703
1.48437
1.78505
1.64626
1.48867
1.79321
1.65382
1.48705
1.79106
1.65094
1.48697
1.79095
1.65018
1.48821
1.79486
1.65371
1.48912
1.79579
1.65399
1.49316
1.79737
1.65532
1.49132
1.79456
1.65763
1.49194
1.79927
1.65308
1.48846
1.79666
1.65638
1.49136
1.79773
1.65235
1.48707
1.7893
1.64233
1.48119
1.78667
1.64653
1.48408
1.79027
1.64912
1.48484
1.7893
1.64952
1.48601
1.78864
1.64895
1.48229
1.78803
1.64359
1.47604
1.77991
1.6457
1.48168
1.7871
1.6455
1.47926
1.77876
1.63486
1.4697
1.77601
1.6376
1.47394
1.77962
1.63596
1.47448
1.78084
1.64002
1.47582
1.77794
1.64008
1.47737
1.78408
1.64123
1.47785
1.77685
1.63688
1.47389
1.77553
1.6369
1.47279
1.77929
1.63808
1.47807
1.78628
1.6475
1.48842
1.79435
1.65151
1.48444
1.79094
1.65216
1.4861
1.79336
1.65294
1.49047
1.79092
1.6552
1.49238
1.80031
1.65834
1.48926
1.7961
1.65397
1.48982
1.79213
1.65213
1.48673
1.79186
1.64846
1.48558
1.79206
1.64553
1.48114
1.78509
1.64844
1.48361
1.79061
1.6504
1.48805
1.78715
1.6475
1.4855
1.79095
1.64571
1.48177
1.79001
1.65091
1.48064
1.78497
1.64351
1.47929
1.78909
1.65411
1.49135
1.79687
1.65413
1.48912
1.79536
1.65159
1.4841
1.78875
1.64455
1.48022
1.78267
1.64376
1.48299
1.78849
1.64908
1.48453
1.79161
1.65391
1.48767
1.79087
1.653
1.48807
1.79209
1.64716
1.48576
1.7899
1.65056
1.48563
1.78855
1.64373
1.47753
1.78394
1.64025
1.47841
1.78479
1.64175
1.48119
1.78909
1.64689
1.48376
1.79154
1.64909
1.48487
1.79282
1.64862
1.48618
1.79147
1.6467
1.48245
1.79187
1.64897
1.47896
1.78188
1.63912
1.47602
1.78184
1.63702
1.47335
1.77855
1.63607
1.47307
1.77939
1.63552
1.47557
1.78003
1.63997
1.47735
1.7842
1.63967
1.47357
1.78056
1.64135
1.47812
1.77953
1.63794
1.47404
1.78478
1.64482
1.47989
1.78008
1.63982
1.4711
1.77916
1.63923
1.47483
1.78616
1.64069
1.47464
1.78133
1.64136
1.47332
1.77883
1.63533
1.47257
1.77862
1.63936
1.47558
1.78227
1.64143
1.47442
1.77858
1.63935
1.47504
1.78094
1.64267
1.47811
1.77908
1.64479
1.47631
1.7809
1.63527
1.47266
1.77929
1.6411
1.47839
1.78305
1.64254
1.48172
1.78967
1.64608
1.48055
1.78278
1.64219
1.48035
1.78326
1.64578
1.48417
1.79199
1.64831
1.48511
1.78972
1.64265
1.47998
1.78546
1.64482
1.48009
1.78152
1.63605
1.47161
1.77923
1.63949
1.47921
1.78302
1.64099
1.47721
1.78081
1.6441
1.48166
1.78641
1.64431
1.4778
1.78199
1.64387
1.47954
1.78722
1.64234
1.48067
1.78489
1.64621
1.48145
1.78593
1.64784
1.48034
1.78688
1.64564
1.48531
1.78983
1.64721
1.48248
1.78278
1.64195
1.47836
1.78372
1.64595
1.47844
1.78357
1.64898
1.48243
1.7906
1.64903
1.48426
1.78489
1.64091
1.48161
1.78207
1.64308
1.48172
1.78874
1.65046
1.48207
1.7871
1.64868
1.4867
1.79401
1.65256
1.48903
1.79491
1.65793
1.49306
1.80396
1.65891
1.49291
1.79755
1.65324
1.48813
1.79271
1.64972
1.48579
1.79332
1.64973
1.48373
1.79332
1.65611
1.48868
1.78882
1.64624
1.4823
1.78657
1.65172
1.48984
1.79581
1.6477
1.48461
1.78951
1.64901
1.48651
1.79187
1.65171
1.48903
1.79646
1.65717
1.49008
1.79453
1.65714
1.4907
1.79309
1.6517
1.48531
1.78635
1.64633
1.48028
1.78686
1.64774
1.48757
1.79549
1.65525
1.49266
1.79526
1.65588
1.48971
1.79219
1.65103
1.48875
1.79224
1.6476
1.48523
1.79268
1.65446
1.48657
1.78914
1.64605
1.48277
1.78802
1.64331
1.48176
1.78905
1.64599
1.48267
1.78693
1.6467
1.4849
1.79139
1.65293
1.48925
1.79158
1.65219
1.48847
1.7957
1.6543
1.48841
1.79406
1.65365
1.48941
1.79689
1.65379
1.48411
1.78656
1.64442
1.48237
1.7888
1.64755
1.48327
1.78446
1.63703
1.4713
1.77484
1.63376
1.46863
1.77283
1.63014
1.46857
1.77767
1.63684
1.46821
1.76789
1.63298
1.46294
1.76773
1.63157
1.46905
1.77558
1.63502
1.46963
1.77305
1.63314
1.47464
1.77337
1.63237
1.47047
1.77958
1.64123
1.4784
1.78531
1.64183
1.47837
1.78316
1.64303
1.47755
1.78323
1.64424
1.48114
1.78687
1.64754
1.48228
1.7875
1.64599
1.47941
1.78179
1.63633
1.47421
1.78304
1.64315
1.48327
1.78771
1.64153
1.48106
1.78468
1.63838
1.47217
1.77895
1.63858
1.47485
1.78241
1.64072
1.4744
1.78013
1.6437
1.47724
1.78169
1.64226
1.4751
1.78537
1.64477
1.48171
1.7888
1.64886
1.48537
1.79273
1.64555
1.48188
1.78769
1.64752
1.4816
1.78738
1.64618
1.47546
1.77848
1.63602
1.46956
1.77913
1.64299
1.48008
1.78334
1.64235
1.47554
1.77878
1.63753
1.47458
1.78385
1.64338
1.47787
1.78402
1.64716
1.48418
1.78969
1.65001
1.4864
1.79306
1.64903
1.48541
1.79026
1.65116
1.48515
1.79205
1.65205
1.48564
1.79285
1.65213
1.48314
1.79027
1.65282
1.49143
1.79807
1.65486
1.48857
1.79593
1.657
1.4928
1.79895
1.65327
1.48731
1.79067
1.64915
1.48529
1.78887
1.64758
1.482
1.79161
1.65142
1.48422
1.79181
1.65082
1.48712
1.79118
1.6506
1.48506
1.79387
1.64512
1.48509
1.79245
1.65196
1.48833
1.79241
1.65025
1.48604
1.79212
1.6493
1.48919
1.79516
1.65351
1.4911
1.79784
1.66014
1.49582
1.79749
1.6575
1.49382
1.79784
1.65463
1.49251
1.79911
1.65791
1.49418
1.80152
1.65094
1.48411
1.79168
1.65344
1.48911
1.79491
1.6536
1.4907
1.79081
1.64893
1.48522
1.78931
1.64967
1.48378
1.79103
1.64963
1.48781
1.79504
1.65237
1.48742
1.79533
1.65483
1.48377
1.78979
1.64532
1.47993
1.78621
1.64479
1.47872
1.78569
1.64697
1.4824
1.78273
1.64367
1.47917
1.78556
1.64055
1.47745
1.78513
1.64197
1.47928
1.78658
1.64313
1.48188
1.78686
1.64757
1.48249
1.78905
1.64789
1.48584
1.79146
1.65091
1.48544
1.79355
1.65228
1.48626
1.78725
1.64557
1.48461
1.78983
1.64761
1.48543
1.79006
1.65122
1.48903
1.79393
1.6564
1.49136
1.79665
1.65625
1.49068
1.78708
1.64861
1.48203
1.78789
1.65084
1.48633
1.78831
1.64938
1.48615
1.78959
1.64883
1.48219
1.78804
1.64845
1.48732
1.79331
1.65084
1.48565
1.79022
1.65175
1.48854
1.79867
1.65527
1.49076
1.79223
1.65084
1.4856
1.79305
1.65526
1.4931
1.79689
1.6602
1.49428
1.80029
1.6637
1.49628
1.79863
1.65706
1.49185
1.7998
1.65715
1.49257
1.79537
1.65287
1.48738
1.78834
1.64342
1.47596
1.78104
1.63564
1.47136
1.77969
1.64155
1.47843
1.78577
1.64281
1.4799
1.78537
1.64026
1.48007
1.7866
1.64593
1.48336
1.79151
1.652
1.48558
1.79424
1.65255
1.48892
1.79415
1.65334
1.49194
1.79964
1.65476
1.48992
1.79269
1.65139
1.48869
1.79202
1.6476
1.48169
1.78713
1.64657
1.47775
1.78751
1.64542
1.47514
1.77852
1.63702
1.47493
1.77998
1.63757
1.47514
1.78082
1.64592
1.48109
1.78631
1.64526
1.48281
1.79043
1.648
1.4833
1.78999
1.64613
1.47843
1.78338
1.64658
1.4801
1.78839
1.64987
1.48133
1.78593
1.64827
1.48446
1.78904
1.65112
1.48697
1.79297
1.653
1.48732
1.79077
1.65067
1.48829
1.79241
1.65055
1.48753
1.78882
1.65149
1.48569
1.79327
1.65233
1.49099
1.7959
1.65339
1.49086
1.79334
1.65038
1.48576
1.79258
1.65227
1.48913
1.79028
1.64723
1.47691
1.77797
1.64006
1.47844
1.78442
1.64114
1.47857
1.77864
1.63848
1.47665
1.77679
1.63866
1.46923
1.76949
1.63084
1.47005
1.77915
1.63721
1.47446
1.77809
1.63645
1.47744
1.78605
1.64365
1.48195
1.78937
1.64879
1.48199
1.78266
1.64384
1.47963
1.78505
1.64423
1.4778
1.78091
1.64057
1.47981
1.78603
1.64293
1.48024
1.78418
1.64492
1.47989
1.78358
1.64208
1.47578
1.78291
1.63819
1.47624
1.77959
1.6402
1.47726
1.7854
1.64655
1.48611
1.78967
1.64871
1.4796
1.78489
1.64952
1.49146
1.79629
1.65794
1.49103
1.79639
1.65679
1.49395
1.79775
1.65631
1.48393
1.78786
1.64442
1.48113
1.78741
1.64769
1.48224
1.7864
1.64433
1.47957
1.77993
1.63951
1.47672
1.78172
1.64486
1.47731
1.7854
1.64605
1.48551
1.79269
1.6471
1.48228
1.7897
1.65076
1.48717
1.79307
1.65196
1.48498
1.78769
1.64633
1.48217
1.78799
1.64732
1.48401
1.78807
1.64221
1.48153
1.78557
1.6452
1.47932
1.78573
1.64674
1.48287
1.78907
1.65134
1.48356
1.78968
1.65024
1.48486
1.79295
1.65214
1.49014
1.79271
1.65204
1.48753
1.79227
1.64816
1.48242
1.79226
1.64939
1.48781
1.79171
1.65664
1.49252
1.79788
1.65404
1.49024
1.79523
1.65108
1.48511
1.79353
1.65315
1.48962
1.79351
1.65109
1.48906
1.79346
1.65036
1.48599
1.79173
1.65409
1.48852
1.79643
1.64974
1.48236
1.78696
1.64359
1.48257
1.78717
1.64384
1.47775
1.78299
1.64404
1.48456
1.79009
1.65168
1.48828
1.79371
1.65447
1.49084
1.79446
1.65127
1.48721
1.79383
1.65409
1.48735
1.79364
1.65382
1.48728
1.79124
1.6522
1.48617
1.79271
1.65068
1.48747
1.79429
1.65677
1.48991
1.79574
1.65252
1.48626
1.78901
1.64793
1.4803
1.78614
1.64169
1.47613
1.78072
1.63422
1.47285
1.77685
1.63383
1.465
1.77095
1.63473
1.47207
1.77548
1.63306
1.46757
1.77261
1.63095
1.46843
1.776
1.63918
1.47361
1.78356
1.64181
1.48021
1.78615
1.64725
1.48504
1.79334
1.64944
1.48748
1.79053
1.65065
1.48654
1.79039
1.65177
1.48388
1.7878
1.64677
1.48532
1.78974
1.65032
1.48349
1.79053
1.65005
1.48677
1.79291
1.65448
1.49015
1.79565
1.6497
1.48462
1.79249
1.65065
1.49041
1.79844
1.6564
1.49329
1.79768
1.65445
1.49456
1.79648
1.65486
1.49182
1.7974
1.64852
1.48771
1.79378
1.65054
1.48478
1.78912
1.64853
1.48938
1.79044
1.65136
1.48854
1.79311
1.65347
1.48765
1.79246
1.65211
1.4907
1.7992
1.65356
1.48742
1.79083
1.65019
1.48589
1.79055
1.65302
1.48795
1.78588
1.64531
1.48169
1.78482
1.64398
1.47951
1.78432
1.64797
1.48282
1.79043
1.64923
1.4875
1.7942
1.65335
1.49028
1.79724
1.64769
1.48206
1.79112
1.65004
1.48893
1.7962
1.65597
1.49031
1.79665
1.65469
1.48766
1.79109
1.65296
1.49079
1.79755
1.65703
1.49043
1.79262
1.64818
1.48145
1.79039
1.64914
1.48377
1.78668
1.64832
1.48738
1.79284
1.64741
1.48523
1.78892
1.64802
1.48434
1.78506
1.64726
1.47888
1.78887
1.64714
1.47844
1.77867
1.63577
1.47375
1.78
1.64297
1.48336
1.78827
1.64945
1.485
1.79085
1.64769
1.47973
1.78807
1.64581
1.48162
1.78802
1.64688
1.48279
1.78945
1.65013
1.48543
1.78893
1.65244
1.48639
1.78807
1.64628
1.47992
1.78592
1.64903
1.48492
1.79326
1.65162
1.48125
1.79074
1.64789
1.4844
1.78543
1.64563
1.47597
1.78064
1.63709
1.47211
1.77823
1.63404
1.47208
1.77981
1.64094
1.47707
1.77974
1.64024
1.47277
1.77791
1.6398
1.47743
1.78353
1.64691
1.48427
1.78922
1.64515
1.48118
1.78863
1.64707
1.48335
1.78977
1.64683
1.47712
1.78818
1.64341
1.48242
1.78752
1.64081
1.47422
1.78323
1.64089
1.47933
1.78688
1.64855
1.48677
1.78759
1.64205
1.47978
1.78671
1.64615
1.4806
1.78903
1.64563
1.48132
1.78572
1.64245
1.47573
1.78176
1.6442
1.47859
1.78267
1.64349
1.48076
1.78764
1.647
1.47927
1.78598
1.64313
1.48056
1.78825
1.65101
1.48491
1.79165
1.64978
1.48712
1.79168
1.6495
1.48353
1.78907
1.64494
1.48038
1.78791
1.6434
1.48086
1.78525
1.6453
1.48041
1.78363
1.63653
1.47426
1.78313
1.64601
1.48323
1.79192
1.64875
1.48243
1.78994
1.64566
1.48232
1.78635
1.64328
1.47881
1.78424
1.64456
1.47708
1.78212
1.64389
1.47947
1.78493
1.64129
1.48005
1.78592
1.64338
1.47494
1.78042
1.64151
1.47974
1.78183
1.63979
1.47516
1.77896
1.63468
1.47193
1.77565
1.6362
1.47653
1.78389
1.64382
1.47952
1.78567
1.64456
1.47848
1.78361
1.64259
1.47711
1.78076
1.64141
1.47952
1.7868
1.64512
1.48075
1.78495
1.64453
1.47747
1.78317
1.64461
1.47744
1.78099
1.64323
1.47395
1.77944
1.64259
1.47913
1.78491
1.64189
1.47774
1.7858
1.64553
1.47716
1.78307
1.64056
1.47575
1.78336
1.64039
1.47562
1.78145
1.64254
1.4813
1.79172
1.64902
1.48397
1.7903
1.65179
1.48439
1.78888
1.6467
1.48238
1.79089
1.65465
1.48993
1.79009
1.65133
1.48774
1.79168
1.65522
1.4866
1.79108
1.65119
1.48884
1.79172
1.64726
1.48224
1.78621
1.64249
1.47595
1.78316
1.64182
1.4775
1.78688
1.64602
1.48394
1.7896
1.65044
1.48691
1.79498
1.65203
1.48934
1.79701
1.65247
1.48863
1.79187
1.64811
1.48129
1.78843
1.64612
1.47964
1.78791
1.64237
1.47802
1.78345
1.64299
1.4771
1.78474
1.64224
1.48199
1.79088
1.65027
1.48472
1.7911
1.64869
1.4824
1.78536
1.64467
1.48139
1.78858
1.64998
1.48016
1.78554
1.63663
1.47271
1.78133
1.64311
1.47925
1.78606
1.64523
1.48252
1.7855
1.64202
1.4787
1.78034
1.64012
1.47458
1.77806
1.63741
1.4773
1.785
1.64082
1.47898
1.7868
1.64588
1.48077
1.78587
1.64612
1.47984
1.78555
1.64575
1.47677
1.78443
1.64519
1.48168
1.78865
1.64695
1.47793
1.78169
1.63987
1.47564
1.78457
1.64065
1.47485
1.77345
1.63344
1.47089
1.77755
1.63869
1.47853
1.78384
1.64377
1.47638
1.78074
1.64151
1.47909
1.78576
1.64302
1.47699
1.78238
1.63641
1.47245
1.78031
1.64011
1.47168
1.7785
1.63419
1.4674
1.77557
1.63614
1.4718
1.77985
1.64369
1.48144
1.78343
1.64253
1.4755
1.77908
1.63379
1.47336
1.77918
1.63529
1.46919
1.77643
1.63787
1.47353
1.7761
1.64158
1.47692
1.78083
1.6345
1.46961
1.7757
1.63756
1.47558
1.78037
1.63816
1.47336
1.78066
1.64271
1.47608
1.78204
1.64422
1.47757
1.78419
1.64113
1.47776
1.78332
1.64371
1.474
1.78213
1.64308
1.47809
1.78489
1.64266
1.47898
1.784
1.63719
1.47661
1.78116
1.63675
1.46983
1.77834
1.63948
1.47523
1.77793
1.64022
1.47429
1.77817
1.63927
1.47719
1.78423
1.64366
1.4801
1.78353
1.6424
1.47906
1.78367
1.64268
1.48069
1.7869
1.64466
1.48257
1.7907
1.64451
1.48307
1.7869
1.64661
1.48365
1.78606
1.64478
1.4846
1.79006
1.64693
1.48758
1.78978
1.64836
1.48329
1.78541
1.6447
1.48076
1.7866
1.64275
1.48021
1.78743
1.64633
1.48031
1.78061
1.6368
1.47116
1.77457
1.63566
1.4736
1.77901
1.63754
1.476
1.78407
1.64171
1.48053
1.78374
1.64026
1.47815
1.78339
1.64191
1.47307
1.78124
1.63624
1.47434
1.78188
1.64356
1.4752
1.78193
1.64275
1.4785
1.78536
1.64485
1.47939
1.78453
1.64915
1.48516
1.78804
1.6456
1.48228
1.78797
1.64945
1.47987
1.7872
1.64769
1.48457
1.79041
1.64839
1.48518
1.79114
1.64803
1.48214
1.78557
1.6425
1.47927
1.78304
1.64169
1.47487
1.77877
1.63962
1.48023
1.78613
1.64548
1.48048
1.78364
1.64009
1.47779
1.7831
1.64255
1.4735
1.78183
1.64409
1.47637
1.78493
1.64253
1.47682
1.78397
1.6427
1.48154
1.78822
1.64654
1.48351
1.79019
1.6557
1.48582
1.78979
1.64886
1.48593
1.79214
1.64925
1.48694
1.79253
1.65045
1.48409
1.78674
1.64761
1.48468
1.79388
1.65134
1.48521
1.78955
1.6482
1.48798
1.79236
1.65121
1.48653
1.789
1.64687
1.47879
1.78692
1.64358
1.47818
1.78637
1.64296
1.47661
1.78143
1.64704
1.48617
1.78563
1.64663
1.4844
1.78947
1.64925
1.48398
1.78561
1.64136
1.47518
1.77607
1.63748
1.47077
1.77877
1.64166
1.47856
1.78509
1.64331
1.47936
1.78721
1.64777
1.48638
1.79188
1.64937
1.48209
1.78377
1.64531
1.47962
1.78379
1.6413
1.47803
1.78348
1.63533
1.46894
1.77326
1.6341
1.47315
1.7773
1.6357
1.4749
1.78337
1.64535
1.48212
1.7883
1.64711
1.48168
1.78809
1.65052
1.48655
1.79364
1.65474
1.49198
1.79629
1.65326
1.48804
1.79037
1.64722
1.48619
1.78809
1.64581
1.48145
1.78694
1.6485
1.48016
1.78311
1.64855
1.48551
1.7906
1.64661
1.48271
1.79154
1.65263
1.4852
1.79044
1.64711
1.4802
1.78485
1.64509
1.47917
1.78547
1.64438
1.48005
1.78906
1.6435
1.47977
1.78521
1.64384
1.4789
1.78348
1.64737
1.47929
1.78797
1.64363
1.47918
1.78869
1.6475
1.4834
1.7905
1.64769
1.48398
1.78457
1.64751
1.48065
1.78413
1.64293
1.47858
1.787
1.64506
1.48157
1.78329
1.64259
1.47912
1.78492
1.64084
1.48084
1.78829
1.6497
1.48538
1.7867
1.64514
1.4796
1.78621
1.63806
1.47513
1.78291
1.64289
1.47747
1.78341
1.64523
1.47308
1.77915
1.6389
1.47261
1.7811
1.63971
1.47757
1.78363
1.64407
1.48102
1.78905
1.6487
1.48666
1.79049
1.64555
1.47611
1.78373
1.64373
1.47935
1.7846
1.64662
1.48143
1.78693
1.63915
1.47357
1.7811
1.64174
1.48198
1.78803
1.64517
1.47963
1.78651
1.65019
1.48757
1.79049
1.65406
1.48907
1.79238
1.64999
1.48453
1.7891
1.64658
1.48648
1.79195
1.65025
1.48404
1.78619
1.64781
1.4843
1.78845
1.64459
1.48102
1.78782
1.64074
1.47648
1.78707
1.64437
1.48016
1.787
1.64654
1.48373
1.78992
1.64653
1.47998
1.78735
1.64349
1.47972
1.78587
1.64473
1.48077
1.78739
1.65191
1.48511
1.79127
1.64934
1.48428
1.7916
1.65049
1.48653
1.79376
1.65213
1.48931
1.79693
1.65022
1.4834
1.78922
1.64658
1.48086
1.78582
1.64511
1.48386
1.78802
1.65192
1.4922
1.79892
1.65312
1.48456
1.79133
1.65017
1.4887
1.7935
1.64862
1.48749
1.7913
1.64491
1.48023
1.78745
1.64653
1.4835
1.78774
1.64577
1.48465
1.78685
1.6459
1.47805
1.78614
1.6444
1.48201
1.78897
1.64635
1.47783
1.78394
1.6413
1.47422
1.78285
1.64227
1.47869
1.78399
1.64522
1.48018
1.78523
1.64397
1.48386
1.78349
1.64499
1.48046
1.78656
1.64673
1.47971
1.78431
1.64176
1.47424
1.78071
1.63977
1.47672
1.78277
1.63938
1.47662
1.78122
1.64078
1.47402
1.77989
1.63446
1.47209
1.77969
1.64091
1.47935
1.7843
1.6453
1.48331
1.78793
1.64555
1.47866
1.78599
1.64694
1.48187
1.78686
1.64855
1.48882
1.79484
1.64693
1.48167
1.78563
1.64667
1.48169
1.78884
1.65047
1.48275
1.78586
1.64538
1.47791
1.78402
1.64399
1.47853
1.7847
1.64138
1.47885
1.78272
1.64271
1.48208
1.78855
1.6447
1.47989
1.78649
1.64547
1.48329
1.7916
1.65143
1.48985
1.79809
1.65764
1.48839
1.79115
1.64453
1.48379
1.7891
1.6499
1.48014
1.78712
1.64601
1.47595
1.78075
1.63659
1.47158
1.7771
1.6395
1.47542
1.77862
1.63698
1.47279
1.78011
1.63864
1.47918
1.78605
1.64251
1.47916
1.78318
1.64499
1.47869
1.78501
1.64247
1.48004
1.78217
1.64128
1.4777
1.78518
1.64274
1.47874
1.78434
1.64493
1.47966
1.78221
1.64548
1.48113
1.78859
1.64544
1.4767
1.78332
1.64286
1.48164
1.7839
1.64569
1.48034
1.78505
1.64268
1.47808
1.78454
1.64615
1.48043
1.78572
1.64313
1.47612
1.78716
1.64681
1.48234
1.78704
1.64666
1.48051
1.78395
1.63496
1.46802
1.77525
1.63445
1.47475
1.77836
1.64138
1.47826
1.78552
1.64451
1.48162
1.78755
1.64378
1.48013
1.78186
1.64272
1.47937
1.78633
1.64948
1.48632
1.7927
1.65041
1.48326
1.78776
1.64374
1.47664
1.78214
1.6412
1.4763
1.78386
1.63958
1.47674
1.78635
1.64925
1.48507
1.79132
1.65201
1.48369
1.78933
1.65084
1.48656
1.79394
1.65412
1.49041
1.79471
1.65607
1.49309
1.79597
1.657
1.49015
1.79353
1.65512
1.49126
1.79604
1.65116
1.48576
1.79054
1.65008
1.48389
1.79118
1.65154
1.48749
1.79486
1.65395
1.48626
1.79116
1.64885
1.48653
1.78936
1.64442
1.48122
1.78954
1.64797
1.48469
1.78891
1.64935
1.4834
1.78861
1.64309
1.48168
1.78644
1.64373
1.48036
1.78658
1.64566
1.48021
1.78477
1.64663
1.47638
1.78197
1.64089
1.47508
1.77837
1.64104
1.47695
1.7843
1.64601
1.48368
1.79175
1.64876
1.48334
1.78994
1.64711
1.48789
1.79187
1.6483
1.48481
1.79436
1.65037
1.4823
1.78825
1.64934
1.4867
1.78949
1.64477
1.48298
1.78909
1.647
1.48054
1.78856
1.646
1.47926
1.78599
1.64397
1.47758
1.78009
1.64017
1.47903
1.78611
1.64902
1.48635
1.79333
1.64746
1.48037
1.78562
1.64192
1.47947
1.78541
1.64545
1.48325
1.78689
1.64756
1.48624
1.78841
1.6477
1.48327
1.78879
1.6475
1.4802
1.78911
1.64473
1.47886
1.78841
1.64569
1.48333
1.79059
1.64974
1.48523
1.7906
1.65223
1.48504
1.78855
1.64466
1.47712
1.78168
1.64137
1.47739
1.78263
1.63964
1.47533
1.77839
1.63441
1.46769
1.77297
1.63095
1.46822
1.77098
1.63318
1.46973
1.77739
1.63612
1.47256
1.77634
1.63567
1.47294
1.78174
1.63938
1.47778
1.78225
1.64433
1.47886
1.78661
1.64576
1.48112
1.78882
1.64528
1.48302
1.79125
1.64932
1.48757
1.79242
1.64897
1.4789
1.78459
1.64267
1.47563
1.78117
1.63743
1.47652
1.78128
1.64005
1.47472
1.77648
1.64088
1.48067
1.78656
1.64577
1.48235
1.79075
1.64858
1.48442
1.79259
1.64867
1.48748
1.79178
1.64666
1.48293
1.79002
1.64939
1.48418
1.79079
1.64864
1.48766
1.79336
1.65206
1.48369
1.78837
1.64567
1.48228
1.78955
1.64981
1.4856
1.78619
1.64486
1.48054
1.78899
1.64982
1.47781
1.78151
1.63785
1.47268
1.77646
1.63662
1.47081
1.77769
1.63945
1.47532
1.78098
1.64144
1.47741
1.78628
1.64675
1.48234
1.78762
1.65186
1.48947
1.79365
1.65399
1.49055
1.79454
1.65488
1.49085
1.79003
1.64958
1.48226
1.78752
1.64684
1.4786
1.78595
1.63987
1.47054
1.77765
1.63672
1.47389
1.77883
1.63936
1.47611
1.78174
1.64041
1.47763
1.78558
1.64331
1.48105
1.7888
1.65112
1.4854
1.79132
1.65136
1.48614
1.78873
1.64999
1.48424
1.78952
1.64843
1.48614
1.79393
1.65178
1.48957
1.79352
1.65228
1.48736
1.79295
1.65355
1.49342
1.79962
1.65837
1.49325
1.80041
1.65446
1.49057
1.79569
1.65234
1.492
1.79804
1.65832
1.4956
1.79739
1.65876
1.49086
1.79475
1.65399
1.48468
1.78545
1.64452
1.47847
1.78481
1.64654
1.4773
1.78205
1.64032
1.47655
1.77984
1.63782
1.47387
1.77812
1.63692
1.47847
1.78473
1.64039
1.47661
1.782
1.64207
1.4795
1.78352
1.64107
1.475
1.77931
1.63171
1.46792
1.77288
1.63373
1.46694
1.77642
1.62983
1.46958
1.77775
1.63881
1.47764
1.78068
1.63935
1.47363
1.78082
1.63872
1.47767
1.77905
1.63787
1.47525
1.7802
1.64238
1.48112
1.78873
1.64641
1.47929
1.78728
1.64454
1.48032
1.78659
1.65227
1.48767
1.79454
1.65359
1.48691
1.79382
1.64837
1.48191
1.78777
1.64957
1.49039
1.79512
1.64997
1.48503
1.78948
1.6448
1.48359
1.78837
1.65289
1.48372
1.78863
1.65137
1.48996
1.79419
1.65589
1.49077
1.79428
1.65262
1.48829
1.79343
1.65386
1.49228
1.79965
1.65782
1.49507
1.79519
1.65164
1.48043
1.78361
1.64658
1.48724
1.79287
1.65192
1.48867
1.78976
1.64725
1.47818
1.78246
1.63947
1.47147
1.78015
1.64184
1.47936
1.78397
1.64053
1.47533
1.78215
1.64389
1.47446
1.7787
1.63828
1.47574
1.78226
1.64355
1.47555
1.78301
1.64289
1.47602
1.78024
1.63764
1.47078
1.77355
1.63414
1.46991
1.77357
1.6355
1.47138
1.77794
1.63565
1.47255
1.78173
1.63954
1.47876
1.78217
1.64393
1.48461
1.78745
1.64396
1.48117
1.78706
1.63862
1.47359
1.77714
1.64106
1.47995
1.78852
1.64265
1.4777
1.78807
1.64348
1.48055
1.77967
1.64135
1.47884
1.7828
1.63933
1.47356
1.77789
1.64036
1.47695
1.78505
1.64439
1.48187
1.79009
1.64761
1.47931
1.78422
1.64464
1.48047
1.78699
1.64977
1.48822
1.79574
1.65543
1.49066
1.79646
1.65505
1.49107
1.79591
1.65324
1.48751
1.79466
1.6535
1.48849
1.79607
1.6537
1.48937
1.79355
1.65188
1.48419
1.78994
1.65205
1.4889
1.79164
1.65146
1.48979
1.79585
1.6526
1.48796
1.79482
1.65625
1.48673
1.7917
1.64641
1.48153
1.78523
1.63929
1.47618
1.78246
1.64289
1.47918
1.78474
1.63713
1.47269
1.77989
1.6426
1.47772
1.78115
1.64105
1.47869
1.78551
1.64291
1.48072
1.78663
1.64522
1.47909
1.7839
1.64573
1.47793
1.78474
1.6398
1.47761
1.78184
1.64232
1.4803
1.78082
1.63822
1.47396
1.7777
1.63881
1.47599
1.78269
1.64211
1.47924
1.78776
1.64106
1.47591
1.77873
1.64213
1.48159
1.78718
1.64836
1.48597
1.79038
1.65114
1.48879
1.79235
1.65213
1.48073
1.78529
1.64791
1.48392
1.78586
1.64698
1.48285
1.79102
1.64684
1.48065
1.7862
1.64347
1.47883
1.78714
1.6495
1.48356
1.78643
1.64558
1.48561
1.7879
1.64623
1.48535
1.78828
1.64828
1.48692
1.78906
1.65012
1.48813
1.79111
1.64619
1.48147
1.78614
1.64294
1.47888
1.78566
1.64549
1.4849
1.79242
1.65468
1.49068
1.79499
1.65029
1.48201
1.78891
1.65056
1.48582
1.79553
1.65335
1.48714
1.78704
1.64547
1.47816
1.78556
1.6435
1.48296
1.78948
1.6495
1.48547
1.79117
1.64789
1.48503
1.79427
1.65695
1.49686
1.80056
1.65787
1.49023
1.79665
1.65401
1.48844
1.79234
1.64961
1.48639
1.7941
1.65005
1.48003
1.78376
1.6449
1.48072
1.7823
1.63902
1.47431
1.78289
1.64555
1.48554
1.7891
1.64464
1.4778
1.78813
1.65006
1.48667
1.79213
1.65208
1.48818
1.79245
1.64929
1.48514
1.79204
1.65196
1.4881
1.79375
1.6526
1.48378
1.7881
1.64582
1.48699
1.79435
1.6536
1.48811
1.78832
1.64465
1.47965
1.78598
1.64455
1.48247
1.78662
1.64726
1.48539
1.79078
1.65455
1.49113
1.79746
1.65331
1.4876
1.79133
1.64914
1.48394
1.79029
1.64777
1.48349
1.7886
1.6432
1.47535
1.77721
1.64175
1.47497
1.78058
1.63819
1.47567
1.7853
1.64324
1.48126
1.7842
1.64173
1.47673
1.7842
1.64285
1.47766
1.78389
1.63556
1.47055
1.77838
1.63857
1.4719
1.78045
1.6364
1.47564
1.77807
1.63547
1.47406
1.78201
1.6441
1.48274
1.79008
1.65098
1.48556
1.79183
1.64934
1.48571
1.79218
1.65098
1.48532
1.78872
1.64524
1.48503
1.79242
1.63807
1.47792
1.78372
1.64356
1.48011
1.78357
1.64395
1.4802
1.78504
1.64043
1.47904
1.78363
1.64263
1.47765
1.78782
1.64117
1.47514
1.7831
1.64032
1.4781
1.7888
1.6493
1.48479
1.7911
1.64147
1.4793
1.78745
1.64162
1.47131
1.77742
1.63759
1.47123
1.77566
1.6379
1.47525
1.78437
1.64853
1.47882
1.78289
1.64064
1.47738
1.78726
1.64525
1.4847
1.78478
1.64674
1.48672
1.79209
1.65131
1.48196
1.78444
1.64507
1.47721
1.78189
1.64091
1.47923
1.78387
1.64263
1.48278
1.79008
1.64971
1.48169
1.78743
1.64429
1.48044
1.7856
1.64395
1.47879
1.78611
1.64753
1.48296
1.79067
1.64786
1.48187
1.78511
1.64121
1.47748
1.78264
1.64304
1.48201
1.78724
1.64587
1.48539
1.78743
1.65289
1.48882
1.79591
1.65691
1.49522
1.79937
1.65813
1.49594
1.80395
1.659
1.4933
1.79752
1.65604
1.48616
1.78983
1.64868
1.48796
1.78981
1.65
1.48312
1.78814
1.64524
1.48202
1.78708
1.64687
1.48362
1.78849
1.64298
1.47834
1.78491
1.63808
1.47542
1.7809
1.64156
1.47962
1.78564
1.64347
1.48088
1.7857
1.6426
1.48152
1.78704
1.64533
1.4823
1.78834
1.64649
1.47783
1.78479
1.6456
1.47896
1.78258
1.64143
1.48325
1.78879
1.64907
1.48545
1.79094
1.64497
1.48055
1.78716
1.64359
1.48293
1.79167
1.65049
1.49036
1.79663
1.65361
1.48966
1.79655
1.65722
1.4893
1.79264
1.65219
1.48878
1.79743
1.65779
1.49318
1.79568
1.6531
1.48579
1.79101
1.64915
1.48507
1.78937
1.64894
1.48823
1.79214
1.64765
1.48196
1.78721
1.64744
1.48215
1.78677
1.64641
1.48088
1.7892
1.64589
1.48459
1.7918
1.64934
1.48802
1.79095
1.64627
1.47834
1.78728
1.63958
1.47336
1.78089
1.63953
1.48154
1.78985
1.64844
1.48158
1.78598
1.64008
1.47469
1.78241
1.6442
1.47943
1.78501
1.64076
1.47399
1.77653
1.64198
1.48112
1.78585
1.64119
1.47884
1.78577
1.64781
1.48518
1.78876
1.6454
1.48338
1.79333
1.65145
1.48823
1.79115
1.64993
1.48657
1.79398
1.65382
1.48975
1.7934
1.65363
1.48945
1.79535
1.65327
1.4889
1.79121
1.64813
1.48387
1.78614
1.6461
1.48147
1.78691
1.64365
1.48239
1.78351
1.64019
1.47491
1.77905
1.64302
1.47892
1.78739
1.64625
1.4793
1.78831
1.64599
1.48416
1.79365
1.65532
1.49253
1.79664
1.65863
1.49338
1.79796
1.65642
1.48943
1.79185
1.65196
1.4855
1.7883
1.6481
1.48758
1.79223
1.65266
1.48618
1.79367
1.65227
1.48843
1.78978
1.65227
1.48837
1.79453
1.64801
1.47968
1.78522
1.64415
1.48144
1.78612
1.64273
1.48303
1.78865
1.64666
1.47941
1.78406
1.64394
1.48046
1.78712
1.64465
1.47998
1.78366
1.64586
1.47952
1.78815
1.64678
1.47632
1.7826
1.64245
1.4787
1.78332
1.64058
1.47654
1.78191
1.64241
1.482
1.7867
1.64803
1.48342
1.79051
1.64968
1.48481
1.79292
1.65527
1.49056
1.79583
1.65571
1.49479
1.79971
1.6562
1.48898
1.79352
1.65503
1.49114
1.79301
1.65207
1.48785
1.79437
1.65602
1.49138
1.79262
1.65365
1.4824
1.78939
1.64249
1.48474
1.79141
1.64773
1.48453
1.78854
1.64458
1.47374
1.77963
1.63797
1.47377
1.78146
1.64375
1.48216
1.78397
1.63849
1.47594
1.77722
1.63585
1.47546
1.77998
1.63621
1.47358
1.78138
1.64132
1.47734
1.78084
1.63937
1.47194
1.78064
1.63702
1.47355
1.78203
1.64063
1.47334
1.77984
1.64197
1.47618
1.78132
1.64352
1.4828
1.78474
1.63854
1.47544
1.77835
1.63995
1.47661
1.7781
1.63754
1.46853
1.77651
1.63462
1.47262
1.78062
1.64008
1.48283
1.78886
1.64856
1.48539
1.78889
1.64788
1.48687
1.79159
1.64192
1.47851
1.78836
1.64894
1.47867
1.78272
1.64457
1.48032
1.79005
1.64785
1.48473
1.79148
1.65011
1.48655
1.79515
1.65201
1.48556
1.79061
1.64567
1.48337
1.78913
1.64746
1.48321
1.7856
1.64616
1.48479
1.78825
1.64872
1.48637
1.79001
1.64228
1.48021
1.78753
1.64564
1.48146
1.78654
1.64886
1.4882
1.79013
1.64262
1.47664
1.78238
1.63977
1.48119
1.78377
1.64522
1.4797
1.78534
1.64458
1.47818
1.78474
1.64174
1.47677
1.77946
1.64221
1.4783
1.78442
1.64495
1.48341
1.78861
1.64602
1.4828
1.78777
1.64937
1.48401
1.79117
1.64701
1.48613
1.79106
1.64827
1.48317
1.78626
1.64149
1.47991
1.7845
1.64026
1.47449
1.7828
1.6425
1.47869
1.78245
1.6383
1.47465
1.78027
1.64234
1.47746
1.78483
1.6429
1.48334
1.78845
1.64607
1.48267
1.78804
1.64942
1.48544
1.7939
1.65175
1.48883
1.79444
1.65296
1.48909
1.79396
1.65467
1.49241
1.79662
1.65235
1.48847
1.78977
1.64956
1.47894
1.78625
1.64335
1.47826
1.78153
1.64434
1.47703
1.7834
1.64834
1.48368
1.78957
1.64861
1.4834
1.79199
1.6497
1.48292
1.78842
1.65065
1.48435
1.78723
1.64551
1.48351
1.78669
1.64542
1.48307
1.78967
1.6527
1.48583
1.78901
1.64814
1.48784
1.79079
1.64757
1.48416
1.78632
1.64251
1.47797
1.78404
1.64444
1.4816
1.78506
1.64511
1.48309
1.78629
1.64317
1.47697
1.78105
1.63521
1.47173
1.77895
1.63976
1.47343
1.77903
1.64174
1.47962
1.78679
1.64862
1.48172
1.78414
1.64
1.47996
1.78553
1.64432
1.48097
1.78557
1.64137
1.48323
1.78631
1.64653
1.48199
1.79061
1.64822
1.48405
1.79367
1.65006
1.48798
1.7961
1.65035
1.48281
1.78885
1.64661
1.48354
1.7896
1.648
1.48667
1.79329
1.65075
1.48323
1.79104
1.6485
1.48225
1.78888
1.64748
1.48018
1.78358
1.64392
1.47635
1.7838
1.64084
1.47809
1.78454
1.6461
1.47941
1.78672
1.64593
1.48024
1.78782
1.64879
1.4839
1.78945
1.64853
1.48317
1.78953
1.65356
1.48852
1.79562
1.64809
1.48044
1.78386
1.64553
1.48592
1.79156
1.64912
1.48429
1.79005
1.65354
1.48671
1.78909
1.64526
1.47851
1.78051
1.6435
1.47999
1.78569
1.64804
1.4834
1.78988
1.65166
1.48679
1.78971
1.65109
1.48523
1.79362
1.65724
1.49008
1.79796
1.65207
1.48794
1.79218
1.65261
1.48671
1.79595
1.65606
1.49209
1.79508
1.64807
1.48351
1.7909
1.64901
1.48574
1.79048
1.64651
1.47805
1.78303
1.64242
1.47906
1.78577
1.64697
1.48129
1.7882
1.6511
1.48474
1.79032
1.64959
1.48599
1.79162
1.64743
1.4831
1.78863
1.64548
1.48454
1.78632
1.63834
1.4734
1.78111
1.63891
1.47614
1.78213
1.64142
1.4781
1.78423
1.63905
1.47753
1.7835
1.64117
1.47762
1.78091
1.64383
1.47892
1.78643
1.6465
1.48282
1.78871
1.65079
1.48454
1.78661
1.6469
1.48381
1.79203
1.64971
1.48432
1.79356
1.65171
1.49085
1.79561
1.64801
1.48725
1.79422
1.65271
1.48665
1.79226
1.65033
1.48511
1.79006
1.65126
1.48632
1.79075
1.64878
1.48544
1.78626
1.64538
1.48072
1.78588
1.64491
1.48063
1.78353
1.64715
1.48284
1.78936
1.64743
1.48349
1.79052
1.65264
1.48526
1.78759
1.64309
1.47927
1.78393
1.64414
1.47981
1.78672
1.6425
1.47882
1.78827
1.64678
1.48178
1.78805
1.64643
1.48188
1.7898
1.64832
1.48198
1.78979
1.65111
1.48615
1.79109
1.6529
1.49184
1.79427
1.65065
1.48412
1.78548
1.64047
1.47833
1.78351
1.64503
1.47863
1.78552
1.64586
1.47928
1.78639
1.6426
1.47187
1.7786
1.641
1.47723
1.78457
1.64503
1.47988
1.78756
1.64672
1.48564
1.79115
1.65068
1.48627
1.78867
1.65109
1.487
1.79014
1.64376
1.48013
1.78637
1.64493
1.47824
1.78232
1.64089
1.4841
1.78662
1.64559
1.4834
1.7875
1.64707
1.48653
1.79094
1.64609
1.48525
1.79031
1.64191
1.47788
1.78067
1.63549
1.47068
1.77665
1.63472
1.46948
1.7767
1.64002
1.47433
1.77759
1.63551
1.47219
1.77707
1.63914
1.48268
1.78758
1.64864
1.4799
1.78629
1.6489
1.48456
1.79156
1.65255
1.48542
1.79199
1.65323
1.4896
1.79464
1.65322
1.48677
1.79238
1.64852
1.47922
1.78395
1.64348
1.48164
1.79003
1.64493
1.48354
1.78954
1.64923
1.48651
1.79286
1.65368
1.48461
1.79244
1.65356
1.48513
1.79264
1.64777
1.48508
1.78689
1.64814
1.48593
1.79346
1.65063
1.48517
1.78723
1.64616
1.47922
1.78043
1.64032
1.47787
1.78519
1.64548
1.48359
1.78849
1.64963
1.48946
1.79335
1.65587
1.49294
1.79328
1.65152
1.48946
1.79791
1.65021
1.48705
1.7958
1.65449
1.4864
1.7908
1.65244
1.48293
1.78954
1.64675
1.48282
1.78918
1.64693
1.48092
1.78429
1.64254
1.48573
1.79069
1.65372
1.49328
1.79858
1.65706
1.49094
1.79873
1.65716
1.49054
1.79085
1.6497
1.48292
1.78673
1.64755
1.4824
1.79034
1.65156
1.48886
1.79556
1.64979
1.48571
1.79333
1.65315
1.48813
1.79488
1.65584
1.49094
1.79292
1.64934
1.48461
1.79171
1.64814
1.48533
1.78424
1.64439
1.48069
1.78686
1.64077
1.47649
1.78315
1.64407
1.48089
1.78633
1.6481
1.4842
1.78875
1.65142
1.47996
1.78686
1.64837
1.48313
1.79233
1.65042
1.4871
1.79402
1.65297
1.48599
1.79038
1.6484
1.48221
1.7907
1.64897
1.4836
1.78792
1.64491
1.47703
1.78529
1.64403
1.47718
1.78212
1.64137
1.47532
1.78446
1.64423
1.48179
1.78939
1.64822
1.48301
1.78836
1.64458
1.47527
1.78629
1.64551
1.48235
1.78537
1.64871
1.48429
1.79035
1.65004
1.48865
1.7893
1.6457
1.48532
1.79021
1.64858
1.48444
1.78893
1.64926
1.4822
1.78658
1.64588
1.48184
1.7883
1.65056
1.4863
1.79333
1.64449
1.47686
1.78177
1.63865
1.47195
1.775
1.63303
1.47273
1.77742
1.636
1.47099
1.78107
1.64129
1.47783
1.78395
1.64238
1.47803
1.78311
1.64399
1.47984
1.78491
1.64701
1.48368
1.78606
1.64374
1.47586
1.78298
1.64832
1.48733
1.78997
1.64553
1.47779
1.78088
1.64029
1.47443
1.78405
1.63935
1.47571
1.78451
1.64527
1.486
1.79172
1.64677
1.4838
1.79213
1.65059
1.48474
1.78869
1.65187
1.48781
1.79093
1.64864
1.48117
1.78416
1.64424
1.48159
1.78418
1.64117
1.47635
1.78324
1.64295
1.47779
1.7837
1.6448
1.48219
1.78716
1.64229
1.47813
1.78351
1.64239
1.47857
1.78373
1.6408
1.47582
1.78151
1.63851
1.47525
1.78197
1.63739
1.47343
1.78042
1.64254
1.47684
1.7828
1.6432
1.48114
1.7878
1.64788
1.48307
1.78807
1.64852
1.48704
1.78914
1.64779
1.4819
1.78594
1.64189
1.48063
1.78883
1.64793
1.48643
1.7917
1.65019
1.48604
1.79157
1.65418
1.49162
1.79399
1.65424
1.48901
1.78939
1.64571
1.48029
1.78474
1.64184
1.47514
1.77898
1.63917
1.47337
1.77739
1.63672
1.47218
1.78063
1.63866
1.47443
1.77945
1.63857
1.47466
1.77864
1.64079
1.47712
1.78644
1.64381
1.48214
1.79001
1.64557
1.4821
1.78917
1.64715
1.48303
1.78717
1.64722
1.47843
1.78592
1.64219
1.47967
1.78643
1.64312
1.47865
1.78511
1.64233
1.47965
1.78327
1.64287
1.47584
1.78547
1.64833
1.48241
1.78838
1.64926
1.48091
1.78159
1.645
1.48166
1.78876
1.64557
1.48083
1.7895
1.64045
1.47796
1.78179
1.64111
1.48204
1.78747
1.64263
1.47582
1.77951
1.64149
1.47727
1.78568
1.6402
1.47034
1.77671
1.64113
1.47991
1.78565
1.64435
1.47787
1.78261
1.64221
1.48086
1.78663
1.64551
1.48114
1.78623
1.6439
1.47972
1.78351
1.64471
1.48084
1.78814
1.64352
1.47801
1.78408
1.64488
1.48307
1.78757
1.64615
1.48212
1.79072
1.64791
1.48128
1.78509
1.64761
1.48362
1.7906
1.64987
1.48765
1.79338
1.65515
1.49163
1.79288
1.64561
1.48058
1.78291
1.6414
1.47701
1.78353
1.64314
1.47962
1.78661
1.64406
1.48104
1.78626
1.64737
1.48039
1.78381
1.64264
1.47947
1.78917
1.64728
1.48208
1.78889
1.64891
1.48005
1.78331
1.6455
1.47617
1.78211
1.64301
1.47827
1.7872
1.64345
1.47781
1.78095
1.63763
1.4785
1.78496
1.6434
1.47851
1.78658
1.64489
1.47688
1.78244
1.6426
1.47757
1.78599
1.64023
1.47789
1.78442
1.63939
1.47694
1.78461
1.64046
1.47483
1.78338
1.63977
1.47518
1.78328
1.64378
1.48094
1.78547
1.64289
1.48233
1.79116
1.65083
1.48257
1.78732
1.64615
1.48578
1.79039
1.64856
1.48208
1.78787
1.64803
1.4853
1.7963
1.65192
1.48723
1.79166
1.64914
1.4887
1.79037
1.64567
1.48109
1.78597
1.64862
1.48416
1.78758
1.65067
1.48691
1.79184
1.64778
1.4864
1.78852
1.64994
1.48816
1.79451
1.6527
1.49125
1.79276
1.65064
1.48249
1.79129
1.64958
1.48444
1.78658
1.64524
1.48249
1.78685
1.64436
1.47782
1.78409
1.6422
1.47764
1.78435
1.64164
1.4777
1.7859
1.64621
1.48174
1.78516
1.64325
1.47882
1.78162
1.63903
1.47526
1.78167
1.63949
1.47949
1.78675
1.64803
1.48077
1.78622
1.64288
1.47828
1.78386
1.64482
1.47901
1.78536
1.64548
1.48404
1.78552
1.6439
1.48019
1.7843
1.64588
1.48269
1.78782
1.64692
1.48029
1.78229
1.63944
1.47562
1.78542
1.64587
1.48697
1.79021
1.65258
1.4892
1.79226
1.64823
1.48457
1.78945
1.65012
1.48618
1.79479
1.65333
1.49114
1.79572
1.65235
1.48677
1.79137
1.64794
1.48123
1.78429
1.64448
1.48248
1.78843
1.64912
1.48556
1.78982
1.64937
1.4853
1.79183
1.64746
1.48469
1.79171
1.6501
1.48991
1.79323
1.65266
1.48656
1.79033
1.65188
1.48287
1.78838
1.6472
1.48619
1.79304
1.65201
1.48949
1.79604
1.65577
1.49258
1.79416
1.65177
1.48263
1.78987
1.65498
1.49166
1.7951
1.65015
1.4852
1.79051
1.64889
1.48535
1.78914
1.64547
1.47998
1.78661
1.64855
1.48254
1.78743
1.64509
1.47988
1.78372
1.64746
1.48254
1.78724
1.6483
1.48313
1.78738
1.6467
1.48442
1.7892
1.65111
1.48346
1.78936
1.65088
1.48611
1.79025
1.64913
1.48728
1.79134
1.64305
1.48001
1.78706
1.64309
1.4785
1.78882
1.65025
1.48815
1.79397
1.64905
1.483
1.78877
1.64861
1.48426
1.79003
1.65037
1.48532
1.79157
1.65458
1.49069
1.79571
1.65009
1.48959
1.79295
1.65566
1.48849
1.79491
1.6528
1.48921
1.79499
1.65503
1.48745
1.7908
1.64896
1.48447
1.79078
1.64561
1.48316
1.78709
1.65008
1.48345
1.78554
1.6411
1.4799
1.78559
1.64848
1.4823
1.78715
1.64749
1.48413
1.78766
1.63735
1.47617
1.78268
1.63765
1.47599
1.7865
1.64596
1.48301
1.78538
1.6454
1.48403
1.78828
1.64416
1.48034
1.78507
1.64078
1.47853
1.78651
1.65149
1.49028
1.79396
1.64952
1.48495
1.79054
1.65194
1.4843
1.79065
1.6502
1.48457
1.79276
1.64688
1.48391
1.79017
1.65232
1.48981
1.79249
1.64955
1.48767
1.79226
1.65259
1.48818
1.79645
1.65217
1.48781
1.79141
1.64549
1.48095
1.78492
1.64411
1.47973
1.78652
1.65007
1.48248
1.79206
1.64713
1.48631
1.7867
1.63982
1.47697
1.7813
1.6374
1.47056
1.77718
1.63772
1.47346
1.77773
1.6406
1.47741
1.78406
1.64091
1.47643
1.78641
1.64911
1.4892
1.79092
1.64802
1.48501
1.79081
1.64762
1.48559
1.79111
1.65315
1.48592
1.78736
1.6484
1.48397
1.78987
1.6423
1.47455
1.78606
1.64715
1.48334
1.78632
1.64537
1.4816
1.78433
1.64207
1.47887
1.77783
1.63665
1.47193
1.77889
1.63856
1.47579
1.77918
1.64004
1.47691
1.78644
1.64148
1.47828
1.78315
1.6458
1.48171
1.78756
1.6473
1.4841
1.79031
1.64848
1.48517
1.79235
1.6497
1.48601
1.78977
1.64766
1.48248
1.78807
1.64599
1.48574
1.79279
1.64545
1.48228
1.78773
1.64219
1.48192
1.79012
1.64474
1.47615
1.78154
1.64196
1.47532
1.77965
1.63927
1.47771
1.78176
1.64527
1.48248
1.78925
1.65082
1.48312
1.78753
1.64645
1.48248
1.78892
1.64384
1.48004
1.78687
1.64708
1.48115
1.78835
1.64921
1.48816
1.79399
1.65584
1.49161
1.79725
1.6512
1.48075
1.78862
1.65148
1.48824
1.79468
1.65119
1.48795
1.79518
1.64738
1.48347
1.78981
1.64728
1.48784
1.78987
1.64685
1.4819
1.78716
1.64252
1.47902
1.78554
1.64335
1.48014
1.78428
1.6441
1.48042
1.78762
1.64367
1.4788
1.78287
1.64129
1.47133
1.78059
1.63709
1.47583
1.77725
1.6374
1.47146
1.77466
1.63121
1.46751
1.77484
1.63206
1.4724
1.77904
1.63964
1.47707
1.77788
1.63379
1.46937
1.77805
1.63748
1.47193
1.77821
1.63881
1.47408
1.77992
1.64023
1.47692
1.78319
1.64415
1.48061
1.78737
1.64348
1.48177
1.78401
1.64192
1.47657
1.78505
1.64698
1.48132
1.7849
1.64444
1.47449
1.78219
1.64408
1.48045
1.78394
1.64305
1.47829
1.7781
1.63554
1.47649
1.78279
1.64435
1.48118
1.78868
1.64406
1.47774
1.7846
1.63939
1.47838
1.78192
1.64284
1.47851
1.78116
1.64573
1.47907
1.78801
1.65071
1.49034
1.79475
1.65058
1.48692
1.79193
1.65171
1.48843
1.78835
1.64596
1.48134
1.7867
1.64309
1.47973
1.7877
1.64527
1.48015
1.78416
1.64694
1.48477
1.79017
1.65319
1.48868
1.79581
1.65419
1.48983
1.79728
1.65482
1.48844
1.79446
1.65415
1.48827
1.79141
1.65044
1.48516
1.78827
1.64512
1.47961
1.78406
1.63801
1.48135
1.78498
1.64337
1.48071
1.78396
1.64488
1.48042
1.78366
1.64377
1.47952
1.78619
1.64145
1.481
1.78358
1.64402
1.48172
1.78801
1.64932
1.48379
1.78713
1.64162
1.47815
1.78128
1.63962
1.47288
1.77791
1.6359
1.47377
1.77581
1.63796
1.47232
1.78068
1.63961
1.47449
1.78364
1.64553
1.47598
1.78166
1.6363
1.47631
1.78486
1.64379
1.47838
1.79
1.64062
1.47395
1.77901
1.64144
1.4794
1.78666
1.64681
1.4911
1.79626
1.65204
1.48695
1.79108
1.65208
1.48555
1.79009
1.64573
1.48041
1.78563
1.64297
1.4794
1.78525
1.64616
1.48125
1.78613
1.64954
1.48972
1.79415
1.65067
1.48727
1.79138
1.64959
1.48817
1.79034
1.65409
1.49224
1.79355
1.65408
1.48734
1.7883
1.65056
1.48453
1.78852
1.64707
1.48161
1.78993
1.64639
1.48197
1.78896
1.64843
1.48054
1.78845
1.64918
1.48644
1.78985
1.65032
1.48026
1.78376
1.64217
1.48039
1.78797
1.64867
1.47882
1.78814
1.65109
1.48465
1.79324
1.64833
1.48327
1.79018
1.64713
1.47813
1.78478
1.64559
1.47861
1.78426
1.64165
1.47758
1.78032
1.63998
1.48002
1.78573
1.64192
1.47646
1.7838
1.638
1.4773
1.78429
1.64305
1.47925
1.78562
1.64778
1.48382
1.79111
1.65157
1.48376
1.79239
1.65012
1.48982
1.79585
1.65824
1.49066
1.79454
1.64921
1.47962
1.78708
1.64546
1.48434
1.79071
1.65047
1.487
1.79459
1.65604
1.48956
1.79526
1.65452
1.48716
1.79615
1.65705
1.48911
1.79377
1.65374
1.48825
1.79289
1.64944
1.4835
1.79078
1.6472
1.48461
1.79012
1.64577
1.48125
1.78733
1.64835
1.48449
1.79002
1.64559
1.47932
1.78559
1.6454
1.48392
1.78865
1.64988
1.48182
1.78716
1.64521
1.48418
1.78646
1.64639
1.48117
1.78586
1.64344
1.48208
1.78851
1.64595
1.48308
1.79047
1.64711
1.48758
1.7937
1.6478
1.484
1.78988
1.64833
1.48151
1.7873
1.64887
1.48365
1.79193
1.65259
1.48827
1.79559
1.65297
1.48883
1.79688
1.65379
1.4877
1.79218
1.64676
1.48192
1.78565
1.64591
1.48152
1.78749
1.64792
1.48292
1.79085
1.64711
1.48394
1.78515
1.64304
1.48044
1.78447
1.63928
1.47703
1.7819
1.64512
1.48267
1.7893
1.65046
1.48486
1.79068
1.64754
1.48545
1.78649
1.64756
1.48374
1.7901
1.65015
1.48514
1.79209
1.65086
1.48981
1.79586
1.65784
1.4876
1.79047
1.64808
1.48499
1.79065
1.64529
1.48187
1.78836
1.64964
1.48453
1.79189
1.64681
1.48402
1.78709
1.64659
1.48111
1.78721
1.6453
1.47832
1.78397
1.64188
1.482
1.78525
1.64427
1.48034
1.79048
1.65198
1.48158
1.7867
1.64527
1.48093
1.78829
1.64753
1.48291
1.79314
1.65092
1.48072
1.78239
1.64347
1.4829
1.78556
1.64619
1.47866
1.78364
1.64312
1.4844
1.78535
1.64119
1.47992
1.78915
1.65101
1.48203
1.7889
1.64389
1.48318
1.78842
1.65047
1.48748
1.79495
1.65015
1.48311
1.78982
1.64712
1.48321
1.79044
1.65079
1.4884
1.79501
1.65095
1.48677
1.79059
1.65088
1.4882
1.7925
1.64749
1.48175
1.78533
1.64413
1.48227
1.78762
1.65311
1.48926
1.79446
1.65188
1.4873
1.79098
1.64441
1.48042
1.78618
1.64315
1.48079
1.78834
1.64402
1.4793
1.77826
1.63945
1.4799
1.78939
1.64628
1.4854
1.78711
1.64581
1.483
1.79169
1.6486
1.48465
1.78887
1.64294
1.48038
1.78625
1.64664
1.48479
1.79226
1.65141
1.484
1.79042
1.64818
1.48536
1.79181
1.65028
1.48361
1.78745
1.64863
1.48235
1.78696
1.64764
1.48184
1.78641
1.64653
1.48599
1.79127
1.65082
1.48611
1.79175
1.6498
1.48571
1.78934
1.64611
1.48517
1.79021
1.65218
1.48891
1.79483
1.65235
1.48611
1.79452
1.65225
1.48376
1.79107
1.6517
1.49166
1.78808
1.64377
1.48388
1.78935
1.63952
1.47461
1.77926
1.63974
1.47614
1.78186
1.64519
1.48314
1.78529
1.64761
1.47988
1.78678
1.6504
1.48787
1.79472
1.65478
1.48744
1.79384
1.65137
1.4882
1.79238
1.65025
1.48341
1.78762
1.64487
1.47946
1.78609
1.64352
1.47932
1.78775
1.64465
1.47731
1.7847
1.64713
1.48063
1.78433
1.64738
1.47989
1.78229
1.64712
1.48227
1.78486
1.64452
1.48431
1.79307
1.64799
1.48023
1.78346
1.63869
1.47833
1.78249
1.64237
1.47892
1.78616
1.6463
1.48285
1.78807
1.64596
1.48229
1.78918
1.64789
1.48694
1.79381
1.65347
1.48698
1.79342
1.65233
1.48442
1.79284
1.64821
1.48188
1.78539
1.64621
1.47843
1.78343
1.64627
1.48026
1.78503
1.64067
1.47523
1.77922
1.63775
1.47233
1.78168
1.64295
1.48058
1.78228
1.64214
1.47297
1.77731
1.63764
1.4697
1.7769
1.63367
1.46874
1.77789
1.63787
1.47554
1.78055
1.6365
1.47232
1.7783
1.6379
1.47194
1.77764
1.63478
1.47092
1.77751
1.63439
1.46543
1.77016
1.6302
1.46805
1.77469
1.63313
1.47022
1.77386
1.63324
1.47208
1.7791
1.64148
1.48303
1.7907
1.64902
1.48689
1.79333
1.65319
1.48536
1.78921
1.64601
1.4794
1.78266
1.64637
1.48017
1.78724
1.63993
1.4735
1.78225
1.64276
1.47691
1.78323
1.6416
1.48229
1.78688
1.64866
1.48548
1.79116
1.64472
1.48033
1.78517
1.64468
1.4773
1.7816
1.64397
1.4779
1.78644
1.64302
1.4834
1.78973
1.65099
1.48503
1.79225
1.64948
1.48739
1.79482
1.65072
1.48142
1.78414
1.64222
1.47784
1.78127
1.64256
1.47836
1.78308
1.63807
1.47838
1.78724
1.64956
1.48846
1.79309
1.65724
1.49575
1.79903
1.65394
1.48623
1.79271
1.64864
1.4818
1.78696
1.64867
1.48136
1.78641
1.64442
1.48115
1.78618
1.64738
1.48374
1.788
1.64731
1.48188
1.78811
1.64028
1.47594
1.78469
1.64001
1.47618
1.78268
1.64392
1.47858
1.78496
1.64736
1.48397
1.79148
1.65107
1.48282
1.79167
1.64718
1.4877
1.79372
1.65358
1.48932
1.79704
1.65376
1.48865
1.79184
1.65257
1.48674
1.78948
1.65222
1.48241
1.78676
1.64707
1.48307
1.79074
1.64853
1.48442
1.78883
1.64838
1.4834
1.7898
1.64824
1.48502
1.79314
1.65448
1.49423
1.79898
1.66132
1.4943
1.79826
1.65922
1.49603
1.80264
1.65539
1.48887
1.79477
1.65144
1.48493
1.78616
1.64872
1.48731
1.79225
1.64669
1.48087
1.78343
1.64391
1.47617
1.78293
1.64438
1.47738
1.78143
1.64487
1.48267
1.78676
1.64488
1.48464
1.78662
1.64693
1.48465
1.79295
1.64651
1.48334
1.78898
1.64709
1.48209
1.78699
1.65038
1.48847
1.79041
1.64929
1.48361
1.78892
1.6413
1.47549
1.78008
1.64535
1.48283
1.78606
1.64176
1.47752
1.78596
1.64565
1.48404
1.78843
1.64632
1.4817
1.79003
1.64646
1.48135
1.78393
1.64202
1.47543
1.78484
1.64821
1.48463
1.7902
1.64404
1.47982
1.78489
1.64638
1.4842
1.78584
1.64362
1.48019
1.78492
1.64684
1.48362
1.78855
1.65243
1.48904
1.7932
1.65024
1.48724
1.7931
1.64938
1.48467
1.79086
1.64803
1.47793
1.78204
1.64021
1.47459
1.78411
1.64137
1.47977
1.7861
1.64776
1.48054
1.78791
1.64614
1.48029
1.78597
1.64091
1.4774
1.78058
1.63696
1.47308
1.77771
1.63902
1.47704
1.7828
1.64689
1.48206
1.78654
1.64552
1.48036
1.78472
1.64688
1.48485
1.7877
1.64336
1.47735
1.78272
1.64321
1.47956
1.78619
1.64594
1.48102
1.78629
1.64251
1.48014
1.78542
1.64266
1.47522
1.78559
1.64506
1.48245
1.78605
1.64738
1.48371
1.79057
1.64819
1.48547
1.79084
1.64581
1.48127
1.78526
1.64554
1.47899
1.78785
1.64586
1.48144
1.78742
1.64556
1.48524
1.79216
1.64923
1.48471
1.78725
1.63999
1.47726
1.78464
1.64567
1.47988
1.78496
1.64834
1.48475
1.78852
1.64829
1.48326
1.79155
1.64964
1.48159
1.78876
1.64896
1.48283
1.78631
1.64111
1.48012
1.78767
1.6451
1.48156
1.78552
1.64319
1.47955
1.7842
1.64458
1.47647
1.7824
1.64288
1.48008
1.78824
1.64601
1.48202
1.78706
1.64492
1.47795
1.78453
1.6471
1.48098
1.78936
1.64836
1.4848
1.79223
1.64909
1.47941
1.78546
1.6494
1.48484
1.79141
1.64999
1.48338
1.78646
1.64542
1.48389
1.79139
1.65052
1.48212
1.79068
1.65203
1.48521
1.78881
1.64311
1.47826
1.78178
1.6435
1.47522
1.78192
1.64229
1.47687
1.78295
1.64151
1.48182
1.78812
1.64844
1.48285
1.78842
1.64726
1.48289
1.78734
1.64571
1.48041
1.7868
1.64554
1.48821
1.79143
1.6523
1.47913
1.78243
1.63908
1.48056
1.78832
1.64585
1.48184
1.78741
1.6466
1.48159
1.78693
1.64828
1.4829
1.78601
1.64382
1.47634
1.78161
1.64297
1.47894
1.78524
1.64242
1.47916
1.78395
1.64138
1.47699
1.78293
1.64493
1.48505
1.78815
1.6435
1.48078
1.78274
1.64142
1.47997
1.78638
1.64299
1.48007
1.78371
1.64021
1.47835
1.78407
1.64369
1.47567
1.77879
1.64131
1.47944
1.78424
1.64465
1.47692
1.78484
1.6431
1.48472
1.79224
1.65405
1.49142
1.79463
1.65269
1.4859
1.79016
1.64641
1.48357
1.79385
1.64775
1.47951
1.78297
1.64551
1.47972
1.78654
1.64658
1.484
1.78983
1.65062
1.48555
1.79182
1.6488
1.48308
1.78938
1.64574
1.47959
1.7876
1.64947
1.48588
1.78789
1.64598
1.4813
1.78521
1.64466
1.48001
1.78203
1.64376
1.47887
1.78525
1.64738
1.4851
1.79203
1.64585
1.48547
1.79095
1.64911
1.49008
1.78934
1.64973
1.48618
1.7897
1.64965
1.48941
1.79396
1.65626
1.48915
1.79419
1.65281
1.48848
1.79621
1.64965
1.48485
1.79302
1.6516
1.49237
1.79239
1.64927
1.48587
1.79147
1.65053
1.48875
1.79122
1.64539
1.48128
1.78534
1.64397
1.47711
1.78079
1.6434
1.47999
1.78432
1.63933
1.47381
1.78257
1.64153
1.47416
1.77912
1.64318
1.48225
1.78458
1.64311
1.47815
1.78485
1.6455
1.48395
1.78987
1.64438
1.48124
1.78832
1.64408
1.47943
1.78648
1.64515
1.47828
1.78719
1.64373
1.4768
1.78402
1.64281
1.47899
1.78697
1.64814
1.48559
1.79071
1.65173
1.48089
1.78519
1.64673
1.48123
1.787
1.64687
1.48283
1.79113
1.64711
1.48099
1.78882
1.64264
1.4815
1.78345
1.64154
1.47884
1.78147
1.64153
1.4806
1.78431
1.63994
1.47493
1.78114
1.63958
1.47297
1.77835
1.63893
1.47484
1.78004
1.6411
1.47322
1.77915
1.64404
1.48073
1.78306
1.63928
1.47547
1.78325
1.64515
1.47999
1.78216
1.64004
1.47941
1.78476
1.64666
1.48355
1.78813
1.64956
1.48504
1.78988
1.64721
1.48347
1.78983
1.65391
1.49083
1.79529
1.65451
1.48911
1.79219
1.6499
1.48734
1.79388
1.6503
1.48641
1.79208
1.64795
1.48222
1.78813
1.65169
1.48879
1.79114
1.64811
1.48482
1.79108
1.64526
1.48379
1.78917
1.64221
1.47463
1.77971
1.63363
1.47185
1.78128
1.63931
1.4752
1.78245
1.63822
1.47572
1.77942
1.64029
1.47628
1.7861
1.64239
1.47597
1.78161
1.63941
1.4775
1.7831
1.64169
1.48134
1.78737
1.64749
1.48437
1.7926
1.65498
1.48879
1.79304
1.64995
1.48223
1.78504
1.64189
1.4785
1.78287
1.64527
1.48265
1.78962
1.64341
1.48328
1.78778
1.64699
1.48699
1.79126
1.64628
1.48242
1.78803
1.64852
1.48381
1.78616
1.64497
1.48039
1.78632
1.64217
1.47806
1.78359
1.63933
1.47521
1.78143
1.63702
1.47624
1.78433
1.64609
1.47998
1.78672
1.64419
1.48052
1.78923
1.64755
1.48566
1.78897
1.64873
1.48679
1.79221
1.64817
1.48445
1.78823
1.6474
1.48697
1.79135
1.65141
1.4895
1.79287
1.65324
1.4901
1.79503
1.65028
1.4865
1.79456
1.64976
1.48507
1.79193
1.65315
1.48395
1.79049
1.64902
1.48257
1.78545
1.63995
1.47241
1.77594
1.63538
1.47122
1.77703
1.63566
1.47119
1.77683
1.63799
1.47329
1.78018
1.63595
1.47477
1.77783
1.63538
1.47214
1.77806
1.63823
1.4765
1.78389
1.63995
1.47747
1.78355
1.64072
1.47734
1.78484
1.63657
1.47076
1.77789
1.63117
1.46876
1.7731
1.6327
1.47185
1.77319
1.63137
1.47027
1.77383
1.63721
1.47759
1.77998
1.63759
1.47319
1.77821
1.63841
1.47532
1.78373
1.64325
1.47999
1.78444
1.64713
1.48364
1.78781
1.64666
1.47251
1.77661
1.63585
1.47271
1.78105
1.6371
1.47428
1.77883
1.63588
1.47524
1.77845
1.63676
1.47101
1.7771
1.63757
1.47243
1.78078
1.64019
1.47691
1.78139
1.64296
1.47966
1.78598
1.64359
1.47494
1.77913
1.63763
1.47292
1.77851
1.63624
1.47376
1.7823
1.63722
1.46812
1.77631
1.63679
1.47073
1.78108
1.64272
1.48111
1.78294
1.64508
1.4776
1.78354
1.64641
1.47896
1.78544
1.65025
1.48696
1.79014
1.65031
1.4831
1.78415
1.646
1.48129
1.78753
1.63882
1.47994
1.78604
1.64405
1.47878
1.78286
1.64438
1.48678
1.7853
1.64446
1.48264
1.78811
1.64382
1.47701
1.78321
1.64493
1.48186
1.78391
1.64278
1.4832
1.7827
1.64231
1.4793
1.77886
1.6383
1.47291
1.78271
1.64102
1.47768
1.78177
1.63596
1.47351
1.77909
1.63044
1.46649
1.77724
1.63774
1.47291
1.77635
1.64
1.47549
1.78072
1.63973
1.48155
1.78639
1.64712
1.48671
1.79059
1.65075
1.48463
1.78625
1.64865
1.48218
1.78559
1.64699
1.48632
1.78924
1.65008
1.48433
1.78814
1.64882
1.4834
1.78818
1.64681
1.48256
1.78879
1.64752
1.4838
1.79014
1.64477
1.48053
1.79061
1.64823
1.48158
1.78873
1.65081
1.48834
1.79546
1.6507
1.48823
1.78585
1.64883
1.48572
1.78924
1.64629
1.4843
1.79117
1.64767
1.48535
1.79187
1.64468
1.47725
1.78192
1.64411
1.47705
1.7831
1.64634
1.48151
1.78625
1.64641
1.48179
1.7879
1.64217
1.48127
1.79092
1.64941
1.48366
1.78714
1.64718
1.48191
1.78792
1.64402
1.48439
1.79096
1.64986
1.48494
1.79072
1.651
1.48649
1.79258
1.64616
1.48232
1.78964
1.64502
1.47974
1.78734
1.63815
1.47611
1.78385
1.64752
1.48515
1.79011
1.64669
1.48365
1.78952
1.64628
1.48558
1.7914
1.64762
1.48229
1.79082
1.65138
1.49021
1.79409
1.65561
1.49013
1.79542
1.65253
1.48711
1.7943
1.65633
1.49203
1.79719
1.65349
1.48981
1.78867
1.64743
1.48337
1.79074
1.64864
1.48083
1.78691
1.64697
1.48222
1.78253
1.63891
1.47647
1.78406
1.64442
1.48225
1.78775
1.64916
1.48633
1.79399
1.65232
1.48884
1.79502
1.65483
1.49086
1.79408
1.65271
1.49051
1.79356
1.64746
1.47919
1.78453
1.64163
1.48077
1.78313
1.64559
1.48275
1.78408
1.64325
1.48375
1.78451
1.64718
1.48919
1.79336
1.6531
1.48925
1.79392
1.65371
1.48573
1.78628
1.64601
1.48434
1.78875
1.64792
1.48506
1.78892
1.64978
1.48377
1.78849
1.64773
1.48473
1.78571
1.64003
1.47455
1.78076
1.64257
1.47594
1.78466
1.64262
1.47423
1.7808
1.64257
1.48024
1.78721
1.6443
1.48362
1.79045
1.65062
1.4889
1.79316
1.65444
1.49049
1.7989
1.65996
1.49236
1.80174
1.65728
1.48944
1.79381
1.65482
1.48817
1.793
1.65297
1.48714
1.79222
1.65065
1.4807
1.78458
1.6426
1.47876
1.78641
1.65196
1.4907
1.79299
1.65257
1.48701
1.78986
1.64473
1.48314
1.78727
1.64401
1.48075
1.78577
1.64766
1.47936
1.78862
1.645
1.48435
1.78902
1.65103
1.48909
1.79266
1.64497
1.48133
1.78594
1.64556
1.48503
1.79289
1.64709
1.48257
1.78252
1.63962
1.47546
1.77913
1.63277
1.46634
1.77229
1.63394
1.4742
1.77943
1.64141
1.47792
1.78457
1.64773
1.48218
1.78589
1.64141
1.47416
1.7832
1.64163
1.48025
1.78627
1.6422
1.47834
1.7819
1.64236
1.47919
1.78285
1.64785
1.47929
1.78595
1.64137
1.47841
1.78187
1.6409
1.47287
1.77875
1.63867
1.47668
1.78411
1.64345
1.48182
1.7849
1.64508
1.47713
1.78171
1.64056
1.47674
1.7849
1.64735
1.48253
1.78558
1.64507
1.48577
1.79209
1.64897
1.486
1.79015
1.65023
1.48657
1.7894
1.64979
1.48614
1.7892
1.64994
1.48368
1.78885
1.64742
1.48133
1.78451
1.63893
1.48102
1.78679
1.64374
1.48403
1.78725
1.64616
1.48559
1.79206
1.64872
1.48568
1.79196
1.6511
1.48429
1.79393
1.65085
1.48912
1.79102
1.65037
1.48406
1.78892
1.64682
1.48093
1.78488
1.64419
1.47595
1.78284
1.64167
1.47739
1.78471
1.64511
1.4825
1.78473
1.63845
1.4744
1.78141
1.63866
1.47286
1.77952
1.6414
1.47606
1.78104
1.64321
1.47837
1.7849
1.64468
1.48346
1.78778
1.64656
1.48344
1.78486
1.64279
1.47644
1.78129
1.64472
1.48087
1.78442
1.64299
1.47769
1.78318
1.63954
1.47359
1.78126
1.64723
1.48535
1.79127
1.65236
1.48595
1.79221
1.64779
1.48687
1.79319
1.64801
1.48107
1.79039
1.64301
1.47863
1.78105
1.64118
1.48052
1.78618
1.64603
1.48273
1.78845
1.6496
1.49135
1.79574
1.65033
1.48103
1.78784
1.64625
1.4832
1.7902
1.64692
1.48327
1.79228
1.65214
1.48448
1.7924
1.6566
1.49221
1.79776
1.65958
1.49374
1.80025
1.65946
1.49187
1.79888
1.65529
1.49468
1.80071
1.6594
1.49374
1.79942
1.65831
1.49479
1.79722
1.65503
1.48846
1.79479
1.65186
1.48712
1.79081
1.6519
1.48818
1.79178
1.65302
1.48414
1.7893
1.64905
1.48519
1.78846
1.63941
1.47966
1.78913
1.64645
1.48249
1.78558
1.64178
1.48174
1.79026
1.64754
1.48436
1.79103
1.64789
1.48333
1.79022
1.64631
1.47926
1.78291
1.64279
1.4787
1.78612
1.6496
1.48376
1.79342
1.64903
1.48927
1.7932
1.65205
1.48768
1.795
1.65157
1.48369
1.78841
1.64395
1.47987
1.78607
1.64823
1.48026
1.78919
1.64678
1.48297
1.7912
1.64681
1.48399
1.78734
1.64602
1.48404
1.78574
1.64295
1.47626
1.78252
1.63964
1.4754
1.78244
1.64212
1.476
1.78093
1.64319
1.48166
1.78799
1.64639
1.4851
1.78779
1.64549
1.48041
1.78558
1.64544
1.47765
1.77931
1.64197
1.47361
1.77415
1.63318
1.46999
1.77757
1.64181
1.47748
1.78524
1.64725
1.48219
1.78718
1.64385
1.483
1.78573
1.65072
1.48147
1.78617
1.64015
1.47387
1.7801
1.63804
1.47597
1.78352
1.64062
1.47677
1.7858
1.64759
1.48514
1.78804
1.64828
1.4793
1.7819
1.6455
1.48213
1.78883
1.65232
1.48409
1.78948
1.64745
1.48416
1.78818
1.6486
1.48302
1.79146
1.64837
1.48717
1.79343
1.64893
1.48254
1.78824
1.64328
1.47948
1.78096
1.64023
1.47853
1.78601
1.64214
1.47968
1.78263
1.63749
1.4766
1.78196
1.647
1.4823
1.78908
1.64633
1.47995
1.78383
1.64491
1.47773
1.78315
1.64168
1.47342
1.78149
1.6448
1.4846
1.78821
1.64195
1.48019
1.7857
1.63938
1.47396
1.78157
1.64535
1.4824
1.78756
1.64538
1.47968
1.78678
1.65005
1.47984
1.78259
1.64304
1.48006
1.78374
1.63872
1.47715
1.78038
1.63564
1.47528
1.78356
1.64448
1.48368
1.78479
1.64451
1.47929
1.78773
1.64596
1.48036
1.78693
1.64586
1.48128
1.78356
1.6438
1.47955
1.7879
1.64359
1.48451
1.78687
1.64809
1.48102
1.78707
1.64898
1.48157
1.7883
1.65268
1.48456
1.78934
1.64395
1.48256
1.78511
1.64472
1.48205
1.78679
1.64954
1.48788
1.79063
1.64717
1.48267
1.78404
1.63791
1.47366
1.77764
1.64023
1.47781
1.78278
1.63879
1.47902
1.78544
1.64704
1.48013
1.78622
1.64727
1.48027
1.78599
1.64172
1.47585
1.78443
1.6469
1.48165
1.78664
1.65085
1.48757
1.79272
1.65393
1.48813
1.79538
1.64804
1.48354
1.7901
1.64805
1.48396
1.78626
1.64462
1.48287
1.79077
1.65095
1.48494
1.78815
1.64903
1.48214
1.79093
1.64925
1.48162
1.78646
1.64831
1.48397
1.79162
1.64403
1.4823
1.78728
1.64513
1.48059
1.7863
1.64529
1.47961
1.78421
1.64357
1.48103
1.78385
1.64607
1.47934
1.7841
1.64325
1.47705
1.78087
1.64151
1.47592
1.78104
1.63778
1.47651
1.78443
1.64428
1.47485
1.77786
1.63597
1.47563
1.78084
1.63984
1.4792
1.78669
1.645
1.48275
1.78919
1.64788
1.48479
1.7879
1.64333
1.48229
1.7873
1.64655
1.48495
1.79532
1.6548
1.49262
1.79839
1.65778
1.49282
1.79785
1.65767
1.48944
1.79478
1.65668
1.48942
1.79377
1.65045
1.48753
1.78899
1.64978
1.48564
1.79007
1.64837
1.48369
1.78737
1.64036
1.4748
1.78177
1.63919
1.47539
1.78284
1.64054
1.47562
1.78238
1.64233
1.47781
1.78484
1.64624
1.4846
1.79315
1.6484
1.48543
1.79034
1.64877
1.48429
1.78955
1.6485
1.48217
1.7877
1.64648
1.48003
1.78449
1.64429
1.48078
1.78888
1.64694
1.4838
1.7879
1.65147
1.48681
1.79547
1.65237
1.48737
1.79231
1.64809
1.48184
1.78639
1.64454
1.48219
1.78874
1.64767
1.4825
1.78393
1.64317
1.48407
1.78946
1.63952
1.47758
1.78096
1.63919
1.47828
1.78321
1.6412
1.48128
1.78771
1.63996
1.47528
1.7835
1.64272
1.47558
1.78492
1.649
1.48108
1.78748
1.64163
1.47899
1.78292
1.6457
1.47675
1.78281
1.64355
1.47633
1.78367
1.64106
1.47623
1.77917
1.6447
1.48071
1.78529
1.64596
1.48148
1.7894
1.65021
1.48778
1.78866
1.64442
1.47993
1.78456
1.64719
1.48008
1.78443
1.63996
1.47512
1.78333
1.63639
1.47443
1.77766
1.63654
1.4715
1.77747
1.63397
1.46677
1.77093
1.62534
1.46466
1.77417
1.63808
1.47721
1.78518
1.63535
1.47227
1.78331
1.64049
1.47607
1.78184
1.64333
1.47832
1.78444
1.63968
1.47923
1.78385
1.64435
1.48145
1.78735
1.64839
1.48049
1.78495
1.641
1.48043
1.78711
1.64774
1.4846
1.78702
1.64972
1.48399
1.78583
1.64514
1.48226
1.79116
1.64769
1.48545
1.79093
1.64821
1.48592
1.79319
1.65212
1.49348
1.7925
1.65273
1.48688
1.78868
1.64284
1.48058
1.78625
1.64839
1.48263
1.78926
1.65113
1.49113
1.79741
1.65245
1.48399
1.78926
1.64898
1.4875
1.79434
1.65006
1.48404
1.79185
1.65047
1.48576
1.79219
1.64723
1.48454
1.79127
1.64551
1.4791
1.78473
1.64345
1.4778
1.78374
1.64372
1.47116
1.7742
1.63659
1.47301
1.78088
1.63891
1.47399
1.78195
1.63916
1.47456
1.78012
1.63902
1.47339
1.77634
1.64306
1.47834
1.78286
1.64534
1.48052
1.785
1.64339
1.47319
1.77782
1.63249
1.47248
1.78054
1.64387
1.47841
1.78639
1.64474
1.48093
1.78658
1.64655
1.48245
1.78904
1.64908
1.48316
1.78966
1.6458
1.48284
1.79055
1.64423
1.48406
1.79046
1.6472
1.47639
1.78685
1.64358
1.48406
1.79194
1.64886
1.48163
1.78917
1.64934
1.48415
1.78795
1.64581
1.47817
1.78492
1.64827
1.48317
1.78562
1.6439
1.48246
1.7861
1.64746
1.48538
1.7906
1.64934
1.48428
1.79026
1.64927
1.48548
1.79013
1.64602
1.48201
1.7871
1.64426
1.47628
1.78397
1.6417
1.47827
1.78273
1.64438
1.47986
1.78402
1.64447
1.47898
1.78459
1.64394
1.47524
1.78121
1.64343
1.47937
1.78047
1.64367
1.48297
1.78958
1.64405
1.48303
1.78643
1.65061
1.48476
1.79331
1.65099
1.48693
1.78563
1.64535
1.48416
1.78924
1.65078
1.48976
1.79557
1.65089
1.488
1.7914
1.64974
1.48568
1.78967
1.65082
1.4867
1.79356
1.65194
1.48681
1.79351
1.64609
1.48485
1.78926
1.64414
1.4777
1.78327
1.64616
1.4843
1.78982
1.64822
1.47924
1.77954
1.64058
1.4811
1.785
1.6433
1.4781
1.78544
1.64163
1.47453
1.77904
1.63624
1.4709
1.77885
1.63893
1.47224
1.78262
1.64427
1.47867
1.78351
1.64325
1.47994
1.78747
1.64424
1.48382
1.79197
1.65201
1.48973
1.79723
1.64931
1.48762
1.79158
1.65191
1.48598
1.79251
1.64845
1.48774
1.79206
1.64739
1.4819
1.78885
1.64312
1.48282
1.79093
1.65064
1.48765
1.79427
1.65211
1.48965
1.79501
1.65398
1.4904
1.79464
1.65339
1.48887
1.79404
1.65139
1.48019
1.78695
1.64636
1.48038
1.78837
1.64782
1.4866
1.79214
1.65243
1.48961
1.7962
1.65167
1.4889
1.79061
1.6484
1.48308
1.7897
1.64834
1.48048
1.78781
1.64791
1.48309
1.7827
1.63956
1.47251
1.7799
1.64611
1.48158
1.78753
1.64669
1.48288
1.78545
1.64564
1.48229
1.78164
1.64472
1.48388
1.79224
1.6514
1.48268
1.78917
1.64947
1.48437
1.79057
1.64821
1.48164
1.78599
1.64496
1.47879
1.78111
1.64103
1.4783
1.78374
1.63902
1.47425
1.7823
1.63721
1.47119
1.7739
1.63558
1.47311
1.78009
1.63868
1.47355
1.78007
1.64162
1.47979
1.78434
1.64086
1.47669
1.7838
1.64261
1.47796
1.78307
1.64278
1.47446
1.78044
1.63729
1.47264
1.78295
1.64411
1.48405
1.79043
1.64496
1.48263
1.7887
1.64834
1.48608
1.78967
1.64471
1.47576
1.78049
1.64376
1.47765
1.78333
1.64642
1.48353
1.79157
1.65077
1.48782
1.79272
1.65027
1.49124
1.79648
1.65759
1.49237
1.7968
1.65616
1.48608
1.79473
1.65551
1.48911
1.79204
1.64709
1.48396
1.78785
1.6492
1.48858
1.79355
1.65513
1.49179
1.79591
1.65098
1.48674
1.79206
1.64868
1.48354
1.78804
1.6446
1.48033
1.78538
1.64799
1.4863
1.78735
1.64285
1.47997
1.7844
1.64385
1.477
1.78257
1.63776
1.47891
1.78449
1.64815
1.48042
1.78554
1.64689
1.48168
1.78874
1.6483
1.48435
1.7879
1.64704
1.48672
1.78902
1.64415
1.4798
1.78565
1.64563
1.47789
1.78213
1.63383
1.47246
1.7788
1.63658
1.47252
1.7788
1.6409
1.47764
1.78262
1.64087
1.47804
1.78604
1.64568
1.48062
1.78879
1.64635
1.48155
1.78578
1.64549
1.48297
1.78717
1.64471
1.48134
1.79013
1.65078
1.48567
1.79093
1.6522
1.48277
1.78459
1.64864
1.48636
1.79047
1.64971
1.48653
1.79444
1.65052
1.48295
1.78907
1.64678
1.48221
1.78435
1.64717
1.48444
1.78741
1.64969
1.48463
1.79168
1.64868
1.48801
1.78953
1.64231
1.47951
1.78484
1.64307
1.48138
1.78567
1.64554
1.48097
1.78892
1.6505
1.48522
1.79073
1.65347
1.48811
1.79284
1.64965
1.48332
1.78901
1.64473
1.48201
1.78809
1.65004
1.48817
1.79307
1.65193
1.48479
1.7863
1.64338
1.48123
1.78907
1.64747
1.48023
1.78437
1.64797
1.4826
1.78698
1.6443
1.48354
1.78874
1.64867
1.48326
1.79128
1.64499
1.481
1.78339
1.63169
1.4724
1.78146
1.64038
1.47828
1.7787
1.63553
1.47021
1.77819
1.63965
1.47868
1.78115
1.64571
1.48072
1.78456
1.64307
1.48049
1.786
1.64541
1.48205
1.78674
1.64429
1.47134
1.7824
1.64041
1.47644
1.781
1.63785
1.47269
1.78021
1.63805
1.47398
1.77849
1.64101
1.47757
1.78144
1.63781
1.47548
1.78259
1.64339
1.47393
1.77918
1.63874
1.47614
1.78015
1.64045
1.47786
1.78595
1.64071
1.4755
1.78357
1.64494
1.48156
1.78676
1.64521
1.47961
1.78576
1.6439
1.47865
1.78318
1.6473
1.47767
1.78715
1.64866
1.48454
1.78717
1.64796
1.48143
1.78625
1.6419
1.47902
1.78742
1.64516
1.47689
1.78446
1.64695
1.48343
1.787
1.64833
1.48526
1.78765
1.64659
1.47757
1.78193
1.64113
1.46833
1.77251
1.62969
1.46964
1.7761
1.63773
1.47277
1.77519
1.63494
1.47006
1.77395
1.63306
1.47274
1.78152
1.64364
1.47867
1.78576
1.64499
1.4771
1.78391
1.64505
1.47894
1.78683
1.64816
1.48537
1.79228
1.65381
1.48964
1.79373
1.65206
1.48831
1.79372
1.65099
1.48469
1.78762
1.64896
1.48475
1.79008
1.65295
1.48784
1.7896
1.64405
1.47899
1.78802
1.64745
1.48797
1.79061
1.65244
1.48524
1.78924
1.64547
1.48055
1.78932
1.64792
1.48653
1.79312
1.65094
1.4909
1.79485
1.64916
1.48287
1.78925
1.64627
1.48288
1.78823
1.64838
1.4796
1.78062
1.64053
1.47822
1.78201
1.63671
1.47251
1.7772
1.63521
1.47328
1.78067
1.6348
1.47121
1.77875
1.63632
1.4728
1.77858
1.64124
1.47628
1.78259
1.64025
1.47641
1.78098
1.63548
1.47533
1.78235
1.6441
1.48182
1.78804
1.65144
1.48611
1.79066
1.64655
1.48389
1.78616
1.64863
1.48397
1.79108
1.64931
1.48099
1.78437
1.64429
1.48397
1.79427
1.65017
1.48486
1.78906
1.64895
1.48356
1.78832
1.64905
1.48239
1.78582
1.64671
1.48731
1.79007
1.65369
1.49081
1.79524
1.65509
1.49015
1.79105
1.64959
1.48278
1.78947
1.64806
1.4835
1.78945
1.6503
1.4879
1.79269
1.64979
1.48329
1.78817
1.64978
1.48491
1.78926
1.64387
1.48049
1.78835
1.64646
1.48533
1.79042
1.65077
1.48422
1.78658
1.64811
1.48311
1.78883
1.64695
1.48308
1.78761
1.64564
1.47917
1.78917
1.64592
1.48497
1.78972
1.64793
1.48712
1.79351
1.65252
1.48985
1.79775
1.64814
1.48013
1.78917
1.6423
1.47715
1.78181
1.64231
1.47882
1.78188
1.64425
1.47954
1.78764
1.64403
1.48182
1.78458
1.64615
1.48527
1.78787
1.64509
1.48348
1.78386
1.64676
1.48483
1.78796
1.64358
1.47719
1.78531
1.64522
1.47889
1.78342
1.64294
1.4792
1.78385
1.64506
1.48242
1.79001
1.64904
1.48448
1.7886
1.64557
1.48256
1.78832
1.64479
1.48118
1.78934
1.64625
1.48325
1.79034
1.6461
1.48272
1.7888
1.64692
1.47849
1.78632
1.64757
1.4899
1.79165
1.64959
1.48459
1.78896
1.65072
1.48947
1.79252
1.65221
1.48526
1.79435
1.65177
1.49159
1.79216
1.64558
1.4832
1.789
1.64789
1.47985
1.78681
1.64337
1.48167
1.78593
1.64831
1.48677
1.79035
1.65191
1.48874
1.79309
1.65216
1.48867
1.79314
1.65481
1.4918
1.79297
1.65126
1.48343
1.79067
1.64821
1.48629
1.7892
1.64573
1.48161
1.78969
1.65177
1.48395
1.7879
1.64147
1.4818
1.788
1.64689
1.4811
1.79029
1.64595
1.48234
1.78843
1.64882
1.48597
1.79297
1.65066
1.48232
1.788
1.64933
1.48461
1.78979
1.64781
1.48295
1.78711
1.64072
1.47588
1.78193
1.63829
1.47804
1.78701
1.64333
1.48052
1.78368
1.64677
1.48626
1.79261
1.64932
1.48147
1.7852
1.6452
1.48431
1.78771
1.64271
1.47405
1.77955
1.63931
1.47769
1.78223
1.63917
1.47642
1.78557
1.64567
1.48134
1.78949
1.64713
1.48157
1.78207
1.64047
1.47435
1.78082
1.64108
1.47761
1.78664
1.64814
1.4857
1.78861
1.64803
1.48439
1.79159
1.64772
1.48517
1.7898
1.64898
1.48749
1.79279
1.64631
1.48037
1.78594
1.64161
1.4773
1.78612
1.64766
1.48421
1.78436
1.64083
1.4753
1.78611
1.64313
1.48067
1.78306
1.64439
1.4817
1.78589
1.64323
1.47518
1.77849
1.63316
1.47089
1.77947
1.64222
1.47742
1.78569
1.64546
1.48224
1.78426
1.64603
1.47651
1.78046
1.64118
1.47785
1.7877
1.64801
1.48474
1.79134
1.64906
1.48693
1.79259
1.65068
1.48631
1.79002
1.64504
1.47609
1.78432
1.64453
1.47622
1.78417
1.64616
1.48421
1.78268
1.63668
1.4729
1.78079
1.64097
1.47979
1.78416
1.64445
1.4791
1.78801
1.64729
1.48691
1.78992
1.64559
1.4838
1.79002
1.65151
1.48363
1.78885
1.65101
1.48907
1.79546
1.65136
1.48317
1.78833
1.64631
1.47204
1.7807
1.63789
1.4737
1.77853
1.63693
1.47578
1.78043
1.64071
1.48078
1.78359
1.64054
1.48009
1.7822
1.63956
1.47325
1.77865
1.63604
1.47377
1.77779
1.63404
1.47236
1.77702
1.64024
1.47581
1.77661
1.63599
1.4705
1.77832
1.6324
1.46797
1.7762
1.63693
1.47202
1.78165
1.63665
1.47278
1.77954
1.64245
1.47937
1.78391
1.64166
1.47461
1.77938
1.63679
1.47316
1.7801
1.64101
1.4778
1.78526
1.64352
1.48303
1.78674
1.6469
1.48264
1.79229
1.64699
1.48499
1.79211
1.64857
1.48347
1.78792
1.64291
1.48215
1.78888
1.64609
1.48544
1.79001
1.65303
1.48717
1.79103
1.6535
1.48687
1.79239
1.64728
1.47981
1.78723
1.64649
1.48385
1.79009
1.64821
1.48157
1.78865
1.64358
1.47572
1.78479
1.64084
1.47855
1.78622
1.64552
1.47924
1.78668
1.64481
1.48243
1.79163
1.65023
1.48513
1.7895
1.64856
1.48272
1.78168
1.64165
1.47701
1.78197
1.63607
1.46789
1.77807
1.64183
1.47462
1.78162
1.63839
1.47383
1.78111
1.64104
1.47536
1.78214
1.64222
1.47599
1.77968
1.63474
1.47139
1.77944
1.64039
1.4769
1.78325
1.63999
1.48159
1.78742
1.64576
1.48194
1.78891
1.64515
1.4805
1.78578
1.64454
1.47773
1.78577
1.6483
1.48459
1.78676
1.64207
1.47859
1.78062
1.63771
1.46954
1.77715
1.63683
1.47454
1.7811
1.63954
1.4762
1.78245
1.63866
1.46755
1.77012
1.63406
1.46909
1.77689
1.63395
1.47439
1.7801
1.64135
1.47601
1.77939
1.64395
1.474
1.78039
1.64211
1.47725
1.78483
1.6441
1.47816
1.7841
1.6435
1.47888
1.78166
1.64307
1.47508
1.78259
1.6433
1.48106
1.78929
1.64843
1.48305
1.78618
1.64067
1.48126
1.78901
1.65083
1.48924
1.79368
1.64819
1.48751
1.79283
1.65054
1.49057
1.79994
1.65327
1.48278
1.79113
1.65326
1.487
1.7934
1.65115
1.48709
1.79175
1.65164
1.49122
1.79055
1.64906
1.47899
1.78504
1.6421
1.47619
1.78341
1.64528
1.47958
1.78428
1.64551
1.48433
1.79293
1.64963
1.48301
1.7875
1.64649
1.47969
1.78632
1.64801
1.48287
1.78988
1.64659
1.48083
1.78687
1.64444
1.48527
1.79061
1.649
1.48714
1.79115
1.6511
1.4872
1.79192
1.64932
1.48662
1.78961
1.64818
1.48533
1.7918
1.65148
1.48175
1.78528
1.64512
1.47983
1.78347
1.63997
1.47574
1.77989
1.63969
1.47771
1.78021
1.64093
1.47887
1.78757
1.64779
1.48286
1.79123
1.6485
1.48219
1.78874
1.64498
1.4792
1.78226
1.64169
1.47755
1.78394
1.64405
1.48048
1.78471
1.64162
1.48037
1.78729
1.64604
1.47998
1.78866
1.65085
1.48374
1.78784
1.64731
1.48241
1.79099
1.64846
1.48395
1.7908
1.65098
1.48735
1.78991
1.65114
1.48842
1.79136
1.64625
1.48183
1.79114
1.64751
1.48427
1.78813
1.65017
1.4845
1.79265
1.65647
1.49305
1.79514
1.65214
1.48037
1.7868
1.64275
1.47747
1.77989
1.64184
1.47703
1.77987
1.63743
1.47346
1.77642
1.63753
1.47472
1.7828
1.64065
1.4751
1.78077
1.63943
1.47674
1.78368
1.64506
1.4829
1.78894
1.64925
1.48241
1.78902
1.64406
1.47829
1.78187
1.64249
1.47967
1.7881
1.65151
1.48711
1.79489
1.65459
1.4844
1.79282
1.64825
1.48853
1.79226
1.64935
1.47802
1.78314
1.63973
1.47839
1.7807
1.63958
1.47812
1.78345
1.6464
1.47733
1.78018
1.63601
1.47507
1.78379
1.63756
1.47343
1.77976
1.64013
1.47985
1.78446
1.64272
1.48055
1.77973
1.64235
1.47614
1.78029
1.63311
1.47049
1.77644
1.63798
1.47527
1.78444
1.64454
1.48304
1.7869
1.64415
1.48131
1.78456
1.63932
1.47214
1.77933
1.63872
1.47513
1.77902
1.64216
1.47858
1.78363
1.64012
1.47495
1.77821
1.63371
1.47688
1.78617
1.6424
1.47808
1.78352
1.63837
1.47371
1.77607
1.6385
1.477
1.78466
1.6472
1.48662
1.79088
1.64668
1.48451
1.79212
1.64805
1.48713
1.79427
1.64954
1.48297
1.78972
1.64522
1.47728
1.78025
1.64461
1.47898
1.78525
1.64625
1.48348
1.78802
1.64752
1.48067
1.78198
1.63927
1.47246
1.77949
1.64119
1.479
1.78587
1.64833
1.48042
1.79038
1.64816
1.48262
1.79086
1.65036
1.48417
1.79111
1.64369
1.47294
1.77922
1.64083
1.47697
1.7777
1.63707
1.47223
1.77848
1.63514
1.47268
1.77768
1.63609
1.47119
1.77679
1.63417
1.46658
1.77602
1.63303
1.47161
1.77591
1.63894
1.47532
1.78342
1.64306
1.47639
1.78418
1.64862
1.48129
1.78896
1.64245
1.4761
1.78108
1.64272
1.47657
1.78395
1.64156
1.47459
1.77749
1.64371
1.48281
1.78489
1.64372
1.4814
1.79011
1.64493
1.48194
1.79063
1.65198
1.48304
1.78946
1.64523
1.4809
1.78691
1.64564
1.48153
1.78691
1.64527
1.48177
1.78557
1.64579
1.4817
1.79231
1.65017
1.48843
1.79266
1.65136
1.48572
1.79136
1.65379
1.48926
1.7905
1.64787
1.48366
1.79259
1.65527
1.49062
1.79055
1.65301
1.48747
1.79197
1.65518
1.49142
1.79622
1.65542
1.49375
1.79655
1.65679
1.49398
1.79588
1.65038
1.48177
1.78901
1.64785
1.48591
1.78877
1.64931
1.48446
1.79063
1.65165
1.48872
1.79393
1.6494
1.48477
1.79025
1.65451
1.48761
1.79323
1.64648
1.4839
1.78933
1.647
1.48157
1.78506
1.64494
1.48305
1.7896
1.65234
1.48857
1.79057
1.64473
1.4787
1.78542
1.64683
1.48551
1.79023
1.64917
1.48493
1.79052
1.64868
1.48634
1.79157
1.65221
1.48762
1.78869
1.64525
1.48421
1.78431
1.64485
1.47705
1.78413
1.64206
1.47939
1.78791
1.64519
1.48139
1.78387
1.63773
1.47728
1.78278
1.64012
1.48103
1.78885
1.6464
1.48304
1.78768
1.64632
1.48587
1.7901
1.64563
1.48114
1.78361
1.644
1.48003
1.78329
1.64331
1.48114
1.78812
1.64794
1.47849
1.7841
1.64393
1.4797
1.78439
1.64402
1.48069
1.78883
1.64695
1.47716
1.78216
1.63962
1.47685
1.78132
1.6409
1.477
1.78364
1.64613
1.48305
1.78895
1.65018
1.48293
1.78783
1.64741
1.48257
1.78992
1.65082
1.48882
1.7941
1.65098
1.48519
1.78812
1.64487
1.48176
1.78683
1.64673
1.48472
1.79052
1.65045
1.48635
1.79287
1.65408
1.48484
1.79152
1.65024
1.48644
1.79139
1.64682
1.48395
1.79293
1.64861
1.47795
1.78606
1.63795
1.47269
1.77502
1.63483
1.46662
1.77289
1.6333
1.4706
1.77768
1.63849
1.47471
1.78733
1.64903
1.48561
1.78938
1.64479
1.47822
1.78645
1.64602
1.4797
1.78664
1.64805
1.48363
1.78905
1.65057
1.48631
1.7872
1.64512
1.4786
1.78581
1.64483
1.4796
1.77952
1.6385
1.47626
1.77892
1.6405
1.47267
1.7789
1.6447
1.47885
1.7863
1.64875
1.48395
1.78654
1.64491
1.48505
1.7901
1.648
1.48516
1.79088
1.65167
1.48645
1.79386
1.65601
1.494
1.79634
1.65687
1.49211
1.79595
1.65292
1.48876
1.79506
1.6558
1.49173
1.79765
1.65927
1.49291
1.79578
1.65489
1.48775
1.78928
1.64875
1.48183
1.78798
1.64837
1.48357
1.78827
1.64738
1.48629
1.78356
1.64
1.4791
1.78389
1.64395
1.48439
1.7927
1.64769
1.48386
1.78695
1.64746
1.48487
1.79215
1.64845
1.48699
1.79273
1.64601
1.48342
1.78878
1.6484
1.48255
1.78851
1.65
1.4831
1.78691
1.64793
1.48521
1.7876
1.65138
1.48927
1.79625
1.65347
1.48367
1.79028
1.64681
1.48684
1.79148
1.65519
1.49468
1.80096
1.6579
1.49269
1.79708
1.65856
1.49457
1.79374
1.65052
1.48849
1.79657
1.65344
1.48921
1.79556
1.6546
1.48719
1.79132
1.64471
1.47963
1.78392
1.64427
1.4831
1.78716
1.64845
1.48199
1.78823
1.64814
1.48003
1.78986
1.64359
1.48036
1.79182
1.6502
1.4855
1.78836
1.64226
1.4822
1.78354
1.64105
1.47882
1.78699
1.64629
1.48423
1.78627
1.64735
1.48163
1.78297
1.64118
1.47755
1.78364
1.64106
1.4791
1.78618
1.64612
1.48107
1.78464
1.64631
1.47991
1.78419
1.64431
1.48015
1.78893
1.65056
1.48638
1.78909
1.64954
1.48206
1.78778
1.6477
1.48586
1.79128
1.65209
1.48518
1.79008
1.65071
1.48707
1.79284
1.65233
1.48453
1.78616
1.64488
1.48294
1.78896
1.64809
1.48714
1.79502
1.65158
1.48837
1.79287
1.65312
1.49001
1.79434
1.65317
1.48954
1.79358
1.65161
1.48837
1.79102
1.65315
1.48872
1.79113
1.64961
1.48691
1.79263
1.6489
1.48574
1.79173
1.64908
