0
0.792878
0.726655
0.74006
0.678761
0.619782
0.65152
0.603294
0.547507
0.590431
0.541496
0.490118
0.539469
0.49904
0.450296
0.505321
0.465192
0.422961
0.48715
0.449524
0.406837
0.476037
0.440563
0.398316
0.471529
0.43547
0.393192
0.467021
0.430935
0.391499
0.467101
0.430881
0.390358
0.470031
0.435649
0.393583
0.47385
0.438174
0.39437
0.477265
0.442933
0.400647
0.484428
0.444388
0.40169
0.486369
0.450186
0.406798
0.491436
0.454502
0.410617
0.49706
0.458544
0.415666
0.503691
0.466237
0.422517
0.512055
0.472656
0.425992
0.515512
0.475955
0.429387
0.519739
0.477916
0.431257
0.523782
0.484269
0.437652
0.531676
0.492696
0.444003
0.538845
0.498004
0.448615
0.542606
0.500865
0.452422
0.547482
0.504008
0.453268
0.550576
0.506807
0.454805
0.549301
0.50611
0.454073
0.551011
0.50752
0.45638
0.553712
0.508944
0.460573
0.559284
0.515837
0.464886
0.562891
0.519614
0.46861
0.565835
0.521183
0.469527
0.566933
0.522683
0.469432
0.568129
0.523899
0.469896
0.568689
0.525191
0.472329
0.572211
0.527951
0.474486
0.572022
0.525788
0.474809
0.575563
0.530099
0.477051
0.578102
0.532771
0.480884
0.581617
0.533984
0.479826
0.579516
0.533425
0.480399
0.579813
0.536115
0.483339
0.583981
0.537744
0.485029
0.583785
0.538192
0.483088
0.582859
0.535936
0.483692
0.586101
0.539848
0.48684
0.587842
0.54265
0.488733
0.589824
0.543686
0.490451
0.592641
0.544673
0.490982
0.592384
0.546444
0.492197
0.593658
0.544699
0.490054
0.590592
0.543918
0.490842
0.59387
0.547579
0.492255
0.593587
0.547294
0.49271
0.594472
0.54702
0.492943
0.596246
0.548914
0.49416
0.597642
0.550307
0.493657
0.596282
0.547048
0.493531
0.594959
0.546976
0.493162
0.595774
0.548938
0.49445
0.596712
0.548793
0.493835
0.59836
0.549454
0.49521
0.598325
0.551403
0.497171
0.600957
0.553686
0.499014
0.603265
0.555998
0.500177
0.603131
0.554998
0.499751
0.601723
0.554319
0.499615
0.603458
0.555459
0.500047
0.602827
0.55525
0.499714
0.603424
0.555381
0.500588
0.60421
0.55623
0.499129
0.602105
0.554542
0.499015
0.602297
0.553033
0.496919
0.600851
0.553895
0.49835
0.602164
0.554801
0.499773
0.602437
0.555327
0.499506
0.602565
0.557507
0.500661
0.604725
0.556138
0.499834
0.603173
0.555059
0.499916
0.602488
0.55305
0.499354
0.604558
0.558002
0.503169
0.607291
0.559447
0.503973
0.607419
0.560314
0.50404
0.607674
0.560043
0.502746
0.606522
0.557505
0.500727
0.604015
0.557833
0.502805
0.605315
0.558379
0.502744
0.606575
0.557138
0.501301
0.605508
0.559184
0.503651
0.605845
0.557052
0.502306
0.606173
0.557871
0.502401
0.606225
0.558892
0.504455
0.608686
0.561407
0.506208
0.60845
0.559557
0.503962
0.606822
0.55845
0.503223
0.608375
0.559925
0.504092
0.607142
0.558634
0.502909
0.605829
0.557651
0.501994
0.606369
0.560284
0.50416
0.607797
0.56221
0.504778
0.608228
0.561273
0.504846
0.609246
0.562738
0.506611
0.610071
0.562379
0.505325
0.608626
0.561431
0.50505
0.607938
0.560135
0.504144
0.609174
0.560022
0.50539
0.609129
0.561402
0.505816
0.610961
0.561438
0.503369
0.607457
0.558624
0.503968
0.607938
0.560856
0.505005
0.608505
0.561457
0.506407
0.609104
0.560076
0.504883
0.608615
0.558665
0.503034
0.606484
0.559067
0.502208
0.604568
0.557459
0.501781
0.60685
0.558708
0.503502
0.608318
0.560261
0.504973
0.608752
0.561628
0.506039
0.609706
0.562145
0.50539
0.609158
0.560771
0.505803
0.609148
0.561179
0.505922
0.61019
0.563699
0.506723
0.609447
0.561404
0.505627
0.609477
0.560286
0.505521
0.608546
0.560196
0.503707
0.607931
0.560037
0.503931
0.607528
0.560672
0.506131
0.608839
0.560437
0.503474
0.607649
0.560421
0.503985
0.608044
0.560938
0.505653
0.608383
0.560375
0.503723
0.60763
0.560018
0.504113
0.608352
0.561379
0.506645
0.610559
0.562288
0.506508
0.610023
0.561604
0.506086
0.608594
0.560593
0.504041
0.607009
0.559951
0.50355
0.60716
0.560774
0.504835
0.608581
0.557891
0.503056
0.608789
0.561179
0.504866
0.60808
0.559834
0.504739
0.608602
0.558255
0.503263
0.607221
0.560155
0.503882
0.607789
0.561032
0.505498
0.608365
0.560855
0.505162
0.609487
0.56233
0.506437
0.609515
0.561208
0.504153
0.606936
0.560283
0.503878
0.608635
0.559577
0.503424
0.607567
0.559031
0.503176
0.607831
0.559517
0.504053
0.607537
0.558736
0.504539
0.606838
0.558581
0.50044
0.604825
0.557443
0.501955
0.604024
0.558183
0.501587
0.605135
0.558753
0.503388
0.608288
0.559636
0.503655
0.608374
0.560618
0.50464
0.607284
0.561937
0.505671
0.609516
0.560945
0.505062
0.609763
0.561275
0.505653
0.608364
0.559151
0.504741
0.609773
0.561761
0.505354
0.6105
0.561283
0.505864
0.609654
0.562074
0.505778
0.609236
0.560667
0.505265
0.608127
0.56039
0.504767
0.608332
0.559759
0.505748
0.607846
0.557575
0.503788
0.608298
0.560382
0.503625
0.608841
0.561507
0.50674
0.609486
0.559882
0.504277
0.60821
0.559125
0.503381
0.606661
0.558992
0.502734
0.607246
0.559966
0.504391
0.607867
0.560582
0.504937
0.60927
0.561453
0.505677
0.60972
0.561483
0.505772
0.610288
0.561633
0.504635
0.608381
0.559532
0.503435
0.608041
0.560201
0.504031
0.607169
0.559489
0.502947
0.606887
0.560108
0.503852
0.607468
0.560029
0.504159
0.607982
0.560877
0.505175
0.607982
0.559995
0.503577
0.607297
0.55868
0.502503
0.606826
0.558578
0.5031
0.607299
0.560469
0.504325
0.60718
0.559497
0.504437
0.60795
0.559087
0.503466
0.606004
0.557559
0.502863
0.606474
0.559442
0.503714
0.608111
0.560553
0.504554
0.608331
0.560344
0.50436
0.608562
0.559693
0.50318
0.607041
0.557949
0.503636
0.606986
0.558527
0.504627
0.606394
0.558217
0.503082
0.605357
0.557973
0.502687
0.606405
0.558043
0.502759
0.606188
0.557778
0.501232
0.60455
0.556819
0.500716
0.605199
0.556875
0.499811
0.602416
0.553401
0.498838
0.603349
0.556753
0.501685
0.60598
0.557513
0.502242
0.605829
0.557514
0.502075
0.605832
0.557323
0.501566
0.606106
0.557639
0.502763
0.607233
0.55944
0.503003
0.607298
0.55997
0.505187
0.608391
0.560665
0.505033
0.607715
0.560138
0.503212
0.606755
0.559175
0.505374
0.608842
0.5615
0.504514
0.608586
0.561566
0.506225
0.609765
0.560692
0.504251
0.607798
0.559872
0.503635
0.608113
0.559983
0.503147
0.606147
0.558737
0.503551
0.606399
0.558394
0.503163
0.607274
0.559875
0.503052
0.605881
0.556832
0.501896
0.606096
0.559899
0.50324
0.606208
0.558033
0.50163
0.604709
0.558022
0.503466
0.607811
0.560346
0.504323
0.609749
0.561152
0.50496
0.609487
0.562007
0.504433
0.60856
0.560011
0.5045
0.608612
0.559024
0.502841
0.607636
0.559416
0.502962
0.607153
0.558392
0.503706
0.607895
0.560986
0.504336
0.608182
0.559731
0.503971
0.607245
0.558969
0.50329
0.608241
0.557998
0.502317
0.606597
0.559774
0.505507
0.609863
0.561873
0.504512
0.607438
0.560137
0.504093
0.608305
0.560517
0.502573
0.607059
0.558769
0.503855
0.608567
0.561197
0.505161
0.607663
0.560533
0.504643
0.609407
0.56026
0.505942
0.609023
0.56141
0.505365
0.607777
0.559074
0.502795
0.607775
0.559983
0.505012
0.608739
0.562389
0.506911
0.611644
0.563677
0.508365
0.610616
0.562431
0.503087
0.604632
0.557357
0.502606
0.606586
0.557821
0.50075
0.605037
0.556837
0.501475
0.604751
0.557694
0.502296
0.607035
0.559355
0.503565
0.608475
0.560405
0.504569
0.60853
0.561144
0.504942
0.608345
0.559644
0.502394
0.606308
0.557958
0.502401
0.605917
0.557265
0.50148
0.604818
0.557518
0.501991
0.606839
0.55938
0.50373
0.608234
0.559264
0.503002
0.606172
0.558728
0.503514
0.607021
0.558643
0.500712
0.604
0.556144
0.50009
0.605481
0.558335
0.50327
0.607183
0.558625
0.502679
0.606003
0.559727
0.50354
0.607849
0.561677
0.507074
0.609974
0.561773
0.506496
0.610564
0.564072
0.5093
0.611282
0.563279
0.504211
0.607892
0.560765
0.505183
0.608683
0.55933
0.503118
0.606857
0.557285
0.500654
0.60494
0.558304
0.50313
0.60656
0.558332
0.501985
0.606985
0.559527
0.503637
0.607866
0.5596
0.503185
0.60651
0.557799
0.501334
0.6056
0.559594
0.503602
0.607908
0.558589
0.501627
0.606925
0.556838
0.501447
0.605794
0.557169
0.501823
0.603913
0.55595
0.499255
0.603099
0.554951
0.499306
0.603459
0.555284
0.501134
0.605716
0.557581
0.501768
0.605887
0.557378
0.500845
0.60556
0.556329
0.499457
0.603094
0.556804
0.502181
0.60597
0.557142
0.501481
0.60642
0.558963
0.503369
0.607099
0.559703
0.502361
0.605281
0.557723
0.501612
0.605875
0.558992
0.503556
0.608198
0.560091
0.502498
0.607466
0.559797
0.504638
0.608965
0.560436
0.50487
0.608406
0.560148
0.503898
0.608259
0.557737
0.501218
0.606543
0.557272
0.502108
0.60669
0.559594
0.503627
0.607237
0.558582
0.502202
0.606851
0.558025
0.502724
0.606183
0.557418
0.502797
0.607101
0.560159
0.505088
0.609256
0.559435
0.502914
0.607438
0.55906
0.502904
0.608449
0.560298
0.503996
0.607758
0.558496
0.502497
0.607032
0.560667
0.505055
0.610177
0.560343
0.50452
0.608936
0.559065
0.503329
0.608539
0.560538
0.504337
0.607543
0.559657
0.504335
0.608791
0.560704
0.505969
0.609186
0.560847
0.5047
0.609031
0.56096
0.50501
0.608611
0.560305
0.503947
0.608467
0.560117
0.503892
0.607592
0.556667
0.500545
0.605362
0.558301
0.502737
0.606595
0.55714
0.501724
0.605521
0.557962
0.502351
0.60643
0.558275
0.501703
0.605123
0.557536
0.502244
0.607301
0.56014
0.503963
0.608528
0.559142
0.503261
0.606149
0.559444
0.504108
0.608104
0.559705
0.503655
0.607057
0.558326
0.501835
0.60651
0.556948
0.50092
0.606265
0.558525
0.502476
0.60611
0.5591
0.504917
0.608787
0.562406
0.503997
0.608023
0.559867
0.504982
0.608575
0.56229
0.506973
0.610264
0.562725
0.507134
0.611251
0.564073
0.507366
0.611238
0.563031
0.507774
0.611962
0.562407
0.508047
0.612916
0.564605
0.509336
0.613073
0.564859
0.508759
0.610624
0.562671
0.50693
0.611936
0.563251
0.506574
0.610405
0.562277
0.505781
0.608856
0.558225
0.501278
0.605036
0.556477
0.501454
0.605722
0.558347
0.503961
0.608108
0.558547
0.502748
0.608421
0.561816
0.505502
0.608613
0.561868
0.505483
0.608303
0.560861
0.504295
0.608323
0.560974
0.505138
0.609125
0.561801
0.503353
0.60685
0.556908
0.502755
0.606932
0.559328
0.503451
0.607239
0.559509
0.503311
0.60787
0.561418
0.505385
0.607445
0.559897
0.504477
0.607863
0.560181
0.504541
0.607776
0.560301
0.504285
0.608433
0.558525
0.504044
0.607829
0.559254
0.502811
0.607368
0.559732
0.504089
0.608923
0.56037
0.506074
0.609938
0.562021
0.505971
0.609495
0.561491
0.505978
0.609783
0.562198
0.505894
0.609441
0.560678
0.505521
0.60885
0.559695
0.504676
0.607716
0.558004
0.502125
0.606304
0.559154
0.50363
0.607577
0.559038
0.504259
0.609231
0.562393
0.504189
0.60808
0.560147
0.504768
0.609693
0.560958
0.504508
0.608082
0.559451
0.502721
0.607719
0.559159
0.502388
0.606299
0.559427
0.502789
0.606355
0.559001
0.503863
0.608194
0.560612
0.504919
0.608866
0.561152
0.506061
0.608647
0.559381
0.503633
0.60685
0.557948
0.502752
0.606205
0.557501
0.500687
0.604764
0.557211
0.501065
0.605869
0.558752
0.50309
0.606261
0.558434
0.503283
0.606646
0.558859
0.502868
0.607975
0.560407
0.503716
0.607254
0.557161
0.501129
0.606377
0.559635
0.504415
0.607586
0.559026
0.503824
0.606422
0.558541
0.503293
0.606535
0.55858
0.503947
0.607761
0.558419
0.501113
0.604123
0.556781
0.501173
0.605752
0.557164
0.500822
0.603759
0.555604
0.498467
0.603689
0.557236
0.501077
0.60512
0.55735
0.502886
0.606101
0.558174
0.503035
0.606453
0.559329
0.502131
0.605244
0.557969
0.501199
0.604477
0.556097
0.500544
0.605068
0.557843
0.502001
0.605794
0.557451
0.501876
0.60674
0.55885
0.501646
0.604279
0.558017
0.502799
0.606071
0.556984
0.501572
0.60429
0.557672
0.502191
0.606245
0.559471
0.504323
0.60793
0.559409
0.504039
0.608123
0.559543
0.504085
0.607802
0.558554
0.502844
0.607671
0.559011
0.504582
0.608079
0.560254
0.504896
0.60812
0.559494
0.505052
0.608481
0.559172
0.504312
0.608643
0.559966
0.503434
0.606324
0.559668
0.50467
0.608821
0.559046
0.50244
0.60653
0.557437
0.501535
0.605772
0.557652
0.50354
0.608337
0.560722
0.505097
0.608357
0.558794
0.503
0.606569
0.558124
0.502214
0.605461
0.557273
0.503277
0.606188
0.559151
0.502165
0.606389
0.557889
0.502397
0.606239
0.557741
0.502178
0.606205
0.558121
0.502718
0.606511
0.558995
0.503918
0.607505
0.558885
0.503621
0.608674
0.559978
0.505494
0.610623
0.561975
0.504987
0.608133
0.558038
0.503546
0.607429
0.559131
0.504258
0.608234
0.559039
0.501371
0.605547
0.5577
0.503417
0.60759
0.559239
0.503285
0.607173
0.560594
0.504151
0.60871
0.561197
0.505909
0.609586
0.56238
0.505529
0.609336
0.560889
0.505774
0.609018
0.560737
0.504905
0.609183
0.559619
0.504844
0.610011
0.560942
0.505276
0.607925
0.55937
0.503823
0.609204
0.561151
0.505477
0.609102
0.559053
0.50243
0.606218
0.557723
0.501108
0.604377
0.555345
0.499718
0.603773
0.554817
0.499014
0.603955
0.55753
0.501823
0.604784
0.556537
0.499401
0.604749
0.555646
0.501465
0.605744
0.557809
0.502395
0.605697
0.558571
0.502267
0.607321
0.559659
0.505465
0.60955
0.561103
0.505504
0.609614
0.562768
0.508201
0.611948
0.562885
0.505587
0.611156
0.560942
0.504372
0.609159
0.561681
0.505578
0.609459
0.561743
0.503614
0.608179
0.55969
0.504208
0.607733
0.558629
0.503544
0.608345
0.560591
0.505657
0.609449
0.561446
0.504218
0.609166
0.559057
0.503659
0.60738
0.556612
0.502138
0.606747
0.558315
0.502306
0.606885
0.559564
0.50411
0.606408
0.560356
0.505378
0.607282
0.558812
0.504517
0.607464
0.559962
0.505021
0.608306
0.561192
0.505395
0.607731
0.558365
0.502342
0.605972
0.557902
0.503478
0.607303
0.560034
0.504886
0.608576
0.561239
0.505496
0.608335
0.559678
0.504391
0.60757
0.558194
0.503404
0.607325
0.560475
0.504688
0.608435
0.560519
0.506269
0.609525
0.561358
0.506043
0.611171
0.562222
0.506032
0.611283
0.561941
0.506677
0.609303
0.559063
0.504305
0.607524
0.557439
0.501533
0.605832
0.557733
0.500953
0.60491
0.558329
0.502493
0.606138
0.557893
0.503236
0.606712
0.560182
0.504702
0.608965
0.561002
0.504943
0.610344
0.561687
0.505957
0.609974
0.56224
0.507691
0.611866
0.563711
0.507901
0.61032
0.561973
0.50686
0.611044
0.562952
0.506851
0.611112
0.562322
0.507387
0.610753
0.561345
0.504681
0.607397
0.56068
0.50498
0.608077
0.559344
0.503934
0.608066
0.559662
0.505032
0.609959
0.561307
0.506039
0.60865
0.559545
0.50223
0.606683
0.558432
0.502748
0.607713
0.559644
0.503905
0.607612
0.559988
0.50352
0.608664
0.559844
0.503045
0.606301
0.559445
0.503611
0.607071
0.55984
0.503631
0.606021
0.557721
0.501252
0.604092
0.555502
0.501106
0.605654
0.557222
0.502318
0.606052
0.558848
0.503479
0.60712
0.559369
0.502507
0.606612
0.559519
0.503938
0.608464
0.561727
0.506688
0.611132
0.562793
0.506132
0.60921
0.561766
0.505892
0.60931
0.559804
0.505319
0.608013
0.55884
0.502858
0.607234
0.560095
0.504078
0.607415
0.559488
0.503342
0.607358
0.559726
0.503445
0.605687
0.556463
0.501409
0.605723
0.558264
0.502222
0.605544
0.557945
0.502413
0.607262
0.561022
0.504694
0.608391
0.560181
0.504739
0.608272
0.560932
0.505
0.60835
0.560371
0.50552
0.609112
0.561683
0.505075
0.608663
0.560623
0.505263
0.608333
0.560796
0.505588
0.608589
0.560095
0.503021
0.606401
0.558967
0.503267
0.607533
0.56056
0.50489
0.609355
0.560935
0.504506
0.609772
0.56042
0.503894
0.607195
0.558913
0.50396
0.607733
0.559193
0.502527
0.60585
0.558164
0.500761
0.604935
0.558008
0.502972
0.608394
0.558768
0.504963
0.608552
0.557934
0.501002
0.60418
0.55631
0.500242
0.604848
0.557463
0.499939
0.604162
0.557425
0.502142
0.607278
0.559493
0.503634
0.60783
0.559213
0.503292
0.606668
0.557364
0.501047
0.605553
0.556532
0.50228
0.606179
0.559856
0.505261
0.608992
0.561781
0.5064
0.608639
0.561214
0.503902
0.607283
0.560183
0.504504
0.608839
0.560459
0.505751
0.609113
0.561274
0.504776
0.609657
0.561606
0.504507
0.608678
0.560392
0.504277
0.608831
0.560484
0.504629
0.606925
0.559189
0.502852
0.606975
0.558463
0.502765
0.607373
0.559296
0.503626
0.606437
0.558505
0.5034
0.607794
0.560157
0.504281
0.609222
0.561411
0.504172
0.608088
0.559439
0.505014
0.608524
0.560789
0.504744
0.608945
0.56077
0.504306
0.607798
0.560736
0.502695
0.606506
0.558212
0.502394
0.606159
0.558967
0.502538
0.607533
0.558794
0.503094
0.606506
0.558315
0.502026
0.605123
0.557053
0.501148
0.604972
0.55704
0.500215
0.603419
0.557323
0.502342
0.6064
0.55944
0.503407
0.606282
0.555892
0.50074
0.605793
0.556699
0.502723
0.605654
0.558283
0.502991
0.606982
0.560734
0.504172
0.607269
0.559615
0.503332
0.606978
0.559344
0.503919
0.607452
0.558657
0.503063
0.606709
0.559552
0.504328
0.607888
0.560274
0.503628
0.607005
0.56002
0.504159
0.608439
0.560042
0.505476
0.608976
0.560281
0.505362
0.608877
0.559697
0.504571
0.609152
0.56063
0.50338
0.60666
0.559165
0.50458
0.608783
0.560122
0.503815
0.607369
0.560507
0.503002
0.607413
0.560169
0.504063
0.607968
0.562417
0.50518
0.608568
0.559879
0.504799
0.608164
0.560425
0.505454
0.606846
0.558479
0.502144
0.604807
0.556901
0.500723
0.606044
0.557477
0.502209
0.607069
0.559503
0.502038
0.606805
0.559381
0.503867
0.607755
0.560539
0.505361
0.607884
0.559808
0.504107
0.608214
0.560559
0.505497
0.6087
0.560207
0.504628
0.607054
0.560034
0.505423
0.608446
0.558115
0.501736
0.605463
0.558015
0.501267
0.60375
0.554529
0.499079
0.602855
0.556021
0.49995
0.604231
0.556304
0.500289
0.603605
0.556197
0.500864
0.604867
0.556841
0.500911
0.60384
0.55728
0.501258
0.604631
0.557393
0.501676
0.605777
0.555416
0.499799
0.603872
0.554196
0.498559
0.603733
0.556365
0.500233
0.6045
0.557474
0.502745
0.606876
0.557096
0.500523
0.606318
0.558935
0.503828
0.607667
0.55927
0.503203
0.60757
0.559794
0.505162
0.608715
0.560413
0.504929
0.608445
0.560107
0.503843
0.6072
0.55816
0.502705
0.605522
0.558165
0.50346
0.608036
0.559334
0.504755
0.608244
0.560535
0.503714
0.607715
0.559756
0.503878
0.607672
0.559119
0.503411
0.605842
0.558029
0.502852
0.606833
0.558523
0.50321
0.606737
0.557073
0.502967
0.607942
0.560347
0.504946
0.608162
0.558314
0.502699
0.607255
0.559515
0.503077
0.606782
0.559091
0.503269
0.605184
0.557437
0.502458
0.606013
0.556905
0.501123
0.605143
0.55769
0.502846
0.608382
0.562233
0.506842
0.610647
0.562775
0.506442
0.608885
0.559399
0.504629
0.608976
0.559709
0.503584
0.607388
0.560067
0.503272
0.608054
0.560773
0.504332
0.607356
0.559243
0.502595
0.606145
0.557782
0.502576
0.606819
0.558299
0.503142
0.60671
0.559463
0.503477
0.607176
0.559656
0.503167
0.606449
0.558043
0.503671
0.607431
0.559526
0.50372
0.608468
0.558489
0.502292
0.607126
0.558782
0.503529
0.606848
0.559257
0.503108
0.60694
0.558421
0.503358
0.608667
0.560939
0.504356
0.6097
0.561952
0.507241
0.610231
0.562693
0.505973
0.609245
0.560781
0.504547
0.609803
0.562266
0.505533
0.609334
0.561759
0.506602
0.610312
0.561445
0.505123
0.608029
0.560243
0.504299
0.60769
0.560026
0.504282
0.607453
0.559596
0.504569
0.608389
0.560596
0.504999
0.610401
0.561819
0.504978
0.608795
0.561212
0.503221
0.605331
0.555933
0.50103
0.605032
0.556588
0.500543
0.603865
0.556094
0.500497
0.605211
0.55609
0.500461
0.605157
0.556983
0.501351
0.604334
0.557228
0.501702
0.606484
0.558242
0.502061
0.60586
0.558704
0.503415
0.608187
0.558952
0.504073
0.608226
0.560249
0.505221
0.609897
0.56031
0.50486
0.607659
0.559357
0.50322
0.607837
0.558739
0.502183
0.606161
0.558561
0.504253
0.607709
0.559009
0.501905
0.605628
0.559413
0.504641
0.609125
0.562321
0.505872
0.609483
0.562305
0.506489
0.609511
0.56204
0.505769
0.608289
0.560746
0.505004
0.607546
0.55885
0.501705
0.6047
0.55722
0.501112
0.605019
0.557832
0.50303
0.607539
0.559588
0.504193
0.608778
0.560613
0.505202
0.609319
0.5606
0.502818
0.606233
0.559411
0.504585
0.605763
0.555647
0.499405
0.603206
0.555384
0.501063
0.606121
0.558117
0.502925
0.607862
0.561648
0.505779
0.607794
0.560275
0.504809
0.606682
0.558867
0.50207
0.605994
0.558671
0.502233
0.605084
0.556958
0.501625
0.604424
0.557869
0.5032
0.607569
0.559086
0.503916
0.607221
0.559904
0.506295
0.610281
0.560833
0.505107
0.608097
0.560086
0.503991
0.608057
0.562271
0.505884
0.608872
0.559351
0.503244
0.605592
0.558085
0.503289
0.607834
0.558843
0.502601
0.60627
0.558248
0.504445
0.608052
0.560129
0.505201
0.609198
0.560618
0.504303
0.607443
0.55993
0.504
0.60798
0.561102
0.506494
0.610874
0.562197
0.507438
0.610382
0.562197
0.506363
0.609272
0.562277
0.506484
0.60838
0.56149
0.505063
0.608588
0.560788
0.505249
0.608943
0.560967
0.505157
0.608627
0.56005
0.504604
0.607953
0.560255
0.504267
0.608284
0.560403
0.503823
0.607424
0.55805
0.502151
0.604425
0.557517
0.502426
0.60684
0.558417
0.502256
0.60588
0.556389
0.501326
0.605624
0.556975
0.502391
0.605709
0.558024
0.503029
0.606773
0.559643
0.502858
0.606178
0.559379
0.502611
0.606532
0.558983
0.503333
0.607834
0.560068
0.503096
0.604904
0.557544
0.501922
0.605008
0.557848
0.502058
0.606421
0.560107
0.504486
0.607701
0.559581
0.503736
0.607106
0.559409
0.504663
0.608262
0.560777
0.504527
0.609063
0.561679
0.506249
0.610552
0.560539
0.505049
0.60861
0.561358
0.505656
0.609858
0.563068
0.507155
0.612384
0.564614
0.508275
0.611802
0.564367
0.507898
0.609953
0.562366
0.505459
0.608767
0.558868
0.502439
0.605598
0.55698
0.501793
0.605706
0.558387
0.502606
0.607581
0.560133
0.503854
0.608711
0.560918
0.505507
0.607692
0.558482
0.502277
0.605519
0.556923
0.501846
0.606784
0.557979
0.50293
0.60679
0.557473
0.501934
0.605857
0.558978
0.502532
0.60726
0.56039
0.502879
0.607006
0.55796
0.503288
0.606353
0.558749
0.503271
0.606097
0.558922
0.50349
0.608387
0.560987
0.505799
0.6102
0.561108
0.503943
0.607368
0.559676
0.50561
0.609309
0.561641
0.505006
0.609205
0.558523
0.502182
0.605897
0.558557
0.502706
0.607896
0.559314
0.504006
0.609225
0.562454
0.50721
0.610765
0.562775
0.506995
0.610219
0.562676
0.505949
0.610792
0.5615
0.506238
0.611117
0.56206
0.50508
0.608349
0.557972
0.503013
0.606597
0.559106
0.504289
0.609321
0.561833
0.503918
0.607717
0.560213
0.503812
0.608081
0.559861
0.503912
0.608097
0.559464
0.504548
0.608726
0.562108
0.505944
0.608665
0.562357
0.505872
0.610255
0.562858
0.507651
0.610842
0.561897
0.507063
0.611295
0.561431
0.506107
0.610226
0.560657
0.50492
0.608035
0.559605
0.503871
0.607168
0.560552
0.504113
0.607123
0.559106
0.50546
0.610291
0.562046
0.505612
0.608858
0.558959
0.50349
0.607704
0.559019
0.504204
0.608613
0.561021
0.50449
0.607641
0.56006
0.505011
0.608662
0.558363
0.50292
0.605823
0.558527
0.50073
0.604266
0.557299
0.501589
0.60534
0.557098
0.500207
0.604808
0.557291
0.502258
0.60572
0.557227
0.501625
0.606171
0.558522
0.502621
0.606773
0.558377
0.502112
0.606111
0.559735
0.503711
0.607116
0.559
0.502151
0.606862
0.55918
0.501863
0.606059
0.557878
0.503275
0.607731
0.558688
0.502166
0.605621
0.557672
0.502191
0.605915
0.557011
0.501888
0.605168
0.558672
0.503071
0.606972
0.558935
0.503311
0.608813
0.561767
0.504779
0.608846
0.561124
0.502793
0.607102
0.55905
0.50423
0.606926
0.559032
0.503292
0.607446
0.559525
0.503414
0.60765
0.559976
0.504461
0.608393
0.561083
0.506502
0.609836
0.560559
0.504744
0.609106
0.560616
0.505011
0.608515
0.561394
0.506177
0.610408
0.562941
0.505609
0.609158
0.560315
0.504038
0.608871
0.560331
0.504595
0.606964
0.560538
0.502811
0.606399
0.557268
0.50212
0.606591
0.557919
0.502927
0.606178
0.558558
0.503145
0.605932
0.557063
0.501136
0.604126
0.556774
0.501291
0.604637
0.557504
0.50153
0.607176
0.55885
0.502547
0.606664
0.556733
0.500861
0.604903
0.556826
0.499953
0.603355
0.55653
0.500683
0.604482
0.557195
0.50242
0.607014
0.557225
0.501807
0.605828
0.557795
0.50192
0.605694
0.556966
0.5002
0.604206
0.556367
0.501486
0.606036
0.559099
0.502994
0.606887
0.559914
0.503697
0.607475
0.559081
0.504097
0.608489
0.558501
0.501272
0.604086
0.555721
0.499518
0.604582
0.558171
0.501489
0.605728
0.558111
0.503057
0.606852
0.559843
0.503952
0.605748
0.556065
0.501337
0.605402
0.557891
0.502619
0.607373
0.560238
0.504916
0.608378
0.56079
0.505016
0.607381
0.560007
0.504385
0.607949
0.560983
0.504289
0.606814
0.558732
0.502557
0.607044
0.559669
0.503943
0.607451
0.556414
0.500474
0.603737
0.557199
0.50221
0.60598
0.557747
0.501665
0.605545
0.556144
0.501763
0.605327
0.557151
0.501727
0.605526
0.558721
0.50314
0.60548
0.557803
0.501486
0.606091
0.557889
0.502766
0.606065
0.557968
0.500657
0.604105
0.557561
0.50233
0.605982
0.55679
0.50088
0.605453
0.556275
0.500161
0.603427
0.556413
0.501459
0.605318
0.55771
0.501042
0.604277
0.556774
0.50118
0.603985
0.555499
0.50096
0.606243
0.559939
0.503184
0.606932
0.560813
0.506478
0.609705
0.561802
0.505094
0.608381
0.560248
0.503536
0.60786
0.559503
0.504335
0.608707
0.559697
0.504373
0.608269
0.560991
0.50375
0.607337
0.560084
0.504975
0.609232
0.561777
0.504329
0.60953
0.561787
0.506692
0.610311
0.562038
0.505459
0.608788
0.560261
0.505494
0.607492
0.559325
0.503402
0.607331
0.558221
0.503405
0.606734
0.559245
0.503638
0.607524
0.560374
0.506136
0.609486
0.559678
0.504217
0.607933
0.560675
0.504163
0.608353
0.559757
0.502939
0.607151
0.55827
0.501818
0.605403
0.557775
0.502571
0.608021
0.560662
0.505864
0.609649
0.562432
0.507309
0.612192
0.563318
0.508662
0.612226
0.564266
0.508887
0.611846
0.563352
0.507642
0.6122
0.563727
0.508966
0.610298
0.56069
0.505288
0.608202
0.560599
0.505029
0.60915
0.560088
0.504194
0.608242
0.55753
0.502246
0.606473
0.558441
0.503709
0.606706
0.559545
0.503266
0.607129
0.558504
0.502409
0.606301
0.558843
0.502547
0.606707
0.558796
0.504324
0.608518
0.560612
0.50477
0.609848
0.561031
0.504826
0.60782
0.559287
0.504881
0.607998
0.556991
0.501962
0.60526
0.558327
0.502179
0.606288
0.557692
0.501508
0.605857
0.558656
0.503222
0.606325
0.558274
0.502562
0.605713
0.558405
0.503492
0.608143
0.560258
0.504258
0.609186
0.561174
0.504414
0.609616
0.55941
0.505683
0.609262
0.562775
0.505783
0.609304
0.561694
0.507128
0.611447
0.563379
0.506827
0.609804
0.561993
0.505754
0.609375
0.561418
0.504964
0.60742
0.557773
0.501031
0.605005
0.557841
0.500934
0.605523
0.557204
0.500936
0.60516
0.55716
0.500392
0.605081
0.558364
0.499696
0.603604
0.556392
0.500794
0.604946
0.557379
0.500597
0.604459
0.557507
0.501155
0.605369
0.558609
0.503928
0.607395
0.558675
0.502967
0.607602
0.559293
0.503284
0.607063
0.558597
0.50219
0.606181
0.558355
0.502394
0.607722
0.561134
0.505576
0.609165
0.560653
0.505417
0.609641
0.562471
0.50705
0.611239
0.561684
0.506928
0.610095
0.560941
0.505492
0.610261
0.562116
0.505326
0.610204
0.561341
0.506746
0.610597
0.563088
0.505707
0.609207
0.561035
0.505354
0.609627
0.561295
0.505281
0.609465
0.560145
0.504321
0.60739
0.559838
0.503569
0.609058
0.561629
0.505397
0.609181
0.560399
0.503659
0.608274
0.560618
0.504108
0.608223
0.559035
0.503069
0.606991
0.558563
0.501182
0.606737
0.559271
0.503503
0.606725
0.559027
0.503535
0.608116
0.558306
0.501851
0.605047
0.557596
0.50153
0.605018
0.556987
0.502172
0.607364
0.55929
0.502516
0.607675
0.559537
0.502844
0.607231
0.558636
0.502321
0.604222
0.555213
0.499257
0.604303
0.556744
0.501697
0.605896
0.557936
0.5027
0.606166
0.559431
0.504824
0.609026
0.561225
0.505465
0.609325
0.562297
0.506248
0.609235
0.561158
0.504557
0.607852
0.560333
0.503394
0.607358
0.559482
0.505021
0.609315
0.56077
0.505021
0.609126
0.560025
0.504809
0.610258
0.560772
0.503271
0.605572
0.558053
0.502201
0.606531
0.558951
0.504421
0.607838
0.560273
0.504364
0.608001
0.560885
0.504387
0.608153
0.56094
0.505218
0.609112
0.561252
0.506424
0.610204
0.561042
0.505773
0.609423
0.562325
0.506498
0.611073
0.563617
0.505992
0.610205
0.561621
0.505659
0.609662
0.561493
0.505308
0.60867
0.561356
0.504952
0.608481
0.559281
0.503977
0.608368
0.560547
0.505627
0.608536
0.560363
0.503987
0.606178
0.557576
0.502278
0.604871
0.557842
0.502276
0.605785
0.558121
0.502028
0.606808
0.558401
0.503682
0.607171
0.558912
0.503661
0.607134
0.559098
0.503879
0.608667
0.56047
0.504472
0.607403
0.559134
0.503799
0.60699
0.559285
0.503025
0.60699
0.560623
0.506567
0.61186
0.564566
0.508606
0.61177
0.564373
0.50861
0.61177
0.564022
0.507062
0.610785
0.56157
0.504923
0.607985
0.559552
0.502778
0.605624
0.556612
0.500999
0.602917
0.555583
0.500838
0.604332
0.556414
0.50212
0.606767
0.559913
0.504838
0.608304
0.561101
0.505615
0.609599
0.560217
0.505113
0.608638
0.560642
0.504922
0.608701
0.560985
0.50396
0.608866
0.561072
0.503627
0.607046
0.55862
0.502953
0.607866
0.560576
0.504705
0.606661
0.559046
0.499823
0.604504
0.555901
0.500262
0.604169
0.55726
0.500963
0.60501
0.557064
0.501827
0.605874
0.556903
0.500448
0.605288
0.557729
0.502182
0.607327
0.558071
0.502253
0.606204
0.5573
0.502329
0.605984
0.556467
0.500789
0.604546
0.557489
0.50138
0.605572
0.559178
0.504254
0.609734
0.562468
0.506866
0.611794
0.562786
0.507445
0.610204
0.56189
0.505329
0.607966
0.559764
0.500985
0.60525
0.557393
0.502088
0.606635
0.559499
0.503639
0.60709
0.560048
0.504515
0.607891
0.559092
0.503389
0.606975
0.559938
0.503665
0.608553
0.561954
0.505657
0.61034
0.563862
0.506843
0.609611
0.561369
0.505357
0.609079
0.559816
0.502884
0.607629
0.559347
0.504122
0.607919
0.56107
0.506325
0.610527
0.562671
0.50584
0.608959
0.559567
0.502024
0.606302
0.559941
0.504213
0.606492
0.559126
0.503497
0.606371
0.556758
0.502494
0.60611
0.559508
0.50341
0.60648
0.559181
0.503975
0.608065
0.560211
0.50309
0.607861
0.559783
0.504917
0.6087
0.562136
0.503241
0.607417
0.561215
0.506502
0.610393
0.561812
0.50569
0.609891
0.563043
0.507658
0.610839
0.560611
0.504798
0.608662
0.56033
0.504563
0.607912
0.559447
0.504384
0.607296
0.560421
0.503894
0.606477
0.559721
0.505085
0.609423
0.560937
0.504859
0.609362
0.561599
0.505313
0.608974
0.56159
0.503613
0.607561
0.559379
0.501888
0.605077
0.55792
0.503954
0.607502
0.559798
0.504374
0.608586
0.559778
0.504506
0.608623
0.559689
0.50214
0.60561
0.559413
0.503264
0.607921
0.559865
0.50517
0.609552
0.561282
0.505893
0.610086
0.56045
0.504691
0.608736
0.560709
0.504563
0.60808
0.56099
0.505618
0.609869
0.562665
0.506775
0.611714
0.564105
0.507627
0.611427
0.562842
0.506126
0.609692
0.560294
0.504056
0.609248
0.560378
0.503717
0.607062
0.558816
0.502306
0.605964
0.558612
0.502777
0.606666
0.55912
0.503224
0.60645
0.559652
0.502966
0.606465
0.559356
0.503495
0.607466
0.559713
0.504294
0.607905
0.560613
0.504831
0.609745
0.562355
0.506183
0.610415
0.562296
0.50646
0.610463
0.561129
0.503738
0.608039
0.561102
0.504574
0.608492
0.561142
0.505469
0.608738
0.561992
0.504351
0.609225
0.56182
0.506395
0.611199
0.563754
0.508427
0.611261
0.56334
0.508792
0.611819
0.564582
0.507717
0.611542
0.563652
0.507263
0.609523
0.560817
0.50584
0.608781
0.561249
0.505719
0.610136
0.56112
0.505048
0.60801
0.558637
0.502503
0.606103
0.558295
0.501342
0.606669
0.558699
0.503414
0.607174
0.558695
0.503022
0.606271
0.556582
0.501236
0.604941
0.557807
0.501087
0.605212
0.557386
0.502039
0.603923
0.555603
0.5011
0.605506
0.556295
0.498771
0.60232
0.554775
0.498505
0.603095
0.555858
0.501358
0.606321
0.557663
0.5017
0.604598
0.557612
0.50033
0.604024
0.557271
0.501872
0.606262
0.556621
0.501655
0.605402
0.557179
0.502417
0.605352
0.558485
0.503494
0.607578
0.559179
0.503677
0.607207
0.559194
0.503105
0.606317
0.559228
0.504789
0.608067
0.559426
0.504199
0.608355
0.562014
0.50474
0.609781
0.561865
0.505189
0.608765
0.558938
0.501973
0.605988
0.558417
0.502702
0.60621
0.557069
0.50142
0.605907
0.558388
0.503375
0.607229
0.559523
0.503524
0.607261
0.560947
0.504848
0.607343
0.558188
0.501548
0.605933
0.558031
0.501973
0.605625
0.557429
0.501724
0.605693
0.559355
0.502772
0.607004
0.55961
0.503852
0.609059
0.560379
0.502096
0.60671
0.555731
0.500783
0.604896
0.557714
0.502543
0.605492
0.557698
0.502131
0.606283
0.559088
0.504014
0.607035
0.557657
0.501212
0.604152
0.558344
0.503356
0.607547
0.558022
0.502757
0.607112
0.558921
0.504131
0.608291
0.560861
0.504619
0.608781
0.561661
0.505723
0.608906
0.560307
0.505105
0.607522
0.558322
0.502414
0.606095
0.556729
0.501867
0.605452
0.556712
0.500005
0.603789
0.556164
0.501116
0.605151
0.557328
0.500381
0.605073
0.555972
0.500789
0.605401
0.557372
0.502235
0.605879
0.558579
0.503896
0.608521
0.557556
0.50231
0.60623
0.559848
0.504872
0.608128
0.55958
0.504322
0.607822
0.560296
0.505433
0.609428
0.561657
0.503252
0.607211
0.560346
0.504972
0.609181
0.562155
0.50635
0.610288
0.56164
0.505933
0.61012
0.562316
0.506335
0.609271
0.559757
0.500989
0.605774
0.558685
0.502982
0.606174
0.559491
0.503164
0.607305
0.558744
0.503251
0.607289
0.557952
0.501475
0.605695
0.558881
0.502336
0.607013
0.559781
0.503563
0.606533
0.559573
0.50389
0.608736
0.561717
0.505095
0.607881
0.560595
0.504159
0.607546
0.560554
0.504619
0.608123
0.560344
0.504182
0.607854
0.559988
0.504143
0.60843
0.561339
0.50422
0.607708
0.558308
0.502708
0.604209
0.556542
0.501027
0.605278
0.557182
0.500099
0.603414
0.557168
0.501041
0.60571
0.557858
0.501426
0.606394
0.557351
0.500174
0.603757
0.555943
0.501038
0.605132
0.55717
0.499502
0.603461
0.55477
0.500167
0.604533
0.555073
0.498013
0.60356
0.556351
0.499464
0.602744
0.553362
0.498428
0.602929
0.554832
0.500163
0.60491
0.556573
0.500669
0.606827
0.558454
0.501878
0.605928
0.55707
0.50086
0.605244
0.557203
0.5023
0.605911
0.558773
0.504445
0.607922
0.560192
0.503472
0.6087
0.56141
0.503436
0.607447
0.559957
0.504227
0.610256
0.561781
0.505458
0.608574
0.562397
0.506445
0.610546
0.562935
0.507484
0.610711
0.562293
0.506265
0.610634
0.560602
0.505038
0.60772
0.559204
0.504874
0.6081
0.559562
0.503285
0.606222
0.558832
0.502566
0.606832
0.558889
0.503174
0.608051
0.559815
0.504372
0.608685
0.559713
0.505548
0.608262
0.560813
0.504061
0.608662
0.560649
0.503531
0.604394
0.554799
0.499862
0.604859
0.556637
0.500698
0.60501
0.556698
0.501545
0.606359
0.559369
0.501674
0.606129
0.558306
0.504231
0.608038
0.559094
0.503249
0.605305
0.558571
0.501141
0.606947
0.557289
0.501367
0.605876
0.557231
0.502612
0.606271
0.558939
0.502848
0.606807
0.558481
0.503818
0.607268
0.558084
0.502822
0.60766
0.560321
0.502778
0.607697
0.560939
0.505304
0.608637
0.560732
0.502885
0.60725
0.559185
0.504897
0.60957
0.560204
0.504447
0.607717
0.56008
0.503254
0.606461
0.558015
0.502538
0.606149
0.558218
0.502389
0.606007
0.557433
0.500579
0.604988
0.557809
0.50108
0.604334
0.556383
0.501697
0.605289
0.557548
0.501613
0.6042
0.555062
0.501104
0.605411
0.557018
0.502326
0.607381
0.558573
0.501566
0.605892
0.558428
0.503944
0.608032
0.560203
0.505386
0.608756
0.559312
0.503817
0.607687
0.559387
0.502818
0.605758
0.558665
0.501705
0.605753
0.557448
0.500347
0.60486
0.556914
0.50136
0.605381
0.557187
0.501847
0.606603
0.55762
0.500705
0.604793
0.558125
0.503136
0.607961
0.557272
0.501705
0.605614
0.556906
0.502533
0.605528
0.55747
0.502714
0.606746
0.556695
0.500613
0.605606
0.557253
0.501781
0.605864
0.559293
0.503501
0.6062
0.558769
0.503063
0.605544
0.558527
0.503551
0.608394
0.558744
0.502457
0.607162
0.559835
0.503667
0.607775
0.560576
0.504779
0.609003
0.560617
0.502772
0.60721
0.559518
0.504317
0.607609
0.559456
0.502739
0.607249
0.559457
0.504081
0.607504
0.560062
0.504091
0.607546
0.558423
0.503148
0.607709
0.560377
0.506034
0.609327
0.561457
0.505333
0.61022
0.563324
0.506473
0.609255
0.56192
0.506599
0.609541
0.563695
0.506896
0.610583
0.562054
0.507429
0.611297
0.565483
0.508834
0.612281
0.563989
0.50715
0.609901
0.560445
0.504228
0.606294
0.55867
0.503041
0.607092
0.560448
0.504091
0.607702
0.559885
0.503334
0.608262
0.561687
0.506825
0.608766
0.559327
0.504025
0.608184
0.560813
0.504192
0.609187
0.560987
0.504359
0.608857
0.561857
0.504852
0.608192
0.560734
0.505513
0.607668
0.561112
0.504029
0.606606
0.55883
0.50464
0.608498
0.560431
0.503591
0.607734
0.560077
0.504012
0.607388
0.559349
0.502986
0.606734
0.558579
0.50311
0.607609
0.559955
0.504466
0.6089
0.559963
0.503973
0.607167
0.559654
0.505198
0.608798
0.560753
0.504503
0.608131
0.559308
0.50209
0.60664
0.558303
0.503513
0.60646
0.557639
0.501934
0.606484
0.558628
0.504175
0.608151
0.560665
0.504157
0.608967
0.560723
0.505387
0.607863
0.559028
0.5031
0.606983
0.558661
0.503397
0.607878
0.559692
0.503011
0.607419
0.559014
0.504739
0.606501
0.558468
0.503038
0.6073
0.560501
0.505105
0.608963
0.561343
0.506322
0.610595
0.562496
0.507236
0.61106
0.562862
0.507207
0.611008
0.561718
0.504991
0.607891
0.560899
0.503565
0.607762
0.558345
0.502544
0.605914
0.557476
0.500219
0.604499
0.558133
0.500688
0.604369
0.557514
0.502451
0.607074
0.560787
0.505112
0.609176
0.560848
0.504447
0.608517
0.558797
0.502455
0.606727
0.558155
0.501478
0.607702
0.559777
0.504602
0.607076
0.559532
0.504171
0.607526
0.559136
0.504654
0.607664
0.560307
0.504884
0.607695
0.56042
0.504145
0.608464
0.561412
0.505034
0.608819
0.559687
0.504546
0.607502
0.559983
0.503048
0.607607
0.560254
0.505353
0.609366
0.561027
0.505554
0.608323
0.560944
0.50368
0.606587
0.560548
0.50508
0.608385
0.561357
0.50481
0.608683
0.559149
0.503225
0.605875
0.557221
0.501348
0.604765
0.55705
0.50163
0.605778
0.557351
0.500656
0.604605
0.556871
0.500356
0.605418
0.559197
0.504288
0.608509
0.561519
0.506318
0.609927
0.56121
0.506815
0.609407
0.560615
0.505617
0.608519
0.560084
0.503526
0.607813
0.558043
0.503067
0.606834
0.558159
0.502396
0.606141
0.557423
0.500855
0.605774
0.558947
0.504424
0.608103
0.559879
0.501941
0.605894
0.559142
0.501984
0.605609
0.555911
0.500017
0.604724
0.55568
0.499083
0.604654
0.557676
0.502709
0.60744
0.559633
0.505237
0.608298
0.559369
0.502989
0.606545
0.558302
0.501935
0.606147
0.557775
0.501789
0.607461
0.560407
0.503443
0.608102
0.560719
0.505197
0.609269
0.562392
0.505334
0.609668
0.561781
0.506551
0.610206
0.562518
0.505388
0.607724
0.560055
0.504215
0.607857
0.559281
0.504151
0.608727
0.561868
0.506608
0.611079
0.562425
0.505975
0.610124
0.562497
0.50687
0.609244
0.559595
0.503643
0.606967
0.559608
0.505328
0.607946
0.560327
0.505127
0.610705
0.560606
0.505143
0.60912
0.560142
0.503749
0.608303
0.558767
0.50324
0.606289
0.558902
0.50341
0.606285
0.559334
0.504537
0.608422
0.559737
0.504699
0.608527
0.55856
0.503493
0.607813
0.559856
0.505052
0.608112
0.559684
0.503528
0.607571
0.560344
0.505415
0.610234
0.558487
0.502774
0.60662
0.559308
0.503709
0.607519
0.56121
0.504516
0.608114
0.558912
0.503106
0.607953
0.561796
0.504657
0.607645
0.559951
0.504746
0.60885
0.558636
0.502921
0.606422
0.557258
0.503076
0.606577
0.557402
0.500931
0.604687
0.555783
0.500898
0.606091
0.559443
0.504505
0.60909
0.560677
0.504726
0.608837
0.560736
0.505501
0.609362
0.561409
0.507237
0.610822
0.561805
0.504924
0.608959
0.561171
0.504603
0.608004
0.558982
0.503241
0.606795
0.559254
0.502082
0.606825
0.558221
0.503249
0.607554
0.560124
0.504493
0.608729
0.56018
0.505069
0.608275
0.55985
0.503744
0.607804
0.55822
0.502392
0.605568
0.559052
0.5036
0.607947
0.559338
0.50457
0.607252
0.559253
0.504231
0.608332
0.560463
0.503942
0.608597
0.560842
0.505533
0.610714
0.56194
0.505989
0.607893
0.560478
0.504526
0.60763
0.560467
0.504112
0.608074
0.560709
0.502226
0.605538
0.556579
0.501389
0.606536
0.558454
0.502157
0.605778
0.558399
0.503205
0.607751
0.559557
0.504026
0.608147
0.561367
0.502352
0.606575
0.556821
0.501997
0.606228
0.558848
0.501954
0.605145
0.558199
0.501307
0.606113
0.558692
0.502582
0.605662
0.557562
0.50299
0.606572
0.558096
0.502671
0.606649
0.559867
0.503136
0.607953
0.559506
0.503907
0.607785
0.559587
0.502879
0.606157
0.557938
0.50201
0.606174
0.55752
0.502089
0.606761
0.557155
0.501044
0.604002
0.556579
0.501358
0.606821
0.557906
0.501662
0.605331
0.557044
0.501509
0.605683
0.557839
0.502988
0.605306
0.558039
0.502386
0.606258
0.559655
0.503004
0.608107
0.559918
0.504117
0.607794
0.559343
0.503256
0.607349
0.559486
0.502997
0.607268
0.559557
0.503476
0.607265
0.559256
0.503101
0.60703
0.56043
0.505608
0.610055
0.562325
0.505681
0.608819
0.562433
0.506178
0.609642
0.560998
0.503947
0.607272
0.560579
0.503621
0.607709
0.559793
0.504568
0.609458
0.561762
0.506748
0.610977
0.563112
0.507362
0.610407
0.562367
0.505412
0.608813
0.5613
0.504743
0.606916
0.558718
0.503343
0.60856
0.560441
0.503322
0.606234
0.558355
0.5035
0.607704
0.559472
0.502684
0.606569
0.559858
0.503744
0.608603
0.561078
0.504095
0.607135
0.559456
0.503109
0.608271
0.560488
0.50515
0.609055
0.560949
0.504304
0.609169
0.56098
0.504604
0.608284
0.559379
0.502897
0.608032
0.559505
0.502267
0.607097
0.558517
0.501993
0.60512
0.557351
0.501839
0.605692
0.558504
0.502213
0.606957
0.559251
0.504394
0.608283
0.561159
0.506203
0.610358
0.56212
0.504197
0.608347
0.561163
0.505206
0.608681
0.560468
0.504881
0.608127
0.560454
0.505575
0.610201
0.55965
0.502697
0.607163
0.560143
0.505051
0.609052
0.558658
0.503664
0.607642
0.558976
0.502366
0.606313
0.557873
0.501539
0.606607
0.558024
0.500101
0.604758
0.557644
0.50176
0.606395
0.559739
0.504247
0.608043
0.560982
0.504195
0.608266
0.56087
0.505373
0.609683
0.561048
0.505434
0.608316
0.559668
0.504001
0.607751
0.559194
0.503668
0.608051
0.559454
0.504491
0.607449
0.559457
0.504589
0.608508
0.559215
0.501594
0.605936
0.557834
0.502236
0.605866
0.558097
0.502405
0.607389
0.55776
0.501865
0.604246
0.556621
0.501407
0.605857
0.55743
0.501498
0.605544
0.558314
0.50228
0.606632
0.560135
0.505261
0.608886
0.558923
0.503914
0.607582
0.559414
0.503408
0.606873
0.558376
0.502687
0.606778
0.558645
0.503714
0.607828
0.560816
0.504259
0.607468
0.558128
0.50268
0.60679
0.55856
0.503324
0.607788
0.560619
0.503884
0.607551
0.557357
0.500473
0.603947
0.556216
0.500227
0.605213
0.555044
0.500472
0.604361
0.556345
0.500972
0.604764
0.556924
0.500136
0.605277
0.557517
0.502201
0.606668
0.557045
0.501528
0.606144
0.557268
0.502745
0.605928
0.558767
0.502828
0.605967
0.557738
0.502909
0.606115
0.556001
0.501049
0.605344
0.55719
0.501604
0.605274
0.555949
0.500467
0.603655
0.556135
0.498352
0.603192
0.556252
0.500808
0.603437
0.556818
0.501177
0.60633
0.55862
0.503394
0.607186
0.558432
0.50296
0.607617
0.559501
0.503626
0.607376
0.558151
0.503256
0.606608
0.559784
0.503658
0.607964
0.560241
0.504085
0.607397
0.558652
0.503612
0.607351
0.55937
0.503874
0.608816
0.560932
0.504203
0.606928
0.558418
0.50213
0.606617
0.559207
0.502029
0.605827
0.559369
0.505217
0.608641
0.560283
0.504073
0.608198
0.559984
0.503614
0.607707
0.558511
0.503109
0.607633
0.558233
0.502405
0.605765
0.556934
0.501947
0.60495
0.557736
0.501667
0.604926
0.556211
0.499433
0.6047
0.558146
0.501942
0.604909
0.557232
0.501876
0.606369
0.558036
0.502637
0.605801
0.557015
0.502722
0.606862
0.558869
0.501406
0.605899
0.558412
0.503382
0.608026
0.560957
0.506081
0.609374
0.562664
0.507305
0.609964
0.562461
0.506489
0.610452
0.562423
0.506844
0.609731
0.560092
0.50521
0.608391
0.560068
0.503699
0.607765
0.559904
0.503077
0.607349
0.558398
0.503072
0.606582
0.558632
0.503313
0.607365
0.5583
0.502653
0.606448
0.558517
0.5038
0.60776
0.560001
0.504692
0.607956
0.559365
0.502946
0.606449
0.557491
0.501821
0.606009
0.557216
0.500314
0.605453
0.557864
0.502056
0.606092
0.559578
0.503834
0.607249
0.560044
0.50258
0.607305
0.559024
0.503762
0.60785
0.559456
0.501969
0.605199
0.557818
0.500574
0.605208
0.55753
0.501926
0.605813
0.556861
0.499669
0.603343
0.556529
0.501126
0.605504
0.557651
0.501878
0.604945
0.557708
0.50157
0.60529
0.557142
0.501179
0.605273
0.557475
0.501767
0.60599
0.558329
0.502141
0.606185
0.557998
0.502112
0.605638
0.557566
0.500173
0.6051
0.557793
0.501853
0.605816
0.558246
0.50262
0.606506
0.558602
0.502478
0.605276
0.559175
0.503763
0.607754
0.559071
0.503315
0.607991
0.559874
0.504192
0.608701
0.559574
0.504623
0.608397
0.561234
0.506066
0.608186
0.560522
0.50424
0.608114
0.561083
0.505178
0.608234
0.560744
0.504344
0.608558
0.559895
0.503544
0.606798
0.557344
0.503385
0.607846
0.560722
0.50445
0.607714
0.559241
0.50424
0.607149
0.559609
0.503468
0.606837
0.558687
0.503032
0.608025
0.560098
0.502875
0.605659
0.556701
0.500628
0.603958
0.556206
0.497317
0.602404
0.555563
0.49882
0.602849
0.554348
0.499291
0.603486
0.557245
0.50255
0.606732
0.560057
0.505421
0.6093
0.561288
0.505143
0.608495
0.559489
0.504615
0.608025
0.558993
0.503322
0.606439
0.556985
0.50017
0.604753
0.55652
0.501245
0.605914
0.558067
0.502609
0.607354
0.559117
0.502446
0.60566
0.557288
0.502603
0.606406
0.556599
0.500771
0.605291
0.556747
0.501871
0.605482
0.558404
0.502262
0.605776
0.557202
0.502534
0.607703
0.55998
0.505331
0.608691
0.56067
0.503015
0.606482
0.558782
0.503788
0.608297
0.55969
0.50446
0.607064
0.559484
0.503341
0.607712
0.560941
0.503854
0.6075
0.559804
0.503528
0.608142
0.559709
0.503864
0.608398
0.561183
0.503933
0.605949
0.558064
0.501592
0.605829
0.558741
0.503497
0.607029
0.558543
0.502205
0.607273
0.559613
0.502244
0.607221
0.557597
0.502856
0.607293
0.558741
0.502675
0.606669
0.555945
0.501152
0.605011
0.55727
0.501503
0.604483
0.557434
0.500798
0.605256
0.557621
0.501851
0.606743
0.560012
0.505431
0.61006
0.561727
0.507118
0.60925
0.559477
0.502677
0.608067
0.560729
0.505945
0.608844
0.560794
0.505497
0.608524
0.561728
0.505246
0.608364
0.561621
0.505089
0.60774
0.560546
0.504671
0.608384
0.558616
0.502637
0.604654
0.558131
0.501837
0.606972
0.558361
0.502509
0.606036
0.557555
0.500858
0.606297
0.559995
0.503846
0.607079
0.558139
0.50136
0.605074
0.557832
0.502147
0.604821
0.55795
0.502121
0.606447
0.557303
0.503441
0.608548
0.559942
0.503999
0.608762
0.560716
0.505456
0.608545
0.559128
0.503659
0.607093
0.557614
0.503322
0.608247
0.559459
0.503794
0.60827
0.55953
0.503625
0.607176
0.560384
0.503171
0.607964
0.559944
0.503814
0.60806
0.558757
0.503644
0.606135
0.558452
0.501537
0.60474
0.558004
0.503374
0.608381
0.561143
0.503331
0.606404
0.559488
0.503592
0.606861
0.560168
0.503499
0.605391
0.557757
0.502883
0.606361
0.559256
0.503381
0.608103
0.560727
0.504751
0.608188
0.558493
0.502765
0.607664
0.559947
0.503034
0.607322
0.558761
0.502759
0.607261
0.559495
0.502609
0.607246
0.560327
0.504914
0.61018
0.560912
0.504968
0.608989
0.561767
0.506276
0.608771
0.560709
0.502371
0.606885
0.557257
0.501956
0.607168
0.559321
0.504439
0.607994
0.561437
0.505401
0.60938
0.561766
0.506371
0.609588
0.562084
0.505816
0.609709
0.562886
0.506913
0.610383
0.562091
0.504409
0.607844
0.5595
0.503466
0.60729
0.559873
0.503416
0.607262
0.559406
0.503574
0.607995
0.559416
0.503076
0.60612
0.558234
0.501534
0.605845
0.556976
0.501122
0.605506
0.558477
0.503219
0.608489
0.561458
0.505867
0.60972
0.562148
0.504715
0.609064
0.559944
0.502795
0.606716
0.559784
0.503278
0.607484
0.56026
0.50388
0.608842
0.561857
0.505964
0.609456
0.560906
0.505544
0.608675
0.560732
0.505413
0.609826
0.561558
0.504048
0.607559
0.559435
0.50345
0.608411
0.560511
0.504197
0.607149
0.559813
0.504226
0.607807
0.559333
0.502841
0.606509
0.558652
0.503055
0.607699
0.558873
0.502111
0.605668
0.555989
0.500801
0.606527
0.556794
0.502402
0.606075
0.559047
0.502663
0.607249
0.559481
0.503545
0.606903
0.559116
0.502434
0.605345
0.556262
0.499819
0.60357
0.556204
0.500739
0.605444
0.557997
0.502886
0.606544
0.558841
0.50335
0.608385
0.558813
0.502463
0.606559
0.558384
0.502673
0.605523
0.55797
0.502794
0.607134
0.559546
0.502704
0.607029
0.557719
0.503702
0.608534
0.560575
0.504388
0.608015
0.559406
0.502416
0.606359
0.558162
0.50153
0.604066
0.55638
0.501725
0.606462
0.558622
0.502349
0.606302
0.557962
0.501895
0.606705
0.555761
0.499124
0.602334
0.55356
0.499119
0.603511
0.556428
0.50113
0.605956
0.55691
0.502213
0.608034
0.558603
0.502636
0.606375
0.557117
0.501031
0.603904
0.556902
0.500807
0.605115
0.556945
0.501034
0.605601
0.55641
0.500767
0.606719
0.558469
0.503964
0.608557
0.559225
0.504261
0.60763
0.559145
0.501543
0.605428
0.558943
0.503794
0.607136
0.55918
0.503817
0.607586
0.559524
0.504748
0.607381
0.559284
0.503689
0.607372
0.560876
0.506063
0.610411
0.561781
0.50539
0.608241
0.561627
0.504543
0.608294
0.560728
0.505021
0.609349
0.562603
0.507433
0.610428
0.562622
0.505963
0.608569
0.560603
0.504708
0.608389
0.5592
0.50526
0.608409
0.560553
0.505617
0.608527
0.561241
0.505772
0.608887
0.558674
0.501299
0.606762
0.558102
0.503835
0.607099
0.560223
0.504259
0.607766
0.560449
0.504354
0.60806
0.559445
0.50228
0.606185
0.557924
0.502493
0.606579
0.558343
0.500608
0.604266
0.555648
0.500403
0.60502
0.557027
0.50186
0.606295
0.5575
0.502474
0.606373
0.558927
0.504278
0.606183
0.559374
0.503994
0.606399
0.556996
0.502687
0.606846
0.559845
0.503377
0.607821
0.558934
0.503748
0.607128
0.559819
0.503563
0.608193
0.559496
0.504463
0.60692
0.558817
0.504107
0.607463
0.558639
0.502511
0.607295
0.557929
0.502389
0.605866
0.557915
0.503961
0.6087
0.561699
0.506372
0.610162
0.562016
0.506314
0.610004
0.561201
0.505302
0.609811
0.56262
0.506428
0.611289
0.559868
0.50387
0.607738
0.559152
0.50458
0.609237
0.561157
0.505962
0.609905
0.561463
0.50603
0.610459
0.560955
0.505492
0.609715
0.56274
0.504665
0.607725
0.560886
0.505956
0.609492
0.55979
0.505418
0.60885
0.561602
0.505531
0.608761
0.559924
0.503901
0.60749
0.558145
0.502663
0.60704
0.558499
0.501491
0.60404
0.555219
0.499856
0.604559
0.557172
0.502571
0.605428
0.556978
0.501504
0.604181
0.556776
0.502071
0.606453
0.558089
0.501619
0.606116
0.557043
0.500575
0.604011
0.555071
0.499874
0.604309
0.555304
0.499013
0.604115
0.556476
0.499964
0.604341
0.557049
0.500556
0.605395
0.556339
0.501249
0.605213
0.55762
0.501949
0.605405
0.55682
0.500348
0.60432
0.5576
0.503125
0.608956
0.560125
0.503239
0.607189
0.557694
0.502608
0.606514
0.558835
0.502966
0.606335
0.558359
0.503259
0.605998
0.557728
0.501505
0.604973
0.556148
0.49944
0.604601
0.556313
0.501046
0.605176
0.556454
0.501616
0.604647
0.556689
0.499833
0.604943
0.556924
0.501122
0.606021
0.557138
0.502371
0.606707
0.558461
0.502549
0.606653
0.559163
0.504036
0.605922
0.557784
0.502307
0.606245
0.557315
0.503651
0.606781
0.55933
0.503626
0.607594
0.560533
0.504515
0.609546
0.561103
0.505592
0.608549
0.56084
0.505291
0.607169
0.559786
0.504319
0.606577
0.557453
0.502037
0.607116
0.558476
0.503426
0.606777
0.557943
0.501403
0.604379
0.556987
0.500344
0.604549
0.555799
0.501048
0.604553
0.556937
0.501065
0.605568
0.557212
0.50248
0.606325
0.556363
0.501
0.605553
0.558295
0.502886
0.606856
0.557266
0.501828
0.606473
0.55882
0.504004
0.608572
0.55962
0.503073
0.605941
0.557289
0.501401
0.605934
0.558293
0.502641
0.606481
0.558468
0.503075
0.606275
0.557875
0.501093
0.60493
0.556928
0.500057
0.602298
0.553496
0.498436
0.602326
0.554476
0.498995
0.602851
0.555831
0.4992
0.603658
0.55509
0.501149
0.60563
0.559106
0.504156
0.605796
0.559708
0.503081
0.60721
0.557411
0.501502
0.60517
0.557176
0.500748
0.605298
0.557293
0.501161
0.605097
0.556681
0.501937
0.606679
0.559254
0.504581
0.608467
0.559522
0.503723
0.607208
0.559116
0.503151
0.608244
0.559563
0.503345
0.606997
0.557456
0.502291
0.606317
0.558712
0.502414
0.6069
0.559962
0.502904
0.606045
0.560275
0.504452
0.606927
0.558815
0.503963
0.607345
0.561011
0.504277
0.608083
0.560999
0.505113
0.608763
0.561254
0.504855
0.609076
0.56046
0.50413
0.609035
0.560031
0.504804
0.608556
0.55954
0.503477
0.60762
0.561315
0.50378
0.606486
0.557395
0.502527
0.607127
0.557918
0.502541
0.60612
0.558563
0.503297
0.607116
0.559853
0.503033
0.605357
0.557701
0.501184
0.603607
0.557207
0.500021
0.60445
0.557536
0.501561
0.605583
0.556827
0.500716
0.605324
0.558988
0.503095
0.607502
0.558902
0.503936
0.6076
0.559334
0.503263
0.608258
0.561178
0.505649
0.608441
0.559601
0.504401
0.608563
0.560933
0.50446
0.607527
0.559764
0.502459
0.60649
0.558881
0.503971
0.608965
0.559952
0.503286
0.6083
0.559578
0.503024
0.606627
0.557894
0.502889
0.607908
0.55783
0.502415
0.606778
0.559568
0.502899
0.607668
0.561045
0.504798
0.607981
0.55872
0.50346
0.607773
0.560698
0.50554
0.609724
0.562142
0.505966
0.608961
0.560681
0.504409
0.608649
0.560221
0.50314
0.606078
0.559585
0.503114
0.60673
0.559766
0.503827
0.607314
0.559107
0.504212
0.607805
0.558232
0.500984
0.605299
0.555686
0.500255
0.603777
0.55684
0.501655
0.606621
0.558713
0.504239
0.60863
0.560169
0.504286
0.608249
0.55978
0.503541
0.606785
0.558907
0.504415
0.608812
0.56069
0.504835
0.60738
0.558063
0.503663
0.606919
0.559207
0.501837
0.605616
0.558137
0.503456
0.607397
0.557589
0.502401
0.606649
0.56023
0.505628
0.609422
0.561316
0.504269
0.607698
0.558838
0.50175
0.604624
0.556799
0.500448
0.603628
0.554807
0.499413
0.60377
0.55671
0.500991
0.60566
0.558776
0.502029
0.606114
0.558078
0.50308
0.607142
0.557782
0.503348
0.60733
0.559771
0.504257
0.60728
0.559338
0.50351
0.60748
0.559953
0.50426
0.608013
0.560027
0.504409
0.608438
0.560364
0.502818
0.605973
0.558947
0.503141
0.605868
0.558574
0.502371
0.606398
0.558993
0.502028
0.605881
0.557514
0.502654
0.606354
0.556964
0.502241
0.607617
0.559541
0.50515
0.609102
0.561617
0.503166
0.607798
0.559163
0.50305
0.606917
0.56047
0.505303
0.609
0.559874
0.504995
0.609881
0.561526
0.506955
0.608906
0.561843
0.504664
0.608264
0.561596
0.503677
0.607379
0.558177
0.501446
0.605504
0.55921
0.505378
0.609646
0.561453
0.505859
0.608344
0.560912
0.505653
0.61046
0.561824
0.506348
0.610955
0.564211
0.508394
0.611424
0.563061
0.506601
0.608607
0.560784
0.504514
0.609735
0.560085
0.503017
0.605954
0.556972
0.501431
0.605497
0.557479
0.500325
0.604191
0.556482
0.500151
0.603785
0.555923
0.501209
0.606037
0.558484
0.502337
0.605898
0.558832
0.502412
0.607293
0.558319
0.503287
0.606525
0.557803
0.502098
0.60665
0.559227
0.503667
0.607449
0.559245
0.50471
0.608308
0.560687
0.50474
0.608201
0.559867
0.503308
0.607427
0.559185
0.502641
0.606847
0.558684
0.503275
0.608975
0.559807
0.50464
0.60903
0.560148
0.503582
0.607727
0.559159
0.503891
0.608667
0.560196
0.503734
0.607838
0.559983
0.503424
0.607079
0.559673
0.503989
0.608144
0.561007
0.505525
0.610245
0.562177
0.506554
0.609233
0.562242
0.506701
0.609897
0.561399
0.506058
0.610108
0.56002
0.50539
0.609938
0.56122
0.50462
0.609701
0.560743
0.505715
0.608311
0.560084
0.503391
0.607609
0.559382
0.50493
0.608035
0.560446
0.504725
0.607915
0.56012
0.504061
0.608203
0.559621
0.504486
0.60853
0.560407
0.504107
0.608181
0.561515
0.506063
0.609885
0.561412
0.50678
0.609715
0.561712
0.504937
0.608611
0.561827
0.505958
0.61
0.561418
0.50541
0.608537
0.560826
0.504744
0.609285
0.560879
0.504443
0.607906
0.559082
0.504221
0.608652
0.560202
0.505337
0.6094
0.562214
0.506369
0.609487
0.562066
0.507123
0.610679
0.561304
0.504344
0.607889
0.55976
0.503767
0.607834
0.55975
0.505231
0.609178
0.562252
0.506244
0.610414
0.563225
0.507079
0.611217
0.561616
0.505383
0.607638
0.559294
0.503446
0.607036
0.559931
0.501469
0.605771
0.557781
0.502479
0.606969
0.559403
0.501846
0.605776
0.557561
0.5016
0.605048
0.555861
0.500876
0.603528
0.556607
0.500768
0.605312
0.558365
0.50275
0.605722
0.559104
0.503606
0.60753
0.559397
0.504636
0.607632
0.559667
0.504223
0.607992
0.559915
0.503814
0.608967
0.562194
0.50519
0.608411
0.559822
0.504613
0.608218
0.56071
0.504827
0.607793
0.559008
0.502565
0.606353
0.557701
0.501903
0.605601
0.557579
0.501651
0.606253
0.55826
0.50297
0.607303
0.559161
0.502292
0.60724
0.560505
0.504319
0.607905
0.560326
0.506183
0.609624
0.561544
0.505589
0.610024
0.560439
0.502941
0.607396
0.558455
0.503975
0.607894
0.562703
0.506517
0.609343
0.560333
0.504616
0.607503
0.557947
0.499814
0.603486
0.555428
0.499501
0.60291
0.554672
0.499391
0.603502
0.55584
0.498901
0.601309
0.55457
0.499721
0.602846
0.555807
0.500126
0.605243
0.55853
0.503022
0.606466
0.558242
0.503416
0.606448
0.558757
0.503052
0.607473
0.559578
0.504028
0.607419
0.558133
0.502801
0.606903
0.560017
0.503252
0.605847
0.558023
0.504037
0.608045
0.560091
0.505361
0.608729
0.561928
0.507013
0.60892
0.560458
0.503803
0.607182
0.558625
0.503069
0.608394
0.559896
0.503782
0.608176
0.559457
0.504321
0.60785
0.55952
0.503399
0.60711
0.560028
0.503219
0.608013
0.560059
0.506046
0.610546
0.562656
0.50784
0.611821
0.563979
0.509126
0.612887
0.564316
0.508609
0.611136
0.563154
0.507154
0.609652
0.560911
0.505774
0.609675
0.560565
0.504424
0.606936
0.559211
0.503773
0.607807
0.559649
0.504398
0.608426
0.560957
0.504262
0.609324
0.560082
0.505091
0.608383
0.559147
0.504098
0.60815
0.559645
0.504268
0.607689
0.559511
0.502868
0.607965
0.559686
0.503544
0.606997
0.558993
0.504109
0.607012
0.559147
0.503485
0.60764
0.559325
0.502422
0.606833
0.559771
0.505489
0.606945
0.559035
0.501985
0.605446
0.557081
0.502728
0.607051
0.557192
0.501653
0.606127
0.556743
0.50279
0.606904
0.559991
0.504407
0.607282
0.558721
0.502881
0.607329
0.559291
0.503248
0.606966
0.559045
0.503782
0.607379
0.55964
0.501957
0.606007
0.559278
0.503845
0.607145
0.559089
0.50278
0.606825
0.559191
0.504484
0.608904
0.561724
0.505389
0.607753
0.559408
0.503886
0.606797
0.559495
0.504508
0.608997
0.560981
0.504492
0.608267
0.559471
0.503367
0.60744
0.558837
0.503748
0.607725
0.560961
0.504342
0.608769
0.561399
0.506066
0.609561
0.561678
0.50532
0.608965
0.560102
0.503402
0.607591
0.561009
0.503635
0.606042
0.558853
0.50299
0.606463
0.558551
0.50304
0.605803
0.558284
0.503119
0.605242
0.556055
0.502292
0.60628
0.559227
0.504635
0.608314
0.560232
0.502962
0.606832
0.559189
0.503216
0.607883
0.558615
0.502467
0.605938
0.558157
0.50322
0.604713
0.555879
0.499246
0.602742
0.553374
0.498898
0.601999
0.553452
0.498995
0.60441
0.556174
0.501815
0.606914
0.559281
0.504079
0.60921
0.562027
0.504997
0.607655
0.559843
0.505159
0.609101
0.560498
0.50403
0.607957
0.561292
0.504794
0.608704
0.560369
0.504144
0.608797
0.560221
0.50485
0.608176
0.560618
0.505573
0.608632
0.559762
0.503712
0.60802
0.561253
0.505646
0.609651
0.561412
0.506121
0.610945
0.56189
0.504606
0.60838
0.561214
0.505228
0.609795
0.56116
0.504157
0.607699
0.559406
0.502872
0.607029
0.559418
0.503863
0.607544
0.559422
0.50357
0.606829
0.559681
0.504581
0.607668
0.560044
0.502612
0.607233
0.558315
0.501833
0.606389
0.559037
0.503424
0.607554
0.560715
0.504098
0.607957
0.560472
0.504819
0.607452
0.559781
0.504383
0.608991
0.561051
0.504953
0.609582
0.562338
0.504245
0.606115
0.558526
0.504042
0.607342
0.558616
0.503375
0.607818
0.559259
0.503547
0.608409
0.561603
0.505383
0.608939
0.560814
0.503092
0.606203
0.557296
0.5019
0.60444
0.558059
0.502209
0.606065
0.556603
0.500916
0.606723
0.557947
0.501337
0.605638
0.55647
0.500745
0.605149
0.55851
0.502693
0.606365
0.557305
0.501749
0.605319
0.557723
0.503031
0.6065
0.559725
0.503463
0.606438
0.55888
0.501902
0.605592
0.556868
0.501036
0.604722
0.556957
0.501284
0.605952
0.558521
0.502425
0.605936
0.557561
0.501556
0.606895
0.559611
0.503345
0.606613
0.559801
0.505111
0.60885
0.561004
0.503533
0.606504
0.56004
0.50421
0.607229
0.558033
0.502782
0.607638
0.55948
0.503481
0.606431
0.559046
0.503594
0.607978
0.560062
0.503481
0.608064
0.559992
0.50446
0.608529
0.558065
0.50249
0.607412
0.559346
0.502547
0.605968
0.556969
0.50062
0.605274
0.558031
0.501969
0.605967
0.559971
0.502622
0.607242
0.558976
0.500929
0.604781
0.557755
0.502731
0.606239
0.557585
0.503518
0.607286
0.559324
0.502668
0.607252
0.560336
0.505712
0.60934
0.560174
0.503396
0.607965
0.559209
0.504398
0.60793
0.558765
0.502604
0.606341
0.558238
0.502664
0.60635
0.55831
0.500485
0.605532
0.557443
0.500735
0.605414
0.556843
0.501645
0.605714
0.558177
0.502829
0.606139
0.558816
0.503462
0.608553
0.559037
0.50268
0.605831
0.558626
0.503214
0.605808
0.557479
0.501836
0.605552
0.556629
0.501498
0.604486
0.557889
0.501807
0.606603
0.5598
0.504653
0.608311
0.559453
0.503086
0.607368
0.559918
0.504171
0.60743
0.559367
0.503945
0.608188
0.559668
0.504725
0.608962
0.560436
0.504824
0.60829
0.559018
0.503476
0.607965
0.560565
0.504544
0.607901
0.561266
0.504919
0.607939
0.558964
0.501507
0.606667
0.559619
0.504002
0.607817
0.560112
0.504401
0.607471
0.558632
0.50294
0.606895
0.558243
0.500986
0.604643
0.557681
0.502492
0.605918
0.557244
0.502247
0.60622
0.556805
0.50132
0.604107
0.556208
0.499663
0.60407
0.556083
0.500683
0.605102
0.55761
0.501409
0.604794
0.553854
0.498539
0.602835
0.55579
0.501024
0.605564
0.558806
0.501951
0.60705
0.560504
0.502826
0.607093
0.557138
0.501568
0.605348
0.557276
0.502326
0.606589
0.559377
0.503617
0.608219
0.560418
0.502517
0.606523
0.55791
0.501883
0.60596
0.55838
0.501256
0.605115
0.557674
0.500703
0.606185
0.558982
0.50287
0.607549
0.558763
0.502375
0.606937
0.55615
0.502388
0.606546
0.559216
0.502868
0.60772
0.558731
0.504022
0.607568
0.56024
0.502684
0.606631
0.557754
0.502168
0.60732
0.557372
0.501843
0.607392
0.559256
0.502555
0.605407
0.55907
0.503878
0.607696
0.560219
0.504544
0.610035
0.562234
0.505145
0.608849
0.562156
0.506931
0.610724
0.563061
0.507318
0.61084
0.563139
0.507392
0.610959
0.562314
0.506552
0.609556
0.56151
0.505086
0.608727
0.560234
0.504776
0.607874
0.558601
0.502254
0.605847
0.558787
0.50222
0.606132
0.556713
0.501636
0.606745
0.558028
0.501727
0.605912
0.5561
0.500286
0.605368
0.558088
0.502287
0.607281
0.558964
0.503001
0.607772
0.559717
0.501835
0.605778
0.557931
0.50333
0.607908
0.560436
0.504341
0.606494
0.557929
0.500317
0.605436
0.556948
0.500738
0.60604
0.557978
0.501382
0.604006
0.556685
0.501451
0.606314
0.556465
0.501399
0.60606
0.558849
0.501878
0.606343
0.558279
0.502179
0.606715
0.557436
0.502485
0.60506
0.557053
0.501584
0.604893
0.557177
0.501509
0.604977
0.557028
0.500469
0.604992
0.557217
0.501053
0.605076
0.557609
0.501417
0.604245
0.557014
0.501857
0.60649
0.559704
0.503688
0.607068
0.55876
0.502758
0.60631
0.558013
0.502404
0.606403
0.559016
0.503965
0.608269
0.561644
0.506016
0.609289
0.560755
0.504733
0.607715
0.560302
0.502898
0.607622
0.559694
0.50475
0.608861
0.559889
0.503301
0.607578
0.559826
0.503674
0.606721
0.558292
0.501796
0.606156
0.558622
0.501896
0.606109
0.557621
0.502206
0.607115
0.560472
0.505065
0.608027
0.560068
0.504088
0.608805
0.560908
0.505253
0.609851
0.560291
0.50462
0.607383
0.559994
0.50566
0.610412
0.563279
0.509233
0.611852
0.563064
0.505927
0.609223
0.561116
0.505391
0.610019
0.559652
0.503082
0.607779
0.560121
0.504257
0.609298
0.55979
0.502861
0.606279
0.5588
0.503264
0.607313
0.558593
0.503193
0.607385
0.559293
0.503329
0.607661
0.558759
0.503366
0.606595
0.557503
0.501764
0.605078
0.556081
0.500381
0.604863
0.557376
0.5019
0.604315
0.555824
0.501952
0.605991
0.557902
0.50191
0.606699
0.55876
0.503578
0.607596
0.557656
0.501756
0.604365
0.556919
0.501394
0.604123
0.557021
0.501426
0.605092
0.557292
0.500811
0.60458
0.556803
0.498799
0.60223
0.553159
0.497694
0.602484
0.555233
0.50142
0.605471
0.558713
0.502541
0.60664
0.557868
0.503263
0.607812
0.559482
0.502126
0.605679
0.558109
0.503045
0.606654
0.55823
0.502904
0.607906
0.559958
0.50355
0.607064
0.55859
0.503111
0.607315
0.55949
0.502583
0.606508
0.55939
0.50406
0.608336
0.558013
0.50191
0.606254
0.559111
0.503116
0.607099
0.559537
0.5033
0.606514
0.558439
0.501852
0.60686
0.559338
0.503927
0.606963
0.559244
0.503034
0.60797
0.559344
0.50467
0.60906
0.561445
0.505697
0.610064
0.561036
0.505334
0.608575
0.560659
0.505208
0.608302
0.559577
0.502453
0.605519
0.557179
0.503005
0.606667
0.558707
0.502576
0.605702
0.556965
0.501505
0.606056
0.558504
0.503656
0.607423
0.558929
0.503991
0.607457
0.560138
0.504866
0.608451
0.562468
0.5057
0.609974
0.562289
0.505953
0.610744
0.563753
0.507239
0.609201
0.561847
0.506784
0.61074
0.561085
0.504713
0.608366
0.559891
0.50384
0.608634
0.560568
0.504428
0.60888
0.560286
0.503713
0.60764
0.560555
0.504173
0.607818
0.559971
0.503838
0.607659
0.558751
0.50302
0.606973
0.557712
0.501843
0.605864
0.558872
0.503553
0.607266
0.56078
0.505452
0.608355
0.557746
0.501957
0.606983
0.557024
0.501799
0.606623
0.558995
0.502799
0.606262
0.558521
0.504324
0.607452
0.559418
0.503369
0.607295
0.559561
0.505415
0.60875
0.561873
0.505511
0.609371
0.560017
0.504714
0.608963
0.560461
0.50422
0.607564
0.560635
0.503531
0.60724
0.558777
0.503448
0.607699
0.559866
0.504372
0.607713
0.560999
0.506792
0.609527
0.562456
0.505329
0.608593
0.560128
0.503784
0.606003
0.558482
0.50369
0.608987
0.56113
0.504031
0.607131
0.558339
0.502131
0.605046
0.557713
0.503665
0.607691
0.560293
0.504557
0.608092
0.560212
0.503665
0.60676
0.559198
0.503807
0.607339
0.559427
0.502838
0.607316
0.56022
0.503267
0.607857
0.559815
0.505251
0.606839
0.558642
0.503384
0.607957
0.560768
0.504851
0.609008
0.559844
0.504856
0.609296
0.561439
0.505764
0.609906
0.561533
0.505166
0.609899
0.561503
0.504348
0.608397
0.560312
0.503244
0.60717
0.557124
0.500467
0.603846
0.557392
0.502001
0.605229
0.557002
0.500082
0.603647
0.555773
0.501102
0.603953
0.556557
0.50254
0.605655
0.558465
0.502679
0.606179
0.558502
0.501578
0.606644
0.557346
0.501625
0.606343
0.558014
0.503998
0.608221
0.559987
0.5047
0.608545
0.562346
0.506032
0.609473
0.559383
0.504801
0.608327
0.561564
0.50517
0.608817
0.561404
0.506727
0.612224
0.5637
0.507711
0.61187
0.564442
0.507389
0.612356
0.564381
0.51012
0.613267
0.565029
0.508493
0.611241
0.562655
0.504865
0.607919
0.559603
0.504239
0.606739
0.559377
0.502619
0.606803
0.558559
0.503542
0.607433
0.55994
0.502593
0.605891
0.558416
0.502141
0.606458
0.557509
0.500406
0.604732
0.556961
0.502537
0.60744
0.557841
0.502532
0.605894
0.557662
0.500852
0.605855
0.55862
0.503892
0.60866
0.562524
0.505497
0.608988
0.560955
0.503915
0.608019
0.558081
0.501892
0.606045
0.559967
0.504119
0.607812
0.559332
0.502957
0.606834
0.558833
0.503271
0.608314
0.558855
0.501701
0.605796
0.558174
0.501722
0.606995
0.559905
0.504209
0.606713
0.557524
0.501799
0.606083
0.556958
0.501055
0.606495
0.559237
0.502334
0.606353
0.559881
0.505018
0.610548
0.563469
0.507577
0.612007
0.564273
0.507208
0.611022
0.563201
0.50799
0.612011
0.564755
0.508966
0.611998
0.562861
0.506808
0.610078
0.560389
0.504646
0.608379
0.560884
0.505643
0.609448
0.560277
0.505205
0.609725
0.562109
0.505277
0.609235
0.562344
0.506649
0.610344
0.561644
0.505672
0.608633
0.560509
0.505186
0.609328
0.560864
0.505403
0.609192
0.561312
0.504159
0.607209
0.559377
0.503727
0.607974
0.560641
0.504458
0.607445
0.559013
0.503723
0.606004
0.558306
0.502985
0.606587
0.556598
0.501301
0.604433
0.557902
0.502485
0.606346
0.557571
0.504077
0.6068
0.557598
0.503855
0.608566
0.560517
0.503948
0.607164
0.560298
0.505389
0.608988
0.563133
0.506647
0.609515
0.560201
0.504506
0.60798
0.558693
0.504402
0.607165
0.560585
0.503953
0.606883
0.559744
0.503007
0.60694
0.559436
0.504058
0.607782
0.559455
0.504431
0.606459
0.559677
0.50227
0.605707
0.557395
0.502156
0.606619
0.558611
0.5029
0.607624
0.557985
0.501539
0.605018
0.556994
0.501009
0.604811
0.556948
0.500122
0.604432
0.556216
0.501264
0.603922
0.556862
0.501654
0.606098
0.559885
0.505051
0.608618
0.559868
0.504992
0.60919
0.560115
0.504484
0.608435
0.561761
0.506729
0.610048
0.562139
0.507311
0.61191
0.562821
0.507242
0.610618
0.562524
0.506041
0.608178
0.561374
0.504804
0.608591
0.559389
0.504152
0.607649
0.558945
0.502112
0.605982
0.559087
0.503015
0.606008
0.557959
0.501842
0.606816
0.558981
0.503386
0.607848
0.55815
0.503085
0.607162
0.559619
0.504142
0.607434
0.558891
0.502411
0.60547
0.558071
0.501924
0.606338
0.559004
0.503201
0.606793
0.556934
0.501967
0.605843
0.558909
0.502773
0.605902
0.55769
0.503157
0.606801
0.560746
0.505302
0.609763
0.562327
0.507898
0.610996
0.562904
0.505902
0.611573
0.563373
0.507581
0.61074
0.562534
0.50696
0.611621
0.563409
0.508129
0.611481
0.562918
0.506307
0.609684
0.560413
0.504564
0.607367
0.558349
0.502108
0.606378
0.558676
0.499995
0.605392
0.557698
0.502594
0.605267
0.557026
0.502415
0.606343
0.559005
0.503302
0.607956
0.561049
0.504716
0.607823
0.560542
0.503462
0.608126
0.561784
0.505769
0.609578
0.562052
0.505443
0.609972
0.563369
0.507103
0.611838
0.563863
0.507083
0.6105
0.562069
0.505779
0.609875
0.561261
0.505179
0.609436
0.562802
0.506708
0.609484
0.561603
0.506483
0.610609
0.562162
0.507684
0.609954
0.561429
0.505204
0.608265
0.559978
0.50309
0.607111
0.560064
0.504124
0.608517
0.559143
0.503719
0.608263
0.562225
0.50715
0.609994
0.560908
0.505896
0.609493
0.560357
0.50247
0.606324
0.558707
0.503088
0.605534
0.558471
0.503366
0.607294
0.558195
0.50282
0.606716
0.560428
0.505332
0.608247
0.55946
0.504726
0.608852
0.559943
0.503853
0.607913
0.559221
0.503402
0.607781
0.561195
0.50586
0.609585
0.562228
0.50706
0.610752
0.562961
0.506288
0.60839
0.559893
0.50396
0.6079
0.558721
0.502194
0.606443
0.557888
0.501306
0.606308
0.558155
0.501631
0.6064
0.558124
0.502549
0.606806
0.559653
0.503322
0.607689
0.558159
0.501342
0.604147
0.557862
0.501297
0.605886
0.558001
0.501705
0.606737
0.558286
0.502609
0.607151
0.558781
0.503898
0.607377
0.559023
0.502592
0.60325
0.556438
0.500234
0.605896
0.558242
0.502003
0.605958
0.558324
0.50225
0.604785
0.55705
0.50122
0.606197
0.55926
0.502232
0.605905
0.557951
0.503049
0.607614
0.559993
0.503281
0.607992
0.560306
0.503854
0.606375
0.558792
0.503193
0.606748
0.55813
0.502913
0.606998
0.558811
0.501843
0.605125
0.556863
0.500758
0.604756
0.558329
0.502449
0.604545
0.55524
0.501072
0.604501
0.557439
0.501936
0.607033
0.558526
0.503878
0.607729
0.561387
0.505839
0.609606
0.560201
0.50521
0.608606
0.560602
0.504231
0.608727
0.561575
0.50505
0.608904
0.561875
0.506925
0.610093
0.560954
0.505732
0.609542
0.561996
0.505954
0.611155
0.560827
0.504416
0.608098
0.55951
0.504185
0.60738
0.559956
0.505055
0.608173
0.560652
0.503449
0.607995
0.559159
0.50339
0.607004
0.55893
0.502793
0.607385
0.559193
0.503789
0.608798
0.56159
0.505425
0.608789
0.560629
0.504566
0.608633
0.558835
0.501753
0.606879
0.559865
0.504638
0.608952
0.560729
0.505673
0.609099
0.561703
0.507429
0.611536
0.563634
0.5088
0.610397
0.562127
0.504554
0.608109
0.561318
0.505365
0.610144
0.560922
0.504565
0.607979
0.560181
0.504202
0.607583
0.560627
0.505182
0.609669
0.561685
0.505331
0.610418
0.561161
0.505457
0.608476
0.559211
0.504613
0.607485
0.560757
0.504153
0.609294
0.561586
0.505422
0.609488
0.560244
0.5022
0.60718
0.558941
0.502901
0.606815
0.557519
0.501319
0.604586
0.557196
0.501793
0.606988
0.558377
0.502249
0.606189
0.556996
0.502088
0.606171
0.558595
0.502651
0.604936
0.556919
0.500689
0.604217
0.55623
0.49998
0.605351
0.556693
0.502274
0.606056
0.557705
0.503126
0.607312
0.559642
0.505003
0.609338
0.560875
0.504267
0.605661
0.556658
0.501634
0.606065
0.558994
0.504324
0.607492
0.558966
0.50401
0.608952
0.561456
0.5069
0.609304
0.561043
0.506347
0.6104
0.55994
0.50469
0.608659
0.560729
0.504979
0.60959
0.560176
0.504198
0.608068
0.559163
0.502597
0.606303
0.558484
0.501072
0.604341
0.557057
0.501893
0.605971
0.558208
0.503047
0.60709
0.558287
0.500344
0.603149
0.55603
0.500255
0.604773
0.557476
0.502402
0.606503
0.559261
0.503134
0.607828
0.559096
0.503668
0.608004
0.560242
0.503464
0.60704
0.55873
0.503439
0.606731
0.55813
0.502879
0.605912
0.557965
0.502242
0.606776
0.558546
0.502073
0.606693
0.558276
0.500753
0.604627
0.556527
0.501208
0.605194
0.556946
0.502098
0.604715
0.556308
0.500204
0.604339
0.556899
0.502747
0.606178
0.557735
0.501861
0.605858
0.557073
0.500725
0.606286
0.557557
0.502025
0.60606
0.558652
0.503029
0.608372
0.558305
0.503373
0.606533
0.557842
0.5023
0.606112
0.557777
0.502613
0.606655
0.558738
0.504034
0.608559
0.560309
0.504179
0.607765
0.560701
0.505484
0.606977
0.560144
0.503157
0.607849
0.55957
0.504374
0.607348
0.559355
0.504368
0.606862
0.560426
0.503861
0.607927
0.559464
0.501453
0.604726
0.558305
0.503698
0.607626
0.559534
0.502435
0.606205
0.559736
0.502891
0.606964
0.559504
0.502631
0.605984
0.55743
0.501511
0.604372
0.556179
0.500945
0.605115
0.556521
0.502386
0.605571
0.556543
0.500454
0.603132
0.555646
0.501613
0.605533
0.557033
0.502177
0.604244
0.556946
0.501857
0.606581
0.557939
0.50284
0.605841
0.55812
0.50168
0.605775
0.55798
0.501813
0.604324
0.555331
0.50076
0.604884
0.555694
0.498767
0.603448
0.556409
0.501005
0.604253
0.555401
0.499764
0.604262
0.556097
0.500457
0.6035
0.557169
0.500739
0.605588
0.558803
0.503211
0.607855
0.560245
0.505106
0.608816
0.561317
0.505146
0.609428
0.562242
0.506688
0.609406
0.562412
0.506848
0.610726
0.562955
0.507977
0.611607
0.564133
0.508168
0.611073
0.563375
0.50736
0.610983
0.562741
0.507459
0.610839
0.562662
0.505394
0.609187
0.561221
0.50566
0.610209
0.561526
0.505935
0.609813
0.560683
0.504462
0.608858
0.562072
0.505658
0.608568
0.560577
0.505207
0.608708
0.560057
0.504003
0.608483
0.560161
0.504081
0.608246
0.560436
0.504227
0.608597
0.560574
0.505746
0.609253
0.560924
0.505428
0.610533
0.561443
0.505446
0.610186
0.561021
0.505509
0.608688
0.561646
0.50555
0.60956
0.560665
0.502648
0.60694
0.558504
0.503436
0.607914
0.559302
0.502904
0.606764
0.558557
0.503791
0.607805
0.559763
0.503691
0.607562
0.560573
0.504285
0.607802
0.55953
0.501249
0.604857
0.556935
0.501127
0.605058
0.557841
0.500104
0.601565
0.552302
0.496914
0.60107
0.553566
0.498618
0.602508
0.556969
0.502131
0.60585
0.559082
0.502723
0.606183
0.558843
0.50265
0.606135
0.558345
0.502969
0.607053
0.560214
0.504759
0.607078
0.560135
0.504723
0.608732
0.560163
0.504227
0.608098
0.559495
0.503839
0.607835
0.558702
0.503164
0.60594
0.558163
0.503055
0.607245
0.558204
0.502759
0.605918
0.559329
0.504742
0.609262
0.559525
0.504926
0.609083
0.561013
0.505004
0.608047
0.559731
0.503826
0.607373
0.560766
0.504912
0.607729
0.560509
0.50351
0.606225
0.556821
0.501614
0.604847
0.556496
0.500264
0.604902
0.556206
0.500423
0.604053
0.556749
0.50144
0.60603
0.558394
0.503945
0.606761
0.558747
0.50394
0.608443
0.559987
0.503581
0.607612
0.559024
0.503569
0.608608
0.56145
0.504688
0.607558
0.559572
0.502605
0.607049
0.560474
0.503502
0.607992
0.560032
0.505109
0.609691
0.56193
0.504495
0.608093
0.560625
0.504118
0.606072
0.558741
0.502821
0.606218
0.55864
0.502056
0.606079
0.559129
0.50378
0.608311
0.5583
0.50419
0.607091
0.558235
0.502344
0.607069
0.559279
0.502272
0.606313
0.557701
0.501951
0.603874
0.555169
0.499409
0.604767
0.556116
0.499563
0.604572
0.55681
0.502167
0.60771
0.559798
0.503375
0.607595
0.559931
0.503099
0.606982
0.558965
0.502237
0.604905
0.557304
0.499942
0.603873
0.555531
0.499763
0.603609
0.556069
0.502224
0.605052
0.556914
0.5016
0.604508
0.557251
0.501247
0.604847
0.557758
0.50194
0.606021
0.55614
0.500823
0.604946
0.555951
0.499932
0.60384
0.556915
0.501115
0.605595
0.555629
0.50013
0.604653
0.557539
0.501149
0.605353
0.558016
0.501728
0.606417
0.560257
0.505183
0.607919
0.559713
0.505637
0.609958
0.561081
0.50595
0.609163
0.560419
0.504732
0.607766
0.559601
0.501824
0.605833
0.558407
0.50203
0.606325
0.55759
0.50258
0.607632
0.559715
0.503214
0.606605
0.560414
0.503908
0.607517
0.558067
0.502734
0.606403
0.558483
0.502684
0.607224
0.559221
0.503615
0.607539
0.558995
0.502824
0.60685
0.559997
0.504589
0.608306
0.559594
0.504274
0.608141
0.559482
0.502991
0.607755
0.561277
0.506896
0.610607
0.562704
0.505808
0.610381
0.561519
0.505046
0.609193
0.562545
0.507099
0.610371
0.560719
0.504133
0.608462
0.560686
0.504768
0.609279
0.561023
0.506632
0.610631
0.563535
0.508319
0.612291
0.562782
0.506164
0.610384
0.561844
0.506502
0.610001
0.562852
0.505042
0.609328
0.561198
0.504388
0.608884
0.561239
0.505278
0.609226
0.560611
0.50322
0.606474
0.555598
0.500214
0.603523
0.556575
0.501436
0.606061
0.557653
0.502676
0.606697
0.559048
0.503906
0.608559
0.560415
0.502268
0.607221
0.560416
0.503244
0.607035
0.557824
0.502477
0.605956
0.557947
0.502427
0.606086
0.557719
0.50337
0.607423
0.560382
0.503285
0.6078
0.559434
0.504068
0.607792
0.558778
0.501346
0.604745
0.55759
0.500834
0.604653
0.557842
0.500951
0.605598
0.556755
0.502464
0.606341
0.557836
0.501061
0.603658
0.555576
0.500173
0.604815
0.555972
0.501144
0.605418
0.557921
0.502656
0.606551
0.55881
0.503693
0.607213
0.558914
0.502843
0.606455
0.558853
0.502925
0.606156
0.557126
0.501276
0.604655
0.555268
0.498835
0.60346
0.557559
0.501516
0.604473
0.556799
0.500669
0.605021
0.556671
0.499466
0.602984
0.554389
0.500217
0.605087
0.558231
0.501189
0.60613
0.557472
0.502251
0.606642
0.557412
0.50157
0.605056
0.557292
0.501574
0.605583
0.557269
0.502213
0.606176
0.55883
0.501016
0.6066
0.55839
0.502356
0.606262
0.55979
0.503541
0.607103
0.560159
0.504589
0.608037
0.559583
0.503608
0.60669
0.559997
0.503749
0.608953
0.562011
0.506878
0.608595
0.562186
0.505442
0.608232
0.561057
0.505011
0.608962
0.560553
0.502171
0.607064
0.558561
0.503295
0.60785
0.559813
0.50345
0.607065
0.560963
0.506019
0.608845
0.559646
0.504201
0.606553
0.557371
0.501419
0.605975
0.558605
0.502483
0.60738
0.558094
0.502284
0.606329
0.55911
0.503655
0.606558
0.559002
0.502911
0.606991
0.559992
0.504254
0.60873
0.56055
0.505668
0.607112
0.560145
0.50434
0.608142
0.561092
0.505025
0.609399
0.560171
0.504997
0.609327
0.560184
0.504016
0.605924
0.559988
0.502911
0.606874
0.55801
0.502203
0.607023
0.560996
0.505928
0.610681
0.562584
0.506384
0.609197
0.561366
0.504894
0.606685
0.558186
0.503375
0.607311
0.559077
0.504138
0.607997
0.56085
0.505697
0.610339
0.56287
0.505498
0.60924
0.560669
0.503947
0.607968
0.559784
0.504028
0.607015
0.558935
0.502815
0.605621
0.557868
0.502762
0.606939
0.557649
0.502832
0.607942
0.560574
0.503933
0.607287
0.561421
0.506517
0.60996
0.561165
0.504647
0.608759
0.560637
0.504228
0.608028
0.560633
0.505391
0.608887
0.56028
0.502542
0.605196
0.558455
0.500877
0.605483
0.55799
0.502303
0.60654
0.558145
0.501919
0.606564
0.558617
0.503561
0.607828
0.560697
0.505385
0.609617
0.561972
0.503651
0.608153
0.560567
0.502922
0.607855
0.559162
0.504107
0.607535
0.559419
0.503844
0.608267
0.560493
0.505674
0.608653
0.559196
0.504198
0.606827
0.558794
0.50402
0.607383
0.557424
0.50217
0.606304
0.558449
0.501099
0.605437
0.558048
0.503073
0.605842
0.55728
0.50177
0.605445
0.557907
0.502193
0.607412
0.560029
0.504246
0.608962
0.560883
0.502576
0.606536
0.559548
0.50426
0.60775
0.558554
0.501788
0.606424
0.559347
0.504676
0.6079
0.559368
0.502704
0.605802
0.557204
0.502147
0.606513
0.556365
0.501985
0.60563
0.557224
0.503237
0.607601
0.560117
0.503817
0.607583
0.558649
0.502566
0.605739
0.557294
0.502352
0.606619
0.557198
0.501493
0.606439
0.560078
0.504938
0.608073
0.559131
0.503069
0.606284
0.558023
0.502745
0.606115
0.559078
0.50231
0.606667
0.557358
0.502152
0.60678
0.558256
0.503377
0.607509
0.559409
0.503629
0.606856
0.560068
0.503604
0.606752
0.559964
0.504118
0.608858
0.561229
0.505761
0.609658
0.561769
0.505865
0.609307
0.559664
0.503491
0.607976
0.558743
0.502057
0.606555
0.558329
0.50233
0.605857
0.558379
0.5023
0.607188
0.559254
0.504496
0.60819
0.561764
0.505884
0.609341
0.561525
0.50609
0.609597
0.559657
0.50449
0.609119
0.560413
0.503725
0.608339
0.560692
0.504936
0.608767
0.561331
0.503959
0.60735
0.559703
0.504082
0.608589
0.56008
0.504668
0.607333
0.558251
0.502965
0.606773
0.558978
0.5029
0.607381
0.559613
0.504137
0.608051
0.559606
0.503987
0.608083
0.559727
0.504788
0.609077
0.559188
0.504085
0.608023
0.560419
0.504272
0.608787
0.56051
0.504832
0.608571
0.559684
0.502894
0.607019
0.559562
0.503475
0.608492
0.560365
0.504935
0.609716
0.560807
0.506971
0.610586
0.561291
0.504376
0.606447
0.558895
0.504596
0.608393
0.559773
0.502549
0.60739
0.557126
0.50243
0.606317
0.557567
0.502503
0.606471
0.558134
0.501952
0.606307
0.558681
0.503286
0.606552
0.558692
0.50287
0.606876
0.559184
0.504837
0.60839
0.559632
0.504059
0.607504
0.558789
0.502703
0.605935
0.559449
0.502839
0.606696
0.558853
0.502118
0.606627
0.558569
0.501412
0.605435
0.556196
0.501426
0.605796
0.558219
0.501684
0.605759
0.558756
0.504329
0.60744
0.558797
0.501314
0.605556
0.558742
0.502394
0.605345
0.557236
0.500882
0.604977
0.557272
0.501331
0.606268
0.557073
0.502469
0.60686
0.55953
0.504188
0.608222
0.560958
0.505618
0.609224
0.561048
0.506265
0.609412
0.561332
0.503568
0.60787
0.560018
0.504052
0.608882
0.561125
0.505343
0.609268
0.561322
0.505641
0.609505
0.560554
0.50603
0.610707
0.563824
0.508288
0.611622
0.56271
0.507869
0.611175
0.562301
0.507315
0.610972
0.562656
0.506671
0.610115
0.5627
0.50674
0.610554
0.563673
0.508111
0.610407
0.562748
0.504494
0.609356
0.561928
0.506027
0.609527
0.561779
0.504962
0.609604
0.561628
0.506097
0.609675
0.560195
0.503359
0.608085
0.55955
0.504283
0.606628
0.559576
0.503484
0.606589
0.5601
0.503183
0.606898
0.559563
0.504448
0.608134
0.560743
0.504613
0.608862
0.561764
0.505589
0.609744
0.561634
0.505866
0.608548
0.560906
0.504758
0.607984
0.558959
0.501272
0.606142
0.558748
0.502781
0.605666
0.558831
0.503492
0.606803
0.558367
0.50305
0.608099
0.561462
0.503041
0.606395
0.559522
0.503124
0.607891
0.55843
0.502313
0.605968
0.558096
0.502724
0.605926
0.55732
0.501346
0.606246
0.55832
0.501937
0.604441
0.553232
0.497562
0.601945
0.553166
0.497869
0.602366
0.554935
0.500622
0.605285
0.557635
0.501425
0.605729
0.557998
0.501708
0.606864
0.560049
0.503652
0.607404
0.558865
0.504283
0.606571
0.557647
0.501817
0.606917
0.559782
0.504597
0.608867
0.560683
0.504805
0.609151
0.561906
0.506469
0.610157
0.561704
0.505167
0.607366
0.558763
0.502859
0.608037
0.559452
0.502729
0.60718
0.559362
0.502825
0.607567
0.559334
0.505587
0.608409
0.559218
0.503818
0.60915
0.559944
0.505312
0.609135
0.561925
0.504605
0.608763
0.560709
0.503615
0.608091
0.56048
0.503749
0.606854
0.559668
0.503906
0.607397
0.558091
0.502441
0.607249
0.558855
0.501771
0.607192
0.558638
0.50285
0.6064
0.557629
0.502964
0.606683
0.559059
0.504174
0.608381
0.561141
0.504724
0.608721
0.561261
0.50593
0.609671
0.561294
0.504808
0.609473
0.561602
0.505365
0.608927
0.559524
0.505439
0.608555
0.559369
0.503044
0.607056
0.558474
0.501997
0.606456
0.557724
0.50164
0.605495
0.556678
0.501698
0.605811
0.556944
0.502396
0.605958
0.557469
0.501806
0.604589
0.55679
0.501672
0.605732
0.55888
0.502544
0.605437
0.558421
0.502409
0.605851
0.557909
0.502298
0.606233
0.559719
0.502562
0.606513
0.559349
0.504564
0.607348
0.559286
0.503501
0.606473
0.55869
0.503516
0.606335
0.557777
0.502569
0.606124
0.55651
0.500439
0.604052
0.555737
0.500385
0.605174
0.556243
0.500608
0.605143
0.557735
0.502744
0.606515
0.558542
0.50237
0.607406
0.560271
0.503715
0.607012
0.558975
0.503633
0.606049
0.558657
0.503196
0.606334
0.558
0.503091
0.607199
0.559401
0.502807
0.606691
0.558312
0.50092
0.60616
0.557844
0.503105
0.6083
0.559419
0.504646
0.60956
0.560755
0.505259
0.609618
0.562632
0.506559
0.609871
0.561498
0.506052
0.60951
0.561766
0.506356
0.609581
0.560696
0.505014
0.609299
0.562189
0.506003
0.609538
0.559115
0.503301
0.60707
0.558766
0.503533
0.607424
0.557078
0.501587
0.604794
0.556655
0.499571
0.603808
0.555932
0.500614
0.604692
0.558378
0.502486
0.606873
0.558419
0.501729
0.605995
0.558767
0.502297
0.606286
0.558905
0.504168
0.608265
0.559953
0.505118
0.609351
0.562642
0.50635
0.609886
0.561516
0.505081
0.608379
0.560279
0.505157
0.609804
0.560468
0.503528
0.607417
0.558123
0.503584
0.607889
0.55918
0.503679
0.608431
0.559616
0.503395
0.607354
0.559187
0.502811
0.607364
0.559432
0.502739
0.60669
0.558166
0.503328
0.607613
0.559231
0.502459
0.606716
0.558208
0.500696
0.605152
0.558137
0.501007
0.604837
0.557826
0.500582
0.60586
0.558618
0.501735
0.606263
0.558492
0.504103
0.607456
0.558519
0.501277
0.604187
0.556542
0.502537
0.606476
0.558508
0.500905
0.606626
0.557901
0.50256
0.605663
0.558681
0.503083
0.60771
0.560241
0.504982
0.6083
0.560374
0.50229
0.605766
0.558193
0.502845
0.607783
0.560512
0.505043
0.609363
0.56041
0.505312
0.608533
0.560748
0.505998
0.608895
0.561264
0.506013
0.609387
0.560439
0.505219
0.60952
0.560929
0.505856
0.610396
0.561468
0.505669
0.609772
0.561461
0.506228
0.610211
0.560362
0.503166
0.60767
0.559403
0.504783
0.609743
0.561414
0.504609
0.608021
0.560791
0.504589
0.609424
0.56249
0.507689
0.611589
0.564527
0.507491
0.610707
0.561735
0.504981
0.60881
0.560087
0.504248
0.608748
0.561445
0.504862
0.608255
0.560505
0.503961
0.607009
0.557951
0.502736
0.606983
0.559155
0.50234
0.606189
0.558539
0.503177
0.606691
0.557614
0.500671
0.605696
0.557202
0.501072
0.60596
0.55736
0.50268
0.605972
0.556382
0.500843
0.604822
0.557026
0.500418
0.603642
0.555699
0.501131
0.604765
0.557356
0.502463
0.60796
0.559203
0.502985
0.606938
0.559215
0.503589
0.606211
0.558935
0.503662
0.607245
0.559119
0.502726
0.606617
0.559817
0.503727
0.607119
0.559254
0.50198
0.604162
0.556212
0.501353
0.60538
0.557829
0.503254
0.606932
0.559134
0.502655
0.606101
0.557642
0.501714
0.606704
0.559422
0.504405
0.607148
0.558062
0.503403
0.607831
0.558898
0.504227
0.608192
0.559716
0.503905
0.608199
0.560122
0.50609
0.609685
0.563082
0.50705
0.611144
0.563771
0.507883
0.611731
0.564501
0.508117
0.611479
0.562411
0.506152
0.610821
0.562564
0.505843
0.609571
0.560438
0.50452
0.607541
0.558375
0.501314
0.604953
0.557216
0.501373
0.605053
0.557138
0.501488
0.605513
0.558403
0.502403
0.606644
0.55843
0.502017
0.605942
0.55677
0.500621
0.604069
0.555882
0.50127
0.605171
0.555448
0.498929
0.603751
0.556037
0.500036
0.604049
0.557027
0.50043
0.603749
0.555961
0.498668
0.602755
0.554929
0.500394
0.603718
0.556946
0.503042
0.607537
0.559231
0.502933
0.606263
0.559241
0.503579
0.606674
0.558832
0.503481
0.60724
0.560036
0.504912
0.609173
0.56036
0.504826
0.608473
0.561905
0.507066
0.61064
0.563561
0.506847
0.611168
0.562994
0.506312
0.609335
0.561144
0.505189
0.609729
0.56113
0.503133
0.605231
0.557728
0.500967
0.605211
0.55667
0.500066
0.60433
0.556147
0.501088
0.604569
0.554444
0.500225
0.603917
0.556959
0.500988
0.606061
0.557366
0.502151
0.607311
0.55967
0.502796
0.607213
0.558684
0.502337
0.606455
0.558549
0.50256
0.607055
0.560274
0.504756
0.607531
0.559602
0.502884
0.606492
0.560047
0.503401
0.607729
0.560533
0.504236
0.607748
0.560383
0.502292
0.60708
0.558633
0.502727
0.606183
0.559106
0.503394
0.607509
0.559631
0.504717
0.608307
0.561994
0.504764
0.609425
0.560852
0.505009
0.607817
0.559884
0.503214
0.607706
0.559858
0.50411
0.608499
0.56016
0.504109
0.608732
0.561295
0.504507
0.608159
0.558892
0.502812
0.606765
0.558506
0.502519
0.606314
0.558641
0.502903
0.606457
0.560664
0.504658
0.607543
0.560704
0.50529
0.607878
0.561396
0.506706
0.608789
0.56222
0.506297
0.608713
0.560652
0.505002
0.60897
0.560679
0.503711
0.606615
0.560864
0.503231
0.605297
0.558216
0.502766
0.60604
0.557251
0.500861
0.605286
0.557324
0.502056
0.606688
0.55885
0.503558
0.607586
0.559034
0.503821
0.607329
0.558425
0.502714
0.606002
0.5593
0.503494
0.607999
0.561754
0.505079
0.608901
0.560641
0.503876
0.607952
0.558546
0.50159
0.605267
0.557461
0.501797
0.606669
0.56001
0.50395
0.606837
0.558045
0.50142
0.605687
0.557843
0.502373
0.605824
0.557907
0.499752
0.602478
0.556459
0.502552
0.607137
0.557817
0.502178
0.605743
0.558122
0.502716
0.605689
0.557968
0.503454
0.607488
0.560321
0.504208
0.606722
0.559047
0.504127
0.60782
0.559799
0.503994
0.607572
0.559749
0.503697
0.607371
0.559686
0.504412
0.607097
0.55752
0.502235
0.606603
0.559421
0.504122
0.608506
0.559215
0.503525
0.607745
0.561448
0.506027
0.609316
0.560579
0.505959
0.608963
0.560577
0.505022
0.609104
0.561392
0.506569
0.609825
0.562248
0.505756
0.609538
0.56027
0.505295
0.607347
0.557871
0.50249
0.606449
0.559683
0.503516
0.607726
0.559596
0.502891
0.607332
0.560688
0.505217
0.609324
0.560905
0.504466
0.608758
0.560302
0.504971
0.608054
0.560746
0.50326
0.607266
0.559989
0.504425
0.607685
0.559222
0.504695
0.608551
0.560854
0.504938
0.607423
0.558918
0.502976
0.606628
0.559543
0.5036
0.607351
0.557361
0.503025
0.607673
0.560618
0.505024
0.608317
0.560822
0.504562
0.609165
0.560687
0.50516
0.607815
0.560686
0.504365
0.607802
0.559494
0.504607
0.608037
0.56047
0.504272
0.607537
0.560702
0.505684
0.608351
0.560057
0.503992
0.608158
0.561678
0.503278
0.606623
0.558272
0.502073
0.606651
0.558802
0.503962
0.608382
0.559373
0.504231
0.60822
0.560835
0.505377
0.608443
0.562369
0.507814
0.610185
0.561417
0.505758
0.608958
0.562048
0.505742
0.610213
0.562699
0.507668
0.611708
0.563916
0.508111
0.612832
0.563657
0.507206
0.610891
0.56129
0.505741
0.609645
0.563508
0.508063
0.611238
0.562171
0.506613
0.610351
0.56099
0.504495
0.609657
0.561242
0.504499
0.608477
0.56022
0.504136
0.607103
0.557204
0.501012
0.605797
0.558565
0.502669
0.605739
0.559241
0.503597
0.607536
0.5588
0.501942
0.604978
0.556675
0.502743
0.607431
0.559731
0.503972
0.608
0.559628
0.504586
0.608964
0.561079
0.505378
0.608808
0.560219
0.504098
0.607765
0.560056
0.502934
0.607709
0.55912
0.504374
0.607593
0.560884
0.504578
0.607239
0.559214
0.502646
0.606546
0.559193
0.503887
0.607509
0.558306
0.504279
0.608664
0.55953
0.502749
0.605823
0.558566
0.502871
0.606119
0.55836
0.502778
0.606392
0.558638
0.502046
0.606411
0.559093
0.503323
0.607642
0.56044
0.502416
0.605384
0.556707
0.501328
0.606716
0.558588
0.502692
0.607535
0.55948
0.504154
0.607311
0.559137
0.502416
0.607254
0.559512
0.50382
0.607649
0.558816
0.502855
0.607495
0.559585
0.503414
0.608536
0.560215
0.505435
0.609296
0.559752
0.502675
0.60758
0.560641
0.503667
0.606054
0.558272
0.502345
0.606583
0.559373
0.504515
0.608071
0.559995
0.505013
0.609086
0.560684
0.505256
0.608997
0.561072
0.504604
0.606628
0.559562
0.504702
0.608077
0.557101
0.500873
0.605508
0.558538
0.502601
0.606879
0.558829
0.50298
0.607702
0.559564
0.504211
0.607094
0.559805
0.503385
0.607567
0.557688
0.502587
0.606692
0.558563
0.502839
0.607527
0.558904
0.503574
0.60676
0.56
0.503788
0.608335
0.56141
0.505474
0.608125
0.559796
0.503516
0.607096
0.559296
0.503548
0.607419
0.559925
0.501825
0.604935
0.558471
0.503622
0.607656
0.559275
0.50408
0.608921
0.560019
0.504243
0.607274
0.558481
0.502159
0.606516
0.557563
0.502624
0.607458
0.55951
0.503926
0.606821
0.559143
0.504166
0.607015
0.559614
0.501948
0.606371
0.558032
0.504349
0.607497
0.559647
0.503848
0.607503
0.559457
0.502914
0.605777
0.557692
0.50248
0.608578
0.560408
0.505186
0.608162
0.56049
0.504569
0.607963
0.559097
0.50437
0.609536
0.560549
0.504057
0.608138
0.560998
0.505532
0.610148
0.562094
0.505777
0.60847
0.560733
0.50415
0.60852
0.561131
0.507324
0.611151
0.564187
0.508661
0.611888
0.56276
0.50714
0.611172
0.562466
0.506649
0.610118
0.559846
0.505187
0.610446
0.561968
0.506366
0.608785
0.559299
0.505234
0.608779
0.560585
0.505208
0.609188
0.561422
0.505448
0.609448
0.561968
0.506411
0.60978
0.561627
0.504882
0.607919
0.56005
0.505202
0.608853
0.562631
0.506836
0.610102
0.562516
0.507783
0.611365
0.563914
0.50779
0.610908
0.563344
0.507433
0.610758
0.56213
0.505482
0.607879
0.560894
