0
0.319503
0.53027
0.734393
0.934074
1.12282
1.29866
1.47057
1.63171
1.78536
1.94475
2.09205
2.24138
2.39501
2.52342
2.64785
2.78474
2.91091
3.01442
3.14908
3.26312
3.38025
3.52752
3.64904
3.76939
3.88563
3.99795
4.12383
4.27292
4.38015
4.48947
4.63431
4.73712
4.84471
4.95784
5.05202
5.17506
5.29173
5.39971
5.5254
5.62245
5.72799
5.82976
5.96536
6.0395
6.13341
6.26996
6.35072
6.47172
6.57672
6.6995
6.83343
6.93944
7.04554
7.17569
7.31932
7.41402
7.55225
7.62793
7.73724
7.8764
8.02199
8.12802
8.25876
8.37398
8.50762
8.63613
8.76167
8.89374
8.99037
9.09733
9.159
9.26484
9.38164
9.47944
9.60606
9.70295
9.79684
9.89445
9.96649
10.0664
10.1482
10.2542
10.3481
10.434
10.5611
10.6705
10.7726
10.8842
10.9731
11.06
11.2149
11.311
11.3821
11.4696
11.601
11.6912
11.783
11.8933
11.9975
12.0706
12.1453
12.2432
12.3274
12.4405
12.5264
12.5964
12.6893
12.7807
12.885
12.9727
13.0113
13.1361
13.2588
13.3413
13.4861
13.544
13.5949
13.7061
13.7737
13.8624
13.9833
14.037
14.1159
14.1824
14.2572
14.3013
14.3837
14.4323
14.4944
14.604
14.6955
14.7794
14.8875
14.9753
15.0528
15.1338
15.2145
15.2372
15.2738
15.2759
15.3533
15.3837
15.4243
15.485
15.5778
15.6701
15.6906
15.746
15.8092
15.9165
15.9928
16.0589
16.1682
16.1644
16.2447
16.2984
16.4303
16.5379
16.5779
16.6464
16.6836
16.6986
16.7401
16.775
16.7858
16.8837
16.9712
17.0685
17.1552
17.2487
17.2892
17.3632
17.4993
17.5608
17.6054
17.7251
17.8281
17.8782
17.9367
17.9476
17.9836
18.0837
18.1167
18.2092
18.2801
18.3539
18.4536
18.5272
18.6302
18.7129
18.8011
18.8653
18.9266
19.0031
19.065
19.1565
19.1854
19.1984
19.3154
19.3501
19.3924
19.4323
19.4233
19.4374
19.5406
19.6216
19.6427
19.6383
19.7141
19.8069
19.8561
19.8837
19.8919
19.9361
20.046
20.1147
20.1622
20.213
20.256
20.3616
20.4356
20.5298
20.5902
20.6007
20.673
20.7589
20.8377
20.9347
20.9836
21.0462
21.1047
21.23
21.2637
21.3002
21.3207
21.3542
21.4661
21.4987
21.4575
21.5573
21.6201
21.6488
21.7266
21.7822
21.7909
21.8839
21.9366
21.9726
22.0498
22.0503
22.0755
22.1069
22.1883
22.2086
22.2227
22.2643
22.3406
22.4185
22.5199
22.5476
22.5389
22.4987
22.5325
22.5373
22.5568
22.5548
22.5523
22.5794
22.6956
22.7461
22.7833
22.7973
22.8908
22.943
22.9496
22.9683
23.0071
23.089
23.1846
23.1985
23.1935
23.2975
23.3636
23.3451
23.3074
23.386
23.4769
23.534
23.6436
23.6607
23.6631
23.7005
23.7762
23.8288
23.8909
23.9359
23.9833
24.023
24.0317
23.9496
24.022
24.0135
24.0431
24.0986
24.1519
24.1341
24.1602
24.2079
24.2658
24.2796
24.3164
24.3084
24.3417
24.3688
24.4219
24.355
24.3556
24.382
24.3769
24.4679
24.5659
24.5884
24.5975
24.6066
24.7147
24.7099
24.7188
24.7237
24.6946
24.7969
24.8538
24.8435
24.7954
24.8569
24.856
24.9283
24.9493
24.9633
24.9594
25.0478
25.1023
25.161
25.2083
25.2862
25.3038
25.3508
25.4043
25.4711
25.5844
25.6938
25.7493
25.7927
25.9009
25.8637
25.9093
25.9175
25.9808
26.0229
26.0327
25.9853
26.0135
26.094
26.1576
26.184
26.2193
26.2637
26.2944
26.2828
26.2957
26.3275
26.3761
26.4374
26.4984
26.5173
26.5287
26.6406
26.5769
26.5979
26.6518
26.6501
26.7245
26.737
26.6951
26.716
26.6803
26.6328
26.6317
26.6597
26.7056
26.7024
26.6651
26.6442
26.702
26.6556
26.7249
26.7237
26.7148
26.7379
26.7627
26.7765
26.8295
26.8777
26.9335
26.9862
26.967
27.0077
27.0128
27.0326
27.057
27.0709
27.0866
27.1634
27.1969
27.2546
27.3154
27.3189
27.251
27.1901
27.2591
27.3402
27.4181
27.4403
27.4845
27.5551
27.5393
27.5347
27.534
27.5601
27.479
27.516
27.6478
27.5801
27.6593
27.6738
27.657
27.6373
27.5982
27.5798
27.6245
27.6449
27.5778
27.6225
27.5858
27.6212
27.6496
27.6671
27.7041
27.8413
27.8861
27.7618
27.8568
27.8036
27.8249
27.8807
27.9297
27.9489
27.9566
27.9444
27.9485
27.9345
27.9796
27.9039
27.9246
27.9513
27.9179
27.8946
27.8688
27.8856
27.9188
27.887
27.9108
28.0098
28.0563
28.061
28.0462
28.042
27.9772
27.9568
27.8806
27.9441
27.9264
27.9335
28.0198
28.1143
28.0749
28.1612
28.1965
28.1902
28.2658
28.3236
28.3332
28.3807
28.4378
28.4501
28.3292
28.3696
28.3406
28.3662
28.2841
28.3263
28.2988
28.3189
28.2389
28.2018
28.156
28.1124
28.1358
28.1426
28.1731
28.2519
28.3536
28.3722
28.4552
28.5278
28.5317
28.5254
28.5819
28.435
28.4492
28.5019
28.467
28.4367
28.5246
28.5439
28.4304
28.5165
28.5184
28.6056
28.5481
28.6019
28.6571
28.7102
28.7509
28.6893
28.7141
28.6791
28.5931
28.5169
28.49
28.5355
28.6058
28.5288
28.5292
28.6074
28.5403
28.64
28.6345
28.6734
28.6617
28.6747
28.6555
28.7043
28.6799
28.6544
28.6717
28.7542
28.8036
28.778
28.8885
28.9493
28.9565
29.0077
29.1282
29.1298
29.1353
29.1618
29.0835
29.1159
29.0576
29.0757
29.0112
29.0727
29.0506
29.0882
29.0835
29.1632
29.1607
29.169
29.1676
29.1766
29.1846
29.22
29.24
29.283
29.3082
29.3285
29.3251
29.1905
29.2378
29.1822
29.1347
29.2409
29.1893
29.231
29.1628
29.2578
29.3446
29.3369
29.3003
29.3394
29.3765
29.398
29.4669
29.4409
29.428
29.3591
29.3839
29.4072
29.3628
29.4588
29.4842
29.4893
29.511
29.465
29.487
29.5048
29.5658
29.5496
29.5798
29.5731
29.5452
29.5622
29.4605
29.5551
29.6395
29.6217
29.6234
29.6372
29.5293
29.5303
29.5328
29.4537
29.442
29.4871
29.5083
29.4995
29.4925
29.4552
29.5463
29.5526
29.6248
29.6538
29.6271
29.6966
29.6627
29.7016
29.6515
29.7123
29.8042
29.7499
29.7998
29.7994
29.8202
29.8529
29.8735
29.8326
29.844
29.9255
29.971
29.932
29.9383
29.9438
29.9476
30.0205
30.029
30.0946
30.1297
30.114
30.1931
30.1811
30.1854
30.104
30.184
30.1784
30.1585
30.2162
30.2964
30.3593
30.348
30.357
30.3881
30.4211
30.438
30.4281
30.4166
30.3908
30.4449
30.5055
30.5135
30.4657
30.429
30.3229
30.3805
30.4768
30.4662
30.3547
30.408
30.4321
30.4058
30.4168
30.3145
30.4127
30.5032
30.4382
30.3173
30.4036
30.4225
30.4013
30.4094
30.3689
30.3291
30.3999
30.441
30.5501
30.5265
30.5521
30.5635
30.5965
30.547
30.5876
30.6884
30.6171
30.6521
30.6521
30.7161
30.6791
30.7795
30.8191
30.8122
30.8154
30.7716
30.7591
30.7408
30.7524
30.7152
30.6957
30.7609
30.8159
30.8571
30.8974
30.9719
30.8843
30.9661
30.9972
31
30.9749
31.0115
31.0592
31.0764
31.0752
31.0673
31.0595
31.087
31.0675
31.0179
31.0666
31.1177
31.1361
31.1562
31.223
31.1764
31.2309
31.1358
31.0991
31.0557
31.1258
31.0908
30.9918
30.9504
30.9386
31.0079
31.1433
31.1051
31.1298
31.1477
31.1094
31.1312
31.1438
31.1024
31.0542
31.002
31.0035
30.8858
30.9324
30.9528
30.8172
30.9056
30.8694
30.9811
30.9723
30.8932
30.9317
30.898
30.9325
31.0491
31.0491
30.9557
31.0472
31.0637
30.9636
30.8897
30.7797
30.795
30.7441
30.8419
30.8975
30.8772
30.9555
31.0536
31.0889
31.1291
31.1891
31.1854
31.1701
31.2107
31.1633
31.2233
31.1328
31.1837
31.1619
31.1747
31.2924
31.2991
31.2661
31.3968
31.2922
31.2808
31.2365
31.2164
31.2452
31.2397
31.2538
31.2983
31.2505
31.2818
31.2562
31.2725
31.292
31.3114
31.2152
31.1958
31.1748
31.1672
31.2411
31.2565
31.3402
31.3458
31.2879
31.2786
31.2036
31.2258
31.1741
31.1753
31.1648
31.2396
31.1414
31.1144
30.9714
30.9658
30.9906
30.9996
30.9552
30.9593
30.9572
30.9159
30.8552
30.9357
30.9811
31.0289
31.1117
31.1352
31.0972
31.1659
31.1329
31.1489
31.0902
31.0746
31.1594
31.1191
31.1251
31.0256
31.0475
31.0769
31.1112
31.1393
31.0913
31.1649
31.2462
31.2849
31.2365
31.2537
31.2376
31.2286
31.2352
31.2479
31.2972
31.3208
31.3264
31.2727
31.3242
31.3982
31.4853
31.5193
31.5878
31.5249
31.5008
31.5745
31.5734
31.6033
31.707
31.7604
31.7932
31.7809
31.8137
31.8183
31.7966
31.7455
31.6532
31.6723
31.7029
31.6324
31.7034
31.7285
31.7256
31.8021
31.8192
31.8348
31.8126
31.8611
31.8768
31.814
31.8257
31.858
31.8243
31.8902
31.9798
31.9431
31.8493
31.7865
31.8507
31.8466
31.8714
31.9056
31.8941
31.9468
31.9553
31.9185
31.8735
31.8742
31.8841
31.9242
31.983
31.939
31.9651
31.9822
31.9847
31.9669
32.045
31.9545
31.8646
31.8623
31.849
31.8255
31.8924
31.8295
31.782
31.8982
31.7979
31.8932
31.8653
31.8174
31.8106
31.9275
31.8943
31.9319
31.893
31.9007
31.9484
32.0715
32.0511
32.0795
32.1318
32.0609
32.1057
32.1631
32.2174
32.2236
32.2591
32.3196
32.3138
32.4136
32.4588
32.5483
32.4652
32.5075
32.563
32.659
32.6439
32.5052
32.5277
32.4698
32.4718
32.5049
32.2835
32.3769
32.3653
32.3439
32.3507
32.4095
32.2667
32.3334
32.373
32.39
32.4434
32.488
32.4686
32.4997
32.5372
32.5573
32.5257
32.6057
32.5896
32.5404
32.5805
32.5866
32.4839
32.5389
32.4813
32.5166
32.4457
32.4969
32.5463
32.5281
32.5114
32.4492
32.3685
32.4172
32.3838
32.3135
32.3404
32.2284
32.2689
32.1173
32.1458
32.0903
32.1033
32.1074
32.1471
32.1935
32.2186
32.1673
32.1503
32.106
32.1222
32.1091
32.0822
32.1499
32.1612
32.2321
32.1627
32.2097
32.2324
32.242
32.2849
32.1467
32.1616
32.2641
32.2667
32.3129
32.2775
32.2851
32.3056
32.3521
32.2942
32.3069
32.2292
32.2695
32.2814
32.2785
32.2927
32.3133
32.3322
32.3273
32.2813
32.2586
32.1889
32.2524
32.1572
32.2078
32.182
32.2166
32.2473
32.2488
32.2976
32.2716
32.1913
32.121
32.0799
32.0624
32.0681
32.0791
32.0823
32.1507
32.1935
32.1336
32.1793
32.188
32.2371
32.2541
32.2333
32.2948
32.1955
32.1904
32.1838
32.0823
32.0795
32.2014
32.1859
32.1621
32.2172
32.2216
32.1646
32.144
32.1145
32.0966
32.1446
32.1283
32.1752
32.1637
32.1424
32.1734
32.1583
32.1565
32.0702
32.1475
32.1699
32.166
32.196
32.191
32.0326
32.1096
32.1339
32.0555
32.1053
32.1308
32.1925
32.2408
32.3175
32.3655
32.4618
32.5621
32.5927
32.6617
32.6185
32.6662
32.6951
32.6941
32.6433
32.7375
32.7295
32.5426
32.6196
32.7053
32.7583
32.8255
32.7881
32.8393
32.8619
32.8818
32.8774
32.8894
32.9375
32.9137
32.8781
32.9477
32.9256
32.9128
32.9466
32.8906
33.0041
32.9337
33.0196
33.0094
33.098
33.0683
33.0577
33.1001
33.1418
33.1262
33.0454
33.1109
33.1468
32.9598
32.9384
32.8814
32.8463
32.9278
33.0175
33.0672
33.0619
33.0297
33.02
33.0087
33.0345
32.9847
32.9298
32.9224
33.0024
32.8372
32.8794
32.9698
32.9633
33.0293
33.0761
33.0918
33.1609
33.1138
33.064
33.1309
33.1183
33.1155
33.0307
33.0543
33.0505
33.0869
33.0722
33.0384
33
32.9484
32.9766
33.0272
33.0659
33.1225
33.1314
33.1708
33.203
33.2074
33.239
33.2859
33.3172
33.3704
33.473
33.4165
33.3149
33.3594
33.2884
33.3076
33.3698
33.3778
33.2867
33.163
33.1197
33.0301
33.045
32.9174
32.8863
32.9048
32.8787
32.8736
32.9145
32.9296
32.9842
32.962
33.0427
33.113
33.1681
33.1453
33.1854
33.1706
33.1318
33.1144
33.0864
33.0665
33.0087
33.1161
33.1497
33.1216
32.8969
32.9451
32.7943
32.7877
32.8288
32.8152
32.8945
32.8713
32.8506
32.8717
32.7673
32.6645
32.6154
32.5929
32.6129
32.5425
32.6087
32.5615
32.6046
32.6642
32.6213
32.6178
32.665
32.6394
32.6835
32.6781
32.7042
32.6374
32.7077
32.6055
32.5085
32.4838
32.4111
32.4315
32.4543
32.4936
32.5011
32.5329
32.5967
32.6688
32.668
32.5714
32.5024
32.4889
32.5368
32.4111
32.4479
32.4624
32.5553
32.5505
32.5146
32.4924
32.4189
32.4693
32.4618
32.4965
32.4166
32.2707
32.2048
32.1309
32.1873
32.2001
32.2047
32.1878
32.2483
32.2201
32.1978
32.2772
32.266
32.2869
32.2561
32.1348
32.1319
32.1804
32.1661
32.2725
32.2513
32.3234
32.2629
32.3395
32.3027
32.3357
32.3498
32.3152
32.3767
32.3692
32.389
32.342
32.3473
32.3671
32.2485
32.2841
32.2708
32.2878
32.3476
32.3361
32.3727
32.5186
32.4944
32.564
32.5815
32.5425
32.479
32.3815
32.4644
32.3451
32.3941
32.4301
32.5166
32.5302
32.49
32.4933
32.5375
32.5251
32.5614
32.5789
32.5935
32.5995
32.6257
32.6212
32.7357
32.6709
32.7338
32.7865
32.7675
32.7546
32.6834
32.7061
32.7475
32.7974
32.7434
32.7056
32.7555
32.8463
32.8362
32.6617
32.6639
32.6188
32.663
32.757
32.8276
32.82
32.7244
32.7433
32.7345
32.7131
32.7591
32.7569
32.7877
32.779
32.7945
32.8839
32.9022
32.8848
32.9513
32.9342
32.9424
32.9993
32.9745
32.9154
32.9306
32.8652
32.9262
32.9462
32.9975
33.0641
33.0608
33.1197
33.069
33.0959
33.1286
33.1075
33.1452
33.2137
33.1959
33.1503
33.2278
33.2767
33.3816
33.4003
33.3689
33.3906
33.409
33.4495
33.443
33.513
33.5608
33.6101
33.5388
33.5317
33.5191
33.5654
33.5822
33.6183
33.6005
33.5909
33.6798
33.6007
33.6964
33.7559
33.7593
33.7714
33.8383
33.8442
33.9117
33.8962
33.8052
33.7025
33.603
33.6546
33.639
33.6285
33.5716
33.5144
33.4982
33.4622
33.3871
33.3732
33.2864
33.3095
33.2666
33.2611
33.2973
33.2034
33.2257
33.0849
33.1433
33.0532
32.9575
33.0203
32.9934
32.9577
32.8483
32.7976
32.7238
32.6273
32.6938
32.5965
32.6036
32.5745
32.6444
32.6812
32.6524
32.6695
32.7093
32.6536
32.5987
32.6203
32.6039
32.584
32.604
32.6802
32.6649
32.7151
32.7003
32.7157
32.7155
32.7385
32.7277
32.6863
32.677
32.7033
32.6834
32.697
32.7025
32.6747
32.7132
32.6599
32.5178
32.4282
32.3828
32.4407
32.4385
32.4805
32.5232
32.4884
32.5045
32.5718
32.5083
32.4508
32.5239
32.4642
32.4925
32.532
32.498
32.5604
32.6097
32.6558
32.7303
32.6522
32.5878
32.6308
32.694
32.6446
32.6683
32.7189
32.4799
32.4186
32.4489
32.4053
32.5153
32.6198
32.6293
32.5191
32.5268
32.461
32.4349
32.4366
32.4467
32.5401
32.5207
32.5326
32.5083
32.558
32.5551
32.4789
32.4716
32.5337
32.5325
32.5049
32.5647
32.5428
32.6296
32.5296
32.6057
32.6414
32.6256
32.7073
32.592
32.5468
32.5118
32.5834
32.6582
32.665
32.6644
32.6888
32.7639
32.849
32.8016
32.8581
32.85
32.7434
32.7514
32.7284
32.7144
32.6781
32.6713
32.6521
32.7653
32.81
32.7746
32.8296
32.887
32.8526
32.8463
32.9066
32.8137
32.8223
32.7228
32.807
32.8836
32.8723
32.929
32.9716
32.9252
32.8919
32.8929
32.8802
32.9205
32.8963
32.8983
32.9434
32.9623
33.063
33.1058
33.1348
33.1689
33.1736
33.2301
33.2768
33.2772
33.2916
33.3222
33.3483
33.4316
33.3185
33.2594
33.2729
33.3409
33.3826
33.368
33.3944
33.4132
33.3665
33.4186
33.3976
33.3402
33.3903
33.3855
33.4718
33.4922
33.5266
33.5312
33.4846
33.4913
33.5677
33.561
33.4543
33.408
33.3421
33.1872
33.1383
33.1305
33.0626
33.0315
33.1165
33.1469
33.0159
33.0848
32.9539
32.9912
32.9184
32.9029
32.9153
32.8954
32.9404
32.9531
32.9809
32.9554
32.9717
33.0081
32.9873
32.9718
32.9788
32.9469
32.942
33.0021
32.9789
33.0198
33.0057
32.992
32.9301
32.9455
32.9929
32.8874
32.8935
32.8751
32.8704
32.8887
32.9165
32.9191
32.9543
32.9832
33.0059
33.0208
32.8969
32.5954
32.6927
32.6625
32.657
32.7193
32.7597
32.7142
32.6698
32.7336
32.7253
32.7859
32.7454
32.6552
32.6223
32.6895
32.6883
32.6739
32.6937
32.6918
32.697
32.6659
32.782
32.7516
32.7605
32.7028
32.7425
32.7158
32.7722
32.8585
32.8616
32.8597
32.9784
32.9613
32.9887
33.0939
33.0427
33.002
33.0771
33.1169
33.1415
33.1537
33.2074
33.1081
33.1174
33.0966
32.9733
32.8716
32.7913
32.7898
32.713
32.7424
32.8001
32.8687
32.908
32.9246
32.9296
32.9956
32.9589
32.8704
32.8964
32.8922
32.8876
32.9401
32.9523
33.0158
33.0166
33.1087
33.0223
32.9543
32.9573
32.9537
33.0401
33.1349
33.0772
33.1006
33.0409
33.0555
33.1181
33.0879
33.0486
32.971
33.0122
33.0464
33.0634
33.1637
33.1525
33.0219
33.0094
33.0497
33.0444
33.0375
33.0361
33.0708
33.0071
33.0886
33.0385
33.0042
33.0359
33.0765
33.1653
33.1818
33.1735
33.2184
33.2369
33.2191
33.2351
33.3027
33.2755
33.286
33.3661
33.3396
33.3806
33.4562
33.4823
33.4538
33.5868
33.5654
33.5813
33.5917
33.6047
33.5507
33.5719
33.5213
33.4856
33.4288
33.4531
33.4028
33.4971
33.3876
33.3939
33.4467
33.4981
33.5357
33.5248
33.543
33.5382
33.519
33.49
33.419
33.4701
33.5122
33.4098
33.3672
33.343
33.28
33.3446
33.369
33.3457
33.3393
33.3906
33.1625
33.0494
33.0415
32.8844
32.9144
32.9073
32.8132
32.8385
32.8589
32.8644
32.8045
32.8195
32.8431
32.8333
32.907
32.9736
32.9013
32.9044
32.9062
32.9361
32.8765
32.69
32.7237
32.6901
32.6524
32.6837
32.6275
32.5657
32.5028
32.5251
32.5865
32.556
32.6161
32.5917
32.6146
32.5579
32.5303
32.532
32.4756
32.4295
32.413
32.4916
32.3992
32.4501
32.4896
32.4852
32.522
32.5761
32.6127
32.6152
32.361
32.4059
32.49
32.5791
32.5899
32.6664
32.675
32.7497
32.8321
32.9206
32.9588
32.9544
32.7973
32.7241
32.741
32.728
32.6908
32.745
32.7228
32.6253
32.6519
32.6184
32.5332
32.5511
32.5475
32.568
32.6517
32.4875
32.5375
32.5211
32.5863
32.6341
32.7049
32.696
32.7484
32.7694
32.7987
32.8079
32.8361
32.7575
32.7444
32.8084
32.8048
32.8362
32.8166
32.8954
32.8985
32.861
32.8305
32.8426
32.8756
32.8409
32.8992
32.8958
32.9212
32.9874
33.0413
33.0668
33.0913
33.2159
33.1854
33.2631
33.2854
33.3518
33.3364
33.3644
33.3679
33.3979
33.3767
33.361
33.4134
33.403
33.4869
33.4391
33.5
33.4372
33.4637
33.4393
33.4687
33.5282
33.4914
33.4414
33.5071
33.4411
33.4598
33.4543
33.4995
33.5159
33.4787
33.3599
33.3504
33.3542
33.4154
33.3749
33.4805
33.4091
33.3447
33.2984
33.2242
33.2258
33.2214
33.2456
33.1489
33.1016
33.1776
33.2697
33.1995
33.2755
33.2449
33.257
33.3104
33.2909
33.1964
33.1472
33.1385
33.169
33.1834
33.1294
33.1409
33.1807
33.1985
33.1391
33.1557
33.1488
33.1692
33.1118
33.0555
33.1405
33.2548
33.2446
33.2829
33.1932
33.1141
33.0414
33.0347
33.0014
33.0646
33.0176
32.9639
33.0135
32.9112
32.8801
32.7716
32.6633
32.5784
32.5411
32.5096
32.5234
32.4853
32.4149
32.3319
32.2903
32.3199
32.3142
32.3029
32.3498
32.3261
32.4277
32.4137
32.4337
32.4487
32.4614
32.5132
32.5476
32.4593
32.5075
32.5156
32.5249
32.5565
32.4769
32.5748
32.4353
32.3915
32.3677
32.4437
32.4507
32.4934
32.4931
32.427
32.5198
32.5373
32.5349
32.6088
32.6041
32.7038
32.689
32.5914
32.5844
32.5804
32.6574
32.707
32.8164
32.8786
32.9299
32.9588
33.0405
33.0512
33.1239
33.1651
33.228
33.1273
33.1017
33.0663
33.0285
32.9702
32.9091
32.9886
33.0834
33.0461
33.0514
33.1155
33.1109
33.1839
33.1798
33.1639
33.2106
33.2868
33.3901
33.346
33.3885
33.3242
33.307
33.2615
33.2627
33.3676
33.3569
33.1844
33.2169
33.2619
33.3085
33.3536
33.3057
33.3535
33.3643
33.3814
33.4047
33.3914
33.4295
33.4764
33.5367
33.5868
33.6029
33.5423
33.545
33.6017
33.5913
33.6592
33.741
33.8309
33.8706
33.8859
33.7924
33.7855
33.7429
33.7888
33.8209
33.8398
33.8457
33.8159
33.7912
33.8324
33.7969
33.862
33.9296
33.9748
33.9449
33.9817
34.0421
34.0767
34.0656
34.1155
34.1398
34.1556
34.1497
34.0859
34.0878
34.0309
34.1334
34.171
34.0648
33.9571
33.9079
33.9569
33.9508
33.9443
33.9849
33.9954
34.0109
34.0393
34.063
34.0239
33.9926
34.0501
34.0557
34.0671
34.0366
33.965
33.9515
34.0292
33.9773
34.0259
34.0092
34.0729
34.0385
33.9271
33.9064
33.8578
33.7852
33.8149
33.7623
33.8407
33.8871
33.6647
33.7845
33.8085
33.8454
33.6662
33.659
33.6973
33.633
33.6455
33.5626
33.5255
33.407
33.3633
33.413
33.4536
33.4176
33.343
33.3417
33.3049
33.2703
33.3081
33.2753
33.2872
33.3199
33.202
33.2403
33.1706
33.1313
33.0397
33.1439
33.073
33.1016
33.1128
33.023
33.1
33.0288
33.0979
33.0617
33.0259
32.9766
33.0496
32.99
33.0951
33.1808
33.2906
33.3159
33.2262
33.1907
33.1899
33.2226
33.2069
33.1312
33.1921
33.2105
33.1277
33.058
33.0389
33.0345
32.9844
33.0211
32.9747
32.9591
32.952
32.9335
32.994
33.0192
33.0416
33.0008
32.9678
33.0361
33.0092
33.0691
33.0693
33.0712
33.0732
33.1134
33.0807
33.1102
33.0276
33.0272
32.9955
32.9652
32.9815
32.9686
33.0087
32.9413
32.9666
32.8157
32.7384
32.6049
32.6079
32.683
32.7517
32.7942
32.8804
32.8526
32.7836
32.8373
32.8251
32.7669
32.7625
32.7878
32.7824
32.7695
32.7816
32.7598
32.7588
32.866
32.8686
32.9042
32.8474
32.859
32.9034
32.8834
32.735
32.6833
32.7533
32.7252
32.6681
32.6981
32.6945
32.5946
32.5658
32.5856
32.4188
32.464
32.5094
32.4646
32.5046
32.51
32.4912
32.5694
32.4985
32.4738
32.4837
32.5072
32.4046
32.4452
32.5016
32.4836
32.4961
32.4818
32.466
32.391
32.3285
32.318
32.3527
32.3162
32.2864
32.3515
32.1082
32.1285
32.202
32.2101
32.2025
32.1343
32.1157
32.1198
32.067
32.0196
31.9705
31.945
31.8159
31.8477
31.8053
31.8051
31.758
31.8404
31.9043
32.0031
32.0583
31.9975
32.0228
32.0967
32.1507
32.1505
32.1042
32.0957
32.1279
32.2248
32.187
32.0305
32.12
32.0695
32.0707
32.1158
32.0979
32.0258
32.0131
32.0271
31.972
31.9385
31.9549
31.9648
31.9386
31.8631
31.9186
31.9397
31.8598
31.917
32.0206
32.0842
32.0637
32.1066
32.0962
32.1357
32.1857
32.234
32.292
32.3083
32.2654
32.1843
32.1472
32.064
32.1145
32.1222
32.037
32.0936
32.0803
32.082
32.0765
32.0916
31.9595
32.0287
32.0431
32.028
32.1013
32.122
32.1066
32.1118
32.1128
32.0838
32.0799
32.1343
32.1475
32.1827
32.1872
32.0769
32.0516
31.9273
31.7869
31.8324
31.8803
31.8844
31.9032
31.9744
32.0288
31.9085
31.9417
31.943
31.835
31.8662
31.7709
31.7787
31.8298
31.8684
31.8447
31.81
31.8892
31.9156
31.9437
31.8855
31.9326
31.9338
31.9134
31.967
32.0727
32.0541
32.1144
32.1533
32.0968
32.09
32.1199
32.0826
32.0455
32.0222
31.9813
32.0494
32.0515
32.0383
31.905
31.9096
31.8592
31.9232
31.9425
31.9848
31.9666
32.0627
32.0191
32.0214
32.1361
32.1906
32.234
32.2539
32.1364
32.1165
31.9523
31.9596
31.9677
31.9237
31.7568
31.731
31.5948
31.5509
31.5617
31.4806
31.5026
31.5684
31.6311
31.7017
31.6544
31.6471
31.6028
31.4983
31.4917
31.4974
31.4796
31.4206
31.3675
31.3746
31.3599
31.4045
31.3938
31.5061
31.5557
31.5454
31.5427
31.5342
31.5339
31.5504
31.5968
31.6225
31.5995
31.5518
31.6143
31.609
31.5547
31.5544
31.6414
31.5444
31.6204
31.6018
31.6114
31.619
31.6492
31.6222
31.5669
31.6247
31.6648
31.6495
31.6392
31.668
31.617
31.4801
31.5109
31.521
31.4952
31.4088
31.4213
31.3836
31.3735
31.2308
31.3088
31.2351
31.1878
31.1584
31.1823
31.2037
31.2905
31.3484
31.333
31.3073
31.3277
31.3555
31.3527
31.4162
31.4489
31.4593
31.5112
31.5699
31.5015
31.5789
31.5379
31.5192
31.4717
31.3941
31.3157
31.3994
31.4428
31.4057
31.4917
31.4208
31.4877
31.4826
31.4876
31.5463
31.5236
31.5009
31.4743
31.502
31.5197
31.534
31.5609
31.5689
31.4758
31.4766
31.3585
31.4299
31.4785
31.4762
31.4535
31.4981
31.5046
31.5482
31.5925
31.6161
31.5764
31.5841
31.628
31.6851
31.4944
31.5217
31.4652
31.4348
31.4804
31.5527
31.5476
31.538
31.6008
31.6124
31.67
31.7333
31.7731
31.7654
31.866
31.896
31.897
31.9003
31.8517
31.8591
31.9155
31.8187
31.8598
31.9447
31.9028
31.8837
31.9468
31.9567
31.9191
31.8966
31.933
31.9378
31.9896
32.0697
32.0286
32.0031
31.9439
31.9295
31.9804
32.0601
32.0769
32.1108
32.0893
31.9655
31.9496
32.0152
32.0474
32.0911
31.9797
32.0433
32.1228
32.0004
32.0333
32.0031
31.924
31.9393
31.9645
32.0051
32.0354
32.0592
32.1025
32.0894
32.1984
32.0942
32.0804
32.1287
32.1318
32.1504
32.2255
32.2715
32.149
32.2344
32.1819
32.2174
32.2509
32.2984
32.3838
32.3499
32.4076
32.3291
32.3435
32.3921
32.3924
32.4372
32.3969
32.4167
32.3942
32.2351
32.2894
32.3117
32.2847
32.3632
32.3085
32.221
32.1798
32.3041
32.3931
32.319
32.3345
32.3892
32.3967
32.4433
32.3996
32.3713
32.352
32.3272
32.2181
32.1793
32.1481
32.1934
32.2602
32.2778
32.1774
32.2291
32.2879
32.2791
32.3626
32.3663
32.3545
32.4255
32.3549
32.3082
32.3525
32.2762
32.291
32.2875
32.2456
32.2344
32.1355
32.0602
32.0672
32.0896
32.137
32.0773
32.0399
32.0425
32.1466
32.2347
32.2693
32.3329
32.2951
32.343
32.3329
32.4581
32.5042
32.5585
32.6395
32.6559
32.6306
32.547
32.5633
32.5829
32.5991
32.6849
32.5712
32.4802
32.4179
32.4536
32.4828
32.4279
32.4572
32.5481
32.514
32.4939
32.4478
32.4428
32.5277
32.5144
32.4444
32.4658
32.47
32.3977
32.3857
32.4207
32.3303
32.3959
32.3401
32.3428
32.4158
32.3133
32.3231
32.3171
32.3206
32.3287
32.2697
32.3466
32.2524
32.2932
32.2425
32.2485
32.2871
32.297
32.2846
32.2286
32.2806
32.2798
32.1939
32.2534
32.185
32.0812
32.1178
32.1363
32.2253
32.2495
32.1822
32.0937
32.0912
32.0427
31.9865
31.9291
31.8992
31.9367
31.9913
31.9955
31.9528
31.9295
31.9193
31.9619
31.8233
31.8508
31.9412
31.9473
31.8937
31.9064
31.9731
31.8582
31.8183
31.8033
31.7944
31.8044
31.7996
31.7486
31.7762
31.8447
31.8679
31.9296
31.9022
31.8551
31.8643
31.7864
31.7105
31.8068
31.8451
31.87
31.9053
31.965
31.9459
31.9872
31.9462
31.8756
31.8807
31.8776
31.9803
32.0066
31.9359
31.8938
31.9648
32.0338
32.0697
32.0433
32.1291
32.0433
32.0336
31.992
31.9733
31.9201
31.9442
31.9645
32.0143
31.9739
31.9129
31.9197
31.901
31.8796
31.8963
31.8983
31.9231
31.9196
31.7658
31.7188
31.7919
31.7425
31.7874
31.8315
31.8783
31.9022
31.8971
31.8726
31.8423
31.8835
31.8631
31.9119
32.009
32.0004
31.9638
31.9226
31.9801
31.8753
31.9696
31.8501
31.8786
31.9125
31.91
31.9001
31.9482
32.0043
31.9954
32.0136
32.0411
31.9261
31.9765
31.8787
31.8428
31.8178
31.8548
31.8604
31.7807
31.8868
31.9782
32.0576
32.0083
31.9595
31.973
32.0257
32.054
32.0206
31.9455
31.9384
31.8503
31.8349
31.8317
31.8598
31.8945
31.8968
31.8792
31.9151
31.9124
31.8789
31.8619
31.724
31.8075
31.8073
31.8326
31.8822
31.819
31.7418
31.7431
31.696
31.6025
31.6131
31.6383
31.6267
31.6309
31.6966
31.7152
31.7068
31.7788
31.89
31.835
31.9019
31.85
31.8512
31.8879
31.8416
31.809
31.8075
31.8621
31.8666
31.8627
31.8387
31.911
31.8291
31.8604
31.7879
31.8141
31.7196
31.6954
31.6485
31.6345
31.6317
31.6291
31.6954
31.6422
31.6711
31.7248
31.7923
31.851
31.8193
31.7685
31.8119
31.7568
31.6795
31.6571
31.7157
31.7139
31.6221
31.6245
31.6146
31.6769
31.6813
31.7494
31.8312
31.7778
31.7472
31.7836
31.7356
31.8179
31.8417
31.7944
31.7313
31.6987
31.6984
31.6735
31.7367
31.7952
31.7548
31.7233
31.7265
31.8035
31.7567
31.8078
31.9046
31.8662
31.916
32.0237
32.0402
31.9472
31.7946
31.6717
31.7091
31.6737
31.7194
31.7062
31.7807
31.8209
31.7993
31.7763
31.7588
31.701
31.7156
31.7786
31.7977
31.6793
31.647
31.6456
31.6281
31.5789
31.635
31.6762
31.6219
31.5992
31.5278
31.5977
31.5822
31.5962
31.5924
31.5539
31.4413
31.4682
31.4477
31.4324
31.4238
31.4361
31.4333
31.496
31.4774
31.3825
31.4427
31.3964
31.4468
31.4435
31.4067
31.4524
31.5141
31.5195
31.4833
31.5742
31.4867
31.5253
31.5274
31.4736
31.5321
31.6449
31.6236
31.5622
31.5694
31.5074
31.6314
31.7108
31.7331
31.7076
31.7018
31.6344
31.6348
31.504
31.4549
31.4969
31.5201
31.4843
31.4059
31.4273
31.3816
31.4306
31.481
31.512
31.534
31.6094
31.5771
31.4795
31.5308
31.5514
31.5815
31.6294
31.6779
31.7708
31.7623
31.7401
31.7421
31.6916
31.6305
31.5534
31.6099
31.5559
31.6706
31.6245
31.6394
31.6688
31.7134
31.7703
31.8227
31.8942
31.7733
31.7663
31.847
31.8153
31.8034
31.8477
31.8374
31.8344
31.8647
31.906
31.7551
31.8231
31.8006
31.7804
31.8242
31.8277
31.8264
31.7704
31.7721
31.7735
31.7802
31.6905
31.7333
31.7782
31.8124
31.9213
31.9021
31.9046
31.8058
31.7097
31.7402
31.6647
31.678
31.7324
31.7408
31.7951
31.7752
31.69
31.7658
31.6951
31.6567
31.585
31.5811
31.5213
31.4834
31.5457
31.5988
31.6255
31.5499
31.4981
31.5401
31.4511
31.4674
31.4368
31.4395
31.3276
31.4032
31.4263
31.49
31.544
31.5765
31.621
31.5441
31.5071
31.5585
31.5227
31.6366
31.6823
31.6907
31.6817
31.7183
31.6813
31.6139
31.6171
31.6718
31.665
31.5617
31.5219
31.5058
31.492
31.5343
31.5877
31.5847
31.5143
31.4716
31.466
31.438
31.347
31.3374
31.4043
31.4356
31.5095
31.5366
31.5943
31.6433
31.6551
31.6663
31.6348
31.6032
31.6735
31.673
31.7118
31.7163
31.6613
31.709
31.7978
31.7369
31.7941
31.7146
31.714
31.6973
31.6285
31.7136
31.6403
31.6664
31.7764
31.7614
31.8001
31.8328
31.9263
31.9326
31.9869
32.0137
31.9933
31.9131
31.8649
31.7763
31.7201
31.6792
31.6964
31.753
31.7275
31.7116
31.7391
31.7009
31.6758
31.6819
31.6973
31.6713
31.5666
31.6017
31.5512
31.5471
31.5179
31.4684
31.4292
31.3869
31.4239
31.4863
31.4423
31.4365
31.4187
31.4996
31.4473
31.3829
31.3946
31.334
31.3354
31.2215
31.2488
31.3297
31.2962
31.3335
31.3847
31.2426
31.2226
31.2141
31.2592
31.2741
31.2756
31.2945
31.3257
31.3547
31.4139
31.3672
31.2433
31.33
31.4159
31.4386
31.5285
31.4944
31.5687
31.4819
31.5169
31.6027
31.5743
31.5908
31.5754
31.5043
31.4779
31.5424
31.6157
31.6389
31.6854
31.6091
31.6376
31.6436
31.6709
31.643
31.6614
31.674
31.676
31.7456
31.8347
31.8454
31.7953
31.7717
31.7903
31.8213
31.9104
31.6726
31.6666
31.6202
31.5696
31.6006
31.6189
31.5745
31.6571
31.7153
31.6722
31.7337
31.6946
31.6866
31.7372
31.8294
31.8255
31.8838
31.9743
32.039
32.0003
32.0475
32.0562
32.0136
32.022
32.0316
31.9128
31.9492
31.8285
31.8248
31.8115
31.6064
31.6084
31.6316
31.5144
31.5145
31.5323
31.5319
31.5244
31.5407
31.5834
31.661
31.5039
31.4964
31.5305
31.6009
31.601
31.6264
31.6614
31.6162
31.5706
31.6
31.5625
31.5023
31.54
31.5577
31.4928
31.4903
31.5151
31.5859
31.5347
31.589
31.5409
31.5502
31.5057
31.4969
31.5267
31.5792
31.6319
31.7254
31.7057
31.801
31.7583
31.691
31.7228
31.8024
31.8608
31.8615
31.9133
31.9546
31.983
32.016
32.0313
31.8991
31.9304
31.7739
31.718
31.6903
31.6777
31.7954
31.8909
31.8105
31.7974
31.8171
31.7958
31.7847
31.752
31.7262
31.6632
31.5935
31.6451
31.6214
31.5827
31.6083
31.5844
31.5988
31.6511
31.6499
31.6901
31.6447
31.6188
31.5414
31.4839
31.4323
31.4666
31.4129
31.45
31.4654
31.487
31.5972
31.6907
31.7585
31.69
31.6998
31.7076
31.744
31.6962
31.6814
31.6282
31.6634
31.6664
31.6654
31.7397
31.7065
31.6834
31.6578
31.547
31.6243
31.5496
31.5184
31.5013
31.5867
31.6403
31.6514
31.6674
31.5696
31.6774
31.6732
31.6401
31.6958
31.7766
31.8867
31.9141
31.8526
31.9041
31.8618
31.8583
31.9561
31.9331
32.0457
31.8868
31.8272
31.9043
31.9533
32.001
32.0958
32.1383
32.1246
32.1239
32.1077
32.1656
32.1965
32.2139
32.2443
32.289
32.257
32.1701
32.1047
31.9467
31.9035
31.9877
32.0538
32.0252
32.0417
32.072
31.9516
31.9931
31.8454
31.7781
31.7975
31.689
31.7668
31.8599
31.9309
31.8731
31.8479
31.7222
31.6898
31.693
31.5672
31.5499
31.5779
31.5423
31.5365
31.5515
31.4343
31.5135
31.5233
31.4386
31.365
31.3119
31.245
31.2248
31.2233
31.1967
31.1419
31.175
31.1907
31.1665
31.1254
31.1141
31.1597
31.0565
31.109
31.0679
31.1723
31.2302
31.1293
31.1378
31.1365
31.1429
31.0203
31.0211
31.0494
31.0399
31.0587
31.0855
30.9811
30.9966
31.0987
31.0618
31.0167
30.9669
31.0216
31.0483
31.0726
31.0731
31.0877
31.0618
31.1242
31.1299
31.1467
31.1511
31.1316
31.1923
31.1482
31.0911
31.018
31.051
31.0975
31.1397
31.2381
31.3269
31.3808
31.4159
31.4172
31.4127
31.4427
31.457
31.3492
31.3407
31.3213
31.3496
31.3784
31.4241
31.4664
31.5012
31.5527
31.4747
31.4804
31.4188
31.4747
31.5348
31.5252
31.4312
31.4649
31.5215
31.5332
31.5867
31.6174
31.6781
31.7493
31.6461
31.6231
31.5532
31.5352
31.4842
31.4503
31.4927
31.4748
31.4953
31.4623
31.4911
31.4204
31.3924
31.4344
31.5451
31.5661
31.5083
31.5687
31.4456
31.4914
31.4653
31.5215
31.4901
31.5507
31.5704
31.5527
31.5824
31.5326
31.5576
31.4707
31.5331
31.4487
31.4951
31.4679
31.4765
31.4153
31.3465
31.2642
31.2574
31.2886
31.3152
31.304
31.3264
31.4396
31.4459
31.3794
31.3466
31.4141
31.4792
31.4756
31.4833
31.4642
31.4542
31.4997
31.5169
31.5233
31.598
31.4344
31.4117
31.4617
31.4703
31.4249
31.4489
31.413
31.4451
31.4845
31.4582
31.5229
31.51
31.4146
31.4905
31.5283
31.4908
31.4917
31.4657
31.4839
31.4747
31.4672
31.5384
31.518
31.5854
31.6469
31.5835
31.5746
31.5881
31.5386
31.5238
31.5852
31.5433
31.5586
31.5656
31.6267
31.5633
31.6514
31.6874
31.771
31.8435
31.853
31.878
31.8235
31.8557
31.9136
31.8239
31.9171
31.9055
31.8653
31.8186
31.8127
31.6558
31.5922
31.5366
31.6337
31.6611
31.6922
31.6773
31.7384
31.7768
31.8104
31.9346
32.0395
32.1048
32.1122
32.1456
32.0977
32.1107
32.1571
32.115
32.1592
32.1987
32.1956
32.2554
32.2991
32.174
32.1804
32.245
32.2721
32.0674
32.0657
31.9801
31.9764
32.0272
32.0909
31.9849
31.8981
31.8591
31.955
32.0546
32.0336
32.0132
32.081
32.0545
32.0472
32.0095
31.9866
31.9961
32.0735
32.106
32.0912
32.0961
32.0462
32.0094
32.0311
32.1336
32.1669
32.2148
32.2347
32.1834
32.1295
32.0818
32.0879
32.0832
32.1321
32.0299
32.0444
32.1027
32.1408
32.1815
32.1806
32.2201
32.2587
32.2199
32.2628
32.3239
32.2771
32.3366
32.354
32.3411
32.3747
32.347
32.2873
32.2554
32.3183
32.3444
32.3472
32.3166
32.3316
32.408
32.4633
32.49
32.474
32.4143
32.4517
32.4514
32.3915
32.3359
32.3956
32.3274
32.2682
32.293
32.2897
32.1697
32.1848
32.1727
32.1734
32.1095
32.1467
32.2355
32.3049
32.3068
32.3135
32.3833
32.3696
32.3499
32.3284
32.2704
32.2817
32.3367
32.3857
32.3681
32.3559
32.3581
32.468
32.4894
32.3143
32.358
32.3798
32.429
32.3751
32.2815
32.2449
32.3168
32.3072
32.2869
32.2951
32.2758
32.2686
32.3091
32.4302
32.3363
32.3617
32.3919
32.4313
32.4286
32.5325
32.6275
32.5976
32.6344
32.57
32.6352
32.7067
32.6785
32.6222
32.6085
32.6105
32.6096
32.542
32.5719
32.597
32.6373
32.6899
32.6248
32.6332
32.5833
32.6132
32.6712
32.662
32.7032
32.5637
32.5806
32.6612
32.6606
32.6421
32.4927
32.4187
32.4243
32.2928
32.2372
32.1826
32.2137
32.2125
32.1911
32.2206
32.2552
32.2089
32.1836
32.226
32.1965
32.2133
32.27
32.2683
32.2717
32.3486
32.4156
32.4398
32.4202
32.3576
32.288
32.1852
32.139
32.1357
32.0787
32.1187
32.0755
32.0983
32.1483
32.2162
32.0696
32.1793
32.1803
32.2084
32.2253
32.2755
32.2663
32.2493
32.2804
32.3643
32.3276
32.3135
32.2448
32.3047
32.1542
32.1086
32.1
32.1705
32.0875
32.0848
31.9977
32.0052
31.9693
31.9583
31.948
31.9094
31.9431
31.9482
31.9005
31.8051
31.8098
31.7761
31.7886
31.8224
31.8491
31.8915
31.9128
31.9332
31.9774
31.9091
31.8626
31.918
31.8944
31.9083
32.0136
32.0393
32.0603
31.9957
32.0504
32.0467
31.9478
31.9085
31.9235
32.0269
31.9718
32.0391
32.0629
32.0425
31.9905
31.9714
31.9738
31.9629
32.0118
32.0235
32.0014
32.0679
32.0369
32.0577
32.0326
32.1306
32.206
32.1462
32.0684
32.1178
32.083
32.1725
32.2451
32.1764
32.1098
32.1263
32.1398
32.1189
32.1311
32.1339
32.195
32.2483
32.3159
32.3521
32.3002
32.2814
32.3118
32.4067
32.4102
32.4871
32.5543
32.4889
32.5169
32.5392
32.5815
32.6636
32.6751
32.6959
32.5952
32.5857
32.5591
32.5947
32.5266
32.468
32.465
32.4761
32.5412
32.6391
32.6507
32.6214
32.5709
32.5462
32.4983
32.5172
32.54
32.5083
32.4931
32.3983
32.3335
32.2646
32.3294
32.416
32.3925
32.3196
32.3205
32.3712
32.401
32.4337
32.4909
32.5033
32.5482
32.6424
32.6454
32.6269
32.5991
32.6
32.5513
32.5661
32.6505
32.7135
32.7342
32.7411
32.7491
32.8263
32.8369
32.8321
32.8396
32.8811
32.8541
32.7247
32.7585
32.8342
32.8367
32.8407
32.91
32.7617
32.7391
32.6956
32.5757
32.6953
32.7245
32.7797
32.8032
32.8064
32.8962
32.8167
32.8244
32.9173
32.9942
33.0001
32.9706
32.9918
32.959
32.8589
32.8472
32.7953
32.6917
32.7359
32.7145
32.6706
32.7255
32.7837
32.7054
32.7747
32.7443
32.8013
32.8292
32.8645
32.7761
32.8089
32.8384
32.8928
32.7622
32.6855
32.6655
32.6847
32.7336
32.7014
32.6987
32.7346
32.7622
32.813
32.7075
32.6147
32.6116
32.623
32.6577
32.6543
32.7176
32.6961
32.7582
32.6827
32.7382
32.7032
32.6603
32.7538
32.8064
32.7117
32.6818
32.6833
32.6552
32.6543
32.7068
32.7581
32.7721
32.8276
32.8021
32.7897
32.8267
32.7269
32.7828
32.8349
32.8736
32.8378
32.9096
32.9608
32.9352
32.9946
32.9824
32.9505
32.9928
32.9517
32.8652
32.8631
32.8725
32.8863
32.9587
32.9272
32.8687
32.9242
32.8186
32.8522
32.7698
32.8784
32.9289
32.933
32.8897
32.8834
32.888
32.7642
32.7022
32.6176
32.55
32.574
32.6511
32.6968
32.599
32.5897
32.5928
32.5098
32.5137
32.6007
32.586
32.5382
32.5383
32.5593
32.6247
32.6097
32.5184
32.5205
32.4067
32.4217
32.4324
32.363
32.4378
32.4986
32.375
32.4136
32.4336
32.4587
32.4305
32.4707
32.4693
32.4474
32.4304
32.4185
32.3283
32.2923
32.2772
32.0959
32.0704
32.0206
32.012
32.0145
32.0429
32.0944
32.1859
32.2588
32.2965
32.3741
32.3545
32.3885
32.4399
32.5096
32.4581
32.2719
32.2627
32.3371
32.4607
32.3164
32.282
32.4072
32.319
32.3453
32.3271
32.2466
32.2847
32.4073
32.453
32.5023
32.5075
32.4547
32.4728
32.3899
32.4716
32.4162
32.4587
32.4454
32.3621
32.4031
32.4654
32.446
32.4823
32.4807
32.5005
32.4076
32.4418
32.4879
32.4624
32.4872
32.44
32.4736
32.503
32.4877
32.302
32.203
32.1632
32.1347
32.173
32.0601
32.058
32.04
31.999
32.0285
31.9973
31.9593
31.9111
31.8085
31.7561
31.8357
31.7998
31.7926
31.7227
31.7872
31.7608
31.7735
31.7618
31.7254
31.7812
31.7858
31.8311
31.8069
31.8761
31.8781
31.8036
31.7778
31.6969
31.5859
31.6212
31.6146
31.5932
31.62
31.65
31.7027
31.7021
31.6676
31.6259
31.6058
31.6165
31.6122
31.5412
31.5182
31.4547
31.5289
31.5506
31.5806
31.6124
31.6611
31.6934
31.6927
31.7476
31.7773
31.871
31.9238
31.9262
31.9721
31.9372
31.9587
32.061
32.0586
32.0515
32.0737
32.0502
32.154
31.9789
31.9402
31.9379
31.8857
31.8999
31.9957
31.9551
31.9677
32.0957
32.0979
32.1656
32.1977
32.1366
32.2113
32.1902
32.1831
32.1309
32.2228
32.1398
32.1157
32.1072
32.1128
32.1347
32.1207
32.156
32.2177
32.3425
32.2867
32.2327
32.2939
32.3569
32.3627
32.3641
32.3956
32.3894
32.402
32.3444
32.3726
32.419
32.4353
32.4365
32.5117
32.5593
32.4955
32.4355
32.4855
32.4052
32.3721
32.4143
32.403
32.4231
32.3907
32.3857
32.4158
32.4511
32.4932
32.464
32.4123
32.3819
32.3017
32.3958
32.4073
32.2977
32.3402
32.3741
32.4042
32.498
32.4366
32.5094
32.4381
32.506
32.4535
32.47
32.5433
32.5013
32.5427
32.5615
32.4467
32.4384
32.4536
32.4144
32.4364
32.3184
32.3504
32.4528
32.4142
32.3939
32.3022
32.3084
32.3298
32.2491
32.1859
32.1535
32.1004
31.9872
31.9411
31.9283
31.9685
31.937
31.961
31.9392
32
31.9359
31.9878
32.0101
31.9741
31.9811
31.8938
31.9156
31.9208
31.9249
31.8788
31.9176
31.9978
31.9766
32.0807
32.0454
31.9991
31.946
31.933
31.9858
31.9991
32.0491
32.0053
32.0667
32.1425
32.0286
31.9009
31.8726
31.7818
31.7175
31.727
31.6545
31.6328
31.6988
31.6933
31.759
31.793
31.7561
31.7006
31.7341
31.6926
31.7734
31.8214
31.8528
31.9153
31.956
31.9903
32.0449
32.1133
32.0369
32.1118
32.155
32.1828
32.1405
32.0196
31.9956
32.0009
31.9884
32.0317
31.9742
31.8859
31.8054
31.7647
31.8109
31.7081
31.722
31.7972
31.776
31.8035
31.8063
31.7056
31.7264
31.7992
31.8454
31.8756
31.8501
31.8735
31.9031
31.9127
31.9455
31.9386
31.8477
31.763
31.8002
31.7919
31.7737
31.7904
31.8064
31.8575
31.9061
31.89
31.8877
31.8499
31.7533
31.7219
31.72
31.8268
31.7463
31.808
31.8397
31.8634
31.9286
32.0259
31.9841
31.9043
31.9415
31.9582
32.0246
32.0409
31.8835
31.9433
31.9823
32.0375
32.0433
31.9336
31.9675
31.9701
31.9702
31.9186
31.9216
31.9711
31.9882
31.9484
31.9733
31.9587
31.9268
31.9309
31.9227
31.9286
31.9702
31.9565
32.0132
32.0275
32.0153
31.9673
31.9894
31.939
31.91
31.8823
31.8459
31.9205
31.9409
31.8887
31.8432
31.866
31.8547
31.8667
31.9391
31.9049
31.8742
31.8365
31.8266
31.8636
31.8704
31.824
31.8444
31.8904
31.8652
31.8314
31.8103
31.762
31.791
31.8671
31.9139
31.9112
32.0085
32.0423
31.9891
31.9389
31.9288
31.899
31.9083
31.8903
31.9217
31.948
31.9262
31.946
31.9442
31.8306
31.8631
31.8844
31.7499
31.7535
31.7543
31.7482
31.714
31.7664
31.7101
31.7688
31.7056
31.7769
31.8027
31.7959
31.7663
31.6634
31.7122
31.7526
31.7418
31.6582
31.6339
31.627
31.5903
31.5928
31.589
31.5992
31.6933
31.6681
31.7069
31.7429
31.6345
31.6794
31.712
31.7418
31.7128
31.8015
31.7894
31.6327
31.5832
31.5447
31.5249
31.4808
31.4709
31.4899
31.3712
31.3961
31.4279
31.384
31.2624
31.2703
31.1996
31.1599
31.2093
31.3121
31.2499
31.292
31.1994
31.1651
31.1773
31.1343
31.0932
31.1439
31.1154
31.1223
31.207
31.2619
31.2541
31.2641
31.2753
31.2982
31.2391
31.1831
31.1758
31.2562
31.2726
31.2842
31.1905
31.2948
31.2507
31.2173
31.2304
31.2183
31.3119
31.2509
31.3116
31.3988
31.4022
31.4186
31.313
31.3866
31.3603
31.4137
31.4258
31.4158
31.3588
31.3983
31.3199
31.2756
31.2877
31.244
31.1936
31.2052
31.2023
31.2227
31.2377
31.2204
31.334
31.4453
31.4377
31.5108
31.5724
31.3931
31.4102
31.4805
31.5246
31.4312
31.484
31.5367
31.5385
31.4873
31.5122
31.5688
31.5389
31.5166
31.457
31.4534
31.4688
31.4736
31.4831
31.3899
31.3687
31.466
31.4673
31.5723
31.664
31.6622
31.7294
31.7181
31.7764
31.7532
31.6677
31.6077
31.5794
31.5549
31.4564
31.4797
31.5082
31.5293
31.6249
31.6562
31.6595
31.6636
31.6959
31.7559
31.8521
31.8443
31.8753
31.9279
31.9289
31.875
31.9207
31.9192
31.9333
31.8793
31.9015
31.7264
31.7485
31.7703
31.7818
31.6387
31.6451
31.6384
31.7079
31.7899
31.763
31.8669
31.8924
31.844
31.9367
31.8695
31.8166
31.8918
31.9298
31.9666
31.9463
31.9822
31.9887
32.0006
32.0344
31.9883
32.0403
32.0098
32.076
32.1133
32.1356
32.1082
32.1004
32.0805
32.1763
32.1558
32.0219
31.9671
31.9145
31.9485
32.0292
32.0151
32.0279
32.0634
32.0423
32.0535
32.0504
32.0571
31.9662
32.0775
32.1227
32.0792
32.0801
32.1625
32.1092
32.1175
32.1022
32.1591
32.1138
32.0523
32.1512
32.1031
32.1007
32.0784
31.9811
32.0277
31.9718
32.0006
32.0061
32.0451
32.1367
32.2342
32.2552
32.2713
32.1901
32.1247
32.132
32.0698
32.0693
31.9585
31.9945
32.078
32.0324
32.0832
32.0494
32.138
32.1694
32.1767
32.2076
32.1719
32.1427
32.1683
32.2403
32.217
32.2475
32.1973
32.2153
32.1864
32.1715
32.1208
32.147
32.2187
32.2542
32.2891
32.2891
32.2466
32.1397
32.1468
32.1906
32.2038
32.1856
32.1814
32.2067
32.2269
32.3241
32.3096
32.2326
32.2903
32.368
32.3745
32.3057
32.2782
32.3664
32.4084
32.3848
32.4036
32.2801
32.2065
32.1613
32.2171
32.1808
32.1791
32.1678
32.1941
32.235
32.2057
32.2275
32.2277
32.269
32.2633
32.2784
32.3149
32.2775
32.3133
32.3317
32.3399
32.3686
32.3928
32.3966
32.4259
32.5164
32.5559
32.5402
32.5288
32.6018
32.6332
32.6047
32.5925
32.5979
32.6177
32.6926
32.6939
32.5245
32.5388
32.5194
32.5888
32.5503
32.5421
32.5097
32.4869
32.3436
32.3577
32.3386
32.3704
32.3528
32.3535
32.4061
32.3966
32.3882
32.4958
32.5544
32.5303
32.5637
32.5338
32.4837
32.4997
32.4447
32.4774
32.419
32.4444
32.3391
32.413
32.4701
32.3935
32.432
32.3758
32.409
32.423
32.4167
32.3379
32.2924
32.2717
32.1094
32.1431
32.1406
32.1693
32.1609
32.2584
32.3151
32.306
32.3619
32.4286
32.4658
32.4381
32.5097
32.558
32.4625
32.4264
32.3865
32.3183
32.3505
32.3213
32.3218
32.3963
32.2903
32.3171
32.2399
32.2602
32.1925
32.2473
32.3237
32.3349
32.3587
32.4044
32.3153
32.1552
32.2559
32.3223
32.3149
32.3696
32.3066
32.3826
32.3012
32.316
32.292
32.3052
32.3879
32.3915
32.4102
32.3328
32.2859
32.2923
32.3246
32.3265
32.323
32.2267
32.1925
32.2642
32.3054
32.3431
32.3392
32.2906
32.2402
32.1584
32.1632
32.1533
32.2163
32.1438
32.174
32.1813
32.1985
32.1659
32.1923
32.1708
32.1792
32.1884
32.1154
32.1222
32.0991
32.1241
32.0756
32.105
32.1558
32.1848
32.2187
32.0796
31.9711
32.0779
32.0241
32.1027
32.0887
32.1443
32.1954
32.2284
32.2754
32.1445
32.141
32.1124
32.0391
32.0572
32.0815
32.1436
32.1599
32.2264
32.2535
32.2599
32.3145
32.2776
32.3582
32.3029
32.2824
32.2978
32.367
32.4468
32.4545
32.4006
32.3661
32.3533
32.2596
32.2617
32.325
32.2028
32.2026
32.2771
32.2802
32.404
32.415
32.4557
32.4286
32.4251
32.5122
32.4904
32.5058
32.5236
32.577
32.6358
32.5641
32.5452
32.5747
32.5438
32.5602
32.4555
32.4761
32.4099
32.4015
32.4569
32.4226
32.407
32.3344
32.4021
32.4661
32.4219
32.4133
32.4455
32.4376
32.4814
32.5016
32.5657
32.6429
32.6396
32.5701
32.5708
32.5474
32.6364
32.6168
32.6402
32.5537
32.5418
32.6513
32.6345
32.7597
32.72
32.7673
32.8359
32.8405
32.8645
32.6774
32.6387
32.6067
32.6098
32.6767
32.6397
32.5682
32.637
32.7024
32.7139
32.6747
32.754
32.7411
32.8006
32.834
32.8649
32.8866
32.9668
32.9736
33.0274
32.9685
33.0735
33.1282
33.1561
33.0783
33.0479
33.0398
32.9255
32.8338
32.7923
32.7
32.6598
32.6926
32.7018
32.633
32.5893
32.6378
32.6397
32.61
32.4829
32.416
32.3498
32.3702
32.3786
32.3834
32.421
32.4439
32.4601
32.541
32.5383
32.5179
32.5264
32.5246
32.5235
32.4926
32.5176
32.4964
32.548
32.5431
32.6516
32.5984
32.6366
32.6145
32.5873
32.5677
32.5712
32.4377
32.5069
32.461
32.3134
32.2682
32.1897
32.2681
32.3508
32.437
32.3733
32.4105
32.4646
32.4131
32.2769
32.2615
32.3253
32.3769
32.4479
32.5029
32.5175
32.5971
32.6825
32.6938
32.6761
32.6807
32.6681
32.6318
32.6302
32.6228
32.6696
32.6282
32.6463
32.7134
32.714
32.7308
32.7762
32.8083
32.8645
32.921
32.9568
32.9618
33.0603
32.9791
33.0578
33.0164
33.0473
33.0502
33.0076
33.028
33.1081
33.1665
33.1946
33.1942
33.2274
33.2716
33.3159
33.3629
33.3263
33.3607
33.2914
33.3528
33.4728
33.4653
33.4698
33.4179
33.4354
33.4644
33.5221
33.4971
33.4364
33.426
33.4219
33.389
33.4815
33.4469
33.48
33.3513
33.2144
33.1603
33.1846
33.1696
33.1191
33.0577
33.0242
33.0277
33.0227
33.0599
33.0491
33.1597
33.0791
33.0663
33.0851
33.1144
33.1108
33.1089
33.1061
33.071
33.015
32.9746
33.0231
32.9916
32.9961
33.0227
33.0511
33.0714
33.0385
32.9443
32.9531
32.9512
32.9814
32.9701
33.0273
33.0585
33.0156
33.096
33.1227
33.1413
33.0964
32.9572
33.0268
32.973
33.0229
33.0219
32.9895
32.9671
32.9721
32.9788
33.0479
33.0148
32.9973
32.9965
32.9905
32.96
32.9485
32.9726
32.9279
32.9488
32.8515
32.7994
32.8268
32.8945
32.9363
32.9902
32.9073
32.8944
32.877
32.8592
32.7641
32.7199
32.7579
32.7879
32.705
32.7267
32.7972
32.8315
32.8636
32.7161
32.7719
32.8048
32.714
32.6262
32.6436
32.5545
32.375
32.3964
32.444
32.5675
32.645
32.603
32.6502
32.6127
32.6663
32.7099
32.6363
32.615
32.6703
32.6737
32.7017
32.5976
32.6175
32.5994
32.7067
32.7605
32.6417
32.6211
32.5582
32.5827
32.5851
32.6121
32.6747
32.5964
32.6579
32.6735
32.553
32.5733
32.4674
32.4981
32.5227
32.5087
32.6249
32.5299
32.6159
32.6193
32.6863
32.6096
32.5127
32.5355
32.555
32.4863
32.4598
32.4515
32.4986
32.515
32.4776
32.4889
32.5349
32.5896
32.5469
32.5486
32.4805
32.5133
32.5457
32.4716
32.4969
32.5552
32.5671
32.5968
32.6154
32.6618
32.6782
32.7265
32.5062
32.5806
32.5778
32.6287
32.4381
32.3234
32.4521
32.5125
32.5796
32.5701
32.5691
32.5129
32.4777
32.5384
32.4953
32.3487
32.3548
32.3331
32.3329
32.3598
32.3893
32.3827
32.3925
32.3704
32.4512
32.3253
32.3058
32.2758
32.2958
32.3141
32.3377
32.3832
32.4102
32.4769
32.4825
32.4469
32.4953
32.4557
32.4625
32.4059
32.3557
32.3496
32.3968
32.4224
32.4982
32.4976
32.4252
32.4296
32.3324
32.29
32.343
32.3749
32.3935
32.3239
32.3469
32.3629
32.2857
32.2842
32.3546
32.4227
32.4319
32.4312
32.4836
32.4872
32.6235
32.5197
32.481
32.4892
32.4107
32.4701
32.4242
32.3731
32.4276
32.4566
32.4235
32.4425
32.4969
32.5119
32.5361
32.5181
32.5144
32.5759
32.5031
32.4105
32.4213
32.4724
32.4963
32.5112
32.4843
32.5645
32.566
32.4379
32.5039
32.4613
32.4279
32.5083
32.4204
32.3446
32.3626
32.3698
32.3775
32.3132
32.2243
32.2763
32.2537
32.2639
32.293
32.1662
32.1833
32.2009
32.2069
32.1902
32.1489
32.07
32.0983
32.1189
32.1115
32.0345
32.0624
32.01
31.9872
31.9119
31.8708
31.8657
31.7997
31.8194
31.8804
31.9625
31.975
31.8164
31.8788
31.7921
31.7514
31.7515
31.7565
31.7656
31.7376
31.7546
31.8092
31.844
31.9215
31.8599
31.947
31.9764
32.0251
31.9671
32.0332
32.0088
31.9912
31.9412
31.9509
32.0317
32.0538
32.0947
32.1097
32.0143
32.0099
32.0151
32.0379
32.03
32.0142
32.0663
31.9565
31.8985
31.9677
31.9857
32.0641
32.1166
32.1406
32.1109
32.0961
32.1553
32.1602
32.2185
32.1879
32.199
32.1447
32.1492
32.2406
32.188
32.2124
32.3219
32.4248
32.3992
32.3709
32.3642
32.3742
32.4508
32.4125
32.3514
32.2719
32.2995
32.3629
32.3295
32.331
32.3535
32.3212
32.3217
32.2357
32.3412
32.3398
32.3833
32.4537
32.4898
32.5688
32.6713
32.7004
32.7673
32.7906
32.7558
32.7784
32.8437
32.8282
32.7108
32.7071
32.7086
32.697
32.6651
32.6741
32.7016
32.6399
32.7577
32.696
32.7261
32.7384
32.6459
32.6907
32.6127
32.5222
32.5273
32.598
32.6509
32.7069
32.7031
32.5499
32.5813
32.6432
32.6415
32.6998
32.6792
32.6028
32.5385
32.4277
32.4037
32.3635
32.3542
32.3854
32.3619
32.3979
32.3655
32.3897
32.3712
32.4524
32.4613
32.4283
32.5433
32.5394
32.3436
32.3523
32.3526
32.3712
32.4138
32.4185
32.3689
32.413
32.1941
32.1109
31.9871
32.0187
32.0126
32.0615
32.1019
32.2373
32.2136
32.2116
32.2034
32.2752
32.2992
32.247
32.2079
32.0864
32.0493
31.9778
31.9411
31.8972
31.8761
31.872
31.8992
31.9001
31.9611
32.02
32.0177
31.9631
31.9038
31.9633
31.9656
32.0187
32.049
32.1436
32.1977
32.1635
32.2164
32.1635
32.0085
32.0532
32.0733
31.9583
31.9582
31.9435
31.9985
31.9135
31.9257
31.9132
31.9924
31.9257
32.0012
32.0505
32.0915
31.9896
32.0421
31.9346
31.9121
31.8943
31.865
31.9404
31.96
31.8363
31.8666
31.8844
31.8674
31.9254
31.9138
31.8566
31.8106
31.7727
31.6927
31.6691
31.722
31.6951
31.6147
31.677
31.6972
31.6645
31.7233
31.7915
31.8403
31.7048
31.7073
31.7472
31.6971
31.7327
31.7402
31.7083
31.6812
31.6937
31.6875
31.6448
31.6414
31.6375
31.6423
31.6399
31.6275
31.6589
31.6532
31.636
31.5585
31.5721
31.5399
31.4219
31.4315
31.4006
31.4572
31.4624
31.4162
31.3899
31.4233
31.5184
31.5164
31.5385
31.545
31.5258
31.5546
31.6387
31.5508
31.5248
31.5789
31.5528
31.5507
31.553
31.5558
31.6266
31.6378
31.6286
31.6492
31.6252
31.6102
31.6351
31.6371
31.6292
31.6983
31.6744
31.6129
31.657
31.6471
31.7372
31.7248
31.7379
31.6638
31.6967
31.739
31.8338
31.7973
31.7967
31.7563
31.7465
31.7552
31.7936
31.8825
31.8197
31.8506
31.9323
31.8807
31.9743
31.9735
31.8629
31.8363
31.7786
31.7867
31.6603
31.7199
31.795
31.7945
31.8566
31.8741
31.8105
31.7941
31.7728
31.7324
31.8191
31.7842
31.685
31.7057
31.6263
31.6372
31.634
31.6359
31.5814
31.6136
31.6051
31.6322
31.7005
31.6998
31.6214
31.5467
31.5056
31.5649
31.522
31.5134
31.4596
31.4964
31.5611
31.5943
31.6815
31.7754
31.7397
31.683
31.6895
31.7055
31.6669
31.7369
31.7026
31.6925
31.6851
31.6403
31.6994
31.7459
31.8371
31.8813
31.9899
31.9119
31.8996
31.888
31.9503
32.0136
31.9339
31.9722
31.9854
32.0173
31.9824
32.0317
31.863
31.9723
31.925
31.931
31.8972
31.9539
32.0373
32.0579
32.0318
32.0106
32.0804
32.0803
32.1
32.0234
32.121
32.1788
32.1177
32.0556
32.1039
32.1415
32.1912
32.2174
32.182
32.2412
32.2525
32.1475
32.0254
32.0752
32.1159
32.1398
32.2176
32.1737
32.1739
32.2129
32.3224
32.2018
32.1687
32.2511
32.253
32.3114
32.2273
32.2563
32.2631
32.2855
32.2983
32.4052
32.4771
32.473
32.3859
32.3248
32.299
32.2709
32.3074
32.3659
32.4453
32.4007
32.4565
32.4592
32.5174
32.5532
32.6132
32.6055
32.6498
32.6175
32.5716
32.5344
32.5444
32.5507
32.561
32.6347
32.6183
32.6416
32.572
32.5625
32.557
32.4593
32.4449
32.4002
32.2955
32.3298
32.338
32.3262
32.2473
31.9781
31.9774
32.0446
32.006
31.9716
32.0261
31.979
31.9715
32.049
32.1372
32.1335
32.0928
32.1665
32.0429
32.0962
32.0639
32.0668
32.0811
32.0725
32.063
31.9555
32.0054
32.0182
31.9627
31.8537
31.8168
31.8198
31.8083
31.8397
31.8858
31.8497
31.9369
31.9448
31.8737
31.9065
31.9777
31.9388
31.8932
31.8884
31.8355
31.8018
31.789
31.7477
31.7347
31.8196
31.8344
31.7856
31.7959
31.8334
31.8426
31.8627
31.963
31.9982
32.006
32.1191
32.1423
32.2559
32.0944
31.9584
31.9563
31.9517
31.7675
31.7622
31.6344
31.6876
31.6642
31.6486
31.7635
31.8302
31.6815
31.754
31.6941
31.7015
31.8339
31.8114
31.8988
31.955
31.8854
31.9146
31.9238
31.982
31.9069
31.8776
31.8632
31.8154
31.7243
31.6543
31.6588
31.6079
31.6012
31.6327
31.5811
31.5984
31.6496
31.7239
31.6832
31.6916
31.7263
31.6466
31.5599
31.6909
31.7613
31.6964
31.7214
31.7701
31.8277
31.6739
31.5628
31.4661
31.4579
31.4952
31.5106
31.5183
31.4802
31.4672
31.5272
31.5228
31.5445
31.5414
31.5175
31.5795
31.5889
31.6299
31.6782
31.7159
31.7587
31.7259
31.7458
31.7205
31.7912
31.849
31.7814
31.6982
31.8007
31.7353
31.7706
31.839
31.7743
31.7544
31.6909
31.6048
31.5299
31.531
31.4289
31.545
31.5744
31.5971
31.5438
31.5815
31.497
31.4213
31.3503
31.2504
31.2721
31.2223
31.1872
31.2397
31.2926
31.2829
31.3421
31.3001
31.2381
31.2723
31.2672
31.2502
31.1649
31.1469
31.1512
31.1055
30.9994
30.8963
30.8504
30.8405
30.8349
30.7653
30.7897
30.8047
30.7378
30.5774
30.6264
30.6208
30.6357
30.7415
30.8106
30.831
30.8761
30.9482
30.9352
30.8029
30.7625
30.7786
30.7827
30.7759
30.8017
30.755
30.8052
30.7714
30.6604
30.7532
30.8443
30.8019
30.7453
30.6776
30.7257
30.744
30.827
30.8437
30.8045
30.7666
30.7781
30.7624
30.843
30.736
30.7148
30.8084
30.7408
30.7685
30.778
30.8961
30.9472
30.9953
30.9732
31.0135
31.0407
31.1004
31.145
31.1069
30.9302
30.8597
30.8572
30.8859
30.8411
30.8892
30.844
30.7613
30.7947
30.8605
30.9206
31.0125
31.0991
31.0712
31.1741
31.2235
31.28
31.2981
31.3114
31.4001
31.3319
31.2669
31.2342
31.2814
31.207
31.2475
31.2788
31.2835
31.2375
31.3077
31.2662
31.2395
31.2351
31.1656
31.1807
31.1366
31.0154
31.1207
31.0756
31.0915
31.1023
31.1882
31.147
31.174
31.1235
31.039
31.0936
31.1565
31.0702
31.1449
31.1161
31.1723
31.2272
31.2201
31.1835
31.2853
31.2798
31.3186
31.312
31.3154
31.2574
31.2502
31.3548
31.1937
31.2022
31.2543
31.2514
31.3549
31.3729
31.3855
31.369
31.3869
31.3116
31.2439
31.2881
31.2377
31.3022
31.3772
31.4496
31.4906
31.5458
31.5424
31.5558
31.6696
31.7186
31.7094
31.6083
31.4336
31.4761
31.4903
31.4009
31.3439
31.4108
31.4508
31.4874
31.432
31.4324
31.4389
31.4343
31.2937
31.3483
31.401
31.3757
31.2979
31.3581
31.3795
31.3619
31.3756
31.4269
31.3343
31.349
31.401
31.4321
31.3665
31.3442
31.3215
31.3168
31.2914
31.2206
31.3067
31.3542
31.3214
31.3398
31.3185
31.3814
31.3243
31.3
31.2555
31.3374
31.3667
31.3515
31.3471
31.2887
31.3737
31.4057
31.4325
31.4446
31.4058
31.4213
31.3986
31.3748
31.323
31.2719
31.2006
31.0883
31.1339
31.2119
31.2247
31.2104
31.1588
31.1329
31.092
31.1474
31.201
31.164
31.1511
31.1754
31.1528
31.1805
31.1482
31.1873
31.2767
31.2815
31.2646
31.1759
31.2138
31.2212
31.1762
31.1208
31.1371
31.1075
31.0025
30.9577
30.9605
30.8624
30.9349
30.9387
31.0084
31.0506
31.1357
31.1382
31.2023
31.2211
31.1869
31.1886
31.1474
31.1348
31.0851
30.9837
30.9863
30.9498
30.983
31.0057
30.9756
31.0736
31.0432
30.9938
31.0093
30.9746
30.9226
30.9767
31.0428
30.9983
30.9212
30.8521
30.8734
30.8995
30.9421
30.9675
31.0244
30.9912
30.9811
30.8975
30.9263
30.9569
30.9512
30.9534
31.0416
31.0396
31.0344
31.012
31.1057
31.1008
31.1246
31.1939
31.2636
31.3143
31.288
31.2889
31.3271
31.3814
31.2989
31.3317
31.3862
31.4191
31.3738
31.3376
31.3709
31.3866
31.3986
31.4631
31.4049
31.385
31.4131
31.423
31.4628
31.4626
31.4673
31.5208
31.5747
31.5801
31.6064
31.6116
31.6835
31.6837
31.4751
31.5015
31.5636
31.5405
31.4438
31.4014
31.3399
31.3582
31.381
31.4159
31.4606
31.4214
31.3854
31.2773
31.3384
31.2697
31.2925
31.3136
31.3763
31.3773
31.3604
31.3938
31.4581
31.4707
31.4762
31.455
31.4738
31.4718
31.476
31.5025
31.5048
31.5396
31.4781
31.4409
31.4362
31.5083
31.5304
31.5177
31.5475
31.4567
31.4492
31.446
31.448
31.4964
31.5292
31.4361
31.466
31.4924
31.4844
31.4294
31.3386
31.3808
31.3246
31.3936
31.3529
31.3994
31.4046
31.4137
31.4228
31.4007
31.4479
31.5188
31.6034
31.5369
31.5355
31.6149
31.561
31.5943
31.6038
31.5277
31.5707
31.6052
31.7279
31.7294
31.7235
31.5998
31.5354
31.4708
31.5632
31.6136
31.6265
31.5982
31.5872
31.6262
31.6426
31.6581
31.7318
31.7171
31.659
31.6786
31.6925
31.6728
31.7553
31.7495
31.8419
31.7136
31.7371
31.7734
31.7157
31.7
31.7145
31.7912
31.8777
31.9108
31.8858
31.9339
31.8912
31.8174
31.8514
31.9007
31.8454
31.8209
31.7679
31.7756
31.7504
31.7344
31.7722
31.6298
31.518
31.5496
31.5842
31.5643
31.6202
31.5482
31.5521
31.5948
31.7107
31.7868
31.8842
31.9251
31.8855
31.9153
31.879
31.8545
31.7867
31.8002
31.8576
31.8018
31.7525
31.6921
31.7935
31.7672
31.8134
31.7981
31.8382
31.8849
31.9426
31.9375
32.0205
32.0174
32.0688
32.0743
32.0162
32.0003
32.0278
32.1252
32.0278
32.0038
31.9323
31.9462
31.9732
31.9161
31.8478
31.7653
31.8585
31.8427
31.8953
31.9666
31.9741
32.0282
31.9983
32.1014
32.0464
32.0628
32.1587
31.985
31.9909
32.0164
31.9649
32.0065
32.0778
32.0794
32.1131
32.116
32.1101
32.1096
32.0881
32.1199
31.9945
32.0238
32.0669
32.0884
32.1738
32.0447
32.0584
32.0722
32.1442
32.0987
32.0628
31.9348
31.916
31.8736
31.7762
31.8037
31.8184
31.7683
31.8781
31.8819
31.7582
31.7121
31.6908
31.7168
31.7488
31.6084
31.5851
31.6828
31.7127
31.7105
31.7798
31.8203
31.8372
31.8598
31.9034
31.8684
31.8615
31.8708
31.9231
31.9118
31.8329
31.8086
31.8429
31.7283
31.7788
31.7193
31.6399
31.7048
31.6324
31.6381
31.6526
31.6838
31.7471
31.8166
31.8741
31.7531
31.7646
31.846
31.8299
31.8197
31.9052
31.9385
32.0071
32.0378
31.8771
31.8746
31.8173
31.785
31.6876
31.688
31.7588
31.6687
31.6617
31.6955
31.6245
31.5997
31.562
31.5013
31.5382
31.4448
31.4326
31.487
31.315
31.2825
31.3368
31.1573
31.0945
31.2288
31.2398
31.2232
31.1551
31.1368
31.2049
31.2051
31.1252
31.0147
30.9187
30.9198
30.9521
31.0412
31.0403
31.0205
31.1125
31.111
31.1356
31.0764
31.0761
31.0757
31.2033
31.2891
31.2354
31.2448
31.2149
31.1312
31.1183
31.1548
31.2402
31.2442
31.2599
31.2682
31.2549
31.2989
31.3403
31.4268
31.5048
31.458
31.415
31.4195
31.4973
31.3449
31.3631
31.3698
31.272
31.2282
31.2581
31.2006
31.2433
31.2816
31.2042
31.2152
31.2508
31.2048
31.2403
31.2049
31.2191
31.2908
31.3814
31.3738
31.3186
31.3448
31.3254
31.4066
31.4435
31.4607
31.4795
31.4571
31.4575
31.522
31.5516
31.6575
31.7312
31.6975
31.6782
31.587
31.572
31.5168
31.5299
31.5626
31.6625
31.6907
31.7259
31.6587
31.7167
31.6948
31.7278
31.7568
31.6801
31.697
31.7304
31.7128
31.7631
31.7063
31.7036
31.6566
31.7025
31.714
31.6244
31.6253
31.6081
31.5924
31.5809
31.611
31.428
31.4843
31.5325
31.6149
31.5453
31.5408
31.5295
31.4843
31.5778
31.6101
31.6866
31.6772
31.6867
31.6778
31.6824
31.6802
31.6889
31.6389
31.5232
31.5185
31.4396
31.479
31.4906
31.4298
31.4011
31.4352
31.4104
31.368
31.3423
31.3589
31.2772
31.2399
31.2479
31.3523
31.2823
31.2521
31.25
31.2568
31.2065
31.1517
31.1344
31.0943
31.076
31.0349
30.9639
30.9978
30.9582
30.8649
30.8594
30.8561
30.8488
30.8386
30.9031
30.9093
30.8742
30.8984
30.8799
30.8427
30.8897
30.928
30.8579
30.8398
30.8599
30.8356
30.8255
30.899
30.8323
30.7559
30.7752
30.6239
30.6097
30.5565
30.5604
30.6016
30.5269
30.495
30.4346
30.4122
30.4815
30.5599
30.5265
30.552
30.5271
30.5575
30.5543
30.5794
30.5827
30.6051
30.6178
30.5825
30.6493
30.6633
30.5677
30.6263
30.4486
30.4019
30.3052
30.2735
30.3708
30.3485
30.36
30.2853
30.3028
30.3526
30.3384
30.3348
30.2983
30.2988
30.2448
30.1974
30.2061
30.2635
30.2368
30.2033
30.265
30.1687
30.231
30.2458
30.208
30.156
30.1011
30.0639
30.053
30.0529
30.1269
30.1724
30.1633
30.1559
30.166
30.1849
30.1619
30.2594
30.3537
30.4129
30.4146
30.4835
30.4304
30.4263
30.4806
30.3953
30.372
30.5047
30.5087
30.4823
30.5336
30.5102
30.489
30.5754
30.5823
30.6124
30.46
30.5238
30.5608
30.5872
30.5129
30.4513
30.516
30.594
30.4754
30.5229
30.5253
30.5528
30.5161
30.4617
30.5
30.5052
30.5096
30.4139
30.4664
30.5285
30.483
30.5316
30.5814
30.5165
30.5368
30.4586
30.5213
30.5934
30.6482
30.6179
30.5327
30.5625
30.5007
30.3421
30.242
30.3508
30.3518
30.3204
30.2932
30.3747
30.3644
30.4185
30.4364
30.5173
30.5515
30.6157
30.6654
30.6764
30.6819
30.7259
30.7672
30.823
30.7127
30.6893
30.7973
30.8763
30.7836
30.8462
30.8724
30.8521
30.9289
30.9284
30.8833
30.8476
30.835
30.8045
30.8011
30.8254
30.8599
30.7863
30.724
30.8366
30.7977
30.7705
30.8175
30.8229
30.8706
30.9412
30.9625
30.9852
30.969
31.073
31.0704
31.0447
31.0442
31.0737
31.1101
31.1097
31.0966
31.1342
31.1572
31.1338
31.1423
31.1795
31.1706
31.2461
31.3466
31.3259
31.375
31.3893
31.2803
31.3006
31.2425
31.2084
31.3172
31.3144
31.2645
31.2009
31.2184
31.1802
31.1558
31.1933
31.2531
31.2832
31.356
31.4094
31.4189
31.5229
31.5368
31.5463
31.4678
31.4545
31.4988
31.43
31.3899
31.435
31.3399
31.3577
31.3693
31.4209
31.4445
31.4249
31.4461
31.4489
31.4735
31.4255
31.4961
31.5145
31.5394
31.4592
31.5225
31.5733
31.5574
31.488
31.5706
31.51
31.5999
31.6851
31.7451
31.8057
31.9077
31.9339
31.945
31.9525
31.9293
31.7797
31.8368
31.8528
31.8885
31.9036
31.9017
31.9424
31.9596
31.8659
31.8192
31.7766
31.8612
31.9039
31.936
31.9925
31.9266
31.9288
31.9495
32.0135
32.0785
32.1271
32.1206
32.1733
32.2205
32.1998
32.2373
32.3291
32.2937
32.0999
31.9938
32.0799
32.0858
32.1224
32.0515
32.1527
32.175
32.0857
32.0569
32.1832
32.0964
32.1007
32.1838
32.1201
32.1809
32.1732
32.1992
32.2407
32.2523
32.1976
32.2238
32.3025
32.2482
32.3073
32.2459
32.2409
32.2015
32.2083
32.1457
32.1947
32.2004
32.1825
32.1315
32.0727
32.0314
32.0983
32.0438
32.1636
32.1393
32.0783
32.0957
32.1791
32.2235
32.269
32.2583
32.3028
32.2884
32.2827
32.3424
32.2961
32.37
32.3729
32.4346
32.5315
32.5096
32.5781
32.5839
32.4608
32.3934
32.3725
32.3633
32.3407
32.3866
32.4099
32.4426
32.4727
32.2819
32.2271
32.2307
32.3047
32.2936
32.414
32.4514
32.4208
32.4699
32.4686
32.4357
32.4035
32.3884
32.4276
32.3623
32.3196
32.3001
32.3798
32.249
32.3049
32.2287
32.3246
32.3044
32.4139
32.4545
32.3891
32.2309
32.2883
32.2844
32.3434
32.4114
32.5045
32.4833
32.4083
32.3061
32.2604
32.2402
32.1385
32.0401
31.8992
31.7949
31.8555
31.9016
31.8935
31.9415
31.9933
32.0359
32.1199
32.015
32.0495
32.0293
31.9565
31.9972
32.0144
31.9732
32.0585
31.9869
31.9347
31.9326
31.967
32.0318
32.0285
32.155
32.0791
32.1187
32.0292
31.982
31.8985
31.8442
31.7578
31.7421
31.7332
31.7764
31.8246
31.8608
31.8899
31.8419
31.8695
31.8174
31.7979
31.7942
31.8143
31.7869
31.7673
31.7704
31.7288
31.7603
31.8086
31.877
31.9002
31.9339
31.9267
31.9918
32.0187
32.0275
32.1172
32.1595
32.1424
32.1962
32.1781
32.1854
32.2123
32.1665
32.053
31.9972
32.123
32.1333
32.0894
32.1789
32.0388
32.0149
32.0079
32.0751
32.0779
32.0179
32.0472
32.0465
31.9781
32.0454
31.9825
31.9995
31.9074
31.9111
31.883
31.7882
31.737
31.6726
31.6627
31.6347
31.5761
31.5519
31.6148
31.5909
31.626
31.6854
31.7397
31.6426
31.5832
31.5165
31.5922
31.5458
31.4728
31.5287
31.6306
31.6629
31.6802
31.7841
31.6497
31.6314
31.6767
31.752
31.7574
31.8048
31.8187
31.7035
31.6971
31.6239
31.6314
31.6902
31.7662
31.6617
31.6527
31.6324
31.6945
31.6097
31.6313
31.7042
31.8028
31.8495
31.813
31.8737
31.8462
31.8125
31.7722
31.8237
31.8421
31.7487
31.7377
31.8204
31.738
31.7087
31.666
31.7106
31.8211
31.8581
31.8739
31.9096
31.9006
31.926
32.0225
32.0393
32.0335
31.9961
31.9467
31.9649
31.9917
31.951
31.9628
31.9269
32.0089
32.0822
31.9055
31.9874
32.09
32.1444
32.1365
32.2268
32.1832
32.2074
32.266
32.2711
32.3478
32.2977
32.3739
32.4228
32.4005
32.3013
32.4112
32.4355
32.4105
32.4746
32.4905
32.4263
32.4761
32.5089
32.4361
32.4544
32.4955
32.5196
32.5203
32.5733
32.5728
32.5683
32.6091
32.6359
32.624
32.4831
32.5493
32.5987
32.5267
32.5768
32.5081
32.5254
32.5803
32.631
32.5848
32.6417
32.6425
32.6613
32.6241
32.5872
32.5599
32.5697
32.5178
32.5311
32.5407
32.5683
32.6112
32.5313
32.6007
32.5502
32.632
32.6447
32.6255
32.6962
32.6985
32.6896
32.668
32.6739
32.5305
32.5398
32.5683
32.5747
32.5165
32.5816
32.6054
32.618
32.691
32.6184
32.5959
32.5679
32.6163
32.6551
32.5576
32.5361
32.4153
32.4373
32.4617
32.4745
32.5113
32.5298
32.4337
32.4357
32.554
32.5488
32.569
32.6034
32.6384
32.6128
32.666
32.6197
32.5325
32.5506
32.4358
32.2933
32.3681
32.3023
32.2215
32.1935
32.21
32.2136
32.3178
32.3167
32.4091
32.5068
32.5036
32.594
32.5463
32.5898
32.6065
32.7208
32.644
32.5891
32.5577
32.5067
32.527
32.5528
32.5447
32.6333
32.6219
32.6327
32.6529
32.6983
32.773
32.7311
32.7967
32.8126
32.8226
32.9379
33.0071
33.0438
33.0972
33.0466
33.0148
32.9249
32.883
32.8717
32.8723
32.8004
32.8621
32.8816
32.887
32.9429
32.9314
32.9152
32.9333
32.8135
32.8147
32.6931
32.7129
32.7554
32.7313
32.6873
32.7178
32.7202
32.6579
32.7108
32.6954
32.7596
32.68
32.687
32.6444
32.5582
32.5474
32.5331
32.3959
32.363
32.3694
32.3819
32.4288
32.4962
32.5658
32.5511
32.4495
32.4739
32.4464
32.4205
32.3857
32.3556
32.4505
32.4908
32.4281
32.4516
32.3367
32.4074
32.45
32.351
32.2365
32.2662
32.2951
32.1795
32.072
32.1221
32.1205
32.0831
32.1665
32.2333
32.2829
32.312
32.1749
32.1735
32.1299
32.1602
32.1826
32.154
32.1821
32.187
32.2017
32.0736
32.1336
32.1039
32.2035
32.1585
32.2449
32.286
32.3109
32.3419
32.3098
32.3847
32.3868
32.3938
32.4385
32.4257
32.4532
32.3958
32.4819
32.4888
32.5332
32.5187
32.3762
32.4293
32.5224
32.4747
32.5217
32.4365
32.3207
32.2711
32.2928
32.3263
32.386
32.3477
32.3402
32.3009
32.3636
32.4193
32.4498
32.3963
32.3634
32.42
32.3951
32.4255
32.3637
32.3812
32.4282
32.509
32.4644
32.4205
32.4843
32.4941
32.4802
32.5763
32.5792
32.6181
32.5489
32.6136
32.5493
32.5555
32.5832
32.5668
32.5777
32.525
32.6035
32.6026
32.5231
32.5053
32.61
32.555
32.6218
32.5881
32.5287
32.4877
32.5652
32.5675
32.6318
32.6081
32.6178
32.6143
32.5747
32.4721
32.4042
32.4742
32.4139
32.4074
32.4151
32.4351
32.2843
32.3821
32.3383
32.2992
32.3674
32.3123
32.2196
32.1766
32.1258
32.1053
31.9939
32.0029
32.0794
32.1159
32.0445
31.9419
31.8303
31.8705
31.8052
31.806
31.8179
31.8465
31.8566
31.8843
31.8368
31.8481
31.8582
31.7981
31.8223
31.8659
31.8733
31.8044
31.8055
31.9136
31.9742
31.9957
32.0138
32.0847
32.057
32.0773
32.098
32.0287
32.0321
32.0541
32.0021
31.994
32.0436
32.0799
32.0043
32.0123
32.0375
32.0671
32.1396
32.1677
32.134
32.1321
32.0925
32.1357
32.1437
32.1566
32.1196
32.1543
32.0953
32.1603
32.2859
32.2545
32.2995
32.3318
32.4026
32.4612
32.4043
32.4184
32.4401
32.35
32.3281
32.2765
32.2253
32.2118
32.291
32.3407
32.3005
32.3296
32.3741
32.3663
32.4486
32.4978
32.4582
32.4755
32.5543
32.6171
32.6813
32.6431
32.6964
32.6742
32.7112
32.7483
32.666
32.6377
32.6526
32.6643
32.6505
32.6741
32.5869
32.623
32.7484
32.6803
32.48
32.4823
32.3908
32.3575
32.3971
32.3887
32.3508
32.4481
32.4858
32.3547
32.4208
32.4845
32.5038
32.5111
32.5743
32.625
32.4719
32.4837
32.4335
32.445
32.4216
32.4998
32.4607
32.457
32.526
32.4184
32.4263
32.4198
32.4073
32.2968
32.4089
32.4455
32.4787
32.464
32.4691
32.5607
32.6585
32.7117
32.6544
32.6429
32.6378
32.6414
32.7108
32.6802
32.7248
32.7322
32.7458
32.7795
32.5406
32.5043
32.4761
32.4553
32.2731
32.2799
32.2586
32.23
32.1996
32.1486
32.1459
32.1914
32.2456
32.3041
32.3443
32.2356
32.1574
32.2132
32.247
32.2071
32.1089
32.0986
32.051
32.0811
32.03
32.119
32.1526
32.142
32.1893
32.1595
32.2077
32.2099
32.2013
32.1759
32.1956
32.1966
32.252
32.2626
32.2469
32.2876
32.3046
32.2382
32.174
32.1932
32.248
32.198
32.2348
32.2362
32.2279
32.1996
32.2799
32.338
32.3949
32.288
32.2836
32.1604
32.1478
32.1134
32.1474
32.0953
32.1754
32.1323
32.0821
32.1327
32.1998
32.2955
32.279
32.2003
32.2377
32.2813
32.3039
32.3002
32.3491
32.3736
32.4337
32.4294
32.3495
32.393
32.3845
32.4117
32.4377
32.4169
32.3197
32.2129
32.2364
32.2809
32.2784
32.3108
32.1773
32.1468
32.1907
32.1717
32.1983
32.1876
32.1559
32.1633
32.0787
32.0253
32.0706
32.1139
32.1085
32.0871
32.1768
32.1533
32.1335
32.1822
32.2505
32.2294
32.1867
32.028
31.9706
31.8507
31.8321
31.8203
31.9151
31.9064
31.9492
31.9984
32.0079
31.9461
31.9686
31.9715
31.973
32.0582
32.0536
32.1344
32.1314
32.1821
32.2371
32.1438
32.1937
32.2729
32.2478
32.1376
32.232
32.2938
32.3313
32.3208
32.363
32.2511
32.2685
32.2789
32.234
32.2162
32.2055
32.171
32.1997
32.2886
32.292
32.2535
32.3005
32.3449
32.3247
32.3787
32.4406
32.45
32.4468
32.4631
32.4952
32.5006
32.5027
32.4699
32.3878
32.3852
32.4282
32.473
32.4328
32.4427
32.4665
32.4447
32.329
32.3851
32.3943
32.3943
32.3864
32.3607
32.384
32.3878
32.2751
32.167
32.2631
32.2928
32.2065
32.255
32.3329
32.3842
32.2651
32.342
32.2124
32.3112
32.3
32.362
32.3576
32.3835
32.2211
32.2765
32.334
32.3309
32.42
32.4239
32.4029
32.4286
32.402
32.4201
32.4464
32.4699
32.441
32.5219
32.5792
32.5728
32.5611
32.5064
32.5643
32.5041
32.5436
32.5957
32.583
32.4585
32.4262
32.4537
32.4911
32.5637
32.5821
32.4554
32.3493
32.3404
32.4227
32.3967
32.3971
32.3931
32.3961
32.4107
32.3737
32.3161
32.3202
32.3069
32.353
32.4046
32.3734
32.4288
32.4961
32.5322
32.558
32.512
32.5602
32.5688
32.4622
32.5468
32.6202
32.6116
32.5826
32.6505
32.5728
32.6029
32.5418
32.6154
32.5414
32.5618
32.5841
32.6773
32.6333
32.5154
32.4439
32.4869
32.4362
32.4598
32.5283
32.5516
32.6197
32.59
32.6177
32.6822
32.7132
32.7719
32.7398
32.7532
32.7127
32.6539
32.6045
32.6415
32.5486
32.5729
32.5243
32.4831
32.4935
32.5041
32.5392
32.5246
32.5377
32.6093
32.5974
32.5879
32.6299
32.5406
32.5447
32.526
32.5087
32.5247
32.4766
32.5221
32.5161
32.4452
32.2945
32.3233
32.2648
32.3222
32.3958
32.428
32.4117
32.4114
32.3475
32.2344
32.2448
32.2689
32.092
32.1774
32.241
32.2514
32.3167
32.2737
32.2448
32.2376
32.272
32.3568
32.3458
32.2389
32.2566
32.2273
32.2605
32.0892
32.1185
32.1276
32.1515
32.0843
32.0667
32.1392
32.12
32.0141
32.0051
32.0183
32.0522
32.0442
32.0718
32.046
32.046
32.098
32.1109
32.022
31.9953
31.9974
31.9731
32.0675
32.0367
31.9925
32.0173
31.9604
31.9457
31.8603
31.7509
31.8368
31.903
31.9661
31.9243
31.797
31.8145
31.8812
31.8367
31.8592
31.8416
31.7829
31.6596
31.5982
31.6529
31.6731
31.6877
31.7638
31.8328
31.9416
31.9192
31.9614
31.9256
31.8662
31.9723
31.9322
32.0338
32.0839
32.1885
32.2307
32.1124
32.0964
32.1491
32.0821
32.0486
32.0058
32.0314
32.1096
32.1855
32.2284
32.2352
32.3051
32.3382
32.3935
32.3324
32.361
32.3534
32.3213
32.2464
32.2297
32.2073
32.154
32.1291
32.223
32.1614
32.1068
32.0747
32.0658
32.0214
31.9845
31.9358
31.9295
31.9366
31.9745
31.9578
32.0361
31.9352
31.9693
32.0067
31.9816
32.0321
32.0544
32.0697
32.0413
32.0697
32.0559
32.0493
32.0104
32.0596
32.102
32.0339
31.8964
31.8693
31.7425
31.7821
31.7297
31.7718
31.7651
31.8148
31.8653
31.8637
31.8834
31.8971
31.9523
31.945
31.9712
31.9874
31.9781
31.9835
31.9646
31.9332
31.8937
31.9457
31.8568
31.7766
31.8218
31.8939
31.9252
31.8937
31.8961
31.9805
31.7834
31.7363
31.8297
31.8698
31.8451
31.8722
31.9317
32.0318
32.0678
32.0434
31.9907
31.9813
31.9304
31.8423
31.9368
31.9842
31.983
32.1013
32.0626
32.1106
32.1111
32.1673
32.124
32.0024
32.0022
32.0251
32.0581
32.0849
32.0584
32.1181
32.1566
32.2113
32.2633
32.322
32.3239
32.4207
32.3774
32.3264
32.3294
32.2779
32.2076
32.1721
32.1526
32.1903
32.2612
32.3129
32.3105
32.3604
32.3698
32.4019
32.4291
32.4824
32.5096
32.5527
32.5355
32.5302
32.5958
32.6526
32.5027
32.5365
32.6152
32.6943
32.7499
32.7671
32.8691
32.7912
32.8252
32.7957
32.5706
32.654
32.7491
32.6725
32.7039
32.6512
32.5882
32.6068
32.5754
32.6161
32.6965
32.602
32.6875
32.6784
32.6481
32.6821
32.6548
32.6258
32.6722
32.6289
32.6808
32.6909
32.5405
32.6111
32.5945
32.5146
32.5148
32.531
32.475
32.5521
32.5172
32.5345
32.4854
32.5468
32.5035
32.4315
32.422
32.4491
32.5035
32.5525
32.3265
32.3688
32.361
32.3685
32.3404
32.3545
32.382
32.4326
32.4615
32.4148
32.5124
32.5472
32.6423
32.6423
32.6833
32.6562
32.6583
32.6413
32.614
32.5378
32.6029
32.5198
32.6233
32.6126
32.5812
32.576
32.6373
32.6172
32.6393
32.5333
32.477
32.5563
32.5677
32.4412
32.424
32.4612
32.4847
32.4284
32.5067
32.4564
32.4405
32.4567
32.3511
32.3146
32.4047
32.2017
32.1415
32.1179
32.1675
32.112
32.1836
32.1343
31.989
31.9565
31.8558
31.8209
31.8417
31.9058
31.9025
31.977
31.9847
32.0414
32.0911
32.0148
32.0607
32.1041
32.0772
32.1461
32.1597
32.1642
32.2156
32.275
32.2528
32.2644
32.3047
32.3644
32.3615
32.3907
32.3933
32.2367
32.3369
32.3686
32.409
32.4587
32.4255
32.3535
32.2467
32.2495
32.3457
32.3255
32.3936
32.3978
32.473
32.4135
32.4395
32.4105
32.3944
32.4669
32.5154
32.5353
32.6046
32.5303
32.5247
32.4867
32.4534
32.448
32.4605
32.4165
32.4447
32.412
32.4358
32.4053
32.318
32.3494
32.3551
32.2622
32.1693
32.1898
32.1789
32.0723
32.0642
32.1153
32.0256
32.0865
32.1
32.118
32.1789
32.174
32.1519
32.1686
32.2083
32.1968
32.171
32.0859
32.0578
32.0861
32.1242
32.165
32.1782
32.2008
32.2978
32.2602
32.2433
32.1458
32.2086
32.2338
32.2936
32.3074
32.3588
32.3963
32.3388
32.3313
32.2968
32.3732
32.4944
32.5074
32.4499
32.4505
32.3785
32.3314
32.3543
32.3995
32.3498
32.3067
32.3147
32.4038
32.4099
32.5202
32.5413
32.5504
32.5823
32.5823
32.448
32.4366
32.4343
32.4338
32.487
32.4809
32.5328
32.5859
32.6454
32.5713
32.5735
32.5956
32.5635
32.6247
32.635
32.6769
32.67
32.6573
32.6768
32.6996
32.7317
32.734
32.7976
32.7196
32.6548
32.7033
32.7016
32.7046
32.66
32.6681
32.6985
32.739
32.6864
32.8064
32.7569
32.7974
32.7515
32.8021
32.8785
32.9255
32.9147
32.9967
33.0876
33.0543
33.0147
33.0959
33.0667
33.0209
33.0806
33.1933
33.205
33.1711
33.2432
33.251
33.3286
33.3306
33.363
33.3143
33.4153
33.4174
33.2925
33.3064
33.2758
33.148
33.2952
33.2575
33.2685
33.2455
33.2181
33.2496
33.3114
33.3273
33.3693
33.4034
33.4049
33.4592
33.4793
33.4692
33.5128
33.5255
33.5162
33.4516
33.453
33.4237
33.4955
33.4487
33.3839
33.3761
33.3916
33.3113
33.3515
33.3464
33.4142
33.4044
33.4424
33.4017
33.4609
33.4575
33.5575
33.5316
33.5516
33.5231
33.4982
33.5699
33.6282
33.529
33.5523
33.4596
33.5354
33.5555
33.6371
33.5689
33.5288
33.5604
33.5106
33.4897
33.4739
33.5009
33.5153
33.58
33.5115
33.6164
33.581
33.567
33.667
33.6894
33.6754
33.7297
33.6943
33.7307
33.747
33.8594
33.7749
33.7728
33.597
33.6438
33.6309
33.6995
33.6396
33.6161
33.6238
33.7142
33.7231
33.6709
33.6387
33.5974
33.6686
33.7389
33.7672
33.6938
33.7519
33.7625
33.8219
33.7947
33.8177
33.8346
33.8931
33.8887
33.8918
33.9274
33.9666
33.9525
33.9024
33.9241
33.9389
34.0097
33.9464
33.8982
33.8857
33.8356
33.8838
33.9235
33.8839
33.9141
33.9285
33.9249
33.9157
33.9725
33.9657
33.8746
33.8162
33.7857
33.7779
33.7899
33.7627
33.7074
33.755
33.7091
33.6547
33.5886
33.5587
33.5576
33.5874
33.5775
33.509
33.5623
33.5662
33.528
33.3469
33.3484
33.3022
33.3786
33.3688
33.2885
33.3771
33.4563
33.4925
33.441
33.454
33.4837
33.4965
33.4953
33.5485
33.5128
33.5661
33.6505
33.6545
33.6077
33.6043
33.6244
33.5514
33.5252
33.5799
33.6128
33.6689
33.5434
33.4418
33.448
33.5261
33.4407
33.4857
33.4027
33.508
33.5809
33.5189
33.5235
33.5063
33.4312
33.3681
33.3921
33.4171
33.4763
33.3889
33.4651
33.5041
33.5623
33.5459
33.6166
33.494
33.4149
33.3836
33.4219
33.4955
33.48
33.4964
33.5164
33.5108
33.5249
33.4452
33.5008
33.5051
33.4403
33.2739
33.1639
33.1427
33.1564
33.0009
33.0386
33.0922
33.1589
33.0216
32.9762
32.9246
32.9456
32.8699
32.8767
32.8308
32.8404
32.8008
32.8793
32.8944
32.9811
32.9555
32.9644
33.0514
33.0892
33.157
33.0548
33.0575
33.1082
33.1644
33.1267
33.1736
33.1725
33.1858
33.1167
32.8484
32.937
32.9376
32.9679
32.9287
32.929
32.9199
32.917
32.9528
33.0576
33.0345
32.9916
33.0865
33.0009
33.029
32.9253
32.8865
32.8466
32.8192
32.7047
32.6398
32.5839
32.5172
32.5468
32.5465
32.4345
32.468
32.3832
32.3786
32.266
32.1806
32.2027
32.1916
32.1857
32.2852
32.1995
32.1654
32.1254
32.1863
32.1955
32.215
32.1507
32.0104
31.937
31.8731
31.8075
31.8184
31.6973
31.6711
31.7099
31.7351
31.8013
31.7956
31.8514
31.8314
31.9192
31.9288
31.9088
31.9951
32.0161
31.9994
31.9669
31.8492
31.8839
31.9519
31.978
32.1109
32.172
32.248
32.2405
32.1871
32.2783
32.2647
32.2786
32.2553
32.2179
32.2834
32.2814
32.2783
32.303
32.2294
32.2321
32.2551
32.2633
32.151
32.2169
32.1659
32.1788
32.1732
32.236
32.2174
32.2452
32.2486
32.2425
32.3259
32.3492
32.3763
32.3384
32.361
32.2715
32.166
32.162
32.1884
32.1872
32.1345
32.0352
32.1454
32.1942
32.0518
32.1041
32.1035
32.0745
32.1109
32.1052
32.0331
32.0649
32.0865
32.0738
32.0042
31.9335
31.9294
31.9699
32.0134
32.0431
32.0229
31.9639
32.0065
31.9558
31.9736
31.9586
31.9916
31.9324
31.9703
31.9526
31.9637
31.9073
31.8083
31.8797
31.9338
31.8326
31.8169
31.8335
31.7449
31.7178
31.6735
31.7043
31.7709
31.8024
31.7717
31.7939
31.8276
31.8195
31.792
31.7199
31.6689
31.7435
31.6594
31.6982
31.6225
31.7149
31.6937
31.7121
31.705
31.5885
31.6809
31.5097
31.4743
31.432
31.3429
31.4129
31.427
31.3726
31.3679
31.3412
31.2985
31.2416
31.2626
31.2464
31.2892
31.3581
31.3846
31.4084
31.4041
31.4063
31.3539
31.2595
31.3424
31.367
31.4122
31.4073
31.3791
31.3049
31.3278
31.3074
31.3716
31.484
31.5763
31.5739
31.4696
31.4905
31.5785
31.5967
31.6164
31.6074
31.4989
31.457
31.4794
31.5966
31.4023
31.4359
31.3426
31.3758
31.3507
31.3666
31.3926
31.4296
31.4627
31.4992
31.5379
31.5802
31.6069
31.6459
31.6626
31.6554
31.6487
31.5135
31.4791
31.5483
31.4738
31.5039
31.4612
31.4264
31.4845
31.5106
31.5893
31.5823
31.5313
31.571
31.5378
31.5921
31.6508
31.6352
31.6009
31.6317
31.5381
31.5612
31.5641
31.5527
31.6176
31.5573
31.4753
31.4447
31.4518
31.4025
31.37
31.4094
31.3309
31.3189
31.3557
31.3069
31.361
31.3431
31.3767
31.3913
31.4168
31.4937
31.4913
31.3935
31.393
31.35
31.302
31.1568
31.1687
31.1484
31.1873
31.2011
31.1666
31.1061
31.0597
31.0599
31.1023
31.1155
31.0227
31.0807
31.1352
31.0678
31.0653
31.0603
31.0945
31.1531
31.1795
31.1594
31.1963
31.2551
31.3334
31.352
31.4125
31.4428
31.3491
31.2795
31.2142
31.3232
31.3515
31.3101
31.2647
31.3535
31.2983
31.3129
31.4026
31.3907
31.3354
31.3547
31.2419
31.2481
31.296
31.2967
31.1781
31.1923
31.1467
31.0521
31.0548
31.0071
30.9733
31.038
31.0635
31.1133
31.0973
31.0797
31.1339
31.1031
31.1142
31.1252
31.184
31.1387
31.1629
31.2162
31.18
31.262
31.2089
31.2004
31.1625
31.2441
31.2112
31.2757
31.3273
31.3532
31.4321
31.4522
31.375
31.4843
31.5144
31.6441
31.6323
31.6386
31.5747
31.6054
31.561
31.5924
31.5506
31.5442
31.5831
31.5657
31.6479
31.5846
31.5756
31.5104
31.5374
31.602
31.4886
31.4953
31.549
31.5775
31.641
31.6294
31.6504
31.6827
31.5556
31.5986
31.6067
31.6283
31.5926
31.6402
31.5661
31.6167
31.6635
31.7171
31.7306
31.8002
31.7028
31.6673
31.6972
31.7033
31.6522
31.6181
31.687
31.7141
31.7559
31.6981
31.7417
31.7512
31.6788
31.5792
31.583
31.5227
31.4652
31.5415
31.6063
31.6037
31.5299
31.4611
31.4533
31.4517
31.2903
31.3261
31.3191
31.3994
31.5025
31.6261
31.6319
31.5894
31.6296
31.7118
31.7131
31.7422
31.7931
31.82
31.802
31.8492
31.8549
31.7169
31.646
31.715
31.7603
31.7973
31.8217
31.8094
31.7863
31.8561
31.8324
31.7191
31.7403
31.6896
31.6403
31.6946
31.6597
31.6648
31.7554
31.7906
31.8667
31.9361
31.9144
31.9347
31.9969
31.8853
31.9531
31.9308
31.8011
31.7736
31.8337
31.8537
31.7221
31.7267
31.6876
31.6801
31.6869
31.7066
31.6852
31.7203
31.7117
31.6802
31.5973
31.5223
31.5291
31.4446
31.49
31.4504
31.5394
31.5702
31.6226
31.55
31.5218
31.5662
31.7065
31.6779
31.7147
31.6181
31.5422
31.5191
31.5602
31.5647
31.6017
31.6131
31.5662
31.5597
31.6385
31.7098
31.6249
31.6621
31.7143
31.7334
31.6817
31.6844
31.7771
31.7669
31.7482
31.714
31.6937
31.6605
31.662
31.6793
31.7011
31.6838
31.6328
31.6786
31.6087
31.6584
31.6528
31.7222
31.6419
31.6953
31.7306
31.7422
31.6771
31.7305
31.7158
31.7662
31.6699
31.5961
31.5645
31.6273
31.6174
31.5937
31.5717
31.645
31.71
31.6902
31.7781
31.7399
31.7842
31.8689
31.8614
31.8121
31.885
31.9508
31.9897
31.9681
31.9228
31.9826
32.0502
32.0543
31.9449
31.9772
31.9806
32.0114
32.0438
32.0954
32.0984
32.0519
32.0163
31.982
32.0655
31.9527
31.9398
31.9426
31.9431
31.9213
31.9676
31.8815
31.8035
31.8664
31.9166
31.9151
31.9936
31.9309
31.8711
31.7726
31.7117
31.7361
31.8248
31.7609
31.7551
31.6754
31.7077
31.6889
31.6668
31.6847
31.7113
31.7011
31.6784
31.5852
31.571
31.5673
31.3174
31.2863
31.198
31.2216
31.264
31.2463
31.3273
31.2529
31.2371
31.1423
31.0871
31.1121
31.1126
31.0554
31.1638
31.1821
31.0214
31.0519
30.9848
30.9488
30.9934
30.9614
30.9323
30.9124
30.858
30.8867
30.8601
30.8778
30.9124
30.9448
30.9348
30.9562
30.9034
30.868
30.8887
30.8278
30.8316
30.9081
30.9998
30.9925
31.0229
30.8323
30.7958
30.8104
30.7599
30.7249
30.7859
30.7651
30.795
30.8916
30.8739
30.8708
30.8939
30.8733
30.7884
30.8094
30.7935
30.8288
30.9291
30.932
30.9191
30.8861
30.8633
30.702
30.6126
30.6067
30.6265
30.6506
30.6804
30.6924
30.6695
30.6413
30.6913
30.7501
30.5649
30.5846
30.5424
30.5121
30.4892
30.5293
30.5137
30.5607
30.5633
30.391
30.4573
30.4134
30.3869
30.3074
30.2611
30.1855
30.2171
30.1672
30.2368
30.2633
30.3002
30.2254
30.3497
30.4008
30.4338
30.4547
30.3929
30.4481
30.5576
30.528
30.445
30.5092
30.5817
30.5642
30.6082
30.6691
30.6149
30.4678
30.4118
30.3946
30.4499
30.5011
30.447
30.3395
30.4103
30.4344
30.4423
30.4624
30.37
30.342
30.4643
30.4076
30.3981
30.4653
30.4262
30.4334
30.4455
30.5087
30.4398
30.4597
30.4974
30.4621
30.4599
30.4771
30.5413
30.5548
30.6212
30.6378
30.7072
30.7163
30.6276
30.6455
30.7172
30.6917
30.7562
30.7842
30.8016
30.8865
30.8066
30.8646
30.8334
30.8611
30.8366
30.914
30.8907
30.8749
30.9287
30.9646
30.9322
30.8739
30.8877
30.8454
30.8629
30.9288
30.9083
30.9019
30.9532
31.0495
31.0094
31.1044
31.0908
31.1178
31.1707
31.1647
31.1482
31.1412
31.1699
31.1342
31.1929
31.2327
31.2555
31.2942
31.3516
31.3825
31.3759
31.3796
31.3456
31.3764
31.3352
31.4032
31.4371
31.4667
31.4351
31.3652
31.4391
31.4937
31.6075
31.5907
31.721
31.7766
31.8058
31.7971
31.767
31.7502
31.793
31.8575
31.7541
31.689
31.7584
31.8116
31.7882
31.797
31.7569
31.7178
31.6933
31.6954
31.6734
31.6196
31.597
31.6597
31.705
31.6995
31.735
31.5547
31.5774
31.6211
31.5487
31.6245
31.5676
31.5818
31.6608
31.6995
31.7138
31.6937
31.6375
31.7004
31.6476
31.603
31.5567
31.5488
31.5867
31.6526
31.6034
31.627
31.6323
31.5436
31.5721
31.5199
31.5176
31.4026
31.3956
31.4509
31.4634
31.4027
31.3645
31.4287
31.4145
31.3973
31.4334
31.4434
31.5215
31.4851
31.5069
31.5027
31.5328
31.5056
31.5266
31.6067
31.63
31.6106
31.6474
31.5941
31.5771
31.644
31.7221
31.8018
31.8326
31.7767
31.7523
31.8202
31.8711
31.8729
31.8833
31.9148
31.9976
32.0032
32.0911
32.1327
32.091
32.0389
32.0097
32.0412
32.1475
32.0797
32.0784
32.0726
32.0747
32.1501
32.1922
32.2204
32.2589
32.2694
32.3125
32.3243
32.3102
32.3014
32.2319
