0
0.000229142
0.000741937
0.000548879
0.00146925
0.00251204
0.00269205
0.00337446
0.00248702
0.00290362
0.00210896
0.00346948
0.00274268
0.00632231
0.00416536
0.00397446
0.00834659
0.00582849
0.00720133
0.00587952
0.00500726
0.00544518
0.0110531
0.0137215
0.00726938
0.0106752
0.0112755
0.00669319
0.00910062
0.00660494
0.00576738
0.00822286
0.0145275
0.0111302
0.00824011
0.0131144
0.0105661
0.0104347
0.00717676
0.00514415
0.00955821
0.0113634
0.0090215
0.00840283
0.0144166
0.0119497
0.0156676
0.013383
0.0154132
0.0128553
0.0117963
0.0104226
0.0153531
0.0207393
0.0169518
0.0132053
0.0204311
0.0149745
0.0209211
0.0199238
0.0178104
0.017719
0.0190119
0.0192633
0.0189483
0.013637
0.017575
0.0251578
0.0222925
0.0146079
0.0153901
0.0237422
0.0210305
0.015271
0.0150002
0.0200117
0.0220307
0.0170555
0.0152503
0.0266814
0.0223005
0.022208
0.0294721
0.0236358
0.01552
0.0202121
0.0233104
0.0224418
0.0261639
0.0262155
0.022209
0.0267471
0.0227607
0.0195254
0.0245863
0.0255323
0.0251454
0.019389
0.0271558
0.0198249
0.0309106
0.0163744
0.0141146
0.0138046
0.0352061
0.0235076
0.0292077
0.0339595
0.0189976
0.0244006
0.0318697
0.0234509
0.0278523
0.0253899
0.0274108
0.0277213
0.0282466
0.0268413
0.0214281
0.0206798
0.0278424
0.0409483
0.0337489
0.0208534
0.0313149
0.0205457
0.0294727
0.0429614
0.037031
0.0343914
0.0177649
0.027257
0.0337909
0.0378754
0.0394874
0.0372609
0.0336268
0.0424099
0.0392714
0.0321111
0.0290919
0.0123786
0.0376603
0.0365035
0.0394544
0.0362118
0.0415713
0.0290975
0.0301722
0.032895
0.0374259
0.0464437
0.0377001
0.0336165
0.0238798
0.0279059
0.0241626
0.0379988
0.0341015
0.0221716
0.0310274
0.0299589
0.0427611
0.028117
0.0422292
0.0397742
0.0526481
0.0356551
0.0293805
0.0309692
0.0512527
0.034212
0.0524772
0.036943
0.0383113
0.0375557
0.0379594
0.0479648
0.0400619
0.047848
0.0340015
0.0452551
0.0223196
0.0407876
0.03343
0.0485149
0.0385491
0.035313
0.0384874
0.024031
0.0426541
0.0436438
0.0288739
0.0444048
0.0394955
0.0461922
0.0380296
0.0473042
0.0451927
0.036999
0.0491024
0.0329475
0.0352219
0.0484287
0.0432984
0.0427806
0.0486462
0.0543241
0.0364582
0.0319528
0.0393454
0.0296836
0.0364663
0.0402075
0.0248454
0.0322092
0.0378943
0.0514611
0.048091
0.0405843
0.045679
0.0496641
0.0377491
0.0527692
0.0526306
0.0483986
0.0440119
0.0442369
0.0592853
0.0381074
0.0404339
0.0426376
0.0362293
0.0377462
0.0435245
0.0407154
0.0665152
0.053241
0.0536285
0.0492787
0.0393208
0.0382964
0.039476
0.0373508
0.0424796
0.0529303
0.0568679
0.0618912
0.0521822
0.0460777
0.0531734
0.0672928
0.0313307
0.0348376
0.0440416
0.0560187
0.044991
0.0557907
0.0427072
0.0574585
0.0520156
0.0384256
0.0502717
0.0540506
0.0522404
0.0457252
0.0658396
0.0527938
0.0535193
0.0610929
0.0509466
0.0544676
0.0533467
0.0521001
0.0626913
0.0747745
0.0544668
0.0409061
0.0537796
0.0597456
0.0537434
0.0418017
0.0562209
0.0314398
0.042536
0.0558643
0.0528939
0.0497934
0.037599
0.0448723
0.0617827
0.0554039
0.036908
0.0522189
0.0480991
0.0470767
0.0447202
0.0385644
0.0516928
0.061929
0.038531
0.0621277
0.0467422
0.0534859
0.0648564
0.0526085
0.0491179
0.0481806
0.0508327
0.0523696
0.0400128
0.0494583
0.0399721
0.0437987
0.0387461
0.0431381
0.0549513
0.0407185
0.0628204
0.0554938
0.0530437
0.0434158
0.0535336
0.050279
0.0529559
0.0576791
0.066321
0.0618095
0.0676936
0.0469029
0.0436342
0.039682
0.0649393
0.064563
0.0647763
0.0648855
0.0294741
0.0520938
0.0391554
0.0536168
0.0397956
0.0579905
0.0675396
0.0600355
0.060514
0.0544555
0.0881985
0.0826829
0.0581952
0.0673971
0.0416847
0.0494979
0.0451191
0.0628207
0.033322
0.0411151
0.06232
0.0834329
0.0517876
0.0616299
0.0428777
0.0594691
0.05381
0.071718
0.0624913
0.0618907
0.039089
0.0572314
0.0724209
0.0734374
0.0559402
0.0858682
0.046985
0.0578749
0.0469805
0.0455935
0.0375722
0.0520819
0.0413806
0.0532983
0.0592279
0.0407021
0.041485
0.0544356
0.0482452
0.0574279
0.0556379
0.0384739
0.0640421
0.0618351
0.032186
0.0594486
0.0285306
0.0776473
0.0446146
0.066956
0.0401982
0.0359986
0.0588149
0.0759928
0.0640992
0.0602374
0.0444013
0.0509823
0.0568699
0.0526505
0.0674512
0.0469073
0.0698177
0.0729629
0.0524197
0.0602392
0.0587517
0.0503718
0.0594574
0.0607732
0.0540468
0.0405531
0.0388449
0.0598145
0.0644762
0.0572684
0.0768073
0.0761532
0.0723392
0.0518563
0.0287813
0.0764893
0.0519485
0.0564707
0.0638153
0.0512614
0.0449277
0.0269944
0.0527242
0.0439953
0.0591898
0.0502795
0.0694754
0.0565547
0.0537797
0.074261
0.0534684
0.0513627
0.0602237
0.0545728
0.0401759
0.0701014
0.0458426
0.0621331
0.0651068
0.0697865
0.0457057
0.0499978
0.0699859
0.0668221
0.0702341
0.0614348
0.0682986
0.076806
0.0814747
0.0761233
0.0594789
0.0555668
0.0843946
0.0672677
0.0830175
0.0872608
0.0352061
0.0721959
0.0675731
0.0587401
0.086976
0.0793094
0.0620686
0.0670868
0.0495763
0.0476623
0.0668427
0.0439054
0.0559596
0.0707666
0.0749187
0.0646184
0.0558114
0.0456863
0.0620197
0.039884
0.0866891
0.0537024
0.0550488
0.0746828
0.0869621
0.0856193
0.0658915
0.0645652
0.0818852
0.0678726
0.0739554
0.0879513
0.0510456
0.0503457
0.0814292
0.0620218
0.0543411
0.055696
0.0737832
0.0476422
0.0803029
0.073181
0.0614694
0.0636102
0.0808187
0.0429187
0.0707754
0.0616188
0.056715
0.075551
0.0879822
0.0683979
0.0829687
0.0680982
0.0454249
0.0574017
0.0689626
0.0759845
0.0552461
0.0500302
0.051395
0.0624424
0.0662706
0.052589
0.0742935
0.0573559
0.0553061
0.0380374
0.0621255
0.0497508
0.0871565
0.0545181
0.082117
0.0569702
0.0692221
0.0624493
0.0883147
0.0663794
0.0521824
0.0802107
0.073469
0.0369068
0.0668331
0.0671082
0.043628
0.0707028
0.0657978
0.0654797
0.0410999
0.0785621
0.0724231
0.0755215
0.0345012
0.0531169
0.0596454
0.061791
0.0601056
0.0460535
0.0480699
0.049355
0.0382324
0.0484822
0.0599218
0.0591519
0.0760548
0.0708116
0.0708999
0.0721171
0.0483131
0.0357504
0.0586287
0.0630878
0.0584565
0.0682414
0.0431291
0.0840978
0.0544773
0.0754252
0.0664465
0.0792777
0.0625391
0.0805641
0.0538995
0.0579422
0.064911
0.0711338
0.044918
0.0498198
0.0594005
0.0378859
0.0651471
0.0727061
0.0650616
0.0619362
0.0787813
0.0660839
0.0333636
0.0524091
0.0532838
0.065634
0.0626344
0.0724423
0.0637164
0.0723769
0.0444471
0.0634556
0.0705451
0.0607507
0.0403936
0.0521165
0.0482493
0.066393
0.0455346
0.0620872
0.0772737
0.080673
0.05557
0.0756721
0.0484868
0.0431977
0.0546481
0.070686
0.0537999
0.0503585
0.041346
0.082936
0.0661701
0.0458226
0.068494
0.0512931
0.0568539
0.0302321
0.0622299
0.034085
0.0566918
0.0847793
0.0707307
0.0582014
0.0614643
0.0421776
0.0917431
0.0889224
0.0486178
0.0637626
0.0790029
0.0680603
0.0333316
0.0691018
0.0592458
0.0627928
0.0548308
0.0632473
0.0539255
0.0798748
0.0544482
0.0797738
0.0678658
0.0712057
0.0809087
0.0742865
0.0516578
0.0527437
0.064335
0.0852461
0.0617991
0.0492211
0.0563418
0.0400158
0.0773314
0.0428985
0.0564524
0.0655228
0.0619367
0.0474037
0.0643803
0.0595451
0.0510628
0.0616023
0.083533
0.0475066
0.0729351
0.0579055
0.0492644
0.0747689
0.0656884
0.0926778
0.053521
0.0624545
0.064436
0.0633597
0.0786565
0.0611538
0.0704515
0.0885203
0.0508265
0.0627413
0.0722645
0.0360363
0.0771127
0.0612507
0.0666576
0.073556
0.036167
0.0808384
0.052619
0.0769041
0.0531379
0.0492797
0.0698599
0.056338
0.050832
0.0713553
0.0265299
0.0746114
0.0620712
0.0676753
0.0516288
0.0504663
0.0637803
0.0748858
0.0575632
0.0839626
0.041563
0.0535908
0.0641029
0.050419
0.0614512
0.0716263
0.0835863
0.0765257
0.0356545
0.0739348
0.0574701
0.0606724
0.0871578
0.0572885
0.052396
0.0535379
0.0722683
0.0848113
0.0641632
0.0767512
0.076101
0.0623627
0.0919284
0.059034
0.0695531
0.0236599
0.0585162
0.0643346
0.0786354
0.0655769
0.0698809
0.050572
0.0849565
0.0626898
0.0792133
0.0641904
0.0797038
0.10171
0.0443204
0.0881943
0.0815762
0.072977
0.0696398
0.0610496
0.0493666
0.0698046
0.0882085
0.0547751
0.0645283
0.070335
0.043433
0.0746539
0.0526324
0.0451157
0.0699161
0.0755685
0.0703929
0.0370057
0.0592755
0.0595535
0.091775
0.0763696
0.0479616
0.0911896
0.0979764
0.0756681
0.0884511
0.0838765
0.0614432
0.0795724
0.0425466
0.0497357
0.0876077
0.0603075
0.0626939
0.0786656
0.0752875
0.0536152
0.0608109
0.0504657
0.0590478
0.0852454
0.0691511
0.0717779
0.0536084
0.0372788
0.0715982
0.0307377
0.0542134
0.0411754
0.0523804
0.0730383
0.0620032
0.0940348
0.0850662
0.0478025
0.108696
0.0628737
0.0674617
0.06256
0.0826625
0.056831
0.0516931
0.048725
0.0532968
0.0703122
0.0664573
0.0588779
0.0627068
0.053562
0.0579647
0.0551546
0.0661201
0.060336
0.0599224
0.107381
0.0864001
0.063137
0.065574
0.0754941
0.0864631
0.0721362
0.0487247
0.0751201
0.0523084
0.0441439
0.0723344
0.0640159
0.0490151
0.0818129
0.0636312
0.0649594
0.0521826
0.0832779
0.0884222
0.090939
0.0899407
0.0490804
0.0482956
0.0723102
0.062287
0.0583876
0.0640214
0.0657031
0.0543172
0.078426
0.0646342
0.0933447
0.0800713
0.0776204
0.0842257
0.0719255
0.0679257
0.0644239
0.0747866
0.0985241
0.0741952
0.0736619
0.0689283
0.0679346
0.0583238
0.0574651
0.0614021
0.0664113
0.0554185
0.0741166
0.0936362
0.0563555
0.0633551
0.0693578
0.0587225
0.0618982
0.0736901
0.0805351
0.066089
0.0768424
0.0671055
0.0727414
0.0842495
0.069649
0.0949282
0.0920883
0.0548021
0.0602581
0.0791379
0.0635309
0.083677
0.0913731
0.0613993
0.0697314
0.0832211
0.0571006
0.0767866
0.0697466
0.0798484
0.079019
0.0669689
0.0850454
0.0563191
0.0801398
0.0560139
0.0680792
0.0592242
0.0510991
0.0761771
0.0751362
0.0717904
0.0967204
0.0852127
0.0770768
0.0998777
0.080261
0.0578809
0.0596173
0.0604803
0.0564019
0.0549987
0.0762284
0.0655156
0.0745219
0.0698332
0.0580133
0.0408418
0.0704331
0.103724
0.115424
0.0982623
0.0695569
0.0835185
0.0790992
0.0550122
0.103244
0.0310569
0.0473055
0.0870241
0.100351
0.0829095
0.0827872
0.069967
0.0622512
0.0433808
0.0585011
0.0903606
0.0920799
0.0516591
0.0617959
0.0616954
0.0767242
0.0846921
0.0937318
0.0764578
0.0570362
0.0535776
0.0750789
0.0907516
0.0743263
0.0603227
0.0719047
0.0678654
0.0817006
0.0594637
0.0575762
0.0612349
0.0771397
0.0812519
0.074468
0.0707713
0.0654298
0.0529989
0.0349911
0.0587731
0.070115
0.0707651
0.0781162
0.077855
0.0538372
0.0711099
0.0524404
0.0489487
0.0606762
0.062737
0.0642252
0.0562525
0.0462092
0.0718846
0.0676348
0.0625447
0.0545779
0.0573607
0.0750885
0.0752138
0.0691913
0.0735613
0.0857077
0.0764736
0.0515083
0.0550726
0.0466175
0.0774342
0.0800519
0.0776616
0.0861939
0.0950792
0.0509144
0.0632828
0.0996844
0.0710664
0.0778574
0.0446693
0.0439604
0.0617639
0.0646393
0.0810306
0.0956193
0.0548618
0.0589204
0.0404266
0.0481019
0.079119
0.0727059
0.0922929
0.0608373
0.0729481
0.0541054
0.0658002
0.0973876
0.0708072
0.0765311
0.0803447
0.0732574
0.0642327
0.0629702
0.0496747
0.0743698
0.0956929
0.0438376
0.0567507
0.0458926
0.0503139
0.0754866
0.0656511
0.0860866
0.109831
0.0775292
0.0496527
0.0773388
0.0822304
0.0529971
0.0747531
0.0595981
0.0672164
0.0461146
0.0575791
0.069724
0.0785391
0.0651193
0.0897102
0.0683706
0.0619921
0.111465
0.107747
0.0651262
0.0743633
0.0732983
0.0953501
0.0684412
0.0755215
0.0677363
0.0763684
0.0679238
0.0533988
0.0387184
0.0768216
0.0733458
0.0626396
0.0573772
0.110034
0.0678378
0.0592129
0.0595481
0.0691285
0.0829062
0.0699012
0.0714539
0.0717288
0.0647197
0.0765724
0.0792315
0.0712153
0.0536918
0.062465
0.0997469
0.0486693
0.0926343
0.0689848
0.0252518
0.0534053
0.0467517
0.0598989
0.0422451
0.0620155
0.0705265
0.0671184
0.0854063
0.052573
0.0844269
0.0884731
0.0814475
0.0591477
0.0816309
0.0609804
0.0690252
0.0642971
0.0647141
0.0832434
0.0650495
0.0567449
0.0642086
0.0683078
0.0708573
0.0743652
0.0577276
0.0754119
0.0455355
0.0751544
0.0380453
0.0727527
0.0617996
0.0611222
0.0520279
0.0513181
0.0792042
0.0654252
0.053225
0.058359
0.060448
0.0728075
0.05695
0.0642939
0.061957
0.0626718
0.0552248
0.0510769
0.0325937
0.0785802
0.0555912
0.0496825
0.0774122
0.0953956
0.0643576
0.0623396
0.10785
0.0560615
0.063772
0.0841787
0.0639267
0.0861276
0.0870418
0.0504151
0.0770229
0.0683977
0.100269
0.0770465
0.0583157
0.058377
0.0826423
0.0732908
0.0628551
0.0702611
0.0697906
0.0795814
0.0993449
0.0923506
0.104601
0.0686488
0.0900543
0.0686444
0.080659
0.0706248
0.087838
0.0521731
0.04837
0.0676888
0.0753834
0.0557633
0.0334418
0.0712335
0.0682583
0.0710407
0.0647561
0.06846
0.0496746
0.080912
0.0996702
0.0571253
0.0698568
0.0622742
0.0656491
0.0606827
0.0801974
0.0733219
0.0884966
0.0748408
0.0646415
0.0495791
0.0558349
0.0642576
0.092728
0.0427139
0.0555696
0.0900259
0.0842606
0.0734976
0.083447
0.0898411
0.0620572
0.0861852
0.0945396
0.0658958
0.0629747
0.0331654
0.0980341
0.0595962
0.0733241
0.0356643
0.0473329
0.0905783
0.0688323
0.079232
0.0743349
0.0628575
0.0712278
0.0747428
0.0525207
0.0702789
0.0651175
0.0573747
0.0739221
0.0939329
0.0755727
0.0358041
0.0642663
0.0622977
0.06639
0.0612914
0.0423258
0.0491111
0.0867725
0.0502356
0.0659992
0.0724937
0.0804256
0.0787401
0.104898
0.0476507
0.0957442
0.0784598
0.0395972
0.0520895
0.0721918
0.0253635
0.0557404
0.0783062
0.0537398
0.0574144
0.0489203
0.0771332
0.0748168
0.065417
0.0642464
0.0675132
0.0637255
0.0644469
0.0564143
0.070393
0.0710777
0.100255
0.0574987
0.0896152
0.0876947
0.110453
0.0692761
0.0818214
0.0850896
0.0847691
0.0858457
0.10043
0.0564457
0.0440044
0.060072
0.0573498
0.0678589
0.0690144
0.0747823
0.07397
0.0868521
0.0511437
0.0731409
0.0772263
0.0775215
0.0771877
0.105795
0.0427266
0.057123
0.0787865
0.0480499
0.0766918
0.097079
0.0521481
0.0734977
0.0385858
0.0556689
0.0709143
0.0991347
0.0576818
0.0581428
0.0792336
0.0704605
0.0634003
0.0804191
0.0727684
0.0957844
0.101304
0.0623342
0.0736569
0.0576809
0.0378496
0.0588377
0.084255
0.0389228
0.0830352
0.104107
0.057406
0.0489407
0.0687271
0.0645655
0.0559392
0.0724375
0.0478122
0.0666092
0.0529286
0.0660544
0.0850111
0.0694247
0.0617299
0.112769
0.0651768
0.0436869
0.0699139
0.0561225
0.0811784
0.0813825
0.0770081
0.0892983
0.0833408
0.0768638
0.0722326
0.0535818
0.0378828
0.0773663
0.0787051
0.0685267
0.0553019
0.0714911
0.0663886
0.0564599
0.0579937
0.0681263
0.0483604
0.0984272
0.0773184
0.0728782
0.0552026
0.0585665
0.0540696
0.0609943
0.0693904
0.051816
0.0764814
0.0698295
0.0374187
0.0857257
0.0586559
0.0569471
0.0696685
0.0875903
0.052566
0.0635915
0.0722798
0.0545002
0.0696246
0.0836521
0.0640537
0.115032
0.0875748
0.0655043
0.0697202
0.0949128
0.0811646
0.0569961
0.0470919
0.0565615
0.0713952
0.047155
0.0822174
0.0779414
0.0734577
0.0853885
0.0887455
0.068091
0.080381
0.073626
0.0599254
0.0902397
0.0800355
0.05646
0.0872738
0.0506192
0.102129
0.0800033
0.0760368
0.0501984
0.053785
0.0505166
0.0610517
0.0687339
0.0710089
0.0497985
0.0698982
0.0872636
0.0654902
0.0800408
0.0658374
0.0671699
0.0618478
0.0448661
0.0731618
0.0841564
0.0670059
0.0399339
0.057095
0.0551403
0.0455674
0.0506425
0.0736637
0.0872684
0.0695907
0.0834647
0.061587
0.0678028
0.081337
0.0729329
0.0820456
0.0829162
0.0746027
0.0682058
0.0497669
0.0703638
0.0613581
0.0664295
0.059581
0.0536643
0.0944667
0.0859065
0.0476225
0.050746
0.0415153
0.0645267
0.102928
0.0878989
0.082999
0.0871769
0.0795799
0.0684076
0.0784219
0.0741259
0.0607258
0.0603379
0.0693623
0.0556421
0.0641777
0.0528142
0.0287536
0.0774381
0.0559797
0.0625517
0.0723657
0.0516376
0.0709197
0.0434653
0.0486865
0.0598324
0.070591
0.0855872
0.0618652
0.0609309
0.082037
0.0525326
0.0808554
0.0708121
0.0408632
0.0664846
0.0542393
0.0752856
0.0561092
0.062509
0.0649374
0.0631185
0.0550327
0.0727525
0.0701482
0.099041
0.0562981
0.0393315
0.0464808
0.0589328
0.0736789
0.081383
0.0660915
0.090612
0.0888617
0.0642066
0.0641495
0.077885
0.0623727
0.0514092
0.0826986
0.0592812
0.0860192
0.0783696
0.0797506
0.0748945
0.0717975
0.0760405
0.085528
0.0772837
0.0430804
0.0484479
0.0603452
0.0569401
0.0890126
0.081781
0.065424
0.0539662
0.0595025
0.0468456
0.0783022
0.0546371
0.0826436
0.0783373
0.0656198
0.0703372
0.0681811
0.0726424
0.0721424
0.0770218
0.0654582
0.0503279
0.068135
0.0527848
0.0504757
0.0572307
0.0766844
0.0483832
0.0470987
0.0890223
0.0706516
0.0728098
0.085738
0.0636683
0.0711711
0.0623962
0.0481655
0.053829
0.0570097
0.0778382
0.0984956
0.082035
0.0845498
0.0755773
0.0755102
0.0564212
0.0806556
0.0816659
0.0460973
0.100415
0.0810823
0.0461298
0.0914661
0.0790889
0.0577149
0.0751797
0.0860502
0.0867269
0.0558879
0.079056
0.0919673
0.045273
0.0634017
0.0707048
0.0597918
0.0540741
0.0761373
0.0823684
0.06871
0.0549305
0.0721024
0.0781953
0.0685072
0.0765223
0.0645513
0.0543687
0.0756868
0.0726011
0.0752187
0.0750031
0.0882155
0.0821454
0.100403
0.0879777
0.0501443
0.0916181
0.0553249
0.0731243
0.0673535
0.0725187
0.0610103
0.050757
0.05273
0.0377996
0.0586803
0.0743957
0.0508471
0.0727606
0.0893472
0.0675289
0.0686217
0.0589961
0.0444885
0.0786876
0.0931684
0.0572092
0.0430125
0.0996122
0.0686649
0.0761434
0.0577206
0.0688953
0.128181
0.0857232
0.0544155
0.0844392
0.0661304
0.0705747
0.0558798
0.0445364
0.0496594
0.049596
0.0717077
0.0649878
0.0518705
0.0738822
0.0690397
0.0677458
0.0859701
0.0428795
0.0591688
0.0581233
0.0533481
0.0929701
0.0763718
0.0585081
0.0661728
0.0705879
0.0697429
0.0673092
0.0790961
0.0511875
0.0520873
0.0592844
0.0663429
0.0476897
0.0305323
0.0735914
0.0779138
0.0691465
0.0684476
0.0601042
0.0656805
0.0872937
0.0821096
0.0683249
0.102768
0.0724069
0.0955826
0.0917335
0.0598959
0.0693791
0.0593226
0.0758176
0.0675266
0.0686887
0.0385727
0.0821133
0.0611476
0.0463904
0.0801016
0.0785018
0.0465551
0.0603055
0.0611968
0.104615
0.0720817
0.0814063
0.0770051
0.0492965
0.050951
0.0900581
0.0549797
0.067114
0.101473
0.0842897
0.0729958
0.0865211
0.0710542
0.0684752
0.0507803
0.0804871
0.0368556
0.125324
0.0701242
0.0617843
0.0828416
0.0637961
0.0851534
0.0607544
0.0536618
0.0770529
0.0670344
0.0738713
0.102129
0.07535
0.0802231
0.0735329
0.116048
0.0712839
0.0661965
0.0544061
0.0591401
0.0809292
0.0800304
0.101252
0.0667119
0.0625438
0.0967271
0.0513795
0.0728672
0.0656682
0.075737
0.0496694
0.0905039
0.0537011
0.0653752
0.0679872
0.066199
0.0808075
0.0786776
0.0657892
0.0993991
0.0702807
0.0635315
0.0608049
0.0620561
0.10152
0.080044
0.0637702
0.0695855
0.0875762
0.073326
0.0383697
0.0860982
0.0919458
0.0754642
0.0831957
0.0688015
0.0858419
0.0595017
0.0773491
0.0789171
0.0833187
0.0917587
0.0636968
0.048566
0.0647493
0.0765385
0.075746
0.0624877
0.0646131
0.0796942
0.0434578
0.0693047
0.0818914
0.0570054
0.0669528
0.0733609
0.114297
0.0608174
0.0697635
0.0793824
0.0708403
0.0602014
0.0893352
0.0865083
0.0871933
0.0762229
0.0696727
0.0627678
0.0699099
0.0686006
0.0445085
0.0482785
0.0569388
0.0653471
0.0770071
0.0547856
0.0564057
0.0582607
0.0629652
0.0737193
0.0640545
0.0561791
0.0698122
0.0796253
0.0505917
0.0755282
0.0733805
0.0861779
0.068219
0.0649322
0.0562174
0.0799744
0.0894685
0.0960246
0.0566591
0.0685969
0.0762901
0.0638053
0.0773296
0.0812535
0.0852106
0.0727089
0.038964
0.0658515
0.0612209
0.0696246
0.0812461
0.0749028
0.0513314
0.0706822
0.0727341
0.0773535
0.0810312
0.060814
0.0690747
0.0667994
0.0630326
0.0626084
0.0810192
0.0941832
0.0621727
0.0676006
0.072968
0.0745352
0.0796671
0.0593437
0.0433517
0.0492084
0.0854984
0.0602106
0.084828
0.0571786
0.0581377
0.0682802
0.0731113
0.0488286
0.0705748
0.0732946
0.0370529
0.0745293
0.063255
0.0402799
0.0726074
0.104532
0.065415
0.042308
0.049994
0.0653841
0.0748532
0.0632377
0.0563038
0.0585605
0.0747899
0.0680625
0.0778976
0.0766418
0.0629317
0.0604351
0.0603027
0.0846919
0.0894976
0.0629036
0.0608521
0.0510437
0.0829997
0.0589137
0.0631232
0.0771882
0.0953114
0.0825936
0.0718635
0.0671784
0.0810794
0.0480562
0.0659572
0.0659546
0.0845047
0.0671257
0.0581286
0.0515777
0.0548406
0.0941849
0.0701091
0.0934806
0.0996682
0.0781096
0.0578874
0.0616652
0.0635823
0.0621974
0.0998969
0.0533816
0.0854308
0.0705041
0.056862
0.0836384
0.0447845
0.0547122
0.0532409
0.0571763
0.078901
0.0606944
0.0743065
0.0747473
0.0520405
0.0658131
0.069595
0.0645442
0.0501665
0.0813082
0.068495
0.0650286
0.0838992
0.0875838
0.0941127
0.0591696
0.0674692
0.0889521
0.0849605
0.0692688
0.0593537
0.0729775
0.0640598
0.0560762
0.096386
0.108609
0.0710845
0.0598134
0.0589387
0.078681
0.0806799
0.0529207
0.0612532
0.0865383
0.0794147
0.0769408
0.0976211
0.0629782
0.0606679
0.0515022
0.0646185
0.0743673
0.0561611
0.0677032
0.08968
0.0704354
0.0611275
0.0833151
0.0626593
0.0658772
0.052041
0.0832876
0.0601234
0.055631
0.0645666
0.05667
0.0746016
0.0553621
0.0701799
0.0795563
0.0708616
0.0835696
0.062003
0.0789988
0.0561949
0.0677588
0.081252
0.0952816
0.0862259
0.0454415
0.0547982
0.0816655
0.0796056
0.0583604
0.0509492
0.0748152
0.0494811
0.0615616
0.0792229
0.0729844
0.0565053
0.092475
0.0517573
0.0932874
0.0693834
0.055252
0.063725
0.05416
0.0588473
0.0816922
0.072866
0.037516
0.0558635
0.0921252
0.0454944
0.0795635
0.0529051
0.0602881
0.0830789
0.0743514
0.0993616
0.0778121
0.0609281
0.0442302
0.0843588
0.0513388
0.0500253
0.0935671
0.0946393
0.0664455
0.0725146
0.058673
0.103838
0.067134
0.0521354
0.0750715
0.063089
0.0585066
0.0433963
0.0515935
0.060177
0.0432822
0.0437796
0.0585943
0.0670018
0.0760924
0.0753373
0.0673949
0.0834871
0.0740616
0.0667364
0.0746278
0.0659462
0.0772384
0.0667466
0.0663048
0.0664915
0.0485239
0.0570881
0.0727231
0.0556642
0.0752029
0.0609805
0.0641844
0.062865
0.0482206
0.0441827
0.0874617
0.0413213
0.0881934
0.0721348
0.0580144
0.0675985
0.0612899
0.0501712
0.0630381
0.0560243
0.0347321
0.0770598
0.0472575
0.084435
0.0901949
0.0668237
0.0552339
0.0856989
0.098536
0.0595365
0.083294
0.0904483
0.0682652
0.0782967
0.0471657
0.0714342
0.119629
0.0786986
0.063602
0.0585306
0.0603302
0.0606994
0.0762971
0.053131
0.0842726
0.0633968
0.0816589
0.0564591
0.0681173
0.0665825
0.0623616
0.0800349
0.0677739
0.0581176
0.0983125
0.0814136
0.0792763
0.0820941
0.0832347
0.0703004
0.0674526
0.084924
0.0801562
0.078303
0.0794677
0.0561874
0.0883042
0.0772777
0.0806176
0.0810583
0.0792229
0.0619391
0.0685075
0.0592213
0.0361908
0.0435717
0.0588803
0.056225
0.0798927
0.0541907
0.0431001
0.0460366
0.0765526
0.0610952
0.0567762
0.0590529
0.0548512
0.0707831
0.0800534
0.0515199
0.0698759
0.0892364
0.0622111
0.0476253
0.096359
0.0552597
0.0627113
0.052387
0.069335
0.0593058
0.0523656
0.0301113
0.0853708
0.0576392
0.0746786
0.0931254
0.0964059
0.0404969
0.0668597
0.0533386
0.0456327
0.0813196
0.0696202
0.0557934
0.0835799
0.113176
0.0544153
0.0925865
0.0613274
0.047058
0.0505429
0.0702315
0.0734369
0.0814288
0.0444412
0.0761218
0.110561
0.072195
0.0816895
0.0519378
0.0465478
0.0616434
0.101808
0.0874687
0.064914
0.0443864
0.086701
0.0660312
0.0755188
0.0874338
0.0637993
0.087346
0.0956342
0.0726241
0.0621507
0.0673657
0.0611049
0.0903344
0.0424905
0.0401877
0.0572345
0.0500947
0.0570453
0.0643033
0.0620522
0.0809484
0.0598914
0.0882472
0.0477193
0.0746204
0.0443802
0.0594781
0.0663841
0.0707938
0.045743
0.0408302
0.0457182
0.0493894
0.0822933
0.0792426
0.0767123
0.0737043
0.0597115
0.0885891
0.0715276
0.0779332
0.0966614
0.0796759
0.0632174
0.0669323
0.094277
0.0948975
0.0714443
0.0708673
0.0781895
0.056021
0.0692496
0.108869
0.0402033
0.054918
0.0779457
0.0548036
0.0911536
0.0595273
0.0527428
0.0566711
0.0808664
0.0586721
0.0882679
0.0888519
0.0620399
0.0679875
0.084773
0.075918
0.0807809
0.100934
0.0437088
0.0472741
0.0645612
0.0745907
0.0699711
0.0608694
0.0528225
0.0740228
0.0570682
0.0705451
0.0586049
0.0893704
0.0530529
0.0737961
0.0849874
0.0659464
0.0744562
0.0883131
0.0754957
0.0846678
0.0931753
0.0613724
0.0500605
0.0826616
0.069185
0.0572751
0.0888661
0.0651316
0.0936425
0.102886
0.0869233
0.0680421
0.0764063
0.0536227
0.0725148
0.0806444
0.0600204
0.0603683
0.0853789
0.0539916
0.0831224
0.0916378
0.0484368
0.0631228
0.0999641
0.0772963
0.0895742
0.0634934
0.0526995
0.0493219
0.059204
0.0403401
0.082363
0.07018
0.063901
0.0864885
0.0630522
0.0617257
0.0842431
0.0620891
0.0666834
0.101739
0.0900253
0.0949671
0.0654177
0.0675024
0.0608106
0.0615926
0.0566813
0.0858904
0.0598184
0.0370221
0.0408066
0.0793782
0.0831965
0.0525665
0.0477995
0.0870872
0.096183
0.116726
0.0818392
0.0859199
0.0724692
0.0530589
0.0558477
0.06927
0.0764393
0.0701364
0.0683536
0.0601182
0.0682545
0.0634968
0.0468921
0.0843763
0.087813
0.0568597
0.0613468
0.0699956
0.0469166
0.0776115
0.0743177
0.0945773
0.0647566
0.0771067
0.0688769
0.0524134
0.0786897
0.0606266
0.0593277
0.0730352
0.0500099
0.070711
0.0731406
0.0659804
0.0610642
0.0684553
0.0726365
0.0578871
0.0621604
0.0812966
0.0529037
0.0913796
0.0793138
0.0491044
0.0778019
0.0792786
0.0655336
0.0674665
0.0796751
0.0534632
0.0717624
0.0578475
0.0631453
0.0848097
0.0629805
0.0583116
0.0539164
0.0637383
0.0513355
0.0846445
0.074462
0.0609918
0.0518766
0.0734307
0.0483599
0.0782293
0.0460237
0.0493848
0.0734202
0.088913
0.0443662
0.0544409
0.0568698
0.0724517
0.0552659
0.0684855
0.0742169
0.094742
0.0760108
0.0449116
0.085148
0.0557843
0.0622327
0.0705992
0.0624852
0.0695729
0.0797731
0.0807058
0.0654722
0.0861721
0.0887106
0.0574432
0.0732515
0.0529591
0.0637049
0.0751074
0.0928835
0.0488938
0.0619763
0.0546154
0.0390425
0.0560937
0.0704229
0.0453645
0.0447778
0.0674774
0.0724269
0.0551873
0.0915699
0.023141
0.0692867
0.0748293
0.0576214
0.0659829
0.0657214
0.0528382
0.0700872
0.0771022
0.0940393
0.0723871
0.0681895
0.058846
0.054542
0.109578
0.0719144
0.0634363
0.063692
0.0665249
0.0533612
0.0750288
0.0454602
0.0435659
0.0730041
0.0525173
0.0483003
0.0590422
0.0731929
0.0627336
0.0524192
0.0620313
0.078072
0.0813734
0.0586249
0.058725
0.0760129
0.0484046
0.0860881
0.0619604
0.0593245
0.0665983
0.0383466
0.0687232
0.0611862
0.0655001
0.0624961
0.0844039
0.0589925
0.0335049
0.0673067
0.0985989
0.0610705
0.0933927
0.0706271
0.0709569
0.0537521
0.0623424
0.0589731
0.0941063
0.0712982
0.0641551
0.0776726
0.0974284
0.0432015
0.10253
0.0444455
0.0708011
0.0751198
0.0514568
0.0645523
0.0622654
0.0489344
0.0639658
0.0842135
0.058372
0.0592004
0.0853966
0.0790198
0.0743925
0.0545742
0.0492726
0.0693792
0.0881387
0.0827453
0.0751616
0.0679662
0.0883025
0.0571969
0.0724009
0.062326
0.0446602
0.0624077
0.0319598
0.0623948
0.0735465
0.0577566
0.0753876
0.0955366
0.0731792
0.0691717
0.0681673
0.085686
0.0640243
0.0988934
0.0879481
0.0706657
0.078827
0.0762194
0.0695641
0.0749449
0.0782199
0.051605
0.079167
0.102594
0.0780124
0.0547192
0.073056
0.0692177
0.0793291
0.0895763
0.0607072
0.0849375
0.0666465
0.0519607
0.0543835
0.0953888
0.0774269
0.0974017
0.0812453
0.0527896
0.0837318
0.0588034
0.046548
0.0487384
0.0584875
0.105677
0.0802445
0.0973222
0.0624641
0.068043
0.0585969
0.0695392
0.0671755
0.0776434
0.085587
0.0409877
0.0719742
0.0587382
0.0545045
0.0642366
0.0796033
0.0737112
0.0476602
0.0643681
0.0653244
0.0639378
0.0905125
0.0593633
0.0842084
0.0623499
0.0681512
0.0893476
0.0650662
0.0892276
0.0844859
0.0447837
0.0899652
0.0682565
0.0766162
0.081222
0.0720396
0.0631522
0.0618921
0.110621
0.0664025
0.0524896
0.10499
0.0558215
0.0676462
0.058494
0.0553543
0.0710313
0.0988183
0.0659257
0.064167
0.0512255
0.0733389
0.0751745
0.0750016
0.0807434
0.0710122
0.0727252
0.0639204
0.0993273
0.0686742
0.0751658
0.0788942
0.0520891
0.0720488
0.0930293
0.0423027
0.0573501
0.0685345
0.0760921
0.0594133
0.0673059
0.0703239
0.0792448
0.0677043
0.0870454
0.0694874
0.0766559
0.0908442
0.0748087
0.0550611
0.064318
0.051034
0.0607739
0.0659486
0.0464399
0.0935436
0.100319
0.0370144
0.0563311
0.0748781
0.0316711
0.0620659
0.0695424
0.0333977
0.0511292
0.0779397
0.0705833
0.0753632
0.0529761
0.0683926
0.0565466
0.0531754
0.0540469
0.0470815
0.0564249
0.064333
0.0865652
0.060461
0.073286
0.0570799
0.0572282
0.0668434
0.0725867
0.0762162
0.0739533
0.0656227
0.0799947
0.0518563
0.0815356
0.0764905
0.0556589
0.0744255
0.0796555
0.0704703
0.0618712
0.0648229
0.0618143
0.110968
0.0775555
0.0890087
0.0625418
0.0590559
0.0754868
0.0775395
0.0704914
0.089026
0.0939782
0.0462165
0.0617382
0.0575621
0.0800826
0.0640011
0.0499155
0.0653426
0.0878129
0.0998282
0.0822348
0.053856
0.0809104
0.0353131
0.0480157
0.054951
0.0819556
0.0737148
0.0661585
0.0789453
0.0538099
0.0741728
0.0708406
0.057479
0.0901372
0.0456818
0.0489031
0.0530461
0.0542392
0.0472974
0.0556281
0.075527
0.0644248
0.0752404
0.098013
0.0883681
0.0611735
0.0734249
0.0593132
0.0501998
0.0492489
0.0634775
0.0733161
0.0899503
0.0614295
0.102247
0.088843
0.0520933
0.0736529
0.0915689
0.0711742
0.0478889
0.0891216
0.0320597
0.0711719
0.0727952
0.0618242
0.0548132
0.0754382
0.0705828
0.0650753
0.0644305
0.0691519
0.0693707
0.0704658
0.0528939
0.058771
0.0809095
0.0487063
0.0769336
0.0913814
0.0766572
0.0751884
0.0705509
0.045274
0.0885325
0.0668613
0.0542714
0.0641223
0.0657223
0.0461871
0.0632383
0.0572093
0.0687323
0.0842661
0.0661923
0.0444766
0.0708444
0.0599249
0.0601958
0.0637675
0.0484499
0.0473064
0.0751087
0.0859403
0.037485
0.055648
0.0655778
0.0930472
0.0723741
0.0621141
0.0713553
0.0823037
0.0590004
0.0659167
0.0663901
0.0761784
0.0526978
0.0652057
0.0428962
0.040083
0.0561127
0.0618452
0.0615026
0.0691832
0.0565289
0.0520075
0.0623571
0.0671664
0.0657142
0.0587621
0.084037
0.0696623
0.0807387
0.0729043
0.0513148
0.08229
0.0759846
0.0617828
0.0543557
0.0720456
0.0510215
0.0624269
0.0787964
0.0702323
0.0812856
0.0865593
0.0650745
0.0667921
0.0664121
0.066331
0.0529633
0.0780601
0.0485367
0.0628106
0.0748427
0.0732409
0.0785156
0.0682619
0.0428786
0.0792725
0.0693809
0.0565277
0.0625375
0.0507145
0.0639395
0.0918925
0.0966486
0.0645051
0.0724352
0.0788442
0.0540979
0.0877327
0.0653815
0.06965
0.0716336
0.077606
0.0618383
0.0788992
0.0802318
0.0801295
0.0728419
0.0717507
0.0544049
0.0782166
0.0615649
0.0630468
0.0641028
0.0707215
0.0447392
0.0624626
0.0768295
0.0786184
0.0657741
0.0708799
0.0740341
0.0605269
0.0666439
0.0528273
0.0551072
0.103899
0.0472628
0.0523902
0.0817713
0.0692642
0.0932235
0.0524662
0.0548391
0.0655246
0.0566631
0.0530107
0.066504
0.0711354
0.0606579
0.0829081
0.0836527
0.063834
0.0743626
0.0597083
0.0625245
0.0642408
0.0570445
0.0572245
0.0768634
0.054531
0.0621142
0.062843
0.0478329
0.0474355
0.057168
0.0639304
0.0450643
0.0487805
0.0671299
0.0494667
0.065035
0.0728928
0.0843085
0.0955067
0.0676932
0.067652
0.077004
0.042677
0.0695794
0.0824964
0.0764058
0.0721765
0.0807257
0.061184
0.0645008
0.0654742
0.0660077
0.0498412
0.080026
0.0747175
0.0893989
0.0819115
0.0628199
0.0518306
0.0535595
0.0676603
0.0495013
0.0830243
0.0772596
0.0562684
0.0498617
0.0869387
0.038613
0.0665367
0.067343
0.0786396
0.056023
0.0462633
0.0606593
0.0784338
0.0655644
0.0599519
0.060346
0.0708144
0.0655875
0.105048
0.0964759
0.0482977
0.0525335
0.0523162
0.0679045
0.0762684
0.0515576
0.0597018
0.0803859
0.0663668
0.0650968
0.055412
0.0713343
0.0718554
0.100524
0.0754523
0.0484991
0.0548188
0.0471117
0.0713927
0.0556259
0.0647359
0.060733
0.0598835
0.0841393
0.0515324
0.0735896
0.0970873
0.0569747
0.0685872
0.0756599
0.0735063
0.0577112
0.0533222
0.0781555
0.0512043
0.0753304
0.0460383
0.0868157
0.0641495
0.0676333
0.0652035
0.055392
0.0669644
0.0696218
0.0786271
0.0668145
0.0761407
0.0406013
0.0766503
0.0925749
0.102755
0.0443431
0.0914057
0.0643793
0.0717096
0.0841631
0.0407626
0.0841361
0.0666847
0.0485335
0.0640771
0.0579793
0.0863677
0.0899057
0.052279
0.0720066
0.0816981
0.0730013
0.0917815
0.0673021
0.0642471
0.0624551
0.0724028
0.0621762
0.0784162
0.0768769
0.102295
0.0778318
0.0370557
0.0840438
0.0654438
0.080985
0.065748
0.0807259
0.0570318
0.074816
0.065523
0.0630213
0.0716805
0.0537092
0.0942611
0.0922952
0.0589995
0.0512687
0.0855898
0.0654782
0.0481007
0.0777841
0.0720234
0.0633906
0.0562411
0.0523203
0.0696809
0.0709342
0.084827
0.0685527
0.0769225
0.075708
0.0731326
0.0634002
0.0666387
0.0834098
0.0498868
0.0672373
0.0696561
0.0697679
0.049951
0.0629137
0.0779636
0.0723987
0.0673746
0.0580788
0.0641461
0.0649453
0.0569034
0.0477444
0.0705973
0.0587681
0.0578112
0.0842901
0.0431006
0.0677212
0.0412926
0.0705469
0.0685729
0.0801844
0.0734879
0.0840685
0.0687442
0.080161
0.0871962
0.0460437
0.0586289
0.0974081
0.055826
0.0614622
0.0601135
0.059562
0.0654171
0.0725714
0.0570895
0.0689642
0.0790771
0.0723027
0.0725585
0.083503
0.0786468
0.0610276
0.0858532
0.079042
0.0657863
0.0511661
0.0806104
0.092239
0.0754328
0.0756957
0.0507333
0.0559492
0.05573
0.0880187
0.0718578
0.0599513
0.0580055
0.068949
0.0718338
0.0584629
0.0576959
0.0470672
0.063582
0.089498
0.0450041
0.0797965
0.0576197
0.0748481
0.104584
0.0583331
0.0809809
0.0746016
0.0617878
0.0560112
0.056412
0.0513078
0.0454778
0.0630272
0.0719443
0.0572311
0.0742976
0.0419336
0.0406373
0.0483157
0.0770287
0.0759607
0.0847008
0.0955787
0.0604034
0.0532295
0.0582282
0.0438754
0.0820232
0.0686492
0.0946701
0.0732518
0.0394064
0.0557215
0.0730321
0.0593671
0.0768034
0.0914774
0.0756115
0.0640431
0.0605873
0.0783684
0.0730027
0.0761638
0.0739787
0.068118
0.0744018
0.0589927
0.0464769
0.0866902
0.0812369
0.0592218
0.0541871
0.0761061
0.0662379
0.0614881
0.0730814
0.0803453
0.0773182
0.0849288
0.0461432
0.0505849
0.0529456
0.0694997
0.0404481
0.0943641
0.0572579
0.0581947
0.0787768
0.0642411
0.0660396
0.0466763
0.0681805
0.0579561
0.0593088
0.0576741
0.0383514
0.0896003
0.0601225
0.0522466
0.0462342
0.0700697
0.0555157
0.0854759
0.0672458
0.0780412
0.0672273
0.0846933
0.0579611
0.0454184
0.0840437
0.0822903
0.0641329
0.0477814
0.0649442
0.0783657
0.0617722
0.0574653
0.069183
0.0426225
0.0501694
0.0549733
0.0441015
0.0913953
0.0857087
0.0583659
0.0798857
0.0784506
0.0728471
0.0743505
0.0661709
0.0548857
0.0333576
0.07029
0.0861192
0.0643992
0.0602156
0.0771571
0.0765494
0.104526
0.0777912
0.0779011
0.0674632
0.0844585
0.0866748
0.0834794
0.0776825
0.0908885
0.0834493
0.0792946
0.089111
0.0639694
0.0540666
0.0804619
0.0908692
0.0756943
0.0821168
0.0956827
0.0782735
0.0544371
0.0566342
0.0535216
0.0721302
0.0803872
0.0716781
0.0452814
0.0813883
0.0548792
0.0658357
0.0703713
0.0651287
0.0848945
0.0890985
0.0599059
0.0891331
0.0741301
0.100214
0.0530565
0.0864275
0.0709206
0.100377
0.0418072
0.0560845
0.0725851
0.0622852
0.0720493
0.0641981
0.0610314
0.056293
0.0708629
0.0710444
0.0503499
0.0642295
0.064247
0.0571223
0.0644532
0.0623012
0.0855
0.050913
0.0643712
0.0563051
0.090204
0.0586118
0.0615923
0.0625857
0.0995909
0.0527687
0.109257
0.0567228
0.0608079
0.0540929
0.0461424
0.0631734
0.0670079
0.0610705
0.0808648
0.0731878
0.0449573
0.052537
0.0859385
0.0838495
0.0514427
0.0799385
0.0933493
0.078733
0.0847095
0.0735162
0.0467516
0.0591283
0.0611459
0.0438578
0.05884
0.0858753
0.0729936
0.0619315
0.0475189
0.0696981
0.0653734
0.0729113
0.12335
0.094845
0.0849456
0.0620489
0.0584512
0.0814023
0.0667883
0.0583934
0.0626516
0.0731746
0.0520537
0.0813332
0.0490868
0.0597815
0.0555091
0.046385
0.0748511
0.0838604
0.0851599
0.0482566
0.0720931
0.0838041
0.105835
0.0607858
0.0950193
0.0565821
0.0422237
0.0797783
0.0594066
0.0704895
0.0651012
0.0748174
0.0935547
0.068112
0.0645149
0.0786742
0.0889645
0.0731627
0.071323
0.0663033
0.0693477
0.0703072
0.0266837
0.0740816
0.0731942
0.0531946
0.0866349
0.0825976
0.0536023
0.0760473
0.0836865
0.0773466
0.0827909
0.0885665
0.0648242
0.0575358
0.0523537
0.0657906
0.0683989
0.058423
0.0537942
0.0837631
0.0737039
0.0431787
0.0784374
0.056218
0.0350804
0.0650345
0.0775404
0.0609679
0.0773131
0.067504
0.0666755
0.0894911
0.0657852
0.0605804
0.0658251
0.0631124
0.0583512
0.0842957
0.0714299
0.0606997
0.0792435
0.0649564
0.0767288
0.0804072
0.0807074
0.0413143
0.055588
0.0757221
0.0560731
0.0615629
0.087707
0.0547931
0.063208
0.08475
0.0535891
0.0803875
0.0742737
0.0555328
0.0627147
0.067315
0.0678574
0.0855451
0.062103
0.072471
0.0662606
0.0810304
0.0828411
0.0502209
0.0689378
0.0747086
0.0701521
0.0359504
0.0526066
0.0789626
0.0742762
0.0754302
0.0786829
0.0775169
0.0469531
0.0651545
0.0707731
0.0314243
0.0743874
0.0712391
0.0792069
0.115877
0.0473964
0.0512454
0.0726118
0.0765944
0.0511429
0.0626856
0.0782771
0.0393785
0.0361082
0.0677913
0.0519197
0.0692205
0.0884697
0.0719354
0.0711812
0.058504
0.103224
0.095098
0.0404738
0.069211
0.0774345
0.0533511
0.0656314
0.0753412
0.0883966
0.0715629
0.0635148
0.0425857
0.049598
0.0733305
0.0691065
0.0783954
0.0913193
0.0627661
0.0547514
0.0896615
0.0720026
0.0826526
0.0646928
0.0528816
0.0872296
0.0672874
0.0625814
0.0620231
0.0773582
0.0768282
0.0509681
0.0597334
0.0626409
0.0894386
0.0514413
0.066724
0.0663897
0.0908583
0.0586076
0.0371425
0.0506387
0.0580147
0.0758938
0.0551982
0.0455754
0.0626371
0.0571385
0.0554368
0.0760258
0.0829583
0.0767739
0.0625959
0.0520271
0.0646458
0.0872528
0.0571454
0.0763898
0.0884114
0.0441689
0.07099
0.064657
0.0563757
0.0346549
0.0670723
0.0558806
0.0985679
0.0884071
0.063055
0.0973723
0.0496607
0.107365
0.0877096
0.0611175
0.0601982
0.0450841
0.0483993
0.0694684
0.091855
0.0589929
0.0664966
0.0526105
0.0563423
0.05514
0.0462169
0.0427969
0.102155
0.0854283
0.0601692
0.0822415
0.0606789
0.0804209
0.0549581
0.0611872
0.0645948
0.0917149
0.0771415
0.0542735
0.0599213
0.073576
0.075878
0.0696607
0.0596315
0.0645337
0.0664409
0.0431515
0.069636
0.0657395
0.0581482
0.061753
0.0743297
0.0657059
0.0513469
0.056601
0.0758004
0.0502346
0.0983878
0.056645
0.0582692
0.0733143
0.0812672
0.0608057
0.0892499
0.0493179
0.102205
0.0608674
0.0631279
0.0464456
0.0635836
0.0772342
0.0618859
0.0703669
0.095322
0.0479282
0.0397285
0.0730017
0.0941363
0.0681133
0.0567801
0.0601954
0.076548
0.0652971
0.0526754
0.0634734
0.0891471
0.0607425
0.0762081
0.076141
0.085063
0.0892081
0.059406
0.0530225
0.065528
0.0747862
0.104382
0.0870603
0.0858813
0.0819475
0.0562713
0.0637757
0.0501703
0.0661017
0.064313
0.0778798
0.0693597
0.0887132
0.0742777
0.0592391
0.0756902
0.0610591
0.0815827
0.0614752
0.0607494
0.066606
0.0546183
0.0662802
0.100404
0.0651314
0.0552624
0.0594752
0.068829
0.0637825
0.0872725
0.0611799
0.0544618
0.0902149
0.0650836
0.0787435
0.0664596
0.0666855
0.0770421
0.0717873
0.0782153
0.0532098
0.0678994
0.0633206
0.0502846
0.0614042
0.0739704
0.0698773
0.0678756
0.0714235
0.0715921
0.0759642
0.0775238
0.0556757
0.0632997
0.0818242
0.0740745
0.0865262
0.0929066
0.0391652
0.0420114
0.0546824
0.0727169
0.0677392
0.0586724
0.0541689
0.0570978
0.0685865
0.0834495
0.0686203
0.0920617
0.0553327
0.0737693
0.0596471
0.0438288
0.0668111
0.0659722
0.0528043
0.0680138
0.0697156
0.0565623
0.0361909
0.0614339
0.0461364
0.0695855
0.0744862
0.0824554
0.0604479
0.0902121
0.0894644
0.0900483
0.0988416
0.0693923
0.0750857
0.0672454
0.0685712
0.061186
0.0931677
0.0484142
0.0600855
0.0564949
0.0449281
0.0836044
0.0933181
0.0547952
0.0559694
0.0730973
0.0669936
0.0583654
0.0895602
0.0548461
0.0625001
0.0791305
0.0383756
0.0582593
0.0820052
0.0696362
0.0623212
0.0925369
0.0708048
0.0932891
0.0480725
0.0766203
0.0922753
0.0706808
0.0613348
0.0722101
0.0637098
0.0536084
0.0799079
0.0654926
0.0702854
0.0746507
0.0946785
0.0686533
0.0922564
0.0527489
0.0637965
0.0357367
0.093304
0.0762694
0.0524583
0.0745146
0.0566942
0.0597728
0.0668092
0.0624651
0.0566423
0.0565209
0.0721684
0.0903248
0.0592964
0.0534429
0.0577634
0.0878958
0.0689947
0.0864596
0.05637
0.0522351
0.0571544
0.0541041
0.0997297
0.090435
0.0691859
0.0617616
0.0779449
0.0743705
0.0536
0.0843582
0.0426093
0.0525798
0.056687
0.0892492
0.0510891
0.0561002
0.0943814
0.0716667
0.0795294
0.0656275
0.0591887
0.0854327
0.0819291
0.0891232
0.128994
0.0905741
0.0647615
0.109085
0.0752737
0.0459328
0.0578225
0.0633859
0.0628903
0.0893775
0.070146
0.0894317
0.0774967
0.0803636
0.0823608
0.0560013
0.0632771
0.035597
0.054901
0.0940281
0.0488588
0.0787779
0.0815012
0.0631842
0.0859429
0.0731292
0.0520215
0.0496351
0.0960155
0.0856675
0.0609915
0.0974906
0.0693745
0.0797591
0.0505249
0.0773769
0.0830659
0.0849941
0.088264
0.0667325
0.0711295
0.0601762
0.0664715
0.0799887
0.0384675
0.0729343
0.061879
0.0455994
0.064785
0.0858123
0.0873984
0.0748512
0.0739872
0.0444222
0.0498952
0.0823032
0.0584949
0.0824556
0.089576
0.0529268
0.0610224
0.0583915
0.0594853
0.0999299
0.0626372
0.0665261
0.0529415
0.0637873
0.0722243
0.105966
0.0808715
0.0935929
0.0734789
0.0812057
0.0547823
0.0526253
0.0665851
0.057531
0.0405309
0.0869803
0.0848
0.0751885
0.0760533
0.0712955
0.0478493
0.0822342
0.0634215
0.0686322
0.043689
0.0553281
0.0793176
0.0851816
0.038207
0.0487081
0.0839803
0.0675663
0.0545253
0.0598888
0.0731314
0.0590073
0.0548387
0.0962976
0.0940419
0.0753449
0.0725033
0.0694683
0.0953354
0.068273
0.0837012
0.0867617
0.036306
0.054472
0.0745226
0.0672504
0.0870207
0.0856812
0.0671792
0.103687
0.0545814
0.0681914
0.0593086
0.0768098
0.0751844
0.110241
0.0764408
0.0611497
0.0616837
0.0697841
0.0458996
0.0459208
0.0723591
0.0585016
0.0481814
0.0746856
0.0452631
0.0941343
0.0699891
0.0744439
0.0701922
0.0687951
0.0538138
0.103734
0.0655455
0.0678904
0.0686527
0.0715321
0.0671268
0.0714567
0.0681382
0.0746188
0.0599656
0.0853619
0.0457047
0.0736816
0.0757184
0.0737407
0.0726688
0.0930831
0.0869008
0.055609
0.0792424
0.0537987
0.0636379
0.0436687
0.0921305
0.104951
0.0864795
0.0588022
0.0454824
0.0614522
0.0665863
0.0904133
0.098804
0.0501906
0.0520705
0.084784
0.0845086
0.0770644
0.0791391
0.0755952
0.128828
0.0597813
0.0740008
0.046525
0.0929618
0.0468363
0.063282
0.0534178
0.0558224
0.0639513
0.109228
0.0785474
0.0891806
0.116486
0.075135
0.0569298
0.0999912
0.0624616
0.034057
0.0609727
0.0426586
0.0555034
0.0745761
0.0954018
0.080704
0.075588
0.0791275
0.0605384
0.0842961
0.06802
0.0771593
0.0753408
0.072662
0.063676
0.0624726
0.0719385
0.0622443
0.0874668
0.0811023
0.0837083
0.0518646
0.0765762
0.0566289
0.0707397
0.0514594
0.0524007
0.0551552
0.0733126
0.0933302
0.0876053
0.101979
0.0787956
0.0668221
0.0784796
0.09741
0.0449947
0.0718161
0.0745738
0.0736962
0.0532818
0.0994061
0.0761805
0.047753
0.0708884
0.0629714
0.0729444
0.0491523
0.045133
0.0714839
0.0890539
0.0439663
0.0389498
0.0705469
0.0804338
0.0616785
0.0721625
0.042739
0.0281799
0.0705905
0.0761143
0.0783098
0.0738853
0.0656184
0.0674465
0.100468
0.0874308
0.0445548
0.0716755
0.0888127
0.0517878
0.0763227
0.0593555
0.0548163
0.0723214
0.0664152
0.0673535
0.0762495
0.0605414
0.0492304
0.0717539
0.0805653
0.0885876
0.0624845
0.0831913
0.0553244
0.0799799
0.0668431
0.0534631
0.0767903
0.0589919
0.0649785
0.0531461
0.0700312
0.0783892
0.0514084
0.0562475
0.0586092
0.0629956
0.0787557
0.05082
0.0987271
0.0555599
0.0512862
0.062605
0.0764494
0.0808004
0.085074
0.0720387
0.101717
0.0515304
0.0707715
0.0745771
0.0843006
0.0915318
0.0466237
0.0574814
0.0511185
0.0489127
0.100596
0.110511
0.0569823
0.0620295
0.0572613
0.0684539
0.0583824
0.0539622
0.110114
0.0543097
0.0802503
0.0611272
0.0973757
0.0464236
0.0521501
0.0657538
0.0781842
0.0603512
0.0737768
0.0399811
0.0666008
0.0903782
0.0812843
0.0503864
0.0719239
0.0857861
0.0645737
0.0569653
0.036174
0.0659414
0.0847901
0.0471206
0.0828347
0.0582303
0.0652873
0.0576078
0.0506321
0.0664071
0.0736658
0.0694883
0.0819571
0.0526839
0.0983138
0.0720699
0.0629499
0.0455152
0.0713787
0.0839172
0.0808211
0.0800773
0.0757163
0.0937132
0.0765274
0.0537527
0.0817099
0.0864561
0.0656169
0.0778992
0.0713611
0.0699159
0.0772366
0.097166
0.0658555
0.0624559
0.0708062
0.074009
0.0795926
0.0800902
0.060111
0.0542841
0.0577754
0.0462427
0.0697978
0.0642244
0.070221
0.081411
0.0850421
0.0637258
0.0648498
0.116578
0.0555514
0.0965031
0.0642302
0.0729297
0.0814618
0.0669984
0.0745643
0.0632882
0.0819088
0.0586951
0.0738797
0.0622853
0.0590593
0.0438894
0.0861415
0.0903717
0.0676303
0.0845986
0.0641645
0.0360986
0.0750659
0.0901558
0.0668435
0.0664908
0.0735707
0.0865762
0.0584642
0.0537836
0.109309
0.0702201
0.0578729
0.075947
0.058119
0.0761866
0.0530964
0.0417422
0.0797862
0.0703896
0.0809312
0.0762315
0.075242
0.0543319
0.0678333
0.0651592
0.0641737
0.0520488
0.0530509
0.09374
0.0745343
0.0889628
0.071275
0.0772449
0.0574375
0.0678752
0.0803419
0.11907
0.0958108
0.098352
0.103642
0.067375
0.044939
0.0405663
0.0817029
0.072395
0.0941104
0.071139
0.0678449
0.0569329
0.0591569
0.0856009
0.0482977
0.0867862
0.0728439
0.0795217
0.0715675
0.0597573
0.0819829
0.049578
0.0835797
0.0504018
0.0704592
0.066337
0.0703456
0.0609198
0.0472015
0.0702782
0.0879429
0.0864141
0.0912717
0.0805457
0.086006
0.0708897
0.0438247
0.04572
0.068449
0.0548324
0.0852569
0.076898
0.0804822
0.0559827
0.0664126
0.0864157
0.0781197
0.0649048
0.0558133
0.079314
0.0664913
0.0707405
0.0873032
0.0722858
0.112884
0.0650878
0.0645265
0.080896
0.0386885
0.0594556
0.0871368
0.0723126
0.0939424
0.0671052
0.0776934
0.0582227
0.0645809
0.0518252
0.0861315
0.0764257
0.0837509
0.0771062
0.0849252
0.054265
0.061413
0.0734873
0.0548251
0.0610882
0.0693237
0.0818428
0.0716683
0.0619475
0.0599593
0.0699078
0.055894
0.0992598
0.0857151
0.0911215
0.0478534
0.0727343
0.0544665
0.0575802
0.070289
0.0842559
0.0639427
0.0746033
0.0713696
0.0718436
0.0427873
0.0737601
0.0510371
0.063527
0.0610557
0.0620252
0.0725516
0.0445011
0.0523712
0.0858738
0.0592794
0.0885819
0.0640421
0.0719882
0.049963
0.0933714
0.0888447
0.0543508
0.0724519
0.0681678
0.0848733
0.0527308
0.0635008
0.0689535
0.0471279
0.0538557
0.0664363
0.0569044
0.0634348
0.0831886
0.0621535
0.078256
0.0780218
0.0974968
0.0550658
0.0795631
0.0517298
0.0712767
0.0791484
0.0536268
0.0794307
0.0491298
0.0568144
0.0822292
0.0701468
0.0639499
0.0770778
0.0503324
0.0786838
0.0891204
0.0689431
0.0794359
0.0678451
0.0748329
0.0821046
0.0753185
0.0632112
0.0895368
0.0699879
0.0505723
0.0541445
0.0608633
0.0448087
0.0728153
0.0672914
0.0793412
0.0627616
0.0786844
0.061594
0.0780362
0.0867634
0.0534123
0.0703351
0.0520902
0.0463188
0.07205
0.0700434
0.0603813
0.0934833
0.0555771
0.0469528
0.0788303
0.0700462
0.0656282
0.0705728
0.103612
0.0685232
0.0836191
0.0946437
0.0916447
0.0820668
0.077919
0.0433897
0.0545409
0.0661088
0.066768
0.0735967
0.0717766
0.0737887
0.060173
0.0754097
0.0347174
0.0695452
0.0814262
0.0586852
0.0856974
0.0881296
0.0802509
0.0736102
0.0576416
0.0730816
0.0739129
0.0916129
0.0704004
0.0586561
0.0667674
0.0476827
0.0685305
0.093022
0.0697036
0.0889583
0.0781413
0.0686524
0.0716522
0.0863749
0.0673729
0.0673858
0.0693369
0.0739004
0.0784571
0.0738721
0.0899882
0.0923175
0.0654295
0.0840939
0.0762552
0.078902
0.0609612
0.0964111
0.0766526
0.0590355
0.0553148
0.105321
0.083743
0.0599808
0.0636713
0.0714571
0.0726483
0.0613773
0.062136
0.077738
0.0742759
0.05096
0.0835148
0.0913749
0.0666542
0.06912
0.0455664
0.0685418
0.0800535
0.0809215
0.0516596
0.0308004
0.0556197
0.0670606
0.0565197
0.058811
0.0629313
0.0632559
0.058554
0.0779625
0.0764393
0.0953213
0.0527675
0.0443376
0.0996318
0.0556872
0.0586238
0.0804174
0.0547936
0.102569
0.0818889
0.0515533
0.0647248
0.0763951
0.0602256
0.0564408
0.0760955
0.0740238
0.0863245
0.0597507
0.0649921
0.0702177
0.07103
0.0657538
0.0541675
0.0758724
0.0557876
0.0737916
0.0666879
0.0501566
0.0572145
0.0656916
0.0787364
0.0880568
0.0648936
0.040145
0.0520771
0.0928952
0.0993671
0.0768395
0.058114
0.0822806
0.0776299
0.0974551
0.0608199
0.0592429
0.0884025
0.0575156
0.0824961
0.054678
0.0653506
0.0670942
0.0640232
0.0403291
0.0718786
0.105225
0.0632599
0.074726
0.0638628
0.0585928
0.0669504
0.0720162
0.046962
0.0812422
0.0664192
0.0959809
0.0643332
0.0691252
0.0512985
0.0552774
0.0895532
0.0591308
0.08277
0.0490615
0.0646834
0.0612531
0.086694
0.0568727
0.0814867
0.101472
0.0645007
0.0666791
0.0505589
0.0493468
0.0492317
0.0781084
0.0774217
0.0877872
0.0587596
0.0643517
0.0724589
0.0819365
0.0545363
0.0635395
0.0858905
0.0589132
0.058608
0.0674341
0.0750556
0.0723843
0.0704585
0.0489293
0.051003
0.0499778
0.0381753
0.0453124
0.0799931
0.0637051
0.0628683
0.036011
0.0631634
0.0507497
0.0904372
0.0767183
0.0716032
0.0813676
0.0757708
0.0807606
0.055462
0.0562354
0.0431672
0.0779023
0.0555221
0.0781303
0.0740292
0.0613284
0.0931423
0.0553098
0.0416692
0.0755014
0.0765149
0.0740351
0.0632649
0.0859363
0.0510525
0.0712077
0.0636726
0.0535695
0.0639507
0.0967171
0.0530441
0.0570864
0.0801499
0.0657798
0.0794305
0.0757026
0.0454476
0.0677608
0.0597346
0.0619159
0.0872626
0.0580972
0.0739897
0.0692656
0.0566736
0.0671063
0.0807552
0.107414
0.0422525
0.0476327
0.070963
0.0506901
0.0866288
0.0595314
0.0708046
0.0629521
0.077612
0.0777983
0.0849105
0.0817034
0.0631358
0.0824288
0.090274
0.0604918
0.0837858
0.0676487
0.0497546
0.0857885
0.0827437
0.0489918
0.0892122
0.0981016
0.0528189
0.0757032
0.050296
0.0587202
0.0626038
0.0605182
0.0785072
0.0939606
0.0630798
0.0812253
0.0779295
0.0449875
0.0570552
0.0511146
0.0648735
0.0554026
0.0912694
0.0632623
0.068151
0.0645578
0.0709133
0.0477827
0.0714251
0.0679273
0.066947
0.0824648
0.0565076
0.0654027
0.0794051
0.0698734
0.0707767
0.0777415
0.054234
0.0781664
0.0657997
0.0679042
0.064153
0.0631442
0.0717009
0.0755847
0.10057
0.0962328
0.0442999
0.0753918
0.0739711
0.0818292
0.054895
0.0817383
0.0632432
0.0779742
0.0791674
0.0706007
0.0775155
0.0529156
0.0535534
0.070928
0.0803504
0.0665615
0.0546981
0.0919852
0.0585675
0.0876768
0.0771921
0.0697791
0.105846
0.0646076
0.0659649
0.053744
0.0524094
0.0511598
0.0719905
0.0894415
0.0622721
0.0665114
0.0659039
0.0594094
0.0695259
0.0789926
0.0569024
0.0625394
0.0484646
0.0752548
0.071574
0.0693757
0.0687857
0.058879
0.0735952
0.0654418
0.0767752
0.0456099
0.0546316
0.0687174
0.0741822
0.0398523
0.0732572
0.062494
0.0586137
0.05445
0.0683077
0.0534091
0.0562507
0.0441
0.062854
0.0976041
0.0636002
0.0848629
0.0922566
0.0879501
0.083252
0.051317
0.0653558
0.072608
0.0874609
0.055327
0.0818197
0.0556865
0.0613343
0.0948802
0.0707345
0.0756353
0.0972738
0.0891021
0.0793814
0.0673871
0.0923196
0.070337
0.0594068
0.0665167
0.0586709
0.0457878
0.062377
0.0914703
0.0765357
0.0903803
0.0697564
0.0479569
0.0897987
0.0582823
0.0712741
0.0628301
0.0816193
0.0457274
0.0385246
0.0626954
0.0677078
0.0585152
0.0525189
0.0579612
0.0675657
0.0738985
0.0661748
0.0555153
0.0730918
0.0601956
0.0806707
0.0949448
0.0872969
0.104981
0.0679952
0.0626983
0.0468586
0.0724936
0.0488598
0.0901524
0.0582959
0.0536869
0.0692474
0.0809501
0.0850693
0.0960281
0.0832205
0.0604797
0.0621615
0.0723491
0.0728436
0.0558762
0.0488769
0.0660052
0.0601742
0.0564071
0.0734005
0.0528052
0.0807431
0.0771141
0.0828877
0.0745744
0.0891016
0.0630163
0.0967869
0.0474007
0.072032
0.0751663
0.0757225
0.0531038
0.0748896
0.0583891
0.0619211
0.0764894
0.0870141
0.108857
0.0596407
0.0763441
0.0891444
0.117732
0.0917179
0.104092
0.083651
0.0478479
0.0737787
0.0899604
0.0632921
0.0633582
0.0803154
0.0765869
0.0617759
0.0495217
0.0647787
0.0597936
0.0612865
0.0757005
0.0541016
0.0772644
0.0530783
0.0669217
0.0838335
0.0742492
0.0888156
0.0642738
0.0520654
0.0747461
0.0527531
0.061615
0.0683926
0.0672329
0.0790472
0.0723366
0.0799229
0.0686968
0.0763422
0.0790054
0.0769572
0.0683276
0.083732
0.0775525
0.0577378
0.0700473
0.0589116
0.0458939
0.0749811
0.0563487
0.0511958
0.0611315
0.0524645
0.0850219
0.0746018
0.0645273
0.0694078
0.0435786
0.0600368
0.0751072
0.0983623
0.0752831
0.0658152
0.102821
0.0636927
0.104933
0.069551
0.076847
0.0965789
0.109713
0.0633826
0.0594471
0.0658822
0.058073
0.067624
0.0959631
0.0586113
0.0664562
0.0624339
0.0761927
0.0848785
0.0791085
0.0630411
0.0648799
0.0760564
0.0449078
0.0865332
0.0699745
0.0938537
0.0542483
0.0779747
0.0310237
0.064987
0.0939299
0.0768092
0.0717749
0.052871
0.0583344
0.0639956
0.0613492
0.084715
0.114356
0.0678813
0.0658637
0.0736037
0.104952
0.0636448
0.0720681
0.0738799
0.0989176
0.0720298
0.0752769
0.0742804
0.084591
0.106403
0.0434742
0.0835222
0.0998893
0.0772367
0.0544761
0.0592417
0.0595619
0.0682586
0.0790077
0.0668553
0.0378215
0.059128
0.077143
0.0696193
0.0590587
0.0574155
0.0742643
0.0671284
0.0924453
0.10874
0.0833155
0.0822394
0.0653684
0.08006
0.0538412
0.0726233
0.0744501
0.0500335
0.0842668
0.0759008
0.0744693
0.0870661
0.083752
0.0800478
0.0721614
0.089912
0.0323809
0.0464255
0.112802
0.0462014
0.0786016
0.0745143
0.0680072
0.084261
0.041777
0.0512118
0.0579412
0.0621119
0.0808772
0.0576748
0.0764392
0.102183
0.0798907
0.0851187
0.0962246
0.0706578
0.0931072
0.0572188
0.0594836
0.0662472
0.0617148
0.0839644
0.0597457
0.0654453
0.0875514
0.0777839
0.0722854
0.0923094
0.0752822
0.083427
0.10554
0.0837162
0.0506883
0.0669662
0.0596559
0.0529826
0.0876212
0.0544753
0.0667525
0.089074
0.0758547
0.0858191
0.0748019
0.0897134
0.0680737
0.0754197
0.0813654
0.0677769
0.0624491
0.0739574
0.0959007
0.0620367
0.0808453
0.0552337
0.0907868
0.0522229
0.0528717
0.0819033
0.0706617
0.0255697
0.101917
0.0800635
0.037834
0.0859286
0.0631622
0.059842
0.0580154
0.0583334
0.0885173
0.0538819
0.117799
0.0482001
0.0495557
0.0582307
0.0614397
0.0749868
0.084466
0.0610429
0.0831693
0.0730031
0.0608615
0.0705247
0.0807248
0.0548202
0.0622579
0.0618977
0.0778379
0.0618759
0.0688445
0.0434919
0.058091
0.0805301
0.0672201
0.0803551
0.0532138
0.056099
0.0689539
0.0705118
0.0525444
0.0622417
0.0484296
0.0629016
0.0618158
0.0589012
0.0602802
0.0674032
0.0771601
0.0683214
0.0621545
0.0620037
0.038507
0.0552713
0.079068
0.0449685
0.0470307
0.0718614
0.0432654
0.080131
0.100157
0.0567905
0.0673881
0.0759166
0.0696892
0.0573299
0.054186
0.0814908
0.0848365
0.061105
0.0813145
0.0966644
0.0757354
0.0585994
0.0813023
0.0782491
0.0679682
0.0860043
0.040622
0.081535
0.104005
0.0708241
0.0534859
0.0561016
0.0615572
0.0586888
0.0596332
0.0461274
0.0550331
0.0730388
0.0574191
0.0681059
0.0825992
0.0828371
0.0457905
0.0624221
0.0931616
0.101288
0.0863729
0.0614993
0.0642063
0.0715339
0.0453948
0.0778463
0.0693712
0.101694
0.0598112
0.0944415
0.078475
0.0398348
0.0670515
0.0515554
0.042073
0.107274
0.0847296
0.0598695
0.0575319
0.0617852
0.0527939
0.0653764
0.070995
0.0463489
0.0680834
0.0622066
0.0701657
0.0750018
0.0849176
0.0550954
0.0503472
0.0465754
0.0514615
0.0483732
0.049268
0.0535389
0.0840947
0.0646743
0.0689123
0.0538339
0.0950383
0.0865804
0.0734724
0.0828533
0.0727439
0.0617677
0.0828725
0.0580056
0.0570324
0.0807193
0.0919088
0.0772124
0.0593067
0.0533361
0.0659187
0.0718442
0.0486323
0.0617791
0.0656133
0.0602085
0.062144
0.0663599
0.0788418
0.0620356
0.0705945
0.0661859
0.0732292
0.0748443
0.0689746
0.0840369
0.0834343
0.0708367
0.0536009
0.0626788
0.046111
0.104886
0.080666
0.0636292
0.0738105
0.069788
0.0559273
0.0846144
0.0664877
0.0509307
0.0516861
0.0360882
0.0690161
0.0701176
0.0824764
0.0813416
0.0562384
0.0744416
0.0563585
0.0798155
0.0687886
0.0621978
0.0602609
0.068045
0.0489393
0.0688465
0.0450767
0.0506593
0.0799058
0.077924
0.105045
0.1091
0.0648495
0.0690532
0.0684345
0.0473711
0.0644186
0.0617065
0.0625645
0.0654055
0.0702909
0.0615741
0.0607922
0.0825108
0.0981446
0.0604572
0.0713063
0.0406343
0.0540303
0.0864379
0.0709192
0.0633605
0.0738605
0.0733585
0.0762003
0.0598024
0.0893291
0.0861153
0.0674888
0.0800952
0.0688571
0.083423
0.0976028
0.0837409
0.064927
0.0702967
0.0722725
0.072061
0.0801475
0.0686664
0.0548902
0.0729465
0.0652735
0.107319
0.0897523
0.0554426
0.0335803
0.0643942
0.0560052
0.0711965
0.0793644
0.0604163
0.0713391
0.0747118
0.0555457
0.0565567
0.077413
0.0839464
0.0521546
0.0759118
0.0776528
0.0787101
0.0712781
0.0669333
0.0954375
0.100923
0.0550548
0.052402
0.0579252
0.0547246
0.0510801
0.0665723
0.0546251
0.0858576
0.0778574
0.0708906
0.086468
0.0616199
0.0498915
0.0552682
0.0769991
0.0524896
0.0787769
0.0493696
0.0718045
0.0753564
0.0694123
0.0585391
0.0699033
0.0910553
0.051121
0.0844921
0.0971189
0.053703
0.0700009
0.0551316
0.0746985
0.046117
0.0390248
0.0622655
0.0744846
0.0722609
0.0767231
0.066519
0.0606238
0.0589632
0.0737447
0.0733677
0.0695452
0.0510844
0.0548584
0.0962337
0.0957167
0.060394
0.0760621
0.0637068
0.0661259
0.0623058
0.0810587
0.0765453
0.0419336
0.058833
0.0657862
0.065145
0.0875551
0.114391
0.0674404
0.0651708
0.0581413
0.0615551
0.0739666
0.0669303
0.071207
0.0513324
0.0755691
0.0698462
0.066242
0.0598809
0.0465015
0.0700591
0.0501109
0.0734447
0.0680622
0.0570702
0.0614972
0.0756779
0.0903803
0.0579126
0.0876178
0.0917339
0.0595367
0.0750512
0.0954321
0.0904638
0.0984004
0.0709972
0.109395
0.0635431
0.0657618
0.0466425
0.0539794
0.0617322
0.0780637
0.0565034
0.0707696
0.036764
0.0758496
0.0588602
0.0513895
0.0764257
0.101141
0.063627
0.0577024
0.0636266
0.0878104
0.0747
0.0763287
0.080825
0.0839584
0.0903105
0.0466231
0.0528351
0.0419161
0.0645203
0.0656627
0.0648754
0.0690127
0.0811079
0.0887901
0.103655
0.0642238
0.086652
0.0792062
0.0781613
0.0702259
0.0830755
0.080969
0.056668
0.0885236
0.0719161
0.0435885
0.0646661
0.115481
0.0464837
0.0839247
0.0825634
0.0507121
0.0606678
0.088562
0.101011
0.0623314
0.0918045
0.0558836
0.0651477
0.0540323
0.058998
0.0554307
0.0678842
0.0810484
0.0753294
0.0836366
0.0593766
0.0493413
0.0882953
0.0632118
0.0580517
0.071316
0.0750413
0.0565456
0.0760919
0.073381
0.0737541
0.0770745
0.0529373
0.0398858
0.0551612
0.0759517
0.0492502
0.0753741
0.0895336
0.075247
0.0803488
0.0654578
0.0374725
0.0869582
0.0738011
0.0477025
0.0538426
0.0763208
0.0469383
0.053653
0.0775054
0.0612169
0.0715398
0.0605956
0.0513339
0.0699216
0.0914375
0.071788
0.0721872
0.0705767
0.0711222
0.0689907
0.0809109
0.0432747
0.0637652
0.0839161
0.0491737
0.0670009
0.0751859
0.0911254
0.0498387
0.0799728
0.0540394
0.0603122
0.0500739
0.0669842
0.0529903
0.112144
0.0639426
0.0595836
0.067942
0.0799356
0.0893417
0.0713544
0.0577706
0.0904072
0.0871929
0.0621278
0.0564679
0.0654607
0.0839046
0.0455921
0.0360815
0.0668693
0.0832586
0.0626835
0.0593799
0.0709563
0.079058
0.072874
0.0540604
0.090447
0.0466203
0.0697702
0.0997844
0.0784391
0.0618217
0.0674539
0.0718999
0.0340583
0.0604502
0.0603238
0.0839044
0.0620797
0.0723576
0.0586154
0.0839383
0.0702709
0.0682555
0.0721767
0.0356316
0.0688403
0.0602341
0.0789866
0.0749873
0.0789215
0.0672793
0.0631097
0.0662155
0.0816508
0.0618467
0.118538
0.0794862
0.0665863
0.0746207
0.0480236
0.053935
0.0693772
0.0437237
0.0502983
0.0639818
0.0556411
0.0831926
0.0841857
0.0646116
0.0702773
0.0637811
0.037709
0.0726909
0.0584315
0.0962472
0.0599706
0.0581386
0.0579153
0.0587614
0.0629241
0.0661716
0.0649626
0.0901623
0.0779134
0.0879912
0.0664464
0.069057
0.0601366
0.101538
0.0403848
0.0408032
0.0684222
0.06946
0.06577
0.0910279
0.0683652
0.0575567
0.0779564
0.0611825
0.091443
0.0630101
0.083148
0.0862269
0.0848534
0.0569079
0.069896
0.0787511
0.0761767
0.0721755
0.0642672
0.0752091
0.11354
0.0372269
0.0682539
0.0976748
0.0979962
0.0709708
0.0438077
0.0721391
0.065287
0.0875667
0.0808665
0.0557338
0.0931293
0.0892003
0.0218356
0.0971186
0.0490873
0.0615923
0.0620277
0.049673
0.0920403
0.075392
0.0926577
0.0729454
0.0559737
0.060666
0.0676291
0.0774094
0.0725494
0.0627936
0.0463906
0.0888955
0.044364
0.0686114
0.0747796
0.0829828
0.0882419
0.076858
0.055786
0.0834879
0.0756916
0.073492
0.0787608
0.0710809
0.0383035
0.0608555
0.0700026
0.0279848
0.0742328
0.0597148
0.0784579
0.0361386
0.0749275
0.0568126
0.0614294
0.0806586
0.060785
0.0754705
0.0666772
0.0803178
0.0606119
0.09828
0.0771153
0.0730353
0.0851756
0.0800111
0.0691126
0.0680611
0.0614361
0.0662561
0.0500228
0.0687715
0.0483413
0.0606282
0.0730421
0.0718304
0.0786869
0.0471638
0.0566668
0.10686
0.0440569
0.0738526
0.0422695
0.0298746
0.0688768
0.0690725
0.0848171
0.0574011
0.0725105
0.0500236
0.0548
0.0738292
0.0714815
0.0552901
0.0688677
0.0822752
0.0631304
0.0770435
0.105667
0.0683193
0.0592036
0.0493537
0.0557913
0.0756971
0.0617937
0.0664874
0.072477
0.0562482
0.0640915
0.0522621
0.0708428
0.0651192
0.0639739
0.0586285
0.0653947
0.0685599
0.0597187
0.0745731
0.0798172
0.063568
0.0660889
0.0683583
0.0709507
0.0753129
0.0648726
0.0255261
0.0830975
0.071459
0.078651
0.0950375
0.0847093
0.0584683
0.0453839
0.0558875
0.062187
0.0828153
0.0741834
0.064432
0.0565471
0.083521
0.0770629
0.0720716
0.0854699
0.0292362
0.0528767
0.066995
0.0556246
0.087098
0.0677727
0.0693328
0.0549292
0.044367
0.0615396
0.0583084
0.0636935
0.0457434
0.0404608
0.0558384
0.0752894
0.057193
0.0761769
0.0371955
0.068004
0.062065
0.0538015
0.0731631
0.0822182
0.0250299
0.0652316
0.10565
0.0529131
0.0510188
0.0544773
0.0456009
0.0585879
0.0974417
0.0475204
0.0704697
0.067422
0.111983
0.0694197
0.0893709
0.072941
0.0713116
0.0833326
0.0620115
0.0586174
0.0543557
0.0807404
0.064681
0.0613929
0.0694265
0.0650837
0.0878589
0.0629579
0.0999092
0.0493248
0.0713653
0.0551283
0.068367
0.0787563
0.0570616
0.0715427
0.0478902
0.0917446
0.0886275
0.0760847
0.0672263
0.0634028
0.0501822
0.0384379
0.0747156
0.098119
0.0785201
0.0622956
0.0517386
0.070206
0.0438132
0.0542918
0.0755435
0.0904248
0.0489999
0.0899908
0.0741324
0.0720524
0.05639
0.0689605
0.0480709
0.0836525
0.0668142
0.0478213
0.0858204
0.0872417
0.072316
0.0893345
0.0720506
0.0420822
0.0685339
0.0622358
0.0815349
0.0959686
0.0458136
0.0577743
0.089637
0.0946813
0.0519239
0.0503378
0.073008
0.0360948
0.0824614
0.0906968
0.0636861
0.0670777
0.0792751
0.0706628
0.0588118
0.089015
0.0488089
0.080975
0.0421759
0.0687591
0.0402253
0.0681678
0.0754697
0.0830092
0.0783557
0.0322441
0.0724631
0.061626
0.0816727
0.0809589
0.0996451
0.0657236
0.0694835
0.0860848
0.0743107
0.068105
0.0751067
0.0630097
0.053895
0.0476593
0.0483033
0.0806451
0.0776111
0.0542139
0.0334913
0.0626848
0.0649899
0.0798905
0.0793117
0.0635051
0.0952656
0.063017
0.0523899
0.0564667
0.0811624
0.0863881
0.0846771
0.053908
0.0609069
0.0750268
0.093348
0.0564499
0.0664002
0.0639953
0.0551893
0.084469
0.0632799
0.089772
0.0653549
0.055105
0.0284923
0.0950347
0.104491
0.0382082
0.0601668
0.0636906
0.054871
0.0958772
0.0864071
0.0485372
0.0887354
0.0610584
0.0556797
0.0711248
0.0566923
0.0746029
0.0843367
0.0620174
0.0761398
0.0841395
0.0606451
0.0661492
0.0953058
0.0844705
0.044832
0.0656646
0.0657183
0.0523785
0.0583062
0.0608664
0.0423575
0.0261957
0.0851201
0.0389718
0.0605589
0.0834439
0.0392308
0.0726886
0.043672
0.072552
0.0997417
0.0773657
0.0940443
0.0477037
0.0779716
0.0805214
0.0711716
0.0706593
0.0436476
0.0659413
0.0659515
0.0562341
0.0688415
0.0518338
0.0569842
0.0969084
0.0567097
0.0569007
0.074259
0.0830935
0.0607425
0.0514038
0.0799496
0.0553579
0.0644748
0.0926018
0.0485386
0.0808362
0.0733143
0.0583767
0.0484179
0.0691582
0.0517896
0.0706848
0.0786712
0.0485959
0.0538187
0.0757065
0.0695592
0.0755887
0.0989357
0.0874196
0.0725308
0.0731472
0.0803638
0.0718694
0.0666096
0.0477611
0.0793011
0.0590494
0.02916
0.0687544
0.0676575
0.0843026
0.0594563
0.046355
0.0799963
0.0569045
0.0823744
0.0506657
0.0694452
0.0606271
0.0783895
0.0633874
0.0763624
0.0819105
0.0670302
0.0654533
0.0685202
0.0721972
0.0803539
0.0310188
0.0580863
0.0653346
0.0446059
0.0515005
0.0837919
0.0632364
0.0551283
0.0656048
0.0811962
0.0756604
0.0647188
0.0603735
0.0789224
0.0602873
0.0746545
0.0470102
0.0688831
0.073725
0.0691289
0.0629198
0.0954134
0.0674585
0.0568415
0.0657966
0.0964762
0.0684599
0.0357349
0.0870503
0.0913847
0.09007
0.0671487
0.0870752
0.0505792
0.0918061
0.0618949
0.0648377
0.0947908
0.0624523
0.0588675
0.0687625
0.0842832
0.0510503
0.0959984
0.0985384
0.0657676
0.0633389
0.0511989
0.0733438
0.0774763
0.063183
0.0663759
0.0915779
0.0835498
0.0717023
0.0614069
0.0895691
0.0433616
0.0598095
0.0708634
0.0532041
0.0689693
0.0558561
0.0526078
0.0726764
0.112273
0.031805
0.0861045
0.0672914
0.0554873
0.0525641
0.0624496
0.0499423
0.098398
0.0826966
0.0675537
0.0628569
0.051664
0.0758182
0.0864023
0.058073
0.060992
0.0601519
0.0609729
0.0490041
0.073739
0.082379
0.0472688
0.0840635
0.0549082
0.0489052
0.0539877
0.0940973
0.0683628
0.0779807
0.0773291
0.0534045
0.0667508
0.0809853
0.0886792
0.0447221
0.0706169
0.0644568
0.0799552
0.0677067
0.0701405
0.0703239
0.0494981
0.0338671
0.0644344
0.0634189
0.072219
0.0617541
0.097669
0.0865875
0.096934
0.0776001
0.0498938
0.0558481
0.0601176
0.0791927
0.0741637
0.0586592
0.0836122
0.0804118
0.0731044
0.0817284
0.0656647
0.107831
0.0501531
0.065556
0.0647444
0.0314431
0.0924935
0.0606963
0.0938427
0.0825074
0.0729693
0.0824583
0.0583234
0.0782642
0.0657907
0.0650348
0.103594
0.0676119
0.0933053
0.0614711
0.0658402
0.0767905
0.0684504
0.0507264
0.106532
0.0724979
0.0596478
0.0596412
0.0589785
0.0588385
0.0771714
0.0957893
0.0675741
0.0528822
0.0520896
0.0570304
0.086481
0.0563034
0.05464
0.0975687
0.084729
0.0893389
0.0512421
0.0741023
0.052356
0.0533002
0.0532803
0.0633308
0.0787853
0.0858498
0.0803356
0.0539659
0.0918231
0.0541403
0.0719447
0.0785435
0.0625538
0.0614056
0.073543
0.0424733
0.0852834
0.0660834
0.0877477
0.0600016
0.0405304
0.0605407
0.0646128
0.0771598
0.0697102
0.0908436
0.0748394
0.076251
0.0817565
0.0772635
0.073478
0.0688099
0.0685944
0.0497003
0.0785935
0.0617027
0.063062
0.0535779
0.0757448
0.0428817
0.0777842
0.0996586
0.0672656
0.0521631
0.0679773
0.0638683
0.073518
0.0428203
0.0824793
0.0693355
0.0692965
0.0550713
0.0797226
0.0544062
0.0730212
0.0637172
0.0644915
0.0630137
0.0975247
0.0548556
0.0717117
0.0605453
0.0565095
0.0476662
0.103067
0.0552302
0.0620896
0.0819551
0.103609
0.0580525
0.0747173
0.0509082
0.0443795
0.0569477
0.0685158
0.0694817
0.0920672
0.0870179
0.0476926
0.061346
0.0712863
0.0519293
0.0512794
0.06333
0.0773849
0.0684027
0.0575868
0.0675299
0.0730268
0.0560034
0.0845296
0.0620427
0.0570881
0.0453187
0.070068
0.0728235
0.0644972
0.0590784
0.0817955
0.0642892
0.0682815
0.0725735
0.0681919
0.075094
0.0637657
0.0537468
0.0550406
0.0638814
0.0891703
0.0711106
0.0687988
0.0683212
0.0605429
0.0638808
0.0567812
0.0614045
0.0644193
0.0630887
0.0704847
0.0814948
0.065208
0.0502332
0.0667428
0.0705312
0.0734882
0.076665
0.0794432
0.0864145
0.0656712
0.0583077
0.0664026
0.0602755
0.0459951
0.0728314
0.048768
0.0482822
0.0797446
0.0598609
0.0424275
0.0691515
0.0782442
0.0542084
0.0907445
0.0720972
0.0686383
0.0838145
0.0711699
0.0912729
0.0676775
0.0805701
0.0660583
0.0575786
0.0615202
0.0622173
0.0670792
0.0509854
0.0695872
0.0524973
0.0854538
0.065899
0.0910815
0.0547816
0.0595762
0.0706991
0.0854651
0.0839151
0.0611645
0.111328
0.0455743
0.0883715
0.0766466
0.085014
0.0705145
0.0705758
0.0714292
0.0709901
0.111424
0.062903
0.058922
0.0623864
0.0728654
0.0647112
0.0854556
0.0691994
0.0829711
0.0903279
0.072505
0.0467178
0.106979
0.0784948
0.0585982
0.0689352
0.062738
0.0606
0.0699395
0.0881242
0.0625564
0.080886
0.0735457
0.0922424
0.090389
0.0871038
0.0643784
0.0603513
0.0794387
0.0726678
0.0860435
0.093423
0.0575835
0.0727004
0.0671355
0.0763018
0.0926206
0.0524288
0.0587635
0.0868608
0.0520558
0.0688549
0.0800387
0.104628
0.0903302
0.105103
0.0758403
0.0670089
0.0681044
0.0664705
0.0589356
0.102092
0.0577903
0.0544379
0.0668349
0.0624863
0.0469057
0.0529845
0.0527773
0.0447807
0.0676264
0.0726564
0.0731045
0.0783208
0.0466133
0.0676777
0.0795596
0.0595846
0.0637277
0.092197
0.0705252
0.113734
0.0997274
0.0582905
0.0736361
0.0713488
0.056308
0.0745245
0.050871
0.0868905
0.0961867
0.0776184
0.0638265
0.0526321
0.0699059
0.041493
0.0758937
0.0774074
0.0717309
0.087441
0.0572837
0.0694302
0.0567169
0.0846431
0.048989
0.0909389
0.0702149
0.0820619
0.0534629
0.0540148
0.0889987
0.0808368
0.0710994
0.0525618
0.108961
0.090333
0.0832216
0.0809461
0.0444742
0.0663619
0.0695932
0.0820958
0.0488258
0.0714696
0.0588231
0.0799929
0.0671497
0.0455745
0.0351842
0.108504
0.0730318
0.0640883
0.0777465
0.089776
0.0723408
0.0562616
0.0548939
0.0878142
0.0664731
0.0908389
0.048267
0.0691595
0.0621033
0.0434153
0.0509897
0.079004
0.0852608
0.086236
0.0555629
0.0492903
0.0618151
0.0851382
0.0370522
0.0675851
0.0669721
0.0544545
0.086127
0.0424661
0.0231407
0.0835981
0.059839
0.0532015
0.0739905
0.117752
0.0570801
0.0766724
0.0783409
0.0696235
0.070938
0.0569691
0.0714946
0.0516696
0.0630882
0.061782
0.0660008
0.0642569
0.043682
0.0856793
0.101645
0.0558038
0.0607205
0.0780172
0.061211
0.0587912
0.0762826
0.0690833
0.0884633
0.0841071
0.0699675
0.0573519
0.0606637
0.0646386
0.0673743
0.0672304
0.0518117
0.076259
0.0910114
0.0733532
0.0397382
0.0465679
0.110184
0.0654016
0.0651153
0.0854144
0.0801869
0.0515925
0.0746106
0.0817233
0.0691476
0.0486331
0.037222
0.0581489
0.0495691
0.0894677
0.0843909
0.0556154
0.0935728
0.0777849
0.0435992
0.0517657
0.100167
0.058285
0.0866914
0.0853409
0.0565686
0.0787197
0.0665179
0.0744436
0.0799921
0.079177
0.0741236
0.0656399
0.0856325
0.0627201
0.0725213
0.0412344
0.0706902
0.0528624
0.0800999
0.0548751
0.0765814
0.0697025
0.0478325
0.0732984
0.035516
0.0679464
0.0890239
0.0624939
0.061419
0.0582342
0.0410409
0.0777264
0.0995841
0.0592796
0.0615923
0.0487926
0.0463265
0.0752358
0.0679309
0.0870314
0.058718
0.0555664
0.0812161
0.072145
0.0763712
0.0803162
0.0486107
0.0618975
0.0600357
0.05985
0.0684461
0.06797
0.0598097
0.0627466
0.0927625
0.0687481
0.0760825
0.0659379
0.0669262
0.0442937
0.0504549
0.0548711
0.0681887
0.0760883
0.0583314
0.0589058
0.0622313
0.0540577
0.0591511
0.0757267
0.0707338
0.0643416
0.0852358
0.0494172
0.0658327
0.0721005
0.0760493
0.0919307
0.0772385
0.0601608
0.0668977
0.0704471
0.060107
0.0497668
0.0865429
0.0520499
0.0613735
0.0828471
0.0602886
0.0494315
0.0605328
0.060775
0.0452332
0.0670838
0.0660872
0.07195
0.0583196
0.0654263
0.0656916
0.0726659
0.046616
0.076981
0.0565566
0.0693297
0.0440515
0.0435554
0.102946
0.0689983
0.0784785
0.0683492
0.0847153
0.0664407
0.0539241
0.100963
0.0880594
0.0753161
0.0877661
0.0524428
0.0603119
0.0721438
0.0662719
0.0620653
0.0599591
0.0813215
0.0572841
0.0734847
0.0480882
0.0678665
0.0712037
0.0574237
0.0596209
0.0761126
0.037934
0.0754654
0.0720365
0.0737306
0.0600607
0.0890115
0.077613
0.0640594
0.0672089
0.0518221
0.0532604
0.0736929
0.0678476
0.0780568
0.0591759
0.0861577
0.0608739
0.0814985
0.065488
0.0610832
0.0759001
0.0696081
0.056166
0.0781213
0.0567936
0.0736634
0.0607713
0.0791226
0.0524677
0.0577591
0.070754
0.0793215
0.0791718
0.08304
0.0830137
0.0713889
0.0506771
0.0590598
0.0942829
0.0890936
0.0542166
0.0446957
0.0716141
0.0675328
0.0646268
0.0541021
0.101265
0.0829275
0.0787308
0.070115
0.0623105
0.101068
0.0464313
0.0642229
0.0792558
0.0728855
0.0787201
0.076695
0.0371814
0.0690126
0.076273
0.0621077
0.0596312
0.0516714
0.0645636
0.0788161
0.0580646
0.0861078
0.0805648
0.0943025
0.0664029
0.0788794
0.0439643
0.0576897
0.0732003
0.0730114
0.0841782
0.0749936
0.0771265
0.0501105
0.0704201
0.0410769
0.0273367
0.0885746
0.0893636
0.0461146
0.093071
0.049998
0.064119
0.0930723
0.0574076
0.0422993
0.0561165
0.0823934
0.0676584
0.0587893
0.0863267
0.063685
0.0816753
0.0963827
0.0896332
0.078295
0.0831577
0.0611188
0.0608113
0.0858157
0.0592297
0.0770107
0.0481353
0.0360654
0.0533103
0.0696018
0.0887992
0.0901056
0.0982644
0.073115
0.0535788
0.0458665
0.0758123
0.0768143
0.0985631
0.0500834
0.0429942
0.0815495
0.0408698
0.0726062
0.0725811
0.0740153
0.0759778
0.0768559
0.0354482
0.0647355
0.0811818
0.0649345
0.049579
0.0739105
0.0593621
0.0943223
0.0684156
0.0592651
0.0621345
0.0718877
0.060333
0.0683747
0.111861
0.054973
0.0633697
0.0589072
0.0574701
0.0763415
0.0620557
0.0606557
0.075848
0.0798619
0.0754161
0.065653
0.111779
0.0729348
0.0621404
0.100299
0.0814542
0.0365168
0.0505321
0.0719165
0.0809638
0.0735047
0.0494882
0.0573695
0.0758091
0.0709234
0.0993096
0.0616008
0.0964135
0.0450072
0.0854485
0.0724306
0.0741182
0.067768
0.0618997
0.0830761
0.0483943
0.0369114
0.0509001
0.0845777
0.049639
0.129769
0.0861218
0.0472074
0.0424189
0.0535867
0.0770894
0.0907839
0.0553696
0.0913289
0.0381924
0.0962482
0.0641483
0.0559977
0.0427501
0.0732232
0.0788656
0.0563923
0.0762628
0.0522063
0.0660489
0.0594646
0.083115
0.0774987
0.0877672
0.061401
0.0581306
0.06268
0.0729393
0.0791361
0.0682558
0.0504592
0.0695594
0.0785401
0.0669131
0.0812253
0.0699322
0.0634446
0.0885349
0.0646218
0.126516
0.0514675
0.0746385
0.0884604
0.0613275
0.0250805
0.0682567
0.0712628
0.0583719
0.0633415
0.0613188
0.0729391
0.0564227
0.0702988
0.0758605
0.100501
0.0997606
0.0422786
0.0745645
0.0433537
0.0543993
0.0568937
0.0797079
0.0965361
0.0644367
0.0665106
0.0384802
0.0734298
0.0764345
0.052056
0.0987317
0.086342
0.0536782
0.0715662
0.0847032
0.0718372
0.0717169
0.106464
0.0611549
0.0531926
0.0500362
0.0648679
0.0705607
0.0546151
0.0778753
0.0619188
0.0904648
0.0555955
0.071471
0.0698661
0.0493463
0.0743696
0.0743568
0.0739547
0.0672075
0.0559639
0.0733113
0.116902
0.0635121
0.0694603
0.0761046
0.0522136
0.0758384
0.10201
0.0856113
0.065054
0.0871695
0.10263
0.073354
0.0880462
0.0626959
0.0504135
0.0897899
0.0400892
0.0589182
0.0590593
0.0781957
0.0878728
0.0492021
0.06531
0.0576495
0.0558573
0.0827877
0.0543867
0.0652214
0.0689521
0.071761
0.0570586
0.073502
0.0666284
0.0903591
0.0931663
0.0402093
0.0656327
0.0905991
0.0646867
0.064722
0.107333
0.0610912
0.0594947
0.0601651
0.0545818
0.0919266
0.0803276
0.0636089
0.0921636
0.0589151
0.0679294
0.0501944
0.0621354
0.0849958
0.0933826
0.0706304
0.0487469
0.0467743
0.0822026
0.0835684
0.0629544
0.0485449
0.0379875
0.0670516
0.076125
0.0556042
0.0388899
0.0558318
0.0865935
0.0683847
0.0482524
0.0464619
0.0982397
0.0722374
0.0694486
0.0462068
0.0571317
0.0762483
0.0695766
0.0743678
0.0449076
0.0766869
0.0744264
0.0413661
0.0649227
0.0705359
0.0386978
0.0468567
0.060475
0.0791541
0.0729958
0.0827595
0.0734258
0.0484044
0.113531
0.0329044
0.0602084
0.0617663
0.0566207
0.0492684
0.0460896
0.0510594
0.0637368
0.0773549
0.0691031
0.0599776
0.0772823
0.0521111
0.0808269
0.0603454
0.0359481
0.0717602
0.0785079
0.0640955
0.0777877
0.0991436
0.0571449
0.0557528
0.0582309
0.0521737
0.0717256
0.0524309
0.0962826
0.0537331
0.0614915
0.0635746
0.0940754
0.0753427
0.0633861
0.0849082
0.0754019
0.0489312
0.0753186
0.0836548
0.055424
0.0767444
0.066891
0.0753931
0.0750782
0.0747453
0.0945851
0.0827669
0.0522597
0.0588851
0.0746937
0.0585887
0.107703
0.062673
0.0793117
0.0426062
0.0611453
0.072014
0.0517531
0.0741509
0.0672527
0.0877802
0.0681783
0.0510567
0.0789777
0.0962102
0.0831996
0.0638264
0.056493
0.0808184
0.0378917
0.0564587
0.0834696
0.0662923
0.079735
0.0778223
0.0684942
0.0576928
0.0586809
0.0678037
0.102209
0.0903469
0.0423709
0.0787191
0.0652578
0.0411343
0.101335
0.0816952
0.0389966
0.0439703
0.0908478
0.0465616
0.0790841
0.0834566
0.0607214
0.0864668
0.0779945
0.0495617
0.0635056
0.0533934
0.0727722
0.0564362
0.0997218
0.0457664
0.050827
0.0590872
0.0562473
0.0611626
0.0567663
0.0754003
0.0890129
0.0547322
0.0784145
0.0725755
0.0816868
0.0759578
0.0612797
0.0712326
0.0833562
0.0749802
0.0514854
0.0661217
0.0712374
0.0392184
0.0296226
0.0528801
0.0762934
0.0695626
0.0789642
0.0510931
0.0636681
0.0906876
0.078001
0.0746508
0.0600857
0.0877265
0.0595793
0.0623741
0.0533994
0.0851215
0.053839
0.0488337
0.0655425
0.0938124
0.103582
0.0823316
0.0777884
0.0742279
0.0542296
0.0720655
0.0733904
0.0638089
0.105737
0.0867273
0.0725008
0.063358
0.0591949
0.0638968
0.070059
0.10444
0.0621527
0.046716
0.0585652
0.0366611
0.0390927
0.082147
0.0630027
0.0854056
0.0720718
0.0728563
0.0738808
0.0974463
0.0538048
0.0595022
0.0704703
0.0765925
0.0812201
0.0753451
0.0532972
0.0728051
0.0740192
0.073834
0.0531113
0.0651847
0.0697477
0.0795516
0.0774548
0.0598532
0.0694961
0.0794988
0.0745915
0.0718156
0.0572706
0.0509997
0.0553885
0.0652188
0.0583172
0.0931653
0.0824437
0.0551754
0.069713
0.0612209
0.0675604
0.070527
0.0696084
0.0716834
0.104185
0.0996564
0.0735783
0.0650826
0.0622566
0.0528811
0.0712398
0.0826438
0.0533545
0.0603139
0.0518241
0.0455922
0.0675831
0.0828914
0.0662818
0.0403934
0.0747181
0.0669471
0.0719617
0.0713118
0.0477971
0.0613474
0.0686242
0.0654265
0.074226
0.0587858
0.0956739
0.0613619
0.084341
0.0591811
0.0692678
0.0718486
0.0548416
0.0464157
0.0660256
0.0850606
0.106502
0.0558323
0.0587864
0.0756491
0.0885672
0.058493
0.0712402
0.0818215
0.053394
0.0989843
0.0766062
0.0486521
0.0710135
0.0689702
0.08831
0.0625013
0.0812715
0.0745539
0.0828169
0.0670762
0.0571416
0.0744201
0.0673392
0.0416756
0.0647777
0.0572546
0.0611765
0.0668177
0.0534928
0.0474431
0.104056
0.0841695
0.0756072
0.047867
0.0707426
0.0552518
0.0580982
0.056576
0.0527782
0.0804823
0.0651471
0.05996
0.0777099
0.0720861
0.0602227
0.0821632
0.0758198
0.068537
0.0984914
0.0674456
0.0761386
0.0864782
0.0625882
0.0449366
0.0750453
0.0762055
0.0763287
0.0548381
0.0596724
0.0708697
0.0740554
0.101378
0.0789101
0.065315
0.0599824
0.058447
0.071692
0.0536516
0.0649716
0.0561151
0.0732827
0.0702131
0.0947455
0.080586
0.0617189
0.100781
0.0943145
0.0592909
0.0739645
0.0628308
0.053612
0.0636093
0.0552134
0.0733599
0.0698566
0.0666498
0.0342933
0.0686064
0.0688947
0.0419338
0.0710124
0.0599011
0.0890797
0.0527986
0.0920307
0.0668703
0.0731977
0.0493888
0.0501741
0.0535011
0.0837879
0.0758408
0.0574669
0.0925274
0.0613502
0.0679923
0.0695666
0.0538465
0.0660959
0.0689732
0.0550416
0.0583662
0.0641782
0.0956729
0.0595041
0.0667149
0.0631325
0.0565434
0.0527027
0.0817454
0.0580001
0.0434384
0.102079
0.0856595
0.0601079
0.0667612
0.0802025
0.0677706
0.0564375
0.0644517
0.0726555
0.0433265
0.0600856
0.0786462
0.0644763
0.0608567
0.060741
0.0756109
0.0743753
0.0566455
0.0541009
0.0868791
0.0920582
0.0445613
0.0853718
0.0832715
0.0494186
0.0651989
0.0474788
0.0748814
0.0902458
0.0873766
0.0968523
0.066334
0.0211448
0.0635727
0.0593386
0.0961952
0.0699333
0.0853766
0.0604274
0.0598612
0.0845713
0.056018
0.0776365
0.0252141
0.0685744
0.0792906
0.0795013
0.0675377
0.0638161
0.0629712
0.0628676
0.0476503
0.0699696
0.0943295
0.0770154
0.0649483
0.0733482
0.0591276
0.0544099
0.0593385
0.0411177
0.0956613
0.0983293
0.0401054
0.0582924
0.0755331
0.0711706
0.0433652
0.0516374
0.0531967
0.0647429
0.0707262
0.0794953
0.0639206
0.0640053
0.0661027
0.0735914
0.0740046
0.0808843
0.0858721
0.0726054
0.0706275
0.0427999
0.0758747
0.0569304
0.0699797
0.0671491
0.0767613
0.0712465
0.0698144
0.0488982
0.102928
0.0564546
0.0528463
0.057371
0.0519455
0.0921727
0.0896361
0.0824197
0.0905804
0.061338
0.0729279
0.0657963
0.0837249
0.0743491
0.0546598
0.0640019
0.0576921
0.0551136
0.0628524
0.0747756
0.0520258
0.061949
0.0517852
0.0703983
0.0625729
0.0559759
0.0744673
0.0724184
0.0712577
0.0319632
0.0740105
0.0803296
0.070852
0.0561063
0.0604315
0.0499764
0.0700227
0.0675911
0.0630722
0.0919617
0.071642
0.0676401
0.0732736
0.106293
0.0791759
0.065055
0.0985607
0.0490029
0.0883987
0.0518156
0.0462099
0.0729893
0.0848786
0.0438218
0.0499303
0.0662328
0.0722658
0.0634891
0.0662693
0.0561373
0.0564701
0.0738199
0.0866262
0.0718139
0.0688491
0.0740147
0.0644659
0.0591407
0.0656546
0.0486666
0.0699847
0.0782565
0.0731773
0.0814306
0.0499946
0.0813244
0.0615221
0.0743057
0.0507133
0.077535
0.0889708
0.0899503
0.0662145
0.0710787
0.0855287
0.0731346
0.0641978
0.0708695
0.0675772
0.0945132
0.0835655
0.0648788
0.0455384
0.0738543
0.058507
0.0625947
0.0679807
0.0786879
0.070052
0.0822582
0.0822922
0.0596296
0.0659763
0.0714043
0.0810225
0.0764525
0.0531687
0.0553533
0.0543062
0.0330301
0.0704002
0.051995
0.0908128
0.0559054
0.0946592
0.0680388
0.0622519
0.0578336
0.0685725
0.0641541
0.0792869
0.0989218
0.0630559
0.0928385
0.0825497
0.0781013
0.0714322
0.0911481
0.0571692
0.0953811
0.0757487
0.05289
0.0595074
0.0729786
0.0676004
0.0434053
0.0534875
0.0672519
0.0549607
0.0519253
0.0801897
0.0525148
0.0464686
0.0773302
0.0991346
0.0529878
0.0497508
0.0724172
0.0730781
0.0444793
0.0446984
0.0792413
0.0853725
0.097166
0.0795453
0.0508686
0.0472268
0.0666602
0.0507403
0.0755211
0.086267
0.0633223
0.0630369
0.0625129
0.0931208
0.0685422
0.0620058
0.0470955
0.0578943
0.0526096
0.095171
0.0588062
0.0731521
0.0203081
0.0759405
0.0684499
0.0721403
0.0691176
0.065523
0.0362142
0.0654704
0.0806014
0.0541003
0.0762124
0.0716337
0.0679578
0.0473012
0.0592958
0.0763333
0.0569526
0.0735627
0.0602868
0.0537176
0.050757
0.0610306
0.0851783
0.0921099
0.0719741
0.076687
0.0823673
0.0435103
0.0751346
0.069019
0.0848857
0.0844825
0.062863
0.0469692
0.0526471
0.098546
0.081524
0.0617248
0.0642019
0.0508074
0.0698924
0.0426649
0.0702369
0.104794
0.0981661
0.073546
0.0662612
0.0659296
0.0488783
0.0521149
0.0652639
0.0875397
0.0742297
0.0926449
0.0470294
0.0826872
0.105627
0.0904786
0.0463708
0.0722849
0.0643805
0.0638081
0.0839651
0.0527295
0.0875047
0.055269
0.0610547
0.0587836
0.0808696
0.0615119
0.0795155
0.0688529
0.0539731
0.0485189
0.0638706
0.0597592
0.0531199
0.109076
0.0632291
0.0723589
0.076066
0.0727296
0.0911327
0.0654444
0.0565125
0.0875871
0.0822131
0.0628985
0.102337
0.0408902
0.0793423
0.0572358
0.06204
0.0494358
0.047158
0.0586724
0.0590999
0.0776027
0.0745748
0.065441
0.0533166
0.0932044
0.108177
0.0740227
0.0595849
0.0704035
0.0709237
0.0710911
0.0519214
0.042682
0.0707885
0.0577846
0.0741957
0.0964496
0.0728622
0.0754923
0.0626675
0.0844149
0.0636124
0.0685181
0.0569268
0.0774788
0.0788213
0.077804
0.0723506
0.0570778
0.0474834
0.0737126
0.0816501
0.0645788
0.0774476
0.0502807
0.0470058
0.0456652
0.0690051
0.0633104
0.0846998
0.0656833
0.0599821
0.0606779
0.0639839
0.0622607
0.0639005
0.072614
0.0593201
0.068892
0.0666932
0.0633061
0.0523204
0.0663187
0.0711051
0.0844888
0.0906179
0.0603544
0.0718037
0.0532754
0.0587353
0.0671891
0.0664854
0.0645818
0.0804297
0.0863721
0.0723104
0.0729732
0.0593698
0.0740023
0.0678456
0.0524657
0.056907
0.0700217
0.0662511
0.0613226
0.0416871
0.0790804
0.0696335
0.0674616
0.068655
0.0615426
0.0906757
0.055069
0.0817992
0.0656859
0.0988495
0.0515193
0.0756201
0.0735976
0.0666244
0.080322
0.0605637
0.0495183
0.0531387
0.0546724
0.0622426
0.045175
0.0712166
0.064921
0.0771835
0.0698651
0.0593011
0.0494895
0.0494422
0.0415611
0.0737298
0.0869428
0.0561486
0.0794997
0.0693593
0.0376077
0.0686136
0.100164
0.086683
0.05219
0.0658604
0.0777503
0.0839167
0.0773794
0.0779132
0.0697697
0.0969928
0.0603305
0.0817596
0.0663833
0.05219
0.0800497
0.0790346
0.0555472
0.0645385
0.0619927
0.072301
0.0586118
0.0798215
0.047878
0.0663995
0.0822995
0.0680624
0.0820928
0.0695121
0.0410098
0.059833
0.0946839
0.091597
0.0546612
0.0589658
0.0373295
0.0828384
0.0593602
0.0484138
0.0736475
0.0611182
0.0656852
0.0825822
0.0873329
0.0651812
0.065498
0.0770547
0.0619559
0.077791
0.0733336
0.0627775
0.0700759
0.0662901
0.0452186
0.075726
0.100636
0.0671095
0.0696359
0.0481742
0.0411136
0.0831143
0.0694329
0.033131
0.0749556
0.0624969
0.0548031
0.0718117
0.0957915
0.0401763
0.0566867
0.0701393
0.0622753
0.0590962
0.0738451
0.0443277
0.0622958
0.071749
0.0561856
0.0649169
0.10607
0.0621242
0.0729502
0.0621187
0.054093
0.0530051
0.0568676
0.0622914
0.0735486
0.0635052
0.056094
0.0516666
0.0773333
0.0747688
0.0698769
0.0807206
0.048505
0.0809585
0.0725741
0.0664391
0.0782913
0.0698842
0.0455785
0.0508274
0.0654911
0.055738
0.0505643
0.0526964
0.0663924
0.0464787
0.074602
0.0574074
0.0678816
0.0503152
0.0446426
0.0632053
0.0745175
0.043788
0.0859697
0.078994
0.0884802
0.0778439
0.084681
0.0607706
0.0647856
0.0749193
0.0582566
0.0431631
0.0629598
0.0577368
0.0656177
0.0540556
0.0675337
0.107471
0.0758725
0.0371314
0.0736695
0.0931072
0.070078
0.049895
0.075775
0.0857297
0.044366
0.0770167
0.069546
0.0815414
0.076905
0.0649057
0.0690141
0.098879
0.0720202
0.0595666
0.0423498
0.0433398
0.0641742
0.0815492
0.067552
0.0712334
0.080401
0.056025
0.0545134
0.0580891
0.0607309
0.0522129
0.034684
0.0601218
0.0621524
0.0717558
0.0356044
0.0803623
0.117065
0.0806545
0.0653244
0.0675892
0.0636347
0.0821415
0.0718034
0.0620443
0.0808428
0.064784
0.0501134
0.064593
0.0893291
0.0999205
0.0759867
0.0590151
0.0623875
0.0716083
0.0681979
0.0699682
0.0619981
0.0470555
0.0907899
0.0637755
0.0689953
0.0600665
0.0824614
0.0921639
0.0657475
0.053196
0.0527165
0.0504705
0.0573269
0.08214
0.0495815
0.0980323
0.0884639
0.072872
0.0514829
0.0884778
0.0587239
0.0499453
0.0474164
0.0634868
0.112993
0.0613089
0.0443377
0.0966225
0.0987047
0.0410781
0.0926888
0.072811
0.0491727
0.098236
0.0842933
0.0943245
0.0876271
0.0601316
0.0934072
0.0655291
0.0370399
0.0852957
0.0637093
0.0738973
0.0716395
0.0692484
0.0594743
0.0588277
0.0548547
0.0754012
0.0622522
0.0713648
0.0473389
0.0812869
0.064777
0.0547579
0.0887517
0.0411626
0.0716046
0.0522387
0.0531756
0.075305
0.0677159
0.045885
0.0478353
0.0767542
0.0726264
0.0682798
0.066428
0.0745943
0.0557623
0.0587497
0.0659755
0.0773641
0.0687714
0.0725978
0.0746589
0.0720643
0.0847775
0.0700179
0.0673879
0.0635572
0.0733128
0.0420562
0.0775584
0.0649714
0.0610881
0.0557811
0.0489814
0.070978
0.0631743
0.0828691
0.0424564
0.0734611
0.0496547
0.0890759
0.0719418
0.0689399
0.0741135
0.0643613
0.0952061
0.0750211
0.065107
0.0707338
0.0567235
0.0552611
0.0786367
0.0467472
0.0405994
0.0692548
0.0478227
0.0814081
0.0615967
0.0728248
0.0639742
0.0740752
0.067301
0.0729003
0.0849628
0.0724191
0.0848915
0.0609013
0.0624783
0.0511686
0.0950427
0.0581953
0.0860906
0.0855847
0.0842512
0.0820013
0.0698052
0.0644869
0.0760222
0.0765067
0.0529088
0.0529934
0.0708198
0.0473645
0.0477934
0.0989436
0.0646745
0.0794075
0.0946042
0.0875727
0.0770943
0.0849849
0.0549392
0.0608785
0.0732713
0.0792174
0.0887784
0.0525923
0.0492298
0.0640666
0.0767168
0.0776347
0.0603192
0.0634122
0.0761567
0.0790966
0.0699497
0.0836707
0.0879276
0.081941
0.0322531
0.0767988
0.0418897
0.0587438
0.0554575
0.103517
0.0863448
0.0587639
0.0663112
0.0546169
0.0445216
0.0638424
0.0396383
0.0407608
0.0752474
0.10013
0.0829963
0.0789128
0.0790261
0.0526577
0.0903337
0.0567533
0.0761445
0.0680359
0.0653834
0.0918729
0.0496236
0.0898654
0.0701342
0.0541692
0.0570131
0.0591812
0.0605042
0.0480835
0.0596276
0.0562329
0.0551881
0.072867
0.0700646
0.0797465
0.0677455
0.0796055
0.0584346
0.0579175
0.0539908
0.0535811
0.062023
0.0559294
0.0694731
0.0665161
0.0430659
0.0712357
0.0682896
0.0644156
0.0603539
0.0774157
0.0701598
0.0672101
0.0525109
0.0665764
0.0769385
0.0761365
0.0532325
0.080357
0.0754137
0.0610523
0.0565649
0.0716245
0.0713183
0.0820712
0.0782274
0.0846487
0.0675216
0.0634836
0.0874355
0.0942702
0.0692909
0.0820376
0.0789829
0.0632659
0.0593553
0.0506133
0.0528161
0.0387263
0.0851441
0.0485478
0.0610855
0.087563
0.0747819
0.0832526
0.0468134
0.0603138
0.062806
0.0549399
0.0669809
0.0641032
0.0651822
0.0825211
0.0774769
0.0794867
0.0624901
0.0499212
0.0790582
0.117858
0.0447673
0.0427095
0.0405374
0.0630104
0.0262737
0.0704374
0.0707797
0.0760781
0.0849606
0.0875345
0.0606976
0.0826879
0.0635692
0.0684001
0.0736077
0.0773904
0.0612675
0.0475812
0.0806421
0.0690321
0.0908925
0.0815811
0.0717733
0.0874374
0.0833661
0.0893479
0.0894797
0.0780158
0.0667972
0.0684029
0.0560322
0.0733074
0.0672172
0.0925368
0.0895054
0.0813115
0.0752947
0.0942397
0.0708851
0.0865984
0.0580586
0.0593652
0.0558288
0.0513089
0.0670243
0.080626
0.0924203
0.0587729
0.0851371
0.0623711
0.0571437
0.0791194
0.0519939
0.101838
0.0508124
0.0616373
0.0824233
0.111161
0.10955
0.0886933
0.0777165
0.0656835
0.0463963
0.0619223
0.0589708
0.0913434
0.0726266
0.0473932
0.0689888
0.0653245
0.0474725
0.0573909
0.0783187
0.0654809
0.0774521
0.0666971
0.0468612
0.0820063
0.0665409
0.0711193
0.0958638
0.0617924
0.0615117
0.0610752
0.0708464
0.0714664
0.0599746
0.053394
0.0563202
0.0673709
0.0654306
0.0491631
0.0744804
0.0778878
0.0427657
0.0673092
0.0665662
0.0684616
0.0648395
0.0650555
0.0501605
0.0801444
0.0536535
0.0817768
0.0875892
0.062841
0.0523237
0.044299
0.0781587
0.0931704
0.0533543
0.0549359
0.0665205
0.0558375
0.0797204
0.0781441
0.071952
0.0616124
0.0438625
0.0604219
0.0826597
0.0721219
0.0836948
0.0750199
0.0721253
0.0988282
0.0689523
0.0709604
0.0616364
0.0590632
0.0654794
0.0688879
0.0851343
0.0402774
0.0850996
0.0961044
0.0807355
0.0798739
0.0822754
0.0888518
0.0647725
0.0638836
0.060213
0.0757498
0.0853512
0.0611955
0.0770018
0.0866561
0.0564844
0.0709481
0.0481503
0.0662165
0.0557577
0.0620011
0.0657761
0.0636504
0.063682
0.0662552
0.0834262
0.0453143
0.0676009
0.0633507
0.0575378
0.0744984
0.0628091
0.0695236
0.0624902
0.0822003
0.0705481
0.0718613
0.114117
0.0676701
0.0536134
0.0668452
0.0546538
0.0568366
0.0684409
0.075157
0.0603234
0.0864181
0.0830782
0.0579656
0.0710247
0.0729952
0.0441902
0.0639557
0.0511792
0.076977
0.067007
0.0504564
0.0222419
0.0807604
0.0785982
0.0700933
0.0439377
0.0421277
0.0600577
0.062431
0.062332
0.0587576
0.0404823
0.0706202
0.0459851
0.0737105
0.0569303
0.0668947
0.0836955
0.0709101
0.0672084
0.0574347
0.0592975
0.0772454
0.0562982
0.0692221
0.0579566
0.0623179
0.0573333
0.065879
0.075573
0.0714586
0.0457389
0.0664413
0.0759572
0.0711897
0.0930181
0.0693217
0.0855705
0.0734693
0.0542223
0.0651073
0.0901912
0.0843258
0.0660164
0.0751552
0.0692547
0.0473225
0.048721
0.061778
0.0804624
0.067994
0.0524771
0.0554651
0.0762759
0.0818379
0.0575482
0.080608
0.0727202
0.074221
0.0791383
0.0901255
0.0537595
0.0648533
0.098422
0.0515257
0.0829838
0.0432088
0.0673034
0.0740249
0.0778522
0.0764343
0.0738276
0.0685473
0.0768124
0.0719073
0.0719787
0.0661954
0.0665498
0.0701949
0.0762867
0.0682691
0.0950662
0.0605757
0.0566277
0.0888879
0.0985315
0.0680324
0.0931712
0.0874282
0.0777567
0.075064
0.0567274
0.0726071
0.0657361
0.0366704
0.082987
0.0821519
0.052864
0.0635185
0.0686113
0.0578336
0.0623772
0.0842114
0.0429767
0.058485
0.0893802
0.063976
0.0841835
0.0740517
0.0663558
0.0798322
0.0777207
0.0584851
0.0725809
0.0930422
0.0499167
0.0411591
0.0443874
0.0625392
0.0687123
0.0684595
0.0803311
0.0505355
0.0475546
0.0944982
0.0750684
0.0641721
0.0480431
0.0650452
0.068144
0.0760434
0.0921688
0.0722549
0.0553899
0.094558
0.073684
0.0925767
0.0521618
0.0512783
0.087721
0.0508669
0.0824688
0.0474963
0.0750874
0.0784954
0.0990677
0.0501755
0.0570436
0.0433709
0.0591004
0.0785548
0.0611949
0.0837617
0.100206
0.086094
0.0671843
0.085976
0.0708562
0.100197
0.0602761
0.0432384
0.068623
0.0610949
0.0452041
0.081698
0.0617001
0.0866627
0.0782362
0.064786
0.0653605
0.0545923
0.0581346
0.0638792
0.0568078
0.0510543
0.079254
0.0613771
0.0760178
0.0653044
0.08766
0.112482
0.0632304
0.0654755
0.0711837
0.0563264
0.0792545
0.0628011
0.0542685
0.0882687
0.0632741
0.0540078
0.0683611
0.0898905
0.0477813
0.0733705
0.112139
0.0697704
0.0858816
0.0332001
0.0675238
0.0888647
0.0581851
0.0479648
0.0445805
0.0841366
0.0750537
0.0568382
0.0528516
0.067585
0.0696613
0.0688504
0.0546308
0.0920819
0.0634341
0.0860376
0.0781929
0.0730243
0.0744966
0.0849353
0.0624745
0.065175
0.0826417
0.0645029
0.0465635
0.0644006
0.105294
0.0787443
0.0766125
0.0991645
0.0669328
0.0619122
0.0897191
0.0682295
0.0820037
0.0555265
0.0776371
0.0688366
0.0649359
0.059626
0.0968388
0.045404
0.0658039
0.102205
0.0943829
0.0642608
0.0514355
0.0908901
0.0722074
0.0747427
0.0731186
0.0591667
0.079372
0.0851907
0.0495772
0.0494441
0.0916402
0.0871543
0.0741605
0.0497958
0.0692205
0.072983
0.0947397
0.0808421
0.0648872
0.109602
0.0688617
0.0874685
0.0839385
0.0640188
0.073315
0.105179
0.0553995
0.10738
0.0732782
0.0530314
0.0838065
0.0532699
0.0883237
0.0593442
0.0480215
0.0558158
0.0823395
0.0888354
0.0685393
0.0666835
0.054319
0.049367
0.0789394
0.0907798
0.0872238
0.0925295
0.08332
0.0944923
0.0735755
0.0483502
0.0568962
0.0393491
0.0849218
0.0665102
0.0554923
0.0716045
0.065358
0.055271
0.0805808
0.0482938
0.0549357
0.0736473
0.0647781
0.0681384
0.0541408
0.048617
0.0713437
0.0973326
0.0653438
0.061241
0.062426
0.0524551
0.0674407
0.0626604
0.0811557
0.082477
0.0664975
0.0755299
0.0977386
0.0817325
0.0588608
0.0628991
0.0447876
0.0649005
0.0880359
0.0898404
0.0474545
0.0655551
0.0716147
0.0767981
0.0502839
0.0550295
0.050911
0.070632
0.0956707
0.0588302
0.0907247
0.0942663
0.0926467
0.0584387
0.0618163
0.114113
0.0852659
0.0575667
0.0833489
0.0707412
0.0775443
0.0574767
0.0786504
0.0406132
0.0474054
0.0485694
0.0684781
0.0474468
0.0472192
0.0684084
0.0897936
0.0953544
0.0845124
0.0519393
0.0855014
0.085449
0.0691923
0.07963
0.0627531
0.0789533
0.0685976
0.0600283
0.0309169
0.0619053
0.0580435
0.0476743
0.0781761
0.068027
0.0976691
0.0625783
0.0473919
0.0713316
0.0874529
0.0879863
0.0776885
0.0549685
0.0630247
0.0673481
0.0646334
0.0917128
0.0552685
0.0684671
0.0737346
0.0752608
0.0756619
0.0738654
0.0663941
0.0640535
0.0781374
0.0597738
0.0690082
0.0872897
0.0674006
0.0820506
0.0665695
0.049027
0.0763603
0.0804244
0.0699656
0.0770553
0.0711329
0.0613447
0.0810834
0.0645732
0.0365249
0.0892233
0.0757194
0.076317
0.0909204
0.0597708
0.0805082
0.0755976
0.0760405
0.0555223
0.0625237
0.0605138
0.0541737
0.0769879
0.0626757
0.0726317
0.0670564
0.0681485
0.0806219
0.0834295
0.0562103
0.0640897
0.0699123
0.0664544
0.0752338
0.0583807
0.0631453
0.0794347
0.0697946
0.0732107
0.0774273
0.0677824
0.0792945
0.0657648
0.0701065
0.0787838
0.0742581
0.0668186
0.0645557
0.0621162
0.0696305
0.0991752
0.0814008
0.0586209
0.0831197
0.0534734
0.0581209
0.0741322
0.0494496
0.102686
0.0763569
0.0340033
0.0762934
0.0682888
0.0485529
0.0845389
0.0911129
0.0703136
0.0901707
0.0578653
0.0793131
0.0909481
0.102456
0.0941844
0.0746025
0.0436834
0.052141
0.0511486
0.055144
0.0488756
0.0851901
0.0662521
0.0587836
0.090049
0.0600976
0.0816866
0.0784196
0.0922346
0.0796327
0.0683879
0.0894175
0.082147
0.089249
0.0795518
0.0938065
0.0602886
0.0681226
0.063005
0.0651321
0.0676207
0.0785934
0.059099
0.098105
0.0662914
0.0649617
0.0659023
0.0751967
0.0735863
0.120655
0.0785899
0.0878775
0.0563193
0.0608323
0.0727532
0.0834327
0.0780895
0.0688212
0.0713864
0.039033
0.0541345
0.0587802
0.0696436
0.0964013
0.0935597
0.0719904
0.0833654
0.0466003
0.0742711
0.0895595
0.0779921
0.0743251
0.0613425
0.0734694
0.07769
0.0604767
0.072955
0.0468844
0.0464438
0.0655765
0.0659901
0.0631351
0.0651454
0.0408509
0.0455018
0.0660114
0.0588838
0.0763635
0.0819529
0.0422064
0.0720605
0.0972403
0.0605369
0.063469
0.0769158
0.0625952
0.053929
0.0731726
0.0814748
0.078524
0.0801757
0.0677834
0.0885733
0.0900922
0.0916043
0.0702235
0.0712307
0.0571858
0.0565481
0.0833083
0.0576034
0.0702183
0.071314
0.046057
0.0598604
0.0711362
0.0566728
0.0727954
0.0821984
0.0628296
0.0544436
0.0658882
0.0798463
0.080373
0.0631437
0.0775595
0.0878434
0.05021
0.0561977
0.0882714
0.0690212
0.0431115
0.0830376
0.0766077
0.0512484
0.0575515
0.0593892
0.0920738
0.0729164
0.0790016
0.0670649
0.0691535
0.0739899
0.043563
0.0591955
0.0614497
0.0476651
0.0895775
0.0763322
0.0532081
0.0444883
0.0644133
0.0515534
0.0887259
0.0469975
0.0704392
0.0701716
0.066871
0.0793949
0.0827927
0.0726525
0.059168
0.0499645
0.0683331
0.0546343
0.0699763
0.0579875
0.0624023
0.0514499
0.0829937
0.0617435
0.0559157
0.0762598
0.0638489
0.0730434
0.0696325
0.0579808
0.0769243
0.091926
0.0912683
0.0620421
0.036518
0.0414959
0.0711498
0.0793568
0.0614097
0.0725322
0.0929635
0.0877659
0.0838984
0.0735605
0.0642158
0.0782741
0.0746359
0.0606838
0.0756438
0.0737094
0.0494185
0.0658899
0.0610332
0.0614819
0.093507
0.0584752
0.0662593
0.0661924
0.0601431
0.0686762
0.08666
0.0677123
0.0605268
0.0589882
0.0952792
0.0538907
0.0682594
0.0837803
0.0716916
0.0689423
0.061691
0.06394
0.0878488
0.0730119
0.0660593
0.0651342
0.0719806
0.05419
0.0906588
0.0562868
0.0820205
0.0767094
0.0803164
0.0866242
0.0757839
0.0675037
0.063274
0.0600611
0.0599983
0.0644047
0.0946122
0.0716724
0.0540398
0.0497176
0.0714327
0.0351047
0.0868199
0.0670867
0.0515368
0.0745446
0.073941
0.075932
0.0631121
0.0876306
0.0824236
0.0732709
0.101077
0.0567628
0.042885
0.0561386
0.0534996
0.0723077
0.0698793
0.0457866
0.064851
0.0461893
0.0612634
0.0864601
0.0983434
0.0874955
0.0763451
0.0581691
0.0706276
0.0697166
0.0678448
0.0521842
0.0762239
0.0714135
0.0494497
0.0808558
0.0689898
0.0603336
0.050731
0.0686684
0.052848
0.0501772
0.0883307
0.0553544
0.0610217
0.0468115
0.0857162
0.0891823
0.0729939
0.0648568
0.0532237
0.0701413
0.0674945
0.0708696
0.069044
0.0618565
0.0678522
0.0795797
0.0853288
0.0754742
0.0924456
0.0808445
0.0593898
0.0609056
0.0629481
0.0379287
0.0670266
0.0768539
0.10864
0.0827387
0.069953
0.0571325
0.0495752
0.0457892
0.0719028
0.0643035
0.0677205
0.0673632
0.0453243
0.0656842
0.0738208
0.0474035
0.0543298
0.0900502
0.0503144
0.0594842
0.0597523
0.0762016
0.0776036
0.0785107
0.0656298
0.051784
0.0941954
0.0846426
0.0537717
0.0646957
0.0856328
0.0484205
0.0596445
0.0987987
0.0666066
0.0607579
0.0983405
0.038818
0.0742627
0.0850906
0.0700482
0.0710593
0.0725152
0.0722285
0.0945656
0.0651848
0.0596537
0.0826859
0.0713156
0.0674622
0.0957463
0.106277
0.0656435
0.0711036
0.102235
0.0490324
0.025391
0.0694564
0.0638524
0.0477824
0.0636994
0.0723025
0.0648182
0.0688179
0.0648179
0.0862895
0.0825959
0.0558968
0.0871294
0.0652505
0.0666048
0.0483127
0.0589521
0.0573949
0.0694725
0.062261
0.0597283
0.0959085
0.0598843
0.0854345
0.0556309
0.0719859
0.0668405
0.0825646
0.0750055
0.0482885
0.053411
0.0556772
0.0805678
0.0883685
0.0996484
0.0680765
0.0647185
0.0682445
0.0671759
0.0500367
0.0669185
0.081922
0.0634718
0.0622392
0.0720557
0.0652304
0.0718573
0.0767311
0.0974361
0.0899859
0.0700724
0.0538936
0.0462375
0.0144494
0.0585077
0.0646548
0.0615098
0.0732511
0.0812413
0.066848
0.0527595
0.0798764
0.0418482
0.0680855
0.0588665
0.0733582
0.0746565
0.0431601
0.0676028
0.0685491
0.0777146
0.0542914
0.0538821
0.0685612
0.0760762
0.0854653
0.0505859
0.0494686
0.0708626
0.0866061
0.0793749
0.0673547
0.0596273
0.046955
0.0502727
0.0667268
0.0606859
0.0856754
0.0514219
0.0644522
0.0565561
0.0610595
0.0489839
0.0546438
0.0571495
0.0691886
0.060717
0.0508693
0.0955189
0.0593021
0.0812315
0.0499614
0.051855
0.066798
0.0574633
0.0564565
0.0697171
0.0527119
0.0626963
0.0679761
0.0564965
0.0625025
0.0735497
0.0386916
0.0544259
0.088651
0.0599507
0.0688026
0.0761082
0.0957301
0.0876569
0.0783576
0.0784188
0.0530943
0.0724005
0.0526469
0.0756728
0.0595172
0.07084
0.0898458
0.0975483
0.0870058
0.097175
0.0790626
0.050632
0.0704423
0.0682794
0.04778
0.0517885
0.0368842
0.0721278
0.065287
0.0674413
0.0874046
0.0620884
0.0809911
0.0608138
0.0707966
0.0896908
0.0655074
0.0727705
0.0631966
0.0565605
0.0972258
0.0864616
0.0479045
0.0581689
0.0621191
0.0488336
0.0759735
0.0594631
0.0799389
0.0563345
0.0646534
0.0684275
0.0421084
0.0803586
0.0749252
0.0771373
0.0664457
0.0770264
0.0712341
0.0664944
0.0780021
0.0585442
0.0484466
0.0649408
0.0754401
0.0768597
0.0604957
0.06134
0.0788707
0.0610318
0.0987427
0.050396
0.0652026
0.0745497
0.0592134
0.0365948
0.0765757
0.0613377
0.071298
0.0637962
0.0666743
0.0427163
0.046392
0.086472
0.0529595
0.0786929
0.0500868
0.0657109
0.0513289
0.0581935
0.0692413
0.0693799
0.0630977
0.0626113
0.0518973
0.0633449
0.0666984
0.0856449
0.0941453
0.0448957
0.0502429
0.0589072
0.0608785
0.056217
0.0783563
0.0485772
0.0707399
0.0567815
0.0301479
0.0688793
0.0640787
0.0718432
0.0828395
0.0680709
0.0700209
0.0947778
0.0800432
0.0605724
0.0700863
0.0690734
0.0894874
0.0516544
0.0562528
0.0592699
0.084119
0.0626928
0.0681711
0.0686063
0.074573
0.0705838
0.0987281
0.0915443
0.0753472
0.0767078
0.0434606
0.0655088
0.0688469
0.071433
0.0584289
0.0746549
0.0689339
0.0595435
0.0711753
0.0633415
0.0738051
0.0876947
0.0775578
0.100663
0.0779811
0.0637612
0.0867216
0.0705461
0.0959956
0.0387204
0.101169
0.0647181
0.0777516
0.103898
0.0529031
0.0700526
0.0819728
0.0783345
0.0440853
0.0695307
0.0705444
0.0681334
0.0611273
0.0790983
0.075221
0.0528383
0.0707857
0.0446494
0.0794542
0.0998422
0.0527066
0.0740759
0.0582138
0.061739
0.072402
0.0954122
0.0543463
0.0588647
0.0500218
0.0844565
0.0683595
0.0708761
0.0644036
0.068114
0.0693945
0.0833092
0.0664279
0.072223
0.07994
0.0845674
0.0535036
0.056573
0.0577788
0.0705345
0.063382
0.0686844
0.0553805
0.0663166
0.0647358
0.0593411
0.0793869
0.0651313
0.0453461
0.0701982
0.0617489
0.0739977
0.0497672
0.0598672
0.0759391
0.0718862
0.0822125
0.0747498
0.0688097
0.0516362
0.0634729
0.063998
0.0704538
0.0703589
0.049472
0.0721006
0.093833
0.0770095
0.054429
0.0922665
0.0407049
0.0607832
0.0697041
0.0730703
0.0734229
0.0691735
0.0659669
0.070483
0.0776093
0.0869611
0.0503705
0.0749522
0.0632611
0.0559289
0.0602462
0.0704365
0.0964519
0.0511448
0.0711919
0.043938
0.0661323
0.079017
0.0635174
0.0779769
0.0512921
0.0843048
