0
1.54429
1.41532
1.28608
1.32869
1.21887
1.10227
1.00407
1.08108
0.994171
0.896562
0.806466
0.919168
0.849873
0.77439
0.700125
0.825163
0.761343
0.688767
0.624311
0.764357
0.708654
0.643021
0.582145
0.737112
0.687826
0.624704
0.564094
0.727183
0.676358
0.611237
0.549843
0.724487
0.673177
0.610895
0.551976
0.737547
0.684174
0.617469
0.557629
0.745555
0.694608
0.629455
0.56973
0.763934
0.709403
0.642699
0.578843
0.780696
0.726034
0.654123
0.590777
0.791457
0.736092
0.664531
0.597559
0.799708
0.745565
0.675771
0.60668
0.813476
0.753463
0.679375
0.610816
0.819838
0.762594
0.687764
0.617888
0.829498
0.770072
0.694932
0.625876
0.839365
0.777534
0.6993
0.629254
0.842617
0.782468
0.705089
0.634313
0.849872
0.788051
0.71096
0.640128
0.862563
0.801843
0.723097
0.650474
0.86987
0.808034
0.728562
0.657313
0.879508
0.816548
0.73388
0.658453
0.881972
0.81724
0.736249
0.661953
0.888661
0.823055
0.742323
0.66768
0.893152
0.831145
0.748786
0.67317
0.901118
0.83593
0.752437
0.675946
0.90289
0.838372
0.754465
0.678944
0.907551
0.841485
0.75729
0.67807
0.908305
0.843903
0.758428
0.682746
0.91293
0.84686
0.760191
0.68242
0.911983
0.844871
0.760431
0.684058
0.912887
0.848045
0.76333
0.687021
0.915719
0.851332
0.768127
0.689319
0.920413
0.85458
0.768775
0.693131
0.92445
0.85905
0.774509
0.694975
0.927486
0.861152
0.774631
0.696124
0.930446
0.863443
0.774894
0.696935
0.931333
0.861007
0.774135
0.696433
0.931012
0.863174
0.775685
0.696034
0.930609
0.864525
0.778284
0.698958
0.933092
0.867159
0.778935
0.697829
0.932369
0.866008
0.780867
0.701004
0.937258
0.868081
0.779121
0.699774
0.93509
0.868295
0.781063
0.702362
0.937658
0.869597
0.783105
0.70228
0.937004
0.870137
0.783376
0.704994
0.941079
0.873346
0.788599
0.708886
0.942968
0.875983
0.789594
0.70962
0.946569
0.87526
0.789232
0.707993
0.942872
0.877637
0.792296
0.711441
0.944231
0.875828
0.789825
0.710682
0.946697
0.876361
0.78902
0.707829
0.943314
0.87257
0.784191
0.705913
0.939667
0.873104
0.786342
0.706621
0.942397
0.873931
0.786618
0.707088
0.943195
0.873864
0.787329
0.70715
0.945535
0.876486
0.790089
0.71134
0.950188
0.881906
0.793478
0.714041
0.951769
0.883131
0.795798
0.714889
0.951596
0.881992
0.792022
0.711153
0.947134
0.882036
0.794421
0.714511
0.953138
0.883835
0.796154
0.716355
0.953485
0.883524
0.795279
0.711733
0.950027
0.881257
0.790813
0.710719
0.946843
0.876135
0.7861
0.706259
0.943803
0.876863
0.78987
0.709823
0.947563
0.878684
0.794146
0.71478
0.952848
0.885517
0.796467
0.715527
0.953661
0.883985
0.79238
0.71228
0.949857
0.881041
0.789234
0.709845
0.947174
0.878865
0.792876
0.710463
0.948472
0.879029
0.791255
0.709645
0.94844
0.880131
0.793781
0.711745
0.948259
0.878375
0.791707
0.710439
0.946802
0.878921
0.79072
0.710483
0.949278
0.881946
0.794883
0.711929
0.949971
0.880174
0.795017
0.713186
0.950139
0.880074
0.792659
0.712412
0.951403
0.883915
0.798749
0.717274
0.955941
0.888822
0.801066
0.718782
0.954511
0.885222
0.798299
0.718531
0.956275
0.885241
0.798778
0.717685
0.9557
0.885204
0.799816
0.717552
0.955283
0.884887
0.797696
0.715428
0.951836
0.881647
0.795846
0.715624
0.952938
0.885333
0.799295
0.717318
0.957116
0.889946
0.801008
0.718949
0.958391
0.889663
0.803713
0.724294
0.961631
0.889058
0.800715
0.718927
0.957937
0.887385
0.797548
0.714623
0.952008
0.885015
0.796578
0.718085
0.954164
0.886632
0.798708
0.717291
0.955554
0.885101
0.797328
0.715742
0.952229
0.881313
0.791465
0.710937
0.949043
0.879088
0.791945
0.709233
0.949028
0.878613
0.792195
0.710399
0.949195
0.878251
0.790592
0.711469
0.949616
0.879582
0.792903
0.713799
0.950651
0.883071
0.794678
0.715392
0.95236
0.884316
0.797366
0.715594
0.952902
0.884766
0.798795
0.716895
0.952399
0.885803
0.796035
0.715209
0.953273
0.882014
0.791405
0.708495
0.946363
0.879591
0.793249
0.71269
0.950898
0.881993
0.795838
0.716124
0.953589
0.885751
0.795272
0.716427
0.954775
0.883582
0.797616
0.716984
0.955027
0.885122
0.796296
0.714555
0.95299
0.884128
0.797603
0.718748
0.956479
0.885112
0.79779
0.715786
0.954056
0.885182
0.796886
0.716767
0.952788
0.883611
0.796521
0.712766
0.951839
0.883787
0.794034
0.712447
0.95061
0.881423
0.794037
0.713618
0.950583
0.881145
0.791281
0.708892
0.948382
0.878923
0.791205
0.711914
0.951463
0.884498
0.794314
0.7143
0.951733
0.881345
0.794383
0.712183
0.949995
0.877287
0.789492
0.709015
0.949966
0.880129
0.791912
0.714569
0.952163
0.883994
0.794819
0.714842
0.952964
0.882898
0.795591
0.714665
0.953118
0.882898
0.79643
0.714225
0.951985
0.882726
0.796118
0.716644
0.953339
0.883458
0.793982
0.711787
0.949604
0.881436
0.792763
0.712088
0.949954
0.882431
0.796113
0.716238
0.954541
0.887226
0.797186
0.715117
0.95267
0.885253
0.797663
0.717942
0.954499
0.885883
0.797004
0.71632
0.954337
0.883935
0.796428
0.716779
0.951689
0.883097
0.796612
0.717133
0.954246
0.882567
0.796217
0.714467
0.951492
0.880466
0.790132
0.710805
0.948489
0.877842
0.790676
0.711716
0.94752
0.879801
0.793444
0.712744
0.948173
0.877898
0.790691
0.709391
0.947849
0.879577
0.789323
0.70907
0.946696
0.878184
0.792787
0.711267
0.949074
0.878789
0.78866
0.708823
0.944511
0.875532
0.78888
0.707228
0.946208
0.877208
0.790186
0.710747
0.948788
0.88049
0.793535
0.714226
0.953444
0.882609
0.793412
0.711507
0.948882
0.88134
0.793922
0.711967
0.949304
0.880878
0.794832
0.711771
0.948998
0.882576
0.797325
0.718317
0.955807
0.888593
0.798915
0.719594
0.956545
0.886935
0.799773
0.717954
0.955275
0.886806
0.796839
0.716039
0.952866
0.883131
0.797589
0.716334
0.95386
0.884403
0.795297
0.714318
0.952046
0.882904
0.797006
0.711679
0.950432
0.880797
0.793214
0.712926
0.951372
0.882925
0.795167
0.71219
0.950148
0.881548
0.794824
0.713311
0.950922
0.880158
0.792994
0.713459
0.952165
0.883144
0.795844
0.714947
0.950077
0.881303
0.793096
0.713549
0.950831
0.883493
0.79709
0.7175
0.954144
0.88532
0.797001
0.716023
0.951989
0.884328
0.79644
0.713737
0.950901
0.881104
0.792211
0.712688
0.948878
0.878855
0.791585
0.711297
0.948436
0.878741
0.793993
0.714546
0.952242
0.882591
0.794507
0.71405
0.95146
0.880725
0.795151
0.714736
0.952842
0.885224
0.798326
0.71671
0.954117
0.882981
0.798176
0.716199
0.954299
0.885511
0.79773
0.717669
0.952991
0.882527
0.79577
0.712859
0.951455
0.885002
0.794538
0.714113
0.950118
0.878786
0.792469
0.71179
0.948081
0.878422
0.790703
0.710498
0.948164
0.877805
0.789546
0.709668
0.947172
0.877343
0.78698
0.70663
0.946308
0.87991
0.792609
0.709602
0.949816
0.879748
0.791851
0.712694
0.95228
0.883783
0.793868
0.710813
0.948901
0.877812
0.789265
0.709362
0.94807
0.880773
0.793547
0.712249
0.94844
0.875989
0.789869
0.709979
0.948347
0.881107
0.791699
0.70911
0.948628
0.881405
0.796084
0.715375
0.951911
0.881394
0.791839
0.711215
0.950289
0.88168
0.793061
0.71098
0.950249
0.881707
0.794294
0.711655
0.950044
0.880255
0.792738
0.712303
0.949805
0.880334
0.794639
0.714481
0.951697
0.883333
0.796952
0.716591
0.955932
0.887511
0.800625
0.719449
0.955225
0.883584
0.795747
0.713933
0.952996
0.883495
0.796406
0.715904
0.952681
0.883518
0.796472
0.715832
0.953858
0.883834
0.794778
0.715213
0.952084
0.884381
0.797819
0.715738
0.954378
0.885636
0.797621
0.71674
0.953986
0.887043
0.797778
0.716152
0.95388
0.886439
0.800154
0.717297
0.955487
0.886639
0.798164
0.716819
0.954106
0.883653
0.794402
0.714072
0.952205
0.884311
0.798137
0.717596
0.953525
0.884246
0.795204
0.71652
0.954987
0.885454
0.799189
0.718937
0.957337
0.887632
0.800982
0.719984
0.957297
0.886508
0.800282
0.717925
0.9535
0.882927
0.796424
0.714231
0.951828
0.882602
0.795258
0.714628
0.953491
0.884681
0.794862
0.715458
0.9532
0.885027
0.795428
0.714825
0.951613
0.883228
0.795786
0.715557
0.953668
0.883185
0.796025
0.716312
0.952492
0.883853
0.796126
0.715912
0.953056
0.884115
0.794754
0.714231
0.952996
0.884536
0.798559
0.719523
0.954802
0.884911
0.797902
0.715257
0.952744
0.883298
0.797229
0.716044
0.954246
0.88547
0.796479
0.714919
0.95289
0.88427
0.797925
0.71663
0.953661
0.885474
0.796954
0.716057
0.952956
0.882919
0.798583
0.718131
0.953858
0.885009
0.796183
0.714153
0.951694
0.884647
0.796656
0.715737
0.953782
0.884004
0.795483
0.716484
0.953728
0.885653
0.796727
0.71709
0.954268
0.884073
0.793394
0.71268
0.949914
0.881708
0.794167
0.714729
0.952261
0.884993
0.797283
0.716925
0.953771
0.882957
0.797481
0.71575
0.952967
0.884079
0.797963
0.71853
0.955461
0.886777
0.797519
0.715495
0.954053
0.884476
0.797431
0.71622
0.953687
0.883409
0.796542
0.714315
0.953848
0.884262
0.79703
0.716912
0.954925
0.884797
0.795707
0.715799
0.951441
0.883325
0.795845
0.712252
0.951403
0.881509
0.794849
0.71422
0.952258
0.883104
0.795845
0.712114
0.949264
0.879161
0.793791
0.713902
0.950327
0.880286
0.792749
0.711272
0.949817
0.879845
0.793835
0.71327
0.950881
0.883754
0.795582
0.716418
0.952494
0.883193
0.793581
0.713164
0.951274
0.882405
0.795206
0.713023
0.952066
0.882469
0.791961
0.712091
0.948904
0.880865
0.794855
0.711952
0.94945
0.879694
0.792517
0.710038
0.94838
0.880517
0.793049
0.71216
0.952448
0.883497
0.795112
0.713327
0.952285
0.879548
0.791672
0.708943
0.946121
0.876953
0.789809
0.708597
0.94504
0.878064
0.790499
0.709733
0.948912
0.880094
0.793342
0.711721
0.948892
0.877412
0.790936
0.708193
0.945629
0.876742
0.789667
0.708417
0.946977
0.87952
0.79347
0.711167
0.948894
0.879765
0.792236
0.712496
0.951053
0.880864
0.794098
0.713175
0.950711
0.882858
0.794907
0.714648
0.953921
0.88569
0.798432
0.717205
0.955959
0.888768
0.800411
0.719421
0.955536
0.887513
0.79801
0.717794
0.954539
0.883597
0.795978
0.712852
0.951253
0.881061
0.793405
0.711331
0.948926
0.877171
0.789106
0.709603
0.948577
0.880761
0.793299
0.714919
0.952947
0.882748
0.794433
0.714758
0.953382
0.88508
0.796273
0.714915
0.952334
0.879806
0.79104
0.712149
0.949634
0.880458
0.793007
0.711919
0.948224
0.880637
0.792868
0.711854
0.948949
0.879396
0.79128
0.711476
0.948666
0.880758
0.794248
0.714864
0.954303
0.886043
0.799646
0.718737
0.956254
0.884036
0.795959
0.716638
0.954535
0.883001
0.798169
0.717424
0.954268
0.884506
0.794146
0.710257
0.947855
0.878279
0.790231
0.710231
0.948091
0.879076
0.791044
0.709653
0.945993
0.874622
0.786169
0.705843
0.944394
0.875595
0.788776
0.708559
0.945368
0.876664
0.791569
0.710669
0.950797
0.883384
0.795146
0.714973
0.950798
0.885103
0.79723
0.716727
0.955234
0.884867
0.797499
0.714236
0.95193
0.882822
0.793927
0.714153
0.950681
0.88054
0.794111
0.714954
0.951633
0.883695
0.796983
0.716721
0.954009
0.885668
0.798916
0.719618
0.956565
0.88671
0.798557
0.716956
0.954175
0.887357
0.799769
0.717777
0.956142
0.887994
0.798919
0.718903
0.954029
0.88675
0.798691
0.71772
0.955285
0.88611
0.799788
0.717985
0.954271
0.884843
0.797629
0.715399
0.953984
0.883285
0.794652
0.713867
0.95003
0.87973
0.791423
0.709331
0.948184
0.879649
0.791268
0.710386
0.949477
0.880823
0.794069
0.711283
0.948886
0.877929
0.791347
0.710564
0.949137
0.879142
0.791778
0.710219
0.947792
0.880034
0.793045
0.710812
0.949728
0.879589
0.794183
0.714385
0.952033
0.884184
0.796309
0.716771
0.954476
0.879965
0.792193
0.713466
0.951795
0.88064
0.795214
0.716832
0.954064
0.887987
0.80124
0.720516
0.956255
0.88661
0.797629
0.716993
0.95387
0.884055
0.798545
0.719264
0.957373
0.888672
0.800365
0.717674
0.954835
0.884975
0.798974
0.718727
0.955275
0.88713
0.799756
0.71858
0.955774
0.884797
0.797311
0.71568
0.952959
0.883983
0.795216
0.712082
0.948734
0.879505
0.789954
0.709244
0.946903
0.876507
0.788947
0.710657
0.947814
0.881726
0.794125
0.713787
0.953062
0.886778
0.799911
0.716688
0.953412
0.884496
0.796404
0.717291
0.953578
0.881157
0.792757
0.712083
0.948549
0.879659
0.79302
0.71118
0.949497
0.881257
0.794763
0.714316
0.952545
0.883529
0.794164
0.715072
0.951028
0.884491
0.796838
0.716488
0.954549
0.88295
0.796264
0.715207
0.953433
0.885164
0.795571
0.713944
0.950919
0.879368
0.789332
0.708889
0.946474
0.879238
0.793319
0.712811
0.95163
0.880845
0.793236
0.713785
0.949678
0.879697
0.794288
0.713445
0.950507
0.878599
0.792501
0.711065
0.949313
0.880533
0.792082
0.711911
0.949937
0.882278
0.796146
0.71286
0.949811
0.876912
0.79045
0.71114
0.949616
0.880974
0.791937
0.711325
0.950233
0.88253
0.793542
0.710964
0.947795
0.877793
0.790077
0.710042
0.946486
0.877455
0.789903
0.710242
0.950269
0.882511
0.794971
0.713455
0.951248
0.878001
0.788676
0.709578
0.94821
0.878407
0.791741
0.712975
0.952021
0.884123
0.797096
0.715612
0.954903
0.883835
0.794286
0.71435
0.951487
0.883724
0.795171
0.715077
0.95382
0.884994
0.794618
0.714045
0.952838
0.883959
0.79373
0.7124
0.951596
0.881816
0.792943
0.712216
0.949055
0.880198
0.790717
0.709888
0.948268
0.878228
0.793412
0.713308
0.952082
0.88422
0.795602
0.712793
0.951057
0.881972
0.794014
0.711859
0.950167
0.881901
0.796394
0.717167
0.955269
0.885871
0.798646
0.716829
0.955877
0.884836
0.795872
0.716333
0.953809
0.882052
0.796094
0.714605
0.952466
0.884326
0.795988
0.71668
0.95265
0.885618
0.797773
0.717389
0.954268
0.88572
0.795972
0.713702
0.951555
0.88517
0.799033
0.71689
0.953174
0.88218
0.793945
0.710729
0.948684
0.879546
0.795233
0.715399
0.954202
0.886821
0.797264
0.715001
0.952978
0.884172
0.796707
0.715435
0.952914
0.884313
0.795273
0.715034
0.954082
0.884562
0.796627
0.715857
0.951803
0.885072
0.796763
0.718053
0.954393
0.88583
0.798961
0.718986
0.953354
0.88436
0.797816
0.715843
0.953481
0.885802
0.797664
0.715947
0.953455
0.885955
0.799934
0.718735
0.956708
0.884893
0.795662
0.71573
0.953577
0.884803
0.796958
0.712432
0.948437
0.880999
0.791751
0.709918
0.94851
0.881038
0.795388
0.716266
0.954067
0.884427
0.795815
0.716086
0.954963
0.886283
0.798092
0.716126
0.954764
0.884137
0.794374
0.7141
0.953755
0.886524
0.798069
0.715854
0.951486
0.882353
0.795839
0.714355
0.95247
0.884116
0.79806
0.717821
0.954502
0.885412
0.796432
0.716826
0.954959
0.885981
0.797536
0.718477
0.954071
0.882599
0.793435
0.712837
0.950625
0.882387
0.795821
0.714802
0.952747
0.881958
0.795457
0.713441
0.951861
0.884214
0.796982
0.713849
0.951961
0.883978
0.795373
0.713717
0.951176
0.883708
0.796151
0.714995
0.95472
0.888242
0.79937
0.719078
0.956275
0.887848
0.798872
0.717314
0.953429
0.883358
0.797682
0.716974
0.954767
0.887609
0.797635
0.716082
0.952722
0.881846
0.793475
0.710916
0.9491
0.88254
0.79309
0.712065
0.950906
0.88123
0.794376
0.71277
0.950851
0.881586
0.793243
0.712682
0.950154
0.880474
0.794234
0.714193
0.953052
0.88333
0.798179
0.717711
0.956283
0.884645
0.795671
0.716883
0.954752
0.885625
0.799079
0.718581
0.955835
0.886967
0.800216
0.720652
0.956049
0.885052
0.797988
0.717072
0.954768
0.887662
0.799454
0.719548
0.95596
0.885573
0.798223
0.716633
0.955713
0.886506
0.797271
0.715334
0.952658
0.882036
0.793076
0.712213
0.951449
0.883429
0.796594
0.714177
0.951679
0.881176
0.794376
0.713629
0.952773
0.886341
0.798137
0.717177
0.952355
0.883614
0.795715
0.713188
0.950643
0.879487
0.791916
0.710662
0.948767
0.878055
0.793847
0.71276
0.951369
0.884031
0.797533
0.715949
0.953705
0.884352
0.798028
0.714547
0.952008
0.882221
0.797815
0.715953
0.953358
0.885431
0.796327
0.716019
0.952447
0.882821
0.795582
0.713963
0.953118
0.884469
0.796978
0.713871
0.951014
0.884387
0.79621
0.71455
0.95338
0.88318
0.793565
0.711834
0.950028
0.881183
0.792301
0.710279
0.948138
0.879576
0.788224
0.709409
0.94899
0.878816
0.791827
0.711317
0.949441
0.881567
0.795977
0.715907
0.955937
0.88517
0.798113
0.717942
0.956234
0.884973
0.798118
0.718081
0.955627
0.885929
0.798135
0.714614
0.95248
0.884227
0.79545
0.71358
0.952494
0.880861
0.79488
0.713855
0.951019
0.879553
0.793259
0.711809
0.948749
0.879143
0.791453
0.709841
0.949819
0.877023
0.790495
0.708644
0.946934
0.877393
0.790103
0.710152
0.948673
0.880021
0.792007
0.710649
0.949176
0.87981
0.793379
0.71372
0.952455
0.881084
0.791064
0.712451
0.949125
0.87913
0.792049
0.712073
0.950344
0.881831
0.79478
0.713286
0.949331
0.880411
0.793882
0.712065
0.950358
0.879059
0.791921
0.710699
0.948671
0.880356
0.79364
0.713057
0.950097
0.878413
0.792657
0.711931
0.949814
0.880502
0.794204
0.713516
0.951342
0.88103
0.794109
0.713492
0.951778
0.884127
0.79478
0.711816
0.949981
0.878713
0.792611
0.714714
0.949912
0.882209
0.795673
0.7143
0.952254
0.883854
0.79704
0.716292
0.955099
0.882509
0.797687
0.716126
0.954219
0.884716
0.79594
0.715475
0.953286
0.884084
0.797937
0.717812
0.954072
0.885484
0.797923
0.713957
0.953558
0.882407
0.794753
0.714012
0.953043
0.883027
0.798367
0.717636
0.954516
0.886122
0.79621
0.715562
0.95408
0.884975
0.7967
0.716052
0.953665
0.883453
0.796753
0.71706
0.953874
0.883745
0.797348
0.717924
0.955554
0.887987
0.799254
0.719145
0.956946
0.886061
0.79672
0.715932
0.952831
0.883796
0.795806
0.71592
0.953255
0.884083
0.794307
0.714472
0.952451
0.879658
0.793435
0.710907
0.950073
0.881306
0.794063
0.712429
0.949903
0.877902
0.792856
0.710883
0.94875
0.884518
0.795491
0.714196
0.952391
0.883342
0.795518
0.715241
0.953137
0.883057
0.79722
0.713761
0.951552
0.882859
0.795299
0.716798
0.954078
0.88719
0.800462
0.721061
0.959063
0.888056
0.79943
0.716586
0.955485
0.882122
0.792836
0.712823
0.949608
0.880567
0.792538
0.712679
0.952747
0.882756
0.794494
0.715137
0.953671
0.885766
0.798043
0.717108
0.955494
0.886138
0.796241
0.715213
0.952194
0.882819
0.795342
0.715826
0.952706
0.885102
0.798824
0.716307
0.953711
0.883934
0.796534
0.716202
0.954001
0.885941
0.797429
0.717253
0.954121
0.886191
0.798247
0.718493
0.957454
0.887433
0.80033
0.716798
0.953234
0.882965
0.793934
0.713552
0.950285
0.881306
0.794183
0.712706
0.952539
0.883384
0.793806
0.710177
0.948729
0.881254
0.792317
0.711302
0.950408
0.879829
0.793308
0.712434
0.948744
0.879384
0.791518
0.713417
0.950144
0.88167
0.795161
0.714682
0.953062
0.882476
0.793808
0.712735
0.951541
0.882255
0.794417
0.714127
0.952029
0.882144
0.79603
0.714687
0.952352
0.883542
0.796521
0.713279
0.950384
0.882283
0.795967
0.71478
0.952085
0.88406
0.799815
0.718476
0.954837
0.88592
0.798299
0.71884
0.956075
0.885772
0.796914
0.716393
0.955758
0.887169
0.800035
0.718141
0.955711
0.885032
0.796405
0.713911
0.951735
0.881289
0.796497
0.714992
0.952675
0.882818
0.795975
0.716193
0.95277
0.882132
0.794397
0.714993
0.952647
0.883946
0.793685
0.71188
0.947858
0.880093
0.791144
0.710857
0.949156
0.882642
0.79654
0.715013
0.952926
0.88113
0.79542
0.713279
0.951413
0.880861
0.79308
0.711988
0.948833
0.882769
0.795063
0.714911
0.950911
0.882956
0.795255
0.714218
0.954165
0.884612
0.795953
0.715214
0.951378
0.883001
0.792944
0.712419
0.950952
0.880745
0.792216
0.711828
0.949541
0.880625
0.792506
0.711943
0.9485
0.88088
0.792429
0.712043
0.951094
0.879357
0.794145
0.71406
0.951881
0.885246
0.797572
0.716404
0.954263
0.885439
0.797515
0.716664
0.954035
0.886033
0.795073
0.714589
0.951709
0.882456
0.794824
0.71428
0.951904
0.88283
0.793869
0.714377
0.951816
0.882191
0.796451
0.714859
0.952253
0.883404
0.798298
0.71788
0.955126
0.882424
0.795306
0.712461
0.949017
0.878008
0.791619
0.711944
0.94938
0.882227
0.79619
0.714088
0.951512
0.881487
0.794654
0.713708
0.953172
0.883256
0.797049
0.716419
0.952652
0.8842
0.797472
0.716858
0.955705
0.887249
0.797434
0.717266
0.953823
0.884487
0.797973
0.718294
0.956675
0.886542
0.798344
0.717172
0.953843
0.88339
0.796448
0.713739
0.951483
0.880237
0.793265
0.712319
0.950842
0.880611
0.795763
0.716061
0.952634
0.885765
0.7986
0.71864
0.955189
0.886714
0.799232
0.716129
0.953331
0.881442
0.79312
0.712965
0.951889
0.883416
0.796965
0.713318
0.95112
0.878402
0.790892
0.710365
0.948831
0.879085
0.791984
0.710595
0.947614
0.879163
0.793164
0.711924
0.950959
0.88161
0.794332
0.711366
0.950694
0.882294
0.795893
0.714675
0.953524
0.88335
0.794799
0.715147
0.951228
0.880702
0.795118
0.713824
0.95291
0.882295
0.79583
0.714452
0.951361
0.883762
0.797025
0.71527
0.952994
0.883175
0.79358
0.713711
0.950831
0.882122
0.795142
0.714731
0.951991
0.882273
0.795282
0.713244
0.951952
0.882453
0.792473
0.713283
0.951542
0.882108
0.79533
0.710776
0.949011
0.881339
0.796229
0.715125
0.951209
0.883159
0.79391
0.712772
0.951164
0.881155
0.795336
0.714743
0.953348
0.883941
0.796199
0.715136
0.951069
0.881404
0.792589
0.711218
0.94997
0.878568
0.793282
0.713244
0.949731
0.882841
0.795292
0.71718
0.954605
0.887115
0.799602
0.720703
0.957824
0.888605
0.801626
0.717291
0.956117
0.887343
0.796871
0.716858
0.95323
0.882836
0.794963
0.713385
0.951305
0.882911
0.795708
0.715301
0.951598
0.882028
0.794554
0.71386
0.951099
0.878375
0.791255
0.711535
0.949256
0.881161
0.796141
0.715969
0.952476
0.882484
0.792117
0.712427
0.948541
0.880091
0.793485
0.712589
0.95139
0.88033
0.791731
0.712377
0.950953
0.883623
0.797066
0.714952
0.950433
0.883207
0.79587
0.71556
0.953548
0.885812
0.798518
0.717886
0.953579
0.883381
0.795578
0.712439
0.951014
0.882654
0.794482
0.714298
0.95268
0.883748
0.795884
0.713639
0.950121
0.882355
0.794008
0.713426
0.949941
0.88146
0.793724
0.714174
0.950675
0.882034
0.793329
0.712488
0.950137
0.880883
0.793358
0.713647
0.949129
0.879167
0.793668
0.713047
0.951425
0.880407
0.793012
0.712094
0.949778
0.882613
0.794495
0.715528
0.95446
0.884067
0.798168
0.717278
0.953934
0.884764
0.797726
0.715079
0.953699
0.882992
0.796817
0.715979
0.951127
0.879954
0.790763
0.709308
0.948445
0.878401
0.790863
0.710203
0.947677
0.878363
0.79155
0.711524
0.948697
0.882352
0.794241
0.715493
0.952148
0.885304
0.796768
0.716289
0.954131
0.884673
0.797631
0.715978
0.951206
0.880273
0.79262
0.70913
0.947996
0.878496
0.790107
0.710451
0.945026
0.877026
0.791184
0.712637
0.950851
0.881931
0.792892
0.711582
0.949486
0.878142
0.789165
0.708334
0.945497
0.877824
0.792562
0.71217
0.948624
0.880814
0.794529
0.714739
0.952769
0.885939
0.799342
0.71876
0.957859
0.888334
0.800485
0.719807
0.956968
0.888665
0.800883
0.721077
0.955602
0.886788
0.800481
0.718844
0.955267
0.885714
0.798259
0.716066
0.9521
0.8822
0.795653
0.713645
0.952012
0.88347
0.791701
0.711408
0.949983
0.879932
0.795971
0.712849
0.952108
0.883168
0.796512
0.715604
0.953588
0.885672
0.796749
0.71597
0.955107
0.885519
0.79683
0.716384
0.951334
0.880871
0.793012
0.712014
0.950141
0.879621
0.790793
0.711241
0.948484
0.879107
0.790473
0.709239
0.948188
0.879394
0.79465
0.713163
0.949186
0.880205
0.791437
0.70968
0.948841
0.880419
0.793377
0.710855
0.949896
0.880382
0.791918
0.713091
0.951362
0.88023
0.790578
0.707924
0.943119
0.87454
0.789019
0.708954
0.948409
0.879665
0.792959
0.713066
0.950515
0.880412
0.792311
0.711172
0.949614
0.882507
0.797135
0.71565
0.953145
0.883502
0.7959
0.71403
0.95151
0.882272
0.793499
0.715272
0.954489
0.883985
0.796426
0.714632
0.953494
0.883091
0.794659
0.712827
0.949983
0.881076
0.79668
0.717476
0.954725
0.887529
0.798466
0.718439
0.954694
0.885496
0.797446
0.714499
0.950808
0.883247
0.793913
0.711076
0.949413
0.879484
0.793872
0.713635
0.952443
0.883288
0.796082
0.714196
0.952397
0.883793
0.795934
0.714418
0.951981
0.883162
0.796684
0.714903
0.953117
0.883036
0.796109
0.714205
0.952841
0.883683
0.796781
0.716564
0.953246
0.88204
0.794647
0.714865
0.95094
0.882973
0.796688
0.716402
0.954397
0.88388
0.796225
0.713969
0.952799
0.882522
0.791416
0.709356
0.948446
0.87851
0.790522
0.711142
0.947666
0.878887
0.790145
0.711033
0.947893
0.880583
0.793152
0.7119
0.950558
0.880891
0.794534
0.713218
0.950554
0.879517
0.792895
0.712599
0.949633
0.880436
0.795185
0.712419
0.94945
0.882987
0.794592
0.71409
0.952643
0.881985
0.795496
0.716167
0.95459
0.886073
0.79915
0.71934
0.95624
0.886336
0.796039
0.712458
0.951216
0.88172
0.795618
0.713239
0.951384
0.88358
0.795953
0.714939
0.953223
0.884593
0.797044
0.715477
0.953696
0.884409
0.798041
0.716657
0.953745
0.882806
0.793044
0.711341
0.946345
0.876391
0.788349
0.70797
0.947836
0.881673
0.7926
0.709224
0.946225
0.877087
0.79187
0.710285
0.946125
0.876872
0.791415
0.711673
0.94832
0.878954
0.791765
0.711003
0.948087
0.879814
0.794217
0.712836
0.950293
0.87974
0.791221
0.709289
0.948207
0.879337
0.791971
0.712007
0.94857
0.880579
0.793271
0.712621
0.950434
0.881394
0.79542
0.713679
0.952467
0.882995
0.795128
0.714799
0.951959
0.881837
0.795159
0.715863
0.952257
0.881338
0.796056
0.715426
0.953204
0.88548
0.796827
0.714651
0.951161
0.877588
0.791654
0.711622
0.949091
0.878459
0.789518
0.709364
0.947562
0.880432
0.793113
0.711626
0.950015
0.879459
0.790959
0.711077
0.94783
0.879814
0.791971
0.711314
0.95001
0.879615
0.790771
0.711948
0.950606
0.881209
0.793741
0.7112
0.948966
0.880235
0.794914
0.712736
0.95045
0.881155
0.794151
0.716146
0.953152
0.881122
0.793127
0.714241
0.950637
0.877685
0.791488
0.710303
0.947887
0.878998
0.789932
0.711186
0.947597
0.880483
0.795017
0.714023
0.953629
0.885317
0.798279
0.716198
0.953811
0.88417
0.798544
0.718775
0.956834
0.887184
0.800314
0.718031
0.955894
0.887401
0.801623
0.71896
0.955846
0.885402
0.796059
0.715793
0.953952
0.88522
0.798172
0.716775
0.954116
0.885909
0.797383
0.71578
0.953829
0.883243
0.794299
0.712765
0.951716
0.8834
0.798001
0.715829
0.954023
0.883691
0.795692
0.714959
0.951689
0.883999
0.796988
0.714419
0.952275
0.882037
0.79334
0.712736
0.949652
0.882505
0.795544
0.714543
0.949942
0.88083
0.794566
0.712823
0.951383
0.882476
0.793108
0.710032
0.949871
0.880182
0.791757
0.71191
0.94972
0.881112
0.79203
0.713716
0.948908
0.879707
0.793405
0.713941
0.952708
0.881865
0.795177
0.7138
0.950773
0.880753
0.79277
0.712326
0.951292
0.881571
0.792079
0.71276
0.951917
0.882361
0.795469
0.712268
0.948631
0.882466
0.791975
0.712631
0.950724
0.883685
0.795419
0.715317
0.954581
0.884873
0.79811
0.716996
0.954031
0.885287
0.795032
0.715516
0.951916
0.882889
0.792349
0.708338
0.94495
0.876178
0.789975
0.709744
0.947966
0.879871
0.79218
0.711883
0.950722
0.880187
0.792448
0.712661
0.951683
0.882882
0.79496
0.711302
0.949232
0.879416
0.794537
0.716021
0.954129
0.882697
0.795231
0.713593
0.950011
0.882052
0.795556
0.712989
0.949649
0.883788
0.796907
0.718758
0.954258
0.882657
0.79435
0.713619
0.950905
0.883303
0.795635
0.71465
0.952239
0.882387
0.794175
0.713162
0.951328
0.881603
0.794116
0.713976
0.952185
0.884222
0.79584
0.715813
0.955097
0.886494
0.798193
0.717701
0.954696
0.886288
0.796745
0.716115
0.954033
0.883242
0.794283
0.714422
0.953415
0.883353
0.793928
0.713205
0.951573
0.883842
0.796433
0.717544
0.952715
0.881703
0.795212
0.71486
0.951887
0.883157
0.796067
0.714905
0.951966
0.883968
0.794714
0.712756
0.949824
0.878705
0.790393
0.712937
0.950958
0.882281
0.792951
0.710529
0.948324
0.881807
0.794043
0.712292
0.951036
0.880066
0.794077
0.714572
0.951297
0.882153
0.79386
0.713849
0.951188
0.879284
0.79102
0.710502
0.94862
0.879414
0.793092
0.712064
0.948696
0.87881
0.790783
0.709122
0.948616
0.881714
0.795652
0.714702
0.953107
0.882593
0.793836
0.715384
0.953671
0.885728
0.795345
0.715955
0.9537
0.882675
0.794489
0.714238
0.951083
0.881162
0.79373
0.714287
0.950383
0.882152
0.794679
0.713088
0.94978
0.881084
0.794189
0.713437
0.951329
0.880315
0.794624
0.714051
0.950126
0.880866
0.791627
0.710532
0.948118
0.878661
0.792594
0.712656
0.951518
0.879823
0.791428
0.709848
0.945216
0.87903
0.792269
0.709965
0.947635
0.877987
0.792956
0.713856
0.951822
0.881266
0.793501
0.712925
0.951987
0.883558
0.794135
0.714751
0.953074
0.885874
0.798321
0.71667
0.952717
0.882524
0.796775
0.71693
0.95468
0.884542
0.796324
0.714144
0.952935
0.882425
0.793554
0.710152
0.947172
0.87969
0.793409
0.710687
0.948244
0.88164
0.79373
0.712428
0.950056
0.882612
0.794315
0.713272
0.950671
0.879873
0.791245
0.710277
0.947218
0.879877
0.794653
0.713737
0.95195
0.881564
0.79522
0.713105
0.951143
0.883305
0.79624
0.716801
0.95456
0.884688
0.797137
0.71662
0.953242
0.882184
0.793978
0.713151
0.950852
0.883505
0.796163
0.713536
0.95104
0.881663
0.795126
0.714579
0.950854
0.880047
0.793296
0.713903
0.950834
0.877726
0.787873
0.708074
0.945702
0.879038
0.794545
0.714056
0.951783
0.882568
0.796
0.712332
0.951235
0.882946
0.796586
0.713479
0.952599
0.881749
0.795145
0.716632
0.954022
0.884882
0.797259
0.716015
0.954431
0.883038
0.798868
0.716182
0.953945
0.883711
0.794875
0.715154
0.950749
0.882287
0.791842
0.71268
0.951695
0.883877
0.795962
0.714075
0.952589
0.883562
0.796292
0.7121
0.950319
0.879495
0.792711
0.71215
0.949752
0.88116
0.794826
0.714232
0.951964
0.884402
0.796993
0.716271
0.953116
0.882654
0.794351
0.713346
0.951204
0.879269
0.791314
0.708807
0.945245
0.875786
0.791048
0.710707
0.948437
0.874927
0.783669
0.705132
0.94346
0.876787
0.79093
0.710691
0.948702
0.879887
0.795004
0.713854
0.951841
0.880621
0.792822
0.712741
0.949628
0.878124
0.792737
0.71334
0.950785
0.881005
0.79389
0.715292
0.950712
0.88101
0.793294
0.712685
0.949659
0.879848
0.79309
0.712194
0.951472
0.882963
0.795679
0.714318
0.953457
0.88648
0.798244
0.716455
0.954522
0.885199
0.797258
0.717529
0.953714
0.884105
0.79577
0.71538
0.952206
0.883201
0.795713
0.71254
0.951181
0.881252
0.794073
0.714794
0.953792
0.886671
0.799846
0.716455
0.95392
0.885551
0.797309
0.715998
0.952094
0.881221
0.794717
0.714467
0.952124
0.879572
0.793136
0.713398
0.952116
0.879291
0.79124
0.710775
0.948525
0.877606
0.790093
0.709624
0.947375
0.877224
0.792192
0.709003
0.946282
0.877734
0.790628
0.710952
0.948995
0.879472
0.792082
0.71025
0.947996
0.879595
0.793558
0.712044
0.950714
0.882006
0.795144
0.714645
0.950193
0.881196
0.794224
0.713163
0.950301
0.882815
0.796574
0.712165
0.951028
0.880662
0.792576
0.713186
0.951151
0.881494
0.792477
0.711052
0.94546
0.877349
0.789683
0.709051
0.947926
0.880718
0.791598
0.711688
0.948123
0.878847
0.791743
0.713059
0.950016
0.878987
0.791622
0.710772
0.946853
0.878023
0.790411
0.710557
0.947985
0.878219
0.791243
0.711617
0.949653
0.881287
0.79615
0.715954
0.95398
0.886145
0.798804
0.718298
0.955661
0.884001
0.794303
0.71476
0.952884
0.884657
0.796549
0.714397
0.951047
0.879389
0.793245
0.71422
0.952717
0.882323
0.79496
0.715034
0.952928
0.883615
0.796213
0.716791
0.953892
0.882957
0.79533
0.713855
0.950926
0.879554
0.790838
0.710813
0.946114
0.880603
0.794981
0.714501
0.953918
0.886314
0.799592
0.71822
0.956849
0.884892
0.798841
0.717255
0.952749
0.885365
0.797677
0.715021
0.954043
0.884787
0.795504
0.715249
0.951383
0.88318
0.796539
0.714621
0.952441
0.882366
0.797058
0.715223
0.952187
0.882852
0.794361
0.714728
0.950864
0.883231
0.794444
0.714641
0.952173
0.882626
0.792405
0.710913
0.949029
0.881386
0.792985
0.711056
0.95098
0.880655
0.791541
0.713671
0.951488
0.881941
0.793565
0.711817
0.94964
0.877253
0.790998
0.710863
0.95005
0.881187
0.796363
0.716603
0.953975
0.883579
0.795694
0.71619
0.955489
0.887444
0.800645
0.718503
0.955682
0.886807
0.79837
0.717132
0.955873
0.887589
0.800546
0.718061
0.956315
0.886249
0.799915
0.719046
0.955446
0.885508
0.800565
0.720276
0.956244
0.887163
0.800376
0.716194
0.954842
0.885482
0.797401
0.717046
0.952286
0.882495
0.797043
0.716878
0.955296
0.885009
0.796667
0.714753
0.952541
0.881885
0.793432
0.712511
0.949063
0.880904
0.793017
0.712725
0.949214
0.880028
0.791383
0.710793
0.947854
0.879919
0.791884
0.711575
0.949435
0.880008
0.792923
0.714071
0.95299
0.884808
0.79731
0.71437
0.950131
0.880499
0.793344
0.712682
0.951275
0.883974
0.793832
0.712633
0.949302
0.879542
0.794036
0.71429
0.953687
0.886048
0.797262
0.716117
0.955169
0.887661
0.796816
0.716037
0.95353
0.882524
0.796094
0.716436
0.952439
0.884473
0.794509
0.712684
0.951303
0.88254
0.794793
0.712851
0.952347
0.88325
0.799175
0.714142
0.951331
0.883427
0.795448
0.714588
0.950769
0.882908
0.794114
0.715318
0.952982
0.884492
0.798203
0.714499
0.953724
0.882711
0.793817
0.712156
0.953547
0.883914
0.793994
0.712825
0.953313
0.885367
0.79777
0.715709
0.950855
0.880833
0.793403
0.710609
0.949756
0.880725
0.791464
0.712132
0.948399
0.877493
0.793078
0.71243
0.950026
0.878219
0.790629
0.711143
0.950412
0.882717
0.794218
0.713737
0.949983
0.881218
0.792357
0.7122
0.951061
0.881288
0.794535
0.713981
0.952032
0.881251
0.792643
0.710739
0.948536
0.878505
0.791928
0.710795
0.948786
0.881145
0.793203
0.713836
0.950802
0.882543
0.795166
0.71256
0.949683
0.881213
0.792833
0.712607
0.949865
0.881658
0.795311
0.713432
0.951296
0.88235
0.794958
0.711141
0.950478
0.883439
0.79459
0.715417
0.952733
0.883674
0.795694
0.712759
0.951047
0.879644
0.79209
0.710206
0.947373
0.874546
0.790517
0.711382
0.949037
0.880676
0.794547
0.713638
0.953355
0.883202
0.797518
0.716966
0.95483
0.885049
0.795746
0.713349
0.949933
0.881114
0.795289
0.7142
0.951697
0.881865
0.793856
0.71171
0.951178
0.883081
0.795585
0.714055
0.951708
0.883538
0.795922
0.714599
0.95115
0.879906
0.791523
0.712255
0.951472
0.88228
0.790793
0.710878
0.950346
0.882061
0.794342
0.713553
0.950252
0.880031
0.792609
0.712708
0.948931
0.882555
0.795123
0.715234
0.951974
0.883728
0.794429
0.714777
0.951452
0.883553
0.795746
0.716925
0.953905
0.881788
0.796565
0.716901
0.95635
0.885452
0.795301
0.715584
0.953322
0.886552
0.798543
0.717664
0.952623
0.88472
0.799162
0.716395
0.95388
0.885477
0.797404
0.71651
0.952674
0.882884
0.794527
0.713293
0.950868
0.881984
0.797233
0.716649
0.954683
0.884874
0.796146
0.715362
0.953357
0.88397
0.796309
0.715646
0.952869
0.881948
0.795159
0.713448
0.949772
0.880537
0.793221
0.712587
0.948406
0.879108
0.792527
0.710187
0.946456
0.878483
0.792372
0.711134
0.950187
0.881651
0.792537
0.712329
0.95079
0.880041
0.79257
0.711801
0.949641
0.880167
0.793159
0.714173
0.950102
0.880991
0.793195
0.712606
0.950335
0.882161
0.79448
0.71216
0.949526
0.880988
0.795657
0.715236
0.953899
0.885419
0.796491
0.715129
0.954445
0.884885
0.796908
0.716349
0.954638
0.885254
0.7979
0.718078
0.955189
0.885396
0.795596
0.71579
0.952998
0.882066
0.795829
0.716474
0.954081
0.881992
0.797798
0.717707
0.954605
0.885139
0.798512
0.716254
0.955009
0.886832
0.798232
0.718579
0.956537
0.888394
0.800919
0.719185
0.955581
0.888448
0.79852
0.716396
0.953771
0.884782
0.798706
0.718713
0.95477
0.885971
0.798249
0.716288
0.954584
0.885544
0.797226
0.716147
0.95254
0.884153
0.795658
0.712962
0.951139
0.882703
0.796273
0.715011
0.951853
0.881278
0.793104
0.71165
0.948514
0.880496
0.793962
0.711091
0.950237
0.880025
0.793249
0.713107
0.950625
0.882816
0.792672
0.713044
0.951743
0.882592
0.795234
0.712927
0.951301
0.881492
0.79512
0.712465
0.95173
0.883438
0.797409
0.717236
0.954539
0.885524
0.797539
0.716224
0.952219
0.882045
0.79269
0.710735
0.950487
0.880521
0.790931
0.709709
0.947641
0.876554
0.788313
0.708572
0.947542
0.875407
0.786408
0.707142
0.94528
0.874195
0.789459
0.710535
0.948405
0.880522
0.793569
0.711544
0.948969
0.878542
0.788063
0.707226
0.944314
0.878073
0.791845
0.712744
0.9505
0.882412
0.795066
0.713714
0.95027
0.879107
0.788331
0.708124
0.947783
0.877591
0.790536
0.709493
0.947277
0.878184
0.790981
0.712492
0.951176
0.881155
0.793644
0.713949
0.952534
0.884396
0.795829
0.713772
0.953545
0.885199
0.797033
0.716611
0.954478
0.883715
0.797266
0.715932
0.953421
0.88323
0.796068
0.714729
0.953647
0.88531
0.796573
0.714794
0.951755
0.879231
0.790029
0.709942
0.948481
0.881314
0.795175
0.714642
0.951382
0.882113
0.795033
0.713875
0.953005
0.885614
0.797046
0.712374
0.951001
0.880163
0.793964
0.713441
0.952785
0.88532
0.796761
0.715736
0.952986
0.885865
0.800651
0.720143
0.956064
0.886398
0.79402
0.712718
0.952222
0.884942
0.797605
0.714013
0.950907
0.881335
0.793947
0.713305
0.950983
0.883243
0.793406
0.713485
0.951153
0.883007
0.794651
0.715575
0.952569
0.882621
0.793992
0.713302
0.951369
0.882553
0.794503
0.714661
0.952034
0.884189
0.796504
0.716266
0.953234
0.882809
0.796687
0.715233
0.953083
0.8843
0.796779
0.71478
0.951808
0.883589
0.797175
0.715981
0.953666
0.882281
0.794428
0.71286
0.949171
0.88186
0.792878
0.713857
0.951248
0.880665
0.79396
0.713012
0.950897
0.879466
0.791452
0.710052
0.947339
0.880141
0.79544
0.717255
0.953567
0.881616
0.793052
0.710791
0.949658
0.877611
0.791009
0.711719
0.949215
0.880309
0.793445
0.712914
0.95118
0.880644
0.791117
0.713234
0.952898
0.884075
0.793931
0.710507
0.948314
0.876396
0.789599
0.708499
0.946962
0.879763
0.792274
0.713008
0.952048
0.881045
0.790459
0.710228
0.948462
0.879725
0.793394
0.711736
0.949654
0.880132
0.792529
0.713807
0.952578
0.88314
0.793901
0.713723
0.949203
0.879708
0.793375
0.711338
0.947569
0.877071
0.791424
0.713272
0.951016
0.882789
0.796166
0.716029
0.954574
0.884181
0.794958
0.713453
0.95191
0.88281
0.794029
0.714569
0.950875
0.884056
0.795906
0.71561
0.95329
0.883926
0.796967
0.714552
0.953182
0.883857
0.795766
0.713078
0.950391
0.881003
0.794279
0.713031
0.952571
0.883099
0.795026
0.714153
0.95229
0.883132
0.795598
0.714931
0.953199
0.881625
0.794648
0.711132
0.947841
0.879665
0.791648
0.710746
0.949614
0.883485
0.795587
0.712641
0.948834
0.878641
0.792144
0.711116
0.947916
0.881199
0.793364
0.712828
0.952276
0.882673
0.796693
0.714371
0.95102
0.884815
0.798213
0.716191
0.954484
0.883922
0.795955
0.713909
0.952716
0.883463
0.79616
0.716165
0.952944
0.880815
0.792459
0.709541
0.950039
0.883662
0.794769
0.71257
0.951534
0.881664
0.792369
0.712169
0.950653
0.882747
0.794133
0.71402
0.950969
0.879064
0.792999
0.711716
0.950338
0.881687
0.793931
0.712849
0.950171
0.88275
0.796161
0.714671
0.95365
0.882853
0.793096
0.713143
0.951097
0.879222
0.790715
0.708581
0.945462
0.87856
0.792685
0.713383
0.949994
0.882091
0.796573
0.717011
0.953562
0.883557
0.794981
0.712028
0.952
0.882734
0.79647
0.716548
0.954942
0.884708
0.798087
0.717611
0.954264
0.887742
0.799147
0.717276
0.956054
0.886795
0.799382
0.714794
0.953528
0.883751
0.796124
0.71478
0.951314
0.881669
0.79323
0.710498
0.949519
0.879789
0.792145
0.713012
0.95083
0.882131
0.795379
0.715876
0.952509
0.883487
0.795754
0.713344
0.951443
0.882119
0.793482
0.713656
0.950424
0.879252
0.790016
0.708366
0.945487
0.877993
0.790558
0.71018
0.947967
0.879922
0.795089
0.715206
0.95352
0.881562
0.793789
0.711893
0.950736
0.883853
0.796741
0.716571
0.95451
0.886314
0.798769
0.718968
0.954603
0.883655
0.797101
0.717914
0.955282
0.884161
0.795087
0.713096
0.952401
0.883059
0.795801
0.714513
0.952082
0.884026
0.795969
0.7167
0.954302
0.885817
0.797479
0.715179
0.953102
0.883794
0.795188
0.7161
0.953191
0.883842
0.796096
0.715522
0.953243
0.883611
0.795232
0.716847
0.953851
0.883985
0.796123
0.715742
0.953674
0.886836
0.79988
0.718806
0.955992
0.886088
0.797477
0.71763
0.95297
0.884254
0.795081
0.712477
0.95007
0.881078
0.793936
0.713097
0.952134
0.883388
0.796313
0.716662
0.95528
0.886358
0.796879
0.716852
0.955017
0.884531
0.797614
0.715693
0.952529
0.884857
0.799076
0.715518
0.952537
0.88218
0.792955
0.712538
0.950383
0.881438
0.792729
0.714091
0.95113
0.881778
0.792932
0.712836
0.951094
0.881772
0.794847
0.716405
0.952773
0.883894
0.796004
0.713911
0.949908
0.880549
0.792081
0.710931
0.949395
0.881542
0.792459
0.712259
0.948531
0.876201
0.787865
0.709515
0.946202
0.877834
0.790501
0.709085
0.946269
0.878183
0.7907
0.709723
0.948688
0.88163
0.795376
0.714059
0.951979
0.884396
0.797401
0.713921
0.952872
0.882411
0.796823
0.718165
0.954848
0.885296
0.79448
0.713089
0.950149
0.881011
0.795034
0.713254
0.951932
0.882379
0.795414
0.713997
0.953398
0.885919
0.797931
0.717106
0.954938
0.886243
0.800374
0.719524
0.958519
0.887252
0.800736
0.718436
0.955557
0.886374
0.798935
0.71942
0.955765
0.885929
0.797853
0.715899
0.954119
0.886717
0.797274
0.713019
0.948496
0.882312
0.795774
0.713321
0.948104
0.880003
0.793553
0.712003
0.948803
0.880574
0.793128
0.714127
0.95022
0.882337
0.79499
0.713597
0.95175
0.880874
0.7947
0.713204
0.951463
0.879923
0.792755
0.710564
0.947203
0.880828
0.794185
0.714609
0.953189
0.884718
0.797098
0.716037
0.954227
0.886463
0.799814
0.71904
0.956375
0.88904
0.800167
0.719691
0.957015
0.887464
0.799854
0.719015
0.956446
0.888548
0.800452
0.720158
0.955479
0.887426
0.797819
0.717422
0.954069
0.885286
0.796963
0.715928
0.954964
0.883653
0.795037
0.714448
0.952908
0.883888
0.79513
0.714333
0.952296
0.884003
0.797355
0.716071
0.952787
0.884787
0.793733
0.712085
0.950175
0.881997
0.793876
0.711121
0.950426
0.881476
0.794752
0.713108
0.951776
0.883886
0.796019
0.712658
0.948552
0.880899
0.795706
0.711446
0.949839
0.881734
0.794772
0.713417
0.952842
0.883441
0.794418
0.712797
0.949736
0.880653
0.796104
0.716323
0.951987
0.884139
0.796287
0.71574
0.95398
0.884753
0.799367
0.716097
0.952728
0.885234
0.797353
0.713978
0.950793
0.877464
0.791776
0.710291
0.950204
0.884708
0.795603
0.715125
0.953869
0.884205
0.79528
0.715772
0.954527
0.884918
0.79902
0.718819
0.956008
0.884034
0.795227
0.714521
0.954063
0.88573
0.798889
0.718566
0.954969
0.8815
0.794126
0.709607
0.948019
0.8796
0.792471
0.711253
0.947757
0.878326
0.790128
0.707914
0.946323
0.878278
0.790969
0.711329
0.9474
0.878468
0.792364
0.712406
0.950643
0.882102
0.794439
0.711798
0.951873
0.884468
0.797755
0.715858
0.953069
0.884664
0.796087
0.714415
0.952329
0.882227
0.792071
0.713677
0.950235
0.881503
0.795513
0.715262
0.95278
0.885952
0.797983
0.716965
0.954322
0.883995
0.79597
0.715481
0.953779
0.884816
0.799235
0.718665
0.955762
0.886029
0.80069
0.719933
0.957125
0.885899
0.800074
0.72125
0.957406
0.886638
0.797124
0.71424
0.952675
0.88213
0.792293
0.712566
0.950145
0.87976
0.794248
0.714523
0.951581
0.885538
0.794466
0.71309
0.950903
0.880072
0.791125
0.709401
0.946027
0.878466
0.790815
0.709395
0.947408
0.876513
0.789116
0.709333
0.946308
0.876953
0.790708
0.709285
0.947914
0.881499
0.794889
0.713751
0.952642
0.880323
0.793466
0.713765
0.952945
0.884161
0.796625
0.715505
0.951839
0.882278
0.794825
0.714795
0.950523
0.881903
0.792211
0.713368
0.950461
0.883513
0.795658
0.716413
0.956088
0.886832
0.798312
0.717024
0.954801
0.883989
0.796178
0.713926
0.951784
0.883925
0.796317
0.71575
0.953467
0.880275
0.796125
0.71366
0.951706
0.883752
0.798274
0.716739
0.955213
0.884632
0.79487
0.714885
0.952252
0.883568
0.795107
0.71418
0.951055
0.88351
0.797332
0.716549
0.954237
0.884274
0.798635
0.716336
0.95297
0.883615
0.794689
0.713947
0.950693
0.882886
0.796738
0.713308
0.951089
0.880101
0.794284
0.713533
0.951348
0.88383
0.796475
0.716715
0.952335
0.882448
0.794268
0.712503
0.950248
0.880432
0.793947
0.712075
0.949961
0.879944
0.795288
0.715297
0.953283
0.88188
0.793733
0.712623
0.950107
0.881447
0.794957
0.71372
0.951771
0.883167
0.795086
0.714783
0.951229
0.883335
0.795721
0.716129
0.953989
0.882138
0.797493
0.71441
0.952459
0.884108
0.79677
0.713261
0.952056
0.881697
0.794867
0.714399
0.951182
0.882329
0.7951
0.714791
0.952156
0.880992
0.792021
0.709787
0.946387
0.878596
0.793439
0.71122
0.948337
0.879642
0.792806
0.712711
0.948604
0.879
0.791766
0.711369
0.948029
0.879426
0.793149
0.711381
0.951174
0.88277
0.795153
0.711788
0.947434
0.879275
0.790593
0.709637
0.948521
0.880396
0.793386
0.712282
0.948279
0.880298
0.791898
0.712356
0.949184
0.880952
0.795942
0.714404
0.952241
0.883637
0.796932
0.716632
0.954064
0.885116
0.796202
0.714809
0.952979
0.8846
0.79565
0.717284
0.954886
0.885277
0.798372
0.716958
0.954154
0.884927
0.796387
0.714457
0.953502
0.884185
0.797373
0.715977
0.950952
0.882251
0.793095
0.712843
0.949732
0.880239
0.794424
0.713333
0.952514
0.884819
0.79631
0.715952
0.951366
0.885729
0.799229
0.718334
0.955449
0.887521
0.798493
0.718097
0.954519
0.885593
0.797113
0.714967
0.951452
0.883326
0.795929
0.714978
0.952517
0.885364
0.798173
0.71667
0.955117
0.886715
0.796097
0.716808
0.95445
0.88603
0.796974
0.717288
0.954652
0.884555
0.796772
0.716595
0.953409
0.882987
0.794763
0.715018
0.952039
0.882527
0.796304
0.715202
0.953439
0.880739
0.795796
0.716209
0.954535
0.884247
0.797498
0.716676
0.954302
0.884415
0.795145
0.713802
0.951714
0.885276
0.796378
0.716475
0.952794
0.884345
0.796993
0.716573
0.953166
0.884878
0.798656
0.71801
0.955992
0.885938
0.798508
0.717392
0.954545
0.884475
0.794427
0.714471
0.951751
0.880557
0.795148
0.713781
0.952985
0.882033
0.794619
0.713588
0.953135
0.883672
0.798505
0.717769
0.95629
0.884027
0.794849
0.713318
0.94971
0.879998
0.792724
0.709539
0.948218
0.879178
0.792942
0.713436
0.950546
0.88189
0.793953
0.714583
0.952095
0.885089
0.796323
0.713419
0.951689
0.879668
0.792208
0.712626
0.95021
0.881701
0.793962
0.712475
0.952121
0.883256
0.79436
0.71467
0.95316
0.883351
0.797977
0.716291
0.953335
0.883725
0.795972
0.715355
0.951572
0.882202
0.79506
0.717222
0.954616
0.886251
0.798282
0.716009
0.95096
0.882637
0.796798
0.714569
0.952596
0.881998
0.79501
0.716937
0.952092
0.881745
0.795036
0.714239
0.950771
0.880156
0.790919
0.711105
0.948859
0.879156
0.790217
0.708689
0.948401
0.880597
0.794904
0.713489
0.95217
0.881608
0.795397
0.713995
0.951864
0.883683
0.794352
0.714212
0.953511
0.884722
0.796733
0.716071
0.954674
0.886394
0.799252
0.717314
0.955915
0.886844
0.800078
0.717237
0.95615
0.888271
0.800866
0.717657
0.956057
0.887293
0.798643
0.717591
0.954729
0.884283
0.795519
0.716278
0.955633
0.886404
0.799789
0.717705
0.95487
0.885772
0.798593
0.717145
0.955916
0.885239
0.798596
0.717593
0.956336
0.886451
0.795219
0.713965
0.951948
0.883138
0.795744
0.715653
0.953076
0.884125
0.797719
0.716526
0.954372
0.882549
0.795255
0.716122
0.954215
0.883622
0.794702
0.713273
0.951283
0.882987
0.794477
0.713827
0.951113
0.882772
0.796007
0.714273
0.952088
0.885167
0.798017
0.716749
0.955688
0.8832
0.795417
0.714289
0.950738
0.882453
0.794311
0.713487
0.952241
0.88134
0.792755
0.713607
0.953347
0.88254
0.796341
0.714041
0.951016
0.879686
0.790685
0.710873
0.949044
0.877333
0.790437
0.710567
0.950028
0.881622
0.794508
0.714852
0.951624
0.881929
0.794654
0.715118
0.953482
0.883394
0.79727
0.715803
0.952459
0.883408
0.797172
0.71617
0.95342
0.88593
0.79873
0.71503
0.954248
0.885861
0.797223
0.716972
0.953026
0.883764
0.79702
0.716228
0.954979
0.88299
0.794436
0.713976
0.950433
0.881734
0.792908
0.712811
0.949637
0.878442
0.7925
0.711352
0.94938
0.881423
0.792862
0.711689
0.949068
0.879692
0.793581
0.712757
0.949063
0.881405
0.791506
0.713546
0.951611
0.883832
0.79811
0.717486
0.953889
0.885507
0.80015
0.718289
0.955095
0.887931
0.799598
0.716974
0.956079
0.886401
0.80008
0.717711
0.954372
0.882976
0.793795
0.71261
0.950037
0.881454
0.794587
0.713288
0.950302
0.882618
0.794996
0.715385
0.953681
0.883808
0.795033
0.714774
0.952147
0.881783
0.794009
0.712726
0.950374
0.881703
0.792577
0.712253
0.95135
0.881287
0.795754
0.715527
0.950926
0.879571
0.794143
0.712983
0.951114
0.882817
0.796578
0.715418
0.953972
0.884385
0.796669
0.713153
0.952659
0.88133
0.79475
0.713262
0.949297
0.880146
0.794778
0.711939
0.949929
0.879418
0.792531
0.711131
0.949027
0.879847
0.791833
0.713669
0.954102
0.883809
0.797559
0.716229
0.953314
0.883814
0.796423
0.712216
0.949082
0.88069
0.793235
0.712217
0.952386
0.882154
0.797126
0.71562
0.951959
0.882011
0.793569
0.714198
0.952385
0.884301
0.794798
0.712381
0.950285
0.879154
0.790743
0.70963
0.948496
0.880114
0.793461
0.713288
0.952553
0.880854
0.793221
0.71365
0.950638
0.881744
0.792762
0.714116
0.951055
0.882167
0.795584
0.716801
0.950891
0.882717
0.796872
0.71569
0.953717
0.884455
0.797206
0.715471
0.952501
0.883989
0.797224
0.715464
0.951517
0.881541
0.793513
0.710866
0.949467
0.880075
0.79456
0.713923
0.951504
0.88368
0.797523
0.716356
0.953032
0.883847
0.796553
0.717828
0.95583
0.887239
0.799048
0.717624
0.954217
0.884697
0.794259
0.715027
0.952256
0.880578
0.792888
0.710422
0.948705
0.878755
0.79378
0.711289
0.94812
0.879934
0.793712
0.713657
0.95107
0.882257
0.793976
0.710633
0.948125
0.879673
0.79214
0.713275
0.951797
0.885865
0.79729
0.716276
0.955802
0.887003
0.797312
0.715758
0.956276
0.887001
0.799521
0.718758
0.957424
0.889402
0.801682
0.719363
0.956779
0.888642
0.80054
0.71911
0.956541
0.888847
0.802733
0.720939
0.955231
0.885388
0.797559
0.716194
0.952393
0.885148
0.795973
0.716526
0.957092
0.88661
0.797102
0.715949
0.952661
0.883316
0.795708
0.715916
0.954937
0.883959
0.79647
0.714609
0.950872
0.881282
0.794182
0.71426
0.952132
0.882207
0.795622
0.713691
0.95253
0.883644
0.79746
0.716943
0.953416
0.883051
0.794972
0.714107
0.953171
0.881697
0.793824
0.712741
0.949237
0.880528
0.793601
0.713663
0.95103
0.881441
0.794236
0.714637
0.951809
0.881415
0.796188
0.715111
0.952577
0.882573
0.79639
0.713546
0.951056
0.880695
0.793384
0.71335
0.952979
0.883956
0.79681
0.716856
0.953067
0.882455
0.795273
0.713625
0.953475
0.884223
0.79589
0.714047
0.95159
0.881719
0.79326
0.710179
0.948014
0.879431
0.793418
0.712408
0.950043
0.880836
0.789405
0.709884
0.947518
0.879323
0.791448
0.711163
0.948219
0.881597
0.794707
0.7137
0.951595
0.880591
0.796
0.713528
0.949999
0.879744
0.794136
0.711726
0.947681
0.878937
0.792097
0.709702
0.949589
0.879629
0.792009
0.710855
0.948956
0.880256
0.79555
0.716012
0.95381
0.886423
0.797015
0.716943
0.954335
0.884244
0.797664
0.715763
0.952843
0.88144
0.795373
0.714659
0.951307
0.883323
0.794722
0.715595
0.953728
0.885603
0.797327
0.716114
0.953258
0.882196
0.792926
0.713282
0.95037
0.880941
0.795791
0.71608
0.954444
0.886614
0.79835
0.717492
0.955641
0.885859
0.797452
0.715114
0.954376
0.886072
0.796912
0.716158
0.954094
0.884143
0.79664
0.71405
0.952035
0.883855
0.793453
0.713147
0.952728
0.88246
0.792459
0.712935
0.949926
0.881059
0.794289
0.712179
0.950252
0.881672
0.794213
0.71346
0.951254
0.88202
0.792433
0.710677
0.946725
0.876568
0.791776
0.711004
0.946847
0.878708
0.790554
0.708166
0.946075
0.874969
0.787761
0.706195
0.945357
0.876
0.785461
0.704651
0.943659
0.878235
0.788758
0.708919
0.94596
0.87717
0.790405
0.709181
0.947202
0.878698
0.792528
0.712464
0.951302
0.880979
0.79342
0.712241
0.951274
0.882734
0.795749
0.713847
0.952251
0.88149
0.796018
0.714032
0.952886
0.88247
0.791151
0.711319
0.94973
0.879483
0.792091
0.711609
0.947875
0.879321
0.793846
0.710109
0.949533
0.88241
0.793313
0.713222
0.951369
0.883748
0.797768
0.714996
0.953597
0.88475
0.798294
0.717269
0.955844
0.886783
0.79743
0.717067
0.954755
0.884425
0.797324
0.716481
0.95379
0.88728
0.797956
0.717327
0.954535
0.884659
0.797395
0.716394
0.952765
0.884411
0.794845
0.714071
0.950385
0.880279
0.794582
0.712804
0.95016
0.879671
0.79227
0.712001
0.950322
0.880038
0.794294
0.713618
0.949906
0.879108
0.79134
0.713508
0.952176
0.884083
0.797802
0.715348
0.951618
0.882671
0.795935
0.715224
0.952086
0.881877
0.794365
0.715992
0.953514
0.884981
0.79536
0.715433
0.952707
0.884267
0.795383
0.713894
0.952852
0.884135
0.797354
0.715897
0.953763
0.884647
0.797512
0.717358
0.954319
0.886321
0.798336
0.719051
0.955628
0.88483
0.796418
0.715059
0.952566
0.8835
0.795467
0.71413
0.950242
0.878241
0.788635
0.705335
0.943773
0.875985
0.790247
0.708438
0.945229
0.877687
0.790757
0.711638
0.949425
0.881603
0.794358
0.71195
0.9494
0.879778
0.794409
0.710797
0.94859
0.879631
0.792575
0.712841
0.951655
0.882587
0.793624
0.711183
0.94928
0.878569
0.791881
0.712584
0.949465
0.879893
0.791664
0.712251
0.949048
0.879699
0.795255
0.714361
0.953443
0.88479
0.797964
0.715591
0.953409
0.88386
0.796229
0.713606
0.951019
0.880777
0.790831
0.711111
0.94979
0.880336
0.792793
0.713599
0.951674
0.884036
0.79645
0.71554
0.953469
0.882347
0.795705
0.715613
0.950645
0.88399
0.795704
0.716697
0.953748
0.884935
0.797022
0.715545
0.953987
0.884815
0.795912
0.714557
0.953922
0.882263
0.793299
0.713466
0.952173
0.883469
0.793934
0.713845
0.951074
0.880877
0.792378
0.711392
0.948624
0.880352
0.792009
0.711276
0.94758
0.878835
0.791252
0.707451
0.94447
0.877226
0.790141
0.71018
0.947905
0.88022
0.791154
0.710486
0.947653
0.876791
0.789142
0.709396
0.947994
0.878851
0.793187
0.712485
0.949211
0.882443
0.793416
0.712904
0.952354
0.881899
0.793206
0.712204
0.949978
0.882083
0.79161
0.710854
0.950749
0.88083
0.792168
0.712303
0.94955
0.878942
0.790964
0.71046
0.948775
0.881176
0.791881
0.710562
0.948075
0.879318
0.790782
0.710365
0.94793
0.879664
0.794327
0.712939
0.948776
0.880276
0.795421
0.714009
0.951218
0.882465
0.793859
0.713283
0.951941
0.882794
0.795545
0.714034
0.95411
0.884111
0.793401
0.714786
0.950148
0.881301
0.793605
0.712139
0.949209
0.883135
0.794681
0.714427
0.951484
0.881596
0.794714
0.714692
0.951957
0.88452
0.797391
0.716882
0.955113
0.886576
0.797562
0.718107
0.955621
0.883571
0.79693
0.716735
0.953468
0.883994
0.796257
0.713155
0.950605
0.882871
0.792722
0.70853
0.945255
0.877376
0.789998
0.711366
0.948335
0.879916
0.790847
0.710933
0.948999
0.880551
0.792837
0.71196
0.951912
0.883114
0.796833
0.715985
0.953523
0.885476
0.796495
0.71569
0.952963
0.88463
0.798724
0.71701
0.956204
0.888768
0.800343
0.72077
0.95738
0.888947
0.800316
0.719081
0.956243
0.88714
0.799058
0.715485
0.95167
0.882229
0.793757
0.713154
0.950136
0.881315
0.793314
0.713052
0.949815
0.880665
0.792453
0.713747
0.952023
0.883311
0.794341
0.712188
0.950479
0.882911
0.795211
0.715581
0.952336
0.882253
0.793126
0.713673
0.95071
0.881226
0.794854
0.714363
0.952088
0.879424
0.794699
0.712031
0.94962
0.881447
0.795642
0.713987
0.951945
0.884008
0.797386
0.71687
0.953539
0.888009
0.799663
0.717051
0.955739
0.888697
0.801285
0.719939
0.956472
0.887937
0.8021
0.722556
0.959922
0.890756
0.803455
0.723025
0.960082
0.888671
0.800854
0.718998
0.954237
0.88582
0.796475
0.713247
0.950114
0.879944
0.794243
0.713926
0.952969
0.881636
0.794694
0.71551
0.952653
0.882902
0.799155
0.717716
0.956353
0.887056
0.798438
0.716175
0.952226
0.882517
0.794295
0.712578
0.95138
0.881933
0.79504
0.715116
0.95121
0.883686
0.795311
0.716619
0.953054
0.882099
0.794116
0.713232
0.951053
0.883116
0.796167
0.713475
0.951778
0.883509
0.798199
0.714773
0.95194
0.881574
0.793344
0.713125
0.948836
0.879368
0.791958
0.711834
0.948467
0.879296
0.792233
0.71107
0.949219
0.880991
0.794324
0.713379
0.950496
0.880952
0.792806
0.710205
0.949915
0.881048
0.795893
0.714404
0.952485
0.883033
0.795481
0.714849
0.952976
0.884608
0.796968
0.716585
0.952389
0.88309
0.793843
0.713121
0.951164
0.880969
0.795433
0.715577
0.952849
0.882322
0.792042
0.710514
0.946515
0.876176
0.789371
0.709741
0.947782
0.879741
0.792513
0.712782
0.950318
0.880727
0.794305
0.713352
0.949209
0.880885
0.792939
0.712414
0.949478
0.880916
0.792305
0.711897
0.950609
0.884106
0.797289
0.717326
0.955083
0.884396
0.796616
0.713374
0.950541
0.879908
0.794018
0.7145
0.953521
0.881976
0.793207
0.713227
0.951802
0.882892
0.794761
0.71295
0.949994
0.879771
0.790324
0.710858
0.949733
0.882626
0.795062
0.712969
0.949534
0.881964
0.792507
0.713321
0.951593
0.884972
0.797342
0.717461
0.955226
0.886805
0.798907
0.716929
0.953012
0.882435
0.7969
0.716812
0.954264
0.886123
0.796964
0.716222
0.954332
0.886618
0.800041
0.720086
0.955541
0.885999
0.798713
0.716581
0.95194
0.882384
0.793254
0.712223
0.948245
0.881042
0.791455
0.710495
0.949135
0.880175
0.793207
0.713708
0.951373
0.882327
0.794446
0.713268
0.948893
0.880322
0.791123
0.710909
0.950072
0.881762
0.794831
0.714345
0.951726
0.881466
0.794442
0.714009
0.952768
0.88357
0.798162
0.715836
0.952975
0.886252
0.796306
0.713278
0.951232
0.88359
0.79403
0.714073
0.951849
0.883249
0.794552
0.714046
0.951617
0.882679
0.794043
0.71301
0.949792
0.88115
0.793286
0.712697
0.951333
0.883509
0.795184
0.713329
0.949777
0.878305
0.792387
0.710269
0.946438
0.878012
0.790136
0.708455
0.944948
0.877143
0.790387
0.711795
0.949375
0.883128
0.794735
0.715376
0.952895
0.882347
0.796071
0.713997
0.95034
0.881142
0.794699
0.714594
0.95208
0.88024
0.790842
0.709147
0.947875
0.878686
0.792129
0.712566
0.951062
0.8813
0.794537
0.712611
0.948176
0.879981
0.794658
0.715458
0.954248
0.88428
0.79586
0.715001
0.952114
0.881623
0.79679
0.717029
0.953759
0.883383
0.796945
0.718159
0.955668
0.886727
0.799187
0.718089
0.955352
0.886
0.798739
0.719559
0.956353
0.886657
0.799362
0.717471
0.954521
0.885934
0.797505
0.715673
0.951188
0.879385
0.791431
0.714331
0.950104
0.879723
0.794142
0.715286
0.953633
0.884251
0.798043
0.718846
0.956335
0.887678
0.801333
0.718957
0.955852
0.8863
0.799315
0.71716
0.955354
0.88446
0.797156
0.71611
0.952474
0.879187
0.791043
0.711254
0.948405
0.877735
0.791442
0.711288
0.948579
0.878056
0.790091
0.708503
0.947388
0.880767
0.793964
0.714848
0.952925
0.882337
0.794842
0.716096
0.951887
0.883062
0.794018
0.713943
0.951338
0.881521
0.795384
0.714977
0.951143
0.880552
0.791541
0.710846
0.949616
0.880155
0.792061
0.712022
0.948382
0.880272
0.79425
0.712587
0.951819
0.881831
0.792767
0.712434
0.950555
0.877319
0.792276
0.711624
0.947844
0.879561
0.794159
0.713448
0.949934
0.878041
0.79103
0.711386
0.947883
0.879083
0.792028
0.712482
0.949584
0.881145
0.794
0.714119
0.951321
0.8821
0.792425
0.713703
0.952646
0.881285
0.791899
0.71205
0.949838
0.882587
0.793457
0.711642
0.948789
0.880934
0.792668
0.714436
0.953728
0.884179
0.795669
0.715595
0.953019
0.884131
0.795367
0.712392
0.95017
0.881802
0.792276
0.71129
0.948352
0.880626
0.792531
0.712533
0.950709
0.883471
0.796157
0.715429
0.953546
0.884952
0.793568
0.712488
0.950041
0.882116
0.795674
0.71398
0.951947
0.88248
0.795467
0.712284
0.950195
0.881679
0.79436
0.713817
0.950884
0.880803
0.793158
0.714728
0.951474
0.883657
0.796233
0.714486
0.953587
0.884432
0.796098
0.714865
0.951871
0.88328
0.795086
0.715147
0.952008
0.881993
0.796184
0.714357
0.952297
0.883506
0.795317
0.712999
0.951925
0.88516
0.798531
0.715099
0.952595
0.885544
0.796702
0.715419
0.952797
0.882049
0.792458
0.712089
0.951873
0.883727
0.79787
0.716084
0.954846
0.884546
0.798554
0.718969
0.956339
0.889285
0.803791
0.721812
0.959299
0.885506
0.798561
0.71829
0.955679
0.887707
0.798996
0.717129
0.954822
0.887465
0.799794
0.719439
0.958308
0.888058
0.800663
0.71748
0.953333
0.882435
0.793941
0.71461
0.954055
0.88558
0.798741
0.717225
0.955673
0.886025
0.798832
0.71772
0.953526
0.883376
0.795642
0.71267
0.949197
0.881593
0.794587
0.716272
0.955071
0.885119
0.799903
0.718777
0.955744
0.884338
0.794213
0.712906
0.950001
0.8812
0.792411
0.710129
0.947699
0.878984
0.791804
0.709825
0.946627
0.876895
0.78918
0.708604
0.948593
0.881453
0.793689
0.713196
0.950913
0.884109
0.797248
0.713976
0.950864
0.881059
0.792454
0.712838
0.950405
0.880033
0.792867
0.711564
0.950215
0.882025
0.792624
0.711809
0.950241
0.87617
0.790235
0.709638
0.947939
0.878778
0.792833
0.712635
0.951439
0.882454
0.79507
0.713725
0.950564
0.883476
0.795833
0.715376
0.952826
0.883483
0.796112
0.715679
0.954779
0.886528
0.800209
0.717055
0.955602
0.884037
0.795684
0.713815
0.952002
0.880571
0.795196
0.714673
0.951978
0.884285
0.794644
0.713599
0.9519
0.878774
0.7915
0.711323
0.949709
0.879628
0.79267
0.713367
0.949344
0.880137
0.793851
0.714041
0.949822
0.878983
0.792228
0.712314
0.95114
0.878645
0.789681
0.70799
0.94676
0.878129
0.791751
0.710665
0.950062
0.880606
0.793913
0.712515
0.948527
0.880466
0.796547
0.714241
0.952728
0.881992
0.793958
0.714634
0.952582
0.884652
0.796495
0.715734
0.953371
0.884921
0.796303
0.715983
0.951189
0.882733
0.796582
0.71655
0.954104
0.885546
0.798121
0.717791
0.955075
0.886011
0.799036
0.717916
0.954561
0.884423
0.797689
0.715091
0.953383
0.885402
0.799767
0.715785
0.953014
0.883277
0.795539
0.713105
0.950675
0.881646
0.792394
0.708762
0.948116
0.881489
0.793378
0.711751
0.950829
0.882403
0.793134
0.711138
0.949085
0.881819
0.793173
0.709831
0.946863
0.878846
0.791432
0.711236
0.949915
0.880465
0.793293
0.713781
0.951797
0.881284
0.793521
0.711847
0.949889
0.882541
0.794071
0.713286
0.952646
0.88315
0.794525
0.714536
0.951897
0.883148
0.795537
0.712833
0.951891
0.884827
0.796861
0.715602
0.953631
0.886084
0.797049
0.715179
0.950807
0.882079
0.792742
0.713306
0.950549
0.88063
0.792778
0.71142
0.948876
0.8798
0.791139
0.710471
0.950795
0.881032
0.790396
0.710395
0.949899
0.878397
0.790676
0.709526
0.946627
0.878686
0.792065
0.713304
0.95085
0.88218
0.797459
0.716955
0.954892
0.8864
0.800096
0.717558
0.957326
0.889594
0.80201
0.721103
0.958362
0.887089
0.80039
0.717752
0.956209
0.887779
0.800192
0.719213
0.95576
0.887722
0.795735
0.715179
0.950984
0.883159
0.796448
0.713767
0.950593
0.88332
0.793071
0.712825
0.949529
0.882081
0.795341
0.715712
0.95214
0.88284
0.79448
0.713816
0.95325
0.880166
0.791721
0.71094
0.947547
0.879348
0.792698
0.712168
0.950954
0.882948
0.797244
0.71432
0.952752
0.886207
0.797378
0.716904
0.95367
0.885602
0.796153
0.715945
0.95264
0.882618
0.793463
0.711698
0.949451
0.880145
0.791578
0.710569
0.949029
0.880199
0.793242
0.712682
0.951675
0.881234
0.793885
0.711955
0.950249
0.880181
0.791287
0.710406
0.947903
0.879171
0.791633
0.711592
0.949352
0.879833
0.792613
0.71253
0.94854
0.881251
0.792989
0.71458
0.952144
0.881965
0.796156
0.715618
0.953459
0.884465
0.794153
0.711517
0.950116
0.881746
0.797014
0.717113
0.954647
0.885892
0.795284
0.714301
0.952649
0.883432
0.794252
0.715675
0.952877
0.883975
0.796219
0.715541
0.952662
0.883211
0.795784
0.713914
0.951984
0.883072
0.795031
0.712621
0.949942
0.882007
0.794112
0.71383
0.951169
0.883078
0.794518
0.712728
0.948588
0.880822
0.794607
0.714097
0.951155
0.88135
0.794271
0.713298
0.947957
0.879049
0.791119
0.710568
0.946907
0.876983
0.792522
0.711353
0.949355
0.882295
0.797342
0.715089
0.952677
0.882043
0.796075
0.715587
0.953285
0.880785
0.794824
0.714978
0.952576
0.885301
0.798052
0.716154
0.951735
0.88372
0.797018
0.716547
0.953617
0.883212
0.797005
0.716222
0.953556
0.885284
0.799515
0.718814
0.956781
0.886739
0.799049
0.718065
0.95455
0.884275
0.796198
0.715386
0.953584
0.882955
0.796784
0.714289
0.951026
0.882926
0.795926
0.713694
0.950702
0.881367
0.795477
0.714725
0.953167
0.885646
0.797772
0.716412
0.952055
0.881336
0.79429
0.714492
0.951719
0.882898
0.79337
0.712947
0.951846
0.882975
0.795998
0.713845
0.951608
0.882633
0.793496
0.714841
0.952283
0.882233
0.795436
0.715451
0.953232
0.883175
0.795126
0.714725
0.950582
0.879035
0.79387
0.712338
0.950864
0.879604
0.794063
0.712652
0.95084
0.880554
0.791559
0.712228
0.950994
0.882372
0.796913
0.714812
0.953663
0.881571
0.793719
0.712698
0.949612
0.880159
0.792984
0.711538
0.949448
0.878625
0.791592
0.710782
0.946125
0.877869
0.792128
0.711978
0.950595
0.881656
0.794096
0.712345
0.95066
0.883616
0.794919
0.715069
0.951787
0.881004
0.793234
0.713665
0.951987
0.877966
0.790854
0.710412
0.95006
0.879286
0.789987
0.708703
0.947414
0.876939
0.790606
0.712489
0.951218
0.883199
0.795767
0.715961
0.955184
0.884389
0.795437
0.712333
0.948273
0.876769
0.790661
0.709171
0.948958
0.881998
0.79436
0.711385
0.948985
0.881026
0.794423
0.714458
0.95117
0.881056
0.793628
0.713365
0.952001
0.881207
0.795065
0.713557
0.951695
0.881461
0.795384
0.714371
0.9523
0.881115
0.794791
0.715173
0.951999
0.882803
0.796011
0.714048
0.952436
0.883398
0.79633
0.715892
0.955887
0.8852
0.794333
0.714272
0.953044
0.884756
0.797222
0.716954
0.954877
0.883701
0.794626
0.71393
0.952584
0.88357
0.794621
0.71416
0.949752
0.881468
0.792814
0.711422
0.94954
0.880365
0.794273
0.71274
0.95255
0.884803
0.796777
0.711414
0.949334
0.879419
0.79136
0.710415
0.94647
0.878834
0.79033
0.70709
0.946281
0.878152
0.790056
0.710218
0.948186
0.879318
0.791816
0.708208
0.946307
0.878007
0.790062
0.710475
0.949655
0.880967
0.792839
0.711926
0.948808
0.881625
0.793597
0.713258
0.951209
0.883082
0.798706
0.718582
0.95686
0.886848
0.797577
0.716884
0.954163
0.883869
0.793522
0.713124
0.950194
0.879513
0.792399
0.711673
0.950638
0.880159
0.793542
0.712119
0.950093
0.882297
0.79534
0.715419
0.955134
0.886698
0.79692
0.714519
0.952921
0.885653
0.800793
0.718849
0.95424
0.883871
0.796864
0.716628
0.953739
0.884088
0.794781
0.714434
0.953534
0.884119
0.795722
0.712834
0.948993
0.880602
0.791787
0.710844
0.94872
0.88049
0.793721
0.714166
0.950104
0.878947
0.793898
0.712596
0.95187
0.88365
0.798442
0.717023
0.953901
0.882131
0.793705
0.713597
0.949838
0.878244
0.790367
0.708617
0.947136
0.880526
0.793087
0.712853
0.949882
0.880156
0.791181
0.711313
0.949976
0.882871
0.796047
0.713414
0.952002
0.882562
0.79466
0.712879
0.9494
0.880293
0.793488
0.713155
0.950598
0.881628
0.791572
0.711484
0.948372
0.879685
0.794568
0.713917
0.951207
0.882651
0.795184
0.714522
0.951417
0.884319
0.795955
0.713048
0.952594
0.884504
0.797604
0.715621
0.95273
0.883237
0.795464
0.716219
0.95443
0.887529
0.799293
0.716191
0.953955
0.88538
0.799011
0.716874
0.952561
0.881765
0.794135
0.713608
0.951309
0.884438
0.797669
0.716273
0.952345
0.881216
0.794763
0.713858
0.951477
0.8812
0.7929
0.712323
0.949807
0.882113
0.794943
0.712547
0.950543
0.879327
0.790838
0.710009
0.948274
0.882024
0.793748
0.712664
0.952061
0.88229
0.794997
0.714261
0.951096
0.884266
0.797157
0.716673
0.951341
0.880779
0.79277
0.714067
0.952057
0.884128
0.7993
0.718964
0.956092
0.88811
0.799164
0.715773
0.952693
0.884633
0.795876
0.716221
0.952803
0.88504
0.799049
0.716231
0.953193
0.88408
0.79694
0.716933
0.954793
0.88325
0.796957
0.717285
0.954933
0.883269
0.796618
0.716278
0.954204
0.884535
0.794563
0.713006
0.94971
0.880494
0.792613
0.713331
0.953919
0.884965
0.79842
0.716529
0.954076
0.88427
0.79631
0.714533
0.952734
0.881489
0.795566
0.714413
0.951507
0.882505
0.793352
0.713339
0.953247
0.882727
0.794801
0.714446
0.951425
0.882697
0.795565
0.714479
0.952999
0.8829
0.794392
0.714408
0.951775
0.883976
0.796001
0.711217
0.949024
0.880208
0.792376
0.710766
0.949226
0.87737
0.790964
0.708495
0.949242
0.880722
0.792852
0.712715
0.94811
0.880369
0.79521
0.715226
0.95357
0.884657
0.797865
0.716343
0.95336
0.884209
0.797833
0.717103
0.956527
0.888385
0.799586
0.718886
0.955424
0.884794
0.797847
0.716793
0.952949
0.88681
0.79842
0.71743
0.953978
0.884482
0.79715
0.716064
0.953049
0.882823
0.797068
0.715229
0.95448
0.885778
0.798063
0.718195
0.954878
0.885437
0.798685
0.71754
0.955283
0.885802
0.798406
0.719131
0.956572
0.883385
0.795406
0.714862
0.952937
0.885422
0.79726
0.71618
0.953145
0.88536
0.799402
0.714882
0.953687
0.883831
0.799872
0.717365
0.95348
0.885567
0.798499
0.718904
0.95514
0.884792
0.795671
0.714046
0.953151
0.883295
0.795105
0.713757
0.952001
0.883146
0.795778
0.714767
0.952657
0.885479
0.79858
0.717409
0.955144
0.886441
0.79737
0.715055
0.953203
0.88382
0.797695
0.717263
0.954328
0.886199
0.796729
0.71632
0.953845
0.884433
0.796584
0.716603
0.952446
0.885774
0.798051
0.71716
0.951734
0.884515
0.795563
0.714019
0.952857
0.886232
0.799835
0.718316
0.955719
0.885902
0.797311
0.717896
0.955
0.886458
0.800599
0.720258
0.956683
0.885587
0.797347
0.717152
0.953106
0.883622
0.794995
0.714292
0.953081
0.881752
0.796094
0.715998
0.954958
0.884674
0.797969
0.717024
0.955432
0.884691
0.796384
0.714341
0.951178
0.883144
0.794281
0.714509
0.951662
0.879075
0.791951
0.712796
0.950721
0.882339
0.793459
0.710352
0.947754
0.87849
0.7907
0.710534
0.948414
0.880286
0.793061
0.710936
0.94584
0.877255
0.789975
0.709169
0.948342
0.881666
0.794563
0.715062
0.95136
0.880522
0.794358
0.715407
0.95285
0.885356
0.797041
0.716454
0.954051
0.885069
0.797279
0.713442
0.951454
0.883088
0.795878
0.716336
0.95432
0.884331
0.796509
0.713421
0.95028
0.881882
0.794839
0.715034
0.953432
0.88376
0.794916
0.713913
0.952197
0.883228
0.794999
0.714816
0.952652
0.883373
0.794705
0.714378
0.950413
0.880647
0.792395
0.711072
0.947511
0.880915
0.793803
0.714433
0.951072
0.883339
0.795978
0.715787
0.954319
0.886855
0.798886
0.716899
0.954386
0.888064
0.798021
0.716799
0.955158
0.887092
0.7998
0.719015
0.957122
0.887129
0.798959
0.718364
0.956735
0.887153
0.800596
0.716302
0.953327
0.885772
0.799433
0.71798
0.956136
0.884229
0.798226
0.71652
0.953213
0.884797
0.797196
0.718151
0.955234
0.886129
0.794218
0.714604
0.951777
0.881862
0.796343
0.716831
0.956677
0.887511
0.801425
0.720166
0.957425
0.888408
0.800818
0.71848
0.955196
0.885884
0.797238
0.717642
0.955408
0.88484
0.797866
0.715348
0.953249
0.881941
0.794301
0.711728
0.949261
0.881129
0.791478
0.711437
0.951873
0.879817
0.792962
0.712847
0.950557
0.880801
0.792258
0.710459
0.947294
0.880329
0.792752
0.711429
0.948562
0.878074
0.789379
0.709854
0.948107
0.880701
0.793952
0.712781
0.951115
0.882669
0.796425
0.715018
0.951403
0.881747
0.793711
0.714617
0.950519
0.880986
0.794876
0.711532
0.948185
0.879926
0.791348
0.711967
0.948844
0.877693
0.788404
0.708963
0.947612
0.877647
0.790914
0.710244
0.94854
0.881217
0.792346
0.711124
0.947661
0.880652
0.793034
0.713108
0.952359
0.884192
0.796254
0.713964
0.95147
0.884946
0.796707
0.716284
0.954171
0.886065
0.798251
0.716671
0.954812
0.887136
0.799683
0.719502
0.956503
0.885923
0.797739
0.716451
0.953295
0.883686
0.796414
0.716127
0.955488
0.886477
0.797717
0.715287
0.952818
0.884427
0.797025
0.715674
0.953483
0.886661
0.797294
0.715603
0.95294
0.884745
0.797425
0.714035
0.949847
0.879054
0.789652
0.708324
0.947258
0.878478
0.791363
0.711829
0.950464
0.880617
0.793167
0.712398
0.950999
0.883058
0.79484
0.713835
0.952321
0.883119
0.795613
0.714948
0.950871
0.881136
0.793378
0.712469
0.951598
0.88223
0.793987
0.712937
0.948642
0.879775
0.792549
0.711519
0.949823
0.880671
0.79214
0.711758
0.947933
0.880855
0.793621
0.712887
0.950247
0.882631
0.795816
0.71495
0.953611
0.885585
0.798191
0.715467
0.952989
0.886786
0.799081
0.718238
0.955681
0.885271
0.797543
0.715968
0.954163
0.884207
0.794647
0.715846
0.952045
0.883753
0.795319
0.715402
0.95327
0.883846
0.795668
0.716754
0.95493
0.885054
0.799577
0.716558
0.951757
0.884819
0.799762
0.718619
0.95492
0.885886
0.799766
0.717827
0.953536
0.883069
0.794543
0.71424
0.952161
0.880847
0.79364
0.712811
0.949664
0.881857
0.795912
0.713566
0.952726
0.885106
0.797271
0.71432
0.952856
0.881518
0.794235
0.714514
0.95061
0.884038
0.796333
0.717267
0.953628
0.886341
0.798719
0.718931
0.956311
0.887274
0.79987
0.718034
0.955691
0.886175
0.797968
0.716996
0.953236
0.884867
0.796375
0.714554
0.953332
0.884402
0.798125
0.717228
0.954464
0.887158
0.800494
0.719901
0.956314
0.887527
0.801017
0.718985
0.957531
0.886437
0.796714
0.715568
0.953428
0.883563
0.79728
0.714726
0.952134
0.883083
0.795599
0.715203
0.953095
0.884238
0.797169
0.71378
0.952004
0.881087
0.795582
0.71425
0.95374
0.8859
0.797481
0.714393
0.953151
0.882997
0.79513
0.716818
0.953911
0.885833
0.797069
0.715009
0.952167
0.8834
0.796197
0.715125
0.953915
0.885494
0.799117
0.716748
0.955026
0.888606
0.797827
0.717114
0.952298
0.88395
0.795933
0.715146
0.952639
0.883988
0.796084
0.717092
0.953093
0.885025
0.795805
0.71488
0.952467
0.884679
0.796588
0.715213
0.952502
0.884634
0.797237
0.717681
0.955123
0.884729
0.797776
0.71673
0.953574
0.885717
0.796177
0.716109
0.953716
0.884215
0.796775
0.715955
0.955124
0.884736
0.797131
0.716081
0.95404
0.884062
0.795726
0.713707
0.951054
0.882667
0.795251
0.71505
0.951607
0.884325
0.794527
0.712509
0.951976
0.882261
0.793655
0.71352
0.950025
0.879387
0.792643
0.713829
0.952991
0.881203
0.793351
0.712653
0.950215
0.879438
0.790578
0.711174
0.946452
0.878195
0.789205
0.709831
0.948957
0.879003
0.7911
0.711807
0.950614
0.883691
0.795922
0.714601
0.951827
0.884261
0.796347
0.716282
0.955453
0.885334
0.798436
0.715484
0.953173
0.882882
0.796812
0.714334
0.951497
0.882794
0.794857
0.715375
0.955931
0.882772
0.793545
0.711503
0.948489
0.880313
0.792736
0.71025
0.947816
0.878667
0.792658
0.711309
0.949142
0.877656
0.789318
0.707961
0.947752
0.88002
0.792247
0.713654
0.952225
0.883906
0.797014
0.714578
0.953358
0.882053
0.79231
0.713705
0.94967
0.880062
0.79376
0.712352
0.950253
0.880526
0.792058
0.709997
0.948698
0.87941
0.791276
0.712011
0.949997
0.882308
0.792997
0.708568
0.946461
0.878863
0.793314
0.713538
0.952704
0.883449
0.795255
0.717266
0.954928
0.884258
0.797936
0.714431
0.952104
0.88415
0.796628
0.716935
0.952716
0.885806
0.798153
0.716341
0.955687
0.887555
0.799492
0.718695
0.956608
0.886245
0.79904
0.717999
0.954893
0.886172
0.795527
0.714654
0.949657
0.881405
0.795948
0.715967
0.953969
0.883941
0.798924
0.718532
0.954596
0.887104
0.799765
0.717568
0.953684
0.88468
0.794981
0.714461
0.950833
0.879981
0.792975
0.713722
0.947945
0.878834
0.794999
0.713963
0.952227
0.882581
0.794169
0.713685
0.951917
0.884942
0.797436
0.716245
0.953454
0.886842
0.799636
0.717993
0.95482
0.885306
0.798614
0.717797
0.954556
0.88383
0.795667
0.715516
0.952285
0.881288
0.794126
0.714668
0.953353
0.882753
0.794998
0.714949
0.951791
0.884541
0.796451
0.713061
0.951464
0.883273
0.79414
0.714974
0.952814
0.88463
0.799377
0.719451
0.956907
0.885911
0.799728
0.721299
0.956523
0.887283
0.799015
0.719114
0.956437
0.884195
0.796129
0.71514
0.95278
0.884181
0.796411
0.715476
0.952486
0.882138
0.796454
0.716046
0.953894
0.883558
0.793903
0.714128
0.952214
0.880803
0.792011
0.71015
0.949678
0.880101
0.791066
0.708855
0.947025
0.879335
0.792862
0.713956
0.951957
0.879561
0.79293
0.713389
0.951726
0.881041
0.795205
0.716341
0.954882
0.887646
0.800904
0.719796
0.955359
0.887368
0.799744
0.716819
0.955632
0.88731
0.799857
0.717074
0.955022
0.886903
0.8013
0.71904
0.955958
0.887227
0.797996
0.715389
0.953451
0.881207
0.792973
0.711509
0.949049
0.879874
0.793239
0.714905
0.952189
0.883387
0.796124
0.714842
0.951267
0.88145
0.795268
0.715393
0.953696
0.886176
0.799775
0.716762
0.954652
0.886505
0.797811
0.715444
0.953002
0.884053
0.794811
0.713395
0.949489
0.882186
0.796703
0.713854
0.950429
0.884118
0.795024
0.714213
0.951378
0.882973
0.794879
0.712022
0.950161
0.882165
0.794973
0.715378
0.954382
0.882945
0.796929
0.71533
0.95245
0.88051
0.793768
0.713543
0.95145
0.88348
0.794784
0.712105
0.949406
0.880802
0.793364
0.711725
0.950288
0.883574
0.796593
0.716166
0.953619
0.885419
0.794866
0.714309
0.951836
0.882838
0.794074
0.711753
0.95042
0.882237
0.792897
0.712113
0.950116
0.882374
0.796843
0.716935
0.953662
0.885405
0.791885
0.713193
0.951883
0.882811
0.793537
0.714396
0.95118
0.878892
0.791904
0.712543
0.949587
0.882608
0.795261
0.715472
0.954593
0.883492
0.795219
0.714461
0.952669
0.884508
0.796865
0.717087
0.953618
0.883624
0.793365
0.712254
0.946773
0.878532
0.789327
0.710042
0.948415
0.879154
0.789504
0.708198
0.947629
0.879043
0.793395
0.71341
0.952524
0.882916
0.794816
0.714997
0.951825
0.881853
0.793707
0.711549
0.949268
0.879267
0.792251
0.711939
0.951055
0.880189
0.793051
0.712406
0.948046
0.876164
0.790523
0.708051
0.945432
0.876182
0.787867
0.707502
0.946341
0.88024
0.793227
0.713724
0.951948
0.882822
0.795423
0.714465
0.953484
0.882417
0.793667
0.712597
0.949265
0.883605
0.794298
0.71187
0.94994
0.884465
0.795311
0.714155
0.952503
0.883781
0.794408
0.713619
0.950049
0.882224
0.796435
0.717529
0.954373
0.882631
0.79499
0.713435
0.951538
0.883548
0.794957
0.715435
0.952888
0.884231
0.797647
0.717313
0.956277
0.886961
0.798945
0.720251
0.956361
0.883891
0.794296
0.71463
0.952286
0.880083
0.792272
0.711226
0.947846
0.878703
0.792062
0.711924
0.949768
0.87966
0.79323
0.711175
0.94747
0.881231
0.795892
0.716943
0.953666
0.886397
0.797536
0.716986
0.953767
0.884065
0.796532
0.715902
0.953419
0.884057
0.796386
0.7151
0.953242
0.884618
0.798303
0.716325
0.953954
0.883293
0.795539
0.713753
0.951114
0.880301
0.795103
0.714058
0.953026
0.884176
0.795605
0.715048
0.953379
0.88279
0.794909
0.715666
0.954047
0.88377
0.797694
0.716177
0.952614
0.882996
0.79707
0.717379
0.954141
0.882707
0.794815
0.713466
0.948978
0.878826
0.791295
0.712252
0.949694
0.880979
0.792985
0.711954
0.950938
0.882849
0.795478
0.715412
0.953419
0.883799
0.794464
0.713793
0.952153
0.884306
0.797751
0.71481
0.951118
0.880331
0.792548
0.712378
0.950554
0.883396
0.795112
0.713075
0.952332
0.884141
0.793978
0.713069
0.95192
0.882558
0.792858
0.711307
0.949408
0.878938
0.792569
0.712823
0.950232
0.881531
0.791469
0.710656
0.950003
0.882446
0.796354
0.71469
0.952038
0.883374
0.795626
0.713629
0.951244
0.881701
0.793419
0.714239
0.952405
0.885453
0.795675
0.713527
0.951728
0.882015
0.794933
0.715748
0.953913
0.882842
0.793839
0.712701
0.948627
0.879375
0.791321
0.710508
0.947863
0.877956
0.791395
0.709703
0.94672
0.879548
0.791269
0.711978
0.950805
0.882545
0.79662
0.714931
0.954685
0.881884
0.7919
0.709583
0.947635
0.87989
0.79229
0.712821
0.949834
0.878188
0.791668
0.711368
0.950779
0.882946
0.795497
0.713125
0.951734
0.88361
0.796207
0.715411
0.951596
0.879547
0.789688
0.709696
0.948332
0.878986
0.792765
0.712975
0.952783
0.885136
0.796685
0.716338
0.952955
0.882149
0.796769
0.716354
0.954778
0.88195
0.795522
0.715151
0.953936
0.884679
0.797573
0.716015
0.954492
0.885357
0.797617
0.716286
0.954365
0.881895
0.795646
0.712681
0.951423
0.883032
0.794772
0.713901
0.949553
0.88249
0.794269
0.710648
0.950201
0.879605
0.792423
0.712207
0.949971
0.880682
0.794047
0.713033
0.951837
0.881485
0.794699
0.714274
0.952549
0.88528
0.797468
0.715731
0.951595
0.882662
0.795705
0.714825
0.952742
0.884234
0.796896
0.718199
0.95687
0.884682
0.799555
0.717449
0.954263
0.884853
0.797034
0.716626
0.952534
0.883825
0.795531
0.715444
0.954543
0.884928
0.798088
0.716952
0.954308
0.88239
0.794986
0.71241
0.94983
0.882431
0.795152
0.714073
0.95272
0.884081
0.797342
0.71743
0.955066
0.881886
0.794341
0.716406
0.95435
0.88389
0.797147
0.716671
0.95103
0.883793
0.795785
0.715575
0.952062
0.881406
0.79393
0.713585
0.951683
0.881937
0.794149
0.713338
0.952711
0.877619
0.789536
0.708921
0.945243
0.87678
0.79218
0.7121
0.949583
0.880739
0.792404
0.712781
0.950265
0.880426
0.787708
0.708523
0.946693
0.876755
0.789171
0.709798
0.947137
0.878283
0.791572
0.712214
0.94797
0.880971
0.793981
0.714011
0.952255
0.880086
0.791107
0.711834
0.94946
0.880732
0.795123
0.713368
0.950163
0.881063
0.792233
0.713163
0.951541
0.882364
0.795149
0.713958
0.950756
0.880981
0.795711
0.714729
0.950591
0.882537
0.796869
0.714053
0.951783
0.881653
0.796935
0.714224
0.952412
0.883698
0.796154
0.714661
0.953283
0.885198
0.798825
0.717672
0.955266
0.886916
0.798271
0.717548
0.956375
0.887879
0.802671
0.72222
0.959612
0.888434
0.798915
0.71551
0.953717
0.885096
0.795337
0.713568
0.952321
0.884158
0.79511
0.716303
0.95347
0.882749
0.798253
0.71562
0.953489
0.886562
0.797876
0.716198
0.954972
0.885957
0.797716
0.716073
0.953414
0.885312
0.794833
0.714703
0.952722
0.884214
0.798314
0.713861
0.951083
0.881538
0.792391
0.713218
0.952159
0.883531
0.794901
0.712989
0.952056
0.881514
0.794397
0.713816
0.952821
0.886928
0.799353
0.717785
0.954335
0.884955
0.797414
0.717292
0.955513
0.885321
0.800179
0.719293
0.957882
0.888207
0.79759
0.716751
0.95483
0.884393
0.795503
0.715227
0.954054
0.887087
0.797824
0.718479
0.955212
0.887348
0.800211
0.719768
0.957541
0.886471
0.794415
0.712785
0.948176
0.877187
0.789422
0.708751
0.946481
0.878548
0.791897
0.712041
0.950026
0.882505
0.795752
0.714249
0.953182
0.883066
0.796016
0.714891
0.950377
0.881521
0.79516
0.713522
0.951156
0.883442
0.793977
0.712934
0.949052
0.879886
0.79374
0.712425
0.949348
0.881859
0.794964
0.714876
0.951213
0.879703
0.793463
0.713271
0.950582
0.881467
0.793434
0.713348
0.950451
0.879217
0.792779
0.711245
0.949687
0.880758
0.792384
0.709861
0.949452
0.881463
0.791945
0.712133
0.949052
0.879924
0.792035
0.710974
0.947252
0.876936
0.788072
0.706143
0.943465
0.877186
0.788672
0.710098
0.949726
0.882209
0.794355
0.71251
0.948715
0.881137
0.793477
0.713101
0.950213
0.883546
0.795076
0.714513
0.951158
0.882666
0.795413
0.714146
0.952146
0.884839
0.796831
0.713512
0.95
0.880265
0.791444
0.713171
0.9502
0.880221
0.788857
0.710381
0.948759
0.87917
0.79377
0.712255
0.949082
0.880166
0.792829
0.712458
0.948413
0.880078
0.794766
0.714909
0.952823
0.881204
0.793066
0.713978
0.951773
0.883657
0.796196
0.714874
0.952701
0.885093
0.797466
0.717368
0.955003
0.886049
0.797808
0.714474
0.952141
0.883924
0.798367
0.716539
0.952918
0.882965
0.796053
0.714598
0.952958
0.884727
0.796925
0.714161
0.952274
0.881419
0.793827
0.711505
0.949115
0.879584
0.793812
0.713822
0.950415
0.881761
0.793908
0.714435
0.951695
0.883572
0.795431
0.71498
0.952512
0.886646
0.799472
0.719472
0.957184
0.888535
0.801004
0.717975
0.954808
0.885392
0.796223
0.717912
0.951374
0.878953
0.791967
0.713616
0.951285
0.881166
0.791686
0.710987
0.947121
0.878307
0.792487
0.710695
0.950084
0.881109
0.79389
0.714295
0.951578
0.882074
0.795384
0.715371
0.952803
0.883932
0.797642
0.718973
0.955973
0.887622
0.798273
0.717195
0.955151
0.887104
0.797854
0.717305
0.954225
0.885361
0.797128
0.714573
0.950864
0.884552
0.797448
0.714392
0.953401
0.884784
0.795777
0.716228
0.953437
0.88494
0.797022
0.715716
0.949754
0.882521
0.794175
0.713722
0.952588
0.883814
0.797913
0.71617
0.952465
0.884603
0.796467
0.71758
0.954442
0.884732
0.797863
0.71607
0.953876
0.886495
0.800537
0.718981
0.956288
0.886962
0.797833
0.715038
0.952096
0.882572
0.79649
0.71556
0.951912
0.881919
0.794741
0.714002
0.951018
0.881824
0.796833
0.714362
0.95146
0.883834
0.795813
0.714622
0.953608
0.883078
0.794975
0.713751
0.952609
0.881172
0.793473
0.711869
0.951515
0.882513
0.792878
0.713133
0.951385
0.879867
0.792608
0.713335
0.952074
0.885278
0.79644
0.716983
0.954606
0.88316
0.796521
0.715309
0.951257
0.881856
0.793479
0.713029
0.950302
0.88082
0.796107
0.714656
0.951812
0.883341
0.796211
0.714632
0.953517
0.883494
0.79674
0.717828
0.955393
0.886291
0.800848
0.720082
0.958272
0.8864
0.798894
0.719234
0.956647
0.885992
0.798096
0.718183
0.953732
0.884979
0.796788
0.714409
0.951225
0.881327
0.793368
0.712791
0.949875
0.881933
0.793697
0.711876
0.948557
0.876752
0.78519
0.706081
0.9441
0.87342
0.787561
0.706459
0.943906
0.871929
0.787988
0.70839
0.947895
0.880788
0.791493
0.711092
0.948124
0.879262
0.793913
0.713251
0.950666
0.881286
0.792814
0.71301
0.953882
0.884088
0.799293
0.718372
0.956403
0.88544
0.798703
0.718054
0.956541
0.884805
0.795364
0.715046
0.953853
0.885287
0.796022
0.714898
0.952795
0.882874
0.795816
0.713829
0.950787
0.879843
0.79266
0.711047
0.950542
0.879498
0.791011
0.711658
0.950528
0.880303
0.793184
0.713963
0.953553
0.884933
0.797993
0.717355
0.952639
0.884716
0.796057
0.714924
0.953423
0.883409
0.794997
0.714843
0.950894
0.881289
0.792675
0.711822
0.949849
0.878567
0.790022
0.711733
0.949946
0.880416
0.792732
0.709875
0.949213
0.881287
0.793396
0.711473
0.947487
0.878703
0.790236
0.709469
0.947282
0.877698
0.792078
0.70908
0.946149
0.877475
0.790663
0.712089
0.949084
0.878807
0.787178
0.708965
0.945476
0.87866
0.792142
0.711405
0.94957
0.882559
0.794216
0.714633
0.951382
0.880046
0.794571
0.715578
0.953507
0.885567
0.796962
0.716636
0.954131
0.887256
0.798262
0.716314
0.952691
0.883167
0.79612
0.715716
0.95275
0.88458
0.797178
0.71493
0.952363
0.882184
0.790734
0.711069
0.950228
0.880887
0.79307
0.711992
0.951663
0.879786
0.794208
0.712209
0.950564
0.880691
0.793078
0.712573
0.951959
0.882101
0.797097
0.716746
0.954325
0.884384
0.796598
0.713051
0.950763
0.880519
0.795558
0.716412
0.95255
0.880589
0.795077
0.711718
0.950431
0.882385
0.794972
0.713594
0.952913
0.88179
0.795828
0.715244
0.953882
0.884522
0.796938
0.715441
0.954149
0.885646
0.797121
0.713281
0.949475
0.882211
0.793352
0.713355
0.95171
0.88128
0.793114
0.713024
0.952331
0.881992
0.793368
0.712208
0.949221
0.880606
0.790737
0.709359
0.945858
0.878298
0.790972
0.71201
0.94982
0.877348
0.790255
0.709289
0.947584
0.8804
0.79234
0.710199
0.950284
0.880243
0.793538
0.712565
0.951588
0.880577
0.792563
0.71336
0.951616
0.883219
0.796347
0.715965
0.955165
0.887425
0.799916
0.719512
0.955733
0.887718
0.798384
0.714644
0.95232
0.881523
0.795328
0.712165
0.948877
0.881117
0.792525
0.712693
0.949247
0.879692
0.794158
0.712845
0.950556
0.881861
0.794199
0.711661
0.948388
0.880751
0.795226
0.714219
0.949827
0.878962
0.792949
0.712218
0.951731
0.883206
0.795992
0.71631
0.955468
0.884898
0.79507
0.71571
0.952807
0.882798
0.795129
0.712129
0.951094
0.882683
0.797257
0.713355
0.951274
0.883482
0.794526
0.714679
0.952085
0.880124
0.793693
0.713221
0.950959
0.884236
0.794799
0.71597
0.953779
0.883558
0.796688
0.714793
0.951643
0.881653
0.792873
0.712048
0.948875
0.88172
0.7924
0.713668
0.953553
0.884829
0.795977
0.715193
0.954188
0.884169
0.793965
0.712536
0.950657
0.879795
0.791174
0.709239
0.948301
0.880312
0.79257
0.711997
0.952078
0.884269
0.796357
0.714955
0.952628
0.88419
0.798037
0.714978
0.951589
0.879444
0.790192
0.70781
0.945353
0.873917
0.786247
0.705176
0.943868
0.875732
0.787978
0.708801
0.946355
0.876357
0.786376
0.706157
0.944969
0.876773
0.789481
0.710661
0.948351
0.881706
0.796476
0.716442
0.954008
0.885018
0.79723
0.716102
0.951344
0.883867
0.797232
0.715677
0.952988
0.885078
0.797983
0.716037
0.95371
0.883842
0.793914
0.711588
0.950507
0.880786
0.792694
0.71311
0.950945
0.881998
0.793778
0.711913
0.95185
0.884397
0.795965
0.715417
0.952412
0.883525
0.794284
0.712573
0.949719
0.882255
0.795313
0.71485
0.952958
0.88332
0.797458
0.716178
0.955812
0.886771
0.795419
0.714678
0.951292
0.883093
0.796126
0.716157
0.952622
0.88254
0.794874
0.714268
0.952151
0.882006
0.795497
0.715253
0.952403
0.884851
0.798003
0.71626
0.954188
0.88397
0.795433
0.712661
0.950871
0.88193
0.79412
0.713973
0.950374
0.882802
0.795749
0.716554
0.955357
0.884507
0.796313
0.715559
0.954167
0.884414
0.796874
0.716596
0.953252
0.886228
0.795792
0.716275
0.953964
0.883053
0.79629
0.714781
0.953449
0.88698
0.797442
0.715957
0.952034
0.881694
0.793766
0.713006
0.950434
0.879821
0.793062
0.711809
0.950454
0.881906
0.793568
0.710938
0.949814
0.881258
0.792789
0.712766
0.949621
0.878948
0.791398
0.711042
0.949816
0.881435
0.794531
0.716491
0.955186
0.88636
0.798043
0.718653
0.954541
0.888071
0.800229
0.718211
0.955888
0.883983
0.797439
0.716467
0.952487
0.88282
0.794912
0.715591
0.954468
0.884205
0.796932
0.715398
0.954785
0.883154
0.795154
0.714347
0.952612
0.878292
0.792281
0.710569
0.950218
0.882138
0.796237
0.714921
0.953556
0.886986
0.797073
0.715404
0.952843
0.883272
0.795316
0.713629
0.95101
0.881079
0.794612
0.714033
0.951966
0.884605
0.79757
0.716831
0.954289
0.883029
0.79446
0.715859
0.953083
0.883125
0.795996
0.713158
0.951632
0.881555
0.795003
0.713758
0.951359
0.881741
0.794014
0.712025
0.947962
0.877842
0.789099
0.707693
0.946495
0.880213
0.79181
0.713701
0.950728
0.881489
0.792784
0.711156
0.947277
0.877674
0.791608
0.710997
0.949796
0.87999
0.794456
0.712868
0.950992
0.882171
0.79653
0.714487
0.951307
0.882016
0.793891
0.713036
0.951051
0.883894
0.794655
0.713798
0.952513
0.881375
0.793719
0.712883
0.950426
0.881262
0.793227
0.71228
0.948672
0.87641
0.79084
0.710148
0.947815
0.877826
0.789931
0.710696
0.948185
0.880428
0.789328
0.710642
0.948251
0.881168
0.793834
0.712219
0.951395
0.882285
0.79367
0.712517
0.9505
0.881511
0.794266
0.714702
0.951658
0.882454
0.795885
0.713999
0.95171
0.882126
0.796869
0.714478
0.950287
0.878595
0.793853
0.711881
0.950188
0.882339
0.795121
0.712993
0.950921
0.880989
0.793907
0.714889
0.952941
0.883384
0.795427
0.716256
0.951682
0.882297
0.794724
0.711523
0.949923
0.882726
0.794536
0.714524
0.953928
0.883722
0.796467
0.716798
0.953931
0.884312
0.798614
0.716213
0.95406
0.883888
0.796644
0.715174
0.95412
0.885712
0.798525
0.719482
0.956868
0.887539
0.797188
0.71869
0.956215
0.88303
0.79527
0.715072
0.953128
0.882447
0.795608
0.716498
0.954744
0.883577
0.794971
0.712291
0.950155
0.881411
0.794577
0.715888
0.954996
0.885263
0.796709
0.716055
0.953127
0.882472
0.796305
0.714939
0.951677
0.879921
0.792504
0.711969
0.950943
0.880907
0.79263
0.712108
0.950007
0.880588
0.791772
0.711843
0.950605
0.881976
0.793005
0.713835
0.948221
0.883606
0.795911
0.715177
0.951507
0.884114
0.797182
0.715886
0.954139
0.886109
0.798342
0.717556
0.955653
0.886939
0.798129
0.713672
0.95165
0.881816
0.796953
0.717129
0.954309
0.885262
0.797726
0.719008
0.956413
0.886474
0.799733
0.719506
0.956185
0.887612
0.79917
0.717218
0.954779
0.884452
0.79769
0.717313
0.954947
0.88386
0.795584
0.716341
0.954654
0.886729
0.799559
0.718837
0.954175
0.884033
0.796432
0.717524
0.955102
0.884263
0.796493
0.715458
0.952997
0.88249
0.795249
0.71472
0.951358
0.880934
0.794159
0.711978
0.951241
0.883916
0.794643
0.714024
0.95181
0.883621
0.796896
0.715252
0.954811
0.885589
0.797201
0.714367
0.952596
0.881991
0.796506
0.715291
0.954286
0.880596
0.792843
0.712096
0.950356
0.88279
0.795421
0.713395
0.951857
0.883697
0.795798
0.713982
0.949778
0.881393
0.794259
0.713339
0.952397
0.8836
0.795763
0.711711
0.948649
0.877231
0.788564
0.709657
0.946946
0.876124
0.787996
0.706031
0.943496
0.876427
0.788812
0.706995
0.943431
0.876406
0.788228
0.709079
0.946789
0.879985
0.792582
0.712729
0.947526
0.879487
0.791024
0.709523
0.948019
0.880021
0.793747
0.7124
0.949929
0.878722
0.790378
0.711309
0.948748
0.879237
0.794453
0.713296
0.952524
0.883045
0.793918
0.713432
0.951203
0.881467
0.793949
0.712781
0.948544
0.878296
0.792531
0.711152
0.948304
0.876479
0.790431
0.70892
0.946618
0.878529
0.791355
0.711223
0.94904
0.88273
0.796597
0.713275
0.950875
0.880977
0.794643
0.710392
0.946885
0.877648
0.791442
0.711266
0.947823
0.879597
0.791668
0.710857
0.94749
0.878424
0.789671
0.710014
0.947727
0.877232
0.79105
0.712198
0.948485
0.881182
0.792576
0.711922
0.950208
0.88206
0.794245
0.711458
0.948139
0.880877
0.793822
0.713459
0.949978
0.88138
0.793971
0.713612
0.952001
0.882433
0.794821
0.715884
0.954969
0.885953
0.797888
0.717995
0.955832
0.88609
0.798084
0.717491
0.955991
0.884662
0.796168
0.712691
0.952346
0.884978
0.796593
0.715666
0.954489
0.885248
0.798949
0.717103
0.954505
0.886877
0.800268
0.720571
0.956815
0.887093
0.797475
0.71504
0.951346
0.881272
0.794235
0.714825
0.951906
0.884607
0.796672
0.715777
0.951791
0.883898
0.795618
0.714638
0.953659
0.885755
0.799627
0.718549
0.954894
0.88759
0.798057
0.71722
0.954221
0.885897
0.797777
0.716109
0.951881
0.883026
0.796133
0.714068
0.953477
0.884746
0.795465
0.713954
0.952822
0.885298
0.798347
0.714742
0.952203
0.883091
0.797772
0.716275
0.954667
0.883189
0.793165
0.713075
0.949617
0.881399
0.793924
0.716651
0.953964
0.885859
0.797107
0.715869
0.955097
0.885446
0.797178
0.714301
0.95114
0.882609
0.795884
0.715041
0.954158
0.884291
0.796749
0.715434
0.952861
0.882576
0.794566
0.713777
0.951058
0.881308
0.794436
0.713251
0.950263
0.880389
0.791481
0.710758
0.948899
0.880594
0.791519
0.711151
0.94852
0.87927
0.789579
0.708753
0.947481
0.876145
0.788825
0.706534
0.944811
0.876329
0.789627
0.709529
0.948331
