0
0.000562439
0.0019277
0.00441455
0.00463888
0.00571105
0.00849072
0.0081086
0.0110279
0.01423
0.0131942
0.0135254
0.0168595
0.0193593
0.0248212
0.0163728
0.0177417
0.00930712
0.0178419
0.017848
0.0195978
0.0230083
0.0200894
0.021474
0.0249558
0.0350478
0.015572
0.0244932
0.0205872
0.0157708
0.0334209
0.015896
0.0222405
0.0195176
0.0266585
0.0374292
0.0194124
0.0303881
0.0238688
0.0295125
0.032592
0.0424562
0.0361113
0.0183214
0.0304643
0.035267
0.029145
0.0483331
0.0206361
0.0426942
0.0273897
0.0519179
0.0209806
0.0345323
0.0372103
0.0352666
0.0356508
0.0384022
0.0395875
0.0386999
0.0422554
0.0497122
0.0344487
0.032587
0.0327066
0.0352541
0.0413816
0.0611153
0.0518962
0.0492733
0.0443676
0.0434854
0.0518358
0.0496916
0.0616729
0.0503394
0.0586324
0.0512514
0.0433219
0.0668419
0.0518371
0.0676038
0.0451411
0.0663232
0.0476868
0.0596599
0.0361069
0.0374586
0.0490536
0.0533349
0.0654601
0.0698285
0.0482806
0.0495938
0.0539449
0.0680523
0.0430751
0.0460281
0.0655958
0.0768701
0.0786235
0.0926985
0.0661171
0.0447015
0.0483306
0.0841878
0.0610902
0.0667022
0.0579878
0.0782494
0.0628342
0.0717063
0.0564389
0.0816986
0.0461167
0.0342333
0.0929777
0.0658071
0.0731519
0.080841
0.070573
0.0746129
0.0473134
0.0681986
0.0388286
0.0631977
0.0707209
0.0786808
0.0664431
0.0685026
0.0803248
0.0436187
0.0538674
0.0678017
0.0840654
0.0749756
0.100589
0.0554614
0.0923878
0.0912982
0.0926505
0.0746983
0.0889207
0.102643
0.0746522
0.0692606
0.070199
0.0935279
0.0548987
0.0639873
0.0811165
0.0989273
0.0812161
0.0633974
0.102951
0.121699
0.0612202
0.0748991
0.0956707
0.0874398
0.0395623
0.0499705
0.0928535
0.085723
0.0952117
0.101162
0.0937131
0.0645882
0.0768658
0.0876248
0.0532006
0.088129
0.068635
0.0813258
0.0588353
0.106756
0.0803239
0.0801406
0.110473
0.0874709
0.0753462
0.0959483
0.110758
0.0895981
0.0947542
0.0412811
0.083826
0.0933189
0.0842341
0.108038
0.0839575
0.147558
0.115591
0.12403
0.0543929
0.0973725
0.0773413
0.0922893
0.135594
0.090074
0.0759065
0.10028
0.0998339
0.0662338
0.0418565
0.0794743
0.0848761
0.11999
0.0928144
0.0579849
0.108189
0.10633
0.0954973
0.0915635
0.12003
0.0553102
0.0835583
0.148713
0.0851513
0.127397
0.0995523
0.0797268
0.104944
0.116692
0.0792515
0.10417
0.0893723
0.0700004
0.120486
0.048428
0.124943
0.131621
0.122552
0.127871
0.156584
0.0992083
0.120418
0.176473
0.134943
0.118038
0.073539
0.153241
0.135022
0.143795
0.107483
0.156118
0.122029
0.116309
0.0787555
0.104007
0.0970659
0.104625
0.143444
0.10986
0.0979244
0.118497
0.0973299
0.129185
0.121725
0.0897867
0.140302
0.158725
0.153308
0.0830103
0.100068
0.134668
0.122444
0.092101
0.106002
0.155479
0.124255
0.141095
0.117328
0.117407
0.12601
0.0923247
0.129861
0.126229
0.113425
0.115579
0.0793944
0.0973621
0.116511
0.121526
0.0700046
0.108711
0.137519
0.0861945
0.0863191
0.120359
0.146287
0.137335
0.0936336
0.100534
0.115179
0.130823
0.100663
0.0870231
0.118724
0.108535
0.161631
0.193446
0.122849
0.117856
0.103656
0.128361
0.134772
0.126188
0.153374
0.157145
0.156711
0.127219
0.1459
0.0940586
0.138034
0.113957
0.0886615
0.120161
0.105768
0.142429
0.134044
0.160584
0.145843
0.0939022
0.0622268
0.118746
0.0633418
0.102092
0.0893428
0.126062
0.130373
0.189462
0.138529
0.172229
0.106652
0.161845
0.0943246
0.116857
0.106511
0.128129
0.104294
0.099467
0.0817891
0.119378
0.145741
0.122959
0.131088
0.110262
0.103967
0.146347
0.171517
0.171718
0.0834508
0.129491
0.18652
0.142015
0.145219
0.135731
0.150581
0.125587
0.125407
0.142289
0.152526
0.145607
0.168786
0.126706
0.113384
0.0972902
0.132914
0.149446
0.146253
0.0975125
0.105556
0.117957
0.170166
0.143423
0.0683482
0.0896497
0.147491
0.169473
0.1357
0.19255
0.14626
0.181857
0.11614
0.112465
0.135295
0.124515
0.133981
0.184315
0.127452
0.142661
0.0887118
0.10607
0.12863
0.0772083
0.139243
0.115677
0.163459
0.12348
0.081427
0.0764447
0.129542
0.122932
0.117568
0.141721
0.105053
0.135689
0.123166
0.105823
0.151953
0.142165
0.129993
0.129164
0.084275
0.155639
0.105053
0.105231
0.121921
0.155112
0.135575
0.171139
0.126557
0.154877
0.0865161
0.107363
0.109972
0.193735
0.0920897
0.139138
0.147361
0.145723
0.0993418
0.183209
0.138996
0.136255
0.0863389
0.200646
0.112747
0.158359
0.110341
0.185487
0.100836
0.192931
0.122584
0.107728
0.120823
0.101809
0.0877442
0.141292
0.121882
0.148675
0.105298
0.129565
0.0941963
0.115803
0.0927047
0.107747
0.095972
0.11899
0.0841236
0.164472
0.151465
0.101725
0.0963882
0.149059
0.144931
0.0675397
0.171092
0.168441
0.130363
0.147445
0.130237
0.0908745
0.143522
0.121326
0.135114
0.160219
0.0964311
0.129426
0.0975111
0.146402
0.204832
0.180155
0.192422
0.119517
0.170156
0.133962
0.178364
0.184422
0.14682
0.134359
0.128966
0.164063
0.139719
0.201564
0.132458
0.130465
0.10331
0.181441
0.161282
0.0935136
0.167473
0.165572
0.170001
0.186109
0.143797
0.117417
0.0948809
0.128153
0.187214
0.189717
0.18121
0.176926
0.191483
0.13165
0.103927
0.10832
0.140604
0.166532
0.136733
0.119366
0.171243
0.162848
0.129369
0.15818
0.148734
0.149337
0.161435
0.176287
0.195249
0.130177
0.125286
0.123148
0.155809
0.156142
0.10922
0.0967036
0.120955
0.14473
0.0854223
0.148614
0.13713
0.141912
0.106995
0.0775915
0.126363
0.139455
0.144381
0.167741
0.106064
0.153758
0.10391
0.12533
0.161791
0.120293
0.0790334
0.209616
0.129398
0.148808
0.110179
0.101343
0.128605
0.131355
0.178489
0.199618
0.0885659
0.149217
0.0977534
0.1523
0.111352
0.142843
0.156037
0.15749
0.13629
0.140116
0.128913
0.1241
0.178092
0.136356
0.176457
0.173373
0.165397
0.157279
0.0981018
0.123475
0.140843
0.155397
0.143996
0.0851495
0.128009
0.130448
0.136504
0.204277
0.21094
0.158402
0.117202
0.0917685
0.119439
0.168967
0.119053
0.137033
0.170289
0.149902
0.16297
0.141753
0.136486
0.19096
0.0716206
0.189043
0.142212
0.166735
0.131751
0.134982
0.138184
0.199522
0.132619
0.11753
0.0977177
0.154279
0.164141
0.1131
0.134241
0.168526
0.147625
0.136331
0.160339
0.114147
0.143894
0.170962
0.146126
0.157055
0.131387
0.129316
0.155274
0.109252
0.134007
0.154946
0.153789
0.198394
0.115406
0.174193
0.16898
0.0854129
0.221977
0.115667
0.193081
0.167572
0.139387
0.172598
0.207994
0.117787
0.0974126
0.116757
0.152341
0.161489
0.0726038
0.149625
0.138476
0.128943
0.103966
0.194617
0.176568
0.193031
0.0990548
0.189097
0.152991
0.14458
0.120445
0.131817
0.169357
0.209547
0.152237
0.198678
0.175698
0.149625
0.0919501
0.143958
0.163345
0.189121
0.125704
0.0814674
0.192913
0.111687
0.183906
0.227135
0.134445
0.164887
0.175507
0.192433
0.159922
0.174208
0.213978
0.223954
0.135896
0.230055
0.163416
0.172152
0.16672
0.194548
0.110503
0.0796633
0.170966
0.141839
0.102209
0.171508
0.158234
0.181675
0.13639
0.158504
0.129972
0.181848
0.123978
0.121162
0.150784
0.21307
0.163728
0.142882
0.152384
0.154962
0.14247
0.137206
0.188405
0.161491
0.0888346
0.156172
0.119597
0.116182
0.131696
0.107119
0.0974108
0.187769
0.208395
0.134932
0.122453
0.178989
0.147729
0.152973
0.153386
0.136551
0.13782
0.135006
0.129452
0.18034
0.116578
0.0984364
0.176993
0.174777
0.113168
0.14287
0.134342
0.130193
0.139467
0.134126
0.163072
0.144133
0.165728
0.194645
0.184652
0.147065
0.146879
0.185013
0.159938
0.142144
0.113694
0.182052
0.120822
0.117066
0.161163
0.134674
0.201473
0.176937
0.13038
0.122033
0.162941
0.123802
0.109111
0.148106
0.13216
0.156324
0.20262
0.193833
0.16866
0.19754
0.124992
0.12067
0.157338
0.134869
0.175257
0.152457
0.143144
0.134845
0.180785
0.125228
0.207762
0.138897
0.0978773
0.1902
0.174457
0.148086
0.105839
0.191955
0.120867
0.146469
0.134356
0.22491
0.176437
0.146381
0.118665
0.214395
0.11939
0.164114
0.160937
0.171352
0.186725
0.133478
0.171788
0.186504
0.129532
0.137631
0.149547
0.138136
0.145384
0.188071
0.135752
0.17789
0.132066
0.17573
0.197218
0.123975
0.20651
0.110757
0.100656
0.139029
0.130103
0.245289
0.12222
0.182182
0.126604
0.150193
0.151083
0.16815
0.139203
0.117709
0.119647
0.140253
0.193877
0.145547
0.117277
0.136062
0.164922
0.150015
0.139121
0.151875
0.171945
0.167614
0.175265
0.184362
0.123738
0.139353
0.114498
0.124795
0.131938
0.170424
0.115441
0.136654
0.13682
0.175886
0.179625
0.180077
0.128876
0.124304
0.129632
0.142807
0.153668
0.184447
0.0979907
0.115063
0.171463
0.113103
0.167956
0.180033
0.113438
0.165104
0.143161
0.142272
0.201153
0.169936
0.14521
0.166399
0.187559
0.151086
0.150895
0.176912
0.134399
0.123505
0.175161
0.142037
0.12616
0.111989
0.174689
0.158503
0.159253
0.13223
0.138903
0.145046
0.156184
0.127081
0.175666
0.138379
0.125676
0.161074
0.101797
0.173984
0.199991
0.200012
0.136143
0.139138
0.144802
0.154737
0.128719
0.101132
0.118403
0.145358
0.196381
0.123479
0.142843
0.134393
0.106092
0.143058
0.115441
0.195097
0.11784
0.167305
0.169993
0.148212
0.20185
0.188342
0.169582
0.192258
0.144361
0.168625
0.15812
0.121739
0.129164
0.151581
0.10945
0.166544
0.155418
0.180231
0.186628
0.148104
0.166108
0.124229
0.135627
0.217556
0.143604
0.131719
0.152153
0.0894498
0.135353
0.143225
0.180026
0.185857
0.154809
0.148464
0.164365
0.172696
0.127835
0.125454
0.130922
0.144121
0.164525
0.149392
0.195148
0.168788
0.133751
0.136885
0.169745
0.162705
0.14951
0.116652
0.209168
0.120724
0.152073
0.163278
0.14748
0.147039
0.148672
0.195175
0.223162
0.140288
0.186823
0.15292
0.16761
0.127533
0.138412
0.163487
0.135189
0.173558
0.0923015
0.178631
0.173727
0.172923
0.196337
0.1529
0.187907
0.144362
0.125622
0.144359
0.156583
0.150834
0.204246
0.130843
0.114444
0.1295
0.166389
0.160178
0.12792
0.121449
0.135629
0.137215
0.116503
0.230481
0.136481
0.150631
0.194227
0.104458
0.127666
0.213506
0.100191
0.180689
0.100707
0.183973
0.150424
0.201733
0.128642
0.130487
0.18553
0.159695
0.130851
0.160235
0.121326
0.20641
0.17718
0.156754
0.16912
0.20952
0.1594
0.170482
0.164009
0.208783
0.145058
0.138245
0.148568
0.173456
0.141922
0.175008
0.161257
0.173803
0.18591
0.124484
0.176326
0.1381
0.188225
0.140524
0.157702
0.163877
0.166425
0.2135
0.188799
0.140272
0.107517
0.126729
0.131071
0.146722
0.116198
0.177302
0.146325
0.130698
0.0866808
0.117718
0.169173
0.199744
0.114073
0.105178
0.124262
0.180467
0.113634
0.176221
0.175761
0.184507
0.225506
0.138174
0.194316
0.135611
0.117205
0.148168
0.194272
0.184738
0.107998
0.164336
0.139924
0.147863
0.102969
0.159039
0.169825
0.228855
0.138663
0.187887
0.132722
0.128349
0.152497
0.148491
0.1772
0.207535
0.122757
0.162959
0.160726
0.171833
0.145152
0.162704
0.217547
0.144879
0.170295
0.155193
0.17916
0.179584
0.224498
0.138973
0.130709
0.140203
0.149022
0.221609
0.140454
0.128634
0.106213
0.106689
0.182216
0.201156
0.107758
0.165698
0.186481
0.136125
0.148567
0.137639
0.177394
0.18593
0.1407
0.116524
0.146428
0.175414
0.167478
0.207777
0.157939
0.163606
0.146662
0.172101
0.140399
0.141949
0.153288
0.107158
0.149602
0.134357
0.200092
0.164712
0.185431
0.151832
0.116254
0.143132
0.173015
0.153591
0.138919
0.158496
0.180915
0.170802
0.158665
0.162441
0.187671
0.138503
0.143718
0.23319
0.181584
0.219039
0.106319
0.199907
0.217168
0.184136
0.135428
0.106704
0.121079
0.202661
0.160674
0.132384
0.178036
0.119005
0.142042
0.0919811
0.161864
0.084604
0.186361
0.17859
0.182363
0.145631
0.131339
0.159498
0.131428
0.0991694
0.132928
0.23699
0.17812
0.135653
0.12193
0.118244
0.127481
0.0822267
0.0962496
0.113701
0.152854
0.212029
0.143167
0.172212
0.170086
0.168599
0.127529
0.217973
0.196672
0.150138
0.17622
0.166147
0.125614
0.142156
0.0837839
0.151276
0.136569
0.165938
0.129062
0.154588
0.168868
0.2016
0.123931
0.185835
0.118763
0.165538
0.123324
0.134975
0.149849
0.139509
0.130374
0.15187
0.154846
0.162266
0.222917
0.126558
0.130426
0.0987782
0.139364
0.129245
0.120571
0.143714
0.189956
0.18547
0.123011
0.135026
0.18248
0.250423
0.131799
0.12985
0.144503
0.140001
0.203827
0.140892
0.115191
0.132362
0.150147
0.164468
0.17771
0.101307
0.145109
0.147789
0.129164
0.0965739
0.243473
0.173511
0.15027
0.173101
0.196884
0.172727
0.13012
0.145571
0.175304
0.201273
0.168821
0.152026
0.130226
0.148663
0.136277
0.178595
0.191573
0.243891
0.130722
0.147373
0.109019
0.169996
0.138309
0.137856
0.171021
0.189022
0.1315
0.15276
0.151652
0.177393
0.174118
0.148114
0.157737
0.219371
0.0852447
0.140858
0.156268
0.0647849
0.143738
0.196033
0.103169
0.144976
0.0996755
0.130522
0.191932
0.165704
0.165049
0.175696
0.159016
0.150449
0.189663
0.149536
0.0572971
0.149967
0.19797
0.135348
0.130423
0.191773
0.169165
0.171213
0.114244
0.14534
0.185535
0.158028
0.139669
0.141202
0.162861
0.123364
0.182611
0.145487
0.0906843
0.128652
0.172436
0.0885701
0.116215
0.112306
0.133578
0.230487
0.223412
0.131419
0.178276
0.151105
0.115369
0.153996
0.122337
0.137637
0.146751
0.149486
0.233272
0.121671
0.186865
0.199432
0.171819
0.171794
0.109555
0.17403
0.182133
0.239621
0.145117
0.157037
0.217603
0.156209
0.178257
0.196362
0.218503
0.15386
0.204368
0.167229
0.151572
0.178443
0.0880938
0.149522
0.205705
0.214511
0.150654
0.106908
0.182611
0.171629
0.16784
0.205643
0.187431
0.192925
0.165345
0.153653
0.133606
0.184767
0.0900918
0.120988
0.144005
0.137214
0.182009
0.197036
0.15942
0.148143
0.220691
0.220443
0.148402
0.174439
0.185376
0.131001
0.156531
0.15366
0.181554
0.105235
0.164015
0.172204
0.162449
0.158971
0.132827
0.246978
0.142021
0.121305
0.123068
0.198759
0.160928
0.201307
0.158944
0.140002
0.165699
0.140281
0.219812
0.218037
0.095984
0.12928
0.175098
0.171028
0.150327
0.173981
0.177594
0.196417
0.110845
0.156332
0.135622
0.165162
0.172492
0.139155
0.133416
0.142915
0.16094
0.173305
0.102867
0.186966
0.148162
0.100597
0.166844
0.198206
0.16025
0.146626
0.177112
0.189108
0.163094
0.199935
0.172364
0.192863
0.10423
0.0946303
0.171806
0.181512
0.194333
0.19918
0.133573
0.20008
0.108798
0.141569
0.136208
0.158164
0.173475
0.175309
0.188166
0.167153
0.173847
0.173498
0.243848
0.164481
0.173667
0.132658
0.176396
0.158166
0.15797
0.15557
0.13773
0.149345
0.115694
0.186336
0.18244
0.165778
0.133995
0.176878
0.150317
0.180967
0.10529
0.199775
0.153497
0.14161
0.114992
0.123567
0.224941
0.173688
0.109502
0.161285
0.157003
0.182587
0.0989087
0.193595
0.162384
0.193562
0.23568
0.197601
0.184796
0.129804
0.0973884
0.0767922
0.104435
0.122936
0.145605
0.132606
0.14281
0.187926
0.121479
0.0803503
0.138101
0.158395
0.157721
0.151787
0.156415
0.197888
0.122849
0.135898
0.223483
0.145125
0.126005
0.170943
0.12879
0.150088
0.114975
0.197708
0.196823
0.128324
0.160476
0.173277
0.167565
0.0942405
0.121068
0.111397
0.125296
0.16212
0.140614
0.153376
0.228529
0.13311
0.0870904
0.124444
0.180881
0.148247
0.110866
0.197045
0.179727
0.21178
0.08528
0.155418
0.249855
0.205104
0.12926
0.128247
0.125106
0.14227
0.149071
0.185381
0.216927
0.166393
0.0790567
0.132273
0.162585
0.196232
0.186176
0.172111
0.11486
0.182623
0.175607
0.114617
0.142984
0.136828
0.163456
0.177635
0.139269
0.211054
0.0665321
0.179286
0.213878
0.161712
0.150303
0.126108
0.159652
0.114916
0.0840307
0.108284
0.149622
0.152409
0.157879
0.175135
0.115096
0.161468
0.142756
0.259022
0.145191
0.181343
0.204529
0.148795
0.1574
0.20593
0.127988
0.167427
0.12467
0.135264
0.0915052
0.160859
0.166943
0.175254
0.217056
0.200683
0.104958
0.141207
0.137813
0.225054
0.1375
0.135764
0.203826
0.18008
0.12599
0.131162
0.15773
0.172314
0.133338
0.152245
0.15817
0.134148
0.149814
0.146694
0.190979
0.172076
0.14282
0.165889
0.111669
0.172185
0.157958
0.197673
0.109457
0.215047
0.176256
0.170225
0.138017
0.15888
0.113336
0.162311
0.130876
0.246023
0.155524
0.154725
0.167922
0.153222
0.230376
0.210574
0.124616
0.100297
0.171606
0.0934443
0.162918
0.191947
0.218274
0.108382
0.21408
0.174461
0.162219
0.170437
0.152363
0.114563
0.124827
0.180046
0.19399
0.106483
0.182485
0.153483
0.105196
0.174497
0.195119
0.174914
0.148031
0.126436
0.115897
0.180088
0.171667
0.174322
0.173989
0.159606
0.138922
0.197475
0.204218
0.140408
0.0923404
0.18923
0.144717
0.143147
0.154858
0.180693
0.202976
0.139444
0.142647
0.178395
0.219112
0.139422
0.13197
0.159414
0.168712
0.24813
0.118235
0.183386
0.227164
0.114438
0.141097
0.0815793
0.195045
0.170324
0.178719
0.121535
0.206976
0.179551
0.142053
0.171191
0.142019
0.195877
0.147555
0.181278
0.198411
0.133791
0.206478
0.0993809
0.195493
0.236594
0.135223
0.179794
0.153681
0.203298
0.152247
0.126858
0.0924574
0.152102
0.116984
0.142319
0.152671
0.12071
0.138795
0.132035
0.125761
0.154877
0.135048
0.155523
0.129819
0.152081
0.134036
0.118056
0.124979
0.165282
0.180143
0.116755
0.140922
0.195379
0.127828
0.102414
0.176294
0.172357
0.115152
0.219371
0.123324
0.167682
0.162499
0.160343
0.151012
0.177583
0.111577
0.213271
0.148676
0.18203
0.20138
0.126598
0.134741
0.167364
0.153138
0.216855
0.098143
0.11623
0.208362
0.144121
0.169771
0.156293
0.171164
0.168282
0.124592
0.168177
0.132628
0.157964
0.12666
0.148584
0.146361
0.190175
0.147639
0.170477
0.144308
0.148338
0.214851
0.141318
0.132947
0.152242
0.156353
0.194298
0.140276
0.164602
0.164581
0.179088
0.0947531
0.111631
0.0978659
0.160293
0.145386
0.147868
0.148294
0.143829
0.122121
0.132676
0.128352
0.176874
0.187032
0.18338
0.161951
0.163137
0.118847
0.153756
0.199215
0.151364
0.117878
0.151483
0.139781
0.152782
0.14368
0.173983
0.191427
0.192268
0.171388
0.206409
0.132322
0.128647
0.174935
0.141661
0.213841
0.149267
0.108687
0.1204
0.106931
0.12367
0.109082
0.169657
0.177149
0.191035
0.129261
0.136887
0.138657
0.18011
0.133392
0.19662
0.158087
0.179889
0.147399
0.180707
0.161978
0.155381
0.144371
0.123822
0.100707
0.201898
0.105687
0.130075
0.218848
0.171637
0.199676
0.231277
0.167921
0.146288
0.163656
0.121458
0.177677
0.107075
0.159745
0.155371
0.158387
0.0973586
0.140881
0.164485
0.139553
0.160582
0.126387
0.171084
0.170064
0.162981
0.151659
0.149938
0.161289
0.240772
0.160314
0.142109
0.17156
0.186681
0.156781
0.228979
0.134147
0.181446
0.112453
0.156397
0.124548
0.131174
0.148552
0.109173
0.142669
0.16033
0.111727
0.161756
0.138317
0.172589
0.183547
0.104844
0.136746
0.164334
0.149967
0.17898
0.116283
0.181608
0.165684
0.153578
0.132132
0.130639
0.158399
0.139282
0.149825
0.15661
0.138518
0.151887
0.167808
0.128739
0.208539
0.161628
0.182768
0.118642
0.12857
0.138181
0.191028
0.198513
0.177111
0.203328
0.164305
0.132712
0.140669
0.201301
0.157356
0.191501
0.151329
0.235469
0.15774
0.123353
0.112688
0.131526
0.198952
0.186813
0.121997
0.11155
0.171581
0.23009
0.17338
0.156521
0.113461
0.104069
0.173937
0.202001
0.158672
0.11962
0.176507
0.133931
0.16163
0.16453
0.188261
0.19501
0.137929
0.184672
0.154143
0.225009
0.144525
0.160008
0.158326
0.203188
0.163204
0.195091
0.191972
0.130956
0.1303
0.131673
0.172166
0.22946
0.184791
0.190815
0.0917907
0.147478
0.177066
0.181884
0.151305
0.144528
0.14713
0.177262
0.198857
0.155791
0.13584
0.134352
0.118989
0.129819
0.191344
0.207745
0.221593
0.173627
0.22979
0.123921
0.174425
0.174222
0.120091
0.150579
0.137417
0.147998
0.161812
0.126445
0.198965
0.182927
0.119533
0.170889
0.159584
0.196782
0.122503
0.141971
0.12792
0.133066
0.156225
0.110175
0.155261
0.192103
0.185708
0.147057
0.159075
0.150832
0.0989449
0.117645
0.135694
0.14582
0.153679
0.183507
0.21169
0.119737
0.125456
0.151374
0.140882
0.119844
0.15498
0.204455
0.116624
0.199069
0.0964443
0.124661
0.135488
0.135959
0.118099
0.137879
0.111813
0.151515
0.2115
0.172925
0.158928
0.200061
0.158852
0.164588
0.170649
0.208682
0.18407
0.0943278
0.126467
0.133397
0.14091
0.148699
0.149227
0.200421
0.159712
0.144992
0.173295
0.11887
0.145882
0.151149
0.10054
0.158304
0.130953
0.0981578
0.160458
0.156348
0.102049
0.170236
0.196452
0.180327
0.219133
0.0994759
0.171899
0.169927
0.143369
0.156442
0.0711419
0.114387
0.175317
0.104653
0.178691
0.186415
0.181812
0.143215
0.177986
0.176452
0.184012
0.134995
0.129621
0.149339
0.11647
0.180278
0.112295
0.210246
0.164883
0.190328
0.197375
0.189946
0.171587
0.170178
0.0587653
0.146795
0.166822
0.138681
0.113325
0.123681
0.14127
0.227868
0.214764
0.137086
0.141052
0.144312
0.142455
0.220246
0.152682
0.14359
0.12143
0.142496
0.211066
0.221796
0.105658
0.14738
0.132511
0.158173
0.20416
0.130437
0.158906
0.166232
0.0676438
0.170142
0.14534
0.16965
0.137003
0.142065
0.189206
0.211123
0.148697
0.157532
0.172486
0.157927
0.127219
0.13027
0.0994235
0.232334
0.10604
0.137839
0.163506
0.127668
0.178967
0.175013
0.148217
0.151609
0.120622
0.141261
0.180569
0.201203
0.142381
0.149863
0.149778
0.113782
0.115269
0.182201
0.172277
0.17985
0.106008
0.199677
0.127693
0.157566
0.148507
0.127303
0.127205
0.160542
0.0633368
0.143186
0.0979824
0.250812
0.182288
0.155496
0.163607
0.189035
0.122259
0.133346
0.0987187
0.150928
0.0956071
0.122058
0.143456
0.098665
0.108085
0.136891
0.192813
0.136105
0.208548
0.132026
0.175855
0.132413
0.144809
0.187913
0.190339
0.220112
0.142387
0.121721
0.191289
0.205715
0.119722
0.197575
0.23655
0.132497
0.162783
0.149988
0.181256
0.147706
0.149641
0.167053
0.161587
0.128973
0.174436
0.16384
0.154391
0.20049
0.146974
0.0997844
0.127429
0.132784
0.109055
0.1343
0.150168
0.202192
0.11861
0.132782
0.128615
0.144811
0.179631
0.094
0.130056
0.137808
0.176645
0.195176
0.210897
0.246957
0.133433
0.166232
0.146568
0.218328
0.154557
0.192935
0.185553
0.152859
0.132658
0.145455
0.142882
0.148464
0.123817
0.141857
0.146788
0.154843
0.137125
0.150601
0.18143
0.184402
0.175895
0.205013
0.176238
0.128157
0.121496
0.160391
0.154709
0.177211
0.232736
0.228338
0.161106
0.192781
0.103249
0.0939459
0.122736
0.159002
0.114902
0.152878
0.183247
0.200228
0.132623
0.159581
0.142997
0.178802
0.123344
0.150831
0.149657
0.130264
0.241853
0.202859
0.191276
0.128362
0.146811
0.207044
0.209099
0.192797
0.153081
0.17715
0.194843
0.182378
0.0938726
0.130943
0.137368
0.165776
0.117918
0.218684
0.121388
0.210373
0.0919299
0.130154
0.237757
0.131785
0.0732976
0.111727
0.138456
0.167923
0.18136
0.157878
0.109562
0.203196
0.106661
0.151928
0.174121
0.170718
0.161332
0.256783
0.181113
0.118159
0.189842
0.185074
0.151676
0.140715
0.1186
0.149425
0.189296
0.192647
0.128412
0.161849
0.19034
0.16194
0.151031
0.200635
0.182934
0.224194
0.177942
0.183493
0.17154
0.158249
0.161655
0.175176
0.146936
0.143803
0.143137
0.106094
0.129934
0.144098
0.176038
0.180859
0.177523
0.0900601
0.167794
0.176774
0.0914502
0.22315
0.186844
0.130577
0.200832
0.132785
0.0871173
0.13718
0.1523
0.131579
0.0831517
0.0992005
0.105921
0.142778
0.185992
0.154729
0.143158
0.147139
0.1569
0.184769
0.188536
0.172023
0.116986
0.166857
0.126654
0.133863
0.217544
0.145931
0.176377
0.172834
0.102055
0.108545
0.154522
0.143057
0.18419
0.155405
0.214265
0.165558
0.165273
0.186731
0.156475
0.187652
0.15088
0.112022
0.103828
0.119755
0.159927
0.0980346
0.179845
0.170892
0.0973886
0.166
0.126157
0.149169
0.144721
0.158592
0.203492
0.154714
0.154244
0.121703
0.164389
0.204973
0.148109
0.168833
0.140903
0.0915103
0.141426
0.150303
0.22078
0.17038
0.128152
0.225196
0.192271
0.136931
0.0981799
0.155672
0.205199
0.160645
0.153211
0.19497
0.106365
0.206323
0.14195
0.237079
0.191877
0.171978
0.141871
0.206054
0.206172
0.155273
0.207188
0.133367
0.117195
0.137423
0.139302
0.169009
0.288863
0.177957
0.0831682
0.19021
0.187007
0.188678
0.172106
0.163975
0.130066
0.201454
0.162953
0.211841
0.15041
0.131658
0.103169
0.135354
0.151571
0.206059
0.154528
0.192764
0.148641
0.154073
0.118504
0.123434
0.157882
0.186834
0.085123
0.218662
0.158361
0.177846
0.144285
0.158593
0.190835
0.162615
0.098687
0.0983449
0.149759
0.18117
0.111909
0.181652
0.160014
0.154284
0.163773
0.162505
0.165258
0.163289
0.212363
0.151612
0.159148
0.159153
0.11234
0.185542
0.14248
0.139976
0.126618
0.228976
0.143753
0.256127
0.113751
0.11501
0.182607
0.172406
0.151234
0.220891
0.199068
0.131927
0.0824966
0.136736
0.140733
0.222757
0.0924375
0.143538
0.200972
0.192047
0.137056
0.172587
0.175986
0.223163
0.0666104
0.144499
0.123059
0.165228
0.133631
0.156221
0.164793
0.11229
0.139082
0.113722
0.125936
0.143635
0.103987
0.107734
0.129921
0.14678
0.142988
0.155327
0.17965
0.220165
0.128922
0.211948
0.151693
0.132749
0.136891
0.123648
0.112266
0.200617
0.146078
0.225458
0.135561
0.159559
0.129087
0.16269
0.121973
0.169128
0.134009
0.155765
0.203303
0.200239
0.148197
0.116161
0.162668
0.143232
0.180242
0.0978182
0.150177
0.217682
0.151436
0.148899
0.110906
0.161908
0.128966
0.148127
0.105718
0.164643
0.157005
0.193687
0.141035
0.115263
0.141126
0.140975
0.135414
0.160402
0.206331
0.11352
0.199866
0.119155
0.173934
0.222542
0.179555
0.123219
0.117922
0.165687
0.209085
0.173246
0.14491
0.080202
0.162385
0.160763
0.135316
0.144648
0.176822
0.178081
0.0909034
0.139636
0.12963
0.136473
0.126999
0.161322
0.171246
0.135491
0.108505
0.210864
0.13171
0.206622
0.116493
0.136438
0.124791
0.272294
0.0918853
0.181503
0.18009
0.182165
0.0969918
0.178522
0.142712
0.156137
0.123719
0.155089
0.188815
0.201318
0.166276
0.156603
0.205917
0.167618
0.101594
0.142214
0.232852
0.204345
0.14644
0.133798
0.135409
0.162804
0.106119
0.149175
0.197127
0.221695
0.192488
0.220418
0.241282
0.159089
0.1266
0.142287
0.140778
0.18562
0.190992
0.157612
0.16915
0.21088
0.15421
0.14642
0.141556
0.174826
0.156185
0.121115
0.101944
0.150781
0.143473
0.124163
0.122959
0.202138
0.147326
0.08652
0.134907
0.209428
0.178126
0.166815
0.160522
0.160951
0.108113
0.181381
0.173835
0.118318
0.125324
0.151043
0.159631
0.099409
0.101405
0.165084
0.16227
0.123127
0.135201
0.216368
0.158848
0.13571
0.0953217
0.190841
0.150522
0.126472
0.164358
0.173256
0.134022
0.146467
0.131915
0.142592
0.176157
0.156066
0.162562
0.168978
0.131971
0.15141
0.13896
0.138365
0.175807
0.145467
0.136115
0.158342
0.14772
0.199562
0.106482
0.156806
0.150982
0.15168
0.180099
0.161437
0.142683
0.121251
0.126647
0.203886
0.173804
0.150564
0.11658
0.156497
0.166377
0.140433
0.149459
0.227837
0.228441
0.137187
0.123533
0.112782
0.141905
0.18624
0.129121
0.150043
0.217891
0.144164
0.214281
0.223179
0.156122
0.131197
0.149055
0.100437
0.207014
0.178162
0.12053
0.109475
0.172442
0.186045
0.137926
0.170191
0.182835
0.108692
0.209914
0.223914
0.173176
0.165695
0.105047
0.170773
0.198561
0.151039
0.14835
0.116937
0.112149
0.192642
0.115467
0.137765
0.125964
0.136055
0.110459
0.191808
0.213254
0.192633
0.206787
0.176361
0.153737
0.123285
0.13877
0.239593
0.130327
0.196537
0.122274
0.140523
0.126912
0.0846126
0.117596
0.166917
0.174698
0.162552
0.203842
0.177686
0.16073
0.24747
0.138338
0.13411
0.131977
0.136972
0.172214
0.12528
0.146399
0.142201
0.115554
0.186813
0.131723
0.127641
0.102541
0.187097
0.228097
0.170761
0.112165
0.119651
0.182234
0.189568
0.112403
0.161556
0.209069
0.154985
0.172461
0.10139
0.109513
0.118992
0.139151
0.118097
0.110545
0.138807
0.147155
0.151943
0.204226
0.209058
0.156613
0.216678
0.133373
0.183019
0.198774
0.183466
0.155609
0.196255
0.131139
0.135865
0.102365
0.115358
0.147937
0.105753
0.154924
0.204496
0.131579
0.123821
0.208712
0.170228
0.148926
0.0910172
0.141298
0.16082
0.168707
0.163356
0.196539
0.19731
0.151439
0.177734
0.178571
0.121558
0.170953
0.212144
0.201122
0.137301
0.205177
0.150361
0.174585
0.12334
0.123373
0.148121
0.142722
0.147826
0.0999155
0.172786
0.164889
0.166139
0.086606
0.182012
0.18168
0.209327
0.12399
0.143747
0.145921
0.12869
0.135785
0.244465
0.148103
0.14054
0.106646
0.175669
0.162597
0.114328
0.168411
0.15232
0.21837
0.218943
0.0985601
0.151594
0.178868
0.135162
0.172481
0.176627
0.197969
0.138199
0.131287
0.199175
0.221894
0.187849
0.130424
0.153016
0.120419
0.142978
0.132463
0.146434
0.130187
0.189439
0.154972
0.117346
0.155004
0.146394
0.178245
0.128464
0.139548
0.210057
0.166729
0.191253
0.143718
0.143703
0.154526
0.150418
0.208963
0.155438
0.125115
0.183647
0.113409
0.155083
0.149418
0.19715
0.153467
0.160495
0.109463
0.164045
0.236019
0.162933
0.131424
0.152543
0.104659
0.143828
0.104362
0.144284
0.179757
0.178584
0.195621
0.140494
0.177579
0.143358
0.127013
0.15059
0.152056
0.182687
0.144176
0.177376
0.229842
0.223376
0.128784
0.109896
0.150652
0.129515
0.186845
0.175259
0.195347
0.190426
0.163678
0.201417
0.162317
0.13241
0.176042
0.122399
0.213719
0.123131
0.147253
0.155748
0.177577
0.15875
0.109279
0.240181
0.215322
0.156266
0.169083
0.172278
0.178577
0.201023
0.210936
0.170533
0.143171
0.17073
0.100781
0.290518
0.154688
0.163995
0.155834
0.146324
0.110405
0.0834906
0.159596
0.119242
0.155813
0.192506
0.186108
0.154516
0.170429
0.198709
0.161007
0.173859
0.137124
0.158338
0.0776809
0.102841
0.200782
0.145671
0.160912
0.207657
0.174542
0.153779
0.169627
0.119898
0.113546
0.0861172
0.0998022
0.143944
0.143102
0.130646
0.128411
0.190998
0.14812
0.114724
0.0867495
0.191556
0.169813
0.144448
0.122246
0.198559
0.141709
0.140806
0.132768
0.160662
0.17645
0.143352
0.147248
0.143055
0.201075
0.205245
0.168521
0.172246
0.155285
0.195159
0.163177
0.177085
0.250805
0.131624
0.11664
0.195733
0.161323
0.137008
0.153307
0.118481
0.147979
0.155503
0.0932519
0.124521
0.130148
0.187116
0.10943
0.192419
0.118587
0.190799
0.130743
0.166346
0.224646
0.180625
0.152211
0.0994
0.163894
0.125294
0.182008
0.168122
0.158402
0.146711
0.230345
0.118525
0.209377
0.224046
0.232191
0.175129
0.170757
0.191533
0.128586
0.134278
0.18242
0.209496
0.120523
0.154067
0.158079
0.131596
0.118134
0.113948
0.141652
0.156448
0.129895
0.204675
0.128644
0.0962796
0.186231
0.141301
0.153543
0.216073
0.111441
0.160477
0.120973
0.161277
0.122413
0.189687
0.143593
0.113925
0.118857
0.189997
0.161789
0.212912
0.10801
0.171523
0.194713
0.165367
0.0953503
0.133351
0.199766
0.166961
0.125205
0.103741
0.160295
0.122014
0.095652
0.166459
0.133592
0.154473
0.199589
0.11305
0.157395
0.148438
0.191364
0.170985
0.111503
0.137738
0.151553
0.149253
0.176412
0.172666
0.105443
0.123818
0.172581
0.115035
0.190148
0.139095
0.151876
0.156304
0.171607
0.16769
0.212053
0.222743
0.192519
0.195429
0.202223
0.139391
0.131308
0.173432
0.191638
0.127424
0.127663
0.146561
0.157635
0.144268
0.129087
0.179796
0.0837417
0.0910622
0.16174
0.151302
0.156388
0.139701
0.148329
0.121963
0.136994
0.20446
0.18285
0.145532
0.13322
0.148638
0.175105
0.185656
0.159604
0.155141
0.147765
0.0974857
0.195411
0.206611
0.173385
0.167332
0.160834
0.212018
0.179645
0.114529
0.144905
0.211078
0.112494
0.205657
0.15738
0.157122
0.172993
0.137405
0.155903
0.157339
0.189261
0.165283
0.113798
0.232805
0.156903
0.19187
0.157289
0.148204
0.1482
0.210166
0.153958
0.162003
0.0862362
0.154195
0.209018
0.165755
0.149004
0.137174
0.189627
0.201879
0.182342
0.120649
0.174065
0.187056
0.15352
0.166501
0.191522
0.168549
0.125472
0.211496
0.155521
0.145401
0.191165
0.151457
0.112773
0.117061
0.150535
0.192258
0.19663
0.161194
0.158341
0.219511
0.211442
0.152011
0.124315
0.100577
0.193305
0.185549
0.149565
0.205363
0.153985
0.16231
0.156525
0.179967
0.206721
0.158731
0.156685
0.127948
0.121849
0.0852185
0.130482
0.166587
0.267159
0.2844
0.13627
0.173542
0.1807
0.192047
0.192089
0.163438
0.162172
0.213182
0.160183
0.105417
0.108212
0.143126
0.135284
0.15844
0.141902
0.154139
0.228553
0.14839
0.154627
0.151771
0.102366
0.207861
0.0952873
0.155183
0.113301
0.17359
0.211316
0.129493
0.130035
0.113742
0.142995
0.093831
0.108312
0.104713
0.161914
0.143111
0.138874
0.145122
0.196871
0.162074
0.150298
0.113392
0.120494
0.221919
0.169211
0.154209
0.175699
0.208107
0.206346
0.18219
0.197457
0.169485
0.136062
0.161039
0.200166
0.112429
0.198489
0.160715
0.100529
0.191219
0.170244
0.178605
0.1698
0.141477
0.113464
0.197111
0.145575
0.14532
0.187022
0.149649
0.18487
0.149777
0.156801
0.186974
0.225189
0.23243
0.17037
0.156716
0.207326
0.15732
0.123854
0.18895
0.195288
0.141532
0.16307
0.164843
0.153844
0.159248
0.11752
0.179683
0.194716
0.128578
0.12166
0.152204
0.103184
0.14942
0.123377
0.226294
0.160837
0.165963
0.199528
0.122959
0.160925
0.183022
0.173754
0.172445
0.0847841
0.100318
0.111651
0.150168
0.132643
0.138846
0.147133
0.152454
0.194217
0.166798
0.0739108
0.169493
0.183847
0.0713617
0.137303
0.145272
0.157878
0.199757
0.119313
0.218954
0.223571
0.173299
0.21621
0.166961
0.154915
0.147596
0.153795
0.176715
0.190961
0.155587
0.12575
0.15679
0.192738
0.232968
0.115066
0.139305
0.189767
0.251231
0.0930084
0.172239
0.201701
0.151414
0.161246
0.156577
0.22046
0.125652
0.148495
0.189338
0.109161
0.133626
0.170964
0.164685
0.145672
0.116746
0.146824
0.115829
0.209578
0.203684
0.154616
0.140251
0.156235
0.152667
0.141306
0.108493
0.18726
0.137214
0.122711
0.191099
0.106894
0.0835218
0.154268
0.131806
0.148342
0.200733
0.186833
0.158931
0.125116
0.141422
0.155123
0.137891
0.138083
0.136371
0.174101
0.153646
0.146353
0.16877
0.113757
0.19375
0.156426
0.162536
0.0903643
0.115658
0.140887
0.180331
0.114436
0.171619
0.15376
0.1305
0.168925
0.193983
0.158707
0.172716
0.150408
0.176489
0.174628
0.115342
0.105533
0.171396
0.141351
0.109948
0.102166
0.133908
0.130161
0.146923
0.123518
0.189724
0.176901
0.225729
0.142789
0.196799
0.213774
0.181987
0.108984
0.117109
0.136567
0.187617
0.0839343
0.147148
0.110501
0.174983
0.199378
0.158582
0.17015
0.199841
0.119102
0.16078
0.155241
0.163742
0.121882
0.165678
0.161406
0.1143
0.105394
0.174372
0.168747
0.177676
0.132825
0.167646
0.121382
0.175445
0.166641
0.206388
0.141982
0.166772
0.108023
0.195943
0.181694
0.160364
0.187467
0.151782
0.182727
0.146164
0.138704
0.131236
0.134726
0.155299
0.158504
0.122626
0.178544
0.139998
0.142804
0.171538
0.181578
0.184821
0.159053
0.119132
0.133914
0.20431
0.179196
0.106764
0.114188
0.142092
0.195201
0.169964
0.154592
0.184872
0.125047
0.135127
0.122884
0.131603
0.166195
0.199722
0.148657
0.125897
0.212241
0.111982
0.133949
0.140012
0.137461
0.150814
0.178868
0.171072
0.118724
0.138346
0.137052
0.161721
0.129204
0.136872
0.156257
0.1636
0.154186
0.174527
0.165124
0.195382
0.1557
0.17221
0.151766
0.18954
0.133415
0.153096
0.143916
0.112577
0.0821119
0.182641
0.146823
0.133977
0.137561
0.197737
0.130901
0.139486
0.143966
0.132939
0.202689
0.175734
0.123829
0.153427
0.1713
0.187852
0.103158
0.173549
0.127868
0.197189
0.163981
0.1385
0.14275
0.182585
0.132637
0.131219
0.210858
0.227653
0.161357
0.173624
0.132728
0.130802
0.138567
0.105243
0.117666
0.141348
0.15178
0.14315
0.118733
0.18828
0.0971493
0.194902
0.138984
0.164342
0.135158
0.132473
0.180849
0.193269
0.213629
0.16896
0.199637
0.157036
0.119816
0.145156
0.186042
0.151193
0.136898
0.167053
0.168797
0.129675
0.149975
0.0795235
0.176779
0.125641
0.131274
0.103169
0.127725
0.178534
0.154195
0.150765
0.113827
0.165778
0.115392
0.152017
0.201063
0.186337
0.149965
0.166545
0.169723
0.148494
0.129504
0.111252
0.167781
0.19864
0.201756
0.174139
0.162055
0.177618
0.13232
0.145168
0.167883
0.104307
0.117793
0.121607
0.18844
0.17573
0.153801
0.166596
0.13007
0.150881
0.145615
0.154201
0.148288
0.138089
0.223038
0.172855
0.138483
0.13741
0.126045
0.117911
0.127312
0.123684
0.159268
0.127927
0.10891
0.151906
0.179967
0.126905
0.155614
0.161967
0.151638
0.160121
0.152289
0.123308
0.105385
0.162275
0.158791
0.0987135
0.118066
0.175763
0.164935
0.170252
0.173376
0.1539
0.141179
0.180693
0.104483
0.165271
0.127042
0.120532
0.149652
0.163308
0.186525
0.139241
0.15028
0.169093
0.184014
0.190184
0.138667
0.136201
0.190164
0.136597
0.126558
0.129113
0.135807
0.171394
0.14837
0.133095
0.15622
0.154357
0.128908
0.238085
0.163302
0.125928
0.158833
0.144586
0.114311
0.167359
0.141989
0.139806
0.182305
0.205468
0.130828
0.123397
0.147469
0.234954
0.067878
0.156393
0.15486
0.168699
0.136937
0.197554
0.178292
0.143289
0.103665
0.143978
0.142947
0.184948
0.124276
0.115441
0.155191
0.167965
0.184417
0.19955
0.148215
0.136769
0.131486
0.17065
0.166963
0.197787
0.112619
0.225422
0.225454
0.231416
0.172301
0.193491
0.130197
0.14395
0.140796
0.165586
0.188188
0.162012
0.106671
0.240616
0.158685
0.189875
0.119812
0.158371
0.152437
0.143976
0.169107
0.154319
0.199252
0.197317
0.113941
0.181169
0.183311
0.235082
0.131178
0.0935033
0.18208
0.16991
0.257287
0.152837
0.20517
0.178321
0.127486
0.177737
0.169121
0.187035
0.184386
0.227215
0.204406
0.172879
0.0945083
0.130499
0.230966
0.154469
0.125385
0.225253
0.15998
0.103063
0.0634806
0.126043
0.134887
0.147797
0.115201
0.181751
0.156664
0.244063
0.147104
0.163393
0.104224
0.130777
0.147335
0.210044
0.126496
0.131529
0.147509
0.13177
0.11454
0.180896
0.132893
0.165983
0.143647
0.243089
0.167459
0.177659
0.221927
0.205458
0.2026
0.158624
0.166161
0.1591
0.161744
0.156878
0.197047
0.139962
0.0926025
0.181143
0.14844
0.203701
0.168824
0.135688
0.206776
0.15274
0.121058
0.156961
0.11428
0.190315
0.104409
0.149638
0.152117
0.148228
0.103189
0.172592
0.165914
0.130998
0.112559
0.129117
0.118325
0.0945648
0.110698
0.146905
0.0741293
0.0841566
0.235234
0.16225
0.157964
0.11728
0.193202
0.19822
0.111054
0.0966302
0.127647
0.135104
0.155456
0.184339
0.0619314
0.125056
0.142833
0.215316
0.236967
0.117692
0.16445
0.108857
0.175579
0.152362
0.159527
0.178598
0.0806067
0.191892
0.164526
0.130064
0.125892
0.139607
0.146345
0.183358
0.166225
0.210528
0.161138
0.164606
0.147451
0.105302
0.0890231
0.160262
0.17994
0.176784
0.172431
0.183387
0.0944365
0.109604
0.158264
0.154003
0.176739
0.141108
0.175363
0.200501
0.222486
0.115203
0.138332
0.177565
0.0910915
0.207914
0.142137
0.15289
0.172379
0.182854
0.154435
0.130306
0.193569
0.211701
0.10956
0.169102
0.105256
0.129654
0.140716
0.189686
0.164448
0.132968
0.163319
0.191669
0.178806
0.188469
0.212769
0.178004
0.19502
0.127952
0.133702
0.17088
0.217003
0.173216
0.183696
0.128055
0.12892
0.125585
0.175276
0.119523
0.0970035
0.158879
0.110568
0.182959
0.158399
0.172229
0.195522
0.14762
0.113271
0.181213
0.160962
0.205141
0.160648
0.177981
0.151354
0.191904
0.141153
0.160438
0.0944905
0.14825
0.0856464
0.143754
0.138929
0.122914
0.1287
0.120752
0.108107
0.189281
0.110241
0.143841
0.14966
0.220803
0.143169
0.193157
0.129034
0.185359
0.134482
0.168261
0.116914
0.136901
0.113825
0.184256
0.197497
0.211972
0.147439
0.155101
0.180935
0.193466
0.15531
0.125443
0.137109
0.154405
0.163966
0.176561
0.253622
0.0843613
0.140026
0.171737
0.198976
0.161961
0.109343
0.144063
0.157861
0.146549
0.157886
0.18165
0.117005
0.117036
0.138434
0.161483
0.12053
0.124085
0.124217
0.19988
0.146807
0.121386
0.101811
0.193284
0.166857
0.154359
0.191142
0.165875
0.158752
0.129223
0.127925
0.151427
0.156215
0.193766
0.172989
0.178183
0.141718
0.228718
0.143079
0.171226
0.188785
0.169226
0.177194
0.135573
0.169999
0.216079
0.183087
0.149973
0.140745
0.178734
0.199457
0.204346
0.235004
0.140174
0.20447
0.163423
0.140791
0.184385
0.105211
0.171031
0.182171
0.151009
0.139779
0.113231
0.117979
0.157522
0.167083
0.17087
0.108041
0.230193
0.176975
0.219138
0.115708
0.163338
0.125007
0.101005
0.150575
0.135307
0.0906232
0.107398
0.137012
0.171138
0.186589
0.209702
0.146315
0.148011
0.144768
0.168974
0.156184
0.177494
0.13922
0.122716
0.234195
0.144105
0.165694
0.121585
0.134074
0.150024
0.110809
0.134372
0.147186
0.174827
0.183707
0.132728
0.150722
0.170279
0.0647573
0.0716357
0.16581
0.132526
0.155544
0.124865
0.122625
0.165991
0.155066
0.12161
0.121417
0.136823
0.138416
0.142717
0.17926
0.166432
0.1187
0.106362
0.12316
0.112678
0.223673
0.127712
0.118985
0.145524
0.113752
0.117186
0.102951
0.18549
0.163095
0.201735
0.148891
0.107257
0.10988
0.167695
0.235032
0.137736
0.183033
0.195212
0.159373
0.135687
0.200644
0.196818
0.147619
0.19347
0.131597
0.166181
0.108624
0.148972
0.123557
0.155986
0.161399
0.103761
0.132143
0.1448
0.083154
0.129382
0.0916047
0.234287
0.167957
0.150888
0.167906
0.107745
0.15578
0.177135
0.12429
0.183395
0.177859
0.173108
0.198822
0.160498
0.226384
0.151203
0.181751
0.182338
0.167191
0.147664
0.153557
0.204772
0.213811
0.178663
0.181443
0.145579
0.181889
0.102383
0.132112
0.122708
0.134382
0.223767
0.198336
0.153557
0.146625
0.11331
0.178146
0.158108
0.0884387
0.111407
0.119328
0.164503
0.11701
0.0926863
0.135376
0.233452
0.2205
0.216076
0.164315
0.164335
0.151426
0.155689
0.151821
0.196241
0.184391
0.177481
0.0844927
0.142666
0.158909
0.268217
0.13896
0.206623
0.174184
0.102809
0.18588
0.200137
0.200138
0.173191
0.156239
0.160416
0.107439
0.190318
0.220367
0.154094
0.107972
0.164243
0.120852
0.167198
0.135773
0.107096
0.187971
0.187525
0.154921
0.0941082
0.120851
0.156253
0.162866
0.117999
0.120545
0.200906
0.179581
0.174758
0.151273
0.183361
0.178297
0.147752
0.0816138
0.131191
0.202618
0.203199
0.0854832
0.183029
0.148011
0.170166
0.16487
0.113792
0.151272
0.188904
0.142622
0.17957
0.110659
0.122508
0.120158
0.148521
0.133424
0.129281
0.186875
0.157259
0.152547
0.131121
0.17443
0.128672
0.162948
0.173773
0.105798
0.163801
0.112066
0.133673
0.0665064
0.162237
0.17298
0.167491
0.124426
0.111092
0.272565
0.235302
0.100362
0.15226
0.147085
0.194447
0.117982
0.154129
0.168089
0.15596
0.119493
0.131781
0.158768
0.140641
0.159613
0.174632
0.19684
0.231255
0.174909
0.145363
0.17584
0.189157
0.158622
0.190252
0.204778
0.124095
0.159293
0.151549
0.1932
0.154237
0.130778
0.164246
0.168246
0.131823
0.139552
0.167797
0.122834
0.10461
0.12675
0.157398
0.219834
0.217674
0.185539
0.0955445
0.128947
0.156766
0.112334
0.183327
0.107927
0.168738
0.217675
0.0884161
0.0949681
0.164629
0.160455
0.139259
0.156988
0.154085
0.0997201
0.134837
0.110747
0.133577
0.168843
0.171988
0.138648
0.142612
0.166936
0.178897
0.212522
0.166621
0.126234
0.132903
0.142822
0.125766
0.138915
0.130814
0.24567
0.139597
0.162083
0.180793
0.152455
0.0697223
0.0863959
0.139566
0.206638
0.168696
0.132862
0.136659
0.144651
0.150785
0.152411
0.196953
0.185918
0.163403
0.12063
0.14859
0.202489
0.157848
0.199513
0.160813
0.191538
0.13392
0.173116
0.118834
0.171187
0.161343
0.114022
0.145978
0.154572
0.14456
0.0986678
0.188489
0.162506
0.170844
0.16024
0.236378
0.150601
0.169082
0.202297
0.172655
0.156517
0.164306
0.182084
0.196033
0.188531
0.156962
0.105742
0.166874
0.121758
0.179759
0.132004
0.173019
0.175613
0.18795
0.180546
0.163122
0.1345
0.143314
0.168925
0.182342
0.182523
0.200178
0.205061
0.146504
0.139567
0.175944
0.100142
0.175683
0.206184
0.171984
0.196088
0.191119
0.1751
0.198145
0.180143
0.0842872
0.153543
0.106992
0.128859
0.198403
0.140872
0.168639
0.150846
0.134747
0.166025
0.128904
0.16849
0.113736
0.173489
0.13606
0.115363
0.152808
0.210041
0.160985
0.0869345
0.176209
0.129739
0.228781
0.175011
0.216121
0.235722
0.202621
0.168666
0.147272
0.17915
0.153803
0.128165
0.181672
0.167145
0.185793
0.094231
0.158783
0.115491
0.137461
0.149068
0.181309
0.218126
0.15565
0.222386
0.152375
0.166509
0.11565
0.143089
0.18826
0.232394
0.116168
0.100324
0.155056
0.250292
0.17261
0.121112
0.16384
0.186456
0.127822
0.150111
0.208009
0.156393
0.153889
0.197399
0.195612
0.220818
0.154693
0.127291
0.254579
0.122541
0.0976545
0.0992859
0.112359
0.142817
0.10298
0.127694
0.118741
0.13697
0.211821
0.13625
0.0919956
0.132072
0.106333
0.171576
0.161971
0.184754
0.16857
0.147312
0.16028
0.188422
0.166426
0.182604
0.134537
0.0912879
0.147862
0.091604
0.14305
0.165305
0.144092
0.150917
0.177846
0.110764
0.176362
0.183889
0.14842
0.14719
0.1685
0.151972
0.163898
0.15396
0.190894
0.166488
0.149678
0.170831
0.191232
0.13609
0.221994
0.158478
0.144445
0.116473
0.114118
0.222631
0.244673
0.123086
0.142199
0.131075
0.158237
0.145603
0.188034
0.256097
0.182704
0.109208
0.135838
0.16801
0.209769
0.144277
0.181738
0.223448
0.133071
0.0414427
0.127915
0.194271
0.115045
0.121299
0.171288
0.186027
0.161138
0.135206
0.186063
0.146273
0.120796
0.112556
0.14895
0.160753
0.132577
0.120352
0.117935
0.202935
0.114916
0.1864
0.164032
0.213365
0.235994
0.112023
0.155178
0.198342
0.14384
0.136443
0.141227
0.177478
0.156018
0.18922
0.179728
0.136559
0.109465
0.138207
0.159755
0.198388
0.166033
0.157998
0.134738
0.109606
0.16089
0.140418
0.114764
0.238433
0.146214
0.175004
0.16987
0.253286
0.2235
0.119784
0.161944
0.165221
0.156189
0.197181
0.191648
0.201199
0.169595
0.097981
0.160661
0.182618
0.161743
0.163643
0.146459
0.150128
0.212748
0.13918
0.149971
0.165155
0.185287
0.21415
0.213681
0.183536
0.125479
0.168383
0.13293
0.173971
0.162315
0.188573
0.169442
0.173049
0.140598
0.141354
0.188442
0.179083
0.233269
0.0984278
0.161175
0.17371
0.246343
0.220143
0.157202
0.210731
0.204896
0.125881
0.137201
0.173242
0.234762
0.116741
0.182718
0.21085
0.194613
0.195499
0.207117
0.183372
0.141292
0.0836954
0.158659
0.180634
0.1261
0.155856
0.127053
0.159596
0.181123
0.118088
0.111087
0.160151
0.164732
0.168847
0.207438
0.15217
0.184022
0.126918
0.194248
0.203285
0.154965
0.127831
0.100622
0.183197
0.164791
0.0957704
0.0990628
0.213058
0.0965717
0.139373
0.179224
0.123383
0.193222
0.202789
0.185296
0.139021
0.150738
0.174039
0.129118
0.148277
0.169261
0.128448
0.143757
0.183595
0.215519
0.192727
0.143092
0.162123
0.183908
0.187873
0.100723
0.197567
0.152413
0.153711
0.195732
0.1712
0.207711
0.143868
0.194756
0.151961
0.130409
0.102793
0.190416
0.188044
0.182376
0.109904
0.147481
0.185672
0.147738
0.149816
0.164272
0.128666
0.168915
0.170375
0.187135
0.155816
0.155035
0.161543
0.139698
0.193075
0.221879
0.147001
0.16637
0.103917
0.133583
0.115465
0.177552
0.164876
0.0892871
0.109039
0.23124
0.178881
0.173011
0.189734
0.108211
0.208901
0.223984
0.154358
0.180574
0.145949
0.188428
0.178396
0.123134
0.145473
0.166011
0.0807165
0.141554
0.170466
0.155618
0.151473
0.23753
0.146745
0.153289
0.147841
0.200716
0.209714
0.179544
0.119057
0.18495
0.170404
0.16571
0.182698
0.146906
0.146144
0.11973
0.132316
0.119808
0.150093
0.166438
0.0912624
0.17359
0.165002
0.15347
0.173681
0.147069
0.11394
0.192908
0.143364
0.152271
0.176709
0.144119
0.147608
0.195783
0.161363
0.177595
0.188278
0.114539
0.145147
0.156058
0.185722
0.167907
0.235014
0.165252
0.13735
0.168959
0.173664
0.197062
0.156299
0.161448
0.13125
0.14713
0.103302
0.12124
0.0981318
0.128308
0.144569
0.165392
0.176681
0.11809
0.138443
0.162894
0.204641
0.135202
0.158909
0.211335
0.175114
0.14525
0.184955
0.174339
0.195482
0.192278
0.12774
0.128618
0.155891
0.131579
0.124231
0.157408
0.109381
0.160101
0.153766
0.17083
0.208207
0.14241
0.13394
0.186363
0.124273
0.178097
0.149951
0.108186
0.226679
0.247976
0.157501
0.15158
0.144724
0.159578
0.109421
0.175043
0.149467
0.194383
0.140811
0.166554
0.17786
0.185417
0.146805
0.141453
0.1468
0.185971
0.169848
0.172045
0.173389
0.156572
0.106476
0.232897
0.126027
0.158747
0.182245
0.189409
0.153364
0.142572
0.116295
0.119199
0.102272
0.139881
0.148539
0.18079
0.149009
0.159419
0.10555
0.140959
0.164493
0.172108
0.127732
0.105887
0.206602
0.197417
0.166327
0.115386
0.171604
0.203719
0.175942
0.160103
0.12738
0.136118
0.155637
0.151178
0.185056
0.201276
0.171052
0.255984
0.141419
0.131194
0.160664
0.229749
0.280404
0.15164
0.17837
0.146354
0.131344
0.148894
0.156474
0.143212
0.123002
0.0972977
0.127509
0.170574
0.169312
0.177507
0.0724948
0.166624
0.215897
0.13621
0.185628
0.174098
0.138419
0.151892
0.182543
0.204229
0.166002
0.218218
0.118948
0.203052
0.146699
0.218734
0.183518
0.197727
0.187182
0.160404
0.139508
0.182964
0.11539
0.207323
0.18454
0.146396
0.138022
0.173996
0.0807759
0.147668
0.126321
0.156077
0.186624
0.168107
0.13932
0.113009
0.14939
0.117335
0.110138
0.127248
0.14797
0.134925
0.101293
0.151359
0.114357
0.199017
0.130116
0.134957
0.20704
0.147831
0.266124
0.165248
0.20705
0.187982
0.153195
0.15454
0.180457
0.167168
0.147039
0.145606
0.10881
0.197096
0.293473
0.175721
0.106151
0.17912
0.145799
0.148498
0.126647
0.123342
0.169242
0.139715
0.150563
0.160061
0.141396
0.142855
0.143279
0.202785
0.144505
0.117826
0.145454
0.170746
0.137332
0.135011
0.15319
0.158776
0.148443
0.177082
0.0986362
0.141296
0.212433
0.158403
0.181566
0.153423
0.201964
0.174044
0.160206
0.150149
0.121035
0.139153
0.123382
0.130251
0.185688
0.162399
0.159208
0.170766
0.109721
0.116703
0.144425
0.197433
0.138308
0.170089
0.0992609
0.156742
0.19857
0.14454
0.185769
0.187445
0.083982
0.161341
0.121537
0.164669
0.119342
0.205334
0.158786
0.149727
0.153647
0.217072
0.119004
0.191717
0.134894
0.130742
0.137412
0.155228
0.134111
0.192313
0.108238
0.169205
0.222139
0.163477
0.108294
0.161028
0.180449
0.160267
0.226935
0.194404
0.165128
0.198781
0.107097
0.204625
0.169284
0.114858
0.179257
0.145975
0.195373
0.184679
0.151042
0.130276
0.189165
0.184498
0.134023
0.141543
0.178602
0.206417
0.121358
0.233147
0.171471
0.165686
0.16287
0.210691
0.153068
0.102229
0.1621
0.203112
0.1521
0.13452
0.109227
0.133448
0.197286
0.117853
0.140749
0.122327
0.25028
0.123848
0.131081
0.137921
0.154883
0.171777
0.104374
0.209119
0.17058
0.193503
0.233924
0.130467
0.186688
0.107075
0.107473
0.11951
0.192282
0.174534
0.117653
0.11791
0.121334
0.147757
0.128771
0.157886
0.125587
0.249967
0.191292
0.133745
0.135933
0.130337
0.158154
0.134098
0.126254
0.155952
0.146348
0.0880581
0.191308
0.171269
0.147668
0.173162
0.157786
0.164391
0.203452
0.201719
0.205585
0.117918
0.136082
0.113875
0.143455
0.115556
0.156724
0.0674748
0.155697
0.182983
0.185619
0.191021
0.200149
0.149024
0.108729
0.130797
0.173399
0.178616
0.144995
0.181055
0.123504
0.207226
0.123873
0.195323
0.185145
0.165723
0.147871
0.191624
0.174816
0.145267
0.139863
0.216135
0.109379
0.169138
0.141705
0.213856
0.14458
0.153604
0.123954
0.185717
0.211675
0.24325
0.161927
0.155326
0.12742
0.166218
0.162087
0.152887
0.134804
0.164299
0.185774
0.240326
0.209028
0.108269
0.15311
0.117671
0.163096
0.100264
0.158197
0.160814
0.177206
0.178404
0.141284
0.121915
0.176018
0.13691
0.0991984
0.141399
0.126447
0.122753
0.188884
0.136847
0.156016
0.105618
0.182875
0.150882
0.141598
0.169973
0.192081
0.133311
0.110853
0.190842
0.121865
0.120276
0.122148
0.173464
0.130691
0.109944
0.107477
0.13249
0.106334
0.145959
0.187018
0.141501
0.121641
0.203876
0.156812
0.134033
0.117139
0.147177
0.23172
0.142013
0.116062
0.135438
0.140709
0.122326
0.142154
0.167413
0.121131
0.168698
0.137427
0.12846
0.164701
0.179002
0.119755
0.121824
0.178302
0.185508
0.191496
0.135641
0.157873
0.266613
0.169235
0.186146
0.196705
0.172974
0.166711
0.134206
0.170076
0.169694
0.163519
0.106554
0.125047
0.163864
0.238918
0.137812
0.160057
0.122538
0.199242
0.1672
0.180202
0.158215
0.168893
0.135225
0.134783
0.128983
0.183792
0.180574
0.159769
0.184696
0.108358
0.208309
0.206355
0.158048
0.124291
0.176227
0.137303
0.129835
0.138739
0.0883129
0.107264
0.18326
0.126353
0.201895
0.166658
0.138835
0.0676719
0.150106
0.212511
0.107757
0.143773
0.144067
0.180216
0.138546
0.088519
0.150584
0.175248
0.19225
0.147212
0.148601
0.0970028
0.167599
0.170399
0.137254
0.113402
0.250822
0.0918596
0.223407
0.148544
0.115678
0.19561
0.173157
0.192662
0.214208
0.179505
0.176073
0.158098
0.194481
0.0993704
0.175746
0.204633
0.128263
0.143222
0.127664
0.178262
0.149664
0.119393
0.198834
0.209831
0.14732
0.151823
0.128673
0.116899
0.191434
0.146966
0.139844
0.178668
0.128658
0.138005
0.177337
0.186442
0.0947994
0.206045
0.125495
0.205555
0.174793
0.183796
0.166886
0.103058
0.14042
0.178063
0.135993
0.15649
0.147753
0.178514
0.185449
0.183891
0.180043
0.154954
0.112663
0.129386
0.107375
0.211272
0.159826
0.091169
0.180797
0.0958151
0.160997
0.214312
0.147689
0.119072
0.167159
0.122619
0.138048
0.124584
0.18256
0.132628
0.111069
0.182702
0.182154
0.145184
0.116372
0.2132
0.156581
0.212179
0.153116
0.151505
0.172715
0.133512
0.174745
0.0657348
0.191982
0.178567
0.151603
0.132125
0.135736
0.134055
0.129502
0.2399
0.150607
0.191026
0.246389
0.132133
0.0835276
0.147767
0.17382
0.134198
0.14867
0.184657
0.15159
0.152475
0.100776
0.125805
0.102619
0.155783
0.225625
0.148589
0.177093
0.130669
0.123304
0.175941
0.120081
0.188764
0.146553
0.158524
0.113411
0.150208
0.188611
0.172642
0.115479
0.116835
0.146167
0.140823
0.211157
0.136687
0.184651
0.165184
0.151419
0.152096
0.131394
0.151204
0.15047
0.0646245
0.149613
0.132174
0.103786
0.116543
0.15567
0.155888
0.145799
0.0790721
0.139365
0.158099
0.163332
0.158296
0.11008
0.1876
0.200847
0.133935
0.13448
0.152823
0.153258
0.170408
0.225741
0.129315
0.153921
0.175076
0.134233
0.103579
0.168324
0.175992
0.124062
0.146342
0.117724
0.137114
0.148961
0.166037
0.126966
0.139017
0.149115
0.211306
0.165418
0.150546
0.164616
0.174761
0.143018
0.137369
0.107835
0.122306
0.145725
0.228005
0.165502
0.120994
0.159227
0.103839
0.14888
0.107423
0.119663
0.133733
0.194431
0.149078
0.170434
0.109922
0.121613
0.154119
0.17957
0.148688
0.134913
0.165954
0.125216
0.102931
0.140234
0.12721
0.140614
0.091238
0.205725
0.127949
0.215573
0.193884
0.149805
0.142896
0.225254
0.134526
0.179599
0.215859
0.182877
0.119153
0.204829
0.108094
0.12712
0.0949242
0.103233
0.137425
0.126265
0.146677
0.193048
0.203192
0.16338
0.137962
0.200912
0.130807
0.0933727
0.119523
0.132597
0.208124
0.221258
0.134599
0.155129
0.159125
0.1974
0.157837
0.160369
0.181257
0.131498
0.141956
0.138418
0.17262
0.138531
0.139655
0.175795
0.110269
0.167772
0.118759
0.160141
0.0999009
0.136474
0.149334
0.171638
0.153892
0.126255
0.0993937
0.146878
0.142896
0.142221
0.203189
0.156879
0.135957
0.190109
0.112418
0.161157
0.166316
0.137154
0.196126
0.1524
0.152168
0.176501
0.107656
0.114754
0.189008
0.209824
0.159508
0.0986526
0.239169
0.162389
0.157619
0.126466
0.192123
0.172758
0.104556
0.121551
0.114686
0.106032
0.207822
0.207101
0.162978
0.235898
0.161096
0.122589
0.162762
0.105082
0.112185
0.122237
0.156772
0.198518
0.165877
0.164841
0.127708
0.150367
0.156599
0.155536
0.119386
0.228218
0.175137
0.185202
0.151402
0.137451
0.168531
0.15179
0.168024
0.170914
0.184623
0.233028
0.140683
0.10612
0.172422
0.184274
0.194728
0.178428
0.122668
0.177578
0.157681
0.139557
0.133008
0.151917
0.164611
0.165243
0.113389
0.157567
0.175972
0.109173
0.207725
0.217196
0.166639
0.207972
0.167725
0.185919
0.141298
0.138408
0.0933914
0.154103
0.137319
0.201962
0.149472
0.123063
0.145315
0.0894851
0.124252
0.176918
0.190088
0.151174
0.202106
0.171574
0.143828
0.119283
0.198399
0.222276
0.110425
0.163495
0.167274
0.137292
0.141246
0.152921
0.195814
0.150698
0.184339
0.21534
0.213706
0.152461
0.12117
0.160389
0.118648
0.194159
0.192513
0.202999
0.131503
0.136868
0.129446
0.217538
0.135267
0.124794
0.11825
0.200575
0.138624
0.136901
0.161186
0.144818
0.177058
0.203328
0.220238
0.156714
0.115162
0.0945173
0.0946577
0.168453
0.159539
0.162719
0.236698
0.183255
0.10283
0.128306
0.154378
0.109214
0.162064
0.17739
0.173248
0.166519
0.0821436
0.139246
0.124134
0.189221
0.150397
0.162089
0.156819
0.139327
0.0743931
0.166306
0.21875
0.151416
0.200733
0.164607
0.153475
0.167502
0.151603
0.114134
0.185137
0.107805
0.183584
0.156575
0.135109
0.0945747
0.155314
0.169189
0.121008
0.142361
0.172235
0.109641
0.144348
0.171444
0.111501
0.147881
0.172777
0.197211
0.110136
0.0972929
0.147332
0.137504
0.111546
0.1772
0.149161
0.149023
0.18788
0.128512
0.169815
0.210413
0.135488
0.173544
0.106384
0.178166
0.0984633
0.168286
0.159908
0.132357
0.176927
0.14819
0.184813
0.175633
0.172431
0.177755
0.131871
0.141494
0.131759
0.17007
0.18292
0.15786
0.131582
0.155212
0.180868
0.0999866
0.0786585
0.139295
0.099676
0.173801
0.199572
0.120965
0.130167
0.124494
0.110902
0.136874
0.177793
0.157252
0.181593
0.221409
0.190093
0.141419
0.141576
0.166054
0.189381
0.158773
0.105668
0.173383
0.199879
0.182734
0.130112
0.204925
0.1384
0.158217
0.0993961
0.142887
0.146085
0.201475
0.124595
0.10232
0.177669
0.148467
0.165571
0.201414
0.138805
0.152449
0.112224
0.137779
0.170413
0.221276
0.165805
0.144581
0.17368
0.181274
0.101055
0.1491
0.178945
0.1306
0.169216
0.153122
0.173394
0.129923
0.155153
0.116202
0.147449
0.161971
0.162517
0.178828
0.167698
0.115068
0.155866
0.137026
0.1948
0.126623
0.125146
0.135549
0.172995
0.117259
0.197503
0.205913
0.17731
0.160556
0.159701
0.224007
0.206535
0.132275
0.200312
0.18919
0.15495
0.108959
0.134553
0.159277
0.117098
0.121713
0.0977909
0.166902
0.157667
0.203173
0.125113
0.141646
0.16618
0.261726
0.151718
0.147051
0.179393
0.119695
0.122285
0.216076
0.143538
0.16577
0.168976
0.116729
0.117887
0.178963
0.162815
0.160046
0.144337
0.159824
0.130228
0.130826
0.215085
0.214237
0.145911
0.166006
0.145606
0.123664
0.139266
0.189446
0.151911
0.135986
0.139324
0.177194
0.252267
0.142882
0.153601
0.108019
0.193349
0.147518
0.152458
0.181003
0.196958
0.1376
0.126367
0.107408
0.108857
0.173484
0.200492
0.140656
0.12472
0.203777
0.0863951
0.149453
0.192621
0.153117
0.0728002
0.116363
0.0736267
0.170779
0.161602
0.154095
0.110682
0.134141
0.100857
0.143105
0.135979
0.185666
0.13524
0.109498
0.159336
0.176007
0.172877
0.137165
0.17955
0.18354
0.147285
0.18461
0.14205
0.128138
0.115
0.0961934
0.144051
0.134097
0.180294
0.201201
0.190697
0.180035
0.134461
0.159214
0.149724
0.145513
0.152522
0.110009
0.116756
0.140008
0.188036
0.169868
0.159844
0.151515
0.169963
0.189398
0.144043
0.208881
0.110012
0.11308
0.161167
0.164449
0.179698
0.169347
0.14618
0.16499
0.121895
0.196034
0.15818
0.0920515
0.123813
0.210631
0.132471
0.183341
0.127599
0.159477
0.179963
0.162659
0.0771351
0.147266
0.178936
0.158911
0.177383
0.164816
0.135502
0.257503
0.134618
0.178395
0.251365
0.17951
0.149578
0.191731
0.165835
0.221687
0.142076
0.165141
0.154801
0.16219
0.157838
0.13506
0.205082
0.177913
0.0953044
0.153824
0.177245
0.178825
0.167726
0.132493
0.106322
0.140671
0.107323
0.10723
0.220702
0.153664
0.210615
0.180465
0.1412
0.209941
0.135497
0.163221
0.125567
0.12943
0.198151
0.146627
0.18804
0.142302
0.0879633
0.133079
0.172179
0.0911895
0.113411
0.169135
0.174724
0.117182
0.162731
0.178176
0.111471
0.128332
0.118458
0.193034
0.166717
0.132211
0.165219
0.126557
0.163409
0.161172
0.148466
0.115574
0.0879339
0.18143
0.11825
0.133645
0.165666
0.133275
0.128514
0.170038
0.142692
0.172006
0.138434
0.113959
0.161857
0.142727
0.130362
0.146189
0.189186
0.116854
0.11
0.161613
0.180952
0.157531
0.201447
0.152118
0.11818
0.155039
0.0991434
0.126871
0.122381
0.163523
0.177243
0.142408
0.104661
0.136972
0.176993
0.186336
0.185669
0.1772
0.140271
0.161256
0.0898684
0.162801
0.17064
0.122988
0.190057
0.148169
0.109692
0.162794
0.130211
0.124754
0.199575
0.196914
0.155901
0.162435
0.0998153
0.149037
0.074947
0.175291
0.120188
0.123194
0.149317
0.182908
0.171027
0.127396
0.144924
0.168874
0.121452
0.120442
0.234846
0.143418
0.192416
0.22909
0.147985
0.197004
0.158235
0.152064
0.131645
0.161054
0.215898
0.119254
0.158121
0.119607
0.194485
0.13242
0.128529
0.163334
0.173531
0.111222
0.16312
0.159528
0.183009
0.121626
0.14955
0.134636
0.11974
0.136625
0.177383
0.10646
0.136521
0.193886
0.146006
0.179282
0.13914
0.0784891
0.178131
0.169527
0.214619
0.17841
0.163277
0.154142
0.150621
0.216471
0.126906
0.151237
0.180289
0.17757
0.18659
0.114644
0.132688
0.160387
0.146236
0.11752
0.0993048
0.163504
0.149943
0.157317
0.123561
0.113477
0.158222
0.176743
0.112258
0.166017
0.134853
0.185426
0.163659
0.187167
0.212023
0.157288
0.103281
0.113872
0.177595
0.166679
0.114511
0.186078
0.18358
0.159221
0.134771
0.128925
0.150189
0.166836
0.222203
0.11959
0.179386
0.116095
0.138576
0.123712
0.188181
0.145531
0.113739
0.150967
0.172803
0.149013
0.0707817
0.177777
0.122748
0.227867
0.127809
0.158871
0.188435
0.122968
0.15121
0.103148
0.183897
0.0956936
0.119614
0.199285
0.148037
0.181104
0.114269
0.125751
0.173665
0.145725
0.192941
0.188226
0.170409
0.142278
0.128926
0.12967
0.210841
0.133208
0.12289
0.14959
0.137173
0.134084
0.153207
0.154463
0.107191
0.21122
0.142337
0.147509
0.198711
0.160343
0.172046
0.160254
0.154038
0.0867417
0.123754
0.111093
0.226094
0.152138
0.195975
0.182036
0.149678
0.154409
0.096932
0.194015
0.175236
0.14343
0.179401
0.150931
0.121686
0.195033
0.206688
0.219561
0.121092
0.166587
0.119297
0.0917691
0.124528
0.133046
0.11332
0.194063
0.224593
0.209671
0.0809704
0.187194
0.169886
0.165261
0.114673
0.126224
0.163638
0.20815
0.168592
0.162737
0.208405
0.138413
0.175322
0.140292
0.162402
0.224985
0.222832
0.202421
0.152382
0.0951327
0.149221
0.159858
0.114519
0.176356
0.161397
0.172303
0.152369
0.194389
0.197528
0.201026
0.122013
0.121152
0.142075
0.254172
0.180374
0.163733
0.122138
0.167129
0.123
0.138349
0.118166
0.172525
0.123402
0.164185
0.135757
0.23988
0.187648
0.146713
0.115107
0.131464
0.223685
0.192169
0.14861
0.205302
0.109515
0.134348
0.156635
0.157233
0.159115
0.134458
0.0791426
0.142873
0.164916
0.111245
0.171359
0.152524
0.158128
0.294423
0.126376
0.201162
0.114293
0.15765
0.107165
0.140205
0.0990855
0.156918
0.126803
0.130867
0.219003
0.193807
0.147092
0.193552
0.165461
0.141153
0.131944
0.0761619
0.124677
0.171017
0.130552
0.152346
0.209603
0.151512
0.0968943
0.227395
0.175743
0.166586
0.168648
0.134513
0.158291
0.202543
0.124015
0.129313
0.154818
0.157369
0.149275
0.184015
0.104086
0.149697
0.104893
0.151339
0.0751304
0.113375
0.115386
0.146701
0.186134
0.204269
0.119669
0.1972
0.140651
0.147142
0.166537
0.163297
0.233132
0.157701
0.151903
0.110553
0.224183
0.19476
0.138028
0.224566
0.180921
0.145548
0.11685
0.193851
0.14422
0.127191
0.151936
0.178589
0.145928
0.164388
0.125919
0.132478
0.219361
0.216546
0.114063
0.123187
0.133698
0.149177
0.131755
0.156236
0.168471
0.154308
0.190233
0.133813
0.147148
0.108606
0.147372
0.171193
0.176003
0.119802
0.141299
0.170471
0.176869
0.220224
0.144391
0.111865
0.155186
0.153476
0.150875
0.166986
0.143473
0.218062
0.116596
0.175528
0.185258
0.174203
0.13453
0.173411
0.185236
0.122309
0.221733
0.17952
0.179578
0.149769
0.16297
0.18316
0.185459
0.14646
0.0937879
0.159891
0.158289
0.13624
0.123233
0.186711
0.174149
0.143054
0.172504
0.106793
0.192346
0.208159
0.203855
0.169918
0.200449
0.144128
0.104712
0.119992
0.211967
0.153357
0.224359
0.172427
0.138996
0.159575
0.111918
0.107153
0.146021
0.198375
0.179316
0.162201
0.108216
0.165099
0.170284
0.180906
0.155135
0.164215
0.0862417
0.168325
0.144673
0.180205
0.166122
0.177356
0.145031
0.12955
0.140091
0.207866
0.163838
0.129044
0.183231
0.177697
0.173766
0.182637
0.137069
0.11465
0.129336
0.199026
0.168228
0.17883
0.1214
0.137118
0.163722
0.143936
0.164963
0.162851
0.170085
0.112328
0.103473
0.160613
0.153418
0.172187
0.141112
0.184735
0.184145
0.154461
0.157952
0.101454
0.180008
0.186175
0.194221
0.173387
0.173705
0.181274
0.126527
0.207508
0.126563
0.247515
0.230393
0.140621
0.161215
0.120125
0.110704
0.146465
0.224546
0.120561
0.164339
0.105686
0.174051
0.181127
0.135012
0.158021
0.158968
0.129388
0.139451
0.200773
0.153313
0.209746
0.131335
0.163537
0.162774
0.185673
0.176564
0.170227
0.149243
0.133816
0.151112
0.194933
0.123732
0.185611
0.142346
0.196602
0.10474
0.178826
0.14719
0.221157
0.131881
0.178503
0.144796
0.141039
0.0869245
0.130095
0.221641
0.207781
0.15165
0.180505
0.22006
0.153628
0.125981
0.177148
0.174786
0.162297
0.182863
0.170366
0.139045
0.132521
0.191206
0.206044
0.194938
0.170818
0.156363
0.155437
0.111851
0.214403
0.199575
0.199308
0.154274
0.0809987
0.175496
0.134552
0.147364
0.162458
0.146165
0.136466
0.158144
0.161572
0.154478
0.190413
0.10518
0.188735
0.123419
0.139814
0.163617
0.177819
0.204374
0.192537
0.249028
0.160827
0.238546
0.153491
0.207093
0.139232
0.0857116
0.1324
0.107551
0.161385
0.163922
0.154791
0.134496
0.107867
0.160153
0.16076
0.134214
0.154553
0.123055
0.140921
0.17077
0.147226
0.164013
0.118531
0.207738
0.162134
0.235963
0.217155
0.194151
0.195685
0.127494
0.139458
0.134994
0.157594
0.169858
0.263345
0.160467
0.184383
0.173251
0.159672
0.18825
0.168637
0.118796
0.233111
0.175296
0.16775
0.121574
0.175907
0.150556
0.132751
0.168501
0.143006
0.198474
0.172587
0.126814
0.187999
0.222354
0.249198
0.124141
0.183236
0.133135
0.157179
0.116781
0.155636
0.12994
0.0899658
0.125644
0.18664
0.166921
0.121077
0.112875
0.180009
0.185194
0.169947
0.168623
0.233104
0.152131
0.237476
0.190252
0.193
0.160142
0.233402
0.173054
0.120427
0.146893
0.156133
0.148168
0.11021
0.142786
0.136435
0.192941
0.147126
0.169808
0.167192
0.152168
0.142029
0.17229
0.152156
0.108146
0.194505
0.158093
0.164056
0.123002
0.181163
0.111182
0.110847
0.110729
0.156112
0.16319
0.112085
0.113388
0.119306
0.105541
0.151778
0.146312
0.223457
0.190881
0.122186
0.200382
0.208207
0.133763
0.188857
0.152126
0.181477
0.154357
0.0953277
0.115386
0.153653
0.151403
0.155511
0.173497
0.159752
0.226595
0.140451
0.180945
0.144159
0.115105
0.149127
0.172645
0.106905
0.183863
0.160961
0.103851
0.0763964
0.145927
0.123131
0.169793
0.107284
0.184514
0.161289
0.178936
0.170883
0.184779
0.143638
0.134781
0.138048
0.174296
0.219927
0.127473
0.150218
0.122713
0.162744
0.0983549
0.112155
0.178435
0.192364
0.137381
0.142528
0.146069
0.157704
0.141243
0.1674
0.173659
0.184593
0.190752
0.166069
0.109501
0.14963
0.192736
0.256663
0.084466
0.159034
0.16544
0.117859
0.114358
0.157695
0.126722
0.164677
0.185469
0.107804
0.188502
0.108205
0.142502
0.160034
0.176738
0.128124
0.149397
0.168715
0.146385
0.170622
0.188101
0.156037
0.16299
0.146415
0.198627
0.127481
0.11827
0.155215
0.160164
0.184025
0.152717
0.128319
0.247359
0.217065
0.121477
0.138306
0.14259
0.195311
0.118342
0.0908511
0.123976
0.117764
0.132117
0.130602
0.129677
0.193887
0.134977
0.214662
0.171482
0.14843
0.180708
0.134507
0.138918
0.120861
0.166766
0.124551
0.145419
0.19371
0.0896719
0.144597
0.126978
0.192649
0.192465
0.128276
0.186705
0.170975
0.0988635
0.0846387
0.114907
0.117342
0.127313
0.149422
0.158005
0.128908
0.161184
0.14284
0.161064
0.164173
0.117295
0.152038
0.0963104
0.141313
0.115104
0.202925
0.143815
0.208918
0.0974411
0.230556
0.168507
0.153001
0.199202
0.177046
0.165033
0.153444
0.168231
0.198035
0.150155
0.134063
0.194178
0.183027
0.104172
0.129328
0.134541
0.198693
0.12116
0.139719
0.120744
0.127073
0.233367
0.176649
0.111614
0.125168
0.145811
0.20475
0.154507
0.137331
0.15065
0.133027
0.187161
0.160292
0.166185
0.139836
0.120355
0.236745
0.133771
0.203032
0.153736
0.144345
0.119382
0.158613
0.109587
0.145174
0.193551
0.178689
0.15147
0.164152
0.13735
0.14383
0.12351
0.21006
0.164031
0.225006
0.119186
0.183345
0.156825
0.141692
0.150423
0.162952
0.15708
0.147366
0.115656
0.144496
0.121755
0.150495
0.173975
0.132493
0.177081
0.156142
0.117002
0.125059
0.182657
0.146723
0.106647
0.124604
0.147138
0.150406
0.114056
0.18335
0.156271
0.187608
0.172909
0.124353
0.154955
0.184019
0.130514
0.138443
0.180556
0.135684
0.191937
0.196646
0.131268
0.266958
0.158926
0.17345
0.172658
0.172224
0.149239
0.124192
0.168175
0.205415
0.135855
0.0947639
0.184003
0.161434
0.177206
0.129241
0.213413
0.18966
0.12035
0.144225
0.121565
0.155606
0.158577
0.203727
0.180354
0.136663
0.134214
0.185189
0.17484
0.115446
0.142603
0.195746
0.16213
0.170782
0.107765
0.193389
0.19303
0.152066
0.155548
0.150718
0.165341
0.123166
0.104925
0.169716
0.174834
0.139333
0.133203
0.165882
0.114424
0.20238
0.116193
0.1385
0.186991
0.109421
0.15456
0.2311
0.197364
0.155978
0.128352
0.163992
0.161946
0.154414
0.125944
0.182371
0.173994
0.138028
0.0961725
0.162604
0.198604
0.182801
0.159198
0.118395
0.190039
0.191667
0.123623
0.236871
0.166712
0.0866566
0.124755
0.199945
0.13208
0.180876
0.176661
0.124589
0.224949
0.138984
0.166334
0.173057
0.16561
0.168475
0.153127
0.121686
0.148945
0.187564
0.147228
0.193033
0.201782
0.108745
0.140593
0.0998489
0.146508
0.154906
0.123508
0.137221
0.151183
0.10066
0.200362
0.143573
0.139744
0.158412
0.147466
0.104545
0.200326
0.17307
0.096921
0.125389
0.13031
0.171543
0.13886
0.179116
0.20252
0.095477
0.180607
0.131858
0.135501
0.179316
0.170117
0.125706
0.173304
0.206628
0.088644
0.149406
0.109725
0.134675
0.113393
0.123766
0.122526
0.161816
0.223393
0.110011
0.184045
0.147516
0.155223
0.106505
0.204319
0.117851
0.16242
0.143244
0.13624
0.187008
0.110191
0.130383
0.196106
0.211055
0.165532
0.116225
0.0960432
0.16194
0.103592
0.149795
0.224628
0.165991
0.164724
0.156293
0.146844
0.21718
0.166697
0.187879
0.177268
0.1673
0.156191
0.220173
0.175988
0.21366
0.110917
0.12603
0.122516
0.103383
0.121954
0.141015
0.148925
0.161597
0.121456
0.146995
0.0819164
0.153845
0.195491
0.13779
0.145571
0.163821
0.108825
0.169549
0.186418
0.158113
0.180473
0.112037
0.112226
0.17593
0.200183
0.145193
0.109177
0.236255
0.142718
0.146759
0.12787
0.18824
0.126919
0.142375
0.146744
0.130713
0.104167
0.168415
0.151378
0.153595
0.1444
0.161237
0.120408
0.156377
0.164751
0.109512
0.206989
0.183888
0.191246
0.170637
0.23633
0.104534
0.124052
0.151882
0.292347
0.176525
0.146131
0.128271
0.227637
0.189174
0.173888
0.202514
0.166023
0.185235
0.164383
0.191364
0.134518
0.2113
0.0950357
0.155641
0.154234
0.138507
0.160763
0.18181
0.15155
0.180213
0.109982
0.174376
0.175076
0.157117
0.0948509
0.207792
0.17272
0.165439
0.169575
0.203141
0.138318
0.13461
0.189784
0.129652
0.169943
0.130878
0.0772563
0.152944
0.174207
0.129041
0.129997
0.150541
0.20309
0.15531
0.191289
0.16379
0.15517
0.168599
0.114122
0.140945
0.155324
0.111292
0.157783
0.122585
0.236576
0.207602
0.154827
0.144672
0.154313
0.128791
0.140816
0.197391
0.143636
0.118986
0.196946
0.147778
0.172628
0.158238
0.105437
0.190751
0.186884
0.119306
0.146509
0.144814
0.142991
0.136118
0.151027
0.196627
0.175644
0.164378
0.148817
0.154216
0.133051
0.153561
0.192573
0.119797
0.144403
0.185797
0.0812715
0.104029
0.184574
0.250694
0.0633319
0.147315
0.149682
0.166785
0.233184
0.172478
0.15645
0.157155
0.154733
0.135618
0.161799
0.157086
0.170573
0.125914
0.164016
0.121779
0.153337
0.201455
0.123266
0.129904
0.177577
0.202762
0.142158
0.109421
0.126261
0.137081
0.132104
0.153267
0.138158
0.1949
0.165468
0.156666
0.155451
0.149412
0.164379
0.159089
0.0807155
0.14833
0.124582
0.15775
0.100607
0.212946
0.186387
0.139604
0.0972187
0.191578
0.163166
0.145238
0.158908
0.153217
0.157294
0.156418
0.128195
0.178272
0.117309
0.210709
0.171537
0.138713
0.128053
0.124481
0.118165
0.228409
0.215307
0.16584
0.187851
0.109357
0.162813
0.149416
0.180499
0.158893
0.241631
0.170809
0.140951
0.292795
0.159978
0.124779
0.0659389
0.129456
0.200915
0.162954
0.147478
0.147304
0.13902
0.123244
0.126712
0.16524
0.138922
0.241894
0.192629
0.171071
0.178274
0.183948
0.232413
0.157635
0.208095
0.149474
0.157633
0.187886
0.117778
0.16413
0.19887
0.15402
0.186348
0.241558
0.199257
0.140701
0.202769
0.182073
0.108474
0.184187
0.174192
0.187088
0.143041
0.243114
0.205661
0.111009
0.117636
0.113578
0.147207
0.165979
0.103732
0.103095
0.0950564
0.125003
0.167702
0.163327
0.160169
0.209422
0.126054
0.147123
0.181392
0.207045
0.0878181
0.124697
0.156896
0.174912
0.0996383
0.182547
0.187964
0.221489
0.138691
0.192241
0.221586
0.181027
0.15994
0.149645
0.135549
0.103303
0.157287
0.184898
0.172207
0.186735
0.128588
0.120072
0.214382
0.192306
0.212802
0.195396
0.217342
0.120177
0.184672
0.179973
0.207041
0.162911
0.115293
0.0944622
0.161396
0.200547
0.12315
0.177178
0.179043
0.204943
0.127321
0.137077
0.13527
0.159498
0.133994
0.156832
0.118616
0.137715
0.137464
0.159717
0.163333
0.15218
0.0893351
0.159907
0.155502
0.204131
0.150838
0.204389
0.155152
0.187084
0.105174
0.120981
0.15067
0.143711
0.144807
0.0987716
0.14041
0.245858
0.106186
0.162682
0.130318
0.167543
0.109449
0.135217
0.145855
0.161535
0.121382
0.168519
0.182671
0.154907
0.160357
0.217411
0.141241
0.129255
0.10749
0.190091
0.200014
0.141082
0.17783
0.136037
0.261427
0.156817
0.132376
0.141114
0.154867
0.101316
0.166772
0.20964
0.111579
0.130059
0.116136
0.103618
0.210943
0.0987205
0.155911
0.148766
0.0952161
0.146301
0.133508
0.166716
0.131939
0.1635
0.110577
0.184996
0.195773
0.157859
0.137249
0.125502
0.164688
0.159085
0.0996671
0.163232
0.142346
0.126312
0.119526
0.0903903
0.155257
0.144438
0.114992
0.138755
0.194846
0.136067
0.13725
0.181512
0.161626
0.137509
0.0961974
0.145803
0.137303
0.16856
0.139072
0.140088
0.115015
0.169701
0.178621
0.180832
0.206765
0.1628
0.138948
0.108863
0.11054
0.113991
0.169586
0.140106
0.102859
0.126126
0.120635
0.155053
0.131518
0.183378
0.0992485
0.127293
0.155426
0.128616
0.145706
0.0891634
0.171101
0.174281
0.15154
0.182814
0.109265
0.136828
0.135415
0.164148
0.153932
0.205671
0.145343
0.157503
0.170129
0.162479
0.12458
0.126147
0.120142
0.168169
0.148048
0.194114
0.165782
0.211804
0.174091
0.169731
0.146204
0.184007
0.153778
0.136325
0.134705
0.168245
0.172279
0.182978
0.209743
0.130676
0.115
0.207118
0.126104
0.107085
0.164742
0.115081
0.193248
0.203997
0.16133
0.137132
0.140496
0.218882
0.135082
0.127294
0.152679
0.130611
0.203249
0.155167
0.182823
0.204449
0.208986
0.125872
0.151048
0.138787
0.186256
0.172501
0.175387
0.204975
0.126394
0.140088
0.141772
0.146092
0.132923
0.17007
0.225522
0.142018
0.148473
0.172816
0.112903
0.150463
0.136081
0.178375
0.134786
0.190284
0.143309
0.128021
0.196144
0.176955
0.162043
0.0945685
0.18364
0.139524
0.113467
0.190254
0.146595
0.19966
0.215668
0.188415
0.207404
0.151426
0.123705
0.184688
0.177259
0.188089
0.166894
0.19223
0.144583
0.190213
0.0978695
0.161431
0.173549
0.109531
0.188208
0.189855
0.126166
0.138745
0.0853657
0.148101
0.155823
0.137074
0.128609
0.132202
0.127704
0.155282
0.184885
0.272656
0.157889
0.104844
0.126247
0.124819
0.137386
0.160031
0.10525
0.130069
0.202376
0.199252
0.154502
0.175187
0.16704
0.195937
0.193772
0.120374
0.150668
0.161779
0.140884
0.116463
0.123657
0.112549
0.1879
0.188291
0.165381
0.12359
0.12215
0.164587
0.17636
0.124592
0.138306
0.217892
0.156436
0.212675
0.155341
0.130349
0.150277
0.166556
0.098955
0.159861
0.163087
0.185434
0.157891
0.112734
0.181139
0.233377
0.0955224
0.103287
0.0829436
0.0951502
0.139885
0.168635
0.125942
0.147099
0.151761
0.17334
0.137157
0.129647
0.133531
0.184059
0.143293
0.144588
0.143576
0.181333
0.16138
0.150263
0.161913
0.193005
0.175596
0.156467
0.171555
0.174538
0.131538
0.129713
0.194515
0.12103
0.151606
0.151671
0.120706
0.0777888
0.118196
0.19041
0.110095
0.171584
0.179081
0.160833
0.117653
0.231277
0.117645
0.145397
0.158486
0.127357
0.190211
0.196548
0.1107
0.159147
0.18836
0.108433
0.149242
0.141384
0.0960354
0.141721
0.122181
0.163839
0.156139
0.1543
0.15029
0.16107
0.158153
0.163471
0.118848
0.173102
0.134173
0.158868
0.123735
0.105333
0.12174
0.192657
0.0931278
0.187204
0.159861
0.0968162
0.174991
0.19049
0.164302
0.158213
0.204843
0.146762
0.164666
0.119163
0.162149
0.127015
0.140166
0.180351
0.128264
0.104617
0.171411
0.161873
0.148576
0.11655
0.146706
0.20963
0.111957
0.199837
0.166107
0.146406
0.142682
0.142358
0.192881
0.154436
0.125608
0.161246
0.10426
0.208679
0.135679
0.15648
0.174865
0.162183
0.157567
0.124809
0.206963
0.220711
0.132037
0.149703
0.0898297
0.168086
0.160876
0.216933
0.212139
0.159321
0.11604
0.120579
0.173985
0.150165
0.121305
0.178913
0.14872
0.153932
0.129191
0.195943
0.138166
0.147451
0.0748403
0.121206
0.120546
0.152905
0.144633
0.114079
0.203604
0.195092
0.215368
0.15949
0.114616
0.118224
0.141469
0.140123
0.156001
0.180118
0.127183
0.162633
0.194711
0.149845
0.176565
0.202365
0.123725
0.164758
0.162833
0.154644
0.159467
0.144522
0.1135
0.162994
0.176633
0.137486
0.140764
0.139678
0.154966
0.112851
0.177944
0.154654
0.17651
0.179729
0.185324
0.198466
0.185615
0.166659
0.181359
0.108682
0.226721
0.175728
0.211389
0.206739
0.164215
0.233653
0.147747
0.161009
0.0892671
0.167074
0.178738
0.144845
0.172281
0.166193
0.123517
0.156693
0.142678
0.133889
0.186457
0.205467
0.157969
0.165378
0.124687
0.184858
0.187861
0.167594
0.152882
0.0679355
0.143457
0.173233
0.195533
0.202787
0.205171
0.172449
0.221673
0.172958
0.17924
0.1955
0.0789105
0.169784
0.101057
0.135828
0.133628
0.123078
0.183314
0.165062
0.187873
0.20076
0.165481
0.204785
0.164465
0.226176
0.173896
0.174231
0.094433
0.1525
0.0890553
0.14182
0.165083
0.119546
0.0967086
0.185326
0.10765
0.163078
0.161972
0.163337
0.163962
0.143368
0.135544
0.187496
0.0886369
0.135043
0.122438
0.191355
0.159161
0.132387
0.168466
0.173468
0.0898558
0.186492
0.10551
0.145476
0.143194
0.0976481
0.066842
0.171132
0.123328
0.0903876
0.157451
0.136757
0.136165
0.172876
0.168015
0.184179
0.159531
0.147699
0.186031
0.101299
0.211266
0.213057
0.137224
0.132814
0.143164
0.140707
0.18456
0.21247
0.188089
0.107064
0.134917
0.181754
0.140267
0.148471
0.178805
0.152833
0.188405
0.16405
0.156893
0.165428
0.11188
0.130771
0.173669
0.185152
0.178443
0.228468
0.179539
0.103726
0.156818
0.148465
0.142044
0.159059
0.11157
0.115853
0.163122
0.139435
0.154203
0.172326
0.207713
0.17392
0.157447
0.183219
0.131587
0.203268
0.132512
0.115668
0.185921
0.180897
0.161035
0.160706
0.184095
0.143621
0.120952
0.175983
0.166936
0.162696
0.160756
0.200837
0.13853
0.100335
0.125884
0.154909
0.19976
0.21343
0.211324
0.192034
0.145652
0.117547
0.103366
0.179047
0.247372
0.186189
0.171394
0.152203
0.164434
0.148811
0.168719
0.165305
0.129856
0.1696
0.187009
0.183926
0.234562
0.208997
0.174719
0.153926
0.216118
0.143431
0.178457
0.130108
0.13959
0.165933
0.164445
0.170651
0.113102
0.14417
0.152361
0.168511
0.198308
0.147061
0.148428
0.172135
0.162303
0.168163
0.134717
0.141905
0.18818
0.183508
0.129749
0.154873
0.142227
0.175691
0.195334
0.131314
0.141459
0.189208
0.0527405
0.121654
0.157873
0.120695
0.140487
0.14399
0.131458
0.186267
0.159915
0.224929
0.0976098
0.12907
0.137563
0.172997
0.191753
0.145394
0.190424
0.121492
0.188334
0.190695
0.119288
0.188154
0.163924
0.143672
0.157791
0.170411
0.13457
0.138084
0.145052
0.127621
0.142347
0.191248
0.143754
0.134094
0.130338
0.148913
0.158772
0.168881
0.13861
0.137492
0.204772
0.130301
0.130458
0.176388
0.122853
0.176179
0.145718
0.144453
0.134703
0.139522
0.174639
0.236958
0.113041
0.174425
0.157346
0.14961
0.220631
0.186195
0.174671
0.207046
0.161794
0.156698
0.221432
0.134196
0.124504
0.180913
0.0950315
0.104675
0.182997
0.146139
0.180208
0.166371
0.155882
0.128469
0.0992799
0.182071
0.158636
0.170829
0.190735
0.198169
0.191092
0.172451
0.155886
0.191359
0.14395
0.144053
0.171454
0.176854
0.130075
0.116554
0.177357
0.144329
0.140557
0.118671
0.236938
0.233855
0.123629
0.187752
0.214636
0.146594
0.192759
0.124622
0.209268
0.129874
0.172639
0.175422
0.17678
0.0851518
0.139964
0.155031
0.147709
0.186205
0.159118
0.163794
0.185812
0.0932362
0.152272
0.101106
0.157862
0.161971
0.122923
0.199624
0.107777
0.177185
0.160241
0.10595
0.142208
0.142381
0.148244
0.166914
0.166636
0.171005
0.155739
0.264665
0.177226
0.147148
0.119611
0.176302
0.130082
0.138849
0.154714
0.202418
0.173834
0.130106
0.154696
0.204877
0.125723
0.162503
0.163862
0.119947
0.190526
0.160535
0.166222
0.158714
0.160186
0.187122
0.11825
0.144091
0.195135
0.156817
0.173832
0.223804
0.124043
0.125105
0.102119
0.136579
0.113823
0.195263
0.10654
0.122521
0.0940286
0.135045
0.159387
0.156704
0.127329
0.12571
0.16754
0.162941
0.144903
0.14637
0.142005
0.123649
0.123641
0.198975
0.143493
0.147164
0.12821
0.173663
0.155467
0.179767
0.170455
0.160826
0.202514
0.118734
0.2067
0.12663
0.21976
0.132792
0.148592
0.204216
0.109331
0.113994
0.151232
0.184347
0.0581532
0.189185
0.141756
0.148809
0.136423
0.182244
0.21795
0.134439
0.243083
0.160114
0.175043
0.157645
0.129454
0.111337
0.127285
0.172673
0.218439
0.223708
0.16949
0.151635
0.156929
0.135257
0.154184
0.168019
0.150865
0.158157
0.234354
0.211628
0.12467
0.154572
0.163589
0.212231
0.115708
0.146494
0.168458
0.215864
0.133717
0.181642
0.177452
0.136605
0.151667
0.21633
0.163004
0.192226
0.101675
0.140211
0.115688
0.161623
0.120841
0.131846
0.217916
0.171403
0.208645
0.174717
0.225896
0.118195
0.219815
0.178487
0.238355
0.212255
0.122704
0.0964861
0.119859
0.124421
0.107053
0.142308
0.200382
0.191446
0.15774
0.140564
0.159678
0.147091
0.14459
0.238513
0.142629
0.175968
0.168635
0.243418
0.101394
0.143968
0.177937
0.147214
0.18487
0.120188
0.177646
0.170655
0.208558
0.169474
0.161776
0.10723
0.182027
0.212621
0.150837
0.137692
0.157786
0.153364
0.142496
0.147149
0.129707
0.151689
0.138761
0.172458
0.181132
0.154922
0.121582
0.123293
0.151157
0.134821
0.0974866
0.129206
0.152335
0.211528
0.179404
0.178477
0.152385
0.155778
0.185118
0.179655
0.207741
0.122053
0.172309
0.146403
0.130592
0.129547
0.151012
0.107011
0.212714
0.130085
0.102778
0.222635
0.0959207
0.185652
0.182024
0.148595
0.198914
0.113239
0.0685923
0.179405
0.147959
0.147401
0.0970756
0.205893
0.14745
0.122464
0.120934
0.170135
0.192531
0.188812
0.204005
0.230367
0.139164
0.130317
0.16217
0.180411
0.177451
0.137342
0.124214
0.190088
0.167163
0.170281
0.138283
0.149919
0.220558
0.161834
0.103895
0.165174
0.166498
0.215654
0.116847
0.191974
0.20693
0.141087
0.223478
0.205243
0.12896
0.139893
0.135026
0.115325
0.223155
0.108732
0.12466
0.252497
0.102434
0.101819
0.14715
0.207323
0.167989
0.216701
0.126996
0.162426
0.170412
0.175664
0.126523
0.20166
0.13559
0.179677
0.152037
0.102308
0.201312
0.242525
0.175858
0.139736
0.175896
0.18647
0.116008
0.153854
0.206548
0.126563
0.176701
0.134949
0.117151
0.219833
0.124523
0.129005
0.0896681
0.160994
0.146808
0.141659
0.19832
0.147708
0.163122
0.223074
0.192058
0.153579
0.141155
0.158402
0.12103
0.178166
0.202078
0.159472
0.15206
0.132176
0.102179
0.11897
0.11916
0.142384
0.146078
0.11711
0.131923
0.212396
0.14097
0.131908
0.162315
0.151109
0.102314
0.171366
0.221694
0.135004
0.109329
0.212386
0.147024
0.125411
0.123786
0.174855
0.0932001
0.170718
0.107155
0.169153
0.148414
0.191227
0.140164
0.123818
0.132257
0.098425
0.145293
0.192277
0.175057
0.218836
0.108156
0.134096
0.142662
0.182744
0.139534
0.195448
0.128463
0.113476
0.133921
0.0817745
0.126348
0.0963044
0.162051
0.172471
0.176656
0.163599
0.159281
0.132002
0.102972
0.169879
0.142786
0.241319
0.143228
0.188955
0.0910119
0.222638
0.171363
0.167303
0.222668
0.137292
0.12545
0.173277
0.187937
0.210089
0.231128
0.133327
0.18623
0.120603
0.213748
0.149749
0.148431
0.174623
0.156546
0.104154
0.183865
0.146588
0.112756
0.125024
0.129499
0.148296
0.156683
0.198551
0.126986
0.149317
0.160104
0.110338
0.180361
0.243038
0.185476
0.197374
0.148869
0.116062
0.134532
0.143939
0.16973
0.107268
0.139688
0.197092
0.107371
0.0962982
0.116354
0.154007
0.148451
0.165674
0.1494
0.150023
0.0841906
0.176235
0.189364
0.133648
0.185605
0.129247
0.0935006
0.157364
0.164088
0.164032
0.219244
0.168712
0.0767205
0.128182
0.137173
0.175511
0.164837
0.18712
0.181191
0.14767
0.124644
0.124821
0.173349
0.131864
0.145608
0.138463
0.153124
0.161729
0.0808823
0.122555
0.149579
0.134763
0.156375
0.148025
0.17287
0.182613
0.166478
0.220184
0.150471
0.232843
0.163012
0.152722
0.141438
0.181508
0.173862
0.191603
0.158361
0.158463
0.14394
0.194369
0.12831
0.213651
0.0822753
0.127367
0.156059
0.137733
0.176906
0.152092
0.135413
0.118925
0.138552
0.187389
0.185856
0.147438
0.201122
0.108571
0.171991
0.149509
0.170629
0.138212
0.10132
0.0765284
0.104908
0.166762
0.201921
0.130589
0.104982
0.146038
0.115656
0.16234
0.0930264
0.102274
0.11181
0.164765
0.110604
0.184641
0.216273
0.165711
0.159338
0.212547
0.138394
0.144692
0.115383
0.132944
0.149248
0.144266
0.124295
0.140181
0.147016
0.166987
0.151428
0.159077
0.179297
0.20928
0.126443
0.144759
0.149428
0.140649
0.149435
0.197389
0.196969
0.160086
0.134516
0.176394
0.141622
0.163207
0.147118
0.183432
0.15511
0.232132
0.159651
0.111669
0.15157
0.12625
0.119163
0.119035
0.125429
0.163015
0.14654
0.153934
0.241563
0.135531
0.188944
0.119426
0.143556
0.128579
0.120896
0.230733
0.108738
0.226875
0.16564
0.205369
0.155191
0.182934
0.113679
0.139377
0.210524
0.23586
0.216913
0.216151
0.135674
0.12457
0.120619
0.179966
0.159419
0.152879
0.163475
0.162451
0.160146
0.127748
0.0984957
0.168988
0.143487
0.138922
0.137415
0.129895
0.148373
0.149326
0.116822
0.188613
0.120249
0.199728
0.17774
0.172712
0.174317
0.166623
0.116493
0.150564
0.183552
0.153088
0.100244
0.140282
0.16347
0.155027
0.135727
0.137435
0.145983
0.153492
0.115873
0.136778
0.191705
0.179014
0.139875
0.186969
0.158215
0.188945
0.136056
0.126255
0.177913
0.14701
0.218657
0.178562
0.102422
0.143479
0.224863
0.18174
0.191645
0.207159
0.147939
0.161718
0.180074
0.13663
0.104907
0.214737
0.135684
0.206746
0.117096
0.124817
0.159688
0.140706
0.160579
0.15849
0.206547
0.184205
0.124443
0.18276
0.180799
0.186513
0.0696799
0.0919453
0.119994
0.157148
0.148031
0.173328
0.0771517
0.158357
0.148721
0.175002
0.16823
0.164684
0.125888
0.121685
0.106751
0.122961
0.178092
0.144113
0.203817
0.206116
0.163228
0.147891
0.142032
0.202726
0.17634
0.143835
0.183709
0.137622
0.136384
0.164332
0.196019
0.181506
0.119341
0.128576
0.147855
0.206205
0.127893
0.191295
0.123352
0.16547
0.154734
0.179334
0.199052
0.232084
0.0983707
0.141604
0.172749
0.196334
0.09206
0.127849
0.10331
0.114416
0.233653
0.096111
0.192972
0.113324
0.166209
0.176021
0.146603
0.153485
0.138706
0.156551
0.120963
0.150411
0.126699
0.154136
0.237643
0.140803
0.0981628
0.135639
0.156125
0.202975
0.0902222
0.154662
0.170456
0.165311
0.149248
0.238446
0.105616
0.16158
0.0981908
0.190148
0.157924
0.16402
0.1729
0.205602
0.216346
0.163939
0.12828
0.0922545
0.161978
0.151648
0.140209
0.136113
0.0830862
0.169536
0.124856
0.106582
0.141432
0.173205
0.144883
0.155802
0.183655
0.141296
0.101008
0.128078
0.149435
0.164693
0.231067
0.177719
0.118604
0.155014
0.105886
0.207738
0.150048
0.100782
0.125999
0.16602
0.204346
0.140582
0.172823
0.105619
0.136249
0.12988
0.189801
0.172423
0.234388
0.15787
0.124944
0.171313
0.185541
0.150828
0.128417
0.116519
0.141245
0.191805
0.0804388
0.189166
0.20756
0.211799
0.122514
0.143736
0.155008
0.135498
0.157471
0.155304
0.195585
0.13091
0.192853
0.165101
0.20977
0.156802
0.189465
0.142027
0.163184
0.183087
0.156832
0.114577
0.0901363
0.167983
0.148808
0.111854
0.183403
0.155404
0.172042
0.188054
0.146753
0.157869
0.104907
0.11176
0.194507
0.242205
0.139627
0.169214
0.195527
0.183591
0.120074
0.200127
0.105494
0.143672
0.123445
0.213948
0.194323
0.165211
0.203355
0.143115
0.243309
0.174404
0.177724
0.168193
0.148664
0.141679
0.151316
0.153543
0.171548
0.163755
0.135322
0.222515
0.139905
0.178314
0.173944
0.137505
0.112552
0.124462
0.183272
0.138158
0.187645
0.12238
0.217529
0.1153
0.147978
0.177101
0.142698
0.169835
0.137457
0.183581
0.154738
0.210208
0.15645
0.212014
0.120625
0.184609
0.15395
0.148137
0.150127
0.182822
0.116992
0.226087
0.123604
0.146467
0.0849264
0.181987
0.119469
0.171526
0.133696
0.0906081
0.153182
0.221448
0.158405
0.147855
0.156032
0.196898
0.16505
0.17642
0.134231
0.209643
0.134699
0.169653
0.187093
0.176609
0.164369
0.219471
0.133616
0.0883126
0.147438
0.232051
0.129931
0.169767
0.194245
0.105032
0.109834
0.142652
0.19515
0.143079
0.136218
0.152606
0.185185
0.143552
0.188097
0.165127
0.115623
0.14684
0.085444
0.141844
0.148125
0.181498
0.143983
0.189657
0.136043
0.160355
0.150314
0.17237
0.188853
0.166499
0.212843
0.165562
0.150143
0.187377
0.17272
0.160396
0.14821
0.174801
0.163017
0.150107
0.203755
0.189802
0.119142
0.165719
0.183257
0.158032
0.172843
0.217045
0.131057
0.167064
0.171893
0.132902
0.130229
0.2077
0.179041
0.125832
0.157918
0.165087
0.117283
0.15222
0.188312
0.165038
0.130281
0.14704
0.133167
0.174246
0.117343
0.118916
0.169142
0.127367
0.181053
0.189916
0.130154
0.140234
0.174098
0.180965
0.150122
0.105547
0.16488
0.169273
0.14217
0.145566
0.100313
0.133267
0.236264
0.170162
0.141428
0.120109
0.127178
0.146439
0.13482
0.150753
0.0993662
0.157463
0.155183
0.184932
0.236784
0.10145
0.171552
0.137558
0.15538
0.0950696
0.161271
0.126017
0.187048
0.145492
0.169236
0.156692
0.162589
0.175296
0.108725
0.132318
0.119578
0.159066
0.218881
0.157595
0.11129
0.177701
0.140619
0.209494
0.185767
0.18547
0.121165
0.150713
0.148852
0.116048
0.192718
0.131191
0.210174
0.228289
0.218618
0.149477
0.175683
0.207603
0.1476
0.121113
0.133863
0.160702
0.145012
0.125907
0.137246
0.179432
0.179002
0.16791
0.134079
0.190141
0.154283
0.150474
0.188907
0.139083
0.136733
0.220727
0.115043
0.133131
0.155763
0.178384
0.158327
0.123184
0.166828
0.169974
0.146592
0.20872
0.158304
0.137898
0.113056
0.176358
0.126835
0.144853
0.188678
0.254857
0.106046
0.138052
0.0981997
0.126329
0.106356
0.12933
0.154899
0.160923
0.172051
0.0930751
0.117536
0.133102
0.187312
0.159171
0.187851
0.157944
0.106624
0.144981
0.190755
0.107461
0.170439
0.108421
0.211565
0.171285
0.141167
0.147317
0.0977728
0.119782
0.0883503
0.124781
0.091433
0.195557
0.116418
0.216777
0.152066
0.165635
0.207883
0.196179
0.187206
0.204574
0.130915
0.137419
0.112124
0.139797
0.205426
0.190092
0.175774
0.143987
0.151575
0.1719
0.187083
0.11144
0.126266
0.162455
0.124079
0.161576
0.17483
0.199077
0.104453
0.112633
0.163015
0.128606
0.156999
0.165418
0.129425
0.116727
0.152181
0.133315
0.143795
0.234647
0.167042
0.171684
0.153921
0.136496
0.148696
0.154701
0.133359
0.158481
0.190585
0.16329
0.11611
0.0806382
0.111331
0.206715
0.140009
0.1434
0.136053
0.210901
0.133385
0.195793
0.178068
0.197724
0.08856
0.190244
0.138142
0.217807
0.140884
0.192104
0.161135
0.111957
0.162546
0.198171
0.181141
0.15914
0.132369
0.161823
0.152453
0.142483
0.10489
0.165929
0.189013
0.182857
0.125683
0.217905
0.145107
0.161155
0.192118
0.138835
0.153223
0.177566
0.193636
0.201559
0.0900017
0.145981
0.164418
0.138301
0.148373
0.135263
0.126966
0.162645
0.162603
0.125423
0.118572
0.119589
0.138063
0.149645
0.139222
0.143295
0.165161
0.202663
0.154381
0.17795
0.123021
0.210475
0.133677
0.171813
0.170504
0.226188
0.165482
0.134996
0.161484
0.153174
0.136124
0.146467
0.14132
0.125279
0.163521
0.164622
0.182002
0.171113
0.18778
0.178271
0.13682
0.191681
0.162264
0.160354
0.172866
0.104096
0.176197
0.0993751
0.186465
0.154449
0.178244
0.204278
0.159864
0.180347
0.221736
0.214271
0.120821
0.200032
0.252268
0.175016
0.126594
0.190529
0.0942635
0.134239
0.140115
0.106891
0.147086
0.19468
0.212426
0.223407
0.116404
0.168213
0.15393
0.0899198
0.157965
0.186158
0.12838
0.136729
0.0655825
0.189927
0.196174
0.174781
0.0823141
0.165706
0.232804
0.140704
0.1121
0.127355
0.10143
0.202556
0.141138
0.0758025
0.136849
0.141275
0.103199
0.152678
0.172644
0.140668
0.122767
0.177772
0.196272
0.266501
0.0968308
0.153177
0.21732
0.16088
0.135406
0.109233
0.20474
0.189542
0.178796
0.145509
0.157246
0.195771
0.119851
0.187234
0.184647
0.136315
0.0578857
0.140555
0.130305
0.147719
0.119325
0.180328
0.177226
0.198742
0.17595
0.136216
0.175209
0.217178
0.170198
0.0793748
0.15903
0.134498
0.128607
0.152081
0.189761
0.153119
0.122156
0.20059
0.185542
0.187118
0.13271
0.174327
0.1514
0.247383
0.200756
0.185502
0.165269
0.126873
0.154461
0.151798
0.134999
0.130056
0.190679
0.18501
0.150265
0.193001
0.0812307
0.143103
0.133156
0.180641
0.175882
0.128294
0.120791
0.147654
0.0823053
0.107261
0.147318
0.153352
0.123499
0.178439
0.123623
0.109123
0.191958
0.156553
0.0887379
0.176919
0.139133
0.135788
0.124216
0.0980041
0.158876
0.196932
0.166454
0.114479
0.153168
0.166253
0.193786
0.166665
0.135715
0.272637
0.134905
0.195611
0.143749
0.0948568
0.13743
0.209077
0.157607
0.197681
0.150563
0.132758
0.148162
0.163103
0.0595356
0.14865
0.0960751
0.1734
0.185777
0.161989
0.161799
0.130115
0.160416
0.123318
0.198219
