0
0.000387458
0.00308532
0.00668992
0.0114061
0.0131873
0.0103703
0.0113804
0.0186298
0.0342194
0.0164453
0.0169528
0.0279904
0.0296543
0.0212627
0.0449773
0.0272998
0.0264563
0.022935
0.0469887
0.0480441
0.0410991
0.0287832
0.0512156
0.0358583
0.0412394
0.0392825
0.0558432
0.0404416
0.0444303
0.053881
0.0708607
0.057334
0.0689769
0.0597217
0.0641238
0.0696969
0.0635988
0.0710822
0.0922961
0.0628178
0.0488028
0.0655563
0.0838123
0.0615008
0.0542379
0.0472081
0.0709767
0.0603997
0.0739111
0.0811571
0.0916818
0.0683735
0.104222
0.0618277
0.0882932
0.0702963
0.0606068
0.0935519
0.0985962
0.0832759
0.0682136
0.0667058
0.0844585
0.0708481
0.0888278
0.0817923
0.0864826
0.124867
0.0803561
0.122029
0.125957
0.127396
0.0777955
0.0743356
0.100824
0.0871764
0.0899986
0.117778
0.12679
0.0656247
0.112327
0.159721
0.0912406
0.079343
0.0840846
0.0896121
0.107285
0.117934
0.0706231
0.110665
0.135244
0.0783855
0.151541
0.101535
0.103504
0.133052
0.0959515
0.10423
0.126411
0.100524
0.0961698
0.163061
0.131629
0.16734
0.134283
0.148058
0.0950749
0.110816
0.0884193
0.143127
0.184307
0.128763
0.114849
0.144074
0.107981
0.0819005
0.14452
0.141345
0.162181
0.104121
0.127861
0.148092
0.133687
0.154756
0.1713
0.163182
0.152799
0.146974
0.161857
0.132277
0.150297
0.216963
0.157059
0.157362
0.150182
0.124131
0.143591
0.159687
0.136445
0.153557
0.165309
0.22395
0.149348
0.123737
0.16628
0.160224
0.166995
0.167158
0.188912
0.187863
0.184191
0.185416
0.147808
0.186496
0.15774
0.172241
0.144372
0.236267
0.192645
0.110918
0.214907
0.227115
0.19498
0.158844
0.125791
0.19031
0.167802
0.116198
0.167476
0.177708
0.228888
0.247719
0.19037
0.223444
0.135839
0.148718
0.176236
0.160706
0.182736
0.171539
0.220273
0.209956
0.213671
0.130118
0.196956
0.2478
0.203158
0.181081
0.191117
0.177928
0.231338
0.13591
0.227161
0.173324
0.240877
0.228973
0.164549
0.167842
0.191023
0.224446
0.22248
0.227439
0.252642
0.202426
0.172435
0.179303
0.207517
0.137162
0.284339
0.165857
0.159293
0.222743
0.201865
0.218567
0.191419
0.227764
0.277314
0.237128
0.18077
0.255672
0.259323
0.227771
0.224872
0.223003
0.176905
0.182185
0.248681
0.140905
0.180719
0.230461
0.242183
0.159263
0.176575
0.176401
0.172433
0.207095
0.187989
0.126008
0.197396
0.164125
0.256066
0.270453
0.217684
0.172157
0.184619
0.164983
0.25773
0.230626
0.259804
0.272506
0.190594
0.24205
0.209814
0.22029
0.224288
0.232132
0.275143
0.225157
0.21569
0.205876
0.193324
0.235751
0.304293
0.18437
0.233921
0.183988
0.145015
0.239565
0.247167
0.353183
0.215362
0.187988
0.209844
0.264121
0.268954
0.2257
0.285769
0.277512
0.311003
0.208436
0.243494
0.251499
0.259664
0.179564
0.213524
0.172085
0.193703
0.248808
0.248246
0.25711
0.240198
0.347249
0.28389
0.285563
0.287465
0.23446
0.308581
0.278322
0.239235
0.126085
0.264586
0.206826
0.174142
0.273045
0.169958
0.268582
0.224833
0.169995
0.330574
0.34604
0.280986
0.253496
0.237751
0.212985
0.230614
0.11978
0.287462
0.206058
0.235298
0.236246
0.224113
0.292287
0.347206
0.199763
0.138123
0.262176
0.335322
0.247683
0.342305
0.277273
0.276102
0.154048
0.164623
0.210407
0.214697
0.203818
0.272877
0.239442
0.311977
0.314037
0.185564
0.265525
0.248744
0.26532
0.227476
0.265457
0.381131
0.17102
0.261648
0.310892
0.274406
0.133355
0.279788
0.206856
0.431843
0.350372
0.331214
0.230275
0.176778
0.213453
0.165055
0.20107
0.238715
0.206787
0.337804
0.22589
0.245373
0.285694
0.324261
0.275807
0.322238
0.227196
0.2841
0.325973
0.269812
0.304836
0.198379
0.309858
0.237383
0.273055
0.215013
0.264066
0.267623
0.249464
0.356041
0.188467
0.343775
0.344472
0.348835
0.201562
0.356869
0.274318
0.251398
0.258252
0.309872
0.248886
0.292924
0.263963
0.304319
0.285898
0.308627
0.290548
0.276418
0.274756
0.296465
0.286497
0.243201
0.269197
0.283892
0.278646
0.318217
0.204807
0.237014
0.261566
0.315319
0.187667
0.311542
0.382244
0.270335
0.214835
0.294625
0.256586
0.373369
0.244117
0.194758
0.246593
0.308749
0.270019
0.320572
0.208486
0.312335
0.256502
0.422935
0.370259
0.257749
0.250238
0.179172
0.242794
0.327954
0.142408
0.371642
0.248761
0.255359
0.321453
0.224222
0.168509
0.367902
0.213797
0.291177
0.296823
0.34289
0.206987
0.367124
0.203986
0.32416
0.231563
0.272326
0.303982
0.330653
0.18915
0.427671
0.27834
0.324447
0.330063
0.331837
0.303144
0.24568
0.16162
0.352628
0.38502
0.251659
0.206514
0.31548
0.289346
0.274626
0.154136
0.219487
0.194415
0.281885
0.226903
0.278217
0.245735
0.234599
0.24299
0.321502
0.301874
0.391192
0.236346
0.274664
0.386921
0.203829
0.270626
0.420756
0.454323
0.228788
0.363902
0.295002
0.365966
0.411936
0.252725
0.292798
0.234594
0.355598
0.0782602
0.193252
0.199559
0.237681
0.284256
0.298632
0.27853
0.318522
0.245082
0.291762
0.328594
0.234905
0.266907
0.301233
0.415897
0.40651
0.157277
0.323413
0.279159
0.324723
0.248484
0.330093
0.265413
0.304404
0.372392
0.42245
0.393129
0.340815
0.282398
0.2306
0.193134
0.276729
0.165321
0.428625
0.415744
0.49077
0.30081
0.294001
0.347146
0.344449
0.270856
0.273953
0.295378
0.308477
0.272232
0.230899
0.366648
0.171949
0.217605
0.278561
0.329199
0.38035
0.2496
0.378084
0.263863
0.416332
0.381039
0.268743
0.316636
0.378608
0.166689
0.436432
0.214031
0.269153
0.334278
0.245005
0.291104
0.241651
0.292812
0.241533
0.316454
0.318039
0.286576
0.296905
0.261675
0.335745
0.239155
0.405007
0.40629
0.416411
0.25068
0.31031
0.315397
0.252389
0.312914
0.370138
0.303933
0.28867
0.282312
0.304041
0.292357
0.330194
0.258447
0.327115
0.271745
0.280885
0.201827
0.413926
0.369387
0.314978
0.402369
0.409656
0.359712
0.36794
0.20202
0.364584
0.293222
0.330949
0.331279
0.346024
0.231481
0.284425
0.395097
0.23197
0.286956
0.310858
0.348237
0.241265
0.424791
0.3467
0.334877
0.253309
0.358194
0.424989
0.333706
0.310378
0.244497
0.33093
0.208132
0.423318
0.347328
0.359436
0.305051
0.248899
0.417377
0.28002
0.317126
0.277551
0.292498
0.260262
0.361226
0.268473
0.300329
0.259852
0.313633
0.248493
0.226277
0.378061
0.344351
0.320839
0.246909
0.169017
0.248226
0.44057
0.182617
0.337163
0.169703
0.370785
0.419322
0.296382
0.219987
0.333369
0.325238
0.2899
0.327402
0.259908
0.195255
0.363427
0.27752
0.225377
0.312632
0.35761
0.165456
0.262892
0.311091
0.436076
0.255774
0.378877
0.350113
0.501088
0.144711
0.355832
0.318892
0.387352
0.269618
0.361828
0.474042
0.226502
0.37573
0.240881
0.480793
0.277092
0.316487
0.289593
0.355028
0.257124
0.349303
0.24341
0.385046
0.346784
0.291989
0.221773
0.282476
0.380859
0.2339
0.489362
0.263763
0.284246
0.244738
0.354787
0.363918
0.316597
0.314263
0.298166
0.377553
0.303604
0.284451
0.219368
0.352677
0.360048
0.334412
0.351821
0.404488
0.282154
0.256468
0.277156
0.414025
0.391569
0.300599
0.372952
0.366183
0.377481
0.283821
0.399178
0.250587
0.275385
0.360624
0.324729
0.316779
0.450331
0.312888
0.392296
0.318557
0.276304
0.403715
0.321461
0.302118
0.458606
0.297422
0.331457
0.267843
0.276891
0.325524
0.292142
0.329418
0.253383
0.328613
0.352032
0.180445
0.231204
0.237656
0.219671
0.310272
0.300513
0.334441
0.2608
0.340779
0.408866
0.323805
0.280247
0.385822
0.318308
0.265077
0.402914
0.370015
0.303043
0.191169
0.235997
0.299035
0.354247
0.287924
0.296518
0.289018
0.308592
0.20825
0.182944
0.292383
0.257466
0.205973
0.406744
0.274076
0.322378
0.373289
0.330096
0.400108
0.409819
0.262042
0.246403
0.28931
0.37807
0.322688
0.536342
0.372608
0.340953
0.22363
0.361929
0.343156
0.323098
0.242861
0.35817
0.406158
0.347992
0.288076
0.328521
0.244403
0.3011
0.308157
0.288351
0.37061
0.322705
0.263922
0.399665
0.368061
0.278799
0.252721
0.288796
0.301425
0.171228
0.221108
0.358912
0.238742
0.194372
0.195331
0.450167
0.290144
0.291198
0.245039
0.438632
0.306609
0.343028
0.301906
0.232642
0.328301
0.504588
0.236539
0.186418
0.399285
0.341039
0.30918
0.282725
0.341768
0.302197
0.397911
0.385468
0.32449
0.212133
0.287507
0.356905
0.411133
0.434785
0.347341
0.463604
0.309331
0.372915
0.315646
0.248138
0.467739
0.351919
0.273616
0.46094
0.279128
0.291292
0.264731
0.361713
0.439484
0.384605
0.296555
0.346414
0.390176
0.369339
0.222226
0.336562
0.289672
0.308277
0.219608
0.262742
0.201804
0.263587
0.28503
0.443083
0.318881
0.361263
0.408414
0.306614
0.363875
0.3932
0.332391
0.390832
0.405444
0.312079
0.257333
0.34047
0.358297
0.377834
0.274522
0.400604
0.312493
0.352412
0.359853
0.486875
0.370596
0.418665
0.231367
0.318255
0.296967
0.382065
0.383338
0.366644
0.322809
0.37803
0.220413
0.377101
0.395195
0.184738
0.346046
0.35441
0.36386
0.246836
0.338562
0.265329
0.187622
0.351773
0.181614
0.434042
0.346492
0.334619
0.328426
0.34831
0.288959
0.343186
0.385832
0.395097
0.271945
0.398297
0.241411
0.329545
0.406353
0.285977
0.261904
0.374062
0.316763
0.288633
0.379648
0.30517
0.34898
0.333108
0.370107
0.325168
0.378976
0.297766
0.245813
0.328593
0.308236
0.365171
0.217927
0.296148
0.421206
0.319088
0.251467
0.278639
0.246464
0.322102
0.231166
0.202211
0.354744
0.328808
0.20796
0.255669
0.450318
0.416011
0.294823
0.283845
0.337786
0.345807
0.225585
0.317106
0.398947
0.333556
0.316525
0.338814
0.298929
0.467729
0.344861
0.31282
0.265108
0.253837
0.244995
0.386681
0.268388
0.318243
0.354142
0.36467
0.344251
0.303085
0.337201
0.4018
0.383205
0.272108
0.291623
0.30842
0.290081
0.294255
0.368705
0.387287
0.342015
0.282154
0.325519
0.381185
0.30205
0.343513
0.324093
0.222538
0.284564
0.253981
0.179925
0.352942
0.44877
0.329509
0.318938
0.269753
0.28406
0.408955
0.11732
0.344865
0.266282
0.291568
0.299877
0.314735
0.265963
0.316709
0.35653
0.399145
0.372213
0.265069
0.273836
0.340651
0.294765
0.268103
0.290378
0.290924
0.246672
0.305856
0.261414
0.302875
0.350369
0.365689
0.193309
0.253499
0.230708
0.348372
0.251507
0.296914
0.285068
0.385734
0.176741
0.319456
0.404996
0.301239
0.292012
0.421133
0.280008
0.178349
0.309937
0.326483
0.357041
0.323756
0.256119
0.265793
0.350607
0.303819
0.198872
0.391432
0.371866
0.349671
0.278144
0.34155
0.433115
0.462883
0.190371
0.212053
0.299712
0.240026
0.325225
0.350173
0.374567
0.312055
0.346779
0.233271
0.411694
0.177572
0.27076
0.270262
0.208444
0.229434
0.198156
0.205326
0.222589
0.243704
0.334945
0.538703
0.439073
0.227128
0.347664
0.354673
0.305684
0.351272
0.258404
0.365945
0.413158
0.259389
0.366053
0.313682
0.316209
0.304638
0.259943
0.395843
0.231209
0.124196
0.294519
0.284861
0.300947
0.190982
0.318168
0.293675
0.392829
0.199456
0.332461
0.359685
0.335303
0.364705
0.242213
0.325679
0.266242
0.303448
0.217432
0.155963
0.372739
0.385886
0.286655
0.259773
0.411461
0.361831
0.267305
0.272055
0.209311
0.269135
0.288988
0.341608
0.343779
0.391856
0.411441
0.301082
0.38091
0.343845
0.256392
0.414914
0.297265
0.313575
0.333862
0.264138
0.349846
0.416919
0.201713
0.516314
0.349125
0.365987
0.238388
0.506646
0.396685
0.337015
0.236368
0.249449
0.311666
0.248508
0.290083
0.338254
0.254432
0.222804
0.226887
0.343233
0.36366
0.369037
0.337993
0.353025
0.371894
0.22909
0.347145
0.238828
0.413117
0.395873
0.263599
0.276669
0.335343
0.382849
0.311594
0.367312
0.407576
0.412683
0.339465
0.341923
0.337795
0.412801
0.198421
0.32453
0.300257
0.404806
0.308594
0.309049
0.370967
0.496148
0.199427
0.43585
0.364487
0.27713
0.256315
0.293604
0.344212
0.390943
0.231746
0.313939
0.381598
0.324006
0.259353
0.220215
0.246865
0.336825
0.360355
0.363131
0.303913
0.30546
0.344288
0.325637
0.343956
0.225777
0.233099
0.388622
0.334775
0.302754
0.244859
0.417787
0.366522
0.458281
0.296398
0.299394
0.359479
0.367808
0.368164
0.241507
0.374479
0.294085
0.253866
0.399148
0.322655
0.210382
0.234628
0.412688
0.269752
0.394232
0.344507
0.27714
0.332717
0.26779
0.186741
0.375353
0.374144
0.358681
0.204075
0.385265
0.387105
0.353166
0.346417
0.395144
0.318375
0.357433
0.32542
0.320458
0.322511
0.445687
0.317052
0.33861
0.389816
0.397744
0.343622
0.263402
0.302644
0.379389
0.211903
0.47494
0.388792
0.398301
0.433144
0.411475
0.365988
0.314483
0.255376
0.278496
0.259703
0.389251
0.286822
0.421842
0.329727
0.482079
0.247856
0.385565
0.410746
0.3378
0.33395
0.304844
0.361239
0.343887
0.378401
0.408806
0.385027
0.345294
0.321643
0.314829
0.351228
0.51058
0.280555
0.319953
0.38405
0.498583
0.366906
0.421366
0.327662
0.32077
0.363667
0.305507
0.32623
0.444314
0.323219
0.370039
0.317144
0.427431
0.347009
0.267196
0.175744
0.405796
0.207506
0.323641
0.382383
0.391153
0.36555
0.285793
0.403091
0.369047
0.284856
0.443123
0.218204
0.23026
0.178348
0.196565
0.380725
0.39036
0.214112
0.343466
0.312315
0.330453
0.410007
0.419434
0.362291
0.370723
0.312511
0.350279
0.388618
0.330113
0.253934
0.485782
0.273374
0.342953
0.226693
0.446473
0.314113
0.372107
0.228208
0.401429
0.329743
0.253064
0.374439
0.362808
0.276919
0.300023
0.320443
0.381369
0.392986
0.20746
0.406058
0.292895
0.322935
0.325152
0.350292
0.253659
0.371062
0.38448
0.220271
0.305801
0.333318
0.309557
0.297578
0.383369
0.335678
0.388219
0.235228
0.295482
0.381464
0.358511
0.176345
0.340596
0.256537
0.26136
0.270778
0.322268
0.258159
0.313771
0.297827
0.28901
0.468311
0.23984
0.366235
0.37854
0.421899
0.413082
0.223693
0.247377
0.411375
0.356656
0.346023
0.368477
0.391417
0.416421
0.21706
0.462974
0.253164
0.36226
0.274328
0.334513
0.255146
0.379604
0.338162
0.25289
0.313044
0.403626
0.363837
0.326058
0.380299
0.287874
0.326941
0.377906
0.418101
0.335964
0.272527
0.424109
0.314969
0.347265
0.256822
0.27289
0.283398
0.246069
0.28504
0.300049
0.372959
0.314553
0.276623
0.324849
0.3482
0.341744
0.175647
0.185311
0.307883
0.390072
0.354687
0.248215
0.272801
0.42539
0.328907
0.366634
0.304252
0.324306
0.265604
0.346282
0.280058
0.276948
0.22933
0.323701
0.316442
0.41344
0.396898
0.29162
0.36984
0.412903
0.247047
0.406151
0.312333
0.284672
0.270029
0.218142
0.122585
0.306159
0.345539
0.376558
0.351291
0.258819
0.297975
0.321487
0.209908
0.277283
0.236698
0.373592
0.30713
0.444912
0.297184
0.331738
0.377983
0.36333
0.375903
0.274361
0.39678
0.273889
0.400386
0.387574
0.31225
0.380362
0.253758
0.310295
0.380215
0.429906
0.292972
0.308539
0.279028
0.33392
0.300196
0.388863
0.357446
0.28826
0.345666
0.290077
0.351481
0.399299
0.273539
0.375979
0.344009
0.315324
0.332912
0.40397
0.413133
0.37358
0.269375
0.298993
0.395472
0.431726
0.293926
0.337767
0.352311
0.309889
0.212941
0.267369
0.370519
0.223966
0.203814
0.372561
0.288114
0.429409
0.33288
0.357842
0.286744
0.277833
0.214049
0.343248
0.340918
0.268998
0.357833
0.402627
0.318268
0.37302
0.52101
0.350433
0.285268
0.341229
0.238698
0.317677
0.332743
0.322629
0.353627
0.322465
0.366285
0.250132
0.283374
0.245499
0.305701
0.403003
0.341204
0.286601
0.363002
0.325798
0.451059
0.488705
0.346927
0.221861
0.325785
0.399427
0.342415
0.381796
0.266966
0.297551
0.223346
0.323246
0.294465
0.447642
0.467762
0.410943
0.400158
0.453308
0.354717
0.362793
0.332516
0.253514
0.356881
0.339176
0.350143
0.349078
0.29559
0.296351
0.233145
0.390142
0.319792
0.363343
0.423781
0.371195
0.304121
0.348177
0.198626
0.276192
0.327948
0.295301
0.328557
0.561012
0.452117
0.233187
0.354459
0.318361
0.460796
0.398016
0.376313
0.30948
0.370972
0.388583
0.232268
0.370402
0.473816
0.419216
0.327214
0.418069
0.262806
0.36301
0.410535
0.323179
0.284874
0.308487
0.2494
0.352771
0.406542
0.362532
0.20263
0.32502
0.265091
0.319802
0.376974
0.326461
0.448795
0.303995
0.225814
0.233977
0.400935
0.370545
0.330028
0.38459
0.381857
0.228561
0.317951
0.345274
0.395261
0.347043
0.24771
0.340357
0.351559
0.317518
0.248566
0.287581
0.327526
0.269529
0.397009
0.39944
0.166804
0.254376
0.18696
0.279537
0.42223
0.362784
0.30752
0.343954
0.27563
0.278383
0.318676
0.445605
0.402821
0.363514
0.27952
0.426951
0.242538
0.317593
0.19851
0.332549
0.39135
0.279624
0.307601
0.375713
0.384932
0.301349
0.366112
0.408146
0.308836
0.331947
0.396837
0.258445
0.363836
0.324994
0.414015
0.303712
0.32225
0.251364
0.295638
0.22114
0.289583
0.409951
0.319078
0.382465
0.369278
0.305852
0.262968
0.384523
0.460825
0.363674
0.25723
0.38851
0.295453
0.439569
0.306739
0.392238
0.339045
0.324996
0.335596
0.434
0.442077
0.441926
0.30575
0.358467
0.32676
0.271644
0.346146
0.356404
0.343867
0.161348
0.341486
0.388907
0.286738
0.267887
0.224737
0.278752
0.300519
0.424319
0.233142
0.287194
0.296779
0.344607
0.35302
0.210108
0.353746
0.375461
0.252168
0.262818
0.420246
0.340053
0.353379
0.304269
0.371087
0.282297
0.391711
0.37032
0.180133
0.19911
0.243349
0.409439
0.38271
0.429759
0.318535
0.215577
0.354728
0.312784
0.297649
0.29317
0.364015
0.456126
0.261617
0.41937
0.306889
0.184662
0.302839
0.392501
0.286861
0.355368
0.276606
0.314057
0.423696
0.291953
0.257447
0.308314
0.422191
0.285618
0.337521
0.368628
0.380127
0.248917
0.31093
0.305038
0.452584
0.279777
0.368613
0.333731
0.404231
0.381224
0.274969
0.365951
0.276213
0.193206
0.34357
0.341448
0.416587
0.260423
0.250087
0.263975
0.334206
0.340716
0.299533
0.243554
0.217029
0.350644
0.358578
0.510246
0.389994
0.217879
0.311903
0.405617
0.393317
0.241562
0.365652
0.225261
0.266936
0.233402
0.346439
0.350562
0.354911
0.233077
0.363305
0.388717
0.481639
0.377582
0.226061
0.279603
0.356002
0.275862
0.312097
0.320157
0.350393
0.36869
0.420555
0.36534
0.42939
0.405139
0.40879
0.253191
0.346947
0.334597
0.210424
0.365158
0.329092
0.389351
0.198273
0.507941
0.316729
0.268837
0.334305
0.313293
0.415431
0.380797
0.264174
0.399639
0.380133
0.179327
0.264675
0.462524
0.294888
0.295658
0.406376
0.358496
0.28388
0.399312
0.221019
0.315651
0.273451
0.351594
0.307347
0.30109
0.311146
0.318042
0.276437
0.30553
0.311482
0.285292
0.348007
0.203096
0.287013
0.21402
0.317652
0.446946
0.300605
0.226499
0.289569
0.398699
0.23683
0.2957
0.315511
0.309724
0.320997
0.259393
0.323162
0.27951
0.305162
0.357885
0.367398
0.346676
0.331753
0.474783
0.37268
0.616992
0.345244
0.379874
0.228053
0.362069
0.301519
0.501064
0.323903
0.421081
0.289525
0.248543
0.314567
0.286849
0.359074
0.356734
0.214027
0.336284
0.340344
0.350069
0.255467
0.236893
0.259861
0.255387
0.376664
0.496385
0.274548
0.265617
0.185412
0.357321
0.333288
0.2861
0.23458
0.36159
0.313056
0.265253
0.269767
0.326121
0.180179
0.354473
0.255601
0.388319
0.375978
0.219404
0.212513
0.228041
0.325136
0.320369
0.326911
0.272387
0.230196
0.24214
0.239908
0.343332
0.265563
0.28864
0.311695
0.383939
0.165672
0.459875
0.358637
0.346197
0.483329
0.335556
0.358416
0.236825
0.353031
0.341361
0.401498
0.374128
0.244659
0.251899
0.241992
0.263837
0.372077
0.398298
0.282604
0.310826
0.305991
0.341932
0.279648
0.331689
0.321378
0.205327
0.290711
0.315323
0.333153
0.264705
0.351177
0.368181
0.235756
0.328214
0.300557
0.388981
0.341972
0.357773
0.263574
0.286804
0.28806
0.35913
0.332355
0.31111
0.346308
0.41605
0.130506
0.413849
0.460528
0.277499
0.462588
0.197223
0.223658
0.310766
0.227169
0.325482
0.302957
0.287211
0.17206
0.305814
0.26303
0.244318
0.350152
0.285977
0.274579
0.318599
0.269691
0.406524
0.29598
0.320758
0.353063
0.304756
0.259001
0.317318
0.286028
0.307345
0.231317
0.278507
0.295136
0.389439
0.335039
0.216632
0.235483
0.270072
0.255384
0.274028
0.397598
0.278586
0.274373
0.441804
0.294641
0.273631
0.14003
0.370884
0.320345
0.324022
0.35259
0.264488
0.252578
0.262064
0.335176
0.366432
0.342911
0.30919
0.31789
0.403505
0.268689
0.384492
0.353069
0.283359
0.310552
0.462473
0.445883
0.282938
0.286506
0.449584
0.309229
0.255349
0.257603
0.238689
0.250071
0.375108
0.186892
0.375523
0.351186
0.48279
0.232927
0.263153
0.396291
0.390526
0.316886
0.31384
0.226741
0.523427
0.290954
0.293373
0.406119
0.193404
0.342816
0.385203
0.309876
0.348252
0.403002
0.337389
0.264074
0.240247
0.269348
0.341473
0.354061
0.443802
0.334607
0.2473
0.407194
0.428234
0.351081
0.276292
0.351274
0.351424
0.350454
0.234581
0.299849
0.225128
0.258261
0.381446
0.397815
0.305549
0.336244
0.394519
0.267299
0.303121
0.274724
0.480073
0.548844
0.378121
0.479142
0.357236
0.35519
0.294447
0.350778
0.242365
0.338969
0.528646
0.30129
0.281923
0.303888
0.323235
0.217485
0.322336
0.376311
0.332391
0.23603
0.281873
0.427952
0.283639
0.364068
0.401357
0.258296
0.263684
0.310507
0.329274
0.386621
0.403907
0.339247
0.378396
0.359969
0.260919
0.31145
0.318212
0.25349
0.270308
0.220803
0.481461
0.383548
0.39015
0.278643
0.257895
0.315728
0.213062
0.263119
0.380864
0.251083
0.322767
0.304154
0.224619
0.46739
0.304823
0.225369
0.352154
0.322688
0.292748
0.347233
0.304523
0.430896
0.287982
0.239227
0.326168
0.306396
0.323684
0.243001
0.177608
0.32061
0.308451
0.297088
0.252986
0.284284
0.342763
0.279205
0.319838
0.253638
0.23965
0.366562
0.294673
0.332134
0.275599
0.559403
0.363097
0.379186
0.374462
0.260601
0.382216
0.368854
0.509773
0.223732
0.357306
0.349204
0.239766
0.397504
0.252793
0.259941
0.278514
0.28946
0.466438
0.282758
0.405542
0.305115
0.358878
0.286767
0.321318
0.368662
0.422142
0.310841
0.252224
0.249537
0.275269
0.318216
0.334237
0.362359
0.295866
0.208995
0.459617
0.328733
0.283064
0.336398
0.437452
0.207137
0.323983
0.253139
0.316195
0.308556
0.332807
0.280509
0.347792
0.356319
0.409079
0.32629
0.322412
0.321871
0.295931
0.358175
0.329649
0.404922
0.2466
0.3531
0.338148
0.358101
0.359522
0.308309
0.314576
0.380109
0.386294
0.302162
0.323564
0.213217
0.339306
0.272817
0.343468
0.21043
0.348443
0.505459
0.438933
0.299664
0.386315
0.432938
0.313308
0.247681
0.386797
0.424805
0.331215
0.249925
0.335726
0.228512
0.230225
0.221008
0.424507
0.399267
0.435149
0.247709
0.296423
0.370811
0.40541
0.267283
0.233445
0.257868
0.237695
0.184275
0.509731
0.481836
0.360226
0.389263
0.361775
0.262704
0.371558
0.330006
0.241289
0.292993
0.235713
0.327591
0.342761
0.294259
0.343045
0.428993
0.336489
0.256203
0.231073
0.289597
0.265574
0.312138
0.36567
0.192264
0.194819
0.252018
0.251043
0.420223
0.42968
0.187021
0.383631
0.188538
0.259383
0.217788
0.277426
0.36271
0.230573
0.346106
0.28492
0.247282
0.235444
0.328696
0.395933
0.154025
0.299599
0.353847
0.389648
0.223283
0.240408
0.281202
0.344376
0.298392
0.297294
0.256829
0.375367
0.28472
0.288135
0.297773
0.429693
0.297815
0.359526
0.32193
0.231024
0.242808
0.34093
0.32165
0.268289
0.201082
0.287386
0.205664
0.305349
0.36978
0.318567
0.360534
0.269758
0.36918
0.337557
0.236856
0.27255
0.21967
0.398432
0.320062
0.335907
0.312869
0.289205
0.270492
0.485802
0.323557
0.327601
0.413412
0.348365
0.272558
0.296546
0.277896
0.352024
0.220117
0.35374
0.24815
0.247987
0.338349
0.327987
0.31802
0.270002
0.479108
0.369227
0.229828
0.306324
0.372919
0.310885
0.29904
0.433219
0.307813
0.360857
0.373505
0.331798
0.233061
0.361601
0.307918
0.308478
0.280628
0.41542
0.388611
0.340696
0.401031
0.300269
0.252318
0.362529
0.35102
0.274232
0.262037
0.194749
0.307006
0.413924
0.351591
0.249593
0.27611
0.237616
0.383088
0.313373
0.194655
0.210979
0.327518
0.298823
0.273125
0.230834
0.270526
0.331076
0.25857
0.334484
0.364625
0.41341
0.400953
0.292895
0.487845
0.259478
0.286616
0.387341
0.309989
0.381275
0.183351
0.326833
0.326628
0.367869
0.229984
0.361551
0.29868
0.321738
0.30761
0.368394
0.359784
0.372848
0.357016
0.297196
0.329238
0.41029
0.436697
0.330499
0.356898
0.316881
0.263033
0.249382
0.280696
0.334658
0.224928
0.365096
0.371979
0.389681
0.379905
0.242812
0.274281
0.346049
0.313395
0.298936
0.327359
0.377845
0.358357
0.308591
0.392032
0.370318
0.321759
0.357133
0.362954
0.357153
0.309067
0.269488
0.308971
0.301534
0.300698
0.286353
0.331781
0.315452
0.315962
0.310728
0.386985
0.419341
0.149576
0.401577
0.314815
0.201582
0.275528
0.303336
0.349668
0.298955
0.295603
0.350312
0.281944
0.313736
0.279928
0.31966
0.394272
0.402529
0.292158
0.302499
0.348034
0.350792
0.360089
0.208496
0.375757
0.316766
0.221043
0.35015
0.272039
0.316903
0.289441
0.252112
0.263199
0.417187
0.305081
0.350784
0.325308
0.325554
0.309052
0.393023
0.45697
0.278217
0.378593
0.499186
0.378053
0.306604
0.225018
0.336603
0.401242
0.369983
0.225019
0.317735
0.319868
0.320153
0.211461
0.350141
0.394655
0.437331
0.21282
0.31931
0.249992
0.291816
0.317105
0.332734
0.379889
0.296001
0.28484
0.33305
0.367913
0.437026
0.361691
0.296603
0.250499
0.443247
0.270233
0.323691
0.381276
0.330356
0.311024
0.392636
0.287399
0.199516
0.30046
0.310979
0.375474
0.221693
0.395407
0.29149
0.352718
0.33469
0.353722
0.287365
0.184903
0.290755
0.227674
0.346891
0.276813
0.238474
0.431782
0.288892
0.395162
0.370854
0.228435
0.31057
0.403774
0.363703
0.1826
0.32381
0.366799
0.552008
0.208823
0.388324
0.430028
0.329981
0.259104
0.255972
0.421667
0.296907
0.250368
0.257037
0.368137
0.25872
0.350126
0.321572
0.319445
0.259377
0.256902
0.31576
0.286199
0.320996
0.285918
0.265121
0.329449
0.352214
0.351044
0.343597
0.348962
0.346095
0.291851
0.387276
0.456194
0.290004
0.245883
0.305895
0.449901
0.260377
0.147967
0.253362
0.249488
0.225913
0.184118
0.358293
0.330007
0.417942
0.245748
0.363546
0.269377
0.313376
0.229937
0.329847
0.345701
0.258826
0.240365
0.303755
0.280025
0.300337
0.368015
0.378031
0.322299
0.289882
0.223777
0.302073
0.31765
0.420446
0.229558
0.394344
0.335208
0.353014
0.239665
0.424967
0.331108
0.354897
0.375227
0.329347
0.382749
0.292529
0.258714
0.304934
0.355015
0.303748
0.484507
0.279094
0.42018
0.363801
0.201272
0.295755
0.312955
0.23005
0.283403
0.273211
0.24022
0.349347
0.251374
0.192559
0.359165
0.374431
0.355982
0.408068
0.474531
0.384371
0.20568
0.362126
0.355921
0.377649
0.285261
0.346143
0.24155
0.223373
0.207119
0.312966
0.330456
0.286235
0.23528
0.387955
0.441082
0.443818
0.334769
0.374881
0.384488
0.27915
0.29419
0.317762
0.35429
0.317034
0.371995
0.393612
0.33513
0.332082
0.210548
0.402052
0.271501
0.33802
0.182625
0.219306
0.278843
0.28086
0.366221
0.319257
0.329062
0.323073
0.336475
0.377326
0.39582
0.520335
0.435851
0.46035
0.294784
0.354726
0.392324
0.462671
0.299471
0.325079
0.353557
0.277964
0.45129
0.242647
0.348653
0.294389
0.375531
0.405161
0.224622
0.340102
0.271584
0.282871
0.216713
0.28284
0.241657
0.374768
0.361632
0.359829
0.276726
0.265763
0.260233
0.263245
0.363749
0.294091
0.264335
0.456257
0.354808
0.245684
0.272511
0.323306
0.412873
0.337107
0.294754
0.393547
0.385873
0.267729
0.350405
0.328064
0.438841
0.374247
0.421312
0.434143
0.283778
0.271705
0.375259
0.307841
0.419563
0.337356
0.384594
0.422428
0.320282
0.225291
0.346813
0.383674
0.338396
0.447038
0.272435
0.317719
0.296066
0.227068
0.362065
0.27454
0.358202
0.300655
0.277549
0.275279
0.352369
0.370431
0.445879
0.357807
0.395018
0.316059
0.198342
0.312574
0.342015
0.301166
0.285992
0.352572
0.26362
0.279314
0.213922
0.231255
0.402062
0.241409
0.373281
0.407905
0.373506
0.368217
0.194616
0.33921
0.377805
0.246068
0.241461
0.333164
0.407935
0.274916
0.297993
0.311424
0.303059
0.307471
0.119721
0.324458
0.425025
0.254238
0.414331
0.464795
0.361973
0.354475
0.253115
0.200663
0.374516
0.276583
0.349866
0.339731
0.424192
0.346873
0.257384
0.359278
0.479043
0.336127
0.355703
0.33168
0.273874
0.249119
0.325645
0.219804
0.238242
0.296906
0.327776
0.330911
0.231002
0.268335
0.299859
0.328483
0.350893
0.431807
0.345102
0.394921
0.371408
0.272908
0.286442
0.331858
0.263672
0.342377
0.274411
0.34919
0.255338
0.451366
0.248946
0.246483
0.213749
0.304947
0.428361
0.283677
0.347322
0.310793
0.220772
0.242538
0.270479
0.466794
0.17991
0.228626
0.297558
0.212177
0.240962
0.229085
0.317012
0.309949
0.323674
0.422016
0.307462
0.441343
0.334363
0.319462
0.277255
0.492762
0.329098
0.364768
0.303626
0.216166
0.331731
0.374992
0.346694
0.371806
0.317852
0.292704
0.256701
0.415797
0.21978
0.273467
0.385898
0.324507
0.40818
0.385179
0.461749
0.410515
0.220066
0.394136
0.239531
0.278288
0.197474
0.316274
0.288173
0.359058
0.151423
0.262519
0.262972
0.383305
0.307723
0.294989
0.465839
0.430719
0.289301
0.329242
0.429143
0.381008
0.420958
0.362867
0.277664
0.360427
0.302313
0.39347
0.356649
0.275619
0.331325
0.447055
0.202468
0.299597
0.236664
0.346642
0.354371
0.435253
0.316574
0.306648
0.281748
0.307422
0.359988
0.326655
0.321383
0.264868
0.365198
0.29097
0.259028
0.468196
0.23131
0.36093
0.305388
0.301438
0.327188
0.42167
0.346755
0.41245
0.31276
0.229768
0.214222
0.391803
0.27867
0.370721
0.335567
0.482158
0.309839
0.303112
0.439111
0.315235
0.429357
0.356876
0.186619
0.328036
0.299522
0.426024
0.459888
0.517101
0.282041
0.425591
0.346431
0.423019
0.338463
0.384762
0.217228
0.457828
0.247467
0.310509
0.214162
0.295586
0.204186
0.214427
0.442107
0.296233
0.145614
0.439591
0.409873
0.400197
0.39483
0.317096
0.30096
0.274737
0.245936
0.269571
0.319235
0.388793
0.21237
0.311723
0.3518
0.30771
0.3171
0.331108
0.188258
0.22771
0.320073
0.322679
0.391349
0.386358
0.298363
0.335897
0.354603
0.307364
0.335636
0.267794
0.301382
0.224382
0.264215
0.367223
0.370743
0.323144
0.27457
0.328762
0.33587
0.339844
0.37779
0.288641
0.26168
0.300371
0.251825
0.353771
0.333444
0.409824
0.353769
0.276584
0.381231
0.28179
0.232048
0.471214
0.43841
0.431494
0.236239
0.301837
0.383826
0.39065
0.310807
0.317329
0.393374
0.403371
0.184907
0.23368
0.324528
0.306685
0.280245
0.303111
0.481216
0.298108
0.274464
0.282049
0.154447
0.284516
0.354001
0.222722
0.286429
0.286002
0.321773
0.327041
0.374198
0.277385
0.284686
0.384173
0.416656
0.316728
0.230558
0.400499
0.223006
0.393553
0.39894
0.293605
0.41112
0.281581
0.266026
0.241718
0.31362
0.501618
0.412661
0.434818
0.325369
0.388808
0.339049
0.3201
0.289193
0.35992
0.266222
0.363475
0.277386
0.279001
0.308055
0.335431
0.488854
0.310626
0.239169
0.377255
0.266873
0.300785
0.276742
0.328807
0.407541
0.425081
0.345311
0.316005
0.392933
0.439948
0.371532
0.340106
0.408967
0.33071
0.287775
0.301714
0.367968
0.194184
0.275881
0.391635
0.3423
0.435379
0.420014
0.259878
0.414255
0.410603
0.356222
0.289407
0.291412
0.332315
0.291637
0.280228
0.269145
0.341239
0.360213
0.372856
0.270219
0.287174
0.265928
0.458927
0.364559
0.375377
0.290937
0.379095
0.390203
0.3877
0.343506
0.396157
0.306409
0.353622
0.311734
0.34523
0.524509
0.294697
0.313675
0.256393
0.349801
0.472341
0.397713
0.28822
0.393206
0.310639
0.256374
0.243773
0.344682
0.308859
0.15485
0.276433
0.333278
0.515978
0.390819
0.468964
0.227251
0.333348
0.231451
0.250451
0.282836
0.453056
0.303568
0.382391
0.261436
0.339305
0.243134
0.355652
0.459963
0.361608
0.519119
0.549133
0.347562
0.321357
0.343287
0.382385
0.186339
0.385718
0.262816
0.306929
0.340572
0.369897
0.366617
0.275815
0.390399
0.251238
0.249162
0.247518
0.238587
0.377769
0.254291
0.319992
0.29624
0.321578
0.199166
0.323797
0.274088
0.322829
0.252621
0.368561
0.376697
0.408334
0.267752
0.295152
0.393125
0.454861
0.223139
0.304602
0.383053
0.396491
0.252129
0.374824
0.305784
0.262002
0.244219
0.282388
0.410107
0.345733
0.26173
0.360187
0.255923
0.382739
0.355447
0.245329
0.25936
0.305513
0.504655
0.354548
0.184605
0.404023
0.293753
0.453969
0.381716
0.274052
0.196953
0.29622
0.316789
0.390165
0.308433
0.418521
0.242307
0.323653
0.221754
0.287213
0.294974
0.270438
0.265516
0.307543
0.248243
0.352518
0.266658
0.214132
0.287593
0.358024
0.434781
0.34698
0.287168
0.229315
0.288637
0.429158
0.358517
0.454824
0.347472
0.344831
0.324843
0.448723
0.221757
0.215262
0.341845
0.29779
0.273114
0.197492
0.396204
0.431506
0.308841
0.275357
0.242826
0.290081
0.207428
0.353121
0.401513
0.284822
0.35446
0.268759
0.324087
0.372684
0.267104
0.469287
0.35001
0.31602
0.26952
0.300326
0.253535
0.341633
0.231623
0.342436
0.372774
0.366077
0.217893
0.268264
0.390687
0.363184
0.291505
0.427997
0.289274
0.351898
0.314233
0.294285
0.35584
0.29794
0.246431
0.273835
0.407234
0.390505
0.254366
0.309727
0.2874
0.308127
0.359298
0.266081
0.40344
0.292156
0.280108
0.374148
0.43038
0.237142
0.257301
0.405217
0.503118
0.345804
0.362824
0.341844
0.402095
0.350665
0.291276
0.125335
0.453221
0.335178
0.294868
0.262393
0.306101
0.332956
0.486629
0.303318
0.318174
0.280412
0.329707
0.358194
0.52961
0.327991
0.171482
0.269394
0.38831
0.317418
0.315962
0.336833
0.408974
0.353374
0.358665
0.264002
0.248462
0.259089
0.270363
0.234078
0.407049
0.28084
0.32162
0.299135
0.337049
0.349185
0.248762
0.376588
0.323936
0.416522
0.286338
0.386126
0.311882
0.345163
0.246636
0.397295
0.309827
0.318773
0.203506
0.28318
0.289436
0.374647
0.265643
0.319087
0.366172
0.297529
0.250111
0.383115
0.295971
0.289451
0.233188
0.315161
0.3157
0.280186
0.217194
0.242939
0.235057
0.352543
0.339209
0.362896
0.456603
0.303698
0.287886
0.344912
0.276971
0.274287
0.279321
0.376816
0.231202
0.548933
0.338488
0.312811
0.214182
0.42553
0.398381
0.324306
0.325564
0.237194
0.277454
0.180048
0.34877
0.300644
0.379314
0.338818
0.344255
0.383763
0.321275
0.216182
0.249809
0.324771
0.26072
0.281387
0.33285
0.229459
0.410523
0.356123
0.302147
0.329761
0.158743
0.288976
0.200321
0.2661
0.252722
0.29196
0.288738
0.318545
0.151996
0.216814
0.318498
0.277561
0.312636
0.301184
0.295785
0.335422
0.206569
0.29147
0.279746
0.345235
0.240812
0.350037
0.251584
0.341385
0.366433
0.256557
0.314718
0.270752
0.254238
0.381078
0.358363
0.353275
0.36798
0.315092
0.228321
0.367935
0.2119
0.306026
0.291777
0.342365
0.295984
0.209102
0.401582
0.436582
0.185202
0.272944
0.440016
0.332139
0.197713
0.303895
0.49302
0.415195
0.303119
0.341026
0.340127
0.238138
0.416126
0.239671
0.294682
0.229817
0.323923
0.413568
0.380792
0.315645
0.223268
0.211507
0.255671
0.289425
0.274294
0.406805
0.320097
0.241389
0.27758
0.291837
0.484032
0.410154
0.398741
0.318208
0.380887
0.247574
0.31423
0.428307
0.263846
0.347963
0.261124
0.227135
0.326358
0.24663
0.236328
0.306104
0.284278
0.294927
0.472308
0.556012
0.38584
0.373231
0.326991
0.308592
0.380739
0.339105
0.361116
0.268766
0.412775
0.281811
0.401743
0.35126
0.263068
0.483239
0.288893
0.457909
0.33433
0.380024
0.190522
0.230187
0.322316
0.443094
0.344193
0.354378
0.283963
0.258249
0.311983
0.32634
0.383743
0.325887
0.293479
0.323448
0.402946
0.324244
0.291198
0.297434
0.307831
0.291628
0.339419
0.278974
0.338277
0.295443
0.207804
0.282509
0.303409
0.382469
0.333354
0.313609
0.259746
0.247208
0.223387
0.250543
0.352546
0.302951
0.267006
0.287997
0.328796
0.384983
0.191092
0.483431
0.506454
0.279843
0.350066
0.421724
0.329816
0.308111
0.320323
0.319589
0.435609
0.28409
0.255883
0.264575
0.283961
0.233128
0.258794
0.385195
0.347858
0.324043
0.367054
0.322447
0.396864
0.241868
0.274394
0.289206
0.219774
0.284728
0.401893
0.240806
0.29881
0.58433
0.312354
0.426525
0.396669
0.252705
0.24497
0.257133
0.376355
0.260844
0.353712
0.258321
0.381734
0.310708
0.191724
0.34874
0.372075
0.314696
0.302564
0.365929
0.258727
0.516467
0.305271
0.345292
0.281455
0.223014
0.381942
0.25121
0.249174
0.338185
0.301317
0.274758
0.336618
0.255339
0.343115
0.310707
0.346604
0.48252
0.315606
0.395764
0.373723
0.295971
0.226127
0.390642
0.424682
0.195497
0.366852
0.34232
0.322893
0.312557
0.286405
0.337137
0.175213
0.358809
0.37129
0.301183
0.364335
0.262915
0.291296
0.282953
0.349938
0.310549
0.259489
0.485081
0.370295
0.454339
0.330694
0.361353
0.37304
0.306059
0.244751
0.367134
0.276929
0.29148
0.28596
0.410873
0.442698
0.545316
0.293928
0.329313
0.283177
0.280256
0.347272
0.189329
0.331737
0.379655
0.23096
0.289149
0.310138
0.319034
0.297927
0.382258
0.229852
0.392893
0.189034
0.391974
0.316974
0.362041
0.189458
0.259409
0.374718
0.381127
0.248594
0.38531
0.370673
0.397928
0.269436
0.460815
0.321004
0.335947
0.309063
0.364531
0.274672
0.458137
0.296753
0.2909
0.234223
0.392219
0.238115
0.325444
0.35918
0.377072
0.288107
0.320124
0.341742
0.286676
0.300421
0.320191
0.337745
0.307246
0.257372
0.31032
0.334662
0.369344
0.312104
0.287104
0.213734
0.358684
0.284662
0.328093
0.361354
0.289936
0.177062
0.27338
0.357986
0.281386
0.226271
0.480397
0.4743
0.26327
0.277804
0.326115
0.385884
0.306589
0.189326
0.341607
0.261667
0.380389
0.314325
0.213759
0.467786
0.320286
0.259783
0.363467
0.270934
0.349289
0.338508
0.277542
0.29886
0.290363
0.226172
0.251076
0.231029
0.506508
0.266373
0.208932
0.211465
0.36563
0.305099
0.229245
0.334348
0.316358
0.273236
0.290158
0.435779
0.305844
0.331022
0.220695
0.324078
0.330688
0.243278
0.271465
0.245109
0.189508
0.289377
0.341145
0.238345
0.262855
0.264753
0.236823
0.444706
0.369204
0.256124
0.386966
0.317605
0.466666
0.353773
0.370657
0.306339
0.246203
0.226307
0.359713
0.192164
0.441696
0.238154
0.250477
0.408171
0.358484
0.306166
0.212892
0.341906
0.37787
0.278132
0.435233
0.314562
0.253065
0.281097
0.45303
0.414273
0.349238
0.297887
0.434983
0.328487
0.32384
0.153948
0.237448
0.374155
0.336777
0.49121
0.283627
0.378683
0.220993
0.379512
0.430615
0.300558
0.391586
0.314453
0.32562
0.280664
0.280242
0.264263
0.316382
0.307214
0.354542
0.389859
0.293265
0.255838
0.312034
0.329329
0.326379
0.359695
0.339588
0.282506
0.419442
0.36611
0.283548
0.270093
0.35351
0.26698
0.382559
0.324974
0.330894
0.30844
0.337339
0.273011
0.348423
0.341819
0.20175
0.290211
0.342928
0.313786
0.37186
0.428185
0.335525
0.266419
0.241938
0.218381
0.404285
0.310529
0.217725
0.179655
0.385169
0.360537
0.276686
0.334685
0.193066
0.297174
0.315606
0.374753
0.351735
0.278661
0.372345
0.164665
0.314634
0.345463
0.343796
0.258021
0.368402
0.278246
0.243381
0.334903
0.364554
0.404606
0.448953
0.382051
0.333654
0.235144
0.40231
0.225213
0.45247
0.282104
0.277942
0.216608
0.310784
0.293473
0.261425
0.237193
0.312805
0.257947
0.415028
0.250202
0.419298
0.359344
0.355197
0.266152
0.260094
0.562439
0.399952
0.285382
0.392321
0.27832
0.36588
0.372649
0.342483
0.394347
0.333273
0.3228
0.30327
0.321325
0.356709
0.326201
0.29382
0.290827
0.274763
0.33285
0.332979
0.310806
0.336426
0.301239
0.324272
0.264276
0.186792
0.335067
0.32093
0.280758
0.315636
0.290834
0.400831
0.343817
0.373322
0.341242
0.43686
0.276579
0.431306
0.444614
0.292998
0.273305
0.341463
0.339673
0.34115
0.217857
0.290113
0.31731
0.326935
0.222824
0.234495
0.312932
0.395749
0.300287
0.425968
0.459643
0.323432
0.178874
0.236033
0.317685
0.398796
0.397835
0.401778
0.352815
0.426779
0.292204
0.29878
0.272884
0.327111
0.255194
0.438151
0.231218
0.249153
0.28068
0.181
0.248588
0.311889
0.356031
0.306545
0.202969
0.272447
0.256313
0.375006
0.216365
0.316203
0.332533
0.357618
0.403939
0.282012
0.360229
0.412106
0.331975
0.398665
0.404823
0.450407
0.353391
0.393907
0.245678
0.292286
0.319087
0.322386
0.394265
0.291519
0.249015
0.312883
0.233178
0.361386
0.2605
0.31631
0.364972
0.307353
0.25678
0.309826
0.217333
0.29523
0.236533
0.297606
0.532714
0.264082
0.413284
0.350643
0.359084
0.342521
0.247506
0.348817
0.237302
0.28575
0.351444
0.346033
0.42529
0.266238
0.232251
0.220637
0.417677
0.280418
0.327026
0.293369
0.326548
0.297205
0.360565
0.37597
0.377293
0.352404
0.2293
0.290506
0.254092
0.338732
0.313898
0.239855
0.43316
0.370346
0.29355
0.389333
0.332742
0.406803
0.3137
0.226815
0.239964
0.271772
0.250155
0.264298
0.332908
0.225622
0.33117
0.34475
0.323687
0.404011
0.508721
0.370472
0.341698
0.369646
0.198015
0.405469
0.243876
0.302119
0.236762
0.193699
0.348768
0.309715
0.299262
0.351388
0.351491
0.252544
0.278566
0.407597
0.438933
0.483937
0.220948
0.313809
0.404464
0.478478
0.283317
0.333688
0.354499
0.445243
0.189293
0.259385
0.441947
0.261494
0.194555
0.304992
0.260118
0.355621
0.286719
0.299308
0.232388
0.191314
0.257779
0.387794
0.326576
0.263754
0.31336
0.272501
0.299521
0.309577
0.285147
0.408328
0.295727
0.252491
0.276211
0.261866
0.375243
0.42862
0.33101
0.292297
0.347945
0.330513
0.244735
0.283127
0.315068
0.257354
0.278826
0.355364
0.385683
0.3077
0.322742
0.33137
0.337765
0.293789
0.277445
0.382708
0.228319
0.423677
0.19603
0.228583
0.405602
0.316757
0.277691
0.293886
0.340757
0.299881
0.184138
0.272388
0.263048
0.225475
0.419195
0.376493
0.282336
0.268158
0.40627
0.451165
0.329008
0.316805
0.270004
0.350441
0.319077
0.268806
0.236381
0.285976
0.334147
0.328253
0.289942
0.280153
0.367384
0.405532
0.339172
0.350317
0.425007
0.374642
0.401048
0.401649
0.262693
0.411601
0.491951
0.30535
0.284047
0.451942
0.144229
0.253619
0.336252
0.397345
0.242131
0.229054
0.239285
0.311759
0.370201
0.336385
0.371033
0.213587
0.301762
0.217765
0.270317
0.269711
0.259645
0.320167
0.221749
0.349034
0.350554
0.270271
0.340565
0.289988
0.201322
0.249927
0.343368
0.276641
0.290039
0.384692
0.34925
0.223108
0.277724
0.368699
0.334425
0.375527
0.35026
0.192041
0.286479
0.352161
0.303105
0.369419
0.347542
0.268354
0.504877
0.280065
0.28554
0.285448
0.298512
0.417639
0.440778
0.331212
0.341181
0.399324
0.32296
0.313704
0.198083
0.412881
0.425283
0.281466
0.27387
0.344426
0.329688
0.322243
0.352647
0.474789
0.388509
0.45076
0.209739
0.390719
0.327345
0.385951
0.504846
0.342383
0.398421
0.314475
0.29817
0.353956
0.288066
0.289815
0.274268
0.585477
0.395457
0.316156
0.266156
0.362911
0.254789
0.270413
0.40887
0.231728
0.366038
0.344317
0.362925
0.242457
0.358335
0.295405
0.365439
0.278294
0.349096
0.374498
0.298123
0.365354
0.369631
0.459753
0.335623
0.412712
0.260144
0.27534
0.368242
0.348933
0.274524
0.317495
0.268914
0.311372
0.368133
0.291961
0.298764
0.338543
0.410343
0.419699
0.243056
0.332255
0.334293
0.327068
0.285495
0.253246
0.294051
0.245085
0.273799
0.277858
0.303465
0.313794
0.296316
0.226667
0.420113
0.272191
0.334175
0.3899
0.407154
0.381052
0.283956
0.298378
0.30096
0.300327
0.310475
0.19431
0.352986
0.407136
0.240741
0.403251
0.276254
0.242765
0.195139
0.311193
0.363939
0.25075
0.254642
0.27398
0.25408
0.345682
0.316993
0.313119
0.479356
0.259124
0.248973
0.314234
0.321618
0.428031
0.24727
0.235608
0.219049
0.290962
0.283316
0.28098
0.39358
0.344011
0.269042
0.223593
0.385714
0.342576
0.304057
0.279129
0.327377
0.231667
0.315324
0.29358
0.332071
0.3628
0.36527
0.347288
0.364158
0.329801
0.232195
0.323838
0.235784
0.283178
0.408311
0.388308
0.250395
0.280474
0.429719
0.320638
0.361919
0.269282
0.240606
0.42504
0.397865
0.486702
0.194641
0.256671
0.315891
0.275911
0.315199
0.19926
0.331458
0.187132
0.33726
0.40346
0.239055
0.364416
0.238056
0.320803
0.269829
0.325577
0.263721
0.353549
0.217834
0.243928
0.276318
0.219134
0.336488
0.339816
0.234082
0.400468
0.437845
0.37127
0.218166
0.242343
0.337584
0.268262
0.183631
0.389302
0.313544
0.3185
0.270296
0.370316
0.307308
0.260327
0.298764
0.384986
0.32241
0.358267
0.253049
0.279371
0.367657
0.386872
0.186968
0.317039
0.225878
0.294427
0.340749
0.452115
0.399403
0.233345
0.261554
0.315381
0.463927
0.319004
0.22075
0.23731
0.32091
0.261452
0.25237
0.287816
0.374677
0.369343
0.17493
0.348295
0.295971
0.394433
0.309839
0.355174
0.233165
0.454102
0.400477
0.252444
0.296457
0.36335
0.219488
0.37271
0.310103
0.367359
0.180459
0.253241
0.360888
0.187983
0.16624
0.305523
0.388964
0.318292
0.357535
0.304048
0.329421
0.244639
0.222792
0.385747
0.417533
0.268421
0.248258
0.348899
0.400099
0.331891
0.290007
0.31162
0.283006
0.220038
0.17716
0.32055
0.319104
0.32354
0.246362
0.241039
0.368369
0.306528
0.172799
0.282777
0.400738
0.324742
0.312786
0.392374
0.273803
0.493181
0.209015
0.430772
0.168913
0.285228
0.10535
0.325956
0.205065
0.293209
0.337721
0.322238
0.180866
0.38754
0.296707
0.387396
0.289965
0.409478
0.359162
0.304391
0.253004
0.21686
0.272776
0.260447
0.419285
0.343101
0.399189
0.418158
0.397126
0.323603
0.237773
0.236192
0.35369
0.454358
0.265015
0.435848
0.527707
0.373695
0.323539
0.316241
0.313822
0.327262
0.269069
0.252245
0.258065
0.256653
0.276759
0.196989
0.210067
0.313063
0.348379
0.283932
0.321935
0.287133
0.300977
0.319922
0.435476
0.48215
0.479386
0.230773
0.224895
0.258876
0.217452
0.315988
0.229439
0.265275
0.227539
0.487319
0.337017
0.359376
0.333852
0.370163
0.428855
0.286333
0.39863
0.382419
0.26318
0.313052
0.260367
0.256823
0.336459
0.246457
0.224377
0.336274
0.35381
0.23399
0.250598
0.275774
0.277521
0.266376
0.350326
0.357708
0.401441
0.399928
0.364393
0.236596
0.416996
0.309272
0.14675
0.161077
0.307054
0.294352
0.315272
0.26144
0.242252
0.234141
0.306748
0.361672
0.473586
0.295163
0.335675
0.375497
0.543566
0.399597
0.42215
0.216464
0.138101
0.316258
0.328153
0.233669
0.488021
0.302681
0.444261
0.366906
0.282783
0.331377
0.359334
0.309814
0.249717
0.364927
0.25642
0.407134
0.456893
0.454587
0.224606
0.333936
0.335033
0.319503
0.3245
0.324119
0.187084
0.349527
0.283313
0.31925
0.42056
0.347336
0.445711
0.263195
0.333129
0.344671
0.351592
0.354585
0.351044
0.46857
0.147817
0.219936
0.410169
0.25461
0.307119
0.331821
0.302129
0.294369
0.286063
0.308691
0.407044
0.387285
0.366795
0.430972
0.423346
0.285923
0.352239
0.252049
0.302847
0.356391
0.250915
0.343716
0.419091
0.358401
0.397848
0.280526
0.389974
0.430968
0.261982
0.370375
0.381109
0.346435
0.280774
0.399465
0.468008
0.369468
0.352735
0.303158
0.42201
0.377785
0.402572
0.240154
0.367363
0.381717
0.300478
0.370871
0.330627
0.235791
0.276733
0.414996
0.40864
0.382671
0.294447
0.256751
0.366382
0.392996
0.294231
0.309873
0.198781
0.252842
0.292173
0.199676
0.375595
0.338978
0.312115
0.428219
0.244761
0.338657
0.342575
0.328154
0.523555
0.303344
0.212375
0.266816
0.382728
0.401072
0.282054
0.386161
0.350518
0.322843
0.127645
0.272355
0.326932
0.438954
0.27692
0.26222
0.31537
0.344345
0.221772
0.31058
0.295608
0.312294
0.26734
0.304503
0.362783
0.244238
0.221402
0.484641
0.3363
0.285723
0.221561
0.246537
0.239083
0.356969
0.376068
0.487754
0.439068
0.340047
0.170491
0.287177
0.223837
0.222874
0.244116
0.32328
0.264313
0.321899
0.343392
0.367495
0.2595
0.316715
0.188147
0.443135
0.261591
0.245517
0.44034
0.260839
0.221821
0.339751
0.40828
0.280169
0.253634
0.345348
0.355197
0.385764
0.269725
0.365837
0.347209
0.341187
0.291216
0.405984
0.46572
0.502138
0.290045
0.452745
0.308556
0.263442
0.33103
0.517256
0.480773
0.516636
0.409039
0.360814
0.361246
0.268636
0.438482
0.3817
0.332043
0.370603
0.404541
0.381354
0.425932
0.352733
0.276927
0.355306
0.308085
0.568807
0.388582
0.396264
0.310789
0.327715
0.392363
0.252125
0.347915
0.427605
0.231183
0.398155
0.273819
0.208019
0.201215
0.285709
0.286728
0.270845
0.287152
0.332716
0.334313
0.446583
0.426264
0.311787
0.377368
0.322
0.285158
0.276244
0.255555
0.249427
0.26899
0.323273
0.276942
0.278054
0.366289
0.25315
0.35503
0.392302
0.33694
0.382674
0.267243
0.288033
0.37601
0.365182
0.277613
0.331207
0.293238
0.352378
0.221401
0.311467
0.255292
0.388041
0.283482
0.341296
0.324901
0.228405
0.227177
0.355159
0.259806
0.457077
0.254368
0.342195
0.382083
0.547505
0.340093
0.281396
0.390901
0.35523
0.233346
0.260066
0.369577
0.256202
0.345959
0.290896
0.271384
0.229153
0.301908
0.309376
0.42015
0.458975
0.249838
0.411844
0.405257
0.202932
0.303504
0.231478
0.260899
0.433628
0.480709
0.369776
0.291149
0.430657
0.314232
0.37506
0.200947
0.24464
0.265785
0.316014
0.391424
0.346922
0.253505
0.395432
0.407978
0.393026
0.311949
0.336509
0.331394
0.371522
0.225242
0.335303
0.429443
0.445601
0.186607
0.237624
0.244578
0.2733
0.389157
0.371783
0.296402
0.300459
0.334076
0.259797
0.281877
0.420931
0.243177
0.365336
0.358407
0.237308
0.23629
0.330284
0.312705
0.424981
0.326567
0.300936
0.304865
0.24538
0.315264
0.322456
0.438513
0.313694
0.199973
0.282902
0.31153
0.35859
0.312712
0.378913
0.455158
0.305505
0.368003
0.341109
0.304774
0.320353
0.248679
0.381405
0.347453
0.345068
0.286709
0.350881
0.142918
0.530375
0.227526
0.215992
0.433301
0.377522
0.440126
0.309686
0.363449
0.306928
0.309588
0.471107
0.389953
0.451494
0.315889
0.282659
0.341707
0.389254
0.235268
0.498643
0.254887
0.290546
0.397588
0.365236
0.491146
0.372934
0.38139
0.368676
0.387377
0.329963
0.3388
0.424187
0.22342
0.23689
0.151567
0.319368
0.320496
0.403069
0.358524
0.272232
0.393018
0.307445
0.192196
0.356178
0.199744
0.380078
0.411508
0.34699
0.280205
0.235417
0.42807
0.326545
0.305742
0.417544
0.325426
0.405252
0.55334
0.320836
0.31889
0.495037
0.367988
0.333286
0.25425
0.367947
0.350959
0.211422
0.349155
0.29156
0.231564
0.271952
0.237958
0.404797
0.31848
0.289283
0.3355
0.348306
0.283531
0.301458
0.230011
0.308206
0.22474
0.236339
0.362758
0.489786
0.363832
0.24839
0.334355
0.290823
0.373328
0.395136
0.216023
0.332949
0.449424
0.268953
0.269837
0.328946
0.28429
0.321868
0.207839
0.305824
0.318158
0.267483
0.291409
0.209494
0.35352
0.390059
0.440884
0.220397
0.368611
0.323009
0.30249
0.397838
0.268796
0.207397
0.273322
0.301152
0.394931
0.267412
0.2818
0.315316
0.439754
0.23943
0.302406
0.228723
0.391906
0.322304
0.481692
0.406109
0.342724
0.326958
0.36193
0.283509
0.227141
0.457546
0.233484
0.226067
0.452112
0.295705
0.313936
0.405112
0.447676
0.339601
0.339896
0.26967
0.334564
0.282202
0.379666
0.373749
0.286615
0.303917
0.296474
0.331838
0.311395
0.320219
0.242775
0.295875
0.255988
0.401945
0.358148
0.198873
0.379924
0.295279
0.198494
0.368242
0.356791
0.31497
0.171827
0.320859
0.415304
0.26306
0.529796
0.284408
0.399867
0.256774
0.265037
0.397903
0.33234
0.457519
0.292752
0.4171
0.427793
0.267526
0.223455
0.447024
0.351942
0.340985
0.347515
0.326498
0.369794
0.299815
0.162815
0.319034
0.259647
0.323759
0.203926
0.35983
0.512813
0.285525
0.329698
0.36867
0.359655
0.260053
0.3786
0.336697
0.294905
0.409252
0.235669
0.333525
0.42827
0.441215
0.32172
0.34513
0.333289
0.464743
0.216443
0.255875
0.396553
0.404583
0.250955
0.234248
0.305643
0.273754
0.488024
0.29876
0.374506
0.253142
0.225282
0.293193
0.302026
0.404806
0.266905
0.227573
0.409748
0.367068
0.477247
0.363014
0.420224
0.397879
0.282695
0.234306
0.436666
0.287902
0.31163
0.400364
0.253918
0.31324
0.267834
0.287199
0.316718
0.347352
0.265929
0.309676
0.369879
0.282493
0.322849
0.310079
0.209014
0.339382
0.309658
0.43353
0.267752
0.23066
0.202326
0.186545
0.305976
0.30001
0.272197
0.324951
0.213412
0.202139
0.248285
0.291769
0.312855
0.365757
0.224203
0.18726
0.313607
0.256724
0.326202
0.267712
0.372296
0.295672
0.400388
0.289548
0.335377
0.406586
0.326336
0.433287
0.403796
0.40891
0.262888
0.449712
0.404954
0.30891
0.247032
0.395233
0.277979
0.352702
0.173178
0.36917
0.283159
0.256275
0.152912
0.237432
0.243338
0.425247
0.309237
0.330382
0.313876
0.324015
0.23313
0.261468
0.372887
0.306557
0.315737
0.380585
0.396526
0.241246
0.472958
0.389139
0.397497
0.287557
0.273375
0.299894
0.28405
0.30372
0.314077
0.328969
0.281054
0.240989
0.228726
0.367642
0.412104
0.292797
0.359947
0.293716
0.243747
0.379637
0.259983
0.383506
0.342372
0.433101
0.262375
0.184274
0.250394
0.380144
0.304242
0.377523
0.30758
0.348338
0.271376
0.289138
0.393247
0.380596
0.368082
0.334543
0.392051
0.267306
0.223252
0.373246
0.33888
0.425323
0.343738
0.250208
0.337013
0.339616
0.278659
0.299293
0.289295
0.304754
0.0929089
0.214924
0.33923
0.275586
0.35104
0.398019
0.296542
0.31139
0.358554
0.369062
0.31822
0.287814
0.355718
0.313254
0.293463
0.48845
0.270384
0.410934
0.442462
0.398621
0.298161
0.23951
0.312279
0.265207
0.218568
0.384868
0.317975
0.356883
0.276267
0.222617
0.314481
0.33914
0.284498
0.299674
0.477365
0.251353
0.291609
0.314279
0.285677
0.346038
0.272217
0.374743
0.480831
0.308935
0.329248
0.291749
0.471827
0.378528
0.289722
0.311185
0.502761
0.217506
0.192079
0.227833
0.325431
0.359805
0.256067
0.284288
0.30219
0.258477
0.471139
0.375326
0.360389
0.387729
0.335678
0.427538
0.320173
0.288665
0.264877
0.385992
0.426031
0.338161
0.280932
0.348356
0.320547
0.274938
0.338618
0.333368
0.389684
0.198985
0.291251
0.332625
0.247563
0.260286
0.316445
0.326974
0.51993
0.384095
0.274661
0.387417
0.247638
0.299028
0.341517
0.377919
0.292417
0.306405
0.248287
0.300006
0.360531
0.344103
0.281474
0.279107
0.269347
0.203149
0.25483
0.31202
0.337029
0.394512
0.217173
0.429856
0.501826
0.266332
0.248502
0.29428
0.250056
0.295912
0.246702
0.347386
0.427346
0.358228
0.322016
0.264325
0.236561
0.290849
0.287753
0.456223
0.450552
0.433806
0.450468
0.377577
0.334026
0.294068
0.292599
0.282806
0.430553
0.410134
0.264019
0.185652
0.129651
0.227049
0.299095
0.265614
0.217558
0.408182
0.301148
0.454134
0.327247
0.315611
0.416426
0.221279
0.373899
0.410599
0.264602
0.308388
0.260486
0.285379
0.28347
0.29608
0.287092
0.278655
0.379436
0.266958
0.374374
0.390828
0.304919
0.368207
0.385309
0.378977
0.278984
0.334446
0.467862
0.335991
0.312396
0.30382
0.386289
0.427673
0.298402
0.293619
0.284388
0.394705
0.284103
0.319242
0.320288
0.390235
0.348378
0.450558
0.345683
0.339116
0.322803
0.35596
0.277618
0.286129
0.313669
0.344224
0.286141
0.30808
0.414805
0.430492
0.329654
0.232494
0.387921
0.251178
0.25039
0.32371
0.261858
0.174447
0.371772
0.311172
0.223582
0.322964
0.415927
0.293446
0.379305
0.375112
0.25735
0.332608
0.333716
0.358879
0.34079
0.378532
0.255498
0.33845
0.160824
0.401478
0.292119
0.372485
0.342536
0.419618
0.315107
0.365728
0.238536
0.385842
0.35799
0.357176
0.277478
0.44204
0.344844
0.272947
0.359171
0.387261
0.272796
0.44822
0.378957
0.327226
0.270697
0.317799
0.391409
0.357067
0.302052
0.362936
0.361691
0.368371
0.411732
0.469038
0.305803
0.279627
0.206864
0.39848
0.415364
0.333498
0.306765
0.262852
0.258065
0.266919
0.252775
0.288887
0.406286
0.372629
0.184261
0.402476
0.346657
0.218592
0.395547
0.287867
0.235115
0.432835
0.208238
0.25012
0.370864
0.253616
0.243745
0.304511
0.322517
0.245946
0.234625
0.350737
0.360594
0.399189
0.472948
0.273034
0.369767
0.384934
0.425005
0.258736
0.249078
0.374556
0.357067
0.313035
0.377351
0.248294
0.434174
0.321192
0.357811
0.293385
0.296169
0.361457
0.322635
0.394691
0.256345
0.331006
0.268482
0.228188
0.259169
0.250892
0.293199
0.385956
0.232233
0.296488
0.31559
0.332609
0.231669
0.514352
0.289236
0.289841
0.259514
0.369777
0.338492
0.441824
0.210838
0.339296
0.358114
0.343455
0.256949
0.303593
0.243908
0.300845
0.403313
0.353378
0.235487
0.291707
0.346101
0.386031
0.273719
0.356683
0.213041
0.31306
0.421573
0.282916
0.302452
0.218134
0.303785
0.327687
0.32715
0.400052
0.170948
0.346123
0.256855
0.376024
0.489905
0.350947
0.276103
0.320834
0.406903
0.309219
0.329419
0.287456
0.352613
0.379095
0.345035
0.375334
0.399929
0.442054
0.389968
0.345228
0.364375
0.184339
0.324155
0.258401
0.352106
0.260129
0.313248
0.238513
0.334956
0.321792
0.253651
0.289518
0.23271
0.248662
0.237377
0.219998
0.303898
0.309055
0.279735
0.347632
0.227963
0.267638
0.256316
0.420503
0.433546
0.355071
0.208922
0.286764
0.268489
0.424582
0.259457
0.240303
0.32835
0.356448
0.473677
0.412115
0.376741
0.234424
0.341053
0.343389
0.217928
0.291406
0.403876
0.267554
0.412219
0.262394
0.252367
0.376959
0.322297
0.310252
0.25971
0.271693
0.380582
0.355944
0.367538
0.566505
0.333764
0.399672
0.30549
0.353582
0.300474
0.290323
0.270659
0.222218
0.267593
0.260994
0.335976
0.325593
0.24541
0.296865
0.306638
0.257963
0.367735
0.397764
0.235289
0.337391
0.277782
0.409965
0.217014
0.239128
0.262911
0.31057
0.359735
0.338565
0.35788
0.265085
0.237547
0.255448
0.345358
0.33917
0.286178
0.400058
0.271639
0.277789
0.352252
0.196511
0.430589
0.385466
0.245735
0.491581
0.372189
0.332875
0.362733
0.264051
0.332501
0.39867
0.368373
0.317964
0.431214
0.330188
0.229035
0.293647
0.394829
0.333792
0.413677
0.364009
0.274331
0.333203
0.317369
0.301667
0.2383
0.361946
0.308714
0.302247
0.249404
0.216711
0.358169
0.31903
0.204077
0.332655
0.315098
0.351349
0.280059
0.24016
0.239237
0.331045
0.280755
0.337713
0.437916
0.38166
0.361423
0.297134
0.243101
0.324152
0.353654
0.275073
0.400829
0.404689
0.379451
0.277732
0.274195
0.337045
0.367853
0.256121
0.181119
0.456506
0.36481
0.157508
0.219233
0.217797
0.367429
0.223403
0.293287
0.358082
0.305624
0.316575
0.404624
0.369965
0.389274
0.290604
0.346852
0.245795
0.336785
0.369808
0.241792
0.332182
0.308419
0.295211
0.296583
0.344531
0.352883
0.290764
0.427689
0.335415
0.213755
0.314533
0.279965
0.440015
0.338584
0.317004
0.33296
0.242484
0.346629
0.337176
0.270582
0.326363
0.371855
0.210677
0.305507
0.321125
0.297505
0.359589
0.259941
0.387948
0.447818
0.28135
0.379387
0.328749
0.310533
0.269583
0.34276
0.402948
0.300236
0.385645
0.374255
0.370415
0.384957
0.39748
0.346316
0.446818
0.198644
0.289256
0.279423
0.364578
0.310528
0.348086
0.348037
0.350671
0.412162
0.315366
0.285232
0.336848
0.436771
0.291748
0.239525
0.200097
0.383066
0.342055
0.301817
0.313434
0.325419
0.31022
0.258142
0.372514
0.39185
0.374251
0.329488
0.363277
0.225929
0.263427
0.310186
0.331989
0.366735
0.25279
0.31482
0.280037
0.271135
0.3173
0.302964
0.426301
0.408224
0.285116
0.414354
0.314034
0.32001
0.328993
0.245468
0.296613
0.240265
0.336867
0.0993517
0.404019
0.331937
0.422712
0.384319
0.31083
0.422615
0.323524
0.273795
0.413514
0.346215
0.231663
0.265244
0.460169
0.388555
0.242006
0.349473
0.380264
0.450632
0.381548
0.324262
0.219993
0.374171
0.286587
0.31285
0.370839
0.226546
0.288425
0.316662
0.38128
0.395063
0.325233
0.45682
0.365024
0.271924
0.354073
0.329055
0.224079
0.259799
0.26402
0.282349
0.24415
0.327532
0.241274
0.308985
0.30751
0.309248
0.393895
0.221083
0.317507
0.283719
0.391423
0.258134
0.330022
0.287211
0.3104
0.312397
0.310957
0.350178
0.381047
0.346673
0.311112
0.313613
0.142869
0.203285
0.497943
0.350042
0.280409
0.272804
0.238517
0.311206
0.175435
0.267923
0.313307
0.262488
0.319357
0.343353
0.30428
0.298681
0.428143
0.192757
0.310519
0.252807
0.370344
0.21482
0.221987
0.419659
0.287334
0.223354
0.306011
0.365724
0.249022
0.253306
0.25143
0.303905
0.289236
0.321052
0.323528
0.222297
0.210821
0.201551
0.243061
0.257073
0.432269
0.395665
0.368786
0.378766
0.257069
0.25061
0.331623
0.29347
0.390604
0.331908
0.290527
0.399938
0.303539
0.326781
0.309086
0.355353
0.397334
0.301534
0.338952
0.409124
0.378353
0.297994
0.272993
0.443843
0.324995
0.372577
0.33676
0.369077
0.393467
0.218427
0.224763
0.302994
0.268892
0.315083
0.234066
0.466524
0.409124
0.37982
0.166771
0.361806
0.31334
0.314598
0.358217
0.334548
0.298531
0.283038
0.363907
0.316925
0.477487
0.245812
0.234226
0.215829
0.324643
0.211888
0.443473
0.290928
0.23384
0.352955
0.399838
0.350448
0.33007
0.35392
0.293323
0.35712
0.344851
0.483817
0.281816
0.414187
0.325391
0.270294
0.292054
0.25055
0.290338
0.314283
0.387958
0.28117
0.352218
0.292837
0.369575
0.335608
0.371986
0.238825
0.225345
0.243332
0.382953
0.265455
0.381968
0.253861
0.313544
0.34864
0.325807
0.336352
0.299352
0.210034
0.255114
0.301582
0.371527
0.363741
0.393817
0.274647
0.291562
0.348685
0.303573
0.366244
0.27219
0.317817
0.379257
0.409568
0.385582
0.325941
0.281683
0.329473
0.335146
0.264716
0.340708
0.372102
0.383388
0.302243
0.280448
0.385565
0.364296
0.27721
0.336493
0.254913
0.241362
0.266427
0.238654
0.250879
0.398039
0.306665
0.490805
0.274079
0.228887
0.325321
0.393568
0.329026
0.229604
0.306595
0.245331
0.303369
0.360553
0.2866
0.33915
0.303736
0.288083
0.300356
0.353488
0.356575
0.4753
0.319972
0.341565
0.248564
0.319654
0.27248
0.314653
0.318023
0.456468
0.254719
0.42044
0.244637
0.312574
0.280754
0.221897
0.273257
0.351004
0.218448
0.255132
0.367803
0.384062
0.273496
0.361994
0.362259
0.274175
0.280166
0.269515
0.26932
0.33889
0.280879
0.393951
0.390481
0.310069
0.281763
0.509634
0.373668
0.352958
0.343802
0.287133
0.330231
0.259738
0.351984
0.439254
0.46047
0.287328
0.394939
0.326856
0.243
0.236012
0.424231
0.469068
0.286109
0.317781
0.245097
0.271673
0.356251
0.346218
0.257187
0.419065
0.254789
0.271969
0.328
0.371707
0.285754
0.306358
0.366264
0.397827
0.495295
0.340604
0.324599
0.366541
0.487748
0.39186
0.455181
0.329785
0.371563
0.169335
0.396221
0.316517
0.291157
0.304783
0.363488
0.345781
0.362018
0.286664
0.155452
0.185926
0.16905
0.233655
0.254493
0.332476
0.196246
0.32576
0.498901
0.355722
0.415614
0.295531
0.35603
0.313744
0.276472
0.326918
0.378655
0.219943
0.359919
0.324306
0.390935
0.318476
0.310556
0.386879
0.256914
0.310486
0.434519
0.330902
0.3499
0.372841
0.305673
0.51637
0.278937
0.36336
0.28351
0.292416
0.239471
0.328067
0.208101
0.308056
0.265469
0.361222
0.460528
0.30616
0.290574
0.394088
0.321278
0.347177
0.505358
0.346915
0.311775
0.274812
0.201448
0.244283
0.28746
0.401608
0.161552
0.263749
0.372264
0.432901
0.306935
0.444255
0.34215
0.281248
0.357139
0.247467
0.309481
0.290269
0.286289
0.322065
0.407935
0.282718
0.361337
0.49136
0.348989
0.292795
0.258318
0.243802
0.314066
0.391877
0.319425
0.30907
0.211406
0.264751
0.197341
0.301166
0.303049
0.179967
0.382997
0.367394
0.269075
0.425523
0.259702
0.496575
0.501083
0.406722
0.370925
0.33719
0.356875
0.366389
0.359787
0.261029
0.28738
0.430688
0.312701
0.293059
0.324624
0.348907
0.289843
0.370999
0.305889
0.385788
0.211159
0.413942
0.453375
0.397497
0.311611
0.328942
0.394567
0.225042
0.201354
0.368357
0.356595
0.320802
0.282951
0.345047
0.359784
0.362683
0.323477
0.410648
0.222266
0.259623
0.330805
0.425424
0.421321
0.316441
0.324156
0.287933
0.452687
0.347268
0.302431
0.215714
0.39003
0.221758
0.273615
0.318675
0.37443
0.395799
0.241332
0.484254
0.366518
0.376438
0.243532
0.280132
0.421097
0.34115
0.269398
0.346454
0.332687
0.364722
0.283289
0.419283
0.31283
0.287261
0.320187
0.453241
0.345486
0.397842
0.310861
0.299093
0.367721
0.348178
0.343381
0.175987
0.584597
0.354857
0.342856
0.392159
0.301682
0.224224
0.286815
0.206155
0.284271
0.346502
0.404818
0.24086
0.295744
0.453763
0.334876
0.320692
0.344779
0.318532
0.247542
0.283932
0.370455
0.3474
0.43864
0.282092
0.232082
0.457406
0.361537
0.465707
0.341005
0.396676
0.347779
0.314608
0.230396
0.37968
0.328193
0.314752
0.280948
0.338847
0.466533
0.215152
0.242437
0.275421
0.411902
0.288789
0.316262
0.295478
0.209293
0.36396
0.31558
0.300567
0.237132
0.361602
0.377952
0.354473
0.259114
0.480578
0.193233
0.282507
0.326735
0.346691
0.356049
0.510029
0.333068
0.381189
0.319485
0.308048
0.270384
0.300255
0.380724
0.36801
0.474588
0.242433
0.304909
0.378515
0.421512
0.454108
0.29315
0.315768
0.171283
0.301152
0.283087
0.324607
0.234093
0.326066
0.37941
0.271309
0.280625
0.334226
0.28936
0.340182
0.225506
0.370202
0.32238
0.308071
0.334317
0.29063
0.383919
0.225704
0.430544
0.340756
0.472965
0.357822
0.273256
0.360703
0.307437
0.279854
0.329962
0.394889
0.285425
0.404319
0.340568
0.459468
0.30883
0.354356
0.184183
0.370746
0.260918
0.275166
0.336831
0.445918
0.325837
0.308014
0.244592
0.402501
0.286214
0.385559
0.51591
0.343287
0.347299
0.327156
0.186511
0.286662
0.412621
0.415869
0.260898
0.244754
0.401268
0.385635
0.263734
0.419247
0.328408
0.34821
0.198776
0.359996
0.19892
0.259471
0.287614
0.243643
0.326998
0.351545
0.207225
0.249332
0.308707
0.276391
0.176993
0.432523
0.421878
0.290211
0.2619
0.325375
0.340442
0.294184
0.289465
0.207386
0.301847
0.385018
0.268703
0.330709
0.314946
0.313393
0.272155
0.281975
0.349887
0.423289
0.352528
0.294086
0.287459
0.376543
0.279962
0.362539
0.39187
0.258352
0.235048
0.239957
0.296987
0.379088
0.22395
0.323105
0.233722
0.36448
0.355537
0.418316
0.398499
0.337398
0.302763
0.28295
0.30299
0.343616
0.374922
0.297148
0.33091
0.294492
0.269624
0.38687
0.381492
0.232425
0.30743
0.344383
0.267208
0.275545
0.254096
0.345335
0.214966
0.314132
0.325417
0.424372
0.329335
0.260921
0.270833
0.339849
0.310679
0.362596
0.40935
0.255408
0.276824
0.510239
0.330309
0.286383
0.380005
0.374659
0.271178
0.296445
0.276611
0.275948
0.264189
0.490562
0.318496
0.402139
0.374983
0.482279
0.268131
0.29141
0.144044
0.338063
0.422815
0.37705
0.36882
0.459791
0.438505
0.421073
0.295585
0.324208
0.298314
0.318266
0.19244
0.195705
0.350978
0.363463
0.277647
0.305606
0.289891
0.24718
0.256337
0.236963
0.260487
0.372692
0.156816
0.252833
0.286542
0.246329
0.361681
0.260051
0.249874
0.188996
0.195776
0.383859
0.318624
0.390337
0.325501
0.354056
0.334362
0.269787
0.136661
0.26333
0.383014
0.337398
0.260529
0.309089
0.289906
0.292829
0.28084
0.303588
0.268335
0.205752
0.261516
0.316079
0.257646
0.326582
0.324274
0.469425
0.376195
0.328718
0.284198
0.421978
0.345609
0.260917
0.215254
0.397486
0.355344
0.432103
0.323973
0.385656
0.406955
0.335697
0.296433
0.395009
0.350145
0.482828
0.393771
0.360875
0.260911
0.34195
0.32561
0.417857
0.378167
0.211612
0.374132
0.268411
0.384742
0.279502
0.377796
0.449631
0.332052
0.367414
0.262831
0.321206
0.3356
0.3821
0.341159
0.245102
0.310255
0.336408
0.37981
0.460053
0.413948
0.460111
0.323581
0.282999
0.269439
0.336713
0.30201
0.251101
0.295717
0.466704
0.309381
0.40967
0.446626
0.343275
0.281184
0.414892
0.322315
0.2756
0.285282
0.222837
0.358286
0.377545
0.317507
0.288963
0.415341
0.319663
0.239956
0.289002
0.376854
0.257749
0.289365
0.326366
0.297672
0.230434
0.325912
0.388652
0.304196
0.331542
0.453011
0.331054
0.376563
0.294795
0.255365
0.312525
0.27985
0.392794
0.278461
0.341612
0.387581
0.387454
0.285643
0.395503
0.431235
0.445061
0.244637
0.316927
0.260677
0.166207
0.339021
0.314171
0.412326
0.316368
0.282576
0.292052
0.265651
0.241125
0.270127
0.264247
0.368348
0.401452
0.296411
0.296633
0.295708
0.304714
0.3549
0.317113
0.379499
0.300697
0.283677
0.330071
0.270294
0.2671
0.214511
0.194646
0.363925
0.41407
0.338828
0.349824
0.317977
0.400693
0.425249
0.266316
0.252078
0.397088
0.324621
0.261699
0.24541
0.346578
0.406683
0.396688
0.395821
0.237529
0.174061
0.559717
0.376315
0.244213
0.341199
0.281647
0.277127
0.449592
0.356372
0.392023
0.386048
0.437827
0.203054
0.405214
0.381756
0.427332
0.353574
0.385535
0.450165
0.397366
0.365046
0.210576
0.429401
0.447643
0.37852
0.316562
0.231599
0.363272
0.332622
0.260998
0.356142
0.184293
0.341462
0.337829
0.354685
0.328279
0.228194
0.38673
0.426125
0.255346
0.416249
0.36939
0.365465
0.261198
0.248854
0.377333
0.221478
0.302256
0.208767
0.33388
0.362336
0.393558
0.340287
0.232051
0.205218
0.257971
0.24299
0.255426
0.243114
0.41263
0.259429
0.391766
0.41456
0.225509
0.254493
0.385897
0.278273
0.364683
0.359921
0.355807
0.365838
0.274598
0.312175
0.421022
0.31243
0.374378
0.348414
0.360324
0.403865
0.371699
0.358968
0.308401
0.450947
0.31385
0.287518
0.258461
0.284586
0.410707
0.301352
0.446258
0.310892
0.289019
0.205492
0.3529
0.331903
0.324704
0.273426
0.36463
0.370024
0.360058
0.253723
0.287744
0.466817
0.317402
0.199485
0.373745
0.397542
0.40447
0.357923
0.295393
0.248406
0.346508
0.173909
0.380053
0.341636
0.342738
0.265891
0.289403
0.338
0.222248
0.248875
0.269217
0.345972
0.318683
0.181856
0.366878
0.409313
0.333568
0.212466
0.276963
0.233847
0.272466
0.321124
0.300149
0.352129
0.312282
0.390757
0.328379
0.282982
0.262867
0.375287
0.336286
0.392774
0.258357
0.32966
0.365247
0.274849
0.31089
0.164312
0.317778
0.269265
0.257807
0.317818
0.302903
0.357344
0.286156
0.423192
0.460447
0.417324
0.305699
0.314374
0.297
0.268509
0.169216
0.260851
0.324227
0.308224
0.333504
0.394998
0.243923
0.242194
0.258233
0.348313
0.34129
0.291927
0.263699
0.39431
0.341789
0.249372
0.351939
0.313545
0.459952
0.34775
0.328116
0.260333
0.319464
0.387936
0.290628
0.355663
0.340195
0.249137
0.23027
0.230794
0.313597
0.269793
0.316175
0.232422
0.311806
0.259602
0.248079
0.274551
0.290327
0.264611
0.330807
0.18066
0.227535
0.316243
0.380616
0.324667
0.323044
0.440092
0.263666
0.205113
0.360898
0.362356
0.235076
0.29182
0.421583
0.285036
0.304918
0.393334
0.296042
0.302634
0.429089
0.263003
0.405726
0.34512
0.319343
0.455036
0.290781
0.337197
0.31081
0.189993
0.27162
0.372175
0.394494
0.298053
0.203148
0.426924
0.44008
0.327432
0.330117
0.376202
0.347013
0.227201
0.333184
0.215967
0.289188
0.263787
0.385933
0.235434
0.448139
0.306152
0.193702
0.265694
0.416747
0.311127
0.235126
0.403982
0.264535
0.429584
0.304312
0.251476
0.290937
0.323201
0.384818
0.272199
0.40117
0.303241
0.278638
0.309134
0.312026
0.410834
0.280393
0.314456
0.301825
0.320096
0.34232
0.309521
0.320921
0.265659
0.431258
0.316632
0.477663
0.293172
0.281286
0.308397
0.308331
0.199152
0.305705
0.333562
0.3244
0.229232
0.311568
0.353646
0.261457
0.25578
0.266017
0.385554
0.222117
0.362522
0.374976
0.305761
0.330443
0.29456
0.386939
0.231582
0.335281
0.379942
0.257672
0.382409
0.342369
0.329236
0.445088
0.404774
0.296458
0.210091
0.338495
0.292664
0.251087
0.476974
0.431194
0.395828
0.386235
0.341613
0.32644
0.238869
0.403523
0.405027
0.224648
0.345113
0.288407
0.353837
0.19959
0.287096
0.2887
0.173731
0.399476
0.415947
0.294471
0.333912
0.366037
0.379902
0.354636
0.216787
0.183814
0.350275
0.343141
0.312852
0.384326
0.388903
0.249984
0.205551
0.310322
0.502226
0.221014
0.303584
0.314084
0.30107
0.199268
0.338873
0.261751
0.324929
0.302101
0.194508
0.278358
0.341182
0.338613
0.231635
0.293121
0.285955
0.258876
0.186636
0.279611
0.276171
0.258194
0.176427
0.394983
0.417943
0.31624
0.237885
0.196427
0.307034
0.341433
0.312827
0.321884
0.373839
0.183917
0.369805
0.283314
0.2979
0.347265
0.413293
0.324146
0.268612
0.30233
0.351721
0.272634
0.279114
0.366817
0.264981
0.154011
0.360829
0.450973
0.225717
0.375057
0.303184
0.380569
0.34295
0.280006
0.302578
0.352017
0.28917
0.254205
0.314318
0.330678
0.304726
0.342606
0.254203
0.283827
0.242464
0.301525
0.287475
0.32013
0.367007
0.239842
0.376499
0.442633
0.242639
0.322858
0.407755
0.435014
0.289072
0.16044
0.399289
0.272732
0.266516
0.334531
0.344035
0.291684
0.396746
0.383474
0.354385
0.276655
0.328538
0.320693
0.326268
0.257131
0.404456
0.45939
0.308908
0.404105
0.327165
0.375803
0.311419
0.272327
0.225111
0.336074
0.445934
0.402792
0.332395
0.429692
0.272526
0.263701
0.350193
0.399692
0.266913
0.375148
0.289112
0.171466
0.331002
0.370633
0.118413
0.291796
0.416265
0.289893
0.396418
0.254748
0.234612
0.475954
0.298037
0.485029
0.390482
0.327021
0.277123
0.243941
0.336856
0.262685
0.324299
0.284894
0.346582
0.31423
0.269842
0.212893
0.316505
0.430433
0.449344
0.253064
0.336237
0.2744
0.242964
0.371168
0.496574
0.335486
0.313474
0.441011
0.333311
0.386739
0.156962
0.327332
0.359601
0.301957
0.273538
0.293286
0.229075
0.242763
0.371315
0.332339
0.256723
0.269476
0.246814
0.353053
0.287974
0.39782
0.28243
0.319809
0.307352
0.378963
0.293641
0.542771
0.290941
0.271178
0.370708
0.452843
0.289402
0.33336
0.289848
0.252102
0.391437
0.357321
0.264041
0.226909
0.25638
0.368006
0.440682
0.3299
0.31641
0.26089
0.265328
0.238822
0.388133
0.359504
0.419432
0.248181
0.18187
0.334621
0.279419
0.285808
0.326809
0.362264
0.292995
0.514428
0.292995
0.282568
0.336337
0.329087
0.444688
0.271191
0.436798
0.296685
0.322384
0.318625
0.249821
0.308665
0.323362
0.342985
0.220559
0.427388
0.257493
0.302064
0.362178
0.191823
0.29905
0.344353
0.383209
0.31565
0.314217
0.272572
0.31907
0.352837
0.221502
0.279175
0.247509
0.466489
0.455923
0.391236
0.270451
0.244067
0.358755
0.462058
0.38235
0.302157
0.323656
0.330195
0.238605
0.24364
0.370949
0.487388
0.407653
0.29133
0.404075
0.430912
0.281352
0.381007
0.482693
0.265572
0.212153
0.471566
0.318821
0.410659
0.318388
0.306649
0.385485
0.266497
0.353928
0.25359
0.292032
0.324747
0.213825
0.354403
0.356247
0.30238
0.313364
0.253239
0.235067
0.245375
0.177606
0.297767
0.30172
0.312105
0.43515
0.34667
0.263517
0.400684
0.451584
0.432527
0.471129
0.303513
0.298294
0.248408
0.260884
0.306729
0.364707
0.281338
0.324099
0.406737
0.315789
0.411291
0.285854
0.336205
0.23201
0.301028
0.438905
0.459427
0.457802
0.320357
0.384541
0.310498
0.232178
0.272857
0.319095
0.357909
0.19354
0.261662
0.36993
0.466615
0.29571
0.391368
0.226743
0.192281
0.220186
0.285531
0.25531
0.193636
0.317762
0.318115
0.492013
0.357385
0.369281
0.457937
0.37057
0.444311
0.233558
0.352194
0.3604
0.446323
0.388345
0.33852
0.462952
0.263502
0.234438
0.279706
0.317018
0.360591
0.273975
0.272768
0.369073
0.38035
0.266285
0.394355
0.409103
0.373242
0.437815
0.319508
0.448478
0.374026
0.330798
0.288406
0.176584
0.273486
0.374875
0.3326
0.36451
0.422404
0.296151
0.425731
0.353704
0.286728
0.312284
0.315684
0.335987
0.350522
0.206452
0.267143
0.304899
0.507712
0.358518
0.432014
0.448148
0.361336
0.18553
0.225109
0.350622
0.381672
0.345615
0.390472
0.313554
0.345933
0.252217
0.307701
0.361418
0.341519
0.272845
0.367226
0.330783
0.394952
0.277566
0.325668
0.379821
0.446722
0.143646
0.253499
0.416231
0.255794
0.182591
0.276085
0.344698
0.362151
0.364262
0.280136
0.338896
0.281577
0.348793
0.308977
0.350969
0.40653
0.341876
0.231163
0.395853
0.246305
0.247304
0.345427
0.378495
0.38432
0.257592
0.286977
0.290615
0.211406
0.290229
0.245063
0.443651
0.373191
0.223893
0.273284
0.282259
0.262117
0.339263
0.36101
0.424176
0.384819
0.36816
0.348876
0.435669
0.542027
0.326895
0.41047
0.413262
0.25708
0.272389
0.263448
0.343295
0.295707
0.37683
0.347459
0.310721
0.36126
0.230012
0.245135
0.36143
0.386114
0.339861
0.363954
0.420483
0.316659
0.127036
0.314224
0.290916
0.297499
0.280447
0.156476
0.457243
0.273137
0.219796
0.260553
0.349325
0.411452
0.349844
0.315976
0.305079
0.297495
0.287653
0.303211
0.448399
0.409012
0.350232
0.454803
0.417469
0.277046
0.37636
0.269403
0.445475
0.359521
0.330394
0.445072
0.485386
0.299717
0.317061
0.327961
0.268472
0.288771
0.213542
0.359032
0.377244
0.257411
0.250626
0.323269
0.222715
0.372507
0.352274
0.324194
0.407095
0.368258
0.416679
0.280078
0.343588
0.334674
0.333956
0.248049
0.403974
0.357325
0.185507
0.465849
0.372909
0.308164
0.203387
0.279886
0.32341
0.240019
0.291351
0.334106
0.298406
0.40982
0.258828
0.338021
0.34731
0.32452
0.250407
0.194293
0.335222
0.247052
0.406195
0.406738
0.459864
0.436101
0.298378
0.357749
0.474324
0.294978
0.256668
0.317459
0.407314
0.389654
0.316336
0.378972
0.359294
0.305327
0.245782
0.303713
0.406787
0.251875
0.302095
0.291071
0.396436
0.371374
0.352264
0.491938
0.474684
0.403568
0.261106
0.416065
0.344086
0.330095
0.235067
0.320197
0.365549
0.35302
0.263199
0.238276
0.298407
0.438477
0.357003
0.237443
0.397536
0.291954
0.385503
0.298128
0.296983
0.270056
0.341181
0.318424
0.34827
0.326039
0.324268
0.45784
0.309138
0.236529
0.327776
0.431743
0.507546
0.422082
0.242753
0.391487
0.358084
0.311754
0.223668
0.299904
0.420524
0.487665
0.435798
0.257977
0.450988
0.387299
0.240598
0.366194
0.246686
0.274667
0.281333
0.290779
0.453027
0.323564
0.305267
0.26957
0.263472
0.36267
0.26774
0.340749
0.316379
0.411317
0.323528
0.316806
0.243836
0.262698
0.235066
0.362123
0.289929
0.357563
0.341281
0.338022
0.365894
0.297246
0.226117
0.392934
0.363149
0.359285
0.276099
0.354056
0.369357
0.330911
0.234712
0.272923
0.347551
0.40628
0.320949
0.328634
0.445482
0.244974
0.332236
0.2267
0.257584
0.415383
0.223108
0.301852
0.33988
0.293996
0.232721
0.34455
0.24549
0.382466
0.190302
0.323653
0.317958
0.342495
0.315426
0.333239
0.44862
0.286502
0.259319
0.505692
0.360136
0.416554
0.316813
0.467789
0.429181
0.263257
0.207329
0.258511
0.124293
0.281465
0.244646
0.445572
0.325464
0.308652
0.245683
0.282974
0.344251
0.305208
0.264465
0.314062
0.216447
0.307771
0.299089
0.297984
0.323933
0.395964
0.323436
0.385957
0.379742
0.327191
0.278218
0.270679
0.347267
0.330838
0.298192
0.355577
0.329429
0.265053
0.168891
0.29774
0.228005
0.390152
0.209555
0.270019
0.393261
0.351565
0.371789
0.333445
0.315529
0.283068
0.35194
0.292875
0.457371
0.374129
0.209395
0.382025
0.34269
0.161385
0.334627
0.30878
0.253834
0.404186
0.440503
0.32981
0.196365
0.369983
0.316008
0.327438
0.331218
0.404104
0.290573
0.335061
0.400037
0.224465
0.275174
0.293396
0.286228
0.35164
0.217911
0.365859
0.259534
0.309541
0.332013
0.292799
0.449713
0.20014
0.330481
0.336309
0.313731
0.299192
0.178913
0.186456
0.245514
0.209801
0.27604
0.232798
0.212557
0.306766
0.400617
0.272839
0.324709
0.388918
0.181569
0.356978
0.479585
0.283026
0.150907
0.348571
0.237481
0.253717
0.399217
0.218592
0.242137
0.46765
0.23133
0.277442
0.326077
0.399608
0.355718
0.193466
0.294009
0.359426
0.233178
0.309583
0.3788
0.307617
0.236749
0.35621
0.276524
0.200304
0.388111
0.427415
0.365995
0.326509
0.434755
0.441209
0.373128
0.374083
0.256093
0.274839
0.375009
0.324322
0.215051
0.452966
0.444183
0.358324
0.306926
0.20361
0.22891
0.318412
0.338419
0.455411
0.279134
0.263459
0.352007
0.38148
0.344237
0.289849
0.427443
0.326332
0.292826
0.406367
0.305567
0.342163
0.382275
0.452609
0.182135
0.26007
0.303031
0.276401
0.224827
0.217181
0.248147
0.282433
0.213425
0.358971
0.348063
0.365523
0.321355
0.274703
0.345737
0.431408
0.376076
0.407399
0.290809
0.374699
0.358632
0.429521
0.221921
0.314423
0.361383
0.393594
0.363979
0.223339
0.362952
0.277765
0.331229
0.236963
0.395846
0.447999
0.39679
0.219413
0.318011
0.287053
0.332703
0.259665
0.29601
0.365288
0.334107
0.366366
0.395137
0.351967
0.239204
0.243892
0.43864
0.315933
0.263608
0.437593
0.246443
0.215369
0.30751
0.287761
0.333795
0.301206
0.43036
0.467296
0.414134
0.279426
0.249028
0.313561
0.330871
0.342974
0.285025
0.29255
0.325288
0.309322
0.270803
0.379533
0.44405
0.321386
0.35049
0.4592
0.326757
0.465083
0.337098
0.404755
0.277678
0.365861
0.382978
0.278931
0.293198
0.266999
0.208391
0.412432
0.277947
0.224934
0.402277
0.306546
0.269156
0.272548
0.385252
0.51875
0.393719
0.454828
0.495582
0.302457
0.327827
0.224991
0.345489
0.339146
0.405537
0.173328
0.290725
0.345128
0.419437
0.275715
0.328672
0.436849
0.23974
0.403144
0.305111
0.411132
0.333578
0.338347
0.40213
0.319748
0.267201
0.326896
0.258517
0.213929
0.357959
0.46021
0.347676
0.376829
0.360384
0.36663
0.379711
0.346381
0.279543
0.261922
0.37969
0.320891
0.253781
0.346937
0.163277
0.319769
0.257215
0.328677
0.279082
0.42189
0.346248
0.313962
0.33282
0.250964
0.26003
0.359149
0.285251
0.391908
0.329302
0.264393
0.40479
0.306972
0.382544
0.324009
0.361965
0.271916
0.300291
0.438736
0.330079
0.391662
0.182844
0.299024
0.409943
0.268919
0.364185
0.212159
0.224569
0.376128
0.337781
0.277325
0.18721
0.37532
0.208202
0.284075
0.404928
0.30706
0.255328
0.245349
0.302205
0.410281
0.336086
0.353463
0.262832
0.268297
0.368811
0.334747
0.284396
0.301088
0.283581
0.255201
0.389939
0.256092
0.244868
0.225183
0.388249
0.409758
0.242023
0.338989
0.386965
0.378685
0.368328
0.388115
0.315564
0.267978
0.297627
0.345662
0.427976
0.325523
0.188167
0.375724
0.47503
0.303934
0.350808
0.332017
0.286867
0.394883
0.35238
0.402091
0.340013
0.355066
0.212051
0.429834
0.316541
0.375758
0.255886
0.489582
0.349712
0.279979
0.159395
0.397923
0.37183
0.358851
0.346499
0.304598
0.315425
0.378653
0.293224
0.423647
0.270562
0.332313
0.435656
0.338318
0.35707
0.335352
0.316122
0.331392
0.317612
0.2492
0.40996
0.421009
0.340423
0.283247
0.382007
0.37735
0.299425
0.210171
0.341356
0.184006
0.322553
0.301063
0.27022
0.335163
0.304001
0.309836
0.303603
0.236324
0.344436
0.318752
0.378959
0.291199
0.43306
0.360172
0.317097
0.375277
0.379813
0.310153
0.318935
0.294189
0.318807
0.377127
0.216158
0.331405
0.414825
0.293877
0.230376
0.276874
0.194281
0.342698
0.232171
0.302633
0.487372
0.338742
0.451511
0.389451
0.483795
0.309943
0.395929
0.488033
0.437329
0.406336
0.28806
0.276793
0.24484
0.287514
0.232294
0.326877
0.398635
0.354861
0.411264
0.409642
0.385868
0.432699
0.451561
0.40258
0.355246
0.50081
0.335053
0.393874
0.355326
0.34923
0.1755
0.393191
0.305777
0.323309
0.323612
0.292822
0.326319
0.442935
0.316775
0.379326
0.328484
0.296678
0.23093
0.302599
0.294978
0.221828
0.340487
0.34548
0.305123
0.373757
0.200132
0.240683
0.407596
0.325964
0.226175
0.149269
0.382626
0.456962
0.427277
0.290945
0.263164
0.398735
0.303883
0.324641
0.380318
0.277612
0.216645
0.413006
0.363287
0.297527
0.344176
0.361359
0.333764
0.499115
0.21473
0.297185
0.305712
0.374782
0.258077
0.343817
0.288879
0.350849
0.303468
0.371819
0.462459
0.343582
0.196086
0.302666
0.372769
0.391683
0.264878
0.31207
0.397765
0.315799
0.306486
0.347123
0.330207
0.364462
0.337854
0.345845
0.321464
0.179741
0.216661
0.224734
0.326956
0.437494
0.320352
0.322163
0.313739
0.300021
0.241449
0.404695
0.239669
0.343207
0.43832
0.300688
0.266506
0.418324
0.34156
0.356971
0.456196
0.281625
0.344102
0.354436
0.264975
0.291366
0.208173
0.485394
0.301382
0.336977
0.136068
0.278536
0.448127
0.342012
0.404107
0.332846
0.271497
0.382909
0.178533
0.216459
0.311002
0.487381
0.331915
0.36505
0.314151
0.249823
0.42617
0.431935
0.421686
0.436127
0.381771
0.152612
0.322611
0.251419
0.389052
0.2649
0.24937
0.320715
0.356239
0.353808
0.359
0.394287
0.274373
0.308729
0.289062
0.22915
0.334191
0.391394
0.249256
0.354378
0.28934
0.439026
0.38524
0.243178
0.369504
0.360843
0.352844
0.346704
0.31041
0.394747
0.218774
0.277086
0.266909
0.456612
0.314182
0.374355
0.399381
0.354567
0.332768
0.430309
0.264113
0.515666
0.285657
0.353237
0.315543
0.327942
0.390127
0.443388
0.416293
0.494619
0.23896
0.286321
0.275695
0.273711
0.345358
0.305563
0.233579
0.274788
0.308077
0.31632
0.405155
0.307759
0.235658
0.426275
0.303097
0.401367
0.36158
0.407489
0.328329
0.360735
0.427228
0.237133
0.209208
0.390673
0.345632
0.439011
0.317077
0.399788
0.329203
0.244511
0.240541
0.268454
0.233507
0.310501
0.237164
0.385187
0.35825
0.211556
0.231686
0.200217
0.258571
0.32763
0.349937
0.266558
0.481949
0.395515
0.276318
0.246661
0.35767
0.346509
0.409091
0.419332
0.256772
0.465974
0.471126
0.307579
0.361504
0.367021
0.407462
0.278172
0.442177
0.336851
0.198002
0.401553
0.292273
0.349047
0.273022
0.262962
0.482625
0.319809
0.34254
0.508219
0.319776
0.374887
0.355672
0.261624
0.194175
0.269005
0.399837
0.295941
0.382848
0.290333
0.293329
0.339244
0.238187
0.344945
0.26423
0.244103
0.416015
0.294377
0.399861
0.246817
0.311133
0.408782
0.285637
0.412391
0.346226
0.289205
0.312628
0.242425
0.3547
0.291794
0.383457
0.396092
0.380014
0.30973
0.264443
0.4591
0.447454
0.37702
0.206375
0.344315
0.31377
0.246338
0.217598
0.322058
0.341131
0.318374
0.339447
0.570185
0.376908
0.410603
0.342641
0.240793
0.252275
0.29948
0.331281
0.37404
0.474401
0.37813
0.252599
0.335217
0.310539
0.416221
0.376989
0.315462
0.364724
0.313507
0.318828
0.318325
0.358204
0.344688
0.265334
0.270757
0.28322
0.301959
0.308955
0.295213
0.406838
0.313275
0.295957
0.362031
0.347176
0.262935
0.316584
0.262165
0.340967
0.287039
0.351828
0.322047
0.304222
0.254062
0.374597
0.273232
0.258672
0.254573
0.257984
0.269085
0.459415
0.392542
0.316644
0.277305
0.351945
0.453903
0.205332
0.225052
0.3245
0.335876
0.278874
0.330884
0.350232
0.296044
0.266452
0.262894
0.282766
0.322953
0.278375
0.308809
0.288735
0.323132
0.221486
0.243243
0.352219
0.320871
0.312598
0.317819
0.376505
0.260438
0.212722
0.307697
0.314618
0.336238
0.40421
0.503095
0.397099
0.35987
0.424734
0.231611
0.306445
0.323568
0.235964
0.313382
0.399347
0.395485
0.316122
0.315045
0.294072
0.336432
0.250443
0.284873
0.323257
0.45075
0.231949
0.438286
0.444766
0.343892
0.450854
0.37573
0.412742
0.3755
0.27074
0.322352
0.172195
0.313299
0.231207
0.282958
0.300533
0.317645
0.31856
0.224614
0.297923
0.387419
0.394382
0.37837
0.346385
0.211086
0.397015
0.380372
0.313591
0.434478
0.204289
0.423716
0.318987
0.342946
0.310847
0.316434
0.374055
0.358583
0.200725
0.338677
0.306674
0.321629
0.293244
0.306868
0.297512
0.345002
0.290926
0.35222
0.372533
0.305402
0.309386
0.229166
0.378167
0.450197
0.308016
0.243408
0.298223
0.424214
0.283262
0.367915
0.434362
0.350517
0.320427
0.282235
0.454581
0.393446
0.3313
0.282631
0.300505
0.274252
0.207021
0.261443
0.247195
0.342371
0.315374
0.219535
0.218386
0.245075
0.369158
0.283242
0.287144
0.246767
0.260362
0.390492
0.385535
0.351237
0.280033
0.257584
0.24887
0.334
0.269448
0.265741
0.270656
0.377153
0.353141
0.332142
0.34964
0.269537
0.371994
0.450386
0.304892
0.324239
0.227548
0.211278
0.313888
0.291548
0.308396
0.298971
0.37425
0.418679
0.257412
0.24844
0.357561
0.240673
0.284085
0.38563
0.359152
0.462553
0.24969
0.383258
0.219995
0.429918
0.339441
0.366689
0.350973
0.325739
0.331807
0.182104
0.35438
0.22124
0.268121
0.251499
0.372019
0.389827
0.325336
0.290195
0.240919
0.379638
0.214394
0.334973
0.242792
0.353195
0.284808
0.308977
0.352335
0.354596
0.355405
0.352279
0.439904
0.333671
0.294418
0.438825
0.350549
0.407145
0.406488
0.429397
0.302648
0.328626
0.354083
0.232174
0.252422
0.438986
0.315233
0.414006
0.366797
0.467215
0.24315
0.175191
0.250718
0.25538
0.323733
0.33406
0.417716
0.351482
0.166171
0.268018
0.187024
0.247836
0.310779
0.392154
0.428155
0.392084
0.402626
0.195398
0.335248
0.388368
0.23653
0.306309
0.332582
0.372706
0.29815
0.348453
0.322065
0.342888
0.216771
0.387732
0.344471
0.267896
0.213558
0.325125
0.22967
0.385645
0.256592
0.31765
0.269904
0.316545
0.330972
0.318545
0.279385
0.410004
0.391577
0.427795
0.29456
0.297151
0.313443
0.404986
0.311827
0.297154
0.371521
0.266147
0.251091
0.381638
0.268306
0.312673
0.373258
0.28497
0.312733
0.287178
0.289451
0.201215
0.316262
0.257338
0.315013
0.307429
0.276448
0.365461
0.361445
0.291613
0.353583
0.363426
0.407045
0.346341
0.305743
0.417017
0.354761
0.293305
0.22663
0.273638
0.314075
0.188607
0.310626
0.380853
0.383682
0.272173
0.365083
0.349664
0.19165
0.355205
0.179043
0.357287
0.28665
0.381629
0.364053
0.413638
0.316695
0.363044
0.285886
0.340806
0.370013
0.348252
0.178691
0.302857
0.34005
0.317991
0.349192
0.276703
0.317067
0.265372
0.295051
0.251885
0.369541
0.280375
0.220992
0.265629
0.32482
0.342794
0.253877
0.370515
0.449854
0.391486
0.28185
0.456774
0.423266
0.417578
0.30013
0.27585
0.286803
0.315353
0.211438
0.40952
0.424743
0.331665
0.177637
0.287137
0.341327
0.373033
0.267106
0.371597
0.489046
0.350786
0.346793
0.316035
0.344236
0.267292
0.324796
0.273336
0.370955
0.50792
0.23315
0.343174
0.306898
0.212873
0.380789
0.33754
0.306715
0.314524
0.223793
0.282367
0.300008
0.264691
0.220209
0.296209
0.39768
0.322829
0.204467
0.478558
0.342373
0.309821
0.297552
0.294485
0.262465
0.28347
0.296004
0.214539
0.293204
0.412809
0.237639
0.439807
0.381432
0.370133
0.451399
0.357436
0.237929
0.364738
0.31943
0.358372
0.185607
0.228853
0.366606
0.37719
0.359736
0.344194
0.261936
0.358581
0.227381
0.401756
0.407941
0.371061
0.295931
0.333566
0.302244
0.369436
0.266342
0.261673
0.377906
0.419813
0.268004
0.313068
0.279032
0.317208
0.264779
0.370796
0.30752
0.397933
0.380721
0.460492
0.333815
0.261298
0.268941
0.361136
0.319222
0.319858
0.361502
0.326679
0.318138
0.344774
0.348448
0.365089
0.475562
0.277161
0.319995
0.315029
0.307872
0.312575
0.338512
0.239845
0.21707
0.254776
0.352779
0.360025
0.304753
0.284162
0.259744
0.269316
0.180419
0.29754
0.288152
0.400781
0.213077
0.31538
0.311394
0.318787
0.360529
0.431047
0.243905
0.20528
0.370979
0.316143
0.398386
0.2848
0.326139
0.320841
0.304348
0.303104
0.289459
0.297903
0.370277
0.342219
0.370751
0.380637
0.25347
0.395828
0.240345
0.218858
0.423352
0.422733
0.301584
0.411111
0.462245
0.324201
0.224521
0.403409
0.243671
0.228543
0.183738
0.393462
0.392174
0.36102
0.304549
0.267083
0.295704
0.22775
0.284889
0.259672
0.358493
0.414922
0.175885
0.262671
0.319791
0.405745
0.425875
0.42749
0.298174
0.299305
0.225348
0.226615
0.31491
0.21995
0.326618
0.470644
0.429716
0.215789
0.313645
0.35906
0.347538
0.279532
0.34412
0.344443
0.415706
0.436428
0.331409
0.402332
0.343402
0.392451
0.259178
0.26739
0.300685
0.310446
0.267447
0.28322
0.226668
0.291661
0.319927
0.252255
0.316851
0.305615
0.294705
0.163055
0.406428
0.245102
0.355769
0.327194
0.28886
0.36042
0.245541
0.301303
0.490759
0.336078
0.190675
0.387853
0.332593
0.541213
0.301591
0.346746
0.387824
0.371025
0.296921
0.449609
0.289484
0.295567
0.269793
0.317561
0.364001
0.333174
0.34301
0.189994
0.354661
0.216086
0.250476
0.308018
0.393909
0.298888
0.316063
0.248305
0.351235
0.458712
0.374254
0.374487
0.349297
0.460957
0.317348
0.332452
0.328377
0.363279
0.319163
0.359274
0.36278
0.228604
0.311076
0.280705
0.332784
0.374872
0.273424
0.22805
0.355665
0.328782
0.215965
0.396857
0.475979
0.2998
0.247092
0.406488
0.343899
0.223189
0.327023
0.407128
0.269725
0.295441
0.379277
0.329927
0.353083
0.342238
0.222426
0.359423
0.31705
0.321796
0.262103
0.356963
0.31506
0.200463
0.362773
0.30643
0.215471
0.393347
0.182533
0.338025
0.265598
0.291259
0.29783
0.302877
0.304985
0.260666
0.288321
0.308528
0.27067
0.284528
0.473275
0.417469
0.228966
0.344006
0.368782
0.363263
0.315743
0.432524
0.23643
0.374587
0.309694
0.284923
0.27588
0.274374
0.415823
0.332399
0.254112
0.406911
0.252371
0.269389
0.313111
0.262025
0.265941
0.276946
0.232317
0.41622
0.234738
0.433258
0.249845
0.354995
0.335335
0.246436
0.323721
0.30881
0.267521
0.330616
0.304997
0.44257
0.541279
0.401765
0.199443
0.408495
0.335018
0.309018
0.256883
0.229364
0.407953
0.431267
0.438732
0.380985
0.300094
0.326344
0.409091
0.261304
0.183974
0.39565
0.218266
0.27663
0.281798
0.361699
0.370637
0.455889
0.382306
0.258653
0.512494
0.580608
0.376725
0.426048
0.237823
0.312806
0.247161
0.387274
0.295635
0.314924
0.320476
0.32188
0.322005
0.352025
0.353535
0.390585
0.566928
0.400659
0.45062
0.390381
0.341971
0.405419
0.242576
0.275513
0.214458
0.274556
0.509005
0.395887
0.185341
0.361759
0.488995
0.271382
0.288661
0.259959
0.238843
0.158762
0.240961
0.311616
0.375216
0.360574
0.131047
0.298344
0.257248
0.236834
0.297523
0.28107
0.307258
0.333477
0.293982
0.212417
0.358184
0.243129
0.224702
0.433908
0.416693
0.378435
0.211349
0.345581
0.300443
0.3654
0.298542
0.29091
0.317114
0.407275
0.295135
0.373742
0.459849
0.196156
0.366289
0.323121
0.227999
0.311946
0.386857
0.318734
0.365767
0.38866
0.333845
0.353313
0.344902
0.380628
0.306102
0.349654
0.303762
0.268072
0.298696
0.41686
0.272503
0.35234
0.232132
0.286456
0.344981
0.22603
0.198833
0.290531
0.271326
0.222542
0.197146
0.357293
0.27455
0.281217
0.451725
0.41112
0.23169
0.282212
0.256018
0.308174
0.253303
0.30334
0.330544
0.368655
0.376474
0.336225
0.317227
0.25129
0.393698
0.314341
0.282397
0.229404
0.263424
0.227423
0.285653
0.237876
0.314811
0.34743
0.342522
0.388614
0.273317
0.242705
0.28991
0.379586
0.326916
0.49854
0.319039
0.277288
0.373779
0.289981
0.344632
0.247074
0.275294
0.385616
0.241552
0.323947
0.236952
0.316083
0.280252
0.42579
0.266324
0.231888
0.370073
0.294593
0.468378
0.426131
0.327298
0.361019
0.389276
0.42124
0.410308
0.243922
0.209465
0.39036
0.38395
0.267172
0.281217
0.371981
0.392737
0.314034
0.386784
0.233028
0.225027
0.370793
0.424723
0.436257
0.242096
0.352751
0.378588
0.345297
0.248819
0.308965
0.282453
0.356097
0.199212
0.378319
0.229112
0.346303
0.293338
0.234602
0.265693
0.33898
0.298522
0.286916
0.245726
0.342747
0.267692
0.208338
0.242773
0.402634
0.342885
0.346111
0.456113
0.252981
0.267746
0.377359
0.293676
0.357768
0.30975
0.31069
0.295421
0.375787
0.310276
0.428734
0.327462
0.230396
0.321524
0.314706
0.270888
0.373686
0.324493
0.342026
0.324597
0.231467
0.297623
0.251743
0.279095
0.297031
0.233814
