10.2949
0.877839
0.107416
0.0322407
1.00991
0.112203
0.0258542
0.0135025
1.09429
0.11016
0.0135394
0.0111066
1.1667
0.122005
0.0245679
0.00889569
1.24604
0.126013
0.0198161
0.00976438
1.2905
0.125832
0.0216225
0.00800179
1.34816
0.129969
0.0192142
0.00593012
1.37434
0.136075
0.0212194
0.0106555
1.42193
0.140751
0.0222734
0.00947993
1.46702
0.13994
0.0191123
0.00704728
1.50169
0.144376
0.0168354
0.00519355
1.53651
0.150854
0.0247302
0.0101636
1.56604
0.150088
0.0227459
0.00601549
1.60056
0.154028
0.0214269
0.0107247
1.63194
0.157074
0.0220823
0.00990567
1.66731
0.16125
0.0224753
0.0106788
1.68334
0.162443
0.0199008
0.00960315
1.69448
0.159159
0.0207338
0.0130519
1.71989
0.166232
0.0196572
0.00898333
1.72493
0.164022
0.0250067
0.0105187
1.73815
0.165868
0.025928
0.0118957
1.7503
0.168664
0.0227063
0.0112283
1.7593
0.168945
0.0260765
0.0101411
1.76856
0.171784
0.0234984
0.00792723
1.78045
0.169863
0.0276613
0.011934
1.79206
0.169345
0.0236161
0.0112195
1.79752
0.16978
0.0215262
0.00975979
1.80837
0.169516
0.0266564
0.0081195
1.81435
0.176406
0.0233457
0.010297
1.827
0.173018
0.0235051
0.0131725
1.83012
0.179843
0.023589
0.0104994
1.84537
0.180205
0.0289311
0.00906686
1.85072
0.176684
0.0259181
0.0131748
1.85417
0.174654
0.0214911
0.00910815
1.85688
0.175301
0.0280282
0.0102299
1.85979
0.183884
0.0246607
0.00948358
1.86739
0.176574
0.0239193
0.00992197
1.86458
0.180771
0.0262716
0.010076
1.87033
0.179379
0.0287178
0.0131749
1.875
0.177373
0.0268933
0.0114025
1.87578
0.181604
0.0237928
0.0120218
1.87756
0.181325
0.0238858
0.0118555
1.88203
0.180581
0.0236321
0.0109231
1.89014
0.183322
0.0257527
0.00886443
1.89024
0.180677
0.0265075
0.0122851
1.89022
0.180652
0.0247976
0.0168728
1.89391
0.17983
0.0281425
0.0105098
1.8924
0.183052
0.0268578
0.0107947
1.89609
0.185534
0.0254876
0.00890496
1.89448
0.182482
0.0276087
0.00782818
1.89645
0.183139
0.0268327
0.0146395
1.89398
0.177569
0.0230211
0.0113418
1.89608
0.180851
0.025995
0.0104884
1.89859
0.182355
0.0261845
0.00974022
1.89548
0.179206
0.0264703
0.0117326
1.89412
0.182214
0.0290558
0.00843225
1.89698
0.18079
0.0281255
0.0125736
1.89741
0.178973
0.0251217
0.0105704
1.89855
0.184019
0.0229761
0.0114496
1.90256
0.178254
0.0253604
0.00900172
1.90117
0.182052
0.0255924
0.0128398
1.89931
0.178915
0.0264665
0.00571392
1.90261
0.181998
0.0279838
0.0117324
1.90224
0.180011
0.024569
0.0102517
1.90292
0.18274
0.0289198
0.012771
1.90249
0.183135
0.027479
0.0128151
1.90048
0.181579
0.0252416
0.00962689
1.90157
0.187883
0.029888
0.00961062
1.9002
0.181037
0.0263928
0.0106051
1.90263
0.179681
0.0211678
0.00867136
1.90439
0.185172
0.0269966
0.0126129
1.90225
0.180897
0.0262125
0.00999752
1.90161
0.182144
0.0243935
0.00858976
1.90291
0.180482
0.0273937
0.0140001
1.9043
0.187875
0.0238458
0.0107197
1.90113
0.187925
0.0256246
0.0104144
1.90074
0.179156
0.0269157
0.0121406
1.90301
0.185457
0.0288628
0.0130876
1.90562
0.183337
0.0275452
0.0130853
1.90537
0.181294
0.0275002
0.0106938
1.90601
0.182877
0.0243109
0.0127947
1.90533
0.182124
0.0320456
0.0116938
1.90887
0.183983
0.0257988
0.0111405
1.90802
0.184857
0.0239388
0.00830849
1.90859
0.182068
0.0291637
0.00910206
1.90766
0.181977
0.0282043
0.0139343
1.90639
0.186574
0.0264809
0.010756
1.90896
0.183357
0.0280219
0.0104127
1.90884
0.183748
0.02669
0.0124195
1.90522
0.181413
0.0261862
0.00955085
1.9036
0.179352
0.0266204
0.0110151
1.90636
0.180079
0.0270472
0.0125854
1.90607
0.185946
0.02301
0.0112289
1.90565
0.185567
0.0276238
0.0107241
1.91099
0.180705
0.0248428
0.0138363
1.90501
0.180248
0.0278022
0.0131063
1.90616
0.189137
0.0274656
0.012687
1.90789
0.185734
0.0254379
0.0160466
1.90691
0.183509
0.0261975
0.00979433
1.90551
0.183633
0.0256651
0.0115293
1.90527
0.179264
0.0256057
0.011468
1.90795
0.185327
0.0248031
0.0145952
1.90959
0.181436
0.0273285
0.0151582
1.90758
0.184855
0.0249515
0.0125002
1.90856
0.183591
0.0269109
0.0119751
1.90954
0.183389
0.0301408
0.0122093
1.90526
0.18379
0.0243042
0.00998157
1.9094
0.182747
0.0251352
0.00991326
1.9064
0.180887
0.0259069
0.0106258
1.90932
0.188059
0.0273057
0.0101196
1.90772
0.184329
0.02592
0.00803648
1.9091
0.181714
0.0251311
0.00895205
1.90396
0.180682
0.025917
0.0107981
1.90874
0.182933
0.0241511
0.00952566
1.90556
0.176453
0.0242908
0.00788845
1.90675
0.188404
0.0291808
0.0110299
1.91404
0.182512
0.030159
0.0113616
1.90739
0.182098
0.0261339
0.010613
1.90644
0.183564
0.0273375
0.0146673
1.90573
0.183254
0.0234158
0.00998307
1.9072
0.183083
0.0276901
0.0100989
1.90784
0.183797
0.0283496
0.0141738
1.90471
0.185179
0.0271042
0.0108321
1.90695
0.185421
0.0234485
0.0117952
1.90503
0.183456
0.0279154
0.0142375
1.90671
0.182925
0.0271001
0.0111801
1.90948
0.187681
0.0230309
0.0137207
1.90883
0.180665
0.0284474
0.0109027
1.91026
0.180756
0.0292956
0.0125823
1.90529
0.180794
0.0216115
0.0121241
1.90734
0.179409
0.023914
0.0151059
1.91108
0.183007
0.0269773
0.0134953
1.90741
0.184108
0.028845
0.0105862
1.90697
0.184178
0.0263154
0.0114815
1.90673
0.187011
0.0249386
0.0114093
1.90848
0.184874
0.0245401
0.0110688
1.90962
0.184804
0.0255021
0.0108745
1.90853
0.181771
0.0242785
0.0120231
1.90782
0.19415
0.0272007
0.0127042
1.90645
0.181186
0.0252582
0.0136324
1.90724
0.185281
0.0244035
0.0112072
1.90521
0.182642
0.0229596
0.0103087
1.90696
0.184763
0.023878
0.0133869
1.9095
0.178831
0.0258716
0.0113523
1.9064
0.180089
0.0238735
0.0146237
1.90906
0.179263
0.0242102
0.00877528
1.90713
0.183851
0.0287983
0.0127238
1.9053
0.183336
0.0219606
0.00931671
1.90854
0.182113
0.0255761
0.00857832
1.9066
0.180876
0.0259715
0.0118959
1.90574
0.1849
0.0267575
0.0138757
1.90738
0.184924
0.0276543
0.0108291
1.90658
0.18474
0.0260824
0.0119126
1.90718
0.183539
0.0288111
0.0118497
1.90769
0.180572
0.0257275
0.0137135
1.9061
0.186054
0.0261272
0.0137005
1.9073
0.180789
0.0235636
0.0108845
1.90825
0.187027
0.0253232
0.0133648
1.90672
0.184117
0.0270722
0.00973435
1.908
0.183574
0.0262269
0.0137279
1.90712
0.181993
0.0264676
0.00975493
1.90851
0.184123
0.0231221
0.0138087
1.90525
0.183028
0.0253428
0.00796416
1.9052
0.181439
0.0264029
0.0145336
1.90403
0.183153
0.0291916
0.0131631
1.90622
0.186266
0.0280404
0.0099762
1.9093
0.183122
0.0265488
0.0108092
1.9086
0.182692
0.0291076
0.0109955
1.90924
0.181482
0.02814
0.011976
1.90739
0.187115
0.0277256
0.00922004
1.90766
0.183114
0.0229776
0.0133829
1.90499
0.18058
0.0259519
0.0118592
1.90752
0.185173
0.0260241
0.0123021
1.90803
0.185432
0.0244047
0.010932
1.90472
0.182238
0.0282596
0.00838987
1.90622
0.183722
0.0242635
0.00816091
1.90556
0.18019
0.0257264
0.0160006
1.90677
0.181869
0.0279173
0.0134037
1.90504
0.184181
0.0248033
0.0133914
1.90492
0.180009
0.027388
0.00975147
1.90665
0.183993
0.0259179
0.0125459
1.90661
0.179703
0.0241332
0.0141016
1.90496
0.181322
0.0238021
0.0112213
1.90759
0.179937
0.027428
0.0110674
1.90587
0.185568
0.0273799
0.0114219
1.9082
0.186604
0.0263907
0.0117038
1.90929
0.184311
0.0268101
0.00900129
1.90356
0.186251
0.0265012
0.0150811
1.90932
0.181497
0.0213239
0.00896865
1.90615
0.183897
0.0256586
0.0140573
1.90523
0.183408
0.0282048
0.011247
1.90621
0.186516
0.0235329
0.00806724
1.90651
0.181013
0.0248179
0.00762879
1.90764
0.184152
0.0250165
0.0109206
1.90753
0.184395
0.0269584
0.0124435
1.91028
0.184338
0.0256885
0.0118311
1.90631
0.183881
0.0273029
0.0117595
1.90816
0.181908
0.0239203
0.00972286
1.90776
0.179286
0.0278626
0.011479
1.90634
0.181419
0.0293008
0.00956891
1.90785
0.186904
0.0230827
0.0126761
1.90786
0.18317
0.0257268
0.00938833
1.90575
0.182169
0.0234847
0.00697016
1.90554
0.181337
0.027675
0.010399
1.90612
0.186533
0.0252142
0.00746948
1.90786
0.187222
0.0273429
0.0136292
1.90582
0.182091
0.0246071
0.0108221
1.90736
0.179135
0.0261207
0.00815219
1.90642
0.182305
0.0242979
0.00910251
1.90494
0.183345
0.0322927
0.00929912
1.90768
0.184906
0.0276369
0.0119308
1.90547
0.182304
0.0249047
0.0119873
1.90668
0.185374
0.0276617
0.0112384
1.90422
0.183076
0.029933
0.0138092
1.90171
0.184862
0.0315819
0.0118529
1.90575
0.189587
0.0292723
0.0128207
1.90864
0.183846
0.0245631
0.0141414
1.90752
0.182947
0.0274668
0.0105848
1.91026
0.185297
0.0308109
0.0123355
1.9087
0.183099
0.0279627
0.00999993
1.90718
0.183283
0.0248727
0.0065215
1.90662
0.180271
0.0241718
0.0104496
1.90892
0.182693
0.0316694
0.0134563
1.90848
0.182511
0.0269145
0.0114084
1.90671
0.18205
0.0257389
0.0130266
1.90771
0.181531
0.026615
0.0116415
1.90595
0.183959
0.0227869
0.0102655
1.90465
0.18152
0.0272668
0.00846173
1.90644
0.181243
0.0289245
0.0139204
1.90651
0.181302
0.0244257
0.0109614
1.90696
0.187064
0.0265955
0.00716292
1.9065
0.190832
0.0275966
0.0130819
1.90703
0.186136
0.0258213
0.0119637
1.91036
0.182159
0.0313657
0.0119105
1.90879
0.184205
0.0236549
0.00948848
1.90577
0.182896
0.0269766
0.0137454
1.90438
0.182083
0.0257264
0.0137284
1.90997
0.182529
0.0268476
0.0124179
1.90364
0.189052
0.0248359
0.011001
1.91108
0.185302
0.0269926
0.0111989
1.9086
0.181912
0.0257798
0.014059
1.91025
0.184652
0.0293575
0.00988067
1.90856
0.182097
0.0264995
0.0136276
1.90643
0.183536
0.0265669
0.0123907
1.90437
0.184839
0.0268916
0.0115724
1.90642
0.185859
0.0226073
0.00956102
1.90787
0.180469
0.0281962
0.0125129
1.9053
0.18581
0.0283682
0.0117972
1.90658
0.182081
0.0255377
0.0116125
1.90904
0.181088
0.0227041
0.0106332
1.90671
0.18399
0.0292194
0.0108185
1.90548
0.183989
0.0281284
0.00984627
1.90913
0.183922
0.0283926
0.0102468
1.90613
0.183577
0.024665
0.0128717
1.90842
0.18887
0.0297274
0.00978428
1.90404
0.185633
0.0288276
0.00997231
1.90381
0.183728
0.0275612
0.0125886
1.90831
0.179933
0.0249251
0.0103019
1.91128
0.18225
0.0269215
0.012668
1.90756
0.184195
0.0247663
0.0100923
1.90893
0.184674
0.0308778
0.0117652
1.90732
0.180785
0.0250224
0.0121768
1.90541
0.181525
0.0266271
0.0102921
1.90877
0.185365
0.0290249
0.0119101
1.909
0.184363
0.0269893
0.0109307
1.90661
0.183477
0.0254008
0.0103043
1.90969
0.185641
0.0245994
0.0114707
1.90588
0.183177
0.0284248
0.0123833
1.90598
0.179998
0.0290798
0.00983748
1.90792
0.182569
0.0239008
0.0156738
1.90768
0.182282
0.0236973
0.013235
1.90614
0.185489
0.0271251
0.00998339
1.90389
0.180469
0.0261574
0.0108966
1.90957
0.183512
0.0254114
0.00964937
1.9066
0.180238
0.0250761
0.0085657
1.90559
0.180206
0.0251142
0.011114
1.90955
0.185661
0.0251124
0.0155313
1.9042
0.18421
0.0262777
0.0103718
1.90852
0.183341
0.0280927
0.0107679
1.907
0.182497
0.0223228
0.00957262
1.9079
0.180926
0.0284789
0.0114293
1.90737
0.188055
0.0249356
0.0111859
1.90827
0.183147
0.0279841
0.0100582
1.90812
0.185181
0.0267713
0.00982037
1.90633
0.184748
0.0302993
0.0135146
1.90702
0.188884
0.02993
0.0111826
1.9068
0.182486
0.0297364
0.01106
1.90925
0.178843
0.0253886
0.0102456
1.90683
0.182309
0.0290188
0.0103689
1.90704
0.182557
0.0224324
0.00998882
1.90803
0.184409
0.0265348
0.0097041
1.91014
0.184436
0.0319536
0.0134664
1.90475
0.184598
0.026357
0.00839823
1.9048
0.180087
0.0267257
0.0113234
1.90373
0.183465
0.0267003
0.0125638
1.90732
0.187728
0.0298648
0.0114469
1.90657
0.186788
0.0282096
0.0114256
1.90572
0.179744
0.025779
0.0113752
1.90531
0.182645
0.0260726
0.00746689
1.90948
0.181052
0.0229044
0.00970076
1.9071
0.187336
0.0274793
0.011053
1.90724
0.183429
0.0265597
0.00770023
1.90898
0.183696
0.0283765
0.0119017
1.90548
0.184724
0.0276551
0.0120345
1.9068
0.18257
0.0289787
0.00925542
1.90666
0.18393
0.0239916
0.0127086
1.90476
0.182989
0.0277973
0.0105032
1.90904
0.182607
0.0282963
0.0129985
1.90446
0.183724
0.0281471
0.0133205
1.90862
0.181957
0.0260934
0.00950783
1.90988
0.182551
0.0260594
0.00952526
1.90975
0.179097
0.0246238
0.0145194
1.90696
0.18749
0.0261177
0.0104863
1.90673
0.181374
0.0257405
0.0140172
1.90486
0.178577
0.026376
0.0118828
1.90761
0.185965
0.0286312
0.00884373
1.90719
0.181779
0.0265356
0.00870554
1.90784
0.185868
0.0269396
0.0113335
1.90493
0.190287
0.0262171
0.0100939
1.9087
0.181324
0.0242566
0.0114192
1.90827
0.182839
0.0261059
0.0112227
1.90408
0.182517
0.0236737
0.0117968
1.90735
0.181276
0.0294597
0.0133778
1.90689
0.183322
0.0313699
0.00947963
1.90502
0.184928
0.0275502
0.00914533
1.90603
0.182672
0.024574
0.013743
1.91006
0.183215
0.0249178
0.0115801
1.90449
0.182876
0.0258738
0.0125033
1.90867
0.184217
0.0296339
0.0101559
1.90754
0.187368
0.02463
0.0122249
1.90422
0.181314
0.0287866
0.0096793
1.90514
0.179536
0.0240864
0.0127752
1.90669
0.180577
0.0264233
0.0119488
1.90879
0.183477
0.0264922
0.00972638
1.90582
0.187937
0.0308206
0.0119501
1.90846
0.186284
0.0256209
0.0150291
1.90911
0.18087
0.0267394
0.00992212
1.90882
0.18598
0.0307984
0.00885504
1.90852
0.180961
0.0257999
0.0112482
1.90622
0.183479
0.0282572
0.0107022
1.90974
0.178924
0.0246079
0.0139742
1.90665
0.180129
0.0225949
0.00820076
1.90537
0.18232
0.0268069
0.0107766
1.90714
0.180901
0.0278095
0.0128629
1.9072
0.185492
0.0300006
0.00988292
1.90546
0.182853
0.0214896
0.00953249
1.90731
0.181323
0.0274725
0.0143094
1.90657
0.186012
0.0302516
0.0118996
1.90637
0.1807
0.0282133
0.0125683
1.90744
0.179171
0.0277054
0.00907277
1.90811
0.184184
0.0239123
0.0101809
1.90665
0.181872
0.0263157
0.01214
1.90722
0.181476
0.0241329
0.0105094
1.90702
0.185032
0.0277833
0.0103442
1.90725
0.181738
0.0309611
0.0136977
1.90473
0.183077
0.026418
0.0129447
1.907
0.182225
0.0267958
0.00959951
1.90583
0.182262
0.027399
0.0107771
1.90619
0.184457
0.0251031
0.0105309
1.90867
0.183587
0.0290947
0.00740975
1.90661
0.185161
0.031125
0.0113272
1.91219
0.182938
0.0262985
0.0101591
1.90752
0.18113
0.0275994
0.005559
1.90418
0.184107
0.0245175
0.0142312
1.90935
0.184082
0.0269058
0.0112458
1.90934
0.18208
0.0301124
0.0119512
1.90518
0.179983
0.0254357
0.0139937
1.90985
0.182997
0.0269147
0.0128286
1.90784
0.185591
0.0269029
0.00765006
1.90606
0.182023
0.0295884
0.0110224
1.90705
0.178161
0.0280666
0.0145569
1.90641
0.186548
0.0242214
0.00979271
1.90605
0.178624
0.0217953
0.00937379
1.90933
0.185784
0.0249809
0.0128032
1.90475
0.189741
0.0257947
0.0146359
1.90818
0.185667
0.025531
0.0114555
1.90594
0.180561
0.0304844
0.0124879
1.90685
0.180513
0.0276045
0.0109045
1.90463
0.18087
0.0259398
0.00992574
1.90735
0.183227
0.0261578
0.00991803
1.91034
0.182648
0.0239803
0.0109867
1.90801
0.182899
0.030647
0.0100236
1.90739
0.179094
0.0272697
0.011289
1.90442
0.182528
0.0288212
0.0118807
1.90744
0.184019
0.0266008
0.0114034
1.9079
0.183125
0.0249058
0.0131919
1.90676
0.181311
0.0257684
0.0106285
1.90658
0.181662
0.0254948
0.00890624
1.90909
0.181284
0.0255999
0.0114001
1.90518
0.184751
0.0282103
0.0144452
1.9061
0.181838
0.0292339
0.00916326
1.90642
0.183998
0.0290953
0.0113693
1.90451
0.183918
0.0255988
0.0103693
1.90914
0.18449
0.0252988
0.0135764
1.90604
0.178008
0.0272348
0.00945262
1.90814
0.187687
0.0263971
0.0129277
1.90712
0.183058
0.0256346
0.0128877
1.90693
0.182831
0.0270539
0.0170719
1.90758
0.183855
0.0250083
0.0113078
1.90821
0.183139
0.0267166
0.0120689
1.90909
0.183159
0.0253043
0.0118212
1.90777
0.184547
0.0295236
0.0110014
1.90891
0.178646
0.0244581
0.0140766
1.90771
0.180236
0.0246315
0.0099372
1.90969
0.183455
0.0265737
0.00947743
1.90499
0.183314
0.0265043
0.0110735
1.90546
0.181851
0.0261065
0.00973583
1.90799
0.178761
0.0296182
0.0140245
1.90842
0.181126
0.0225794
0.00906309
1.90602
0.187517
0.0292679
0.0125366
1.90856
0.185753
0.0263778
0.0105193
1.90788
0.184478
0.0249601
0.00791622
1.9053
0.181252
0.0240855
0.0128017
1.90904
0.185698
0.0270338
0.0111073
1.90657
0.186323
0.0264653
0.00963742
1.90662
0.181033
0.0269254
0.00960971
1.90677
0.185529
0.0260662
0.0166785
1.90522
0.179196
0.0275597
0.00887775
1.91013
0.180521
0.0283645
0.00942241
1.91114
0.185832
0.0258449
0.0113607
1.90925
0.184837
0.0260181
0.00892429
1.90781
0.179679
0.0311357
0.0156391
1.90747
0.178299
0.0300248
0.011121
1.9067
0.182115
0.0262589
0.0142297
1.90725
0.182566
0.0280805
0.0117189
1.90664
0.184128
0.0249675
0.00689681
1.90789
0.176624
0.0256402
0.0120079
1.90565
0.181997
0.0265345
0.0142975
1.90539
0.18261
0.0238481
0.00780999
1.90803
0.183478
0.0274513
0.0121217
1.90841
0.183548
0.0293668
0.0101949
1.90805
0.18704
0.0286463
0.0126587
1.90563
0.181026
0.0233932
0.0111887
1.90629
0.183371
0.0228781
0.0113866
1.90606
0.179083
0.0266422
0.0112341
1.909
0.183098
0.0265082
0.0117101
1.90865
0.1847
0.0269994
0.00994565
1.90753
0.183682
0.0251648
0.0114175
1.90631
0.183694
0.0210987
0.0112981
1.90995
0.181394
0.024613
0.0122217
1.9041
0.183075
0.0262246
0.0128829
1.90864
0.184098
0.0292171
0.0126999
1.90836
0.185391
0.0280874
0.0107145
1.90564
0.1832
0.0219493
0.0101305
1.90809
0.185517
0.0266448
0.0103909
1.90631
0.181302
0.0284133
0.0131154
1.90577
0.181319
0.0226458
0.0101612
1.90606
0.182837
0.0288963
0.0127902
1.90917
0.179568
0.0233807
0.0155206
1.90574
0.184643
0.0264135
0.00997366
1.90621
0.184455
0.0289565
0.0125344
1.90672
0.1835
0.0313521
0.0105616
1.9066
0.183594
0.0264116
0.0102884
1.90812
0.182922
0.0273641
0.0105074
1.90326
0.184438
0.029463
0.00716581
1.90499
0.180612
0.0283379
0.00851598
1.90823
0.184055
0.0223255
0.0104174
1.90833
0.183858
0.0268992
0.011354
1.9056
0.182563
0.024201
0.00909596
1.90759
0.184225
0.0263101
0.0119049
1.91056
0.182498
0.028655
0.0141419
1.90701
0.182017
0.0280761
0.0113889
1.9056
0.184605
0.030252
0.010755
1.90736
0.184096
0.0269118
0.0095338
1.91093
0.179988
0.027753
0.0114021
1.90647
0.185832
0.0266369
0.0139929
1.9084
0.179358
0.0282241
0.0100833
1.90862
0.184931
0.0215609
0.0118943
1.90934
0.182738
0.026578
0.00926397
1.90767
0.182381
0.0281317
0.0117491
1.90688
0.182469
0.0297428
0.011843
1.90798
0.184962
0.027799
0.0104477
1.90646
0.184745
0.0243152
0.00892088
1.90658
0.18138
0.0262886
0.0137189
1.90329
0.179527
0.0245745
0.00906936
1.9061
0.180474
0.0291315
0.00871093
1.90752
0.179601
0.0272267
0.00941216
1.90622
0.18702
0.0286736
0.0108287
1.90659
0.180462
0.0304996
0.0104595
1.90538
0.180868
0.0260731
0.0137266
1.9093
0.183772
0.0302849
0.0106467
1.90561
0.184854
0.0260627
0.0098566
1.90813
0.183408
0.0236033
0.00928148
1.90871
0.181246
0.0288414
0.009772
1.90956
0.182671
0.0250186
0.0118736
1.91051
0.184855
0.0256118
0.0123051
1.90816
0.182128
0.0254772
0.0109664
1.90658
0.184396
0.0294562
0.0125028
1.90521
0.187327
0.0261332
0.00997401
1.90807
0.178612
0.0267608
0.0135457
1.90786
0.180866
0.0227668
0.00848143
1.90977
0.183687
0.0264593
0.00811219
1.90589
0.181619
0.0265207
0.0134332
1.90652
0.184855
0.0249593
0.00836562
1.90637
0.188688
0.0259053
0.0109729
1.90735
0.18179
0.021166
0.0101522
1.9056
0.182918
0.0258628
0.0127062
1.90738
0.184829
0.025597
0.0101801
1.90822
0.179645
0.0270171
0.0121027
1.90621
0.184715
0.0291692
0.0115431
1.90732
0.181796
0.0216346
0.0132592
1.90886
0.186045
0.0245244
0.0116792
1.90575
0.183836
0.0255435
0.010934
1.90679
0.183335
0.0316999
0.0138659
1.90969
0.183471
0.0244583
0.0118521
1.90409
0.184349
0.0236337
0.0137979
1.90832
0.182282
0.0303781
0.0141485
1.90623
0.18171
0.0291516
0.012008
1.90668
0.180253
0.0275592
0.0146561
1.90737
0.181457
0.0253456
0.0128485
1.90529
0.181024
0.0238528
0.00850669
1.90681
0.181716
0.0235847
0.0114943
1.90466
0.181258
0.0258638
0.00783082
1.90678
0.184398
0.0248701
0.0150512
1.90746
0.186348
0.0274549
0.0115665
1.90668
0.180225
0.0261748
0.00894013
1.90777
0.185246
0.027701
0.0113592
1.90625
0.178686
0.0244659
0.0111068
1.90903
0.183332
0.0248688
0.0110703
1.90897
0.181607
0.0296524
0.0095774
1.90656
0.181886
0.0251766
0.0120697
1.90596
0.180575
0.0258577
0.0088639
1.90712
0.181937
0.0250067
0.0134591
1.90591
0.182706
0.0260362
0.01174
1.90758
0.181452
0.0280652
0.012213
1.90775
0.187001
0.032661
0.0133252
1.90607
0.17863
0.0300897
0.0173697
1.90832
0.1814
0.022942
0.0123842
1.90735
0.183861
0.0265956
0.0119045
1.90826
0.179259
0.0252165
0.0111451
1.90647
0.182435
0.0262716
0.0102834
1.90594
0.178644
0.026183
0.0116547
1.90313
0.179925
0.033167
0.0082624
1.90888
0.18213
0.024602
0.0139435
1.90725
0.182276
0.0277808
0.0101523
1.90629
0.179296
0.0258334
0.0117583
1.90629
0.184153
0.0270015
0.0113186
1.90541
0.183646
0.0261337
0.0104671
1.90712
0.181986
0.026365
0.0133219
1.90396
0.182186
0.0271081
0.0127521
1.90349
0.179041
0.0219752
0.0091358
1.90749
0.184468
0.0280678
0.0132517
1.9093
0.18387
0.0255176
0.011011
1.91202
0.184658
0.0278698
0.0111519
1.90597
0.182969
0.0242507
0.0121808
1.90605
0.184543
0.0244521
0.00982698
1.90406
0.187189
0.0242057
0.0121081
1.9086
0.186858
0.0226534
0.0149258
1.90614
0.183877
0.0263872
0.0119546
1.90404
0.178613
0.0236631
0.00985123
1.9062
0.18679
0.0293532
0.0119296
1.90835
0.182639
0.0274065
0.0103304
1.90598
0.18232
0.0272324
0.0104023
1.90726
0.181849
0.0283988
0.0123126
1.90647
0.183506
0.0241663
0.00882463
1.90523
0.182543
0.0256827
0.013579
1.90699
0.182011
0.0261028
0.0103587
1.90233
0.18467
0.0275348
0.00890627
1.90767
0.182171
0.0281516
0.0108621
1.90606
0.181397
0.0265576
0.0114077
1.90791
0.185074
0.0249777
0.0117011
1.90544
0.183572
0.0243384
0.01174
1.9083
0.181661
0.0259193
0.0105407
1.90893
0.180784
0.026009
0.0133301
1.90705
0.181022
0.0239766
0.00905023
1.90477
0.18051
0.0255481
0.0114432
1.90528
0.183292
0.0261519
0.0143457
1.90556
0.178369
0.0219978
0.00857035
1.90498
0.184193
0.0286719
0.0146468
1.90764
0.183642
0.0281386
0.0103651
1.91101
0.185116
0.024268
0.00892141
1.90808
0.186229
0.0287163
0.0110376
1.90721
0.187328
0.0246899
0.010565
1.90672
0.176524
0.0277235
0.0124806
1.9054
0.183875
0.027278
0.0119881
1.90712
0.182459
0.0264496
0.0106345
1.90593
0.18328
0.0290125
0.0141154
1.90833
0.177532
0.0263438
0.0107088
1.90995
0.181524
0.0261009
0.0137448
1.90675
0.182289
0.0255186
0.0119772
1.90434
0.185938
0.026231
0.0118305
1.90343
0.181458
0.0287341
0.00949062
1.90778
0.179189
0.0277151
0.00969182
1.90868
0.181931
0.031029
0.00825712
1.90659
0.183376
0.0274547
0.0116076
1.90579
0.185238
0.0273179
0.0118854
1.90695
0.185513
0.0298098
0.0143517
1.90618
0.184596
0.0329418
0.0126598
1.9061
0.183635
0.026029
0.0132479
1.9071
0.184101
0.024781
0.0100608
1.90578
0.186333
0.0281395
0.0117756
1.90554
0.181536
0.0271809
0.0128879
1.9091
0.185592
0.0275291
0.013422
1.90587
0.182455
0.025616
0.0112335
1.90432
0.181521
0.0275265
0.0117936
1.90746
0.187032
0.0243278
0.0149912
1.91046
0.180342
0.0243567
0.0138795
1.90404
0.185558
0.0256923
0.00869338
1.9048
0.18952
0.0283264
0.00986729
1.90471
0.18641
0.0239345
0.00999277
1.90718
0.184982
0.0292252
0.0112329
1.90542
0.180748
0.0260546
0.0115148
1.90659
0.184825
0.0231809
0.0114958
1.90563
0.179667
0.0270651
0.0120316
1.90785
0.186719
0.0276872
0.00935737
1.90592
0.186395
0.0262734
0.0121611
1.90457
0.183502
0.029222
0.00994338
1.90817
0.184188
0.0288948
0.0129285
1.90737
0.17929
0.0257413
0.00917416
1.90785
0.182165
0.0248651
0.0107425
1.90787
0.186083
0.0264777
0.0138205
1.90645
0.185249
0.027068
0.012253
1.90615
0.182835
0.0240001
0.0101943
1.90792
0.180261
0.0275595
0.0126448
1.90702
0.178626
0.0263797
0.00948945
1.90837
0.181089
0.0274088
0.013347
1.90638
0.18568
0.025404
0.010231
1.90976
0.186273
0.0253935
0.00926116
1.90698
0.186864
0.0317916
0.0117339
1.90565
0.187017
0.0261674
0.0134594
1.90849
0.184227
0.0314333
0.0151624
1.90611
0.185289
0.0255791
0.0120263
1.90541
0.182813
0.0262057
0.0100657
1.90467
0.179712
0.0267525
0.0112345
1.90732
0.182284
0.0238475
0.010516
1.90708
0.182212
0.0253615
0.0126086
1.90825
0.185745
0.0270197
0.0132798
1.90495
0.18145
0.0262734
0.0124004
1.9086
0.185454
0.0251162
0.011796
1.90461
0.1849
0.0274149
0.0118895
1.90477
0.183095
0.02874
0.0106235
1.90577
0.186399
0.0263142
0.00919422
1.91068
0.180968
0.0257276
0.0158205
1.90826
0.18422
0.0269639
0.013863
1.90494
0.184414
0.0285039
0.0125044
1.90883
0.186282
0.027263
0.0137054
1.90672
0.180192
0.0224739
0.0137338
1.90505
0.180774
0.0268333
0.011061
1.90516
0.185941
0.0300752
0.0115179
1.91099
0.184134
0.0253919
0.00827925
1.90667
0.181253
0.0252548
0.0108056
1.9074
0.184746
0.0257453
0.0112685
1.90879
0.183311
0.0295802
0.00827143
1.90743
0.184603
0.0264676
0.0123581
1.90529
0.181378
0.0246356
0.0139799
1.90631
0.180213
0.0327878
0.00957882
1.9059
0.186479
0.0249504
0.0130749
1.9064
0.182763
0.0261641
0.0109702
1.90625
0.184989
0.0276498
0.00865605
1.90777
0.181895
0.025973
0.0111903
1.90551
0.180319
0.0249836
0.0113305
1.90846
0.180856
0.0257581
0.00913469
1.90663
0.181654
0.030551
0.0108002
1.90687
0.182692
0.0276537
0.0117323
1.90651
0.179984
0.0253945
0.010803
1.90752
0.18591
0.023492
0.00957086
1.90436
0.181561
0.0259831
0.0117289
1.90598
0.185775
0.0296614
0.0156752
1.90728
0.181528
0.0280284
0.0120539
1.90727
0.183852
0.0262284
0.0123153
1.90851
0.182916
0.0251236
0.0101209
1.90876
0.181193
0.0243499
0.0133083
1.90371
0.186411
0.0245646
0.0099423
1.90582
0.180315
0.0241622
0.00960794
1.90763
0.185615
0.0274357
0.0107895
1.90551
0.183143
0.0266725
0.0118138
1.90748
0.183791
0.0265602
0.00866051
1.90929
0.180421
0.0246098
0.00889873
1.90913
0.185522
0.023684
0.0103099
1.90643
0.182962
0.0294303
0.00888327
1.9114
0.183884
0.0225598
0.00956331
1.90846
0.182349
0.027109
0.00938359
1.90437
0.181717
0.0295606
0.0163452
1.90871
0.179737
0.0228672
0.0086278
1.90712
0.181314
0.0283672
0.011964
1.9073
0.182412
0.0262079
0.0100739
1.90723
0.17889
0.0282625
0.0130438
1.90972
0.181782
0.0263133
0.011393
1.90445
0.184036
0.0244982
0.0107056
1.90652
0.18486
0.0278429
0.012979
1.90784
0.182059
0.0283229
0.00927086
1.90674
0.181768
0.0271977
0.0095141
1.90528
0.183174
0.0229768
0.0103169
1.91023
0.179168
0.024574
0.0130969
1.9061
0.180082
0.0240246
0.0137454
1.90694
0.184462
0.0248819
0.0130348
1.90421
0.179651
0.0258769
0.0130697
1.91077
0.187184
0.0258807
0.0127652
1.90657
0.179803
0.0265543
0.0112238
1.90357
0.182858
0.0259617
0.00922808
1.90731
0.185527
0.031426
0.00943433
1.91029
0.179439
0.0243092
0.010195
1.90709
0.184408
0.0242672
0.0100158
1.90622
0.179971
0.0258908
0.013754
1.90831
0.178213
0.0259413
0.00703697
1.90658
0.185324
0.0274417
0.0124925
1.90891
0.183921
0.0260145
0.0110595
1.90579
0.18603
0.0312285
0.0118687
1.90701
0.180757
0.0243272
0.011048
1.91018
0.182053
0.0248423
0.0115571
1.90644
0.17873
0.0283157
0.0129168
1.90569
0.187758
0.0272592
0.0108909
1.90869
0.182191
0.0253583
0.0115342
1.90939
0.183759
0.0314817
0.0131205
1.90811
0.183315
0.0295126
0.0109437
1.90557
0.181207
0.0255507
0.00919644
1.90513
0.180681
0.0260006
0.0112211
1.90711
0.18329
0.0253119
0.0119411
1.90761
0.18033
0.0272278
0.011025
1.90853
0.184998
0.0292275
0.0127204
1.90793
0.184312
0.0278418
0.0106348
1.90591
0.182706
0.0250386
0.0175118
1.90705
0.184391
0.0274231
0.0118509
1.90473
0.18264
0.0226653
0.0102131
1.9076
0.17976
0.0258239
0.0106946
1.90465
0.181205
0.0257863
0.0123084
1.90686
0.184706
0.0244954
0.00927773
1.90957
0.183941
0.0282361
0.00985697
1.90801
0.184962
0.0288284
0.0131837
1.90853
0.18258
0.0247458
0.0127004
1.90643
0.180377
0.0275452
0.0137261
1.90775
0.182789
0.0285798
0.00840504
1.90694
0.185055
0.0277933
0.00951009
1.90661
0.183181
0.0278247
0.0117315
1.90779
0.179863
0.023943
0.00848604
1.91056
0.183839
0.0269888
0.0109005
1.9112
0.187147
0.0299454
0.0126107
1.90551
0.185238
0.0294036
0.00751491
1.90563
0.18335
0.0245111
0.0123189
1.90776
0.182721
0.0280014
0.0082638
1.90799
0.182744
0.0241187
0.0102485
1.90549
0.178247
0.0244736
0.0108221
1.90646
0.183408
0.0288412
0.0147745
1.90578
0.180211
0.028456
0.0149099
1.90932
0.181777
0.0220849
0.0111803
1.90895
0.184805
0.0262463
0.0131413
1.90936
0.186738
0.029773
0.00938988
1.90981
0.180403
0.02924
0.0105511
1.90954
0.184613
0.024772
0.0110619
1.90818
0.182747
0.0260169
0.0105373
1.90754
0.181241
0.0249097
0.0105316
1.90845
0.182085
0.0275481
0.00636439
1.90568
0.183779
0.0287288
0.0114608
1.90609
0.182513
0.0251151
0.0128255
1.90862
0.190014
0.0259434
0.0103138
1.90461
0.183339
0.0266909
0.0107568
1.90664
0.183315
0.0319667
0.0117665
1.90992
0.184931
0.0298936
0.00992658
1.91022
0.181087
0.024495
0.0142175
1.91042
0.184989
0.0288925
0.00930465
1.90619
0.186973
0.0269378
0.0089895
1.90884
0.184111
0.0313022
0.0121187
1.90703
0.179252
0.0284522
0.0134058
1.90847
0.188111
0.0305901
0.00898901
1.90692
0.185694
0.0277331
0.0101636
1.90948
0.182253
0.0250526
0.0132069
1.91024
0.182178
0.0270124
0.0110608
1.9059
0.183981
0.0327694
0.0100271
1.90706
0.183127
0.0274021
0.0154887
1.9045
0.180199
0.0240487
0.0115573
1.90606
0.191632
0.0314024
0.0127077
1.90639
0.185088
0.0255777
0.0105832
1.90815
0.182978
0.0288815
0.0103277
1.90687
0.179309
0.0273312
0.0140834
1.90546
0.182052
0.0291382
0.0120559
1.91037
0.181805
0.0282763
0.0134755
1.90923
0.184033
0.0283953
0.012385
1.90884
0.187279
0.0282251
0.011786
1.90544
0.1833
0.0259494
0.0130656
1.90754
0.182983
0.0274106
0.0120163
1.90862
0.180107
0.0258949
0.015011
1.90455
0.186332
0.0277779
0.012451
1.90501
0.184259
0.0256018
0.0127862
1.90754
0.183426
0.0288891
0.0128397
1.90674
0.186449
0.0240828
0.0141422
1.90598
0.182724
0.0235832
0.0115702
1.90545
0.183485
0.0263924
0.0129831
1.90783
0.186792
0.0239673
0.0114505
1.90618
0.180183
0.0247994
0.00827524
1.90779
0.182896
0.0270231
0.0114345
1.90963
0.182256
0.0258994
0.0139201
1.91044
0.180385
0.0262127
0.00991232
1.90611
0.183527
0.0278274
0.0107698
1.90506
0.183327
0.0253669
0.0109842
1.90663
0.182486
0.0254754
0.00869934
1.90753
0.184586
0.0241456
0.0103854
1.90771
0.180323
0.0289053
0.0143591
1.90814
0.182371
0.0264285
0.00978182
1.9065
0.18027
0.0296693
0.00992273
1.90635
0.179897
0.0263546
0.0147239
1.90353
0.183753
0.0269456
0.0120687
1.90897
0.185768
0.0293073
0.0105019
1.90916
0.183708
0.0260874
0.0138091
1.90525
0.180778
0.0246505
0.0112463
1.90805
0.182233
0.0251366
0.009183
1.90868
0.178451
0.0253012
0.00978633
1.90614
0.18273
0.0252923
0.0101362
1.90485
0.181334
0.0230726
0.0127556
1.90857
0.183815
0.0268634
0.0108448
1.90512
0.183193
0.0292941
0.0147309
1.90627
0.179766
0.0270615
0.0096835
1.90831
0.184284
0.0279735
0.0131137
1.91052
0.184243
0.0258864
0.0115441
1.91052
0.182641
0.0266297
0.010657
1.90729
0.181829
0.0278735
0.0146749
1.90837
0.187855
0.0254845
0.0151285
1.90818
0.188391
0.0314227
0.0122848
1.90845
0.181866
0.0246973
0.00906017
1.90533
0.187284
0.0259045
0.00842218
1.91106
0.180953
0.0260095
0.0129641
1.90854
0.184388
0.0303411
0.0140578
1.90839
0.188969
0.028897
0.0108365
1.91012
0.182083
0.0254964
0.010898
1.9101
0.181172
0.0289308
0.010475
1.90779
0.18037
0.0255985
0.0094902
1.90648
0.182949
0.0259939
0.00694601
1.90606
0.185316
0.0259575
0.0117878
1.90455
0.178519
0.0243126
0.0106616
1.90507
0.18371
0.0256333
0.0113564
1.90586
0.181292
0.0314859
0.0121333
1.90841
0.183954
0.0266009
0.0122368
1.907
0.183244
0.0271092
0.0100801
1.90887
0.18293
0.0255678
0.0131096
1.90541
0.186112
0.027261
0.0104179
1.90655
0.182031
0.0246005
0.0146504
1.90548
0.181967
0.0261193
0.0172438
1.90692
0.180655
0.0289421
0.00958272
1.9082
0.180257
0.0254448
0.0116035
1.90848
0.179902
0.0234952
0.0126347
1.9063
0.176079
0.0269717
0.00958263
1.90763
0.181382
0.0270345
0.0133057
1.9077
0.185062
0.0264774
0.0134728
1.90841
0.182976
0.0296022
0.0127948
1.90747
0.187804
0.0315693
0.0118406
1.90795
0.179097
0.0248047
0.0103559
1.90745
0.182742
0.0208696
0.0134082
1.90814
0.184958
0.0271654
0.00973709
1.91023
0.184011
0.0264635
0.0142733
1.9041
0.183515
0.0273762
0.00906128
1.90813
0.187121
0.0242343
0.00874922
1.90778
0.182706
0.0302228
0.00994397
1.90757
0.185204
0.0273597
0.0125075
1.9055
0.182063
0.0264962
0.00977814
1.90739
0.185083
0.027902
0.0129158
1.90757
0.1853
0.0252064
0.00976012
1.90774
0.182351
0.0286011
0.0132088
1.90557
0.181004
0.0227099
0.00923866
1.90818
0.185502
0.0253414
0.0104567
1.90807
0.184627
0.0279132
0.0119302
1.90606
0.186625
0.0216997
0.0139886
1.90687
0.182294
0.0236766
0.0105469
1.90994
0.181142
0.0306989
0.00978474
1.90944
0.182634
0.0251177
0.00912078
1.909
0.184897
0.0303861
0.0114219
1.91085
0.183569
0.0240338
0.0105502
1.91043
0.181072
0.0296223
0.0102505
1.90735
0.18551
0.0281367
0.0107198
1.91078
0.181657
0.0257934
0.0104168
1.90364
0.182742
0.0271446
0.0110175
1.90717
0.184637
0.029207
0.0133173
1.90767
0.18084
0.0273789
0.00920375
1.90769
0.183409
0.0275981
0.0122067
1.90744
0.180315
0.0267097
0.0076623
1.90942
0.182276
0.0243037
0.0124077
1.90598
0.182572
0.0242061
0.0155315
1.90725
0.184851
0.0279586
0.0114503
1.90959
0.18532
0.0299315
0.0111166
1.90668
0.184809
0.0288882
0.010631
1.90819
0.182111
0.0265592
0.0100465
1.91096
0.182934
0.0264746
0.010592
1.90765
0.186401
0.0250723
0.0114794
1.90826
0.184599
0.0304544
0.0115426
1.9061
0.182854
0.0261828
0.00954942
1.90476
0.184887
0.02577
0.0109473
1.9081
0.184607
0.0243738
0.0141628
1.90816
0.182331
0.0238477
0.01132
1.90914
0.180996
0.029617
0.013677
1.90585
0.184697
0.0246132
0.011363
1.90461
0.184325
0.0272805
0.00961812
1.90627
0.182333
0.0292782
0.0103463
1.90647
0.181658
0.0262571
0.0124447
1.90553
0.187729
0.025168
0.00982876
1.90577
0.180658
0.0255999
0.0106324
1.90819
0.1846
0.0230728
0.0111251
1.9079
0.185555
0.0265217
0.0116238
1.9045
0.180868
0.0273922
0.0117133
1.90812
0.182336
0.0242912
0.013056
1.90628
0.185894
0.0255913
0.00906023
1.90697
0.186633
0.0263061
0.0120167
1.9111
0.181467
0.0250736
0.0132083
1.90751
0.182926
0.0289429
0.0115842
1.90727
0.184086
0.0243032
0.0102627
1.90542
0.18388
0.0255155
0.00832815
1.90566
0.185637
0.0277619
0.0124418
1.90949
0.183904
0.0309832
0.0116105
1.90766
0.179177
0.0230829
0.0112595
1.90681
0.18122
0.0269263
0.00918144
1.9073
0.18456
0.0242417
0.0121556
1.91098
0.182663
0.0253819
0.0122143
1.90959
0.183553
0.0281826
0.0124411
1.90894
0.182907
0.0240705
0.00655275
1.9075
0.180514
0.0244376
0.0114678
1.90858
0.18238
0.0230641
0.010558
1.90505
0.180789
0.0265343
0.009361
1.90893
0.181959
0.0257895
0.0103181
1.90592
0.181173
0.0283431
0.00942238
1.90629
0.183088
0.026589
0.0111609
1.9041
0.183141
0.0267051
0.00899493
1.90553
0.186664
0.0252873
0.00958849
1.90818
0.180537
0.0274547
0.0106895
1.90654
0.181128
0.0219274
0.010225
1.90907
0.177988
0.0257223
0.0102759
1.908
0.185649
0.0309173
0.0104973
1.90676
0.182412
0.0249014
0.0114167
1.90841
0.181041
0.0273679
0.0111685
1.90782
0.186374
0.029659
0.00854723
1.90812
0.181254
0.0287352
0.0118429
1.90671
0.185568
0.0280626
0.0157504
1.90892
0.181789
0.0251759
0.00928329
1.90837
0.183829
0.0279956
0.0139417
1.90655
0.185287
0.0289878
0.0115801
1.91004
0.18106
0.0292872
0.0125227
1.91123
0.179304
0.026854
0.0113944
1.90628
0.178115
0.02827
0.012556
1.90679
0.186077
0.0267833
0.0156357
1.90711
0.177289
0.0242783
0.0106914
1.9063
0.181062
0.0253439
0.0119867
1.90584
0.182465
0.0248251
0.0115526
1.90605
0.178817
0.0258683
0.0138232
1.90935
0.182257
0.0282683
0.0100839
1.90791
0.185316
0.0276248
0.00870417
1.9069
0.182554
0.0242922
0.0154884
1.90635
0.184085
0.0278778
0.0104912
1.90663
0.18157
0.0222745
0.00711594
1.90917
0.18538
0.0257108
0.01303
1.90657
0.187324
0.0255918
0.0121265
1.90928
0.184344
0.0269586
0.013043
1.9089
0.182804
0.028931
0.0151483
1.90536
0.182652
0.0233867
0.0117476
1.90705
0.183822
0.0281638
0.0116473
1.90691
0.182938
0.0254803
0.011446
1.90782
0.182828
0.0268095
0.0143473
1.90554
0.181776
0.0312733
0.0128084
1.90671
0.182253
0.0284822
0.00937687
1.9067
0.183561
0.0252028
0.0146811
1.90983
0.18267
0.0259501
0.00947892
1.91025
0.181181
0.0286308
0.0112694
1.90327
0.18051
0.0230531
0.00894517
1.90844
0.186742
0.0265953
0.00942664
1.90439
0.184047
0.0266008
0.0128852
1.90792
0.18194
0.0277762
0.0140145
1.91094
0.180135
0.0265379
0.0115127
1.90547
0.180231
0.0253656
0.0093662
1.90551
0.179095
0.0271738
0.012597
1.9064
0.182596
0.0263092
0.0121692
1.90534
0.179331
0.0293181
0.0131602
1.91244
0.184398
0.0299395
0.00977481
1.90595
0.182704
0.0264722
0.00951401
1.90757
0.183492
0.0294472
0.0114925
1.90976
0.185308
0.0292653
0.0122712
1.90825
0.182782
0.0289251
0.0137324
1.91005
0.185987
0.0250864
0.00922443
1.90878
0.17867
0.0262155
0.0110428
1.90994
0.189732
0.0281378
0.0118964
1.905
0.180734
0.0250376
0.0105119
1.90485
0.181565
0.0261683
0.0103455
1.90639
0.180718
0.0269052
0.00768494
1.90782
0.18495
0.0280877
0.00821905
1.90576
0.185029
0.0274257
0.0116395
1.90686
0.183615
0.0268741
0.0101265
1.9088
0.183989
0.0228566
0.0100482
1.90466
0.183233
0.0287293
0.0106643
1.90503
0.185247
0.0253581
0.00926357
1.90481
0.180741
0.0243374
0.01409
1.90645
0.18047
0.026909
0.0127267
1.90475
0.183108
0.0233402
0.0116994
1.90614
0.186319
0.0256975
0.0109565
1.90777
0.181387
0.0244202
0.0144694
1.91146
0.180154
0.0294637
0.00848819
1.90937
0.182674
0.0266989
0.0114303
1.90433
0.181185
0.0255874
0.00824013
1.90827
0.184383
0.0229643
0.0121723
1.90714
0.182551
0.0227818
0.00902395
1.90619
0.18416
0.0264863
0.0134639
1.90649
0.181633
0.0274366
0.0112722
1.909
0.185221
0.0287329
0.00994984
1.90846
0.184252
0.0243271
0.00818164
1.90731
0.181353
0.0251978
0.00795434
1.90718
0.184752
0.0240027
0.0125837
1.90763
0.179261
0.0258904
0.0122684
1.9058
0.182647
0.0296288
0.0119727
1.90684
0.178253
0.0252488
0.0101044
1.91081
0.186457
0.0318059
0.0116208
1.90688
0.186264
0.0277472
0.0101962
1.90489
0.184391
0.0273613
0.00757295
1.90807
0.184084
0.0256488
0.0128611
1.90816
0.182689
0.0282988
0.0119077
1.9104
0.182978
0.026409
0.00965496
1.90623
0.179047
0.0264055
0.0114917
1.90386
0.180486
0.0263651
0.00900437
1.90784
0.179246
0.0287823
0.0139973
1.91039
0.181665
0.027733
0.0126608
1.90715
0.183641
0.025463
0.0108314
1.90484
0.186495
0.0260534
0.0083946
1.90917
0.182336
0.0263413
0.00899221
1.90564
0.182796
0.0272709
0.0120203
1.90607
0.185578
0.0289413
0.013235
1.90946
0.180552
0.0313784
0.010657
1.91061
0.182847
0.0289986
0.00922522
1.90473
0.187527
0.0264267
0.0135183
1.90682
0.183515
0.0296794
0.0135097
1.90511
0.18314
0.0271221
0.0112791
1.90618
0.185043
0.0290288
0.0133852
1.90736
0.183477
0.025195
0.0136617
1.90771
0.188366
0.0294792
0.0107473
1.90642
0.180464
0.0236335
0.011729
1.90559
0.188412
0.0280909
0.0117804
1.90475
0.184628
0.0261235
0.0114383
1.90773
0.182569
0.0262044
0.00982438
1.90728
0.18244
0.0258244
0.012027
1.90965
0.182799
0.0270117
0.0094938
1.90718
0.182685
0.0304794
0.0107004
1.90675
0.183543
0.0249565
0.0132997
1.90448
0.180183
0.0233721
0.0123322
1.90593
0.187461
0.0258911
0.0140047
1.90738
0.181899
0.027363
0.0130128
1.90621
0.181233
0.0266174
0.0121797
1.90658
0.183887
0.0271
0.0104584
1.90506
0.186437
0.0333725
0.00968035
1.90334
0.183528
0.0270169
0.00982624
1.90438
0.181895
0.0310061
0.0162083
1.90921
0.183242
0.0233415
0.0131179
1.90528
0.182095
0.0235841
0.0122553
1.90527
0.18537
0.024714
0.0132593
1.90587
0.183501
0.0263003
0.0127336
1.90465
0.177619
0.0275089
0.0112428
1.90841
0.17947
0.022546
0.011292
1.9108
0.184709
0.025983
0.0134906
1.90773
0.184066
0.0263664
0.0124705
1.90395
0.179723
0.0296144
0.011192
1.90855
0.180051
0.0316513
0.0118542
1.90587
0.183066
0.0271278
0.00892799
1.90648
0.18196
0.0263659
0.0108836
1.9074
0.185718
0.0256307
0.00897086
1.90713
0.185841
0.0241181
0.0121986
1.90883
0.181037
0.0279582
0.0141915
1.90758
0.18203
0.0269894
0.00886043
1.9061
0.18236
0.0238993
0.0105559
1.91107
0.181021
0.028427
0.00667782
1.90966
0.18374
0.0285104
0.0129775
1.90692
0.182278
0.0247951
0.00869561
1.90714
0.184998
0.0247056
0.0134501
1.90682
0.180995
0.023838
0.0114914
1.90555
0.180762
0.0289917
0.012763
1.90841
0.183534
0.0240718
0.0119239
1.90889
0.184435
0.0306778
0.0168333
1.90766
0.184957
0.0244009
0.00985596
1.9108
0.178126
0.0247062
0.00967265
1.90829
0.18198
0.0286461
0.00868674
1.90713
0.183698
0.0289785
0.0137732
1.90799
0.185706
0.0287055
0.0107551
1.90678
0.18507
0.027302
0.0123735
1.91064
0.179757
0.0258017
0.0104913
1.90693
0.183744
0.0290227
0.0116736
1.90836
0.185145
0.0291546
0.0127228
1.90469
0.185597
0.0312634
0.0119331
1.90527
0.182422
0.0286728
0.0094622
1.90951
0.180253
0.0271967
0.00926016
1.90763
0.181404
0.0267249
0.0125793
1.9059
0.184688
0.0267711
0.0140463
1.90585
0.188313
0.0242815
0.0086066
1.9065
0.179395
0.0281337
0.0120493
1.90754
0.183399
0.0273736
0.00968491
1.90852
0.183701
0.0256506
0.0102917
1.90357
0.184364
0.0227385
0.0106378
1.90745
0.183119
0.0274234
0.0101142
1.90482
0.180233
0.0254655
0.0122986
1.90808
0.181372
0.02689
0.0111924
1.90875
0.180961
0.0263572
0.0112999
1.90709
0.181908
0.0294864
0.00965642
1.91018
0.182651
0.0260068
0.0105984
1.90223
0.183364
0.0272156
0.0114409
1.90753
0.184011
0.0280234
0.0152097
1.90753
0.183773
0.0214942
0.00901035
1.90551
0.1809
0.0244237
0.0106642
1.9072
0.182413
0.0286812
0.0123943
1.90847
0.186878
0.0273341
0.0139806
1.9088
0.186218
0.0253963
0.0111101
1.90965
0.183245
0.0307941
0.0114944
1.90804
0.1867
0.0248028
0.0136749
1.90659
0.177663
0.0250017
0.00879552
1.90711
0.181874
0.0236161
0.0108719
1.90743
0.180527
0.0259027
0.0114439
1.90762
0.185507
0.0247366
0.00927036
1.90668
0.180626
0.0252978
0.0115449
1.90757
0.18846
0.0251349
0.0154835
1.9087
0.186624
0.0254082
0.0100011
1.90957
0.185726
0.0268572
0.0118042
1.91137
0.183787
0.026584
0.0150519
1.90893
0.184109
0.0263924
0.010626
1.90543
0.179452
0.0313435
0.014898
1.90536
0.182946
0.0247772
0.0102557
1.90307
0.183229
0.0240197
0.00999749
1.90832
0.184229
0.0274821
0.0140819
1.9072
0.181852
0.0264891
0.0106911
1.91023
0.182378
0.0280177
0.0110399
1.90933
0.181019
0.0273602
0.0139291
1.90703
0.181486
0.0202873
0.00918302
1.9064
0.186807
0.0252386
0.00932866
1.90643
0.182246
0.0292284
0.00964316
1.90835
0.180039
0.0240699
0.0124381
1.90687
0.184863
0.0229277
0.00805206
1.90595
0.182635
0.0258943
0.00945988
1.90641
0.181955
0.0305671
0.0081509
1.90363
0.183286
0.0260711
0.0108858
1.90663
0.186743
0.0303058
0.0126319
1.90547
0.180571
0.0229343
0.00847217
1.90749
0.183632
0.0225462
0.0103227
1.90827
0.184163
0.0303997
0.0090749
1.90625
0.180563
0.0250102
0.008977
1.90717
0.179398
0.0244847
0.0101467
1.90386
0.181657
0.0285399
0.0140479
1.90854
0.181954
0.0273816
0.0100433
1.90545
0.18262
0.0252634
0.0120475
1.90947
0.178527
0.0296005
0.0125267
1.90562
0.18505
0.0227123
0.0117813
1.90596
0.181891
0.0252763
0.0105334
1.90849
0.184918
0.0255765
0.0123994
1.90639
0.185716
0.0320764
0.010958
1.90767
0.18399
0.0248696
0.0116672
1.90535
0.185021
0.0259395
0.0142588
1.90725
0.181995
0.02488
0.0121936
1.90717
0.181741
0.0257119
0.0153511
1.90967
0.183723
0.0287094
0.0120678
1.90454
0.17771
0.0265186
0.0127997
1.90729
0.182441
0.0258046
0.011676
1.90923
0.182377
0.0295834
0.010465
1.9063
0.185197
0.0259661
0.0111684
1.90631
0.181665
0.0297888
0.0103251
1.90436
0.182202
0.0250301
0.00868128
1.90472
0.191215
0.0309048
0.0109546
1.9106
0.187396
0.0222158
0.0121994
1.9069
0.179095
0.0279799
0.0108487
1.90926
0.179704
0.028681
0.0113457
1.90614
0.182787
0.0256565
0.0106965
1.90512
0.182285
0.0265195
0.0115306
1.90594
0.179929
0.023883
0.0118804
1.90756
0.185175
0.0293615
0.011537
1.90518
0.180232
0.0257878
0.0150894
1.90683
0.182951
0.029426
0.0118611
1.90603
0.182584
0.0205122
0.00923384
1.90689
0.188081
0.0296447
0.00843294
1.90542
0.183264
0.0271193
0.0135469
1.90692
0.180886
0.0242895
0.00993093
1.90737
0.182756
0.030543
0.012348
1.90707
0.17881
0.0322078
0.0138457
1.90833
0.181315
0.0226199
0.0130329
1.9056
0.182938
0.0261142
0.0133763
1.90593
0.183349
0.0230338
0.00974326
1.9086
0.182331
0.0273295
0.0157369
1.90767
0.182903
0.0213024
0.010863
1.90696
0.183426
0.025534
0.0110209
1.90758
0.185946
0.0285739
0.0104932
1.90637
0.182102
0.0262064
0.00573906
1.90801
0.187523
0.0305715
0.0111697
1.9078
0.185195
0.0236135
0.0114408
1.91009
0.182309
0.0261418
0.00842534
1.90711
0.180953
0.0271094
0.011845
1.90634
0.182602
0.0261135
0.0101897
1.90721
0.180942
0.0239996
0.0106022
1.90477
0.190785
0.0233615
0.0127991
1.90822
0.182101
0.0253728
0.00984322
1.90817
0.185103
0.0269667
0.00954085
1.90451
0.181353
0.0245737
0.0117341
1.9084
0.183935
0.026156
0.0145739
1.90756
0.186049
0.0287723
0.00710923
1.908
0.182787
0.0249789
0.00695863
1.90487
0.187158
0.0229818
0.0122637
1.90272
0.181701
0.0274735
0.0104427
1.90832
0.183079
0.0276087
0.00915519
1.90783
0.181971
0.0256547
0.00809997
1.90638
0.183506
0.0246604
0.011217
1.90906
0.183468
0.0259935
0.0109287
1.90741
0.181801
0.0244543
0.0138946
1.90729
0.18403
0.0260046
0.0122669
1.90719
0.181764
0.0253489
0.014178
1.90734
0.182215
0.0267699
0.0132221
1.90704
0.187437
0.0277937
0.011016
1.90451
0.184496
0.0262304
0.0129626
1.90843
0.181819
0.0297239
0.00778726
1.90657
0.181069
0.0243457
0.013699
1.9056
0.178796
0.0284516
0.0151495
1.9086
0.17917
0.027212
0.00985307
1.90854
0.183349
0.0311666
0.0127614
1.90505
0.180139
0.024523
0.0107418
1.90444
0.179117
0.0290666
0.013096
1.90782
0.183062
0.0305344
0.0105736
1.90789
0.182889
0.0258377
0.0100615
1.90617
0.185801
0.0292668
0.0121756
1.90891
0.182681
0.029207
0.0109323
1.90823
0.180936
0.0272742
0.0156379
1.90872
0.18181
0.0284161
0.0114003
1.90664
0.180578
0.0288585
0.0139884
1.90675
0.184035
0.0242234
0.0118749
1.90658
0.180502
0.0253678
0.00927135
1.90979
0.181557
0.0252029
0.0110906
1.90636
0.187615
0.0289712
0.0126853
1.90435
0.183116
0.0263526
0.00748288
1.90679
0.18115
0.0231765
0.0103417
1.90531
0.186228
0.0249795
0.0119916
1.90573
0.183043
0.024319
0.0120721
1.90697
0.185021
0.0264156
0.0113598
1.90646
0.18123
0.025613
0.00892851
1.90697
0.181667
0.0254363
0.0101525
1.90933
0.181017
0.0276458
0.0109004
1.90921
0.183111
0.0312492
0.0120033
1.90749
0.182644
0.0255191
0.00825493
1.90613
0.181141
0.0273716
0.0165934
1.9098
0.183351
0.0234388
0.0110869
1.90707
0.184183
0.0267428
0.0085923
1.90719
0.180364
0.0333102
0.016645
1.90725
0.180356
0.028369
0.0131079
1.90898
0.185595
0.0230135
0.0113731
1.90754
0.181772
0.0286663
0.0122576
1.90802
0.184373
0.0250267
0.0149872
1.90515
0.181542
0.0222589
0.0122825
1.90632
0.186168
0.0289052
0.0081349
1.91018
0.18268
0.0255309
0.0110367
1.90874
0.183947
0.0258448
0.0110967
1.90969
0.181924
0.0280925
0.00891643
1.90624
0.183928
0.0224412
0.0119093
1.90551
0.182386
0.02624
0.0117391
1.90633
0.181678
0.0247698
0.00972586
1.90714
0.182394
0.0273464
0.0106293
1.91034
0.187276
0.0268444
0.00582267
1.90853
0.184551
0.0281085
0.0103523
1.90715
0.184715
0.0241316
0.0126263
1.90639
0.182412
0.0287927
0.0114424
1.90693
0.183123
0.0257464
0.0113043
1.90488
0.184308
0.0243886
0.00827577
1.90688
0.183805
0.0275916
0.0124491
1.90671
0.18175
0.0265368
0.0117985
1.90721
0.180242
0.030822
0.0130593
1.90661
0.183392
0.0250842
0.0115676
1.90533
0.179656
0.0312221
0.0113628
1.91045
0.18445
0.0302789
0.0119924
1.90781
0.184674
0.0290002
0.0111999
1.9091
0.179814
0.0231053
0.0129474
1.90776
0.181428
0.0274409
0.00947314
1.90436
0.182281
0.0284255
0.011467
1.90867
0.181568
0.0307307
0.0139321
1.90702
0.182096
0.0269403
0.00633322
1.90796
0.185263
0.0283405
0.0133025
1.90663
0.183019
0.0256499
0.012934
1.90899
0.180371
0.0244547
0.0103864
1.90606
0.189178
0.0268983
0.0115055
1.90819
0.180931
0.0294031
0.0107126
1.90476
0.187707
0.0286096
0.012274
1.90834
0.180012
0.0267708
0.0118678
1.90621
0.185841
0.0247998
0.0111612
1.91111
0.180392
0.0266795
0.00863854
1.90855
0.181372
0.0313785
0.0120243
1.90576
0.181339
0.0257986
0.0113463
1.90932
0.183688
0.0257484
0.0105923
1.90867
0.183839
0.0261142
0.0090262
1.91082
0.185176
0.0280924
0.0114555
1.90301
0.183105
0.0272335
0.00988289
1.90575
0.182448
0.0285885
0.0111115
1.90905
0.183577
0.0277926
0.00964297
1.90443
0.183553
0.0296568
0.00901681
1.90756
0.183338
0.027281
0.0117465
1.90544
0.181505
0.0239378
0.0106001
1.90536
0.181984
0.0220397
0.0133708
1.90668
0.182525
0.0245586
0.00960197
1.91068
0.180679
0.0274192
0.0136876
1.90942
0.183139
0.0279559
0.00768344
1.90708
0.181964
0.028425
0.0138146
1.9092
0.186377
0.0251624
0.0121287
1.90566
0.183113
0.0265478
0.00772939
1.90571
0.185062
0.0274909
0.0144313
1.90702
0.183382
0.0240191
0.0118152
1.90843
0.183475
0.0240385
0.0124549
1.90682
0.181817
0.0236
0.0116369
1.90687
0.187314
0.0273466
0.0137392
1.90757
0.183791
0.0265682
0.00976737
1.90825
0.185251
0.027022
0.013489
1.90665
0.185065
0.0276271
0.0116738
1.90546
0.184169
0.0275562
0.0123992
1.9101
0.185357
0.0319994
0.0136252
1.90582
0.182593
0.0253551
0.011938
1.90469
0.183219
0.024807
0.0125138
1.90867
0.189693
0.0260893
0.0153079
1.90484
0.179921
0.0259831
0.00936991
1.90537
0.179636
0.0248441
0.0105693
1.91016
0.183726
0.0258578
0.0150268
1.9049
0.183412
0.0257632
0.0145197
1.90355
0.179454
0.025631
0.0144688
1.90461
0.181018
0.0242093
0.014465
1.90612
0.181172
0.0236452
0.00909266
1.9061
0.185488
0.027718
0.012493
1.90808
0.182366
0.020766
0.00820105
1.90623
0.179599
0.0245638
0.00934704
1.90972
0.183815
0.0281027
0.0140122
1.90362
0.185666
0.0270039
0.0129846
1.90882
0.185107
0.0258187
0.0122819
1.90349
0.183985
0.0273523
0.0108422
1.90762
0.184883
0.0260631
0.0128648
1.90482
0.181294
0.0263277
0.0102171
1.9051
0.182252
0.0263054
0.0136888
1.90497
0.180583
0.0248265
0.00826001
1.908
0.188787
0.0271742
0.00934664
1.90574
0.189027
0.025815
0.0117057
1.90735
0.186016
0.0265124
0.0128287
1.90682
0.184527
0.0287061
0.0115555
1.90866
0.182961
0.0260604
0.00976369
1.90653
0.180539
0.0236425
0.0116958
1.90522
0.183958
0.0253388
0.0148699
1.9061
0.184817
0.0285256
0.0104909
1.9082
0.185531
0.0266011
0.0102038
1.90601
0.182702
0.0281723
0.00813397
1.90597
0.181131
0.0270079
0.00991719
1.90816
0.180323
0.0238791
0.0099979
1.90848
0.181745
0.0273124
0.0123933
1.90706
0.180455
0.0256392
0.0126594
1.90458
0.185455
0.0273215
0.0103127
1.90802
0.184168
0.0283665
0.0127187
1.90692
0.184322
0.0274022
0.00858068
1.9077
0.180925
0.0217466
0.0121151
1.90681
0.182453
0.027509
0.0100835
1.90708
0.185708
0.0236176
0.00918232
1.90789
0.183892
0.0281631
0.0130647
1.90766
0.184882
0.0274752
0.00984246
1.90723
0.184166
0.0262666
0.0109113
1.90807
0.17991
0.0253646
0.0146765
1.90847
0.183347
0.0206063
0.0122981
1.90742
0.186633
0.0287817
0.0104031
1.90817
0.178346
0.0228038
0.0113895
1.90682
0.184028
0.0278729
0.009181
1.90645
0.180906
0.0253781
0.0100356
1.90701
0.183576
0.0257821
0.0103036
1.90688
0.181834
0.0278485
0.0132243
1.90542
0.18612
0.0209197
0.00807482
1.90879
0.182072
0.0246541
0.0126173
1.90701
0.184131
0.0279039
0.0117446
1.905
0.184987
0.0303287
0.00895393
1.90649
0.179325
0.0248563
0.0111444
1.90708
0.181062
0.0233909
0.00836108
1.90798
0.183273
0.0240573
0.00969202
1.9067
0.18454
0.0240873
0.0106996
1.90756
0.187089
0.0288749
0.0121911
1.90537
0.181845
0.0261654
0.00946633
1.91269
0.181404
0.0275321
0.0133239
1.908
0.182521
0.0233225
0.0147601
1.9062
0.186487
0.0262695
0.0157992
1.90676
0.177461
0.0280352
0.0115878
1.90651
0.180801
0.0255906
0.0107508
1.90696
0.180849
0.0240183
0.00884746
1.90924
0.18624
0.029578
0.0132401
1.90822
0.189162
0.0254841
0.00884269
1.90505
0.180374
0.0253526
0.0110417
1.90576
0.183086
0.0243017
0.0139397
1.90676
0.186005
0.0275757
0.0125123
1.90676
0.184733
0.0260837
0.010307
1.90798
0.181407
0.0272572
0.0106748
1.90425
0.183414
0.0254452
0.0102049
1.90468
0.186661
0.0295117
0.0107709
1.9065
0.182764
0.0315561
0.0119539
1.90582
0.178057
0.0253269
0.0114265
1.90866
0.18199
0.0245708
0.0126752
1.90675
0.186243
0.0270427
0.00854762
1.90721
0.183023
0.0270711
0.0131025
1.90374
0.183316
0.023715
0.013447
1.90839
0.184294
0.0251868
0.00933433
1.90387
0.180933
0.0271485
0.0107488
1.90777
0.182307
0.0268752
0.00866557
1.90614
0.182992
0.0272309
0.0107434
1.90869
0.182977
0.028876
0.0108825
1.90757
0.184108
0.0218096
0.00974078
1.9068
0.18283
0.0287998
0.00891577
1.90664
0.182142
0.0249248
0.0126886
1.90538
0.179107
0.0264688
0.0113936
1.90547
0.184485
0.0296436
0.0135093
1.90607
0.182136
0.0267831
0.0122444
1.9083
0.186553
0.0259079
0.0130668
1.90526
0.187845
0.0278205
0.00952058
1.90846
0.18271
0.0242596
0.0122255
1.90536
0.181653
0.0269918
0.0129957
1.90712
0.182097
0.0263585
0.014498
1.90371
0.181829
0.024322
0.0112287
1.90585
0.183525
0.0248676
0.0160295
1.90838
0.179614
0.0305036
0.0144921
1.90612
0.182888
0.0292111
0.0110893
1.90889
0.191451
0.0326154
0.0143249
1.90978
0.180204
0.0267973
0.0105572
1.90617
0.17842
0.024518
0.0116829
1.91278
0.184598
0.0270746
0.0130525
1.90462
0.185323
0.0281067
0.00969353
1.9059
0.180547
0.0237055
0.012382
1.90432
0.182156
0.0269076
0.0109424
1.90494
0.184587
0.0276837
0.013741
1.90608
0.185868
0.0281521
0.0115423
1.90565
0.182857
0.027547
0.0126045
1.90578
0.187809
0.0286409
0.00912082
1.90623
0.179668
0.0259881
0.0101574
1.90773
0.18139
0.0222833
0.0111222
1.91017
0.181422
0.0253768
0.0104342
1.9084
0.181888
0.028538
0.0138222
1.90873
0.182599
0.0272715
0.0134623
1.90819
0.18251
0.0241689
0.0141454
1.90501
0.183381
0.0267043
0.00820428
1.90913
0.186201
0.0244115
0.00929915
1.90473
0.185346
0.0245014
0.01147
1.90939
0.185313
0.0232946
0.0114589
1.90598
0.182244
0.0273786
0.0139069
1.90545
0.181838
0.0264333
0.0136745
1.91169
0.186797
0.0283919
0.0112843
1.90482
0.179136
0.0256444
0.0107115
1.90664
0.182142
0.0260987
0.0159737
1.90756
0.1848
0.0279472
0.00788727
1.90715
0.184612
0.0235759
0.0142735
1.90696
0.181776
0.0248085
0.0100323
1.90619
0.185899
0.0278759
0.0117965
1.90488
0.179706
0.031495
0.014236
1.90744
0.184149
0.0327335
0.0101021
1.90616
0.183093
0.0254207
0.0121086
1.90651
0.186039
0.025109
0.00872233
1.90486
0.179885
0.023853
0.0131206
1.90504
0.182367
0.0245215
0.0127001
1.90578
0.183852
0.0257307
0.0111081
1.90746
0.181098
0.0255891
0.0128632
1.90952
0.192174
0.0277482
0.0114026
1.90861
0.187472
0.0303377
0.0113083
1.90845
0.181102
0.0258706
0.013425
1.90535
0.181159
0.0271011
0.0101057
1.9061
0.185223
0.0285665
0.00817346
1.90666
0.183604
0.025862
0.0144296
1.90326
0.181535
0.0244698
0.00881353
1.90669
0.180503
0.0235114
0.0115492
1.90426
0.181751
0.0269814
0.00976941
1.90876
0.184943
0.0256432
0.0103653
1.90784
0.18507
0.0319304
0.0128806
1.90669
0.184749
0.0281312
0.010221
1.90712
0.184702
0.0253575
0.0101042
1.91109
0.183273
0.0262717
0.0123248
1.90719
0.182418
0.0233496
0.00809723
1.90589
0.183392
0.029265
0.0106395
1.90899
0.189004
0.0275739
0.012397
1.90685
0.182008
0.0267693
0.0087998
1.90672
0.185331
0.0260728
0.0086948
1.90855
0.180471
0.0237749
0.0123834
1.90679
0.181312
0.0246537
0.011277
1.90694
0.184369
0.0287128
0.00920718
1.90857
0.18445
0.0254172
0.0101376
1.90864
0.18212
0.0256199
0.012488
1.90956
0.178926
0.0279889
0.01066
1.90736
0.183012
0.0250815
0.00999799
1.90924
0.182813
0.0262143
0.00995104
1.90397
0.183457
0.0232484
0.0124057
1.90899
0.186269
0.022508
0.0100675
1.90717
0.182364
0.0218749
0.0115164
1.90917
0.182372
0.0253967
0.0141783
1.90768
0.185771
0.0273973
0.0110028
1.90576
0.182358
0.0270559
0.0100182
1.9073
0.185562
0.026611
0.0152742
1.90749
0.181823
0.0283267
0.01065
1.90974
0.185725
0.0240939
0.0159596
1.90791
0.188755
0.0259406
0.00815407
1.90296
0.18052
0.0307329
0.0114039
1.9039
0.187166
0.0285815
0.0120438
1.90653
0.181949
0.0250802
0.0103825
1.90701
0.18112
0.0280161
0.0100839
1.90675
0.179782
0.0246045
0.0109697
1.90775
0.184573
0.0251654
0.00979488
1.909
0.182347
0.0275897
0.0125854
1.90473
0.185407
0.0271044
0.00801929
1.90753
0.185129
0.0243661
0.0120693
1.90759
0.184356
0.0259593
0.00927558
1.90676
0.185244
0.0232243
0.00884752
1.9065
0.181413
0.0288243
0.0103499
1.90548
0.182894
0.0284293
0.0107103
1.90927
0.18404
0.0259481
0.0126957
1.90871
0.1782
0.0263288
0.00963087
1.904
0.182178
0.0245918
0.0111817
1.90419
0.180494
0.0268095
0.0112022
1.90637
0.183771
0.0311838
0.0150699
1.91034
0.183344
0.0241818
0.010776
1.90952
0.182243
0.0259026
0.0109037
1.90554
0.176556
0.0248455
0.0101406
1.90778
0.182224
0.0248179
0.00818002
1.90689
0.188239
0.0254409
0.0128342
1.9093
0.178908
0.0263574
0.0109939
1.90678
0.181909
0.0217587
0.0149296
1.90811
0.183005
0.0246728
0.0117246
1.91038
0.185613
0.0322246
0.00769525
1.90652
0.184631
0.025704
0.00929334
1.90485
0.179481
0.0255286
0.0104704
1.9079
0.183985
0.0292474
0.00961185
1.9069
0.180895
0.025399
0.0116595
1.9029
0.181922
0.0300786
0.0124792
1.90434
0.186199
0.0275996
0.00716393
1.90848
0.18072
0.0284545
0.013084
1.90505
0.18791
0.028733
0.0104361
1.90728
0.184425
0.0293651
0.0139981
1.90588
0.184824
0.0246725
0.0151013
1.90991
0.183339
0.0309303
0.00977202
1.90813
0.183501
0.0228781
0.00830561
1.90638
0.189068
0.0260494
0.0100088
1.90512
0.183059
0.0265327
0.00806405
1.90855
0.18125
0.0301276
0.0126007
1.90818
0.181552
0.0248408
0.0130795
1.90432
0.183652
0.0271401
0.0134389
1.90832
0.18253
0.0254426
0.0111821
1.90904
0.181983
0.0250966
0.0107363
1.90712
0.184734
0.0284202
0.0113986
1.90905
0.189229
0.0264276
0.00973846
1.90806
0.180935
0.0235289
0.0125329
1.90701
0.182577
0.0226307
0.0111056
1.90642
0.182616
0.0262353
0.0100646
1.90953
0.181872
0.0273732
0.0154625
1.90748
0.183609
0.0265191
0.0134315
1.90925
0.184696
0.0293101
0.0111586
1.90575
0.179477
0.0219006
0.0105141
1.90611
0.187467
0.0300985
0.0105984
1.90396
0.179691
0.0235782
0.0111683
1.90614
0.181842
0.0256479
0.00783816
1.90829
0.181071
0.0241044
0.0101362
1.90533
0.180213
0.0258513
0.0120676
1.90722
0.18037
0.0236136
0.011345
1.9046
0.183391
0.0288383
0.0104391
1.90683
0.183711
0.0250353
0.0123125
1.90858
0.182029
0.0252807
0.0131906
1.90759
0.183247
0.024514
0.00823703
1.90849
0.184143
0.0282748
0.0127614
1.90809
0.184048
0.0254887
0.0123472
1.90886
0.183923
0.0256605
0.0124547
1.91095
0.18335
0.0304855
0.00950586
1.90491
0.181978
0.0244513
0.0142342
1.90538
0.182329
0.0239862
0.0100743
1.9083
0.18418
0.0294166
0.0123609
1.90774
0.184312
0.0272405
0.0119978
1.90697
0.181782
0.0252189
0.0119019
1.90624
0.185664
0.0278354
0.0081655
1.90623
0.188748
0.0275407
0.0120481
1.90489
0.188693
0.0296729
0.00745899
1.90779
0.186032
0.0264244
0.0108162
1.90584
0.181059
0.0235961
0.0109881
1.90562
0.182697
0.0240023
0.0101464
1.90688
0.180908
0.0259153
0.0138046
1.90668
0.181524
0.0288549
0.0104136
1.90644
0.17709
0.0260805
0.0114227
1.90948
0.183253
0.0240511
0.0107284
1.90619
0.181984
0.0289017
0.0122698
1.90534
0.1865
0.0238326
0.0119961
1.9089
0.187289
0.0286144
0.0126835
1.90455
0.181888
0.0283144
0.012399
1.90925
0.179544
0.0269894
0.0126302
1.90579
0.184466
0.0277126
0.0115595
1.90749
0.181537
0.0281412
0.0121539
1.90889
0.184437
0.0271433
0.010378
1.90447
0.18422
0.0245101
0.0100022
1.90652
0.18438
0.0257827
0.0108694
1.90934
0.182646
0.0259733
0.0144072
1.90831
0.18665
0.0292888
0.0144648
1.90577
0.183192
0.0222967
0.0117143
1.90448
0.181278
0.0256525
0.0123305
1.90707
0.183994
0.0254241
0.00942158
1.90485
0.183173
0.0263902
0.0130797
1.90526
0.180007
0.0278157
0.0153594
1.90675
0.186012
0.0243937
0.011103
1.90724
0.182964
0.0251614
0.00987662
1.90562
0.186226
0.0290053
0.0110664
1.90751
0.181266
0.0242545
0.0129214
1.91097
0.180776
0.0279787
0.01101
1.91045
0.181671
0.0259049
0.00943774
1.90848
0.18404
0.0281178
0.0138018
1.90919
0.1844
0.0305972
0.00984474
1.90732
0.185624
0.0265238
0.0101219
1.90625
0.180908
0.0240672
0.00861544
1.90639
0.183046
0.0271877
0.0103684
1.9068
0.186065
0.0271646
0.0128694
1.90759
0.185243
0.0295992
0.0104738
1.90722
0.184073
0.0234918
0.0101965
1.90541
0.181141
0.0289895
0.00972079
1.90796
0.182643
0.0243146
0.0108357
1.90646
0.18506
0.0229663
0.0136862
1.9042
0.180717
0.0268587
0.0120074
1.90726
0.1813
0.0254286
0.010405
1.90883
0.186578
0.025422
0.0149238
1.90647
0.186768
0.0280626
0.0115425
1.90408
0.182439
0.0256694
0.0127269
1.90609
0.182696
0.0281271
0.00944479
1.9077
0.182149
0.0217944
0.0116193
1.90654
0.182309
0.0257047
0.0146956
1.91032
0.183377
0.0283666
0.0091892
1.90804
0.183505
0.0275554
0.0144851
1.90832
0.178997
0.0251536
0.0123959
1.90718
0.180574
0.0242026
0.0089882
1.90439
0.178453
0.0233481
0.0121659
1.90893
0.185252
0.026632
0.00947525
1.90921
0.184761
0.0289028
0.00917173
1.90853
0.184573
0.0243337
0.0114827
1.90947
0.180963
0.0246162
0.01153
1.90727
0.182349
0.0253035
0.0113504
1.90966
0.182744
0.027496
0.0124491
1.90785
0.181561
0.0236465
0.0111923
1.90913
0.181567
0.0264908
0.0116975
1.90557
0.182682
0.0267959
0.0132459
1.90809
0.187171
0.0246587
0.0119226
1.90635
0.178145
0.0275709
0.016213
1.90749
0.18169
0.0275716
0.0182009
1.90674
0.183071
0.0274465
0.0103069
1.90696
0.179792
0.0262148
0.0130513
1.90655
0.180848
0.0235255
0.00979077
1.90804
0.184847
0.0245633
0.0130676
1.90676
0.181204
0.0271695
0.00979377
1.9104
0.182154
0.024614
0.0118326
1.90718
0.180366
0.0243566
0.00687809
1.90578
0.179825
0.0281334
0.0115778
1.90511
0.182501
0.0207097
0.0118993
1.90898
0.187333
0.031962
0.0131116
1.90766
0.186267
0.0305765
0.0116308
1.90823
0.182417
0.0244545
0.0113856
1.90711
0.182944
0.0223818
0.0115151
1.90682
0.18592
0.0283778
0.00923313
1.909
0.179359
0.0254351
0.00914546
1.90507
0.182062
0.0220394
0.00990124
1.90554
0.179932
0.0279079
0.0101772
1.90606
0.181019
0.0273542
0.0100009
1.91249
0.180083
0.0241722
0.0126784
1.90709
0.18119
0.0269579
0.0113379
1.90807
0.180993
0.0321078
0.0116841
1.90973
0.188616
0.0317126
0.00874498
1.90832
0.182121
0.026052
0.0148293
1.90545
0.180156
0.0300584
0.00741342
1.9047
0.179619
0.0253992
0.01155
1.90724
0.18067
0.0291662
0.0127557
1.90807
0.180428
0.0239262
0.00798534
1.90715
0.181224
0.0270515
0.0104751
1.90899
0.183035
0.0312891
0.0121303
1.9082
0.183658
0.0284191
0.00913372
1.90497
0.180728
0.0275551
0.00964738
1.90763
0.18133
0.0293911
0.0126776
1.90461
0.178699
0.0292536
0.00931095
1.90748
0.183794
0.0268018
0.0110627
1.908
0.187761
0.0272349
0.0110373
1.90676
0.182772
0.0264715
0.0116949
1.90546
0.179772
0.0275162
0.0103241
1.90443
0.180677
0.0262901
0.0183963
1.9068
0.181961
0.0244049
0.0114618
1.9073
0.18177
0.0233545
0.0139405
1.90978
0.188388
0.0279135
0.0121994
1.905
0.185229
0.0274287
0.011861
1.90637
0.183952
0.027701
0.00873139
1.90907
0.186378
0.0289458
0.0090998
1.90607
0.181635
0.0255882
0.00864471
1.90643
0.184537
0.0277405
0.00831634
1.90817
0.18394
0.0274097
0.0118429
1.90632
0.179344
0.02048
0.0080985
1.90674
0.182493
0.0293607
0.0139478
1.90769
0.178921
0.026077
0.0113118
1.90613
0.184121
0.0289307
0.0084317
1.90825
0.183348
0.0272861
0.0113971
1.90897
0.179883
0.0261762
0.00906412
1.90974
0.181273
0.0226351
0.0134337
1.90721
0.183446
0.0270217
0.01163
1.90704
0.188049
0.0275213
0.0114639
1.90785
0.183783
0.0286631
0.00982925
1.90373
0.183983
0.0263459
0.0116787
1.90768
0.183659
0.028202
0.00956546
1.90843
0.184164
0.0270775
0.0109154
1.90808
0.186517
0.026742
0.0112456
1.90687
0.181886
0.0243632
0.0118648
1.90766
0.181124
0.0274226
0.0108867
1.90528
0.183569
0.0244589
0.00702781
1.90744
0.184007
0.0307647
0.0107107
1.90957
0.187122
0.0255103
0.0116689
1.90694
0.180622
0.0252274
0.0104338
1.91001
0.183978
0.0239476
0.0101337
1.90777
0.184757
0.0262374
0.00940234
1.9061
0.17853
0.0278975
0.0113706
1.90976
0.180084
0.0299315
0.0125522
1.90665
0.183522
0.0248809
0.00803635
1.90957
0.184831
0.0256178
0.0102389
1.90761
0.183453
0.0325988
0.0132647
1.90714
0.185501
0.0238983
0.0119647
1.90416
0.177547
0.0265197
0.00960073
1.9087
0.182931
0.0325924
0.0100105
1.90996
0.18994
0.0299122
0.00968151
1.90468
0.179832
0.0311795
0.010304
1.90885
0.181516
0.0259387
0.00965721
1.90856
0.182494
0.0254874
0.0111894
1.90644
0.182735
0.0270582
0.0122388
1.9084
0.183511
0.0288955
0.0121563
1.90468
0.184569
0.0242715
0.0107872
1.90605
0.181358
0.0241631
0.00960827
1.9066
0.183408
0.0248637
0.0124504
1.90584
0.183081
0.0246009
0.0102514
1.90793
0.179984
0.0261735
0.0115441
1.9074
0.185114
0.0241816
0.0115737
1.90838
0.182323
0.0232781
0.00896092
1.9118
0.186991
0.0254417
0.0125977
1.90747
0.183108
0.0311007
0.0102458
1.90884
0.185408
0.0265733
0.0117327
1.90683
0.185483
0.0295904
0.0126148
1.90433
0.181447
0.0290703
0.00955643
1.90844
0.180132
0.0235556
0.0145098
1.90961
0.182918
0.021411
0.0128544
1.90642
0.181337
0.0236027
0.0117349
1.90596
0.186708
0.0258374
0.00986602
1.90801
0.184896
0.0269004
0.008468
1.90677
0.186635
0.0253544
0.0127825
1.90744
0.18
0.0265622
0.0126536
1.90836
0.185442
0.0303236
0.0119392
1.90847
0.179751
0.03005
0.00757418
1.90772
0.184142
0.0259516
0.00935623
1.90817
0.176403
0.0275107
0.013773
1.91007
0.18268
0.0272657
0.00885017
1.90924
0.184709
0.025513
0.00750003
1.90644
0.181816
0.0233823
0.0116493
1.90836
0.180019
0.0258401
0.0102381
1.90739
0.183628
0.0274782
0.00946506
1.90676
0.18377
0.0275114
0.011342
1.90551
0.180421
0.0260542
0.00630571
1.90778
0.182439
0.0260631
0.00743073
1.90675
0.183721
0.0297549
0.0141991
1.90775
0.179848
0.0259746
0.0114931
1.90995
0.18539
0.0277557
0.0114187
1.9063
0.181055
0.0232239
0.00849747
1.90724
0.182328
0.0270184
0.00946564
1.90482
0.180757
0.0245097
0.0113152
1.9089
0.185453
0.0241538
0.00962033
1.90537
0.183431
0.0250355
0.0133865
1.91095
0.182223
0.027181
0.0133914
1.90833
0.179331
0.0279456
0.0112707
1.90469
0.179071
0.0279565
0.0116064
1.90574
0.18279
0.0261276
0.0111161
1.90712
0.185068
0.0276744
0.0112301
1.90654
0.180504
0.0248378
0.00841365
1.90391
0.181671
0.0257979
0.0131836
1.9061
0.182541
0.0257317
0.00947407
1.90648
0.184615
0.0269816
0.00743028
1.90572
0.187835
0.0279263
0.0132659
1.90706
0.182477
0.0247006
0.0098156
1.9054
0.182837
0.024766
0.011457
1.90624
0.18239
0.0277155
0.011161
1.9119
0.182288
0.0240505
0.0106254
1.9046
0.185792
0.0238617
0.0109216
1.9055
0.18217
0.0266047
0.0119917
1.90725
0.187799
0.0266844
0.0153344
1.90545
0.18226
0.026546
0.00945237
1.90696
0.181692
0.026294
0.00940556
1.90805
0.182675
0.0230669
0.0127095
1.90818
0.182166
0.0265177
0.0113547
1.90724
0.181801
0.0252923
0.00865491
1.90908
0.180469
0.0236439
0.0132743
1.90774
0.184794
0.0248271
0.0111521
1.90567
0.181641
0.0296785
0.015771
1.90535
0.181103
0.0287225
0.0106014
1.90474
0.181862
0.0269058
0.0115087
1.90656
0.179147
0.0239368
0.0123458
1.90576
0.182988
0.0318688
0.0116569
1.90741
0.18222
0.0327916
0.0100876
1.90738
0.184214
0.0241938
0.00973569
1.90465
0.182178
0.0259858
0.0109521
1.90858
0.184928
0.023968
0.0122757
1.90744
0.185196
0.02609
0.010654
1.90884
0.189492
0.028236
0.00929699
1.90588
0.183691
0.0255208
0.00953716
1.90902
0.187171
0.0281467
0.0122745
1.90482
0.181426
0.0305846
0.0114481
1.90613
0.181038
0.0229975
0.0105542
1.90705
0.18556
0.0276956
0.0120429
1.90671
0.187432
0.0267461
0.0109324
1.90691
0.186014
0.0298039
0.00815687
1.91024
0.182508
0.0251313
0.0134266
1.90636
0.183963
0.02957
0.0113333
1.91007
0.185824
0.0243362
0.00858081
1.90524
0.182393
0.02979
0.00979315
1.90637
0.181135
0.0279911
0.0143396
1.90587
0.182282
0.0260751
0.012015
1.90701
0.189522
0.0283739
0.0112312
1.90867
0.181724
0.0283474
0.00901266
1.9071
0.180324
0.0245312
0.00983071
1.90659
0.187007
0.0289855
0.00932133
1.90401
0.1806
0.0279903
0.0125427
1.90798
0.18606
0.0254545
0.00891104
1.90629
0.1809
0.0281716
0.0120514
1.90984
0.182118
0.0262513
0.00928015
1.90628
0.180042
0.0264838
0.00673404
1.90545
0.185087
0.0276699
0.00691988
1.90812
0.184394
0.0259677
0.0091205
1.90883
0.182628
0.0243505
0.00853731
1.90477
0.186777
0.025663
0.0112525
1.90952
0.182626
0.0289858
0.0132327
1.90754
0.185318
0.0273564
0.00579901
1.91048
0.184506
0.0274511
0.0128457
1.90646
0.179663
0.0252652
0.0121853
1.90766
0.185178
0.0294658
0.0108522
1.90658
0.181811
0.0287609
0.0120833
1.90269
0.185112
0.0209769
0.0101823
1.90681
0.185524
0.0251948
0.0114658
1.90911
0.179577
0.0284714
0.0114901
1.90657
0.181545
0.0260993
0.0114462
1.9075
0.184129
0.0286029
0.00952262
1.90827
0.183364
0.0250357
0.012403
1.90397
0.184584
0.0256272
0.010476
1.90725
0.180618
0.0271351
0.00994137
1.90815
0.183792
0.0277811
0.00827028
1.90727
0.18497
0.0241618
0.00888383
1.90777
0.182649
0.0257107
0.0100536
1.9092
0.183316
0.0255107
0.0123146
1.90683
0.183323
0.0292597
0.0121192
1.90858
0.182728
0.0260706
0.0116715
1.90491
0.179881
0.0260242
0.0126335
1.90426
0.184686
0.0264266
0.0097419
1.90719
0.182453
0.0261863
0.011002
1.906
0.181951
0.0272305
0.0125577
1.90464
0.179944
0.024878
0.0123552
1.90927
0.185856
0.0313277
0.00978905
1.90739
0.184316
0.0308231
0.0114412
1.90722
0.181327
0.0295192
0.0128755
1.90765
0.182484
0.025973
0.0112667
1.90566
0.184727
0.0248297
0.00997424
1.90828
0.186627
0.0292712
0.00927079
1.91065
0.178542
0.0264164
0.0138433
1.90717
0.180506
0.0318401
0.0126639
1.90488
0.181899
0.0286657
0.0105762
1.90913
0.184687
0.0285662
0.00828761
1.90803
0.182299
0.0293281
0.0110971
1.90953
0.184397
0.0255352
0.0112638
1.90747
0.182534
0.0267306
0.0099319
1.90782
0.183923
0.0278938
0.0119449
1.90801
0.181884
0.0276674
0.012353
1.90802
0.183492
0.0276889
0.0117288
1.90719
0.183463
0.0252782
0.0120883
1.91082
0.182105
0.0287128
0.0100234
1.90925
0.176816
0.0263863
0.0106143
1.90444
0.182478
0.0263617
0.0130551
1.90618
0.180068
0.0251455
0.0102389
1.9092
0.183443
0.0237214
0.00867978
1.90662
0.180425
0.0231583
0.0110792
1.90876
0.181673
0.0265076
0.0109082
1.91119
0.184851
0.030389
0.0105297
1.90588
0.181442
0.0319498
0.0113473
1.9051
0.183775
0.027051
0.0124815
1.90644
0.181189
0.0272466
0.013503
1.9071
0.182533
0.0231649
0.00785268
1.90628
0.183432
0.0232605
0.0101687
1.90371
0.181126
0.0285835
0.011735
1.90801
0.187421
0.0257078
0.0130506
1.90954
0.178121
0.0235187
0.0115435
1.90858
0.185409
0.0263325
0.00861992
1.90593
0.181062
0.0264541
0.00823599
1.90779
0.181794
0.0263911
0.0132343
1.9056
0.181973
0.0234353
0.0139464
1.90668
0.179614
0.024439
0.00979702
1.90557
0.184243
0.0289817
0.0138531
1.90438
0.181717
0.0267769
0.0100875
1.90553
0.184551
0.0253049
0.0104938
1.90849
0.183648
0.0303506
0.0105685
1.90703
0.178826
0.0263406
0.0117275
1.90797
0.183909
0.0280724
0.0129659
1.906
0.185281
0.0239533
0.0109588
1.90549
0.181371
0.0262356
0.01237
1.90717
0.182376
0.0307663
0.0122777
1.90784
0.180618
0.0229472
0.012686
1.90578
0.186882
0.0251303
0.0102131
1.9066
0.1829
0.0263116
0.0086221
1.90597
0.183632
0.0245826
0.0106587
1.90849
0.182048
0.0265965
0.0098712
1.90696
0.18562
0.0275541
0.0104534
1.90469
0.184665
0.0273538
0.00974533
1.90904
0.185774
0.0276057
0.00885225
1.90896
0.181664
0.0248916
0.0100328
1.91137
0.184444
0.0243237
0.0120251
1.90647
0.186235
0.025908
0.0110559
1.90863
0.183135
0.0247321
0.0112097
1.90415
0.180335
0.0281872
0.00874016
1.90452
0.183811
0.0276202
0.0119811
1.90857
0.182681
0.0255986
0.0104591
1.90957
0.183713
0.024227
0.0105549
1.90663
0.1837
0.0242654
0.0107308
1.90763
0.181693
0.0267747
0.0125809
1.90712
0.18197
0.0248302
0.0119326
1.90572
0.187901
0.027785
0.012686
1.90622
0.18738
0.0265895
0.00925306
1.90583
0.180156
0.0257706
0.0108353
1.90695
0.18083
0.0224939
0.00770242
1.90769
0.182763
0.0274262
0.0127131
1.90507
0.18573
0.0245115
0.0112805
1.90782
0.184693
0.0257485
0.0112126
1.90835
0.182322
0.0301674
0.0123383
1.91121
0.179091
0.0290995
0.00964876
1.90886
0.181556
0.0277931
0.0103122
1.90788
0.184419
0.0259286
0.0084262
1.90798
0.185491
0.0244258
0.0102382
1.9064
0.177689
0.0350894
0.013998
1.90653
0.184799
0.0258718
0.0151246
1.90627
0.184367
0.0285562
0.0106431
1.90721
0.183016
0.029444
0.011688
1.90951
0.186062
0.0280788
0.0105791
1.90897
0.180476
0.0255762
0.00830362
1.90712
0.18497
0.024009
0.0111179
1.90801
0.182126
0.0265881
0.0105959
1.90589
0.183506
0.025376
0.0119401
1.90794
0.190498
0.0228605
0.0146543
1.90599
0.181971
0.0268882
0.0128276
1.90547
0.183294
0.0294574
0.00997418
1.90449
0.18108
0.0288765
0.0132171
1.90603
0.181452
0.0268745
0.0110379
1.9078
0.183889
0.0283907
0.00957835
1.9068
0.184848
0.0270547
0.0124394
1.90605
0.183269
0.0242364
0.0120453
1.90612
0.184176
0.0269359
0.0116349
1.90852
0.184755
0.0278619
0.0178727
1.90404
0.185039
0.0260555
0.0134306
1.90624
0.183445
0.0277611
0.0142238
1.90626
0.185178
0.0292989
0.0127498
1.90842
0.185071
0.0267918
0.0122735
1.90679
0.183182
0.0257462
0.00929841
1.90649
0.181795
0.0260374
0.00983497
1.90577
0.188686
0.0275631
0.0089794
1.90876
0.182501
0.0260155
0.011783
1.90694
0.181163
0.0285555
0.0116953
1.90707
0.18239
0.0258535
0.00951015
1.90731
0.189465
0.0291331
0.00799388
1.90828
0.184684
0.0282642
0.0165673
1.90573
0.178997
0.0280244
0.00980117
1.90697
0.185045
0.0246156
0.0121665
1.90708
0.181829
0.0282022
0.0147423
1.90882
0.178334
0.0281388
0.011912
1.90656
0.184276
0.0226925
0.0100105
1.90715
0.184237
0.0239083
0.0127431
1.90677
0.181677
0.0232932
0.0108957
1.90705
0.183457
0.0276253
0.00993625
1.9047
0.183543
0.0276242
0.00797124
1.90931
0.186628
0.0305574
0.0108187
1.90731
0.182811
0.0248735
0.0108521
1.90879
0.181429
0.0299908
0.0108208
1.90571
0.182265
0.0231985
0.00997211
1.90541
0.181986
0.0253886
0.0103888
1.90626
0.181223
0.0256867
0.0142558
1.90843
0.179791
0.0250071
0.013563
1.90704
0.183042
0.025723
0.0119737
1.90309
0.181797
0.0275366
0.0106252
1.90738
0.185104
0.0259558
0.0112895
1.90649
0.182859
0.0265021
0.0104254
1.90959
0.184049
0.026756
0.0106862
1.90589
0.184082
0.0268843
0.0121898
1.90794
0.182487
0.0266717
0.0112759
1.9066
0.185819
0.0269579
0.0124844
1.90679
0.181876
0.027679
0.0104698
1.90949
0.185252
0.0259407
0.0114192
1.90715
0.181584
0.026003
0.0116699
1.90965
0.18153
0.0281665
0.00833409
1.90585
0.184223
0.0259086
0.0124644
1.90665
0.183452
0.0281706
0.0139351
1.90588
0.183697
0.0245087
0.0142573
1.90703
0.186957
0.0288555
0.0127578
1.90402
0.182519
0.0290632
0.00883076
1.90818
0.180777
0.0241627
0.0114338
1.90987
0.181142
0.0216343
0.00984323
1.90636
0.177321
0.0263654
0.0137561
1.90654
0.186364
0.0250309
0.0121402
1.9072
0.182569
0.0230401
0.0115597
1.90655
0.18394
0.0242492
0.00935231
1.90577
0.17913
0.0253021
0.0125287
1.90748
0.183827
0.027968
0.0120329
1.9065
0.185583
0.0313882
0.0100333
1.90575
0.183766
0.0252211
0.0132887
1.90663
0.183846
0.024917
0.00957247
1.91295
0.185284
0.026974
0.0129542
1.90703
0.184154
0.0272171
0.00895233
1.90892
0.184903
0.0256932
0.0114665
1.9096
0.179757
0.0229896
0.00858916
1.90503
0.183002
0.0251857
0.0118088
1.90495
0.179096
0.0281027
0.00967878
1.90919
0.185045
0.0300551
0.0144423
1.90522
0.183196
0.0277488
0.0107617
1.90765
0.181421
0.0250694
0.00738505
1.90564
0.182037
0.0257587
0.0118386
1.90786
0.186703
0.0266805
0.0114844
1.90369
0.187883
0.0270341
0.0111732
1.90667
0.18248
0.0277563
0.00895592
1.90522
0.184486
0.0266491
0.011872
1.90994
0.181993
0.0256111
0.00791731
1.90639
0.181739
0.0228908
0.0119813
1.90775
0.178764
0.0242307
0.0162071
1.90652
0.178771
0.0259857
0.014291
1.90648
0.183851
0.026035
0.0120354
1.90577
0.18458
0.0245833
0.00981732
1.90725
0.185054
0.0250225
0.0104811
1.90564
0.186288
0.027341
0.0111228
1.90732
0.181853
0.0244435
0.0109028
1.90594
0.183537
0.0287578
0.0105693
1.90523
0.181293
0.0272794
0.00902195
1.90556
0.1818
0.0250127
0.0130653
1.90687
0.178703
0.023623
0.011318
1.9051
0.18309
0.0236472
0.0144658
1.90552
0.181914
0.0274821
0.00915391
1.90522
0.18299
0.0284859
0.0120587
1.90524
0.183464
0.0244092
0.0107888
1.90558
0.182848
0.0270699
0.0119684
1.90739
0.17824
0.0266602
0.0104663
1.90471
0.18126
0.0241936
0.0110886
1.90651
0.183825
0.0259115
0.0103503
1.90852
0.184505
0.0274252
0.00924671
1.90946
0.18322
0.0290673
0.0121968
1.90684
0.179915
0.0245247
0.00750206
1.90652
0.182419
0.0292611
0.0136811
1.90667
0.184016
0.0230096
0.00942515
1.90769
0.181831
0.0253807
0.011142
1.90852
0.181395
0.0288735
0.0131715
1.90843
0.184409
0.0292413
0.0119901
1.90635
0.183753
0.0299029
0.0105397
1.90678
0.18186
0.0265825
0.0116139
1.90523
0.18218
0.0245516
0.0101468
1.90829
0.18478
0.0255927
0.011778
1.90448
0.184835
0.0279819
0.00995683
1.90391
0.180095
0.0308397
0.00858966
1.90878
0.18692
0.0245143
0.0103464
1.90887
0.18317
0.0284797
0.0128459
1.9065
0.186208
0.0255422
0.0101124
1.90907
0.182847
0.0255357
0.00981829
1.90272
0.183448
0.0262433
0.0107426
1.90764
0.182468
0.0251733
0.010204
1.90619
0.182306
0.0252501
0.0114262
1.90603
0.186032
0.0309067
0.0145473
1.90579
0.183332
0.0248267
0.0128303
1.90663
0.18833
0.0276287
0.0132298
1.91187
0.184109
0.0271436
0.0127916
1.90705
0.184629
0.0282933
0.013283
1.90825
0.184511
0.0267546
0.0131228
1.90506
0.182843
0.0255447
0.0100058
1.90649
0.180153
0.024986
0.0137883
1.90514
0.183865
0.0292406
0.00856058
1.90781
0.182271
0.0271085
0.0121764
1.9058
0.183174
0.0257568
0.0111518
1.90935
0.18104
0.0281939
0.0112195
1.90507
0.184161
0.0291087
0.0103079
1.90481
0.181302
0.0250686
0.0107058
1.90622
0.183108
0.0231231
0.00788746
1.9085
0.182663
0.0257463
0.0106357
1.90905
0.184897
0.0279515
0.011489
1.90409
0.185312
0.0237728
0.0121395
1.90947
0.179404
0.027544
0.0122317
1.90623
0.18203
0.0254466
0.0122536
1.90669
0.184925
0.0239898
0.0114037
1.90882
0.182197
0.0270617
0.0115119
1.90759
0.180292
0.0257493
0.00793265
1.90754
0.183436
0.0285145
0.00883361
1.90664
0.181951
0.0280034
0.0102068
1.90745
0.184523
0.0264553
0.0130135
1.90807
0.178554
0.0253594
0.00890815
1.90756
0.180899
0.0259081
0.00917556
1.90972
0.183942
0.0250686
0.0109693
1.90617
0.184353
0.0239224
0.0111219
1.90654
0.182491
0.0261286
0.00742769
1.90664
0.180395
0.025234
0.00988605
1.90525
0.181231
0.0288517
0.0123704
1.9072
0.181645
0.024768
0.0152887
1.90793
0.178727
0.0231461
0.0119744
1.90708
0.182343
0.0264766
0.0133629
1.9064
0.177354
0.0260228
0.015428
1.90845
0.181623
0.0253626
0.00803923
1.91069
0.185776
0.0293516
0.0104434
1.90635
0.183544
0.0251646
0.0111254
1.90389
0.180393
0.0249109
0.0148083
1.90836
0.182916
0.0271276
0.0125059
1.909
0.182755
0.0231839
0.00990633
1.90916
0.183345
0.0300386
0.0128209
1.90659
0.180822
0.0303375
0.0129508
1.9042
0.184523
0.0272422
0.0135154
1.91042
0.178332
0.0215429
0.00915533
1.90705
0.180915
0.0269095
0.0136701
1.90772
0.183213
0.0251401
0.0100162
1.9059
0.189841
0.028926
0.0115898
1.90739
0.186482
0.0276602
0.0144335
1.90787
0.177649
0.0317894
0.0129533
1.90728
0.180229
0.0282252
0.00861936
1.90463
0.187089
0.0237413
0.0136334
1.90711
0.182413
0.0247707
0.0139494
1.90681
0.183905
0.0274791
0.00956369
1.90855
0.178268
0.0283118
0.00970315
1.9041
0.181788
0.0268845
0.0114527
1.90627
0.180694
0.025891
0.01258
1.90832
0.183728
0.0253641
0.008384
1.90854
0.18224
0.0257793
0.00931465
1.90624
0.18183
0.0237122
0.0111815
1.90685
0.182257
0.0279759
0.0119774
1.90634
0.183514
0.0287958
0.00959963
1.90729
0.184649
0.0258872
0.011986
1.91269
0.181306
0.0249037
0.0142763
1.91105
0.182105
0.0278061
0.0102385
1.90747
0.184186
0.0241442
0.0126727
1.90744
0.188357
0.0255415
0.0108529
1.90538
0.179981
0.0273255
0.0135727
1.90556
0.180478
0.0260833
0.00986203
1.90702
0.183908
0.030609
0.0144634
1.90703
0.181823
0.0248281
0.0107471
1.90867
0.183388
0.0238088
0.0100685
1.90873
0.188334
0.0220404
0.0135719
1.9058
0.181156
0.0296374
0.011686
1.90715
0.1814
0.026977
0.0121343
1.90727
0.182913
0.0264522
0.00971444
1.90843
0.182045
0.028171
0.0159252
1.90513
0.184632
0.0252352
0.0116833
1.90659
0.184241
0.0245513
0.0150887
1.90509
0.184691
0.031822
0.00936976
1.90935
0.183314
0.0271315
0.0143572
1.90821
0.182203
0.0291829
0.014364
1.90696
0.182002
0.0266051
0.0127285
1.90569
0.183313
0.0248429
0.00940236
1.91434
0.187023
0.0291014
0.0113478
1.90561
0.185293
0.0301241
0.0101692
1.90833
0.182728
0.026474
0.0132709
1.90647
0.183152
0.0305149
0.0106935
1.90529
0.18181
0.0243593
0.0110851
1.90906
0.184963
0.0255527
0.0100337
1.90687
0.181961
0.0283127
0.0105044
1.90961
0.18364
0.0280381
0.0111595
1.90771
0.18657
0.0347829
0.0122809
1.90649
0.184546
0.0261253
0.0125002
1.90525
0.1809
0.0284142
0.0129246
1.90707
0.18444
0.0262084
0.0138686
1.91015
0.185961
0.0284719
0.0113336
1.91151
0.183191
0.0248989
0.0113509
1.90847
0.182446
0.0283549
0.0131607
1.90573
0.184641
0.026029
0.0128925
1.90514
0.181327
0.0279379
0.00989391
1.90633
0.179454
0.024089
0.0100253
1.90356
0.187868
0.0295087
0.00842996
1.90643
0.183707
0.0275355
0.0108072
1.9064
0.185918
0.0268094
0.0130868
1.90731
0.18154
0.0250965
0.0166262
1.90707
0.180293
0.0261559
0.0129481
1.90576
0.182631
0.0231471
0.0106367
1.90809
0.18537
0.0242364
0.010683
1.9069
0.180726
0.026179
0.0119426
1.90593
0.181811
0.0277452
0.0111823
1.90824
0.182491
0.0261977
0.00883959
1.91016
0.182233
0.0245733
0.0130753
1.90498
0.182018
0.0258745
0.0144461
1.90753
0.186268
0.0238903
0.0118998
1.90617
0.187464
0.0273682
0.0129672
1.90566
0.181093
0.0302341
0.0130845
1.90876
0.190469
0.0233884
0.00869416
1.90665
0.180163
0.0252737
0.0104646
1.90397
0.183255
0.0247871
0.00877706
1.90791
0.182249
0.0292541
0.0113769
1.9065
0.1825
0.0229411
0.00925677
1.90467
0.183479
0.0249051
0.0106509
1.90329
0.181051
0.02562
0.0147048
1.90556
0.179081
0.026615
0.00899321
1.90722
0.1828
0.0248685
0.0106991
1.90501
0.186421
0.0256358
0.00884787
1.90695
0.180975
0.0264822
0.00859057
1.90817
0.183634
0.0283812
0.0111982
1.90608
0.182834
0.0261431
0.0116542
1.90838
0.184861
0.0265295
0.0107872
1.90675
0.182571
0.0220714
0.0148023
1.908
0.188155
0.0319834
0.00788434
1.90887
0.17692
0.0258816
0.0116473
1.90681
0.1826
0.0287784
0.0101962
1.91029
0.178592
0.0282558
0.0119629
1.90633
0.181702
0.0229846
0.0118825
1.90795
0.181634
0.0270116
0.0138507
1.90485
0.179062
0.0224209
0.0112788
1.90753
0.184433
0.0251207
0.0119578
1.90569
0.181126
0.0252029
0.0106551
1.90728
0.182184
0.0258194
0.0148417
1.90869
0.183244
0.0267019
0.0149783
1.90666
0.182973
0.0239956
0.00944787
1.90964
0.180161
0.024537
0.0136325
1.90639
0.181737
0.0274515
0.0115696
1.907
0.184094
0.0255471
0.0120518
1.9062
0.181815
0.0261123
0.0109309
1.90543
0.181079
0.0261306
0.0123327
1.90787
0.183001
0.024683
0.0110178
1.90915
0.181411
0.0242062
0.0130769
1.90708
0.183055
0.0292403
0.010929
1.90605
0.184387
0.0239298
0.0130193
1.90726
0.186496
0.0285908
0.00998857
1.90553
0.182648
0.0246342
0.0119258
1.90677
0.181375
0.0274408
0.0088942
1.90843
0.182344
0.0260735
0.00952193
1.90728
0.185725
0.0255515
0.0108433
1.91027
0.18231
0.0257908
0.0104215
1.9082
0.184799
0.0268365
0.0137144
1.90811
0.182955
0.0269643
0.0126713
1.90508
0.184431
0.0244159
0.0113243
1.9068
0.183218
0.0254426
0.0147111
1.91085
0.184535
0.0256452
0.0100525
1.9083
0.185671
0.0269953
0.0114691
1.90603
0.18292
0.0239088
0.00995099
1.90458
0.184838
0.0299945
0.0131622
1.90982
0.178394
0.0241521
0.0137285
1.90937
0.183084
0.0244465
0.0126274
1.90844
0.183433
0.0282505
0.00994243
1.90803
0.186672
0.0277717
0.0118809
1.90771
0.183198
0.025671
0.0104946
1.90835
0.18338
0.0291036
0.00876523
1.90941
0.183484
0.0234557
0.012553
1.90678
0.184163
0.0320982
0.0126126
1.90842
0.183268
0.0256617
0.0114361
1.90687
0.1841
0.0250123
0.0110464
1.90772
0.184284
0.0287739
0.00959337
1.90748
0.184031
0.0278403
0.00891
1.90802
0.185513
0.0259282
0.0150767
1.90938
0.178887
0.0256793
0.0131205
1.91039
0.186354
0.0268249
0.013547
1.9094
0.188126
0.0289815
0.0109248
1.90795
0.18311
0.0265929
0.00908246
1.90722
0.178023
0.0277392
0.00845167
1.90668
0.183921
0.0235919
0.0115532
1.90604
0.177819
0.0270746
0.0132532
1.90807
0.185709
0.0296851
0.0103394
1.90877
0.185328
0.0242334
0.0152252
1.90639
0.187359
0.022856
0.00721184
1.90803
0.182059
0.0290252
0.0120364
1.90304
0.17943
0.0247751
0.0154162
1.90583
0.18374
0.0242544
0.00989122
1.90631
0.185615
0.0256324
0.0120706
1.90833
0.189298
0.028774
0.0106632
1.90957
0.184247
0.0237935
0.0144984
1.90823
0.179653
0.0256064
0.0109537
1.90745
0.181973
0.0266357
0.00962293
1.90725
0.181081
0.027933
0.0122909
1.9043
0.184543
0.031569
0.0131857
1.90625
0.185205
0.0288065
0.0152726
1.90685
0.184808
0.0267434
0.0128104
1.90437
0.183292
0.0248612
0.0110925
1.90719
0.18204
0.0263785
0.0127228
1.90895
0.184311
0.0230519
0.0120188
1.906
0.183972
0.0252469
0.00984593
1.9068
0.183292
0.0266997
0.0119983
1.90633
0.182321
0.0321557
0.0122989
1.90881
0.183343
0.0262299
0.0109808
1.90535
0.182348
0.0293837
0.0108701
1.90584
0.183396
0.0224689
0.00766255
1.90721
0.181477
0.0282785
0.014475
1.90877
0.181635
0.0274756
0.0133033
1.90738
0.183399
0.0267331
0.0153791
1.90918
0.183183
0.0293274
0.010635
1.90784
0.179516
0.0260189
0.012758
1.90775
0.181672
0.023012
0.00871928
1.90391
0.185974
0.0271874
0.00857524
1.90646
0.18308
0.0288794
0.00863301
1.90769
0.179774
0.0281969
0.0106207
1.90638
0.180931
0.0264725
0.0144971
1.90889
0.18518
0.0239646
0.0124706
1.90484
0.188801
0.0284218
0.0130427
1.90796
0.181411
0.0250158
0.00995162
1.91147
0.185739
0.0261939
0.0100121
1.90583
0.18676
0.030655
0.0109952
1.90812
0.180761
0.0258983
0.0134107
1.90795
0.186176
0.0249567
0.0108112
1.90614
0.180734
0.0291971
0.0106428
1.90815
0.182004
0.0276157
0.0116888
1.90747
0.179892
0.0257713
0.00975706
1.90632
0.181132
0.0258214
0.0110886
1.90746
0.182379
0.0238306
0.00759457
1.90646
0.182644
0.0259802
0.00811335
1.90476
0.17899
0.0270042
0.0106731
1.90804
0.183729
0.0273319
0.00871621
1.90632
0.180953
0.0273028
0.012109
1.90854
0.18358
0.0292745
0.0101449
1.90788
0.181833
0.0256376
0.0112556
1.90683
0.184663
0.0265294
0.0120889
1.90906
0.183469
0.0306508
0.0101285
1.908
0.184125
0.0285469
0.00976819
1.90549
0.184006
0.0259303
0.0117342
1.90934
0.181769
0.0255774
0.0127809
1.90556
0.183384
0.0229534
0.00999512
1.91285
0.184931
0.0290336
0.0124551
1.90494
0.182069
0.0255512
0.0113408
1.90605
0.183101
0.0233657
0.0095667
1.90684
0.184595
0.0272096
0.012771
1.90782
0.178197
0.0234464
0.0118691
1.90795
0.185107
0.0271832
0.0103364
1.90758
0.178854
0.0282209
0.0102255
1.90815
0.179979
0.0304281
0.0124814
1.90907
0.183576
0.0265083
0.00987955
1.90574
0.184357
0.0268346
0.013272
1.90639
0.18179
0.0256914
0.0102831
1.91047
0.179274
0.0255651
0.0118097
1.90961
0.183015
0.0285971
0.0108285
1.90632
0.183116
0.0261776
0.011304
1.90806
0.180601
0.0263922
0.012686
1.90582
0.180018
0.0226815
0.00944865
1.90634
0.185517
0.0274655
0.0115666
1.90469
0.185796
0.0272141
0.0120554
1.90774
0.184939
0.0267293
0.0125747
1.90794
0.180288
0.0280708
0.0120643
1.90492
0.178646
0.0261269
0.012185
1.91085
0.182993
0.0272456
0.012374
1.90718
0.181899
0.0262598
0.0164386
1.90862
0.181739
0.0231843
0.0111805
1.90522
0.179625
0.0288757
0.0116563
1.90761
0.184474
0.0265391
0.0103244
1.90592
0.181148
0.0263959
0.0117614
1.90616
0.183865
0.0273003
0.00989189
1.90794
0.181921
0.0227776
0.00957867
1.90921
0.183368
0.027357
0.0107458
1.90651
0.182371
0.0303755
0.0140904
1.90666
0.1794
0.0245678
0.0123159
1.90759
0.182418
0.024614
0.00649464
1.9079
0.184682
0.0250045
0.0126017
1.90818
0.18154
0.0251886
0.0106153
1.90621
0.184296
0.0287344
0.00964276
1.90443
0.181333
0.0245082
0.01161
1.90781
0.179136
0.0251676
0.0113241
1.90691
0.185682
0.0234434
0.0142135
1.90949
0.185133
0.0272645
0.0134321
1.90701
0.181154
0.0228576
0.00922399
1.90725
0.181467
0.0301309
0.0154144
1.90524
0.186607
0.0292638
0.012708
1.90783
0.182522
0.0263432
0.0111206
1.9067
0.183282
0.0298704
0.0138725
1.90577
0.181598
0.0261183
0.0108242
1.91295
0.182939
0.0237705
0.00793633
1.90656
0.182784
0.0251983
0.00962528
1.90974
0.180688
0.0244646
0.0126542
1.90459
0.182266
0.0242626
0.0134061
1.90719
0.181112
0.0286759
0.0110257
1.90929
0.179499
0.0243725
0.0099852
1.91099
0.185341
0.0254626
0.0116502
1.90975
0.182325
0.02738
0.0126459
1.90613
0.183806
0.0259973
0.0158062
1.90687
0.181973
0.0291482
0.0117479
1.90947
0.184215
0.0278075
0.0105362
1.9078
0.182068
0.0309534
0.0112439
1.90419
0.177192
0.0262826
0.00838096
1.91067
0.187757
0.0265551
0.0108316
1.90573
0.182728
0.0239731
0.0113586
1.90959
0.184195
0.0247613
0.00770822
1.90719
0.18457
0.0265909
0.011457
1.9055
0.182126
0.0248449
0.0127341
1.90665
0.182255
0.0244333
0.0112071
1.90962
0.185837
0.0244495
0.00875156
1.90775
0.182976
0.0283847
0.0131427
1.90672
0.178238
0.0269731
0.0123285
1.90867
0.186309
0.0253996
0.0123769
1.90873
0.187356
0.025468
0.00833671
1.90555
0.182131
0.0251743
0.0121117
1.90932
0.18492
0.0242617
0.00911184
1.90834
0.183532
0.0258803
0.0120188
1.91133
0.184039
0.0258715
0.0118098
1.90851
0.185946
0.0229434
0.0131786
1.90805
0.183151
0.0242168
0.0116988
1.90517
0.181742
0.0267176
0.0122906
1.9085
0.18533
0.0278526
0.0117912
1.90574
0.186096
0.0286916
0.0114457
1.90522
0.182016
0.0246922
0.0124727
1.90513
0.18307
0.0237925
0.010177
1.90617
0.183371
0.0275322
0.0111842
1.90605
0.186068
0.029184
0.011463
1.91069
0.18129
0.0263148
0.0109831
1.90946
0.183029
0.0298579
0.0120287
1.90693
0.182451
0.0254374
0.00837822
1.90506
0.18393
0.0258436
0.0110667
1.90655
0.183666
0.0225895
0.013047
1.90679
0.186009
0.029691
0.0120327
1.90757
0.183969
0.0256185
0.01185
1.9063
0.183803
0.0257117
0.0102692
1.90661
0.182686
0.0273278
0.0116793
1.90488
0.17861
0.0239678
0.0115674
1.90817
0.181409
0.0230451
0.0125302
1.90994
0.185317
0.0248097
0.0120456
1.90509
0.185792
0.0254536
0.013717
1.90627
0.181413
0.0237489
0.00975036
1.90441
0.179263
0.0288731
0.0113135
1.90994
0.18569
0.0243738
0.0126957
1.90663
0.182459
0.02405
0.0134164
1.90651
0.1813
0.0234866
0.0110871
1.90703
0.188386
0.0280818
0.0111138
1.90636
0.183434
0.0265738
0.0106343
1.90973
0.187692
0.0280984
0.0129518
1.9057
0.18156
0.0263584
0.0120716
1.90906
0.182695
0.0255435
0.0119404
1.90584
0.181735
0.0275734
0.010453
1.90544
0.179848
0.026304
0.0135798
1.90659
0.184674
0.027077
0.012413
1.90784
0.182268
0.0252548
0.0136158
1.90589
0.186389
0.0312538
0.0133411
1.90631
0.18646
0.0276461
0.00633104
1.90674
0.185756
0.0315509
0.0111365
1.90917
0.186911
0.0283367
0.0126773
1.90605
0.182029
0.0234893
0.0131791
1.90839
0.183005
0.0249001
0.0105558
1.9078
0.185678
0.0291043
0.0127977
1.90495
0.183362
0.0307366
0.0145997
1.90595
0.180971
0.0267641
0.0141428
1.90833
0.18284
0.0256027
0.0120194
1.90904
0.181783
0.027006
0.0114852
1.90507
0.189405
0.0268731
0.0111597
1.90807
0.182487
0.0263643
0.0126456
1.90743
0.181968
0.0238191
0.010698
1.90681
0.180258
0.0295545
0.0146043
1.90656
0.183172
0.029278
0.0100467
1.90614
0.182316
0.024518
0.0123977
1.90689
0.18227
0.0251819
0.0159638
1.90803
0.183604
0.0255361
0.00978501
1.90704
0.18303
0.0232735
0.0129708
1.90835
0.179476
0.0302604
0.00786115
1.90827
0.183528
0.0268077
0.0140148
1.90821
0.184645
0.0223469
0.0129351
1.90634
0.179864
0.029641
0.0109044
1.90642
0.18545
0.0250693
0.0133427
1.9095
0.181582
0.0240584
0.00985973
1.9082
0.181867
0.024696
0.0120437
1.90613
0.182071
0.0254922
0.0130407
1.90706
0.181075
0.024457
0.00944964
1.90789
0.182504
0.0264176
0.0129917
1.90774
0.182252
0.0312343
0.014143
1.90689
0.187155
0.0257305
0.0114331
1.90697
0.186517
0.0275966
0.00912191
1.91014
0.18346
0.0263034
0.0113773
1.90864
0.17982
0.0271491
0.0136556
1.90811
0.184493
0.0267283
0.0129243
1.90622
0.178732
0.0230485
0.0107359
1.90796
0.181421
0.0293266
0.0119457
1.904
0.185906
0.0208899
0.00949017
1.90846
0.180333
0.0269939
0.0111685
1.90505
0.189545
0.0261012
0.00988178
1.90728
0.178119
0.0299599
0.00951132
1.90474
0.180857
0.0271659
0.0105697
1.90464
0.185944
0.0264897
0.0113476
1.90852
0.183174
0.031834
0.011188
1.90763
0.182153
0.0243653
0.00857186
1.90549
0.18285
0.0275754
0.0122542
1.90796
0.189396
0.0306809
0.0117957
1.90728
0.185534
0.0302374
0.011261
1.9088
0.185305
0.0274551
0.00785948
1.90612
0.185788
0.0280946
0.0127807
1.91133
0.184887
0.0264204
0.00915012
1.91013
0.185753
0.0277666
0.0146471
1.90924
0.184242
0.0245521
0.0160392
1.90497
0.183038
0.0256519
0.0117385
1.9061
0.182228
0.025833
0.0133248
1.9072
0.181569
0.0270452
0.0107319
1.90523
0.184395
0.0274216
0.011239
1.90476
0.179609
0.0270764
0.0129676
1.90586
0.181863
0.0244335
0.0108788
1.90867
0.184279
0.023212
0.010808
1.90851
0.181393
0.0229011
0.0145723
1.90769
0.185174
0.0290444
0.0112494
1.90997
0.181095
0.0296394
0.00847425
1.90795
0.182391
0.0265832
0.0113692
1.90549
0.184035
0.024069
0.0100158
1.90598
0.182365
0.0270978
0.0132001
1.90774
0.183876
0.0242573
0.0127222
1.90937
0.182343
0.0265166
0.00839332
1.90518
0.183678
0.0233741
0.0129718
1.90327
0.185788
0.0278108
0.0129673
1.90783
0.180783
0.0250137
0.00770281
1.90639
0.185612
0.02985
0.0100387
1.90597
0.181096
0.0218036
0.0124648
1.91106
0.183289
0.0269114
0.0106413
1.90672
0.186294
0.0261382
0.00928054
1.90635
0.184695
0.0299241
0.01038
1.90889
0.181602
0.0235502
0.0129986
1.90922
0.183428
0.0287914
0.00804865
1.90848
0.17931
0.0238032
0.0170296
1.90913
0.181913
0.0232242
0.0113485
1.90718
0.182449
0.0230119
0.0103141
1.90694
0.187161
0.027213
0.0113484
1.90972
0.184176
0.0241128
0.00743011
1.91305
0.180954
0.0283368
0.0132375
1.90738
0.181797
0.027353
0.00848401
1.90865
0.181155
0.0302221
0.00956058
1.90835
0.183382
0.0253482
0.0120565
1.90645
0.181053
0.0274781
0.00984574
1.90892
0.180406
0.0261228
0.00796564
1.9115
0.1838
0.026295
0.0127235
1.90798
0.184065
0.0298995
0.0096207
1.90558
0.179648
0.022688
0.00914282
1.90673
0.18294
0.0296781
0.00994057
1.90811
0.184068
0.0289239
0.00960039
1.90513
0.182921
0.0243697
0.0103605
1.90846
0.184576
0.0279831
0.014467
1.90889
0.183092
0.0252956
0.0125599
1.90664
0.181777
0.0248705
0.0128705
1.90417
0.182358
0.0257403
0.0120827
1.908
0.181924
0.026098
0.0122064
1.90589
0.181229
0.0288424
0.0113533
1.90387
0.184167
0.0266154
0.0123275
1.90569
0.178518
0.0274687
0.0117078
1.90726
0.187259
0.0231574
0.0101981
1.90884
0.182735
0.0252195
0.0117026
1.9066
0.184299
0.0236031
0.0117157
1.90782
0.18123
0.0258227
0.0124127
1.90835
0.179637
0.0253978
0.0124297
1.90834
0.183086
0.027211
0.0119145
1.90717
0.180139
0.0283684
0.0105744
1.90829
0.179689
0.0291117
0.00951544
1.90923
0.182797
0.0284507
0.0123565
1.90605
0.178986
0.0271272
0.00997459
1.90823
0.183577
0.0260825
0.0114218
1.90512
0.18584
0.0254372
0.0130353
1.90563
