0
0.000499945
0.00155909
0.00221862
0.00281448
0.00308115
0.00669607
0.005728
0.00395805
0.00988636
0.00609904
0.00614967
0.00456507
0.0100979
0.00817613
0.0122493
0.00537713
0.0138798
0.00996694
0.0130712
0.0101872
0.0192416
0.00949868
0.0162345
0.010157
0.0108942
0.0151479
0.0179074
0.0163099
0.0173196
0.0169869
0.016402
0.011483
0.022048
0.0150421
0.0143673
0.0128078
0.0264
0.0280203
0.0298327
0.0304345
0.0197085
0.0194276
0.0203036
0.0227947
0.0166456
0.0214096
0.0371922
0.0246425
0.0315908
0.0214149
0.0192014
0.0277254
0.0200636
0.0234904
0.0226524
0.0346843
0.0282582
0.0279503
0.0237773
0.0211985
0.0315464
0.0400837
0.0208158
0.0351634
0.0311946
0.0328042
0.0386406
0.0380075
0.0287153
0.0346925
0.0237951
0.0347638
0.0300869
0.0381949
0.0227973
0.0247322
0.0295642
0.0279557
0.0435645
0.0312481
0.0344419
0.0354804
0.0377671
0.0278929
0.0498765
0.0419102
0.0511079
0.0226877
0.0320394
0.0382113
0.0381723
0.0418821
0.0421979
0.0300621
0.0358087
0.046716
0.0313578
0.0522609
0.0456622
0.0392787
0.03941
0.0464323
0.0555397
0.0466149
0.0534381
0.0428678
0.0346154
0.0462276
0.0449325
0.0618493
0.045103
0.0391297
0.0631786
0.0537965
0.0488528
0.0315171
0.0301593
0.0375571
0.0470442
0.039488
0.0342844
0.0357436
0.0373645
0.0424264
0.0518592
0.0567643
0.0389998
0.0432234
0.0508982
0.0695464
0.0385356
0.0336451
0.0349077
0.0557014
0.0391809
0.0537664
0.0573846
0.0373808
0.046255
0.0448494
0.0559374
0.0689353
0.0686473
0.0582088
0.045967
0.0557622
0.0630985
0.0404096
0.0642076
0.0556773
0.0803007
0.0486202
0.0326918
0.0502514
0.0589214
0.0477051
0.0694702
0.0628023
0.0324696
0.0513541
0.0383147
0.0319639
0.0504862
0.060719
0.0553681
0.0612454
0.0521239
0.0282932
0.0757417
0.079031
0.0559304
0.0624861
0.0433876
0.0432575
0.0504273
0.0497908
0.0656284
0.0670312
0.0595682
0.0613273
0.070222
0.0578604
0.0504652
0.0507133
0.0498872
0.0483157
0.0701696
0.0591941
0.0692732
0.0415613
0.0676383
0.0604036
0.0694484
0.0651981
0.0564563
0.0472979
0.0775879
0.0756188
0.0451472
0.0880132
0.0522297
0.051258
0.0677125
0.0741993
0.0552543
0.0735705
0.0470258
0.0489453
0.0507425
0.0741027
0.0682043
0.0504996
0.0807378
0.0624059
0.0640253
0.0874565
0.0934468
0.0702476
0.0587584
0.0652551
0.0330592
0.0573207
0.0809831
0.0590466
0.0821716
0.0739305
0.0660359
0.0488938
0.0594125
0.0612697
0.0793058
0.0484892
0.0715517
0.0955017
0.0681804
0.0774502
0.0817196
0.0876467
0.0900116
0.06285
0.0678104
0.0720626
0.0680086
0.0711022
0.0633145
0.0898729
0.0904613
0.0627128
0.107505
0.0824113
0.0717122
0.0628966
0.0592491
0.0588456
0.071151
0.0630017
0.0793772
0.090747
0.0762068
0.070022
0.0691724
0.0713665
0.0805415
0.0795631
0.0791928
0.0961607
0.0829786
0.0952007
0.0676245
0.0700774
0.0750964
0.0770043
0.049963
0.043071
0.0825029
0.0694772
0.0762326
0.086206
0.0895545
0.104963
0.0568635
0.085472
0.0745425
0.0840075
0.0664132
0.055486
0.0743945
0.0588716
0.0784684
0.0517543
0.0816001
0.0659779
0.0587247
0.0799671
0.0609017
0.0886497
0.0741485
0.0944086
0.0774907
0.0718354
0.103785
0.0598376
0.0887066
0.0563014
0.0782488
0.0963831
0.0767926
0.0586023
0.0799817
0.0953693
0.100167
0.0733887
0.0695972
0.104258
0.116771
0.118886
0.113841
0.106302
0.119693
0.0690363
0.070781
0.0702801
0.0438992
0.0787347
0.0810184
0.0909589
0.106534
0.0632306
0.0879417
0.0752631
0.0948724
0.0696025
0.0608599
0.0612385
0.096466
0.070065
0.0820374
0.0644801
0.0797554
0.0767372
0.128549
0.0981275
0.0861886
0.0884277
0.0676014
0.0745457
0.0876042
0.0412016
0.0879772
0.0937726
0.102189
0.0907817
0.0914275
0.0843169
0.0718559
0.110039
0.0546387
0.111225
0.0819218
0.0864296
0.0680957
0.0861
0.0788765
0.0789348
0.0860825
0.0818254
0.0684447
0.0666875
0.0796501
0.0697396
0.0758348
0.0725719
0.0696811
0.0865153
0.10156
0.0833462
0.0666253
0.0949996
0.090487
0.106971
0.104264
0.0711173
0.0761649
0.100322
0.077048
0.0828701
0.0904375
0.0583993
0.0824612
0.11304
0.145943
0.0559458
0.0823129
0.0913673
0.0894118
0.100313
0.0959122
0.0981278
0.0681421
0.0653611
0.0995027
0.0846604
0.0661426
0.0917919
0.082916
0.0907584
0.0954642
0.0909625
0.0973796
0.0902481
0.11183
0.0847195
0.112455
0.108871
0.0923164
0.0959124
0.0826955
0.0837728
0.117789
0.0719161
0.0763961
0.0727106
0.085319
0.0691669
0.105218
0.113995
0.0723132
0.0847257
0.0498847
0.0783325
0.100511
0.0889949
0.0778666
0.0991197
0.0844609
0.104088
0.11758
0.0807051
0.101694
0.0989397
0.118083
0.0831527
0.0595726
0.0950882
0.0948899
0.0742749
0.0537213
0.110482
0.128377
0.0980881
0.142216
0.100944
0.109177
0.105722
0.0675902
0.107548
0.110393
0.0953026
0.0811715
0.0753942
0.11488
0.0823796
0.101161
0.0924699
0.105792
0.0919668
0.0806287
0.0710167
0.0642034
0.0768763
0.0893658
0.0952314
0.0753677
0.0888723
0.0965215
0.106894
0.0953621
0.110225
0.101045
0.0781809
0.0731678
0.10325
0.0962686
0.122368
0.0864906
0.130768
0.0680329
0.0535536
0.100859
0.102008
0.0638523
0.0875203
0.0871009
0.103931
0.0824568
0.103242
0.109381
0.0798515
0.132302
0.0625571
0.0890068
0.116396
0.0993916
0.0694687
0.103874
0.130379
0.102298
0.0762619
0.0891965
0.154628
0.0936516
0.135433
0.125315
0.112423
0.118429
0.09038
0.0711645
0.14692
0.0993771
0.101109
0.0938359
0.0839123
0.101776
0.115425
0.0903052
0.0463007
0.0689744
0.0866067
0.112963
0.0965022
0.0759334
0.0888303
0.078591
0.0979907
0.0902314
0.0855743
0.131585
0.115759
0.126384
0.100653
0.117257
0.0813435
0.154653
0.112281
0.0759571
0.0834259
0.0751612
0.0809839
0.118265
0.123557
0.0994429
0.101844
0.086527
0.0954203
0.112335
0.0685091
0.10525
0.108267
0.160345
0.0837792
0.101833
0.103283
0.134042
0.062972
0.0935242
0.133863
0.133296
0.0757648
0.0877892
0.0957394
0.0963471
0.0835533
0.092016
0.0986917
0.102914
0.065704
0.0610801
0.133957
0.0966883
0.0568507
0.0610727
0.0975301
0.0708163
0.063622
0.0677369
0.105805
0.0858044
0.0870546
0.0686251
0.135947
0.112486
0.0995452
0.107565
0.0840523
0.0729877
0.127712
0.107719
0.109968
0.0665577
0.109162
0.12586
0.116791
0.112841
0.0907276
0.109556
0.0845461
0.0979583
0.0785907
0.100686
0.081244
0.0877115
0.0733771
0.0858395
0.116836
0.10739
0.0690436
0.0986262
0.11596
0.12025
0.0826913
0.0909821
0.110606
0.153993
0.0501804
0.115745
0.149006
0.0817652
0.0869783
0.0858644
0.100221
0.0734446
0.13584
0.0863867
0.0953095
0.110301
0.0907956
0.0934567
0.105131
0.0758161
0.0858384
0.118642
0.0708204
0.118418
0.111776
0.103355
0.0980604
0.105017
0.0872952
0.0780705
0.107631
0.116392
0.0903368
0.163393
0.129618
0.107699
0.0376261
0.0807274
0.0814602
0.116864
0.101664
0.0927343
0.0935449
0.112815
0.10195
0.0997386
0.0969273
0.122414
0.104158
0.119101
0.102789
0.115468
0.0673304
0.120476
0.0946853
0.0656739
0.116516
0.0819579
0.11585
0.110233
0.0896698
0.10634
0.121224
0.0769125
0.104509
0.0962051
0.0989331
0.0713873
0.114295
0.0775706
0.108231
0.100436
0.0406954
0.107259
0.105219
0.087831
0.0988485
0.0865304
0.107458
0.113767
0.0764971
0.0576123
0.108264
0.0924592
0.0817084
0.124854
0.103236
0.0959298
0.080023
0.0844462
0.10275
0.129089
0.078505
0.122288
0.0779315
0.103448
0.0982934
0.0826466
0.0893708
0.0874991
0.0948784
0.0996009
0.0987622
0.106236
0.0963265
0.104367
0.102805
0.0804634
0.0982536
0.111316
0.127994
0.0766743
0.0892329
0.115024
0.104923
0.0965782
0.0922723
0.115437
0.105694
0.0655403
0.123954
0.100549
0.127144
0.116269
0.073133
0.106403
0.113033
0.119125
0.114748
0.12595
0.120787
0.0978617
0.0969509
0.0966043
0.118071
0.0869364
0.102806
0.0805815
0.108427
0.0969426
0.0990855
0.120063
0.0993182
0.109431
0.090202
0.134412
0.0786754
0.121085
0.0826684
0.111053
0.0658412
0.0892173
0.0878903
0.0991736
0.113029
0.0887897
0.133996
0.15178
0.081989
0.122299
0.0779763
0.106885
0.13956
0.15228
0.0877543
0.0906274
0.0651752
0.0829275
0.0782026
0.141599
0.120494
0.152096
0.0979543
0.0982805
0.121116
0.0900474
0.119646
0.091003
0.10683
0.106091
0.0626002
0.111912
0.141126
0.0912797
0.0826919
0.119892
0.118803
0.0892844
0.0884942
0.129073
0.0861508
0.0984178
0.104761
0.0926326
0.0953655
0.0747409
0.107941
0.122715
0.118065
0.110805
0.088426
0.0865567
0.0966944
0.0775319
0.0554421
0.0894407
0.0847596
0.10048
0.078578
0.0910019
0.0925038
0.117076
0.0595778
0.106378
0.144724
0.0858009
0.110088
0.111434
0.0883018
0.0712252
0.0894318
0.105608
0.135782
0.138629
0.0760334
0.120806
0.0991339
0.0710178
0.105615
0.10891
0.0967026
0.092576
0.0921401
0.091362
0.0928447
0.0985107
0.0842141
0.12148
0.0850964
0.0620415
0.0746401
0.115951
0.132536
0.121686
0.118485
0.1012
0.109482
0.0933344
0.112922
0.080641
0.113861
0.090546
0.0750676
0.116337
0.0838861
0.0774824
0.0973452
0.120388
0.112295
0.107744
0.100282
0.168049
0.118061
0.0950784
0.0829025
0.145481
0.155178
0.131676
0.111299
0.118878
0.116514
0.119945
0.087752
0.140485
0.0924912
0.0981626
0.102554
0.0896443
0.103736
0.0881954
0.112967
0.104849
0.0965623
0.0745248
0.0764774
0.119537
0.100474
0.0895168
0.114738
0.0949055
0.159262
0.112045
0.100656
0.105463
0.0946442
0.150293
0.0745697
0.116823
0.0617563
0.0684475
0.0874959
0.120512
0.147623
0.125367
0.0913117
0.116212
0.0847605
0.0955953
0.0640412
0.0914374
0.107325
0.0998533
0.0804793
0.115177
0.121176
0.115023
0.0876035
0.109383
0.111246
0.135176
0.0766554
0.0912089
0.109571
0.114196
0.109219
0.120093
0.0924345
0.0830376
0.107383
0.118918
0.0837328
0.0962573
0.0801839
0.0986486
0.100319
0.100571
0.064468
0.106889
0.101726
0.0756074
0.0753301
0.117335
0.0831843
0.150742
0.166721
0.0869403
0.0848768
0.109431
0.133741
0.100698
0.135948
0.128512
0.105245
0.122578
0.0758855
0.121004
0.100438
0.118356
0.132716
0.0944297
0.113896
0.0668483
0.10458
0.149503
0.110773
0.10929
0.103867
0.0959889
0.0911219
0.100367
0.122328
0.0985416
0.0703109
0.0827573
0.116152
0.131628
0.070001
0.0905907
0.117636
0.0899081
0.0897053
0.0891885
0.108831
0.0984981
0.11137
0.115675
0.115874
0.106794
0.105806
0.10203
0.111918
0.0861965
0.0828256
0.0951649
0.0929907
0.124488
0.0961781
0.0679016
0.109744
0.115666
0.0842533
0.152935
0.101272
0.130825
0.0967688
0.0736572
0.127984
0.129472
0.0594064
0.0951275
0.0845473
0.0914691
0.0774908
0.127514
0.126918
0.117603
0.0744527
0.127226
0.101765
0.0772241
0.108046
0.118824
0.0771006
0.0656869
0.0588525
0.101391
0.0649772
0.1069
0.0838864
0.104917
0.0912938
0.123085
0.115712
0.0910364
0.13572
0.131751
0.0906214
0.0882625
0.0668772
0.121686
0.0828764
0.121525
0.0813647
0.105708
0.0969636
0.137918
0.0898009
0.0903295
0.0872966
0.0981576
0.11667
0.151793
0.12778
0.127433
0.0884165
0.0744569
0.113161
0.135982
0.0996721
0.0851332
0.092858
0.110962
0.109647
0.140699
0.118427
0.165995
0.0878056
0.120022
0.094895
0.131601
0.0938329
0.122983
0.103826
0.0705189
0.12389
0.11005
0.116013
0.1184
0.107553
0.0580468
0.067684
0.0934108
0.0849168
0.0894915
0.117658
0.110125
0.140115
0.105748
0.0722461
0.150368
0.125817
0.161614
0.124466
0.118521
0.116434
0.106833
0.12053
0.0883655
0.125761
0.0879436
0.0984301
0.107148
0.100132
0.105943
0.0652142
0.127157
0.107025
0.106722
0.0923283
0.0962805
0.102494
0.106551
0.0811812
0.133056
0.0959921
0.183489
0.118664
0.122025
0.0716996
0.134884
0.105825
0.0651453
0.070822
0.131098
0.114166
0.119019
0.140351
0.102046
0.106565
0.0822608
0.07925
0.152596
0.0765616
0.101769
0.08693
0.124857
0.103799
0.101512
0.106766
0.120884
0.0769566
0.105051
0.0912601
0.132064
0.0731081
0.0842279
0.119625
0.104334
0.111781
0.132925
0.0737451
0.093783
0.0663258
0.0845918
0.10719
0.0988481
0.126991
0.145469
0.11733
0.0795904
0.108608
0.087294
0.0747541
0.0982713
0.109955
0.096154
0.0710751
0.0991217
0.0937493
0.115894
0.118317
0.0807575
0.089845
0.0941548
0.153203
0.115507
0.0710556
0.0744274
0.0989793
0.140542
0.0940162
0.0817398
0.0782655
0.106163
0.106237
0.0790266
0.100453
0.0993138
0.0756026
0.124819
0.0608116
0.116024
0.0737475
0.0744018
0.0550626
0.0811819
0.0755483
0.0900977
0.113665
0.0898848
0.0801257
0.109735
0.0988854
0.0969835
0.0298225
0.0881967
0.110597
0.04151
0.080203
0.116421
0.0756614
0.0889953
0.139892
0.0851678
0.0882289
0.0725456
0.105177
0.108543
0.0817975
0.125547
0.0708481
0.11024
0.118071
0.12567
0.108808
0.0801509
0.104403
0.0838456
0.111286
0.111907
0.111558
0.119772
0.0989516
0.10626
0.118623
0.0961923
0.10028
0.0819625
0.0967619
0.140082
0.0922515
0.132111
0.0912633
0.166877
0.0704455
0.105636
0.094662
0.0886266
0.135083
0.128621
0.105557
0.0925815
0.080037
0.100917
0.110597
0.110954
0.0655689
0.112405
0.121439
0.0824781
0.117665
0.12547
0.14568
0.125589
0.117815
0.115868
0.110457
0.0847067
0.107239
0.129871
0.0865505
0.11138
0.0858228
0.113396
0.0904814
0.110648
0.0719482
0.0986266
0.126055
0.166126
0.0685597
0.101128
0.108117
0.101006
0.0968475
0.137914
0.0637112
0.0692194
0.122024
0.121103
0.0839035
0.125831
0.0627579
0.115449
0.152456
0.0861479
0.0880497
0.127556
0.108234
0.0970893
0.0945263
0.0885631
0.0840991
0.0814372
0.0614044
0.107448
0.0925262
0.120449
0.0895761
0.118576
0.123269
0.123373
0.149069
0.0724394
0.082824
0.117156
0.109299
0.0848071
0.12981
0.103172
0.10382
0.135176
0.107188
0.0986396
0.113829
0.103995
0.0958341
0.0934953
0.0975228
0.109016
0.110024
0.103805
0.0668577
0.0999725
0.102563
0.121512
0.0771134
0.124122
0.124692
0.0788814
0.0831789
0.116634
0.0810914
0.0696043
0.089478
0.0789032
0.102875
0.106188
0.112319
0.0811471
0.0846862
0.105601
0.0891947
0.104953
0.118002
0.111213
0.115601
0.0912421
0.0745002
0.0907832
0.0823457
0.116195
0.0723309
0.0800305
0.123225
0.10757
0.0794698
0.068476
0.133922
0.123626
0.163283
0.0953166
0.104132
0.130861
0.0841569
0.101423
0.119238
0.0910403
0.0977296
0.0737116
0.0871123
0.0830841
0.0879465
0.0708509
0.0811835
0.098137
0.0827702
0.0954033
0.0747796
0.0873616
0.111722
0.10611
0.11703
0.106735
0.132767
0.126603
0.0741954
0.133241
0.155737
0.136606
0.0852584
0.143968
0.147312
0.115441
0.0918553
0.0902405
0.0934834
0.0827604
0.0954077
0.146385
0.096998
0.0910396
0.128712
0.112513
0.1077
0.105253
0.0984939
0.110489
0.111914
0.0718292
0.0948836
0.0970334
0.0927668
0.0886234
0.0931381
0.111516
0.0766062
0.0944386
0.10838
0.102056
0.138869
0.117512
0.107319
0.174563
0.109474
0.108045
0.104934
0.118149
0.121222
0.130349
0.0711649
0.085148
0.0966205
0.120345
0.0926374
0.112014
0.111275
0.093413
0.123322
0.0884749
0.0757915
0.0936957
0.0727005
0.0877622
0.0828146
0.114047
0.0761997
0.112181
0.0662327
0.0852178
0.0985971
0.10164
0.110321
0.12291
0.0832349
0.114171
0.104569
0.122466
0.0955897
0.124993
0.0959874
0.0980489
0.0881444
0.0769916
0.100282
0.152094
0.121011
0.114183
0.153758
0.0833932
0.09397
0.101265
0.104104
0.114415
0.0883524
0.117837
0.118114
0.103613
0.100278
0.0915986
0.103115
0.121493
0.137505
0.15543
0.11297
0.128062
0.0790581
0.12178
0.0851274
0.0965232
0.126402
0.106536
0.131666
0.0999742
0.0549612
0.0806721
0.120941
0.0868435
0.102011
0.140576
0.157531
0.0775145
0.11237
0.0837144
0.122546
0.0955835
0.156331
0.080139
0.0970569
0.0914477
0.0970574
0.143573
0.0977584
0.0993275
0.0702401
0.0898797
0.0933201
0.0907315
0.0768129
0.0822041
0.0794602
0.112636
0.0855957
0.10491
0.122529
0.118458
0.0937334
0.0841215
0.0962258
0.098125
0.0652053
0.0575887
0.117358
0.103049
0.0682947
0.0817242
0.128218
0.0843332
0.126733
0.127001
0.129091
0.103673
0.074705
0.10065
0.116127
0.14242
0.10895
0.161134
0.108033
0.117306
0.12292
0.131898
0.0794327
0.104042
0.110951
0.10064
0.103583
0.136472
0.0818271
0.0770112
0.0716801
0.123426
0.117154
0.071989
0.141912
0.059975
0.132601
0.0786265
0.0927305
0.0764224
0.0708591
0.120805
0.133209
0.0957654
0.0878406
0.071097
0.100489
0.122958
0.0737638
0.0975734
0.0824656
0.114854
0.10996
0.0937967
0.0550445
0.121545
0.100676
0.156302
0.153889
0.136342
0.0999588
0.0784108
0.107533
0.0792696
0.0784605
0.134853
0.106935
0.0984264
0.100345
0.0957878
0.0865002
0.10229
0.114329
0.07945
0.108818
0.0912861
0.0861666
0.139271
0.0829276
0.0775002
0.0952738
0.10847
0.0797655
0.124056
0.0869059
0.124634
0.11562
0.112253
0.113569
0.121121
0.0936029
0.130782
0.116266
0.13061
0.103783
0.078634
0.116838
0.136248
0.0971133
0.0882067
0.131014
0.119986
0.0993777
0.113291
0.0865089
0.101085
0.139913
0.106868
0.11615
0.094227
0.124592
0.0953075
0.0717317
0.0874742
0.092749
0.0780148
0.0929665
0.108949
0.101511
0.079337
0.107534
0.111401
0.146511
0.069848
0.103491
0.123809
0.121322
0.0720371
0.0594348
0.0814703
0.0949078
0.132834
0.0870863
0.105925
0.12216
0.138859
0.128725
0.0783678
0.0887873
0.140294
0.0494692
0.118896
0.103764
0.111487
0.0904967
0.0832427
0.123198
0.0885015
0.108368
0.113313
0.0944805
0.110579
0.108147
0.137434
0.107999
0.0941801
0.129654
0.0881426
0.0895928
0.0898052
0.0801366
0.101126
0.101532
0.0677527
0.0484091
0.141825
0.103208
0.14528
0.0840682
0.137536
0.135249
0.0885415
0.108891
0.102019
0.123944
0.0920623
0.125918
0.127063
0.102747
0.108221
0.103701
0.0858526
0.130364
0.143105
0.0996057
0.14498
0.119642
0.120044
0.116496
0.127622
0.117941
0.134229
0.100521
0.120575
0.105443
0.12339
0.0839277
0.102063
0.121249
0.0955732
0.0809426
0.091866
0.0894411
0.0991471
0.0830572
0.0604461
0.0882065
0.0914755
0.124926
0.0963677
0.106174
0.0911412
0.110844
0.11999
0.114807
0.128148
0.070237
0.0716549
0.0912017
0.114189
0.0842742
0.134659
0.111673
0.12611
0.0971275
0.109557
0.105684
0.12462
0.0676117
0.115767
0.110346
0.0758011
0.0902917
0.118392
0.0964561
0.13091
0.117723
0.0581218
0.113827
0.0939361
0.0727248
0.117749
0.143503
0.128001
0.116445
0.120257
0.14421
0.0890292
0.120219
0.0916273
0.126284
0.103382
0.0537788
0.097682
0.0857852
0.0935338
0.0903745
0.111082
0.0983362
0.121515
0.120205
0.12149
0.109455
0.114182
0.0633558
0.10624
0.0896474
0.111426
0.0604907
0.0965747
0.111745
0.149175
0.105989
0.105564
0.0883693
0.0866284
0.115025
0.122262
0.0987241
0.0725302
0.0461052
0.112125
0.0830963
0.102863
0.131703
0.0862973
0.0947938
0.129115
0.104596
0.114071
0.0877425
0.101623
0.119678
0.110221
0.106934
0.0912779
0.110127
0.123236
0.116431
0.0777681
0.0932293
0.112085
0.0730254
0.0836352
0.0682107
0.132165
0.136301
0.126693
0.0890759
0.122215
0.115067
0.110188
0.0815004
0.0764014
0.0749001
0.116326
0.0770935
0.0922788
0.0811997
0.0926264
0.100663
0.13648
0.0895569
0.089857
0.0577627
0.11679
0.109818
0.0867604
0.0641096
0.0974059
0.127023
0.100288
0.0516614
0.0955888
0.121898
0.0941385
0.0828532
0.115864
0.103591
0.148564
0.0765727
0.107516
0.128971
0.112701
0.0608135
0.0947853
0.161251
0.0817955
0.162695
0.132993
0.116453
0.125191
0.104126
0.0780846
0.122981
0.109721
0.114154
0.0892733
0.0893809
0.0591921
0.106263
0.100688
0.0990699
0.103606
0.161074
0.135738
0.0821242
0.113237
0.0984909
0.0937205
0.123181
0.0831869
0.13622
0.0993876
0.0883169
0.115066
0.088969
0.10475
0.133699
0.127022
0.0836963
0.0897092
0.115266
0.141515
0.0710645
0.115602
0.114517
0.11886
0.0945357
0.110794
0.120858
0.101153
0.1163
0.0748339
0.0744738
0.0952649
0.112872
0.0703769
0.104267
0.116542
0.0684711
0.110094
0.112801
0.130531
0.109756
0.154394
0.0843021
0.108244
0.11287
0.161597
0.130589
0.0948763
0.078326
0.111902
0.0776021
0.121451
0.0696746
0.0853345
0.101389
0.111606
0.108108
0.125492
0.143938
0.0914628
0.127372
0.114605
0.130232
0.102007
0.126683
0.113945
0.116785
0.132102
0.1166
0.116932
0.117289
0.128408
0.101283
0.130203
0.110222
0.110288
0.0818429
0.102488
0.0900608
0.0992344
0.109405
0.0755494
0.110591
0.110141
0.121637
0.0994355
0.0870388
0.140557
0.0952136
0.0681057
0.0956079
0.100792
0.0861718
0.0777635
0.113336
0.113013
0.130807
0.12116
0.10853
0.113799
0.0559852
0.129918
0.117129
0.110564
0.0841598
0.105042
0.113995
0.100253
0.104436
0.0779951
0.129846
0.0729957
0.0920826
0.101926
0.106616
0.0849167
0.0949486
0.0954134
0.079363
0.106306
0.134273
0.136138
0.102727
0.0841401
0.0785905
0.0876887
0.116113
0.111779
0.124083
0.138499
0.134126
0.100802
0.0895043
0.110798
0.0873163
0.0937819
0.125584
0.0781267
0.109938
0.102656
0.107899
0.124356
0.105407
0.108218
0.157637
0.100445
0.108782
0.0870618
0.0788478
0.120401
0.139517
0.152177
0.0862874
0.0860297
0.124867
0.100836
0.0878374
0.0393232
0.0863455
0.112099
0.0974744
0.130582
0.104336
0.0879892
0.0965649
0.1529
0.0796904
0.100233
0.137992
0.129085
0.105857
0.132103
0.0441565
0.102733
0.130454
0.145443
0.0896918
0.117279
0.111988
0.0953563
0.0960126
0.13724
0.0902011
0.122032
0.108872
0.119516
0.0916707
0.0926579
0.0705633
0.0976877
0.150455
0.107302
0.129048
0.138899
0.157731
0.134096
0.0781516
0.115884
0.126847
0.125623
0.085253
0.0942455
0.0995778
0.141626
0.0953828
0.117101
0.146025
0.0865116
0.069108
0.0843698
0.0826528
0.112414
0.0988151
0.138388
0.129921
0.133554
0.133312
0.0933646
0.103712
0.171534
0.0920861
0.1205
0.160327
0.131922
0.0998535
0.136194
0.125254
0.15129
0.104807
0.114141
0.11347
0.117164
0.120877
0.0881831
0.111351
0.0950491
0.0673476
0.0718686
0.0982158
0.135026
0.106617
0.0999512
0.073173
0.110573
0.083465
0.0997297
0.101459
0.111104
0.110501
0.0993936
0.128577
0.160518
0.0725598
0.0822938
0.0913384
0.101655
0.124727
0.136869
0.108671
0.0888915
0.0684948
0.141632
0.118467
0.123178
0.0837714
0.11843
0.0812933
0.0898303
0.0899134
0.139099
0.10127
0.133785
0.0648595
0.119047
0.0998489
0.126088
0.134163
0.136928
0.0984697
0.11439
0.078723
0.0742021
0.117273
0.108822
0.0431302
0.0884142
0.137287
0.10535
0.0767257
0.0806535
0.0899123
0.132349
0.0873102
0.081192
0.100486
0.0946108
0.0833153
0.111447
0.102208
0.0816206
0.0898967
0.106868
0.106626
0.0884258
0.131035
0.121213
0.0856716
0.0583672
0.0982999
0.0964563
0.0773337
0.109841
0.10662
0.0841963
0.0804165
0.0954925
0.123766
0.0682388
0.0644822
0.110421
0.108544
0.0935065
0.15702
0.140183
0.0967953
0.132468
0.11232
0.0992131
0.0944014
0.121083
0.109159
0.0842271
0.122907
0.105383
0.138233
0.160253
0.117375
0.0910073
0.10454
0.0682228
0.0894237
0.0968966
0.0798449
0.128988
0.085687
0.100628
0.119329
0.0986037
0.106785
0.121135
0.124278
0.1327
0.0975496
0.137892
0.123815
0.0948974
0.113684
0.0831922
0.109631
0.10988
0.0794161
0.144659
0.123324
0.0892355
0.113355
0.118832
0.159396
0.104212
0.0850995
0.108415
0.0860542
0.0742885
0.0742024
0.102034
0.123195
0.0953838
0.0886597
0.0995791
0.116479
0.12178
0.0709243
0.1453
0.0903367
0.0947599
0.102726
0.0945045
0.078576
0.132417
0.128217
0.0973793
0.109201
0.160895
0.117255
0.0656359
0.0855351
0.124849
0.0916079
0.0945651
0.0936008
0.111341
0.113564
0.0714533
0.118615
0.107211
0.106354
0.0980495
0.097635
0.0920314
0.10672
0.140455
0.136695
0.119493
0.103442
0.0933481
0.108003
0.108316
0.151675
0.112755
0.0954746
0.0671437
0.0713673
0.0934756
0.10263
0.137738
0.0440324
0.0848889
0.12052
0.110802
0.0911422
0.0847939
0.0939446
0.118275
0.0933141
0.124417
0.159705
0.128425
0.0840184
0.0919776
0.0816902
0.10701
0.118944
0.154866
0.0798129
0.110498
0.0658052
0.141526
0.113933
0.0879657
0.150213
0.160558
0.105901
0.0836151
0.0818152
0.098988
0.116544
0.0900469
0.0932728
0.0994164
0.132479
0.112499
0.0583594
0.121027
0.0827342
0.0974482
0.0479329
0.0853333
0.119567
0.109705
0.0871679
0.134156
0.138916
0.156017
0.123366
0.10007
0.133025
0.109278
0.120365
0.129387
0.111111
0.124991
0.114743
0.0918556
0.133741
0.149514
0.0864113
0.0867849
0.0747126
0.125631
0.0747379
0.106983
0.104225
0.104017
0.0729104
0.0892615
0.14111
0.0904503
0.07692
0.102579
0.120243
0.0921083
0.117124
0.115342
0.124042
0.09903
0.0783187
0.0899898
0.0907032
0.0885967
0.0780043
0.100385
0.0617275
0.0986089
0.085033
0.143072
0.136031
0.092524
0.0860481
0.0938691
0.1222
0.106946
0.0578037
0.157797
0.106629
0.0937795
0.0923662
0.105477
0.0970127
0.0545197
0.0819689
0.153794
0.0921807
0.0831108
0.0700889
0.0853302
0.118299
0.110013
0.121163
0.0808681
0.0687891
0.0651021
0.128256
0.099944
0.125249
0.121718
0.0903545
0.0981666
0.133363
0.14229
0.104314
0.086502
0.0751456
0.104238
0.128702
0.0852335
0.0898734
0.107058
0.118662
0.134119
0.175341
0.128262
0.122622
0.115071
0.102102
0.1348
0.111701
0.103826
0.0995751
0.093586
0.108958
0.0720003
0.0842527
0.0950036
0.0679135
0.135883
0.05013
0.0773092
0.105622
0.104529
0.0802102
0.0784894
0.0937834
0.0740448
0.113222
0.0982738
0.121183
0.103803
0.0985035
0.0916376
0.0682066
0.110395
0.147002
0.122794
0.0537344
0.0883791
0.0612389
0.111436
0.126558
0.104088
0.0907686
0.0807679
0.0931413
0.110029
0.0581649
0.120643
0.0765477
0.150339
0.0950173
0.0916106
0.130063
0.137956
0.0848707
0.0980522
0.0622076
0.0838356
0.104934
0.127745
0.113025
0.132823
0.107256
0.12202
0.0506474
0.114395
0.0959785
0.11916
0.140697
0.108545
0.106035
0.11296
0.0821515
0.115815
0.106335
0.0793723
0.10609
0.100908
0.102102
0.110568
0.0999598
0.0983172
0.129985
0.111121
0.0875722
0.0965608
0.0671344
0.130846
0.0914891
0.0795127
0.109297
0.092662
0.0606995
0.0956997
0.0891546
0.120887
0.121871
0.129999
0.107992
0.12229
0.106936
0.11663
0.0988874
0.101434
0.078879
0.105586
0.0936304
0.122129
0.104081
0.0761376
0.132606
0.128282
0.0795407
0.104823
0.112472
0.0907166
0.111459
0.116865
0.117556
0.121212
0.0797687
0.136124
0.115432
0.142435
0.0490117
0.0808908
0.0988129
0.0782817
0.0721988
0.121372
0.100583
0.0893405
0.0849987
0.0978508
0.130756
0.096072
0.120229
0.100361
0.0821635
0.0772376
0.0645771
0.107201
0.123538
0.137994
0.100804
0.0787228
0.132171
0.109426
0.0929687
0.0914333
0.0948968
0.0659329
0.114172
0.0682923
0.134977
0.137287
0.0833269
0.13497
0.0832689
0.12154
0.116582
0.0854097
0.108053
0.0597529
0.0551643
0.135292
0.0801365
0.0923036
0.125356
0.0732118
0.102268
0.0873347
0.0905207
0.105556
0.0820432
0.152872
0.105021
0.0930634
0.0947379
0.0845023
0.117391
0.102685
0.106983
0.106972
0.106496
0.0758019
0.111879
0.105192
0.0954442
0.0857273
0.127015
0.0959049
0.113347
0.0996747
0.11566
0.109623
0.0488397
0.104976
0.107981
0.147043
0.112134
0.104987
0.072778
0.0745214
0.0928951
0.108186
0.104142
0.116607
0.109405
0.106639
0.128972
0.0844367
0.112955
0.085293
0.0988785
0.0931212
0.0938795
0.0695628
0.154833
0.0905001
0.0697279
0.101172
0.125208
0.11765
0.0953442
0.14513
0.0819897
0.097199
0.0955471
0.0834639
0.0858579
0.0935251
0.0870094
0.0987754
0.128454
0.145573
0.0882217
0.108724
0.120815
0.0723075
0.113919
0.0967853
0.100518
0.0878081
0.0994213
0.116804
0.125009
0.128739
0.103964
0.11586
0.119888
0.106272
0.081375
0.0413874
0.107386
0.10322
0.124403
0.117981
0.113122
0.0883007
0.116201
0.137092
0.0967975
0.0880509
0.0839584
0.0961734
0.132683
0.0692183
0.0844694
0.0877836
0.108589
0.135991
0.0851022
0.108733
0.103187
0.0950933
0.0655238
0.0830371
0.0935098
0.115846
0.103284
0.110778
0.0836539
0.0850936
0.128232
0.0923662
0.0973351
0.0741458
0.0969943
0.0753703
0.0877407
0.102325
0.0851485
0.10709
0.0915736
0.170509
0.087968
0.0881751
0.0856794
0.0753863
0.0870935
0.159441
0.112986
0.070047
0.0930566
0.0993732
0.0791168
0.109746
0.0803701
0.117725
0.115319
0.0659464
0.100853
0.118465
0.100349
0.0781457
0.109117
0.149242
0.0952804
0.0961444
0.0785456
0.116839
0.0969836
0.13783
0.155549
0.0896492
0.0627982
0.156023
0.104257
0.110774
0.0941904
0.112825
0.113662
0.176071
0.104283
0.121881
0.0989869
0.105054
0.0913672
0.114935
0.118867
0.109787
0.0866511
0.128289
0.0770227
0.0965888
0.0858915
0.129293
0.0788553
0.0960406
0.149912
0.137879
0.0653859
0.0975314
0.126944
0.0985363
0.0877091
0.0791164
0.105909
0.0842259
0.114707
0.130431
0.0856445
0.10799
0.0750465
0.12061
0.100745
0.10878
0.113076
0.120445
0.0918139
0.119981
0.1001
0.106739
0.0893643
0.12978
0.0974573
0.0895368
0.0919823
0.120054
0.084798
0.088937
0.0816273
0.110156
0.0659554
0.134145
0.120355
0.104625
0.110447
0.111197
0.116095
0.119929
0.0970781
0.11281
0.128067
0.113163
0.0732881
0.097088
0.0915747
0.130064
0.0960523
0.116719
0.0630967
0.0966541
0.103173
0.120882
0.103146
0.113253
0.0666815
0.101513
0.0849499
0.120134
0.080932
0.080864
0.112394
0.131494
0.0640983
0.112268
0.110693
0.106342
0.0867366
0.0641694
0.0821551
0.0782179
0.0833324
0.0917307
0.12892
0.0984325
0.108905
0.10397
0.100535
0.0995513
0.0814015
0.121673
0.0918885
0.163498
0.134458
0.147952
0.129611
0.13144
0.097433
0.068675
0.105276
0.115017
0.0723697
0.111292
0.11756
0.098834
0.117723
0.102799
0.13013
0.0926165
0.121034
0.143429
0.0965435
0.0943367
0.0874738
0.101372
0.0897531
0.0634193
0.131486
0.10621
0.0736366
0.154824
0.0711299
0.108652
0.123995
0.0620491
0.127603
0.0896764
0.0823226
0.121562
0.115163
0.104456
0.115476
0.0941058
0.0863649
0.113064
0.0810731
0.105354
0.0737135
0.120877
0.0764316
0.104078
0.102417
0.0887
0.114226
0.070655
0.0759646
0.0807034
0.1071
0.131123
0.106957
0.0936279
0.0742371
0.109629
0.114293
0.0963798
0.12515
0.0801636
0.0668729
0.118584
0.0953904
0.100413
0.12136
0.0792335
0.156487
0.0857478
0.11946
0.110525
0.115183
0.163115
0.0930991
0.0622416
0.0919467
0.0849638
0.116837
0.108374
0.136018
0.102932
0.147584
0.142084
0.100998
0.0982176
0.0756277
0.0947385
0.0668589
0.094982
0.114277
0.0962362
0.118369
0.0994064
0.0683718
0.0959607
0.155543
0.0842567
0.0921364
0.103449
0.143941
0.1344
0.12181
0.116165
0.119809
0.119004
0.11264
0.101024
0.105497
0.0974754
0.0944841
0.104999
0.086536
0.145198
0.0973183
0.127732
0.0946729
0.0777337
0.0735379
0.0466855
0.0843255
0.100415
0.122203
0.0767318
0.0954362
0.109338
0.0749661
0.113086
0.0758396
0.106359
0.115665
0.0998533
0.121862
0.089675
0.0760671
0.113484
0.128355
0.107166
0.101958
0.0998211
0.0651741
0.0675386
0.116296
0.160262
0.132105
0.09974
0.0819583
0.0857611
0.11059
0.104649
0.0903526
0.100105
0.0990137
0.0807488
0.0957123
0.119582
0.0990108
0.113663
0.126837
0.0746874
0.146558
0.0847807
0.107789
0.0856488
0.100231
0.129603
0.107341
0.113835
0.0814258
0.0899946
0.0918616
0.0814225
0.119672
0.13896
0.100627
0.0877452
0.107642
0.112416
0.117759
0.0907055
0.0539939
0.0707817
0.112043
0.140547
0.0960182
0.0825477
0.0609768
0.0990211
0.120368
0.08187
0.0633518
0.0964015
0.0981244
0.0961745
0.0755545
0.102171
0.112966
0.124744
0.122302
0.0696653
0.0883945
0.105155
0.131112
0.0846039
0.0894137
0.0783986
0.0796691
0.111246
0.0906839
0.11822
0.0721311
0.094192
0.102752
0.104819
0.109493
0.12022
0.0769384
0.125303
0.103779
0.076916
0.0623092
0.111962
0.104152
0.0986075
0.0892069
0.0993346
0.08555
0.119439
0.106791
0.100115
0.0732844
0.11774
0.100825
0.140296
0.0796357
0.112676
0.0793502
0.0969086
0.0704662
0.131829
0.107662
0.11546
0.0798889
0.151159
0.0847334
0.105109
0.12887
0.107505
0.137121
0.123661
0.107353
0.106233
0.112007
0.0796094
0.117254
0.0635145
0.14266
0.101941
0.11373
0.104653
0.134942
0.100207
0.0940732
0.110573
0.111238
0.095904
0.0784346
0.116927
0.0910751
0.128826
0.0786837
0.130385
0.103866
0.0952676
0.105465
0.0899208
0.0898542
0.131969
0.105611
0.139089
0.135189
0.0925756
0.0724873
0.0885917
0.130932
0.110176
0.0872275
0.0988442
0.0820553
0.104835
0.0975346
0.142763
0.0993532
0.10248
0.0838954
0.106019
0.126116
0.121889
0.122004
0.0978225
0.11618
0.128797
0.0840228
0.0928552
0.0756143
0.0946647
0.104593
0.0970668
0.103655
0.121826
0.0921823
0.085454
0.132689
0.0937416
0.0731815
0.0922415
0.0916455
0.102991
0.156115
0.0771656
0.10075
0.0912361
0.0944555
0.115235
0.099913
0.0828486
0.0728417
0.128353
0.0828125
0.109046
0.116197
0.12994
0.0961516
0.120732
0.123313
0.109019
0.0988042
0.0574685
0.130551
0.0873265
0.14159
0.0992228
0.0801817
0.0747406
0.0950994
0.0996454
0.0657283
0.149326
0.116495
0.126927
0.0831697
0.118274
0.107653
0.158861
0.0814212
0.0911464
0.0923555
0.0866759
0.0959028
0.161214
0.104542
0.132411
0.0824044
0.128463
0.12289
0.111323
0.110381
0.102467
0.114818
0.128413
0.0836136
0.0915455
0.0931709
0.107882
0.104726
0.0928695
0.1134
0.0696819
0.0664115
0.102519
0.0980368
0.0680197
0.084242
0.085612
0.122641
0.122185
0.110615
0.0849461
0.0987088
0.106596
0.132339
0.113278
0.131902
0.113976
0.108953
0.103734
0.107247
0.143587
0.113958
0.100867
0.105899
0.109244
0.0919019
0.111072
0.078481
0.098774
0.137325
0.0882938
0.096126
0.140185
0.0583241
0.100936
0.147426
0.072113
0.0844845
0.0960603
0.105269
0.103922
0.0674825
0.0605609
0.0666034
0.116384
0.0484907
0.12889
0.0970356
0.0954582
0.0806441
0.093793
0.110952
0.0943286
0.111803
0.117136
0.0888258
0.107631
0.121955
0.104506
0.110171
0.133553
0.0827504
0.16031
0.10936
0.0722828
0.0769896
0.115536
0.125447
0.110532
0.0862415
0.15159
0.1138
0.0955527
0.0974699
0.136457
0.123442
0.134592
0.126046
0.0959228
0.114734
0.0830235
0.0816829
0.116019
0.106711
0.11637
0.0689754
0.0859708
0.101935
0.110686
0.108775
0.0970574
0.0982205
0.0662345
0.0930499
0.103248
0.115758
0.106616
0.108553
0.0959437
0.0985203
0.13978
0.0941462
0.111997
0.110008
0.129288
0.0819539
0.115391
0.134257
0.10661
0.118278
0.0932061
0.105228
0.0913718
0.150802
0.128762
0.0911679
0.0810247
0.117009
0.0692772
0.10156
0.137613
0.152046
0.100921
0.104308
0.117252
0.115538
0.122912
0.118526
0.127726
0.0781191
0.110072
0.119558
0.122785
0.136614
0.137188
0.113633
0.117004
0.0575072
0.121828
0.126327
0.077744
0.0758379
0.105471
0.0701973
0.0674488
0.0641835
0.0962074
0.0737881
0.152443
0.109753
0.11054
0.0842434
0.132659
0.098088
0.0727334
0.0795859
0.0878822
0.0954625
0.125341
0.0956918
0.118197
0.116465
0.127872
0.11962
0.117258
0.0901747
0.0955925
0.111404
0.138986
0.117918
0.0993071
0.0914469
0.0920096
0.0945551
0.0918633
0.135451
0.114105
0.06482
0.097768
0.146297
0.10912
0.122299
0.133932
0.123421
0.12867
0.10173
0.147066
0.144071
0.14972
0.0928447
0.0888555
0.12557
0.122921
0.119515
0.0958604
0.131149
0.176429
0.126901
0.0592156
0.0941328
0.135763
0.0896016
0.0960652
0.10015
0.085457
0.108666
0.123432
0.0703031
0.0853517
0.116986
0.130355
0.127223
0.136301
0.138722
0.120675
0.0873737
0.102863
0.0948479
0.124079
0.130335
0.149394
0.122588
0.106185
0.116578
0.090834
0.102147
0.0856429
0.120205
0.124429
0.0749507
0.088835
0.0970505
0.070809
0.0857562
0.083275
0.11485
0.0660921
0.078316
0.11831
0.114488
0.0713529
0.1029
0.128012
0.156247
0.118927
0.117291
0.10579
0.0622421
0.0737269
0.120888
0.127268
0.129857
0.122308
0.0965283
0.0656859
0.121885
0.0981866
0.129124
0.0990052
0.0879112
0.0817812
0.0995862
0.100984
0.178888
0.11449
0.083195
0.106755
0.088465
0.0959185
0.0934947
0.151104
0.0966221
0.10131
0.0839816
0.107428
0.114052
0.0969039
0.105987
0.142037
0.130277
0.0998418
0.0804301
0.118602
0.161756
0.105255
0.065416
0.0856161
0.11104
0.113418
0.0828449
0.17039
0.0670777
0.110431
0.0777683
0.0909702
0.0704766
0.108639
0.115463
0.0935501
0.0799559
0.106542
0.112097
0.0860807
0.119328
0.131645
0.125345
0.137769
0.122214
0.101749
0.0962585
0.0753264
0.0556568
0.0905943
0.130696
0.134247
0.10079
0.136775
0.121011
0.138745
0.150661
0.116213
0.114045
0.0851266
0.110065
0.0695909
0.101988
0.0703964
0.10476
0.0822519
0.0795375
0.0855665
0.104331
0.0813609
0.100938
0.126005
0.118093
0.104688
0.103467
0.0956151
0.103516
0.113564
0.0731955
0.0945648
0.104282
0.130398
0.108381
0.121958
0.0913801
0.10216
0.0897535
0.110348
0.130604
0.115277
0.105322
0.109403
0.105005
0.0779014
0.116992
0.0880328
0.118429
0.133967
0.0889856
0.0729688
0.087853
0.0949234
0.0650811
0.10855
0.0864869
0.151351
0.0906701
0.0942266
0.138312
0.0995231
0.150777
0.138285
0.0813738
0.0833226
0.109155
0.0825686
0.147113
0.134905
0.104534
0.116014
0.0920918
0.122257
0.0918163
0.0795799
0.0716921
0.11491
0.104798
0.0583138
0.0836805
0.100878
0.111042
0.104666
0.102299
0.106189
0.107833
0.0825395
0.0616627
0.121546
0.0844494
0.129692
0.125104
0.0576455
0.0370061
0.105202
0.0862837
0.136208
0.0858577
0.0971399
0.121488
0.0958336
0.0946833
0.0685763
0.126349
0.0905636
0.11775
0.0842843
0.10391
0.112023
0.11493
0.114595
0.1102
0.10122
0.0895831
0.145909
0.104351
0.112723
0.121547
0.136577
0.112425
0.0829383
0.13644
0.145698
0.114201
0.0691342
0.0945608
0.115605
0.143347
0.118493
0.0933399
0.0963513
0.175827
0.118898
0.0935504
0.0960453
0.0912738
0.0997253
0.0940109
0.116184
0.0733901
0.0532335
0.0788796
0.0993305
0.111088
0.106222
0.130984
0.0992787
0.0908632
0.118123
0.0716885
0.121638
0.115206
0.0891559
0.0684331
0.114342
0.114906
0.142042
0.10323
0.11411
0.107117
0.106725
0.129294
0.0903599
0.0891185
0.165952
0.105851
0.0877694
0.0873713
0.139376
0.0725019
0.113658
0.108526
0.107764
0.0893658
0.104209
0.0987195
0.108599
0.126974
0.119249
0.116661
0.0786359
0.0909331
0.107495
0.125915
0.0792381
0.140452
0.130437
0.133812
0.0760256
0.0842749
0.114314
0.0968747
0.0922553
0.104512
0.0737171
0.0971436
0.136412
0.114952
0.119316
0.104663
0.118714
0.10718
0.112423
0.0852081
0.154171
0.101594
0.0746439
0.114046
0.098075
0.0938947
0.101714
0.119815
0.091741
0.0849922
0.108553
0.128031
0.156482
0.0533985
0.113672
0.140477
0.106581
0.0870924
0.102388
0.153759
0.148676
0.0828412
0.102883
0.0697058
0.112705
0.125669
0.102348
0.10824
0.130059
0.0921071
0.0741529
0.107867
0.0962708
0.0356161
0.115393
0.109713
0.0792623
0.118251
0.115115
0.120949
0.150905
0.112659
0.116793
0.0927733
0.109273
0.105074
0.0920504
0.125856
0.124801
0.120363
0.117254
0.110943
0.0961714
0.0847527
0.10757
0.0676245
0.107462
0.122293
0.0797603
0.106443
0.0590463
0.0987951
0.106538
0.107431
0.115346
0.140169
0.141348
0.140263
0.119056
0.0757349
0.123161
0.098202
0.106659
0.0462046
0.130247
0.126379
0.102491
0.0879551
0.112615
0.145063
0.12824
0.105785
0.083961
0.0978378
0.0820991
0.0694799
0.105412
0.0929834
0.0906761
0.115329
0.0810242
0.0887678
0.0857188
0.0918009
0.122359
0.142579
0.136031
0.138261
0.101732
0.0780116
0.126336
0.111614
0.120672
0.130728
0.130857
0.128328
0.121775
0.117342
0.0913522
0.0614836
0.0839321
0.115953
0.10879
0.100923
0.109636
0.129235
0.111718
0.10832
0.0998502
0.0984409
0.109741
0.0609161
0.147367
0.104161
0.0975552
0.0754059
0.106178
0.0969291
0.105165
0.0791499
0.107961
0.0784504
0.106556
0.121781
0.0869189
0.0721234
0.0755124
0.0619131
0.0873052
0.135883
0.116416
0.0780397
0.113648
0.114564
0.0762085
0.075624
0.0641878
0.0687416
0.0714467
0.0982767
0.0854826
0.09381
0.123893
0.11208
0.112432
0.0683121
0.0911189
0.0661133
0.153118
0.125696
0.114506
0.118473
0.095839
0.0749617
0.12147
0.0951073
0.066083
0.093021
0.0969015
0.122754
0.167126
0.139268
0.116764
0.0935871
0.0764311
0.0634746
0.139926
0.0974439
0.0903256
0.125338
0.124872
0.114245
0.0905664
0.1061
0.0997611
0.106504
0.0882609
0.132951
0.0724509
0.103352
0.0976917
0.146573
0.122925
0.0992231
0.107096
0.104652
0.0958276
0.0780856
0.118298
0.115444
0.127018
0.112979
0.0854051
0.134312
0.0874613
0.0757402
0.118559
0.143313
0.119305
0.0933541
0.0780344
0.0908133
0.117311
0.105312
0.0947721
0.0818975
0.110813
0.0812757
0.096949
0.0746687
0.0867455
0.0575084
0.0894594
0.117632
0.128628
0.0997837
0.054448
0.136318
0.123168
0.0871399
0.122663
0.0865833
0.10634
0.0576172
0.115234
0.0743469
0.0962016
0.0719982
0.0841945
0.0967461
0.101105
0.107485
0.0869853
0.114845
0.126552
0.115421
0.0901103
0.107581
0.0783591
0.111195
0.106208
0.0977908
0.138503
0.0941172
0.0997669
0.113673
0.0873945
0.110632
0.113656
0.113923
0.113643
0.0854272
0.0679734
0.0834238
0.141136
0.0728755
0.0802734
0.124927
0.0904536
0.0731791
0.124256
0.0969049
0.0886163
0.0661947
0.129122
0.0955422
0.0795051
0.0480494
0.0772044
0.0940821
0.134598
0.134082
0.0879703
0.118456
0.117527
0.104792
0.0725548
0.0706984
0.131676
0.104329
0.0922153
0.0811617
0.127354
0.0982491
0.075988
0.133772
0.115025
0.112467
0.0945108
0.119726
0.112055
0.102103
0.118178
0.0930741
0.119475
0.0876978
0.111931
0.10386
0.0756067
0.0639809
0.0871128
0.104739
0.0723193
0.107814
0.0969206
0.0883791
0.0837429
0.0879498
0.0873466
0.084117
0.140083
0.133331
0.141579
0.112477
0.110027
0.0722347
0.102127
0.110681
0.160334
0.101797
0.108294
0.116583
0.0801675
0.094375
0.0912961
0.100584
0.116211
0.143112
0.091851
0.120578
0.0983947
0.106657
0.104826
0.095068
0.113359
0.092442
0.0803248
0.128913
0.131876
0.0900246
0.123078
0.113099
0.100487
0.12198
0.116184
0.0899461
0.0899513
0.132776
0.110117
0.0952536
0.123722
0.0746714
0.119027
0.0865473
0.0882454
0.107228
0.111659
0.0892417
0.101173
0.0992228
0.106125
0.0968759
0.111242
0.0703852
0.108862
0.0936581
0.0575259
0.0835491
0.0800111
0.11523
0.111381
0.108502
0.0829628
0.0729694
0.144743
0.121685
0.156455
0.112376
0.103395
0.127287
0.0888053
0.136371
0.174409
0.115245
0.0651197
0.10748
0.105135
0.112961
0.078188
0.142167
0.112806
0.146809
0.114834
0.0796077
0.0753985
0.0675265
0.10993
0.12551
0.0862272
0.0800787
0.10361
0.122405
0.112119
0.12606
0.116002
0.0540276
0.0897251
0.0871961
0.0891414
0.142409
0.0753371
0.0806109
0.0800419
0.1088
0.104398
0.0958278
0.0710703
0.114721
0.161407
0.070442
0.132928
0.109151
0.147914
0.099549
0.0835441
0.136028
0.107682
0.112188
0.0827104
0.0875167
0.11903
0.123258
0.0803292
0.0718431
0.0963821
0.148593
0.0780679
0.105214
0.138121
0.0578272
0.122302
0.100493
0.136733
0.0700908
0.100896
0.123008
0.108368
0.0687365
0.095615
0.0898912
0.0634463
0.123024
0.124691
0.117286
0.112547
0.0890171
0.0920623
0.0720737
0.0873917
0.125068
0.0767944
0.111769
0.06828
0.089808
0.087004
0.119157
0.104934
0.0948535
0.107138
0.108667
0.0959929
0.109878
0.15513
0.0927144
0.0755619
0.136394
0.115864
0.0741065
0.13571
0.124788
0.12183
0.0994459
0.124999
0.117801
0.088408
0.0752926
0.0734004
0.0796391
0.0848264
0.0834953
0.136118
0.0906777
0.113276
0.129409
0.0844916
0.100695
0.113107
0.0992953
0.09906
0.0901685
0.095966
0.0995905
0.115855
0.118991
0.10119
0.11467
0.0836847
0.108846
0.133025
0.0811471
0.0660435
0.106916
0.111588
0.107956
0.0953542
0.103833
0.113202
0.0946593
0.109917
0.0891405
0.117548
0.077549
0.118928
0.110295
0.103621
0.108767
0.0597718
0.0592263
0.12363
0.104771
0.117982
0.086023
0.0911484
0.143364
0.0859847
0.0788962
0.084653
0.113007
0.146046
0.0645146
0.0986828
0.123977
0.148532
0.085783
0.0912939
0.126386
0.0876061
0.104324
0.126194
0.0970022
0.104474
0.106622
0.0774706
0.109664
0.138342
0.13157
0.115922
0.134188
0.0851801
0.077837
0.13112
0.134226
0.0955416
0.0878661
0.0767889
0.0550209
0.048784
0.0769304
0.106716
0.112149
0.0843228
0.126878
0.0929802
0.135645
0.0980492
0.0796278
0.0912379
0.111999
0.111347
0.0952142
0.106126
0.0847224
0.0879795
0.082908
0.104815
0.0752419
0.0826847
0.0766836
0.0660715
0.091581
0.105204
0.110637
0.0965495
0.0920319
0.116001
0.0631698
0.1092
0.109717
0.119111
0.109401
0.109511
0.126899
0.0692789
0.102558
0.0832552
0.0944656
0.164938
0.0970187
0.0939817
0.0769166
0.144866
0.138255
0.139199
0.102586
0.131719
0.120474
0.133062
0.120217
0.0894903
0.103234
0.0691462
0.114532
0.100173
0.108584
0.104456
0.108505
0.102614
0.116859
0.107602
0.116608
0.116754
0.0518738
0.105245
0.174557
0.105737
0.103592
0.135371
0.110922
0.101194
0.0904221
0.112228
0.0979574
0.1065
0.105855
0.104357
0.12562
0.126493
0.116539
0.067814
0.0900496
0.127004
0.0767828
0.0706878
0.123443
0.0885791
0.0764923
0.137935
0.129655
0.13907
0.097724
0.0946466
0.0974652
0.0863332
0.110317
0.106472
0.0857985
0.0835421
0.102808
0.100394
0.115893
0.110423
0.102482
0.108922
0.112086
0.103964
0.111146
0.0639356
0.107474
0.113046
0.113579
0.10464
0.083976
0.116846
0.0731505
0.127186
0.103131
0.0780225
0.110969
0.11006
0.11511
0.113617
0.113998
0.0542966
0.0615421
0.0930814
0.0972399
0.154077
0.137818
0.119663
0.0663166
0.109889
0.093616
0.0812077
0.11497
0.071854
0.122914
0.12936
0.105768
0.13744
0.113007
0.111974
0.0803038
0.0955619
0.105671
0.127875
0.0791252
0.110007
0.111599
0.108898
0.123865
0.130378
0.0620955
0.0735264
0.119549
0.0899672
0.087239
0.126094
0.0750212
0.137128
0.0926803
0.133408
0.0747255
0.120694
0.105984
0.096064
0.126333
0.100359
0.0727753
0.120094
0.0616595
0.0592255
0.0572501
0.0985821
0.0936292
0.141417
0.0943134
0.136222
0.0854166
0.122963
0.0700619
0.0999929
0.0866573
0.0749655
0.115862
0.0772723
0.0794133
0.117593
0.127916
0.104699
0.152493
0.0733749
0.0745217
0.0767118
0.0658224
0.102178
0.153131
0.0954184
0.109342
0.101102
0.0577875
0.123083
0.0600674
0.103491
0.0969058
0.164076
0.106329
0.0763102
0.13409
0.102556
0.104955
0.083385
0.118885
0.137868
0.0989567
0.131059
0.0788455
0.0941602
0.0924223
0.0950986
0.1284
0.0910264
0.0694637
0.0686239
0.0987085
0.1209
0.0771232
0.136068
0.0803966
0.110266
0.1038
0.140822
0.0984394
0.117291
0.111015
0.12418
0.125121
0.116691
0.120643
0.102874
0.0911419
0.120057
0.0880215
0.101317
0.086559
0.088363
0.102573
0.0846035
0.112684
0.0935931
0.119469
0.0898109
0.122328
0.0990879
0.151965
0.0849306
0.109591
0.131088
0.12562
0.107723
0.122417
0.159866
0.123286
0.105755
0.0895148
0.0636525
0.118583
0.140804
0.117779
0.11052
0.066639
0.0796361
0.0656401
0.150844
0.104459
0.148507
0.0869531
0.10782
0.0631073
0.0978475
0.0875132
0.112008
0.107335
0.11057
0.0939568
0.124863
0.114717
0.0996663
0.141877
0.133726
0.0796207
0.0693873
0.0924326
0.0825505
0.0913203
0.106427
0.0850651
0.0703538
0.0771314
0.138402
0.0783047
0.111118
0.0789092
0.0659463
0.104286
0.13757
0.135868
0.0762042
0.0909208
0.0927267
0.0813698
0.107789
0.137531
0.0861577
0.0917607
0.124392
0.0946841
0.119638
0.106209
0.152951
0.126592
0.140519
0.131249
0.0723564
0.058134
0.137034
0.0404034
0.0888455
0.0808013
0.0807257
0.0716821
0.0821135
0.0689882
0.0817936
0.100339
0.0847533
0.0996814
0.13017
0.10919
0.115095
0.0927845
0.0723182
0.0703002
0.139405
0.100062
0.123889
0.110813
0.105385
0.131791
0.0897478
0.143504
0.0746496
0.0654689
0.086552
0.109756
0.109176
0.102697
0.093492
0.075779
0.101033
0.0921939
0.0704162
0.0784885
0.0758185
0.107125
0.0671577
0.0857036
0.0806916
0.0977444
0.0918784
0.103258
0.0925298
0.106525
0.0508008
0.127675
0.11021
0.130332
0.111479
0.104757
0.150775
0.135086
0.152955
0.108129
0.079454
0.115028
0.108766
0.0901857
0.109574
0.114495
0.113483
0.130295
0.0992212
0.0882002
0.160289
0.0996167
0.121759
0.115154
0.0802124
0.159121
0.0686218
0.094036
0.13063
0.073761
0.106482
0.104155
0.0985683
0.127009
0.0956461
0.117433
0.150142
0.0772971
0.0738115
0.0803946
0.0697583
0.0829816
0.107
0.146943
0.112483
0.0948554
0.0798943
0.0799507
0.0800066
0.0859497
0.119072
0.0809289
0.0848554
0.0829654
0.0822629
0.113514
0.0764955
0.134863
0.0845053
0.121961
0.103345
0.0704042
0.147255
0.0932133
0.135795
0.0927243
0.0988319
0.104344
0.123114
0.0845925
0.0765345
0.0590189
0.0743885
0.0735845
0.118266
0.0749459
0.106944
0.123779
0.134463
0.0779492
0.0777037
0.0967389
0.0831186
0.120654
0.0769668
0.103008
0.0672061
0.105737
0.148591
0.081086
0.0909139
0.0939392
0.104591
0.0961582
0.109545
0.119065
0.113251
0.0857925
0.0939164
0.102582
0.064088
0.0836759
0.101415
0.0929186
0.102168
0.112166
0.0816712
0.134295
0.115397
0.0754195
0.082189
0.138449
0.10135
0.0572264
0.097601
0.0774925
0.0949721
0.105679
0.103058
0.0932431
0.121625
0.118937
0.100457
0.0890879
0.0658708
0.088932
0.0930024
0.128249
0.141069
0.117261
0.0931031
0.120747
0.100833
0.0932941
0.125933
0.0908512
0.108432
0.0657193
0.100755
0.0887782
0.0864989
0.0957527
0.0834741
0.0944361
0.0977374
0.0762251
0.105415
0.134049
0.155269
0.0635344
0.151645
0.0838174
0.12572
0.108782
0.11882
0.10012
0.0933151
0.112966
0.108115
0.0877793
0.114712
0.0926761
0.158326
0.083847
0.0974402
0.0360704
0.147877
0.119163
0.0703765
0.110509
0.0885367
0.178999
0.138287
0.0921149
0.118919
0.0716662
0.141317
0.060752
0.10355
0.13543
0.103798
0.0982444
0.0677212
0.0917108
0.0809175
0.10873
0.076787
0.0754002
0.127156
0.115119
0.1412
0.0874751
0.0954304
0.121036
0.0954448
0.123318
0.122867
0.134995
0.121308
0.117391
0.12703
0.114159
0.09749
0.0585937
0.0661784
0.097956
0.0737847
0.113595
0.103193
0.0820333
0.142843
0.157187
0.100053
0.103556
0.0906577
0.120022
0.0989349
0.0821803
0.0910554
0.127334
0.0927995
0.0737414
0.119337
0.114332
0.134943
0.10472
0.0725942
0.102497
0.104817
0.0847488
0.111691
0.0950161
0.0689793
0.0832103
0.0939065
0.107454
0.113161
0.0794663
0.0658212
0.152793
0.106145
0.0704753
0.0725738
0.125979
0.0958374
0.106981
0.0967188
0.107826
0.10547
0.126306
0.112486
0.0976976
0.115854
0.0814747
0.168673
0.122356
0.145511
0.121337
0.0814213
0.130999
0.136019
0.0604864
0.0733351
0.0811561
0.125976
0.0981718
0.0833268
0.0965217
0.0968089
0.101373
0.115343
0.113775
0.124376
0.081297
0.0874576
0.10333
0.118409
0.130936
0.120076
0.0923013
0.123966
0.144752
0.0805811
0.135307
0.14061
0.0958498
0.130564
0.0870144
0.118654
0.0732498
0.119232
0.0950378
0.100139
0.103659
0.0847974
0.0690949
0.0920112
0.0500778
0.118807
0.0969864
0.109767
0.0885488
0.0695097
0.0990812
0.125475
0.0766253
0.118791
0.0900357
0.0758065
0.117509
0.0850822
0.115782
0.0939696
0.0870944
0.103646
0.112058
0.138251
0.120935
0.0855548
0.128809
0.104782
0.106724
0.100827
0.0840665
0.127358
0.101282
0.0969026
0.121187
0.0984921
0.0971858
0.0942744
0.113455
0.0988738
0.101873
0.0915997
0.106868
0.0715891
0.0530319
0.0964896
0.135778
0.0924358
0.0968979
0.106276
0.0914032
0.129704
0.11954
0.0819995
0.103663
0.117305
0.0767971
0.117837
0.086447
0.0870052
0.0813599
0.0819957
0.125429
0.0774274
0.06179
0.0802919
0.0951226
0.0776374
0.0647134
0.0988283
0.109788
0.0856208
0.0920776
0.103378
0.107193
0.128866
0.0985265
0.0886197
0.104515
0.0898951
0.121604
0.071547
0.146392
0.132121
0.117716
0.119187
0.127171
0.1131
0.126642
0.162636
0.134938
0.117076
0.0909812
0.087588
0.100333
0.147094
0.114044
0.127817
0.107552
0.102864
0.0776812
0.116441
0.110772
0.129014
0.0723414
0.10286
0.103878
0.112654
0.084264
0.104662
0.0601709
0.0917337
0.0994715
0.0857958
0.0901012
0.09231
0.109206
0.127735
0.0786111
0.105297
0.0839822
0.0765973
0.12742
0.112577
0.112013
0.114222
0.121691
0.0806488
0.108964
0.102934
0.087689
0.142737
0.0943674
0.104574
0.139914
0.103877
0.104326
0.0883888
0.100204
0.135456
0.0808708
0.125368
0.116279
0.110775
0.0917725
0.0923865
0.0837131
0.137149
0.113053
0.0880441
0.1328
0.109346
0.0967302
0.12269
0.0868199
0.141584
0.109385
0.0931419
0.136175
0.141916
0.134228
0.121965
0.0845555
0.136912
0.114695
0.0661894
0.0844919
0.10844
0.0826312
0.125253
0.113011
0.112262
0.101341
0.0993334
0.10717
0.121832
0.0661803
0.164143
0.0918361
0.109613
0.0947411
0.11493
0.114869
0.109765
0.0997431
0.0994892
0.132107
0.134088
0.122851
0.0985112
0.10931
0.0828144
0.0928743
0.127552
0.166503
0.106831
0.0850093
0.0632832
0.0592081
0.0763969
0.115336
0.107954
0.117304
0.143148
0.0783604
0.1015
0.0850535
0.0795595
0.113049
0.141847
0.111272
0.0780677
0.0640279
0.0846185
0.0748362
0.11944
0.103021
0.121351
0.128297
0.11111
0.0798358
0.108382
0.0826611
0.104554
0.0705895
0.131716
0.103768
0.0881824
0.11372
0.096137
0.119915
0.0727712
0.0992561
0.123125
0.136321
0.142246
0.169509
0.110573
0.0951027
0.11281
0.102421
0.0852476
0.148364
0.0850439
0.11398
0.102201
0.132446
0.0809249
0.0867967
0.113014
0.0762536
0.0877402
0.0896122
0.0996913
0.112067
0.152853
0.106029
0.0667125
0.0618052
0.146245
0.112164
0.137521
0.140973
0.153523
0.104782
0.0964498
0.0641393
0.114233
0.125525
0.102636
0.0696696
0.0675319
0.12143
0.134193
0.155992
0.13564
0.133898
0.11803
0.119336
0.104627
0.0919831
0.135892
0.0806558
0.116926
0.116508
0.107445
0.0925256
0.0645837
0.0953231
0.0890916
0.106738
0.129028
0.0734136
0.0911875
0.0909683
0.106224
0.11226
0.137172
0.128562
0.0913197
0.0776122
0.121636
0.104406
0.122419
0.0891438
0.0634108
0.0837347
0.102111
0.091514
0.0900252
0.124868
0.0912431
0.122606
0.125782
0.113752
0.105161
0.0657833
0.133931
0.0836672
0.131786
0.110216
0.0974683
0.0852198
0.0874703
0.100997
0.15617
0.1425
0.122406
0.0919505
0.0987379
0.106679
0.129379
0.0699495
0.106856
0.101163
0.101292
0.10633
0.0922415
0.148365
0.147032
0.119251
0.0762704
0.132539
0.142565
0.102202
0.0915364
0.0969017
0.114103
0.0675427
0.0723917
0.0297492
0.125921
0.136239
0.122272
0.102899
0.0976629
0.125224
0.0939996
0.0875169
0.108204
0.141758
0.121789
0.105878
0.0943439
0.0795547
0.121528
0.103474
0.112872
0.0745303
0.115221
0.0614749
0.0726504
0.125425
0.0993395
0.0941041
0.0809697
0.1165
0.110476
0.111805
0.0903385
0.0862051
0.118329
0.0807469
0.0654344
0.143212
0.10187
0.124385
0.122167
0.102993
0.12867
0.0919597
0.113051
0.134068
0.0958205
0.0717293
0.13589
0.138389
0.112507
0.114088
0.161852
0.0617144
0.0993442
0.101324
0.0985446
0.140738
0.0936185
0.100933
0.117817
0.0919008
0.0753576
0.145554
0.0805889
0.112202
0.123989
0.129997
0.104679
0.0955523
0.111938
0.127893
0.111758
0.107199
0.070827
0.112168
0.101264
0.0926961
0.106981
0.110626
0.129648
0.125462
0.110194
0.108352
0.0800239
0.0907741
0.0913992
0.110767
0.132199
0.0724301
0.119069
0.132168
0.142008
0.0705254
0.0690863
0.111676
0.144698
0.150412
0.0838816
0.107333
0.207955
0.137162
0.124681
0.135199
0.0738643
0.118299
0.123195
0.106365
0.102737
0.0685289
0.142197
0.0824208
0.127936
0.0898952
0.09653
0.0792639
0.105731
0.142438
0.0738733
0.0591622
0.0899854
0.102001
0.0739757
0.143129
0.149847
0.0913198
0.12349
0.0953651
0.145643
0.11159
0.14921
0.154091
0.184028
0.0884019
0.0964068
0.0908914
0.117927
0.147609
0.108687
0.0848507
0.114603
0.0924245
0.094695
0.064663
0.125611
0.104392
0.103197
0.147253
0.0942488
0.0950655
0.116342
0.0803316
0.111603
0.102851
0.10802
0.130298
0.10509
0.113551
0.102404
0.104816
0.107264
0.0798037
0.126012
0.0752835
0.128855
0.102821
0.100638
0.115298
0.0936503
0.118698
0.138051
0.116041
0.109575
0.0921314
0.130575
0.111735
0.105232
0.116568
0.110463
0.0923039
0.119094
0.134071
0.118984
0.113662
0.0985279
0.0852751
0.119269
0.106806
0.128017
0.0614396
0.0993449
0.101641
0.158686
0.0852173
0.115334
0.0858324
0.0952517
0.115953
0.090438
0.112412
0.0977611
0.0685052
0.102606
0.0903722
0.103957
0.0973825
0.114498
0.0864913
0.120725
0.125394
0.0958648
0.112827
0.142973
0.0591869
0.116697
0.0923577
0.112569
0.0979444
0.107851
0.0944526
0.105398
0.0798247
0.118156
0.0770388
0.0936507
0.089333
0.102539
0.0782489
0.126346
0.0829495
0.0823028
0.111301
0.115104
0.0954028
0.130682
0.118967
0.0579122
0.0738564
0.0869984
0.0961292
0.107736
0.0955326
0.119152
0.0513025
0.0901917
0.0945559
0.1077
0.118789
0.0857777
0.0740803
0.107791
0.112177
0.0764832
0.0984654
0.130522
0.0988549
0.15735
0.106189
0.105538
0.0988484
0.103388
0.0938847
0.117948
0.085022
0.114588
0.0798919
0.11374
0.122214
0.117165
0.0923275
0.0931727
0.0575513
0.102505
0.110627
0.11885
0.0733753
0.10564
0.0840583
0.11511
0.126485
0.0796628
0.160447
0.0945185
0.0973717
0.0771106
0.0669768
0.0839958
0.106007
0.114586
0.0717052
0.0720305
0.125547
0.0983708
0.13285
0.107107
0.10025
0.120296
0.0742608
0.0896931
0.128627
0.0973626
0.0824465
0.102829
0.108191
0.0915529
0.101929
0.129698
0.0927175
0.0856453
0.11844
0.154079
0.150255
0.0936447
0.087589
0.111247
0.0992218
0.114095
0.109914
0.112078
0.133242
0.0800263
0.0930386
0.109864
0.10597
0.144282
0.0732563
0.0948776
0.0853212
0.0626345
0.112915
0.0984804
0.156096
0.0853557
0.0782665
0.0994649
0.122184
0.0774916
0.116929
0.0912178
0.0870224
0.13294
0.0669518
0.106334
0.0876239
0.0831675
0.116808
0.104143
0.122918
0.1088
0.0545319
0.132841
0.125973
0.0970261
0.115594
0.116964
0.0640112
0.0977009
0.0894806
0.0946267
0.0592692
0.0575317
0.106326
0.10848
0.0879126
0.0642735
0.0879147
0.124508
0.14476
0.0815862
0.116832
0.0553942
0.125111
0.079505
0.116275
0.112664
0.102694
0.0751601
0.0966099
0.11404
0.128516
0.079023
0.118576
0.0865097
0.0836215
0.0865979
0.108085
0.0727378
0.100579
0.0767402
0.142885
0.145693
0.0952559
0.122897
0.0692669
0.0779746
0.105613
0.117951
0.0755419
0.0641142
0.119427
0.0871782
0.0991216
0.102806
0.0936099
0.147425
0.130331
0.103754
0.0882149
0.103683
0.117882
0.0972919
0.087582
0.118685
0.0818167
0.0648304
0.120436
0.0885148
0.0976235
0.112675
0.0917247
0.116383
0.0874459
0.109406
0.0896293
0.103175
0.0646931
0.0886975
0.11313
0.102099
0.100717
0.108603
0.107603
0.112925
0.175367
0.150281
0.0824425
0.0517668
0.0766404
0.0880832
0.0780965
0.0982016
0.105399
0.0751675
0.100235
0.107673
0.105345
0.125547
0.10004
0.108646
0.0828582
0.0974269
0.146936
0.0879685
0.0855968
0.101734
0.0928511
0.0836057
0.0704224
0.122401
0.107766
0.0821187
0.139703
0.106529
0.107884
0.0614045
0.0876189
0.11827
0.0876329
0.110766
0.129785
0.0925473
0.115728
0.120478
0.0715992
0.107772
0.111759
0.0921076
0.112778
0.0637566
0.0974839
0.0866087
0.114493
0.0911642
0.122122
0.086307
0.1081
0.116361
0.124614
0.121426
0.0942468
0.0906268
0.113856
0.1194
0.114537
0.104208
0.116797
0.082138
0.101563
0.132442
0.0910297
0.102882
0.12718
0.0886701
0.131088
0.116363
0.112588
0.140698
0.133909
0.112176
0.0840006
0.157893
0.116392
0.118924
0.064737
0.107563
0.147069
0.0981244
0.104613
0.10164
0.0918541
0.0845174
0.116581
0.0758508
0.0808581
0.122388
0.0940609
0.0713297
0.0965578
0.140996
0.104671
0.15324
0.11184
0.153868
0.0891203
0.0970312
0.115553
0.115915
0.100486
0.120723
0.119523
0.0939209
0.0940818
0.119695
0.0778163
0.107584
0.0851698
0.112142
0.132341
0.109758
0.114756
0.0990705
0.124816
0.0872353
0.0698407
0.100393
0.0956829
0.0621642
0.120896
0.0989255
0.108562
0.0755933
0.107072
0.1459
0.0869515
0.0974813
0.0927748
0.0719152
0.0960336
0.131131
0.103168
0.11137
0.136476
0.125497
0.0995914
0.128179
0.120487
0.0706007
0.0767755
0.11219
0.161289
0.136253
0.104152
0.100331
0.117058
0.0939211
0.109745
0.088321
0.0829258
0.127418
0.0939526
0.0977203
0.112277
0.110087
0.0529129
0.10385
0.0832282
0.0817964
0.111973
0.0873107
0.100089
0.117529
0.0857323
0.111448
0.0789053
0.0817511
0.144021
0.0715511
0.0843794
0.0919944
0.0991189
0.105356
0.0965289
0.0702231
0.0778115
0.0892826
0.14929
0.11679
0.0827297
0.107752
0.101734
0.140382
0.124987
0.0775036
0.0892411
0.070695
0.10023
0.117174
0.121637
0.112775
0.0766841
0.0866949
0.085792
0.124339
0.0865819
0.10623
0.0774591
0.081467
0.112739
0.124458
0.121201
0.112361
0.0797439
0.0978602
0.0807384
0.125057
0.111499
0.0931724
0.129835
0.0969927
0.130583
0.0907921
0.0758338
0.0782772
0.0781412
0.0744896
0.083833
0.111607
0.153679
0.0948226
0.100228
0.122888
0.105719
0.117705
0.129269
0.0956685
0.0845034
0.0862305
0.10821
0.112539
0.0892748
0.0841534
0.0991034
0.136038
0.0867125
0.119667
0.0932258
0.0894801
0.0998685
0.0792771
0.115912
0.0968035
0.112914
0.0964957
0.12446
0.109079
0.0873374
0.0951397
0.123303
0.104105
0.106609
0.13818
0.0541275
0.0806771
0.104049
0.113525
0.0954492
0.0925315
0.102912
0.0878421
0.110916
0.0846429
0.0793657
0.0930729
0.0741772
0.0750584
0.0863282
0.0557568
0.114672
0.111668
0.0804069
0.133327
0.145087
0.117101
0.0606828
0.112773
0.128421
0.0956861
0.102943
0.0674092
0.0932009
0.149116
0.130543
0.128489
0.117466
0.0988746
0.097737
0.0910345
0.0700083
0.113565
0.0838077
0.148228
0.0933208
0.0773181
0.105918
0.0924281
0.0969803
0.109887
0.122998
0.0933434
0.142199
0.0901507
0.0908202
0.0969827
0.0644579
0.0980723
0.096465
0.142389
0.105787
0.0845643
0.114591
0.123963
0.103607
0.134333
0.108164
0.0966405
0.0988614
0.0973226
0.074621
0.132496
0.120347
0.0962686
0.0943188
0.0924162
0.088704
0.118114
0.0777038
0.0984178
0.0812323
0.124403
0.107706
0.100358
0.159888
0.150092
0.078778
0.0882275
0.127885
0.0818428
0.0637655
0.0859534
0.104205
0.0763526
0.121405
0.117765
0.166068
0.143145
0.0920326
0.132814
0.122513
0.122805
0.0870349
0.0803624
0.0926754
0.105667
0.119643
0.077973
0.104838
0.0841141
0.0808291
0.102709
0.104201
0.0819494
0.0583525
0.095613
0.127937
0.103876
0.133407
0.150375
0.125618
0.0919581
0.124959
0.0781738
0.107446
0.132626
0.1159
0.112467
0.121233
0.119536
0.104649
0.150026
0.178942
0.106176
0.12145
0.101625
0.0831088
0.0699878
0.0890027
0.113247
0.116876
0.103747
0.13368
0.111537
0.1242
0.101294
0.111201
0.0966856
0.10194
0.0892972
0.103679
0.0845574
0.139153
0.102172
0.0646573
0.107295
0.113627
0.100412
0.112988
0.0956391
0.120283
0.121023
0.0820284
0.149885
0.152213
0.0980282
0.122128
0.10406
0.110542
0.0995297
0.085162
0.0843029
0.0690814
0.0833871
0.105855
0.0612852
0.109198
0.0802253
0.0837122
0.124208
0.0839682
0.0959499
0.0849921
0.0788159
0.0709384
0.0750687
0.0827934
0.136076
0.0768103
0.126163
0.135229
0.0897944
0.104744
0.0874566
0.0996338
0.100086
0.115291
0.107879
0.112386
0.102547
0.12872
0.0890851
0.0815944
0.129713
0.164779
0.143109
0.0871387
0.0621677
0.125881
0.108401
0.108241
0.074826
0.162162
0.143465
0.114914
0.132966
0.134258
0.135139
0.0954447
0.117548
0.088943
0.115074
0.089286
0.135727
0.123637
0.0903816
0.0751307
0.120485
0.104583
0.104499
0.101908
0.169306
0.157929
0.0804472
0.0849046
0.163599
0.135196
0.114215
0.0639082
0.122135
0.103043
0.0701474
0.0863139
0.0973886
0.142605
0.136506
0.0803841
0.0967632
0.0894922
0.114482
0.0800179
0.0850987
0.129638
0.0770331
0.102936
0.0905467
0.0931717
0.111633
0.0705996
0.07517
0.11902
0.0921964
0.110511
0.0726833
0.086781
0.0607602
0.079058
0.0986102
0.115377
0.0973336
0.0595588
0.0821674
0.074876
0.102443
0.0888452
0.106963
0.103614
0.0655775
0.0910241
0.106796
0.095502
0.0748937
0.0756256
0.0838997
0.100029
0.091585
0.0586693
0.0905372
0.083112
0.0991831
0.0775251
0.110313
0.12911
0.129624
0.123814
0.07648
0.109663
0.0664839
0.116616
0.100837
0.102584
0.118065
0.102627
0.0761619
0.134036
0.108218
0.0925183
0.0843726
0.0888323
0.129223
0.0827675
0.0835032
0.143546
0.121184
0.0696177
0.0913011
0.109145
0.122627
0.101649
0.166141
0.10359
0.119139
0.0906456
0.0953253
0.108423
0.109387
0.0999279
0.107995
0.142393
0.0978481
0.0898896
0.0964514
0.102429
0.0971363
0.156329
0.100523
0.0926817
0.0967927
0.0800017
0.102951
0.114869
0.101111
0.121659
0.122664
0.104387
0.0867064
0.120632
0.105241
0.122675
0.134741
0.114914
0.132755
0.117793
0.0824317
0.118282
0.078413
0.135215
0.131235
0.0772795
0.114451
0.111254
0.0719119
0.0966232
0.117475
0.129118
0.118671
0.0806377
0.107482
0.0817676
0.0887475
0.10355
0.138173
0.0751116
0.0560885
0.0950092
0.133234
0.115335
0.0984047
0.0627721
0.0822811
0.105603
0.112467
0.115876
0.101838
0.075982
0.132174
0.10223
0.118638
0.100195
0.075292
0.107727
0.105592
0.0971901
0.0889092
0.117285
0.123234
0.0790497
0.117691
0.0613367
0.0980202
0.0987942
0.0996301
0.120362
0.121551
0.0939456
0.163285
0.086648
0.107108
0.158274
0.15757
0.0787555
0.131431
0.178213
0.115444
0.0897906
0.0783856
0.112894
0.153866
0.156249
0.108092
0.112338
0.145941
0.0913138
0.103211
0.111488
0.109225
0.086345
0.12248
0.137038
0.120068
0.0705329
0.130709
0.115771
0.12612
0.0967862
0.129051
0.0709123
0.116103
0.0831326
0.0976505
0.0955941
0.102779
0.0432703
0.111324
0.10454
0.0751071
0.0604862
0.0734276
0.0951441
0.130838
0.101156
0.103647
0.0868539
0.103602
0.0739371
0.0621761
0.0693825
0.101845
0.0502319
0.0998795
0.138863
0.110484
0.0816073
0.072901
0.0998632
0.122511
0.0944014
0.128319
0.14931
0.127165
0.057716
0.111457
0.0851848
0.117087
0.087442
0.130213
0.109995
0.100586
0.0925078
0.0937803
0.0944178
0.151455
0.12664
0.117553
0.0957323
0.110006
0.107079
0.163233
0.141999
0.0946333
0.0942839
0.0709621
0.0849829
0.145303
0.0683021
0.0889435
0.126189
0.0634276
0.0742072
0.103887
0.0791261
0.0991013
0.101983
0.10226
0.0975839
0.109782
0.0859644
0.093682
0.10812
0.0816228
0.0995746
0.0771251
0.0855779
0.120243
0.120353
0.145948
0.111021
0.0907155
0.0606
0.103725
0.0715585
0.0647485
0.0910624
0.128675
0.09975
0.131634
0.0682924
0.110487
0.115216
0.0821322
0.0952212
0.093618
0.161638
0.147905
0.0824568
0.104712
0.105475
0.0757551
0.106661
0.112014
0.11647
0.0793954
0.121923
0.112383
0.100693
0.110685
0.111083
0.104694
0.134509
0.0813727
0.0756998
0.0729594
0.107611
0.11378
0.124889
0.1119
0.133817
0.0862777
0.110295
0.109313
0.0936559
0.0693716
0.0769147
0.069203
0.152252
0.114625
0.109229
0.104979
0.0956218
0.0891382
0.108304
0.121016
0.133052
0.117693
0.0931006
0.111863
0.109677
0.112449
0.1216
0.098337
0.0949538
0.120957
0.0692461
0.0759591
0.111245
0.0926216
0.0991723
0.123794
0.0790359
0.0748035
0.0453376
0.0583407
0.126415
0.0860575
0.128763
0.112131
0.0983999
0.112684
0.106193
0.121711
0.115915
0.0986383
0.0716819
0.0991944
0.102237
0.133774
0.102897
0.110176
0.0923845
0.0891552
0.100387
0.104991
0.0691121
0.133554
0.0958275
0.0957796
0.107406
0.0881496
0.0934421
0.103563
0.0998744
0.103727
0.106075
0.104869
0.0918657
0.0988366
0.146096
0.10736
0.124483
0.0915283
0.102568
0.141116
0.0894585
0.108178
0.0890472
0.111989
0.118699
0.119643
0.0706886
0.100169
0.0889475
0.0707151
0.0662212
0.0895085
0.124478
0.114204
0.0861672
0.119611
0.110572
0.127611
0.090971
0.0769977
0.0903887
0.0844202
0.132075
0.0884576
0.085529
0.0848284
0.119764
0.107296
0.0847841
0.112648
0.102952
0.0984608
0.102105
0.0514472
0.0838553
0.0820638
0.0819524
0.0700667
0.0688133
0.134348
0.0955835
0.0808611
0.109007
0.0905942
0.0893982
0.0755853
0.0697616
0.0698243
0.154229
0.108049
0.0844999
0.0765367
0.114071
0.127373
0.096958
0.143893
0.142276
0.0878992
0.0946816
0.124632
0.139134
0.112968
0.128372
0.0946295
0.0933378
0.108144
0.105836
0.0854259
0.118177
0.118044
0.0801514
0.086248
0.110217
0.12528
0.0862093
0.101462
0.0882168
0.106944
0.0790937
0.0688286
0.0924702
0.0793724
0.0737105
0.0851998
0.130265
0.0830367
0.102748
0.118297
0.0969554
0.0998162
0.0911378
0.103813
0.0947846
0.103572
0.0833077
0.112423
0.0776133
0.130906
0.0959661
0.0835243
0.127582
0.115678
0.120174
0.0863313
0.113479
0.0733235
0.0833492
0.122375
0.110967
0.138627
0.0685487
0.0923072
0.114319
0.0650986
0.10129
0.0864942
0.133497
0.107878
0.103716
0.121018
0.0937522
0.107434
0.0985955
0.0906003
0.0891044
0.100391
0.0843634
0.0834562
0.078174
0.116765
0.0868824
0.0940012
0.0947473
0.14291
0.158335
0.113647
0.107916
0.0886094
0.0964837
0.0971008
0.12014
0.127515
0.105293
0.123388
0.124438
0.0844292
0.143277
0.13261
0.114411
0.18038
0.079582
0.065151
0.0996915
0.0856816
0.0843253
0.111884
0.0866253
0.0667812
0.0535874
0.101843
0.0974043
0.12863
0.0670158
0.135152
0.128069
0.113056
0.074262
0.117013
0.0888506
0.0646085
0.0839158
0.10432
0.0896801
0.0932205
0.109664
0.116055
0.156691
0.13878
0.0967522
0.0736179
0.100266
0.0823696
0.073162
0.101059
0.078189
0.122644
0.0692143
0.11732
0.113179
0.0945174
0.0600616
0.108858
0.0774033
0.100001
0.0909453
0.0920681
0.136146
0.0748831
0.0943826
0.0636596
0.090254
0.126073
0.100119
0.129368
0.112763
0.0963178
0.0850185
0.136751
0.135173
0.101345
0.108173
0.0922996
0.125252
0.137617
0.089863
0.108731
0.0927618
0.108531
0.0753804
0.0734835
0.111248
0.114106
0.110332
0.118441
0.0450097
0.0807016
0.041532
0.154856
0.097827
0.0720621
0.0950796
0.126767
0.112214
0.107433
0.102225
0.102775
0.138326
0.142585
0.0888944
0.100714
0.114958
0.162682
0.103531
0.08968
0.112482
0.103728
0.0926074
0.0847632
0.117392
0.119559
0.0801572
0.0855668
0.104141
0.0733505
0.111943
0.0875449
0.108834
0.116074
0.11681
0.0951316
0.0808945
0.0793292
0.0836104
0.103586
0.127486
0.12143
0.055936
0.0838828
0.0914386
0.122408
0.101536
0.152585
0.161018
0.0914717
0.0950162
0.0800378
0.120867
0.0903217
0.0895454
0.120869
0.132641
0.148519
0.130071
0.112712
0.0791548
0.0946555
0.0770368
0.100445
0.105528
0.131992
0.103055
0.0722747
0.0876148
0.0812631
0.0625529
0.104872
0.120088
0.0855079
0.100677
0.0942489
0.109074
0.117727
0.112322
0.126567
0.100652
0.10914
0.0959859
0.106674
0.160482
0.138654
0.0799408
0.0726304
0.0755428
0.0771724
0.0604922
0.0889138
0.141225
0.0980626
0.0832833
0.0952679
0.13298
0.0934791
0.0534777
0.102755
0.149304
0.114772
0.0576137
0.102235
0.0985837
0.124016
0.0958757
0.0787771
0.0871529
0.0832563
0.110851
0.115609
0.0905893
0.132494
0.0911724
0.110647
0.110701
0.143742
0.13347
0.124288
0.0745538
0.0702959
0.05785
0.0879113
0.114114
0.134799
0.116971
0.0961464
0.107382
0.11783
0.11343
0.119947
0.0707847
0.102238
0.135849
0.103119
0.12543
0.0869801
0.0873997
0.130539
0.0745981
0.0852867
0.0912001
0.102105
0.112137
0.136674
0.128937
0.13394
0.127773
0.117244
0.117024
0.0657594
0.0841675
0.105227
0.064593
0.119781
0.135585
0.135294
0.101869
0.125439
0.107602
0.0922497
0.0906754
0.107547
0.0967455
0.114976
0.123125
0.104004
0.12029
0.127031
0.0858925
0.0781105
0.0998696
0.116198
0.0993472
0.122769
0.110679
0.113158
0.0695177
0.1323
0.140778
0.0950912
0.0699196
0.112
0.0733688
0.0823434
0.0632906
0.065441
0.0895944
0.126442
0.146608
0.116843
0.129649
0.120088
0.0507782
0.0917064
0.0773561
0.0988962
0.102606
0.137553
0.101085
0.0998146
0.114155
0.128648
0.0649161
0.091747
0.0447472
0.0924048
0.111791
0.0649407
0.103707
0.0843152
0.080065
0.140029
0.0707979
0.112921
0.12723
0.0964983
0.093967
0.0487622
0.0738483
0.0823167
0.0919481
0.118928
0.0729779
0.091182
0.0788661
0.13252
0.1583
0.0972643
0.135827
0.162724
0.0695212
0.0890537
0.095809
0.0923182
0.0799012
0.0853934
0.0778953
0.0953276
0.106201
0.101701
0.0727498
0.10506
0.100778
0.104819
0.135515
0.0837662
0.0994496
0.116011
0.080102
0.100237
0.124651
0.119249
0.0772201
0.0961176
0.113822
0.107417
0.106891
0.0819272
0.124909
0.0995806
0.0762584
0.0768332
0.0862165
0.100034
0.0983214
0.0786246
0.106452
0.105481
0.070657
0.12905
0.122648
0.0912119
0.102416
0.115176
0.121867
0.0835941
0.0757545
0.095237
0.0899553
0.111241
0.0863151
0.0758544
0.093228
0.0823412
0.101727
0.0999183
0.111929
0.0798192
0.139649
0.123172
0.121544
0.102463
0.141858
0.0874198
0.103866
0.107184
0.10914
0.120347
0.0886803
0.112361
0.0718226
0.0871897
0.0729115
0.116623
0.122635
0.107742
0.111163
0.0967882
0.0931182
0.102436
0.0821832
0.0712305
0.113466
0.108018
0.100243
0.0859258
0.113007
0.115496
0.075862
0.108173
0.100976
0.121421
0.106071
0.105481
0.0688748
0.097895
0.126125
0.11937
0.0876944
0.0745531
0.125185
0.149379
0.115097
0.0834922
0.0780924
0.132621
0.169215
0.0900472
0.106011
0.0958931
0.0740179
0.113399
0.102395
0.106865
0.0896999
0.153463
0.10691
0.121754
0.133365
0.134775
0.100893
0.159793
0.115297
0.0747708
0.0850326
0.0891831
0.0937423
0.0905491
0.11771
0.0999374
0.135356
0.126714
0.0956873
0.0865201
0.106506
0.101225
0.106409
0.121971
0.0880261
0.104807
0.0971048
0.151068
0.0945002
0.0814603
0.101205
0.134879
0.0599871
0.124225
0.0864706
0.103102
0.0851558
0.15202
0.0977284
0.0906439
0.0914247
0.120447
0.144606
0.128843
0.0725192
0.10724
0.110346
0.117464
0.0890301
0.0857227
0.0796223
0.115133
0.102298
0.136186
0.116939
0.0785381
0.0861916
0.0930086
0.109938
0.144409
0.0697327
0.140925
0.119818
0.0992663
0.103488
0.0973581
0.145641
0.0704755
0.11018
0.0505348
0.107308
0.0956692
0.0626175
0.142238
0.133144
0.109377
0.10364
0.112381
0.0820147
0.0727953
0.1042
0.0888839
0.161939
0.0908537
0.0923043
0.0745645
0.0819046
0.109293
0.111303
0.100747
0.0809568
0.101183
0.108982
0.0946242
0.125175
0.090745
0.0837381
0.135727
0.134789
0.109961
0.0943162
0.130635
0.122871
0.151378
0.126947
0.0697254
0.102399
0.0653318
0.12265
0.13951
0.0836336
0.081729
0.0892471
0.116587
0.145943
0.129558
0.110691
0.0879488
0.0971432
0.120762
0.0979058
0.140669
0.115026
0.134792
0.100631
0.123974
0.0943734
0.0669013
0.0873058
0.0812548
0.11053
0.0828091
0.101898
0.108501
0.107847
0.0659048
0.10625
0.132865
0.103117
0.148328
0.123387
0.103539
0.110348
0.116821
0.110502
0.112712
0.127928
0.12193
0.081661
0.0950003
0.110183
0.16111
0.069236
0.0974272
0.103346
0.105133
0.140955
0.132233
0.0844836
0.0791098
0.0971854
0.107324
0.0987901
0.144296
0.0567148
0.075472
0.143014
0.0728004
0.0550215
0.119996
0.117466
0.152686
0.112487
0.131223
0.0974748
0.135529
0.083362
0.0774723
0.0728615
0.0985238
0.0960691
0.0764231
0.124973
0.0899142
0.0999395
0.131972
0.0967159
0.0818938
0.0810821
0.0984682
0.102744
0.135104
0.128731
0.0986245
0.138043
0.110646
0.109769
0.0741445
0.12948
0.105072
0.100707
0.0889318
0.0669429
0.0758247
0.0817621
0.11839
0.0870211
0.0896023
0.0887484
0.0740491
0.116937
0.131314
0.140411
0.139424
0.0842346
0.0580803
0.071666
0.0908557
0.0865512
0.0934492
0.0996332
0.124088
0.112616
0.117947
0.092608
0.103027
0.0908581
0.132654
0.105536
0.0931521
0.0997703
0.104286
0.0844357
0.118361
0.134373
0.0922368
0.0600738
0.118827
0.0954724
0.100701
0.0890302
0.101471
0.102739
0.125301
0.073435
0.0710346
0.119827
0.116909
0.126116
0.0932341
0.0757323
0.0895893
0.102864
0.109198
0.0890559
0.0529342
0.0855462
0.148958
0.112223
0.112257
0.0854681
0.123073
0.130663
0.076333
0.0921125
0.0941025
0.123892
0.130894
0.0654262
0.119652
0.130952
0.0956466
0.0981818
0.148715
0.143167
0.114721
0.0725078
0.0911091
0.0889252
0.0990052
0.0834035
0.129365
0.098711
0.0776424
0.0842534
0.0930415
0.0976704
0.107099
0.0890824
0.11353
0.109506
0.0983586
0.0538267
0.111452
0.117214
0.141338
0.101101
0.144736
0.119595
0.115829
0.0984843
0.103139
0.139195
0.0789005
0.0764593
0.130985
0.127954
0.120784
0.0961887
0.0682877
0.124903
0.123749
0.0621855
0.0971676
0.0813949
0.115749
0.073392
0.127515
0.107814
0.0795346
0.0811592
0.109304
0.0814952
0.10442
0.0926522
0.136269
0.096636
0.115022
0.0999406
0.0994471
0.0945613
0.0569822
0.0988435
0.0648646
0.0741308
0.14113
0.095945
0.146875
0.0942126
0.0857554
0.145865
0.133569
0.109396
0.110245
0.106577
0.119879
0.134689
0.113947
0.0526496
0.088751
0.108612
0.131526
0.104249
0.141282
0.140592
0.139246
0.0780738
0.111677
0.162113
0.0902467
0.0476211
0.106998
0.0662608
0.141517
0.0719419
0.122855
0.0850547
0.0666368
0.122081
0.0688149
0.0923862
0.100429
0.0783633
0.104431
0.155694
0.113648
0.119477
0.0834768
0.105773
0.135207
0.052324
0.145281
0.108667
0.101339
0.104945
0.0942043
0.0778149
0.0888871
0.138112
0.102599
0.0991306
0.113785
0.0739673
0.0958029
0.0938207
0.147681
0.116994
0.0731118
0.0639799
0.0885554
0.0928841
0.0819283
0.0790054
0.161081
0.106823
0.142927
0.12717
0.113643
0.107891
0.0936108
0.106631
0.0899211
0.12655
0.135991
0.151641
0.136518
0.122974
0.145572
0.134533
0.0821982
0.0751833
0.113085
0.0884564
0.142364
0.123779
0.0727715
0.111003
0.0726717
0.0744198
0.10376
0.117214
0.0979954
0.0814185
0.108316
0.10828
0.128433
0.0751558
0.112558
0.100824
0.0507766
0.0947109
0.13018
0.171191
0.122117
0.0591555
0.0762339
0.0847245
0.103662
0.0750466
0.170343
0.0822267
0.0796491
0.0870581
0.121409
0.0745778
0.105756
0.106548
0.107525
0.136665
0.132529
0.0990436
0.109434
0.113949
0.137052
0.124205
0.125749
0.110332
0.0741915
0.109876
0.103554
0.113021
0.0897796
0.12639
0.100915
0.106974
0.105649
0.0916122
0.0959827
0.126451
0.102066
0.129939
0.104934
0.0979785
0.110643
0.0822799
0.111661
0.110183
0.144141
0.126424
0.0774774
0.0950247
0.115331
0.0745175
0.11767
0.0867874
0.113149
0.125106
0.108027
0.098807
0.0674982
0.0658667
0.128607
0.112748
0.134587
0.075993
0.110543
0.110079
0.0616378
0.069199
0.129065
0.1202
0.120753
0.0707697
0.0882862
0.139356
0.129883
0.0838419
0.114876
0.0837684
0.0870298
0.0847637
0.130488
0.114211
0.139518
0.0863601
0.0573899
0.120313
0.107873
0.0787133
0.124135
0.118086
0.0900047
0.10344
0.0879014
0.103482
0.119665
0.0971824
0.0940954
0.110992
0.13519
0.0934853
0.128693
0.0899571
0.138907
0.119472
0.127952
0.131122
0.1056
0.116817
0.115312
0.141316
0.138031
0.0995824
0.0848646
0.0844557
0.0872073
0.120277
0.0804067
0.0828383
0.0796179
0.127959
0.087865
0.0883942
0.114634
0.106125
0.0997035
0.0905034
0.135179
0.165579
0.107736
0.101508
0.133025
0.097415
0.108035
0.112617
0.111014
0.0934019
0.0631254
0.0919547
0.127633
0.101048
0.0726785
0.0995654
0.0840795
0.11394
0.0808557
0.093816
0.0861848
0.0935497
0.104935
0.104597
0.0985159
0.101714
0.122637
0.0906513
0.100524
0.0725331
0.0596155
0.117924
0.116915
0.0960148
0.0872614
0.115917
0.132397
0.104627
0.0813343
0.11954
0.0931368
0.0753743
0.0974687
0.116007
0.100557
0.077012
0.132294
0.121467
0.107281
0.111499
0.129244
0.148124
0.141219
0.086412
0.0735464
0.10159
0.09113
0.1061
0.128137
0.108926
0.131446
0.0953633
0.106718
0.12455
0.13462
0.0787806
0.121974
0.139754
0.104334
0.104609
0.0885384
0.107965
0.12006
0.115778
0.136502
0.115599
0.14227
0.0828172
0.114525
0.119607
0.102309
0.0816589
0.0953955
0.0901861
0.105488
0.0773688
0.0983624
0.072336
0.0859032
0.111854
0.114103
0.0697963
0.107145
0.102417
0.099236
0.122392
0.140845
0.0841544
0.0972467
0.114145
0.0837666
0.100807
0.137775
0.099265
0.119745
0.0671605
0.108205
0.129419
0.101092
0.0834065
0.0608271
0.130468
0.0845983
0.0898946
0.102
0.134841
0.10184
0.0933507
0.0679311
0.112798
0.0917952
0.0625282
0.0903611
0.0882222
0.103276
0.116257
0.104635
0.0862853
0.112206
0.0693133
0.125644
0.0863482
0.105065
0.0868563
0.0907294
0.110911
0.0769367
0.0987571
0.112104
0.0977992
0.0634736
0.109297
0.0893864
0.109558
0.141154
0.0758479
0.100174
0.116237
0.113058
0.0829497
0.0963194
0.115434
0.10885
0.0869498
0.0939302
0.0766781
0.119588
0.0905525
0.0919275
0.110559
0.142783
0.117109
0.117263
0.116374
0.0673953
0.138957
0.079288
0.071634
0.152097
0.0691758
0.0973203
0.126483
0.149323
0.107693
0.105572
0.138541
0.1448
0.0788698
0.10083
0.0747747
0.0926684
0.0832336
0.123762
0.0869715
0.112388
0.10162
0.0860732
0.10323
0.0807517
0.12477
0.117728
0.0867664
0.0997663
0.10967
0.107438
0.129061
0.107593
0.0792813
0.114075
0.0663309
0.101575
0.0842099
0.10845
0.0935223
0.184014
0.076984
0.11002
0.08134
0.110074
0.080382
0.136589
0.125349
0.121149
0.0959163
0.14237
0.117268
0.114786
0.0923525
0.114458
0.124878
0.115493
0.117818
0.0882156
0.0619221
0.106606
0.128207
0.113584
0.103607
0.0937059
0.0616845
0.115596
0.159861
0.118231
0.0945145
0.128949
0.10136
0.124834
0.0647977
0.0732597
0.140706
0.0978184
0.112221
0.0902231
0.0682196
0.0996715
0.0931359
0.12081
0.122762
0.0850604
0.0923273
0.108125
0.0965565
0.127753
0.0587344
0.120184
0.102901
0.136263
0.117977
0.103098
0.0837828
0.108103
0.100507
0.143624
0.0869905
0.127454
0.142145
0.122328
0.08814
0.0920687
0.074053
0.11205
0.10888
0.134082
0.130909
0.0801459
0.112572
0.115429
0.0895826
0.114612
0.0989656
0.0997479
0.110896
0.126037
0.10252
0.0996322
0.109176
0.0785755
0.122938
0.1037
0.0930235
0.0997205
0.0644571
0.117676
0.0949926
0.0718021
0.108707
0.132777
0.121107
0.119683
0.106144
0.0925821
0.0768
0.09092
0.120574
0.122194
0.079441
0.0810467
0.0991456
0.116564
0.118007
0.0629222
0.0900531
0.111936
0.102405
0.0999001
0.0867722
0.0840298
0.0619399
0.112174
0.127804
0.0858004
0.0980774
0.0860672
0.0990247
0.0892325
0.0816355
0.137577
0.121104
0.0977182
0.100488
0.146207
0.0899964
0.124183
0.0821947
0.0725193
0.123554
0.112274
0.103425
0.104277
0.132041
0.0753291
0.0676599
0.10725
0.100056
0.131867
0.119911
0.0842491
0.0962781
0.125123
0.121084
0.0646639
0.0906575
0.107627
0.098668
0.0798272
0.121105
0.108132
0.0866891
0.0893492
0.131985
0.104478
0.0452434
0.131326
0.0974212
0.136077
0.144685
0.0752433
0.107012
0.0706198
0.0817806
0.0971116
0.101112
0.129429
0.0867836
0.106225
0.122696
0.0931835
0.114244
0.110166
0.115566
0.105534
0.0873916
0.126806
0.14457
0.0984118
0.0763142
0.0787724
0.122668
0.127678
0.122855
0.101891
0.103514
0.107446
0.0903866
0.08785
0.120305
0.0848736
0.0851413
0.0970472
0.112004
0.0970977
0.050451
0.0632592
0.121425
0.12458
0.0483506
0.120102
0.0544508
0.104906
0.0798817
0.0797716
0.126646
0.0873345
0.085482
0.116269
0.114674
0.108057
0.0842917
0.122278
0.102436
0.0771208
0.114241
0.15462
0.118684
0.12362
0.0911538
0.113438
0.116167
0.120723
0.109601
0.116042
0.0844002
0.127422
0.0821262
0.108429
0.106286
0.108941
0.0772261
0.111774
0.100483
0.133519
0.117878
0.0987525
0.0921523
0.114343
0.104904
0.108345
0.0816148
0.0627779
0.166706
0.0958688
0.115965
0.0805639
0.0652212
0.107522
0.113482
0.11239
0.11912
0.0865026
0.131309
0.0671931
0.122653
0.0993881
0.138726
0.134209
0.116435
0.117025
0.108381
0.0910112
0.130122
0.107809
0.0714614
0.122132
0.130256
0.14489
0.0923524
0.0950111
0.0549487
0.0886376
0.126665
0.11335
0.071225
0.112101
0.113295
0.132666
0.134132
0.101461
0.0892636
0.126681
0.137805
0.13633
0.0814112
0.103203
0.122693
0.105266
0.0920704
0.0533243
0.062974
0.147222
0.121355
0.0975177
0.0798295
0.106221
0.0903054
0.0883855
0.0825952
0.0840561
0.104432
0.0827835
0.108104
0.115316
0.100464
0.110379
0.146513
0.112412
0.0954645
0.0988962
0.0880951
0.136451
0.10636
0.0625752
0.0748886
0.13893
0.0921201
0.107881
0.0905908
0.101814
0.147116
0.120298
0.121734
0.0934755
0.0394279
0.124471
0.131909
0.104872
0.113498
0.0922506
0.112149
0.113793
0.10397
0.0907665
0.0533393
0.0879214
0.12887
0.0899381
0.100227
0.167185
0.167178
0.142053
0.0825824
0.110776
0.100772
0.134549
0.141238
0.118866
0.12932
0.13163
0.100129
0.0867138
0.171536
0.096698
0.0847506
0.145502
0.109812
0.0945405
0.0876507
0.101678
0.0872126
0.0971483
0.100866
0.109828
0.108065
0.11115
0.0781332
0.128421
0.08745
0.0616713
0.0584146
0.0757026
0.0935864
0.129797
0.114856
0.0953503
0.0830613
0.157359
0.0595254
0.116759
0.100072
0.0997093
0.114665
0.0910061
0.0884503
0.0887152
0.131419
0.105035
0.076148
0.0662328
0.0699592
0.0912926
0.110076
0.136079
0.100767
0.142645
0.098557
0.105737
0.0965027
0.0901089
0.086008
0.106175
0.102847
0.106326
0.101078
0.0863466
0.0860142
0.0870583
0.094177
0.151755
0.0861953
0.127046
0.110673
0.115949
0.0866927
0.0763642
0.081829
0.088233
0.0754645
0.0898704
0.116271
0.0899018
0.101852
0.0899871
0.0932361
0.122212
0.080441
0.0724782
0.135741
0.130589
0.100354
0.0777838
0.171065
0.102404
0.0909904
0.0748447
0.119365
0.102627
0.100597
0.127695
0.097822
0.133786
0.0943937
0.0972222
0.0911793
0.097691
0.0834654
0.139679
0.0943282
0.11753
0.0879266
0.107284
0.137996
0.135902
0.0956919
0.143122
0.126294
0.0808305
0.117557
0.0984834
0.092686
0.106724
0.102547
0.135042
0.0946988
0.147699
0.0820662
0.117027
0.0883237
0.11914
0.10326
0.0662341
0.0907606
0.10607
0.0924571
0.137947
0.0745963
0.076656
0.103413
0.110749
0.112216
0.0932694
0.0927964
0.0642156
0.0832443
0.107875
0.120811
0.105786
0.0904909
0.102228
0.0890401
0.115702
0.119067
0.0863451
0.108051
0.117816
0.0908756
0.122926
0.0918404
0.126244
0.103368
0.0608962
0.100931
0.11393
0.105794
0.11449
0.12623
0.132761
0.097675
0.0983823
0.0531218
0.0880206
0.134027
0.065087
0.0666277
0.0820129
0.0747842
0.112679
0.0880324
0.0957561
0.094782
0.135623
0.0918585
0.107956
0.070107
0.11409
0.0892904
0.136577
0.0948185
0.111794
0.140937
0.121294
0.127877
0.0853649
0.126476
0.121698
0.10661
0.132673
0.106757
0.0961797
0.134053
0.122817
0.124206
0.142573
0.0678421
0.130036
0.096057
0.112724
0.0688894
0.0592648
0.0989232
0.150487
0.116995
0.159779
0.0952061
0.0983533
0.10671
0.123878
0.114024
0.153084
0.134606
0.0750423
0.112623
0.116318
0.106435
0.134378
0.102016
0.0947516
0.105097
0.0863889
0.108243
0.153892
0.104693
0.0771063
0.0897581
0.0994587
0.0839564
0.105872
0.0833291
0.0610657
0.0747006
0.0928428
0.113769
0.121925
0.108732
0.0747979
0.0798602
0.0834148
0.106996
0.138743
0.110754
0.121975
0.0885282
0.102751
0.0651235
0.101072
0.0843307
0.11684
0.118005
0.139895
0.10564
0.145005
0.0730335
0.123238
0.0686835
0.0934562
0.116539
0.133007
0.0728343
0.119855
0.0654081
0.133207
0.106112
0.085652
0.102483
0.104578
0.12029
0.0911831
0.0882807
0.111034
0.144413
0.116922
0.0654998
0.118175
0.100065
0.0974722
0.0861576
0.086591
0.11496
0.101618
0.100667
0.153827
0.160897
0.073746
0.0617064
0.102084
0.092774
0.0913723
0.0697672
0.131745
0.107173
0.103217
0.0859775
0.0686893
0.129921
0.0938256
0.126175
0.0911697
0.146085
0.0766404
0.101735
0.146265
0.165535
0.130134
0.0507796
0.0970752
0.0738495
0.0906215
0.0848989
0.127979
0.0935471
0.0978558
0.120662
0.109835
0.109141
0.106347
0.113445
0.104831
0.113597
0.139438
0.0625698
0.104993
0.10529
0.11792
0.098672
0.0938972
0.112345
0.143768
0.0871174
0.119423
0.0999131
0.0648298
0.0901517
0.108953
0.0714929
0.113589
0.0625717
0.0519254
0.0526518
0.0767871
0.106874
0.0959517
0.165127
0.083612
0.112913
0.122733
0.104576
0.126345
0.0855582
0.112581
0.0944514
0.104361
0.104971
0.111525
0.116683
0.13134
0.112315
0.123155
0.123224
0.116736
0.108994
0.103208
0.118895
0.10966
0.101708
0.0778709
0.113035
0.0953659
0.0891147
0.0973477
0.105518
0.12349
0.0640311
0.0719033
0.10939
0.0947943
0.0906399
0.0839937
0.121271
0.118865
0.0898616
0.111171
0.126263
0.12315
0.102614
0.107998
0.104449
0.0668146
0.0859639
0.0707029
0.125806
0.124927
0.139298
0.116532
0.134065
0.0986037
0.102495
0.119736
0.148624
0.0698227
0.102338
0.127915
0.0993959
0.128616
0.105298
0.0906124
0.0794922
0.100654
0.0887622
0.0438034
0.116316
0.106037
0.0742879
0.0531975
0.111492
0.173475
0.0698482
0.122327
0.0957006
0.129904
0.15388
0.0798895
0.123538
0.0937317
0.0964815
0.140681
0.109276
0.16084
0.078426
0.088184
0.0898467
0.0527023
0.105757
0.116527
0.115809
0.135975
0.0839505
0.110282
0.111371
0.081493
0.126237
0.100122
0.106669
0.16268
0.0799998
0.133451
0.117576
0.114094
0.0603176
0.0686142
0.103515
0.0869853
0.102578
0.103174
0.116871
0.0641094
0.116399
0.0564179
0.0960076
0.105147
0.0878571
0.0959861
0.0942529
0.114433
0.119198
0.147077
0.162126
0.0971554
0.0649171
0.161292
0.123424
0.157208
0.0723381
0.0791504
0.0908356
0.087382
0.101179
0.101487
0.130718
0.134355
0.111158
0.150102
0.110148
0.125563
0.102253
0.0953624
0.117135
0.116112
0.0677717
0.0761153
0.0957284
0.100736
0.100625
0.154359
0.103907
0.0805208
0.134468
0.158212
0.0950244
0.101046
0.136727
0.106076
0.144204
0.106204
0.0744995
0.0809663
0.0929394
0.107445
0.0930133
0.0559968
0.111608
0.10616
0.0836384
0.122996
0.101651
0.147201
0.150915
0.116004
0.104774
0.136422
0.084956
0.126747
0.0944472
0.0937771
0.0881129
0.079595
0.134943
0.0962058
0.0599908
0.0974371
0.0915012
0.0973807
0.0680651
0.110109
0.0922168
0.116729
0.0960268
0.14792
0.110608
0.11505
0.0875453
0.066242
0.111721
0.100365
0.0851812
0.11917
0.110256
0.0926506
0.119783
0.151552
0.123117
0.092391
0.100244
0.147163
0.0887856
0.0730385
0.0657688
0.0856063
0.127867
0.133711
0.0808093
0.113194
0.103853
0.0936117
0.128569
0.128611
0.113072
0.0927726
0.099392
0.0972237
0.116777
0.126149
0.0877342
0.0834549
0.0672473
0.0955045
0.0610092
0.0758088
0.063356
0.127063
0.0733253
0.114393
0.120074
0.141841
0.112431
0.0909171
0.128867
0.0807739
0.0930785
0.134138
0.109617
0.113014
0.107885
0.107535
0.0826609
0.106221
0.117465
0.11468
0.121115
0.1512
0.07601
0.13237
0.0967077
0.13065
0.0865311
0.11956
0.148075
0.139914
0.105028
0.121628
0.117931
0.105413
0.112947
0.115423
0.102106
0.0949957
0.107545
0.101917
0.0737021
0.151476
0.112036
0.123442
0.0637496
0.064817
0.0766582
0.107391
0.139182
0.086001
0.122759
0.0887735
0.0732253
0.118398
0.129411
0.129737
0.147393
0.104246
0.148263
0.118182
0.0759574
0.118873
0.0742601
0.113189
0.100505
0.124509
0.137292
0.107936
0.106059
0.126854
0.0986035
0.139111
0.117551
0.111603
0.10042
0.0903222
0.114268
0.127089
0.072682
0.118126
0.152659
0.0822723
0.105861
0.138623
0.100078
0.110334
0.088117
0.0810749
0.0691633
0.10169
0.0884147
0.131003
0.0807753
0.0892245
0.0871433
0.0885088
0.0999532
0.145132
0.128568
0.123454
0.0938013
0.103703
0.102043
0.0824993
0.107292
0.120855
0.101291
0.126079
0.113874
0.10328
0.0930206
0.111877
0.136871
0.0828835
0.11237
0.115862
0.130697
0.119486
0.0729372
0.118962
0.0862487
0.11682
0.09597
0.139584
0.0982513
0.119475
0.0961715
0.114075
0.111094
0.095845
0.118534
0.0917283
0.0992366
0.0748468
0.114217
0.146096
0.0839688
0.108573
0.0621924
0.088219
0.11496
0.0884319
0.0794596
0.108256
0.131122
0.11019
0.123961
0.0729847
0.128613
0.0976263
0.10537
0.087133
0.0727756
0.101026
0.061682
0.102115
0.123687
0.0744754
0.0937566
0.110854
0.092757
0.127317
0.0779889
0.100417
0.0818019
0.101488
0.07094
0.107616
0.0671393
0.122395
0.0803081
0.109919
0.097335
0.0894158
0.109254
0.0487002
0.0929139
0.0852383
0.110477
0.0927714
0.134058
0.0791289
0.0932164
0.10851
0.0967886
0.104739
0.0742716
0.094475
0.104563
0.103582
0.0707644
0.0803362
0.0760474
0.108413
0.0768285
0.095423
0.0996583
0.14198
0.103889
0.0821405
0.107959
0.125942
0.0789956
0.100139
0.0709876
0.110842
0.0825435
0.123242
0.0638146
0.124583
0.0992029
0.0993777
0.110166
0.102215
0.0582528
0.0656362
0.11206
0.102303
0.114045
0.123225
0.110658
0.126337
0.107735
0.106061
0.132473
0.155852
0.0782155
0.098877
0.108958
0.115805
0.0937741
0.0740668
0.105428
0.121178
0.0570674
0.115601
0.101889
0.115851
0.0784874
0.0937412
0.145362
0.103957
0.068271
0.0981766
0.097109
0.121192
0.0887548
0.125302
0.106446
0.130157
0.0854028
0.11268
0.117977
0.0885361
0.101393
0.104401
0.1286
0.135691
0.0985291
0.0685183
0.100271
0.119748
0.0877972
0.0974639
0.103458
0.098598
0.138642
0.0885659
0.0665427
0.107468
0.0956504
0.0820041
0.110081
0.114757
0.0890659
0.0917008
0.0965033
0.0792691
0.0798297
0.0812873
0.110628
0.112525
0.103696
0.126394
0.115606
0.0927225
0.107563
0.0859015
0.0925744
0.0652828
0.109825
0.0931696
0.128064
0.0979363
0.104827
0.0642943
0.104997
0.112705
0.0869847
0.0872708
0.102528
0.093391
0.124908
0.0963831
0.134919
0.115838
0.0764765
0.0875828
0.111005
0.12595
0.104032
0.108148
0.124514
0.126103
0.087276
0.129831
0.122187
0.106798
0.0931749
0.12346
0.0662792
0.130267
0.0847183
0.0915791
0.132292
0.0789041
0.0924414
0.0946822
0.117073
0.0916827
0.0676244
0.143392
0.124702
0.111555
0.0887566
0.106901
0.169005
0.0993937
0.0965241
0.08747
0.0959952
0.120583
0.097649
0.106803
0.0831508
0.0846936
0.099558
0.130901
0.0871512
0.0787614
0.0647957
0.0832058
0.11026
0.0892269
0.0755081
0.0914925
0.123268
0.14275
0.0995987
0.0966258
0.109956
0.0802005
0.0587235
0.0967147
0.0633766
0.116268
0.0909912
0.111342
0.111733
0.131905
0.097594
0.111849
0.0720066
0.109824
0.093396
0.129376
0.121435
0.113755
0.0741396
0.0835393
0.0900932
0.0641189
0.108947
0.104063
0.128913
0.137931
0.0968743
0.131101
0.0923219
0.129756
0.115958
0.099179
0.0955845
0.100666
0.0536197
0.133275
0.0612438
0.135519
0.1249
0.0801639
0.110951
0.0887694
0.0790665
0.146003
0.105446
0.109819
0.0902229
0.0804996
0.0991898
0.0894217
0.0725147
0.0821278
0.128076
0.122194
0.108909
0.0971959
0.0785447
0.0945558
0.110085
0.109894
0.128566
0.0732803
0.0991916
0.116017
0.117259
0.0593548
0.0976062
0.159693
0.142826
0.142195
0.0928147
0.0976256
0.105063
0.112844
0.10417
0.0973287
0.109814
0.0962131
0.0878287
0.10801
0.130822
0.110693
0.0754186
0.0899285
0.100503
0.0555406
0.129309
0.0813785
0.104686
0.0969085
0.0845173
0.0996785
0.116645
0.107665
0.115169
0.0867376
0.0970656
0.0632546
0.0976939
0.0888686
0.0735275
0.0926257
0.110771
0.131363
0.129966
0.0965084
0.0983832
0.11536
0.12853
0.141624
0.0591411
0.092378
0.071807
0.129961
0.067746
0.0908694
0.110694
0.118255
0.0913701
0.111557
0.0992747
0.113253
0.101542
0.0965963
0.146035
0.110812
0.126606
0.0891894
0.0954612
0.0842271
0.0948671
0.100385
0.115611
0.114737
0.0866744
0.113241
0.0908624
0.111539
0.0623761
0.1192
0.106662
0.0872885
0.0907988
0.151173
0.0845055
0.121087
0.0866892
0.112132
0.096721
0.083061
0.0893332
0.103864
0.103694
0.112012
0.113888
0.109318
0.105141
0.112466
0.109796
0.069607
0.0727901
0.0986154
0.10315
0.0931594
0.107482
0.118811
0.0882333
0.121315
0.0890404
0.06662
0.119761
0.141875
0.118995
0.116066
0.09424
0.127311
0.115656
0.0612243
0.103128
0.0807033
0.106263
0.0909502
0.0772176
0.0845113
0.0722858
0.106533
0.0610724
0.066863
0.0730789
0.1126
0.0645822
0.105712
0.0937553
0.125849
0.101638
0.100815
0.091929
0.158427
0.0979104
0.144316
0.0813487
0.120384
0.0596109
0.10534
0.137903
0.0922051
0.130077
0.0846176
0.105727
0.122774
0.0184413
0.0898478
0.115274
0.119096
0.118944
0.0860549
0.12123
0.12578
0.180957
0.0886431
0.105112
0.120489
0.117863
0.0845769
0.11517
0.101616
0.131681
0.101345
0.0872489
0.0907435
0.066562
0.125091
0.104353
0.126686
0.126812
0.11808
0.0903612
0.127365
0.077552
0.0808645
0.0879452
0.103824
0.0734067
0.13063
0.157653
0.108073
0.0896663
0.0860815
0.123194
0.0795608
0.0901154
0.0910959
0.0970045
0.0840638
0.151482
0.169199
0.0996036
0.116818
0.111256
0.14845
0.12139
0.113792
0.102036
0.140457
0.110523
0.127347
0.0797926
0.0811666
0.0803433
0.105452
0.0906089
0.0804932
0.118842
0.0989612
0.0868796
0.0798226
0.0786032
0.137222
0.0871223
0.0719054
0.165849
0.137884
0.0783868
0.114914
0.0848155
0.115135
0.0897884
0.101698
0.162526
0.114798
0.137391
0.137879
0.096652
0.115516
0.094876
0.137947
0.145035
0.105263
0.107858
0.1269
0.0938503
0.0746896
0.0740118
0.128256
0.142714
0.131265
0.0896913
0.0768042
0.0946617
0.152127
0.0916477
0.104677
0.0866362
0.113776
0.070984
0.0741472
0.126606
0.110396
0.0904511
0.120766
0.111905
0.145267
0.0940727
0.115168
0.136281
0.119642
0.0867893
0.0933069
0.107512
0.0984302
0.133384
0.106487
0.134687
0.124604
0.129254
0.0983779
0.13038
0.124763
0.0970764
0.116533
0.100763
0.109016
0.120082
0.0998854
0.133799
0.112788
0.0618429
0.101468
0.119806
0.13074
0.0882098
0.112444
0.117206
0.0967219
0.0709078
0.0515108
0.0991132
0.111454
0.106717
0.0506507
0.0834719
0.132933
0.0924494
0.104726
0.107169
0.122158
0.080531
0.0791836
0.0791212
0.120396
0.081251
0.115371
0.104279
0.172332
0.0507212
0.0803026
0.0869726
0.0788428
0.0731094
0.131895
0.128757
0.0987478
0.0950912
0.133019
0.122338
0.123041
0.0746666
0.113126
0.0803212
0.0801002
0.101456
0.104123
0.0720092
0.13021
0.0928435
0.106506
0.101015
0.0734939
0.0767423
0.10658
0.115042
0.128418
0.0705867
0.141829
0.116587
0.0976214
0.0996587
0.063464
0.108622
0.108875
0.0768317
0.0694653
0.103123
0.132656
0.111755
0.0981547
0.123058
0.13442
0.0727744
0.0753704
0.0982018
0.103261
0.0962418
0.0910356
0.143045
0.0821732
0.127269
0.0857018
0.105828
0.146269
0.106927
0.111392
0.105885
0.0778796
0.0761766
0.0984119
0.109377
0.104908
0.114555
0.17733
0.125064
0.140194
0.130925
0.131719
0.111599
0.122603
0.117494
0.0955784
0.131814
0.0998962
0.0769904
0.116354
0.111005
0.0814503
0.0748647
0.125901
0.117923
0.133081
0.0788199
0.0714999
0.0965033
0.135613
0.0642108
0.124792
0.0831171
0.1509
0.0930695
0.108499
0.100378
0.0746879
0.0598799
0.126382
0.119967
0.0924322
0.125481
0.0668256
0.120167
0.0948869
0.088483
0.0975826
0.158484
0.122098
0.087414
0.125483
0.0915552
0.105271
0.0996732
0.095198
0.120909
0.099012
0.0610426
0.0963087
0.0673695
0.0549152
0.0761343
0.0740773
0.119936
0.154544
0.114047
0.114258
0.119398
0.118664
0.0907852
0.121962
0.114644
0.106793
0.0993835
0.078624
0.0848769
0.0952009
0.0978088
0.108543
0.0697376
0.0941655
0.086643
0.132751
0.145156
0.112494
0.115991
0.128055
0.106406
0.0972889
0.134247
0.101255
0.113082
0.138744
0.0866953
0.126209
0.0847436
0.150126
0.0797761
0.132587
0.104202
0.117307
0.111704
0.0762879
0.0776772
0.0789538
0.112302
0.0916351
0.100696
0.0773068
0.0880839
0.0917299
0.104813
0.102921
0.133712
0.122353
0.0824902
0.11759
0.0911453
0.113972
0.0830753
0.114791
0.135509
0.106046
0.0781704
0.0790632
0.0921795
0.128949
0.136935
0.117345
0.0645001
0.0939381
0.105327
0.125772
0.111912
0.101141
0.0998923
0.14327
0.0769208
0.0613952
0.123204
0.100615
0.102195
0.131447
0.114183
0.125304
0.0698033
0.102937
0.136699
0.120931
0.0737489
0.0851652
0.0980351
0.112261
0.100281
0.082329
0.0951335
0.126545
0.0984744
0.134283
0.179101
0.118731
0.0769984
0.135867
0.136779
0.150492
0.0994221
0.0941503
0.0673073
0.17426
0.107151
0.112677
0.123738
0.116398
0.131292
0.0900747
0.0981563
0.0951905
0.105606
0.0850308
0.103407
0.130338
0.0922773
0.151225
0.0874249
0.0852378
0.10985
0.120207
0.118042
0.10124
0.0908892
0.0639627
0.107006
0.109449
0.0836927
0.10532
0.0768687
0.123637
0.0728543
0.122483
0.107303
0.0715073
0.0868271
0.0901682
0.0814324
0.0745916
0.0779393
0.125409
0.105736
0.137023
0.108726
0.111313
0.135246
0.107329
0.0983932
