9.61133
0.83567
0.0977009
0.0187792
0.974761
0.092036
0.0285115
0.0135432
1.01567
0.100477
0.0239107
0.00925065
1.05855
0.107399
0.0190241
0.00859277
1.10916
0.107572
0.019478
0.00969987
1.15302
0.113035
0.0162161
0.00957636
1.21521
0.118501
0.0209464
0.0119169
1.2648
0.122501
0.0192565
0.00890302
1.30292
0.126275
0.0226793
0.00717229
1.33452
0.128674
0.0160975
0.00645309
1.36495
0.133376
0.019149
0.00731141
1.3909
0.134681
0.0177962
0.00649981
1.41868
0.135297
0.0211804
0.007416
1.45529
0.141018
0.0216457
0.00864967
1.48261
0.142779
0.0183349
0.00713766
1.49173
0.144089
0.0206696
0.00940581
1.50459
0.141055
0.0218719
0.0101119
1.52529
0.146304
0.0227949
0.00719098
1.53393
0.147535
0.0199798
0.00795784
1.54897
0.145948
0.0210404
0.00858259
1.55827
0.150305
0.0226412
0.00784718
1.57634
0.149438
0.0217146
0.0135531
1.5845
0.152859
0.0221433
0.00722073
1.59678
0.154152
0.0197765
0.00937323
1.60412
0.157742
0.0210604
0.0067133
1.61262
0.154121
0.0224366
0.00731475
1.62247
0.155539
0.023248
0.0106459
1.63112
0.156046
0.0221962
0.00719624
1.63449
0.157604
0.0213243
0.00897285
1.63897
0.156973
0.0243063
0.0120438
1.64905
0.158562
0.024241
0.0104008
1.66859
0.161961
0.0241964
0.0081423
1.67164
0.160602
0.020641
0.00793133
1.67221
0.156806
0.0232672
0.00871181
1.67856
0.162426
0.0283918
0.00885955
1.68633
0.163266
0.0252196
0.00978866
1.6871
0.16566
0.023944
0.011179
1.69159
0.162253
0.0249469
0.00725732
1.69566
0.162566
0.0227268
0.0088878
1.69798
0.157304
0.0245358
0.00916974
1.69793
0.158308
0.0233605
0.0110644
1.70452
0.166262
0.0233286
0.00945551
1.70167
0.16225
0.0247719
0.0114869
1.70217
0.165516
0.0197592
0.00835937
1.70762
0.159584
0.0229898
0.0130756
1.70862
0.16362
0.0256203
0.00709737
1.71117
0.165927
0.0229014
0.0111698
1.71296
0.166442
0.0217107
0.0102232
1.71635
0.163842
0.0225974
0.0154832
1.71741
0.166173
0.0243377
0.0138297
1.71757
0.164671
0.0237128
0.00838982
1.718
0.162497
0.0250091
0.0100923
1.71783
0.167658
0.0226888
0.00851094
1.71716
0.165316
0.0264905
0.0128194
1.72212
0.164453
0.021739
0.0105913
1.72144
0.164869
0.02062
0.00652026
1.71891
0.16517
0.0261971
0.00858447
1.72068
0.163018
0.0217006
0.00871936
1.72464
0.166413
0.0243404
0.0100413
1.72061
0.16597
0.0225267
0.0104129
1.72361
0.171436
0.0248835
0.0127297
1.72451
0.164892
0.0234677
0.0109578
1.72368
0.167958
0.0230996
0.012389
1.72527
0.166392
0.0204891
0.0119533
1.72432
0.169105
0.0225374
0.0125731
1.72268
0.163818
0.0208892
0.00936436
1.7231
0.166163
0.0236039
0.0103092
1.72188
0.166821
0.0258087
0.0107933
1.72312
0.166567
0.0286753
0.0129291
1.72382
0.164035
0.0226638
0.010699
1.72488
0.1646
0.0267078
0.0103444
1.72747
0.162815
0.022411
0.00879942
1.72803
0.16606
0.0242174
0.00810252
1.72335
0.167104
0.0214563
0.01154
1.72433
0.168311
0.0264087
0.00721011
1.72575
0.164125
0.0252448
0.0101888
1.7226
0.167967
0.0245566
0.00888546
1.72403
0.162803
0.0233821
0.0128241
1.72898
0.166602
0.0231991
0.00877756
1.72311
0.168443
0.0288758
0.00901384
1.72424
0.166749
0.0260938
0.0101029
1.72628
0.162294
0.0247903
0.0093624
1.72709
0.164536
0.0211169
0.00874465
1.72517
0.168134
0.026174
0.0168291
1.72677
0.166287
0.0229018
0.0102913
1.72421
0.167188
0.0217517
0.00863906
1.72492
0.166698
0.0264073
0.00963982
1.72706
0.16346
0.0240619
0.00909738
1.72408
0.163823
0.0231775
0.010301
1.72534
0.166748
0.0271828
0.00945094
1.72439
0.166209
0.0256781
0.0117123
1.72682
0.166463
0.0245774
0.0106373
1.72473
0.164832
0.0223565
0.00874799
1.72436
0.163484
0.0213971
0.0100315
1.72771
0.165147
0.0220424
0.0126766
1.72615
0.171939
0.021653
0.0101672
1.72684
0.163591
0.024827
0.00964875
1.72722
0.162847
0.0218959
0.00844029
1.72546
0.161685
0.0248242
0.0133749
1.72754
0.165645
0.0219329
0.0116398
1.72485
0.166632
0.020895
0.00904754
1.72924
0.168217
0.0230311
0.00788522
1.72585
0.167317
0.0197637
0.0129016
1.72629
0.164166
0.0188619
0.011516
1.72454
0.166456
0.0274619
0.0112684
1.72468
0.164757
0.0230536
0.00852227
1.72469
0.167407
0.0227687
0.00778925
1.72321
0.164576
0.0252969
0.0101902
1.72645
0.168793
0.0257425
0.0113759
1.72322
0.164682
0.0257169
0.0136533
1.72457
0.165319
0.0223525
0.00804977
1.72438
0.167605
0.0232163
0.00813089
1.72647
0.164185
0.0214018
0.00763451
1.72969
0.167348
0.0227221
0.00959412
1.72636
0.163528
0.0210579
0.0112504
1.72569
0.166717
0.0255159
0.0127578
1.72155
0.165068
0.0250377
0.011854
1.72525
0.162524
0.0269987
0.00914479
1.72479
0.165688
0.024794
0.00758364
1.72638
0.16826
0.0214644
0.00916154
1.72395
0.167198
0.0247807
0.00802095
1.72587
0.167366
0.0262687
0.00648729
1.72591
0.165528
0.021266
0.00811282
1.72454
0.166805
0.0220147
0.010585
1.72552
0.165175
0.0273865
0.00957647
1.72334
0.169439
0.0242039
0.00905191
1.72827
0.166668
0.0214407
0.0112774
1.72261
0.165145
0.0234861
0.00845892
1.72478
0.160566
0.022432
0.00890979
1.72569
0.165991
0.0256638
0.00680384
1.72481
0.164925
0.025329
0.0101765
1.72444
0.16512
0.0266756
0.007463
1.72616
0.164403
0.0213373
0.00951006
1.72849
0.166205
0.025573
0.0135736
1.72184
0.166778
0.022998
0.010887
1.72923
0.164406
0.0204815
0.0131735
1.72422
0.164408
0.0228576
0.0111724
1.72726
0.168586
0.0232252
0.00804102
1.72893
0.168699
0.0223341
0.00882678
1.72452
0.166734
0.0244616
0.0115527
1.7259
0.168318
0.0259306
0.010078
1.72304
0.16539
0.0232608
0.0104965
1.72511
0.165149
0.0226719
0.00974064
1.72657
0.164434
0.0214584
0.0104894
1.72449
0.163923
0.0205054
0.0101284
1.72543
0.162502
0.0224306
0.00866433
1.72737
0.165715
0.0222361
0.00838171
1.72351
0.167383
0.0240683
0.00900076
1.72588
0.165
0.0264312
0.0077048
1.72384
0.163506
0.0238572
0.0101439
1.72355
0.167829
0.0213368
0.0129725
1.72571
0.165716
0.027805
0.0114438
1.72503
0.160972
0.0251834
0.0115586
1.72676
0.161949
0.0213445
0.0148919
1.72521
0.164554
0.0224706
0.0114886
1.72554
0.169848
0.0232503
0.00938168
1.72519
0.165049
0.0226768
0.00942683
1.72817
0.164779
0.0241225
0.00965473
1.72445
0.16577
0.0239771
0.00905281
1.72592
0.162473
0.0244522
0.00872551
1.72363
0.168182
0.0259509
0.00740781
1.72341
0.162925
0.0221024
0.0126692
1.72372
0.16808
0.0251215
0.0124887
1.72512
0.164395
0.0210794
0.0111785
1.72407
0.165112
0.0273507
0.0136934
1.72592
0.165401
0.0235482
0.00869682
1.72626
0.168327
0.0257481
0.00916877
1.7242
0.165397
0.0265788
0.012665
1.72743
0.164527
0.0224487
0.00801166
1.7248
0.164849
0.0226283
0.0118714
1.7244
0.166176
0.0221823
0.0111882
1.72377
0.16578
0.0228052
0.0103607
1.72521
0.163659
0.0234251
0.0081972
1.72198
0.166021
0.0221808
0.0119568
1.72485
0.163372
0.0267202
0.00985347
1.72941
0.159934
0.0237452
0.00973062
1.72409
0.166427
0.0246311
0.0124014
1.72538
0.164709
0.0229823
0.0106694
1.72436
0.161978
0.0236374
0.00996857
1.72495
0.167068
0.0262534
0.0115372
1.72302
0.166831
0.0268262
0.010922
1.72533
0.16549
0.0210072
0.00896838
1.72335
0.161728
0.0253502
0.0125077
1.72727
0.163708
0.0248626
0.0109528
1.7297
0.166374
0.0207752
0.00830306
1.7258
0.165986
0.0262279
0.0115272
1.72555
0.163956
0.0274353
0.00957824
1.72534
0.166929
0.0249126
0.0141549
1.72556
0.161505
0.0229852
0.00826906
1.72445
0.165366
0.0222195
0.00885125
1.72596
0.168892
0.021689
0.00953232
1.72458
0.16517
0.0233133
0.00952653
1.72611
0.163879
0.0269526
0.0106787
1.72502
0.166504
0.0245992
0.00932811
1.72568
0.164425
0.0218009
0.010546
1.72485
0.166465
0.0269801
0.0085768
1.72871
0.164152
0.0214481
0.00922272
1.72759
0.16261
0.0241412
0.0112378
1.72385
0.165507
0.023267
0.0137715
1.72386
0.164937
0.0217678
0.0082331
1.72592
0.167827
0.0225615
0.010693
1.72493
0.16421
0.0229229
0.00989949
1.72292
0.164451
0.0191433
0.00844634
1.72306
0.167653
0.0248319
0.0105603
1.72828
0.165702
0.0251959
0.0118565
1.72622
0.167146
0.0232191
0.0109821
1.72528
0.161611
0.0229434
0.0114019
1.72506
0.167523
0.0277087
0.0112447
1.7234
0.169285
0.0236104
0.00934427
1.72536
0.164949
0.0222344
0.00962116
1.72542
0.166968
0.0233313
0.0118601
1.72491
0.163106
0.0256865
0.00984037
1.72731
0.163348
0.0216988
0.0145375
1.72553
0.167986
0.0221871
0.00945722
1.72557
0.166177
0.0212538
0.01337
1.72481
0.168216
0.0241445
0.0081287
1.72341
0.162986
0.0210753
0.00591498
1.72617
0.16673
0.0229574
0.0104554
1.72611
0.165569
0.0251021
0.0119062
1.72564
0.162843
0.0214443
0.00962313
1.72604
0.162531
0.0220906
0.0119956
1.72645
0.165981
0.0224641
0.00914334
1.72359
0.165428
0.0227474
0.00659844
1.72786
0.163857
0.0249666
0.00999952
1.7247
0.16357
0.0263492
0.0113791
1.72511
0.161946
0.0245182
0.00924576
1.72744
0.162946
0.0268249
0.0125228
1.72512
0.167005
0.0241218
0.00961932
1.7268
0.163772
0.0266702
0.00743996
1.72733
0.164021
0.0256763
0.00987661
1.72874
0.166723
0.0242855
0.0110422
1.72735
0.166771
0.023075
0.00956608
1.72419
0.168835
0.023786
0.012751
1.72422
0.162396
0.0203473
0.00792261
1.72515
0.166594
0.0267454
0.00768004
1.72471
0.166656
0.0253153
0.00837091
1.72459
0.166433
0.0251963
0.011174
1.72238
0.169454
0.0222264
0.0121705
1.72797
0.167613
0.0209521
0.00668979
1.72889
0.166196
0.0240316
0.0128554
1.72453
0.164126
0.0231353
0.0125907
1.72432
0.164457
0.0221375
0.00923255
1.72608
0.164976
0.0220673
0.0103421
1.72565
0.165844
0.024272
0.0078057
1.72685
0.16853
0.0224724
0.00883927
1.72543
0.167557
0.0264655
0.0109276
1.72578
0.163963
0.0204247
0.00867345
1.72483
0.165073
0.0244921
0.0125308
1.72443
0.163262
0.0275441
0.00862578
1.72409
0.161525
0.0268501
0.0111546
1.72627
0.167419
0.0223519
0.00993783
1.72536
0.170278
0.0207558
0.00777041
1.72213
0.162938
0.023495
0.0105442
1.72614
0.1677
0.0275072
0.0119319
1.72444
0.164352
0.024848
0.0116992
1.72424
0.16966
0.0262245
0.00749797
1.72553
0.162491
0.0207033
0.0106982
1.72446
0.163063
0.0242792
0.0139015
1.72721
0.163292
0.0236347
0.0115157
1.7263
0.164775
0.0230009
0.00986782
1.72274
0.165777
0.0221082
0.00613411
1.7241
0.165449
0.0232251
0.0093621
1.72403
0.16368
0.0265919
0.0127093
1.72443
0.165452
0.0229692
0.00839289
1.72595
0.163997
0.0244751
0.0100886
1.72836
0.162861
0.0232029
0.0120636
1.72387
0.166058
0.0269446
0.00779735
1.72356
0.164191
0.0258208
0.0115792
1.72736
0.162352
0.0253345
0.00797705
1.72467
0.169476
0.0224275
0.0105129
1.72457
0.166456
0.020604
0.00860691
1.72637
0.164843
0.0241974
0.00889532
1.72506
0.16416
0.0242656
0.0100448
1.72332
0.167695
0.0260982
0.0089267
1.72053
0.16294
0.0236124
0.00892264
1.72704
0.162895
0.0208006
0.010012
1.72448
0.162793
0.0228441
0.00881534
1.72779
0.165122
0.0244626
0.0100381
1.72466
0.164767
0.0244254
0.008499
1.72245
0.160986
0.0219929
0.0105359
1.72263
0.165831
0.0264478
0.00917874
1.72385
0.162582
0.0238622
0.0114682
1.72582
0.160788
0.0224805
0.00875578
1.72701
0.162122
0.0235426
0.00912948
1.72774
0.167084
0.0236352
0.00956584
1.72503
0.165943
0.0212007
0.00735896
1.72431
0.164981
0.0235791
0.0127717
1.72513
0.167005
0.0226279
0.00855827
1.72647
0.165809
0.022223
0.0104555
1.72306
0.1645
0.0233556
0.0108195
1.72613
0.168032
0.025924
0.0132536
1.72402
0.166213
0.0225837
0.010491
1.72528
0.166017
0.0278874
0.0098763
1.7262
0.165396
0.025214
0.0102972
1.72574
0.164998
0.0218308
0.00896643
1.72371
0.163488
0.022234
0.00839038
1.72454
0.166825
0.0249665
0.010337
1.72666
0.165839
0.0242126
0.0137445
1.72466
0.165057
0.0235731
0.00997958
1.72326
0.168277
0.0197279
0.00895472
1.72568
0.164075
0.0253236
0.0106692
1.72414
0.165583
0.0241234
0.0108995
1.72448
0.165666
0.0256094
0.00941611
1.7262
0.163668
0.0258654
0.0107302
1.72558
0.163004
0.0269429
0.00714022
1.72241
0.166428
0.0304581
0.010258
1.72495
0.167101
0.0265312
0.0117383
1.72643
0.164654
0.0244312
0.0154326
1.72619
0.166807
0.0210404
0.00983325
1.72515
0.166477
0.0250614
0.0116949
1.72456
0.16748
0.0240637
0.00904082
1.72447
0.164488
0.0247596
0.0104866
1.72765
0.167317
0.0256563
0.0103804
1.72422
0.162436
0.0292467
0.0111884
1.72109
0.165124
0.0246284
0.00782948
1.72703
0.166731
0.0255689
0.0100372
1.7244
0.16363
0.0274823
0.00859175
1.72722
0.164755
0.0253711
0.011103
1.72773
0.166107
0.0205393
0.00929517
1.7241
0.164999
0.0257552
0.0107293
1.72588
0.169251
0.0257076
0.00840998
1.72756
0.163782
0.0230999
0.0122694
1.7232
0.163964
0.0238552
0.00946657
1.72518
0.167437
0.0216248
0.0102723
1.72545
0.167484
0.0253575
0.0138015
1.72405
0.163631
0.0241226
0.00902622
1.72322
0.165228
0.0249818
0.00832515
1.72443
0.165794
0.0241461
0.00987047
1.72546
0.167798
0.0203667
0.0106096
1.72683
0.164821
0.0213984
0.00991694
1.72703
0.167926
0.0241976
0.0101537
1.72394
0.164391
0.0247119
0.00874753
1.72461
0.163995
0.0230171
0.00995901
1.72687
0.162122
0.0255862
0.00706793
1.72505
0.16368
0.0215436
0.00848771
1.72888
0.169966
0.0253338
0.00642521
1.72829
0.165493
0.0214131
0.00811289
1.72541
0.163699
0.0233517
0.010928
1.72452
0.164785
0.024975
0.00931654
1.72351
0.166801
0.028573
0.0115057
1.72691
0.164675
0.021752
0.0121316
1.72445
0.165142
0.0230064
0.0119966
1.72577
0.161297
0.0213079
0.0102601
1.7247
0.16216
0.0225477
0.0101223
1.72518
0.162983
0.0250488
0.0104013
1.72724
0.165602
0.0256505
0.0116922
1.72454
0.167354
0.0242836
0.0130061
1.72402
0.166167
0.0232838
0.0115576
1.72568
0.164696
0.0243697
0.0106294
1.72581
0.163588
0.0219384
0.0110124
1.72406
0.168023
0.0248044
0.00870966
1.72411
0.162834
0.021315
0.00936917
1.72703
0.165148
0.0218399
0.0101119
1.72396
0.167936
0.026122
0.00745013
1.72381
0.163421
0.0219635
0.00880523
1.72662
0.165565
0.0280513
0.0113218
1.72836
0.167253
0.0259925
0.0124617
1.72339
0.164884
0.0231385
0.00939835
1.72423
0.163606
0.0231768
0.0143207
1.725
0.165567
0.0230732
0.0137325
1.7235
0.165841
0.0240006
0.0101446
1.72747
0.165275
0.01905
0.00890582
1.72435
0.162616
0.0245119
0.00941664
1.72663
0.162856
0.0234047
0.0102293
1.72267
0.16909
0.0257575
0.0103292
1.7248
0.16393
0.0246761
0.0100104
1.72487
0.168027
0.0236139
0.0112739
1.72427
0.163685
0.0206159
0.00931334
1.72722
0.166747
0.027537
0.00800669
1.72215
0.163033
0.0230551
0.0095573
1.72878
0.163298
0.0266677
0.00913322
1.72294
0.167202
0.0258945
0.010839
1.72662
0.162233
0.0242276
0.0125317
1.72571
0.163352
0.0267851
0.0106219
1.72488
0.164648
0.0229939
0.00968338
1.7243
0.164386
0.0245351
0.0136991
1.72394
0.165929
0.025389
0.00873505
1.72565
0.165139
0.0239898
0.0105704
1.72427
0.162606
0.0249797
0.0119472
1.728
0.166592
0.0229139
0.00654577
1.72695
0.163804
0.0221172
0.0101432
1.72514
0.162429
0.0257257
0.00933825
1.72591
0.164441
0.0216427
0.00977908
1.72721
0.164649
0.0247893
0.00840717
1.72619
0.165908
0.0240384
0.00880898
1.72578
0.16724
0.024836
0.00806806
1.72408
0.165969
0.0254954
0.00910607
1.72592
0.165934
0.0218389
0.00793226
1.72361
0.166709
0.0235287
0.00946674
1.72467
0.163678
0.0249004
0.0110339
1.72657
0.165638
0.0300694
0.0123471
1.725
0.165471
0.0263021
0.0131057
1.72333
0.165724
0.0230962
0.00990843
1.72387
0.169211
0.0230682
0.0102515
1.72807
0.168353
0.0246251
0.00940583
1.72399
0.168589
0.0227403
0.010282
1.72746
0.163227
0.027201
0.00947887
1.72553
0.162455
0.0219184
0.0127815
1.72785
0.163846
0.0233856
0.0132204
1.72755
0.166514
0.0265959
0.0124333
1.72602
0.164869
0.0216962
0.0103514
1.72682
0.169009
0.0247227
0.0105279
1.72676
0.164719
0.0215991
0.00871446
1.7258
0.165116
0.0239981
0.0129761
1.72708
0.169039
0.0223815
0.0120269
1.72476
0.163174
0.0224155
0.0109348
1.72614
0.169604
0.0249903
0.0118796
1.72347
0.167321
0.0244966
0.0107603
1.72601
0.1623
0.0245357
0.0105324
1.72524
0.162196
0.0256975
0.00886198
1.72422
0.168105
0.023467
0.00995536
1.72611
0.16803
0.0254012
0.00990793
1.72546
0.167943
0.0265401
0.0115545
1.72684
0.16587
0.0241728
0.0111576
1.72508
0.16407
0.0217141
0.0102354
1.72497
0.165114
0.0227843
0.0102856
1.72542
0.163788
0.0257251
0.0137313
1.72675
0.165931
0.0210891
0.0111064
1.72577
0.165575
0.0217946
0.00996446
1.72457
0.164965
0.0236694
0.00876215
1.72684
0.166779
0.0223859
0.00829205
1.7271
0.165004
0.0262439
0.0102468
1.72655
0.163159
0.0275335
0.00926056
1.72392
0.167161
0.0239732
0.0131963
1.72406
0.166139
0.0237301
0.00815247
1.72481
0.169935
0.0236649
0.0112201
1.72729
0.167659
0.024422
0.0100218
1.72352
0.164001
0.0241795
0.00816721
1.72734
0.164384
0.0211765
0.0125242
1.72827
0.16729
0.022179
0.0110601
1.72353
0.16452
0.028686
0.00580241
1.72559
0.167022
0.0239905
0.00747582
1.72613
0.166565
0.0237758
0.00747794
1.72679
0.163946
0.0234079
0.0119989
1.72383
0.167178
0.02302
0.00826254
1.72483
0.162096
0.0235952
0.0122541
1.72536
0.164409
0.0237239
0.00884553
1.72421
0.163753
0.0198232
0.0115031
1.72337
0.163399
0.0233417
0.00973052
1.72437
0.165515
0.0222103
0.0105054
1.72811
0.167687
0.0244593
0.00998141
1.72727
0.167565
0.0230868
0.00983167
1.72564
0.164332
0.0245617
0.0088581
1.72615
0.16649
0.0245293
0.00878896
1.72685
0.171567
0.027232
0.0110511
1.72489
0.167203
0.0211595
0.0105622
1.72554
0.164461
0.0224111
0.011146
1.72421
0.165575
0.0263269
0.0137824
1.72517
0.166579
0.0240477
0.0115712
1.72497
0.164591
0.023398
0.00659397
1.72416
0.165049
0.0266142
0.00949531
1.72644
0.167869
0.0252786
0.0108699
1.72516
0.163308
0.0238631
0.0115167
1.7274
0.163828
0.0247244
0.00710505
1.72654
0.166996
0.022813
0.0102844
1.72327
0.16664
0.0250919
0.0103915
1.72704
0.164714
0.0245254
0.00924328
1.72732
0.164752
0.0216818
0.00837308
1.7235
0.166247
0.0238316
0.0105362
1.7266
0.164316
0.0273725
0.0103524
1.72447
0.162992
0.0247666
0.00819301
1.72553
0.165106
0.0235453
0.00893848
1.72639
0.164467
0.0211667
0.011724
1.7251
0.163214
0.0217496
0.00867118
1.72581
0.168129
0.0263303
0.0128176
1.72567
0.16419
0.0241848
0.0125601
1.72334
0.165261
0.0221004
0.012441
1.72542
0.169474
0.0241935
0.00685969
1.72577
0.165984
0.0241471
0.014469
1.72656
0.164549
0.0253925
0.0102256
1.72804
0.166091
0.0255575
0.0107228
1.72913
0.165169
0.0254517
0.0100903
1.72655
0.166408
0.0215929
0.0107109
1.72527
0.168137
0.0255481
0.00964414
1.72692
0.168032
0.0263948
0.0107327
1.72478
0.166313
0.023692
0.0101688
1.7283
0.161892
0.0212689
0.00747908
1.72543
0.165061
0.0191506
0.00784761
1.72801
0.170774
0.0238748
0.0133073
1.7242
0.165666
0.0215381
0.0115936
1.72803
0.165129
0.0251465
0.00787678
1.72473
0.166023
0.0265211
0.0106156
1.72615
0.163661
0.0223253
0.00613859
1.72324
0.162544
0.0212549
0.00866495
1.72479
0.164318
0.0232108
0.00963714
1.72576
0.167109
0.0272353
0.0109702
1.72442
0.164763
0.0229158
0.00689418
1.72477
0.16666
0.0226768
0.00697445
1.72518
0.167028
0.0209886
0.00913963
1.72731
0.1694
0.0247848
0.0139442
1.72785
0.161337
0.02492
0.0102708
1.72302
0.164341
0.0208573
0.0110932
1.72856
0.165684
0.0210116
0.00815076
1.72334
0.165969
0.0224819
0.00861053
1.72631
0.165148
0.0212181
0.00798375
1.72479
0.165036
0.0198671
0.00692217
1.7241
0.167378
0.0227595
0.00627046
1.72658
0.166251
0.0212798
0.00885067
1.72452
0.162493
0.0233294
0.00761976
1.72474
0.166472
0.0253602
0.013319
1.7272
0.166455
0.0252588
0.0105814
1.72397
0.165089
0.023309
0.0103116
1.72585
0.16734
0.0284396
0.00936443
1.7236
0.163505
0.0231319
0.0119002
1.7251
0.16418
0.0262258
0.0102996
1.72545
0.170776
0.0242299
0.00932436
1.72469
0.168881
0.0232666
0.010977
1.72463
0.1665
0.0229082
0.00928374
1.72675
0.164179
0.0262465
0.0143774
1.72424
0.168937
0.0235246
0.010537
1.72695
0.163697
0.0230287
0.011789
1.72379
0.164259
0.0249076
0.0125881
1.72504
0.167718
0.0222453
0.0113982
1.7259
0.163225
0.0230879
0.0125195
1.72628
0.166101
0.0220976
0.00969465
1.72545
0.167416
0.0254965
0.00837182
1.72686
0.166451
0.0217669
0.0115008
1.72614
0.166589
0.0231697
0.0109661
1.72824
0.168835
0.026643
0.011078
1.7219
0.161352
0.0244172
0.0079521
1.72324
0.163328
0.0242333
0.00873998
1.7237
0.165829
0.0202387
0.0086478
1.72655
0.166307
0.0269466
0.010944
1.72469
0.16344
0.0214761
0.00922021
1.72619
0.166276
0.0247867
0.0125261
1.72775
0.164505
0.0263143
0.00852578
1.72581
0.16846
0.0248859
0.0109158
1.72613
0.166475
0.0251337
0.00965741
1.72442
0.168957
0.0210345
0.0124159
1.72648
0.16527
0.0249688
0.00705026
1.72654
0.166437
0.0228783
0.0145071
1.72661
0.166143
0.0204662
0.0102752
1.73134
0.160505
0.0246231
0.0109502
1.72616
0.168068
0.0264813
0.00895622
1.72591
0.165659
0.0252332
0.00897889
1.72599
0.164089
0.0249221
0.0113576
1.72796
0.165737
0.0260404
0.0113872
1.72433
0.165432
0.0243168
0.00772801
1.72523
0.165822
0.0218602
0.00906351
1.72463
0.168176
0.0263615
0.0114735
1.72701
0.169201
0.0256815
0.00742734
1.72289
0.162259
0.0225971
0.010762
1.72582
0.168255
0.0249629
0.00856318
1.72575
0.166368
0.0242767
0.00787883
1.72378
0.16846
0.02376
0.00946684
1.72447
0.163364
0.0199253
0.00736733
1.72513
0.163897
0.0245515
0.00598155
1.7243
0.16517
0.021497
0.00839673
1.72724
0.1701
0.0221865
0.0100258
1.72244
0.161935
0.024141
0.0102247
1.72808
0.166538
0.0255355
0.00928254
1.72516
0.16425
0.0240696
0.0120764
1.72288
0.165867
0.0236379
0.0107279
1.72537
0.167048
0.0235869
0.010415
1.72568
0.16793
0.0231117
0.012365
1.72462
0.164488
0.0224491
0.0115182
1.72319
0.170246
0.024576
0.00841951
1.72584
0.161452
0.0260457
0.00732534
1.72555
0.165839
0.0255523
0.0107661
1.72679
0.163925
0.0232515
0.0085146
1.72526
0.163146
0.0245419
0.00669035
1.7245
0.167122
0.024854
0.0115648
1.72646
0.162449
0.0246579
0.0130467
1.72747
0.168113
0.02266
0.010705
1.72617
0.165844
0.0250278
0.00812644
1.72678
0.164617
0.0232924
0.0131346
1.72472
0.167636
0.0234939
0.00618524
1.72585
0.163517
0.0225121
0.00803452
1.72593
0.167766
0.0240207
0.00848917
1.72512
0.165109
0.0240243
0.0116478
1.72364
0.163549
0.0229733
0.00984896
1.7241
0.166942
0.0213747
0.0103593
1.72521
0.163527
0.0227413
0.0108464
1.72756
0.162778
0.0292149
0.0124631
1.72415
0.163445
0.0245517
0.0141687
1.72473
0.167059
0.0264208
0.00751035
1.72408
0.164889
0.0210467
0.0127843
1.72569
0.165226
0.0233141
0.00999733
1.72403
0.164537
0.023021
0.00727145
1.72833
0.166774
0.0260422
0.0106107
1.72592
0.16561
0.0256966
0.0110858
1.72476
0.16424
0.0241947
0.0134136
1.72544
0.165807
0.0236485
0.00910501
1.7263
0.163847
0.0245842
0.00973168
1.7266
0.170361
0.0279023
0.0100248
1.72373
0.167744
0.0256477
0.0101911
1.72615
0.168773
0.0237563
0.00817571
1.7235
0.16792
0.0262378
0.00875381
1.72531
0.165974
0.0234943
0.011671
1.72256
0.165848
0.0241947
0.0109404
1.72724
0.168322
0.0236547
0.00854227
1.72558
0.166994
0.0228073
0.00827191
1.72719
0.1672
0.0255172
0.0100598
1.7258
0.168268
0.0234064
0.0127233
1.72381
0.16559
0.0228894
0.00972134
1.72691
0.166382
0.0251548
0.0105267
1.72379
0.16222
0.0223458
0.00603578
1.72424
0.164546
0.0241983
0.0127933
1.72615
0.164923
0.0206189
0.00666629
1.72586
0.167375
0.0238668
0.0107659
1.72412
0.164878
0.0218166
0.0105353
1.72697
0.164682
0.0230367
0.0116756
1.72508
0.161314
0.0245588
0.0121019
1.72681
0.167818
0.0248514
0.00656051
1.72601
0.166897
0.0252505
0.00917103
1.7239
0.165439
0.0223308
0.0130881
1.72569
0.163414
0.022863
0.0102001
1.72574
0.16709
0.0273755
0.0102236
1.72497
0.164088
0.0251526
0.00743694
1.72398
0.163358
0.0217578
0.0118748
1.72536
0.163374
0.0259494
0.00694153
1.72536
0.165022
0.0225162
0.00959184
1.72654
0.167477
0.0277869
0.0124646
1.72651
0.168085
0.0244573
0.00965833
1.72526
0.164291
0.0255168
0.009929
1.72603
0.1642
0.0210916
0.0101875
1.72779
0.166485
0.0238121
0.00970801
1.72254
0.1635
0.0229682
0.0122616
1.72696
0.164879
0.0259607
0.00717506
1.72617
0.163361
0.0249117
0.0147042
1.72694
0.16698
0.0271069
0.0091592
1.72544
0.163817
0.0223472
0.00884528
1.72542
0.166933
0.0225892
0.0103862
1.72562
0.165082
0.023106
0.00767684
1.72505
0.161728
0.0221292
0.0104124
1.72392
0.169188
0.0263016
0.00867441
1.72456
0.164661
0.0186883
0.00998812
1.72523
0.165583
0.0224485
0.0076268
1.72918
0.162723
0.0245648
0.0106753
1.72811
0.170431
0.0236403
0.00902373
1.72541
0.164091
0.0238122
0.0101125
1.72371
0.165201
0.0259201
0.00791212
1.72575
0.165155
0.0240401
0.0101599
1.72463
0.166802
0.0211002
0.0117731
1.72535
0.166159
0.0265634
0.0103116
1.72276
0.166648
0.0238924
0.00972482
1.72617
0.164193
0.0235175
0.0107864
1.7294
0.162724
0.0242275
0.011444
1.72673
0.161041
0.0276929
0.0103976
1.72539
0.166804
0.020182
0.0119897
1.72543
0.169517
0.021562
0.0109822
1.72714
0.172033
0.0241596
0.010979
1.72673
0.166534
0.0223539
0.0125698
1.72537
0.163662
0.0204446
0.00898982
1.72644
0.164354
0.0225636
0.0101581
1.72235
0.164622
0.0277651
0.0132091
1.73006
0.167384
0.0244025
0.0124807
1.72609
0.164977
0.0250607
0.0102756
1.72466
0.163
0.0207815
0.00905258
1.72589
0.165688
0.0263368
0.0102612
1.72436
0.167846
0.027916
0.0106869
1.72466
0.167134
0.0254021
0.0106465
1.72434
0.166967
0.02606
0.00885678
1.72597
0.167885
0.0263985
0.00766405
1.72532
0.165679
0.0246655
0.0081591
1.72319
0.165433
0.0262516
0.00971761
1.72696
0.164903
0.0190216
0.0116318
1.72618
0.162434
0.0220061
0.00812536
1.72499
0.165034
0.0279125
0.010082
1.72507
0.164582
0.0232663
0.0116897
1.72561
0.167984
0.0241145
0.0102511
1.72617
0.167788
0.0242949
0.00837488
1.72915
0.166418
0.0210322
0.00795544
1.72659
0.165496
0.0230654
0.00774658
1.72395
0.16497
0.0250315
0.00986491
1.72863
0.165783
0.0244222
0.00881925
1.72505
0.167968
0.0221994
0.00878036
1.72626
0.167134
0.0265468
0.0115238
1.7252
0.16407
0.0213701
0.0105218
1.72546
0.167903
0.0223788
0.0124552
1.72534
0.160933
0.0204257
0.00962309
1.72508
0.164535
0.0267831
0.0112851
1.72942
0.161062
0.0222126
0.0104241
1.72446
0.166436
0.0228652
0.0132422
1.72558
0.164948
0.0221756
0.0124952
1.72226
0.164385
0.0233287
0.0097566
1.7257
0.164157
0.0218133
0.0106686
1.72601
0.164109
0.0228117
0.0103461
1.72367
0.167437
0.0255872
0.012262
1.72737
0.163379
0.0255479
0.00930941
1.72544
0.165438
0.0215836
0.00932418
1.72411
0.166706
0.0233994
0.00803425
1.72475
0.161881
0.0241288
0.0127275
1.72422
0.165615
0.0256396
0.00901558
1.72893
0.164351
0.0269339
0.00995745
1.72429
0.16431
0.0226495
0.0103982
1.72583
0.16734
0.0235018
0.00798591
1.72283
0.16278
0.0266245
0.00783488
1.72494
0.165071
0.0228055
0.0116276
1.72773
0.164885
0.0224322
0.0129277
1.72361
0.165558
0.0251988
0.00759358
1.72517
0.162465
0.0251563
0.0104359
1.72671
0.165179
0.0214927
0.0109256
1.72606
0.162531
0.0226765
0.00783404
1.72544
0.163888
0.0203997
0.0117879
1.72382
0.168459
0.021822
0.0134534
1.72508
0.16338
0.0204428
0.01063
1.72697
0.164877
0.0256795
0.00953547
1.72611
0.16209
0.0220997
0.00889146
1.72559
0.171142
0.0270975
0.00873303
1.72639
0.167222
0.0249921
0.00816357
1.72596
0.164782
0.0219285
0.00915506
1.72619
0.16577
0.0222453
0.00824101
1.72341
0.164614
0.0240838
0.011164
1.7286
0.165393
0.0228019
0.00853867
1.72646
0.165045
0.0224707
0.00950818
1.72521
0.165426
0.0253356
0.0115176
1.72318
0.165932
0.0259477
0.0115982
1.7241
0.164894
0.0280138
0.00953512
1.72507
0.16585
0.0259484
0.0114216
1.72377
0.162131
0.0237451
0.0104795
1.72809
0.165186
0.0276355
0.0120908
1.72887
0.170553
0.0230872
0.0112477
1.72752
0.165811
0.0251949
0.011109
1.72695
0.164847
0.0274688
0.0101801
1.72431
0.164934
0.0232037
0.0111736
1.7245
0.16255
0.0234846
0.00665359
1.72793
0.16719
0.0230693
0.0109638
1.72419
0.163538
0.0217017
0.0124729
1.72372
0.163623
0.020293
0.0103488
1.72632
0.16666
0.0247598
0.0118436
1.72357
0.164666
0.0261583
0.0119153
1.72627
0.162215
0.0222361
0.00957189
1.72587
0.165755
0.0237444
0.00673752
1.7247
0.165591
0.0251949
0.0115948
1.72481
0.162173
0.023248
0.011228
1.724
0.165353
0.0279986
0.0110246
1.72485
0.162908
0.0248274
0.00942208
1.7267
0.16801
0.0205174
0.00833454
1.72749
0.166441
0.0254697
0.00864929
1.7271
0.166327
0.0216988
0.0114553
1.72446
0.166919
0.0261274
0.0123354
1.72411
0.166845
0.0268021
0.00797375
1.72602
0.166571
0.0266817
0.0101164
1.72347
0.169057
0.0239875
0.0114667
1.72426
0.163382
0.0245626
0.0138116
1.72567
0.166386
0.0261271
0.0112024
1.72612
0.166958
0.0246713
0.00857336
1.72684
0.167513
0.0233525
0.0108991
1.72597
0.165258
0.0267011
0.0100672
1.72558
0.170642
0.0236178
0.0117627
1.72637
0.166604
0.0276449
0.00929178
1.72557
0.169283
0.0246394
0.0100314
1.72414
0.166242
0.0235946
0.0109213
1.72659
0.163252
0.0266922
0.0115968
1.72491
0.164187
0.0200885
0.00959527
1.72267
0.166187
0.024978
0.0111283
1.72308
0.165011
0.0243103
0.00922712
1.72485
0.164834
0.0221671
0.0104705
1.72611
0.168994
0.0220964
0.0124082
1.72402
0.166117
0.0227166
0.0115176
1.72479
0.162915
0.0228778
0.00940708
1.72619
0.166914
0.0233523
0.00925005
1.72691
0.16547
0.0240812
0.0103934
1.7271
0.164642
0.026667
0.00686548
1.7262
0.16603
0.0207807
0.00970435
1.7268
0.165619
0.025309
0.010797
1.72852
0.164991
0.0221481
0.00956579
1.72453
0.169473
0.0240569
0.010573
1.72475
0.166879
0.0249998
0.015135
1.72558
0.162849
0.0238307
0.00822908
1.72642
0.167787
0.0204232
0.00900386
1.72488
0.1643
0.0237304
0.00890768
1.72493
0.167199
0.0221392
0.0118428
1.72542
0.163884
0.0235156
0.011825
1.72472
0.163988
0.0250856
0.0120589
1.7283
0.168978
0.0232923
0.00828352
1.72382
0.162138
0.0251196
0.011165
1.72611
0.165147
0.0224843
0.00724594
1.72661
0.16697
0.0257264
0.00755981
1.7259
0.163906
0.0258341
0.011028
1.72687
0.167881
0.020938
0.00952776
1.72672
0.167499
0.0238543
0.00926642
1.72635
0.167566
0.0238458
0.0142895
1.72654
0.168779
0.0229567
0.0114939
1.7269
0.167009
0.0219047
0.00866994
1.72509
0.167488
0.0241276
0.0062307
1.7247
0.167966
0.0252915
0.0120625
1.72617
0.166059
0.0212259
0.0118195
1.72542
0.169807
0.0235134
0.0116373
1.7267
0.165293
0.0232565
0.0112908
1.72327
0.165853
0.0211386
0.0078617
1.72647
0.165657
0.0241992
0.010399
1.72656
0.163362
0.0226752
0.011383
1.72809
0.164383
0.0259722
0.0105833
1.72505
0.164931
0.0246382
0.0128817
1.72838
0.165263
0.0227354
0.0111695
1.7261
0.164695
0.0248004
0.0100041
1.72657
0.164075
0.0233703
0.00974424
1.72877
0.165831
0.0230038
0.0126608
1.72683
0.167458
0.0221338
0.00785505
1.72626
0.163205
0.0251762
0.00927819
1.72528
0.165079
0.0290426
0.00980703
1.72998
0.16354
0.0219446
0.00886313
1.7248
0.167293
0.0227622
0.00825462
1.7289
0.16803
0.0233446
0.00897955
1.72571
0.166697
0.0268765
0.00942189
1.72658
0.163723
0.0221142
0.00827827
1.72402
0.164894
0.0218619
0.0110317
1.72725
0.164449
0.0223456
0.00776206
1.72573
0.167563
0.0230806
0.0113921
1.72761
0.167912
0.0247163
0.0103938
1.7239
0.162672
0.0224637
0.01104
1.72559
0.167386
0.0274013
0.00882761
1.7251
0.162265
0.0209924
0.012883
1.72485
0.165633
0.025753
0.0116988
1.72632
0.162831
0.0266054
0.0108702
1.72619
0.164985
0.0258501
0.0105563
1.72678
0.1658
0.0257079
0.00934048
1.72452
0.161696
0.025215
0.00998094
1.72535
0.167537
0.027796
0.0101969
1.72667
0.165732
0.0259117
0.00888913
1.72503
0.165355
0.0196749
0.0101775
1.72615
0.166704
0.0241773
0.00976616
1.72787
0.165738
0.0278396
0.0115723
1.7277
0.166219
0.0212198
0.0111648
1.72547
0.167712
0.022942
0.00820575
1.72393
0.163176
0.0222053
0.011027
1.72641
0.166746
0.0221872
0.0116868
1.72567
0.166628
0.0243105
0.0115745
1.72951
0.162588
0.0223531
0.0104388
1.72249
0.16464
0.0250609
0.0101563
1.72746
0.164415
0.0213157
0.00791731
1.72691
0.167684
0.0312945
0.0143046
1.72318
0.163228
0.025373
0.0107081
1.72523
0.163987
0.0243608
0.0087179
1.72279
0.163373
0.0252465
0.00948006
1.72752
0.165805
0.0219216
0.010757
1.72542
0.162202
0.0255545
0.0132076
1.72489
0.163124
0.0236807
0.00925727
1.72366
0.164942
0.0243423
0.0119232
1.7265
0.168332
0.0263717
0.0102664
1.72458
0.162519
0.021969
0.0141883
1.72481
0.16429
0.0231443
0.00909344
1.72433
0.167595
0.0241319
0.00884878
1.72715
0.167947
0.0256282
0.0104342
1.72687
0.164502
0.0232748
0.0131815
1.72555
0.165507
0.0237285
0.0114255
1.72743
0.163706
0.0264329
0.0113499
1.72264
0.169087
0.0268883
0.0095166
1.72679
0.168365
0.0205854
0.00842244
1.72508
0.169047
0.0251148
0.00886549
1.72624
0.166558
0.0220981
0.0092743
1.72226
0.166114
0.0268491
0.0108413
1.72449
0.164937
0.0228583
0.00859001
1.72465
0.165433
0.0218701
0.009969
1.72616
0.169639
0.0267156
0.0101402
1.72548
0.161223
0.024851
0.0104251
1.72366
0.163746
0.0216169
0.00763298
1.7241
0.165836
0.0255078
0.0105971
1.72716
0.161393
0.0213272
0.00944191
1.72771
0.163429
0.0234812
0.0109624
1.72657
0.164099
0.0244628
0.0106166
1.72598
0.163578
0.027629
0.00783156
1.72467
0.16787
0.02571
0.00968762
1.72637
0.169407
0.0275634
0.00864914
1.72702
0.168574
0.0244004
0.00780703
1.72616
0.164153
0.0231112
0.00848156
1.72518
0.166512
0.025508
0.013571
1.72489
0.166102
0.0228883
0.00840748
1.72461
0.167374
0.0215234
0.0123711
1.72574
0.165933
0.0265109
0.011218
1.72545
0.1624
0.0213718
0.0089121
1.72319
0.162884
0.0275225
0.00703861
1.72587
0.170157
0.0293289
0.0115063
1.72409
0.168414
0.0218836
0.00882711
1.72736
0.165586
0.0225647
0.00883381
1.72342
0.160943
0.0215112
0.00815906
1.72602
0.168521
0.0227718
0.00839587
1.7256
0.169521
0.0277968
0.0117821
1.72544
0.165004
0.0226597
0.00883272
1.72714
0.166266
0.0261849
0.0142411
1.72666
0.170989
0.0241313
0.0123466
1.72642
0.167356
0.024474
0.00917006
1.72442
0.163364
0.0245474
0.0120765
1.72898
0.165666
0.0220741
0.00903309
1.72666
0.167618
0.0255133
0.0125717
1.72366
0.16632
0.0212104
0.0083508
1.72367
0.167169
0.0210471
0.00859798
1.72873
0.169982
0.0215228
0.0100134
1.72869
0.164441
0.0242288
0.00899435
1.72451
0.165091
0.0233675
0.0116757
1.72391
0.165396
0.0258552
0.0142881
1.72581
0.167047
0.0277123
0.00999204
1.72366
0.163351
0.0242762
0.0092082
1.72204
0.16492
0.0246338
0.0102549
1.72448
0.164652
0.0245625
0.0135432
1.72417
0.169717
0.0239297
0.0116643
1.72549
0.166919
0.0219447
0.0102053
1.72396
0.162622
0.0225183
0.00963036
1.72757
0.168817
0.0249399
0.0117922
1.7269
0.168057
0.0235175
0.0116873
1.72406
0.164075
0.0249318
0.0133142
1.72688
0.165733
0.0233739
0.00870348
1.73002
0.165487
0.0247303
0.0104172
1.72676
0.166932
0.0246188
0.00746285
1.72463
0.162744
0.0228168
0.0076244
1.72452
0.164321
0.0206115
0.0120485
1.7262
0.16609
0.0256255
0.010835
1.723
0.163761
0.0227234
0.00868918
1.72507
0.165593
0.0303832
0.0108987
1.72494
0.165839
0.025767
0.0124542
1.72817
0.164895
0.0250941
0.0122619
1.72584
0.166552
0.0259017
0.0131208
1.72767
0.16853
0.0271736
0.0156715
1.7243
0.163233
0.0235239
0.00863817
1.72487
0.161851
0.0240354
0.00837388
1.72696
0.16821
0.0273114
0.00959054
1.72822
0.167192
0.0277855
0.00900477
1.72399
0.165232
0.0235845
0.0103035
1.72662
0.167765
0.0261337
0.0110042
1.72584
0.165815
0.02417
0.0106617
1.72334
0.165693
0.0208495
0.00875036
1.72613
0.165549
0.0276612
0.0111564
1.72605
0.167741
0.025162
0.00892711
1.72617
0.163706
0.024319
0.00810693
1.72494
0.160716
0.0231941
0.0115417
1.7246
0.166881
0.0221467
0.0125147
1.72336
0.164886
0.0229731
0.00653676
1.72384
0.163829
0.0227446
0.0103448
1.72309
0.165357
0.0225491
0.0105289
1.72519
0.166437
0.0214349
0.00659579
1.72671
0.164143
0.0236218
0.0111999
1.72668
0.16468
0.0230261
0.00998527
1.72332
0.165055
0.0261727
0.0132497
1.72227
0.161747
0.0221875
0.00874076
1.72938
0.165164
0.0284935
0.0102144
1.72718
0.16963
0.0242785
0.00878403
1.72462
0.164713
0.0238439
0.012352
1.72556
0.166764
0.0271903
0.0106967
1.72526
0.164313
0.0248815
0.0139677
1.72498
0.165733
0.0254013
0.010856
1.72618
0.169864
0.0272152
0.0109036
1.72342
0.166082
0.0231107
0.00865373
1.72406
0.166529
0.0232486
0.00939747
1.72546
0.162874
0.0267563
0.00798106
1.72216
0.163774
0.0245172
0.00984423
1.72366
0.162683
0.0235322
0.0114627
1.72366
0.165323
0.0291372
0.00941995
1.72387
0.16284
0.0227356
0.0118483
1.72657
0.163697
0.0271322
0.0103983
1.72606
0.165229
0.0208449
0.00998263
1.72508
0.161746
0.0266552
0.0110783
1.72519
0.164742
0.0215227
0.00687443
1.72685
0.165101
0.0232163
0.00882741
1.72583
0.167748
0.0213557
0.00885405
1.72291
0.163285
0.0263919
0.0122521
1.72456
0.168372
0.0202223
0.00955242
1.72475
0.164799
0.0255009
0.0111417
1.72691
0.164386
0.0250448
0.00639505
1.72616
0.164324
0.0241022
0.0121428
1.7252
0.165969
0.020824
0.00832873
1.7253
0.16382
0.0263724
0.00784054
1.72669
0.166904
0.02389
0.00963757
1.73018
0.165735
0.0224304
0.00795811
1.72512
0.166977
0.0239449
0.0104655
1.7253
0.164222
0.0258919
0.0105338
1.72425
0.167227
0.0257313
0.00964302
1.72365
0.16073
0.0224769
0.00964205
1.72866
0.170688
0.0262532
0.0109249
1.72486
0.16586
0.0223151
0.010751
1.72434
0.166782
0.0240802
0.00980436
1.72506
0.163568
0.0258817
0.0106385
1.72422
0.16375
0.024026
0.00985835
1.72655
0.166561
0.0212405
0.0103505
1.72434
0.163403
0.0233732
0.00854791
1.72394
0.164104
0.0221439
0.00764143
1.72551
0.169016
0.0248055
0.0105045
1.72767
0.165108
0.022892
0.00774725
1.72394
0.16503
0.0241173
0.010042
1.72905
0.170047
0.024978
0.00990862
1.72885
0.162378
0.0221021
0.0138159
1.72796
0.168044
0.0248534
0.00954455
1.72929
0.165506
0.0226537
0.00845522
1.7274
0.162847
0.0245477
0.00989289
1.72556
0.165488
0.0216181
0.0093184
1.72262
0.167747
0.0190882
0.00759244
1.72449
0.163695
0.0242478
0.00743934
1.72508
0.167225
0.0249202
0.0114069
1.72714
0.162369
0.0230013
0.00874098
1.72659
0.168105
0.0236183
0.00963613
1.72825
0.164426
0.0246744
0.0115551
1.72351
0.164131
0.0227883
0.0119844
1.72478
0.164944
0.0236329
0.0129692
1.72532
0.167429
0.0239907
0.00902334
1.72085
0.162432
0.0240254
0.0136142
1.72471
0.166
0.0225771
0.00934507
1.72649
0.166876
0.0260996
0.00690574
1.72485
0.166042
0.0257808
0.0130931
1.72444
0.164812
0.0251603
0.0117789
1.72468
0.169843
0.022271
0.00962831
1.727
0.169015
0.0236536
0.0104011
1.72441
0.166412
0.0213941
0.00854772
1.72526
0.16261
0.0263706
0.0117065
1.72653
0.16535
0.0224395
0.0104338
1.72361
0.166297
0.023798
0.00893678
1.72939
0.166363
0.0225606
0.00887197
1.72532
0.163536
0.0230673
0.0153674
1.72625
0.167123
0.021835
0.00992917
1.72397
0.168542
0.0217353
0.0107534
1.72482
0.164483
0.0259472
0.011688
1.72586
0.163185
0.0277118
0.0125063
1.72569
0.16187
0.0203677
0.012901
1.72529
0.16624
0.0218397
0.0125922
1.72575
0.167201
0.0243012
0.0103504
1.7242
0.167621
0.0238644
0.00926252
1.72551
0.164215
0.0243218
0.0102146
1.72431
0.166489
0.0230136
0.0109234
1.72355
0.165782
0.0245799
0.00920926
1.72664
0.164343
0.0232194
0.0107004
1.7269
0.166413
0.0265943
0.0127556
1.72482
0.163404
0.0209007
0.0107097
1.72583
0.16796
0.0239382
0.0114071
1.72495
0.164014
0.0264012
0.0088584
1.72919
0.163128
0.0227654
0.0073273
1.72606
0.167042
0.0201425
0.00839711
1.72596
0.164547
0.0227723
0.0106799
1.7238
0.161644
0.0239407
0.00717843
1.72651
0.160807
0.0218123
0.00861415
1.72626
0.166747
0.0221475
0.00962754
1.72585
0.165611
0.027788
0.0116978
1.72466
0.164503
0.0228007
0.00776634
1.72674
0.165779
0.0269685
0.0107586
1.72407
0.169149
0.0229789
0.013907
1.72431
0.165452
0.0216971
0.0127593
1.72619
0.162762
0.0259023
0.0106847
1.72677
0.167551
0.0237485
0.0108985
1.72503
0.165488
0.0232242
0.0090647
1.72426
0.167197
0.0258901
0.00925097
1.72371
0.164374
0.0232672
0.00691797
1.72518
0.167093
0.0277838
0.0090096
1.72592
0.162181
0.0225176
0.009103
1.72326
0.164016
0.024952
0.0120275
1.72463
0.168025
0.0265639
0.00986087
1.72462
0.166138
0.0273622
0.00953769
1.7254
0.165352
0.020964
0.0114545
1.72756
0.165023
0.0265973
0.0108606
1.72376
0.16326
0.0262021
0.00988671
1.72742
0.164181
0.0241199
0.0076552
1.72672
0.166027
0.0251894
0.0140809
1.72448
0.162981
0.021641
0.00916489
1.72364
0.165364
0.0233738
0.00687854
1.72336
0.165886
0.0239366
0.0094508
1.72702
0.164307
0.0241239
0.00969851
1.72464
0.164049
0.0218236
0.0110935
1.72636
0.166413
0.0225307
0.00895901
1.72611
0.169137
0.0210876
0.0111626
1.72803
0.165684
0.0248755
0.009799
1.72334
0.167646
0.0257216
0.0107393
1.7247
0.164015
0.0277116
0.0103189
1.7251
0.165045
0.0230869
0.00961847
1.72357
0.165829
0.0251954
0.0117884
1.72385
0.169016
0.0240523
0.0124098
1.72849
0.168683
0.0257253
0.0100533
1.72702
0.165484
0.0219199
0.00983396
1.72628
0.162753
0.0244519
0.011875
1.72745
0.173774
0.0241093
0.011292
1.72425
0.16523
0.0232721
0.0111607
1.72879
0.164843
0.0259579
0.00827346
1.72715
0.166112
0.024783
0.0109735
1.72943
0.163361
0.0227671
0.0111984
1.72644
0.16644
0.0209487
0.0100756
1.72485
0.167969
0.0278111
0.00819575
1.72749
0.166851
0.0245746
0.0119206
1.72212
0.163203
0.0233541
0.00786495
1.72313
0.163902
0.0272192
0.00795802
1.72329
0.166154
0.0229663
0.00733886
1.72341
0.165896
0.0264506
0.0109428
1.72637
0.168098
0.0224601
0.0142827
1.72298
0.165329
0.0207097
0.0101464
1.72809
0.166335
0.0202049
0.0103642
1.72594
0.166443
0.0257359
0.00991363
1.72442
0.166684
0.0231803
0.0113517
1.72723
0.162848
0.0238752
0.0106184
1.72698
0.169504
0.0276994
0.00885464
1.72736
0.16341
0.0208478
0.00849831
1.72426
0.166022
0.0220328
0.00878782
1.72483
0.16685
0.0243745
0.00834624
1.72461
0.165374
0.0230358
0.00854527
1.72373
0.165589
0.0229527
0.0115772
1.72483
0.161895
0.0232574
0.00870632
1.72496
0.167443
0.0209925
0.0130729
1.72424
0.165506
0.0240986
0.00944659
1.72753
0.167521
0.0231033
0.0127405
1.72405
0.169003
0.0194089
0.0109749
1.72534
0.166016
0.0245279
0.0108051
1.72648
0.166515
0.0267149
0.00990838
1.72332
0.165241
0.0249363
0.00700845
1.72721
0.164474
0.021308
0.0103298
1.72616
0.167076
0.0195638
0.0102181
1.72395
0.165415
0.020045
0.0118187
1.72443
0.162473
0.0221054
0.00927419
1.72472
0.167734
0.0249881
0.00970416
1.72506
0.166697
0.0218338
0.0091765
1.72437
0.16564
0.023591
0.010046
1.72233
0.166977
0.0256249
0.009774
1.72343
0.165253
0.0213185
0.00923182
1.72806
0.16548
0.0218057
0.0129641
1.72581
0.168964
0.0239033
0.0112545
1.72545
0.165864
0.0221024
0.0128113
1.72541
0.166371
0.024053
0.00744141
1.72584
0.16193
0.0192995
0.00856838
1.72366
0.163729
0.0237255
0.0094818
1.72559
0.165501
0.0231961
0.0108442
1.72489
0.164607
0.0223724
0.00915514
1.72763
0.164783
0.0236734
0.0080364
1.72425
0.166541
0.0203975
0.00994832
1.72463
0.165418
0.0268945
0.0113955
1.7255
0.160484
0.0219124
0.0109058
1.72526
0.168269
0.0234485
0.00667184
1.72623
0.169297
0.0222087
0.00776131
1.7295
0.167494
0.0262235
0.0113658
1.72585
0.166803
0.0222668
0.00772845
1.72844
0.165328
0.0244957
0.0119808
1.7262
0.163797
0.0242776
0.00894954
1.72634
0.163204
0.0230247
0.00875502
1.7222
0.163683
0.0225654
0.0123243
1.7274
0.168378
0.0280765
0.00921633
1.72417
0.160901
0.0274688
0.0146289
1.72535
0.164055
0.0250102
0.00804538
1.72465
0.17075
0.0247342
0.00948411
1.7276
0.168601
0.0206946
0.00953632
1.72658
0.163938
0.0226782
0.0126997
1.7293
0.164018
0.0203235
0.00945716
1.72717
0.16584
0.0259203
0.0070662
1.72477
0.164277
0.0218852
0.0125086
1.72785
0.167964
0.0217778
0.00720002
1.72852
0.168369
0.0223073
0.0105331
1.72929
0.170737
0.0275196
0.0117435
1.72523
0.163737
0.0196605
0.0120106
1.72745
0.16368
0.0226009
0.0106684
1.72216
0.16492
0.0252703
0.00931762
1.72824
0.167254
0.0244932
0.0109873
1.72254
0.166347
0.0241129
0.0111528
1.72355
0.168833
0.022738
0.00901521
1.7276
0.168197
0.0251374
0.0090801
1.72321
0.162793
0.0243343
0.0108742
1.72649
0.169098
0.0239746
0.0105485
1.72484
0.167172
0.0250593
0.00891925
1.72382
0.169253
0.0292957
0.0109971
1.72772
0.165874
0.0204765
0.0097134
1.72533
0.165574
0.028205
0.00891392
1.72712
0.166344
0.0211479
0.0103623
1.72659
0.164677
0.0247266
0.011055
1.72549
0.164461
0.0223382
0.00959582
1.72712
0.166669
0.0255135
0.0144773
1.72642
0.164941
0.0267538
0.0100387
1.72616
0.16549
0.0263721
0.0111176
1.72638
0.168965
0.0230629
0.00872667
1.72399
0.162843
0.0227921
0.00911624
1.72669
0.164707
0.0256947
0.0114176
1.7262
0.16653
0.0255363
0.0121976
1.72993
0.16453
0.0215995
0.00768488
1.72506
0.165257
0.0228602
0.00944406
1.72324
0.165485
0.0229287
0.0104147
1.72266
0.167253
0.0244638
0.0148278
1.72594
0.169777
0.0259926
0.0108955
1.72401
0.166093
0.0211621
0.00984493
1.72447
0.164489
0.0249586
0.0118632
1.72637
0.169749
0.0243933
0.00877686
1.72553
0.163679
0.0227136
0.0129009
1.72748
0.163064
0.0248334
0.0140164
1.72577
0.165986
0.025526
0.00872472
1.72667
0.163802
0.0253713
0.0112492
1.72457
0.169214
0.0216055
0.00959288
1.72471
0.165276
0.0230117
0.00904236
1.72599
0.167945
0.0226676
0.011642
1.72569
0.165605
0.0223652
0.0104812
1.72576
0.167883
0.0234886
0.0108074
1.72539
0.166706
0.022068
0.00856305
1.7242
0.169798
0.0278373
0.00795234
1.72345
0.165085
0.0230469
0.0113755
1.72646
0.1653
0.0224797
0.0147423
1.72358
0.165542
0.0250554
0.00953694
1.72749
0.166414
0.0232916
0.00718336
1.7232
0.167026
0.0212734
0.00876246
1.72384
0.165923
0.0229265
0.0110668
1.72501
0.164929
0.0204084
0.0098025
1.72487
0.16966
0.0252474
0.0110378
1.72528
0.162062
0.0221422
0.00954751
1.72489
0.165143
0.0268686
0.0119269
1.72655
0.165119
0.0259387
0.0111325
1.72855
0.166694
0.0254769
0.0123343
1.72751
0.165736
0.0227407
0.00897673
1.7289
0.171803
0.0240161
0.0094317
1.72307
0.167367
0.0232477
0.010923
1.72759
0.1649
0.023936
0.00870761
1.72851
0.168657
0.0283656
0.0111591
1.72463
0.165149
0.0303245
0.0112218
1.72468
0.165239
0.0209811
0.00947924
1.72232
0.165308
0.0246079
0.0152485
1.72607
0.166055
0.02439
0.00996987
1.72679
0.164383
0.0265234
0.0101957
1.72736
0.164728
0.0230908
0.0101247
1.72261
0.167168
0.0258686
0.0103782
1.72386
0.162938
0.0259524
0.0130964
1.72659
0.167626
0.023923
0.00794783
1.72582
0.166092
0.0223546
0.00597421
1.72449
0.163023
0.0221973
0.00802639
1.72607
0.165533
0.0214203
0.00724691
1.72325
0.163655
0.024652
0.00840302
1.72717
0.164589
0.0244427
0.00942024
1.7241
0.168739
0.0245015
0.0109231
1.72803
0.164244
0.0237995
0.0107642
1.72895
0.161658
0.0223817
0.00945543
1.72734
0.164735
0.0263848
0.0114774
1.72696
0.163631
0.0254106
0.0077376
1.7262
0.16929
0.0244451
0.0131953
1.72392
0.167765
0.0194796
0.00903621
1.72584
0.163606
0.0241384
0.0109023
1.72549
0.166804
0.0225255
0.0094576
1.72274
0.162539
0.0266916
0.00968657
1.72681
0.166414
0.0250219
0.0113847
1.72283
0.161288
0.0198959
0.00922646
1.72596
0.165443
0.0246421
0.0109678
1.72568
0.166958
0.0224977
0.0107158
1.72433
0.166629
0.0314324
0.0114224
1.72623
0.164872
0.023716
0.0127884
1.72241
0.167102
0.027551
0.0115555
1.72623
0.167147
0.0249911
0.0103575
1.72644
0.169407
0.0241497
0.0131332
1.72539
0.16656
0.0234775
0.0101173
1.72622
0.164331
0.0222371
0.013993
1.72195
0.161228
0.0240504
0.0108581
1.72633
0.161429
0.0218192
0.0122116
1.72394
0.164141
0.0228142
0.0106239
1.72425
0.166534
0.0253165
0.0138599
1.72484
0.166262
0.0252849
0.010164
1.72311
0.164405
0.0195391
0.00676017
1.72706
0.169235
0.0245562
0.00991733
1.7267
0.169276
0.0258109
0.00907517
1.72397
0.168639
0.0239722
0.0109585
1.72737
0.164791
0.0232438
0.0123322
1.72344
0.165236
0.0210233
0.0104185
1.72496
0.166286
0.0216277
0.00928928
1.72642
0.166945
0.0233572
0.00997415
1.72549
0.167973
0.022438
0.00974537
1.72302
0.162032
0.0232347
0.00931518
1.72654
0.167929
0.0235332
0.0126846
1.72451
0.167237
0.0219
0.0113568
1.72259
0.167953
0.0251487
0.0101009
1.72772
0.16439
0.025483
0.00927674
1.72454
0.163746
0.0214004
0.00963874
1.72642
0.1651
0.0210334
0.00870903
1.7276
0.165222
0.0246505
0.00864683
1.7258
0.164502
0.0214733
0.011307
1.72528
0.167108
0.0244707
0.0093925
1.72506
0.164335
0.025598
0.0126983
1.7263
0.163902
0.020507
0.0095882
1.72607
0.163984
0.0240731
0.0097575
1.72589
0.170157
0.0225231
0.00623251
1.72398
0.165893
0.0250009
0.010875
1.72859
0.163805
0.0242267
0.0112289
1.72466
0.166771
0.0243429
0.00907394
1.7245
0.16514
0.0224447
0.0124407
1.7275
0.167843
0.0246774
0.0127605
1.72687
0.167598
0.021419
0.011926
1.72423
0.163969
0.0249179
0.00623971
1.72371
0.167652
0.0213902
0.0126484
1.72657
0.168644
0.0224143
0.0121014
1.72408
0.165676
0.0249974
0.0121586
1.72477
0.166648
0.0211438
0.0122151
1.72407
0.167969
0.0219414
0.00971411
1.72417
0.166625
0.0238609
0.0142059
1.72497
0.170902
0.024701
0.00811305
1.7269
0.166834
0.0250172
0.0104552
1.72567
0.164675
0.0281966
0.00954901
1.72513
0.165892
0.0241464
0.0119406
1.7231
0.16562
0.0272892
0.00739974
1.7285
0.169573
0.0259346
0.00939606
1.72368
0.165137
0.0277336
0.00954942
1.72545
0.165135
0.0208696
0.00943984
1.72387
0.167033
0.0266826
0.0103019
1.72647
0.163269
0.0214923
0.00923272
1.72583
0.169026
0.0237623
0.0073507
1.72334
0.1649
0.0256838
0.0101023
1.7276
0.164257
0.0222735
0.0108005
1.72664
0.169589
0.0206479
0.0119858
1.72777
0.163243
0.0280198
0.00768461
1.72669
0.170864
0.0231053
0.00827172
1.7275
0.165563
0.0214769
0.0101053
1.72697
0.167196
0.0224935
0.00949312
1.72505
0.167193
0.0248891
0.01035
1.72477
0.162837
0.0232278
0.0130487
1.72416
0.165384
0.0239221
0.007929
1.72556
0.168641
0.0222209
0.00863576
1.72669
0.162741
0.0246783
0.00778502
1.72453
0.164067
0.0274384
0.00768524
1.72622
0.165528
0.0255074
0.0104765
1.72679
0.164454
0.0206549
0.0124151
1.72279
0.168405
0.0241244
0.0102893
1.72289
0.163225
0.0238203
0.00737786
1.72729
0.165978
0.0253996
0.0118818
1.7263
0.163776
0.0260646
0.0105465
1.72484
0.165858
0.0257072
0.0107808
1.72346
0.163548
0.0233397
0.00937562
1.72447
0.162547
0.0228342
0.0107697
1.72501
0.165563
0.0259226
0.0101329
1.72548
0.164958
0.0249172
0.010013
1.72722
0.166305
0.0210695
0.00709794
1.7236
0.167348
0.0218825
0.0103779
1.72637
0.165608
0.023632
0.0112854
1.72566
0.165432
0.0282164
0.0134038
1.7248
0.164351
0.0236358
0.0121726
1.72422
0.166242
0.0219227
0.013666
1.72583
0.166438
0.0234323
0.00927215
1.72327
0.168003
0.0279079
0.00654653
1.72751
0.163437
0.0263891
0.0128136
1.72534
0.167862
0.0248182
0.00547126
1.72583
0.165005
0.0204736
0.00992381
1.72525
0.168259
0.0246046
0.00894475
1.72404
0.165363
0.0244271
0.0096854
1.72517
0.169528
0.0238981
0.0105863
1.72407
0.16816
0.0252375
0.0115773
1.72256
0.16519
0.0231052
0.0110485
1.725
0.166641
0.0269321
0.00926024
1.72502
0.162646
0.0236368
0.00797359
1.72504
0.166428
0.0219611
0.010099
1.72409
0.165351
0.0242686
0.0112242
1.72547
0.165554
0.0229127
0.0132396
1.72551
0.163673
0.025588
0.0102027
1.72529
0.165911
0.0278003
0.00863133
1.7249
0.166696
0.0239086
0.0088049
1.7248
0.162448
0.0223647
0.0124352
1.72404
0.167368
0.0232721
0.0101057
1.72715
0.165779
0.0250019
0.0093486
1.72385
0.171261
0.0203734
0.00848438
1.72719
0.165194
0.022305
0.0100634
1.72504
0.165502
0.0230178
0.00884761
1.7244
0.163403
0.0213082
0.00998544
1.72489
0.168658
0.021241
0.00863004
1.72563
0.165412
0.0265286
0.0119647
1.72598
0.163397
0.0238518
0.00843056
1.72469
0.1666
0.0235453
0.0108757
1.7269
0.162566
0.0208787
0.0111495
1.72551
0.166645
0.0219286
0.0104482
1.72628
0.166198
0.0228442
0.00909661
1.72523
0.165061
0.022054
0.00834439
1.72347
0.164192
0.0235136
0.0102098
1.72302
0.170787
0.0255408
0.00841629
1.72437
0.166092
0.0255708
0.011965
1.72301
0.166917
0.025879
0.0105276
1.72645
0.165606
0.0237909
0.00896487
1.72352
0.165417
0.0212542
0.00745025
1.72457
0.164313
0.0241475
0.0112895
1.72182
0.168463
0.0292843
0.0115423
1.72728
0.168118
0.0229594
0.00988057
1.7254
0.167512
0.0255777
0.0109953
1.72599
0.163088
0.0227498
0.0132091
1.72373
0.168032
0.0249148
0.0103818
1.72451
0.165309
0.0221621
0.0111523
1.7254
0.167337
0.0230627
0.0149023
1.72554
0.16357
0.0228477
0.00934565
1.7286
0.165848
0.0220418
0.00877888
1.72534
0.168458
0.0260125
0.0122834
1.7256
0.16409
0.0219101
0.00982538
1.72498
0.166003
0.0233008
0.0122965
1.72821
0.166261
0.0224704
0.0106857
1.72405
0.165108
0.0260625
0.00916371
1.72526
0.166293
0.0231031
0.0140846
1.72588
0.163957
0.0246943
0.00804629
1.72373
0.162114
0.0244836
0.0119773
1.72462
0.164508
0.0267851
0.0115399
1.72198
0.163613
0.0299115
0.010259
1.72665
0.163976
0.021409
0.0109767
1.72526
0.162064
0.0256604
0.0084393
1.72459
0.166837
0.0215704
0.0122111
1.72653
0.1641
0.0244142
0.00989628
1.72968
0.162452
0.0213404
0.00998907
1.72621
0.165141
0.0231339
0.0142415
1.72467
0.165334
0.0223626
0.0100967
1.72629
0.167891
0.0255976
0.00944576
1.7286
0.166798
0.0217871
0.01048
1.72566
0.165043
0.022306
0.0108524
1.72556
0.165774
0.0201797
0.0089216
1.72505
0.169423
0.0259479
0.00907405
1.72438
0.166662
0.0256293
0.00950497
1.72765
0.170717
0.0234109
0.00958833
1.72409
0.169386
0.0238666
0.0108558
1.72518
0.164163
0.0275818
0.0109843
1.72409
0.162521
0.0261911
0.0105239
1.72809
0.167551
0.0238648
0.0107219
1.72652
0.167332
0.0209359
0.00679285
1.72592
0.164583
0.025086
0.0115221
1.72545
0.163789
0.021493
0.0124238
1.72358
0.168777
0.018358
0.00881494
1.72717
0.16654
0.0268778
0.0113234
1.72597
0.163702
0.025105
0.0119283
1.72518
0.165492
0.0231606
0.00850636
1.72542
0.164781
0.0224098
0.00866188
1.72462
0.163792
0.0261759
0.0106724
1.72301
0.165798
0.0226291
0.00858414
1.72783
0.16913
0.0251975
0.00753777
1.72779
0.165739
0.0275944
0.00815017
1.72468
0.165973
0.025151
0.0108897
1.72368
0.167008
0.0225241
0.0102876
1.7255
0.165663
0.0232246
0.010516
1.72318
0.164099
0.0230387
0.0102003
1.72462
0.161575
0.0240132
0.00797316
1.72689
0.167328
0.0230564
0.0134769
1.72417
0.163262
0.022722
0.014673
1.72682
0.166661
0.0217278
0.0103907
1.72605
0.165572
0.0234545
0.0105485
1.72785
0.165123
0.0248496
0.0111763
1.72501
0.166345
0.023772
0.00716373
1.72549
0.166873
0.0218736
0.0101575
1.7256
0.164194
0.0206955
0.0114909
1.72597
0.161384
0.027779
0.00887017
1.72492
0.164567
0.0221921
0.0110695
1.72696
0.16473
0.0244714
0.0107463
1.72236
0.167302
0.0268069
0.0128686
1.72459
0.165433
0.0274383
0.00823346
1.7253
0.162244
0.0244828
0.0120192
1.72541
0.1671
0.0222872
0.00700483
1.72484
0.164653
0.0236527
0.010373
1.72453
0.164025
0.0201405
0.00975885
1.72509
0.165067
0.0240265
0.00900036
1.72574
0.167521
0.0251239
0.00904096
1.72379
0.165439
0.0234554
0.0114422
1.72698
0.163818
0.0230273
0.0117501
1.72393
0.16753
0.0228631
0.00992984
1.72802
0.165075
0.0221119
0.00917865
1.72561
0.165972
0.0239553
0.0108398
1.72596
0.162834
0.0238799
0.00938594
1.72893
0.166762
0.0250282
0.0107089
1.72534
0.167264
0.0262095
0.00978339
1.72383
0.165662
0.0298854
0.011267
1.72445
0.167316
0.0214141
0.010375
1.72918
0.164931
0.0250503
0.00726923
1.72517
0.166111
0.0205963
0.0113196
1.72381
0.164472
0.0237124
0.00976431
1.72473
0.165868
0.0259663
0.0122691
1.72539
0.165606
0.0253993
0.00958237
1.72514
0.165742
0.0234074
0.011226
1.7255
0.168475
0.0255668
0.011934
1.72738
0.165539
0.0193512
0.0112046
1.72678
0.162284
0.0251149
0.0122389
1.72598
0.16614
0.0265862
0.0100156
1.72418
0.163241
0.0282174
0.0125471
1.72685
0.164374
0.0209983
0.00801934
1.7255
0.164047
0.0244205
0.00859352
1.72351
0.164619
0.0220581
0.00954249
1.72746
0.166145
0.0240204
0.011119
1.72382
0.16605
0.0234489
0.00789714
1.72338
0.16268
0.0213282
0.0106699
1.72454
0.167999
0.0258397
0.0135876
1.72657
0.166212
0.0234274
0.0120491
1.72623
0.163557
0.0240446
0.00752055
1.72737
0.164422
0.0259393
0.0129773
1.72665
0.162712
0.0277988
0.0120424
1.7279
0.164513
0.024223
0.0101873
1.72658
0.167886
0.0241155
0.0117335
1.72531
0.164934
0.0222841
0.007925
1.72605
0.168899
0.0241807
0.0103748
1.726
0.166102
0.0185594
0.00852901
1.72633
0.16448
0.0278636
0.00951451
1.72427
0.163584
0.0222492
0.0100536
1.72351
0.165997
0.0216777
0.00786548
1.72634
0.162312
0.0224975
0.0106316
1.72574
0.168115
0.0222524
0.0107436
1.72638
0.16871
0.0226932
0.010486
1.72623
0.163994
0.0221019
0.0111588
1.72773
0.163873
0.0247535
0.0100957
1.72452
0.165721
0.0240911
0.0113287
1.72581
0.162133
0.0264511
0.0104102
1.72716
0.165099
0.0237115
0.0134251
1.72805
0.166222
0.0213121
0.0118209
1.72526
0.164553
0.023933
0.00857547
1.72385
0.164018
0.0203935
0.00832398
1.72478
0.162042
0.0245001
0.00897371
1.72598
0.165842
0.0226915
0.00926046
1.72664
0.171897
0.02367
0.00923902
1.72856
0.16272
0.0264543
0.00781899
1.72485
0.163582
0.0238851
0.00653043
1.72911
0.165551
0.0253928
0.00892694
1.72405
0.167442
0.0290212
0.0128781
1.72705
0.163187
0.0243452
0.0125042
1.72402
0.162158
0.0245193
0.00985528
1.72613
0.164475
0.0243021
0.00887863
1.72465
0.164358
0.0209621
0.00882355
1.72795
0.162771
0.0229434
0.0105298
1.7272
0.1619
0.0221966
0.0115171
1.73039
0.166848
0.0238786
0.0107494
1.7285
0.165715
0.0272406
0.0142126
1.72594
0.161739
0.02461
0.00907924
1.72631
0.168345
0.0232804
0.00974874
1.72467
0.166566
0.0231024
0.0128085
1.72404
0.165375
0.0228893
0.0107083
1.72984
0.165051
0.0310093
0.0122061
1.72441
0.164749
0.0243482
0.00902521
1.7232
0.166195
0.0216089
0.0112435
1.7272
0.164246
0.0290749
0.0125375
1.72595
0.166489
0.0266335
0.011054
1.72381
0.167661
0.0204932
0.00710694
1.72382
0.163025
0.0243068
0.00832579
1.7277
0.163423
0.0242701
0.0137577
1.72627
0.168505
0.0275325
0.0100662
1.72379
0.161514
0.0217931
0.0113004
1.72411
0.162964
0.0235078
0.0108733
1.72803
0.16638
0.0240823
0.0104241
1.72662
0.16825
0.0242063
0.00722582
1.72402
0.166897
0.0237064
0.0126349
1.72511
0.16874
0.0278194
0.00800124
1.72615
0.162936
0.0248246
0.0112073
1.72767
0.16742
0.0283885
0.0117297
1.72749
0.165556
0.0246085
0.00975197
1.72486
0.165027
0.0234876
0.00939651
1.72352
0.164568
0.0232892
0.0100691
1.72515
0.166872
0.0247858
0.00999179
1.72831
0.164327
0.0248803
0.010603
1.72484
0.165649
0.0240675
0.0104362
1.72533
0.166697
0.0229289
0.00949633
1.72701
0.170421
0.0238157
0.00967686
1.72469
0.166212
0.0239028
0.00837761
1.72461
0.167568
0.0209496
0.00978483
1.72408
0.164459
0.026313
0.00858846
1.72695
0.165554
0.022048
0.010234
1.72645
0.163095
0.0236409
0.0083071
1.72739
0.164778
0.0256612
0.0115991
1.72476
0.165491
0.0249811
0.0103162
1.72471
0.164198
0.0223821
0.0118634
1.72535
0.169947
0.0199885
0.00953639
1.72617
0.166316
0.0233742
0.0140495
1.7252
0.167527
0.026261
0.0108026
1.72382
0.163581
0.0226577
0.0118111
1.72399
0.164819
0.0241699
0.00986275
1.72676
0.165741
0.0233848
0.0101002
1.72386
0.164568
0.0223915
0.00783751
1.72548
0.164256
0.0232628
0.0108658
1.72702
0.168506
0.0222105
0.00854619
1.72573
0.162718
0.0240195
0.00919713
1.72559
0.163953
0.0218045
0.00695119
1.725
0.163232
0.0259998
0.00890021
1.72449
0.167996
0.0248777
0.0126918
1.72417
0.165292
0.0254058
0.0101785
1.72485
0.166753
0.02495
0.0113189
1.72579
0.168491
0.0240843
0.010457
1.72908
0.165686
0.0238538
0.0111811
1.72404
0.164186
0.02368
0.0138822
1.72383
0.163276
0.0232818
0.0104346
1.72516
0.166978
0.0249767
0.0120795
1.72224
0.161512
0.0252221
0.0112339
1.72658
0.162402
0.021234
0.0105712
1.72539
0.167763
0.0243209
0.00867918
1.72531
0.165642
0.0254345
0.00854734
1.72662
0.163325
0.0237731
0.00926307
1.72599
0.166059
0.0287907
0.0143697
1.72814
0.164963
0.021502
0.010963
1.72347
0.169109
0.0224633
0.00909184
1.72573
0.163731
0.0241525
0.01004
1.72676
0.163185
0.0204362
0.00855979
1.72492
0.164684
0.0223614
0.00979589
1.72407
0.162073
0.0223204
0.0107874
1.72748
0.166527
0.0262129
0.009345
1.72659
0.166496
0.0247174
0.0127022
1.7269
0.171573
0.0246272
0.0136106
1.72702
0.166162
0.0247363
0.0105477
1.72266
0.165415
0.022112
0.0110088
1.72555
0.163117
0.0242879
0.00933084
1.7263
0.165806
0.0277006
0.00935461
1.7248
0.165475
0.0244305
0.00936367
1.72653
0.159725
0.0210221
0.00895065
1.72382
0.165556
0.0203342
0.00939598
1.72511
0.168339
0.0252699
0.0132616
1.72571
0.166563
0.0241614
0.00696989
1.72602
0.171246
0.0235217
0.0089922
1.72863
0.165665
0.0206513
0.0103951
1.72533
0.164305
0.0226968
0.00952487
1.72627
0.166535
0.0227372
0.0100918
1.72446
0.163005
0.0226539
0.0104279
1.72467
0.1631
0.0213729
0.00841624
1.72511
0.166392
0.0234945
0.00927817
1.72537
0.164123
0.0241228
0.0111937
1.72491
0.170094
0.0230174
0.00851797
1.72448
0.168459
0.0229305
0.0113605
1.72531
0.165337
0.024226
0.00973899
1.72463
0.162537
0.0240956
0.0115311
1.72558
0.164353
0.02695
0.00793704
1.72478
0.161703
0.0259195
0.0112823
1.72315
0.165344
0.0239126
0.00639971
1.72258
0.164414
0.0237697
0.00720392
1.72467
0.166143
0.0251131
0.0130354
1.7263
0.163003
0.0240675
0.00827873
1.72532
0.166458
0.0217248
0.00819768
1.72388
0.165264
0.0237776
0.0118427
1.7245
0.164544
0.0244482
0.00818661
1.72689
0.169462
0.0271499
0.00862702
1.72436
0.164362
0.0233825
0.0102694
1.7233
0.167325
0.024019
0.0101268
1.72664
0.166096
0.023052
0.0101786
1.72999
0.162963
0.0220987
0.0127723
1.72491
0.166159
0.0230905
0.0110131
1.72512
0.168231
0.0233299
0.00926496
1.72697
0.168135
0.0238241
0.00967004
1.72666
0.165577
0.0211418
0.0101935
1.7272
0.168981
0.0228984
0.00611969
1.72487
0.164517
0.0239215
0.0060563
1.72791
0.163223
0.0248153
0.0102225
1.7234
0.167611
0.0271602
0.0131693
1.72877
0.164229
0.0237273
0.0096158
1.72323
0.166088
0.0254571
0.00974944
1.72451
0.164583
0.0223236
0.0105814
1.72469
0.169486
0.0252911
0.0111469
1.7245
0.16187
0.0189008
0.0109251
1.72815
0.164436
0.0219511
0.0113718
1.72706
0.166661
0.0225456
0.00986178
1.72494
0.161729
0.0254859
0.0148083
1.72548
0.167158
0.023337
0.00681676
1.72504
0.168867
0.0267699
0.00864071
1.72672
0.164804
0.021203
0.010434
1.72511
0.165496
0.0253907
0.00895166
1.72564
0.16323
0.0213729
0.01022
1.72288
0.169611
0.024443
0.0100131
1.72562
0.165531
0.0246391
0.0108338
1.72975
0.164537
0.0211212
0.00897583
1.72452
0.168435
0.0250917
0.00584042
1.72592
0.1677
0.0230008
0.00918227
1.72593
0.16921
0.0233889
0.0107099
1.72561
0.167768
0.0262748
0.00719767
1.7252
0.166694
0.0230015
0.00937323
1.72566
0.16543
0.0200263
0.00941928
1.72557
0.167575
0.0239745
0.0120152
1.72757
0.171494
0.0242495
0.0107931
1.72463
0.16757
0.0230821
0.00935662
1.72582
0.170575
0.0230131
0.00851893
1.72515
0.169512
0.0233985
0.00971959
1.7253
0.163517
0.0225743
0.0107739
1.72706
0.170456
0.0237833
0.00840269
1.7239
0.168157
0.0239242
0.0115821
1.72536
0.163194
0.0242148
0.00787824
1.72654
0.163859
0.0238154
0.00852109
1.72538
0.165555
0.0254493
0.0108433
1.72488
0.164483
0.0248544
0.00785942
1.72548
0.164803
0.0250808
0.0116718
1.72435
0.164845
0.0244621
0.00615326
1.72468
0.165299
0.0220332
0.0116534
1.72723
0.163353
0.0226722
0.0106323
1.72512
0.164338
0.0235274
0.0126229
1.72411
0.161677
0.0230381
0.0101705
1.72769
0.167661
0.0237394
0.0107073
1.72561
0.165631
0.0227176
0.0113839
1.72465
0.168967
0.0265719
0.00750122
1.72425
0.166301
0.0265948
0.0121402
1.72753
0.162734
0.0216624
0.0119085
1.7236
0.165469
0.0260394
0.0135191
1.72543
0.166834
0.0258114
0.0129238
1.72395
0.165661
0.0258792
0.00959337
1.72492
0.167301
0.0228661
0.0133557
1.72429
0.164851
0.0226912
0.00869455
1.72473
0.163129
0.0234121
0.00916682
1.72635
0.166746
0.0230051
0.0135322
1.72619
0.164785
0.0269966
0.00963181
1.72473
0.163745
0.0239495
0.0103787
1.72361
0.166532
0.0233505
0.0101626
1.7273
0.163015
0.0224434
0.00893462
1.72491
0.163513
0.022738
0.0125782
1.72722
0.163111
0.0249479
0.00822644
1.72605
0.162279
0.0218744
0.0133812
1.72662
0.162822
0.0227324
0.00893697
1.72404
0.167039
0.0224708
0.0099361
1.72452
0.165379
0.0215162
0.00828896
1.72225
0.165633
0.0259305
0.00894561
1.7265
0.168897
0.0239251
0.0105977
1.72465
0.166916
0.0233466
0.0084748
1.72506
0.165671
0.0262479
0.0108655
1.72357
0.16905
0.0240721
0.00845296
1.72599
0.16641
0.0241732
0.00974828
1.72363
0.166235
0.0237502
0.01177
1.72338
0.163638
0.0223098
0.00690707
1.72454
0.164218
0.0221927
0.00844358
1.7233
0.172358
0.025201
0.0128271
1.72517
0.166648
0.022655
0.0125197
1.72437
0.165607
0.0238202
0.0105464
1.72421
0.165953
0.0278995
0.00799107
1.72332
0.163115
0.021628
0.00538812
1.72618
0.165804
0.0253649
0.0118302
1.7261
0.162323
0.0226294
0.0141738
1.72419
0.164716
0.0215543
0.0106893
1.72606
0.168454
0.0221568
0.0112997
1.72517
0.164827
0.020154
0.0100304
1.72413
0.167678
0.0220148
0.00718467
1.72348
0.167693
0.0248534
0.00938406
1.72498
0.170047
0.0244302
0.0121034
1.72616
0.16622
0.0235067
0.00940263
1.72945
0.166813
0.0226656
0.0122658
1.72524
0.165652
0.0231905
0.00905451
1.72651
0.168309
0.0257997
0.0119255
1.72439
0.165
0.0232831
0.00930557
1.72258
0.163331
0.0245055
0.00957612
1.72853
0.163692
0.0204843
0.00972148
1.7227
0.165266
0.0268021
0.0102832
1.72674
0.164286
0.0244985
0.008692
1.72517
0.164303
0.0230602
0.012173
1.72542
0.164407
0.0234577
0.00974333
1.726
0.161747
0.0214729
0.0110259
1.72681
0.16337
0.0238321
0.0109721
1.72501
0.164131
0.02463
0.013598
1.72542
0.165626
0.0243268
0.0104702
1.72621
0.169314
0.0258628
0.0102236
1.72547
0.162651
0.0245276
0.0084814
1.72585
0.162981
0.0236381
0.00923786
1.72916
0.166592
0.0252885
0.01024
1.72579
0.166932
0.0240485
0.0140038
1.72498
0.163034
0.0221949
0.00835482
1.72455
0.16632
0.0225063
0.0142374
1.72519
0.165348
0.0255346
0.0117013
1.72532
0.165473
0.0243922
0.0101616
1.72564
0.164369
0.0251045
0.0121947
1.72591
0.168429
0.0200559
0.00963783
1.72607
0.163877
0.0212851
0.00960572
1.7233
0.167939
0.0224631
0.00935226
1.72466
0.164161
0.0214036
0.00954407
1.72677
0.168652
0.0247324
0.0110036
1.72601
0.168987
0.0238211
0.00913489
1.72594
0.163144
0.0235565
0.00809587
1.72562
0.162759
0.0253814
0.012453
1.72603
0.167771
0.0243441
0.00778224
1.7246
0.166146
0.0213979
0.0101414
1.72584
0.166106
0.0225778
0.00818079
1.72533
0.165925
0.022036
0.00901324
1.72617
0.171985
0.0229978
0.0119929
1.72307
0.162894
0.0255306
0.00979627
1.72646
0.166813
0.0237165
0.0123288
1.72499
0.165092
0.0226009
0.00878198
1.72613
0.163716
0.024338
0.0104475
1.7247
0.160551
0.0237669
0.0101416
1.72686
0.165384
0.0221509
0.0111094
1.72277
0.167405
0.0256928
0.0122731
1.72524
0.161576
0.0243202
0.00863404
1.72396
0.162748
0.0242642
0.0101314
1.72982
0.167735
0.0243762
0.00714073
1.72571
0.162931
0.0207794
0.0101668
1.72507
0.164638
0.0226097
0.00988283
1.72582
0.165131
0.0256091
0.00777879
1.72537
0.164868
0.0242495
0.0111964
1.72386
0.166074
0.023522
0.00769214
1.72676
0.170126
0.0246441
0.0117381
1.72333
0.164139
0.0267524
0.00866118
1.72372
0.164155
0.0226156
0.00943475
1.72337
0.16485
0.0205791
0.0100764
1.7251
0.164972
0.0274761
0.0108554
1.72526
0.16374
0.02293
0.0074839
1.72691
0.163372
0.0237884
0.0081087
1.72829
0.168565
0.0233395
0.0111168
1.72555
0.164722
0.024912
0.00723974
1.72587
0.167305
0.0226026
0.00613678
1.72373
0.166862
0.022657
0.0100102
1.72519
0.165462
0.0271009
0.0111782
1.72476
0.167682
0.0219652
0.0115096
1.72744
0.16514
0.0247644
0.0128781
1.72765
0.164615
0.0238768
0.0112197
1.72371
0.164053
0.0257785
0.00849505
1.72443
0.166744
0.0236837
0.00774709
1.72443
0.165193
0.027297
0.00933684
1.72393
0.165068
0.0219636
0.00904695
1.72407
0.165869
0.022307
0.00908046
1.72498
0.165686
0.0243278
0.0112069
1.72399
0.167421
0.0238039
0.00773986
1.72758
0.167701
0.0223362
0.00744741
1.727
0.166214
0.0204891
0.0103106
1.72745
0.167356
0.0269337
0.0101485
1.72597
0.16934
0.021956
0.00665362
1.72374
0.165821
0.0278964
0.00968388
1.72491
0.163296
0.0232141
0.00904455
1.72658
0.166574
0.0224825
0.00777617
1.72541
0.167532
0.0208271
0.011201
1.72564
0.164835
0.0217622
0.012749
1.72425
0.165192
0.0274337
0.0108859
1.72634
0.165137
0.0248691
0.00997412
1.72521
0.162978
0.0220107
0.00988937
1.72705
0.165308
0.0250244
0.0102323
1.72401
0.170898
0.0246168
0.010613
1.72499
0.166554
0.0208418
0.0087488
1.72509
0.165076
0.023519
0.0110135
1.72584
0.164885
0.0223612
0.00866651
1.72271
0.164605
0.0256575
0.00994957
1.72582
0.168435
0.0223679
0.0109737
1.7246
0.163228
0.0223376
0.00526935
1.72447
0.169334
0.0275101
0.0108679
1.72641
0.165246
0.0250014
0.00944936
1.72392
0.16367
0.0233008
0.00869962
1.7266
0.163008
0.0239787
0.0105411
1.72627
0.164275
0.0248962
0.0121747
1.72504
0.167832
0.0217782
0.00810857
1.72972
0.164602
0.0231571
0.0100695
1.72845
0.165258
0.0205947
0.0100661
1.72548
0.165974
0.0230372
0.0078887
1.72834
0.167517
0.0241428
0.010131
1.7308
0.163694
0.0237289
0.0120758
1.72419
0.164697
0.0263575
0.0101581
1.72387
0.166
0.0216872
0.00819675
1.72618
0.17046
0.0232042
0.0124391
1.72506
0.166532
0.0241377
0.010494
1.72884
0.167414
0.024171
0.0116609
1.72365
0.164692
0.023987
0.00947612
1.72564
0.167308
0.0247967
0.0111334
1.72449
0.170639
0.0223608
0.00880039
1.7249
0.163627
0.0261738
0.0103069
1.72656
0.161092
0.0243634
0.00728601
1.72632
0.162288
0.0235434
0.0119429
1.72549
0.169092
0.0268359
0.0110061
1.72866
0.163278
0.022522
0.0104808
1.72435
0.164954
0.0260778
0.00852568
1.72617
0.162227
0.0220217
0.0100979
1.72373
0.169619
0.0228885
0.0105449
1.72816
0.165145
0.0219429
0.0109965
1.72347
0.162875
0.0270736
0.0111124
1.72653
0.168077
0.0264849
0.0099005
1.72487
0.164542
0.0219355
0.0116421
1.72663
0.165572
0.0228917
0.0098804
1.72591
0.163732
0.024348
0.0101965
1.7246
0.164608
0.0245237
0.00784672
1.72438
0.163327
0.0200793
0.00855667
1.72754
0.171696
0.0252318
0.00879301
1.72359
0.16272
0.0204151
0.00884832
1.72606
0.165981
0.0207195
0.0076686
1.72225
0.168599
0.0216824
0.00944993
1.72443
0.168743
0.0216489
0.011713
1.72641
0.168127
0.0257498
0.010602
1.72645
0.16529
0.0227855
0.00941018
1.72478
0.165886
0.0231919
0.00890484
1.72404
0.167504
0.0230287
0.0139422
1.72776
0.167638
0.02068
0.00901613
1.72409
0.163916
0.0247592
0.0099274
1.72666
0.1646
0.0236119
0.00847725
1.72612
0.166606
0.0255084
0.00995276
1.72462
0.164065
0.0221397
0.00994375
1.72343
0.162391
0.024497
0.0123604
1.72376
0.166806
0.0232837
0.0105704
1.72678
0.163963
0.0256239
0.0076769
1.72464
0.165253
0.0220338
0.008179
1.72548
0.164529
0.0200588
0.00969305
1.72566
0.166452
0.0189144
0.00959013
1.72447
0.16304
0.025187
0.00879881
1.72612
0.16572
0.0222768
0.0100215
1.72742
0.165623
0.0263178
0.00865685
1.72603
0.166103
0.0265047
0.00771863
1.72523
0.167652
0.0219958
0.00910587
1.72548
0.166423
0.0244591
0.0120743
1.72269
0.165718
0.0249854
0.00909967
1.72592
0.164527
0.0232599
0.00937225
1.72683
0.163838
0.0264369
0.00904087
1.72438
0.162092
0.0284779
0.00861175
1.72562
0.16737
0.0267885
0.00952949
1.72763
0.166902
0.0230741
0.0104324
1.72448
0.166937
0.0255653
0.00905029
1.7267
0.1652
0.0209835
0.00726828
1.72623
0.164842
0.0247538
0.00859849
1.72772
0.165839
0.026087
0.0100622
1.72599
0.166355
0.0243664
0.0101002
1.72548
0.16274
0.024321
0.0135858
1.72371
0.166137
0.0265368
0.0103439
1.72487
0.164023
0.0223831
0.00988647
1.72358
0.16629
0.0267909
0.00852217
1.72664
0.17046
0.0207045
0.0105157
1.72459
0.165189
0.0237713
0.00945228
1.7283
0.167542
0.0254431
0.0121922
1.7239
0.165383
0.024085
0.0102921
1.72706
0.166397
0.0250777
0.00960793
1.72259
0.16344
0.0248469
0.00952458
1.72863
0.164322
0.025181
0.0104715
1.72641
0.161253
0.0258652
0.00910283
1.72541
0.162612
0.0262978
0.00860955
1.72466
0.166229
0.02273
0.0103896
1.7225
0.165347
0.0273389
0.0101367
1.72687
0.165325
0.0247661
0.0100312
1.72433
0.164397
0.0237426
0.0101961
1.72604
0.165133
0.0224627
0.0114104
1.72331
0.165597
0.0244731
0.012589
1.72294
0.163632
0.02334
0.0122426
1.72781
0.167037
0.0194965
0.00842707
1.72375
0.166118
0.0224683
0.00793688
1.72755
0.164976
0.0238576
0.0113526
1.7242
0.171886
0.0215355
0.010835
1.72545
0.167942
0.0260842
0.00747372
1.7264
0.165885
0.0229267
0.00778186
1.72466
0.16468
0.0253588
0.0102068
1.72745
0.166781
0.0217593
0.0133018
1.7255
0.164916
0.0245456
0.0103192
1.72801
0.168659
0.0256996
0.00803449
1.72729
0.166618
0.0219888
0.0096659
1.72619
0.171185
0.0237792
0.00611197
1.72502
0.165522
0.0264798
0.0124062
1.72716
0.165405
0.0232284
0.0106067
1.72327
0.16825
0.0221058
0.00857106
1.72883
0.165016
0.0235083
0.0120586
1.72341
0.167639
0.0222371
0.00576327
1.72463
0.167783
0.0286759
0.0107587
1.72503
0.164071
0.0243379
0.0086823
1.7263
0.166433
0.0260667
0.00922437
1.72702
0.167697
0.0240431
0.0110775
1.72471
0.16528
0.0257036
0.00892366
1.72526
0.171124
0.0245214
0.00907225
1.72465
0.167493
0.0234512
0.0109619
1.72731
0.166255
0.0273758
0.00762243
1.72645
0.165356
0.0259059
0.010973
1.72508
0.168562
0.0256754
0.00939136
1.72633
0.165213
0.0229905
0.00908528
1.7275
0.165161
0.0209682
0.0122901
1.72557
0.169437
0.0237617
0.00963489
1.72745
0.164301
0.0269749
0.0131963
1.72734
0.167738
0.0207748
0.00882489
1.72516
0.170598
0.0292226
0.00814194
1.72623
0.164635
0.0246522
0.00988126
1.72534
0.164221
0.0212509
0.0123985
1.72093
0.16243
0.0224702
0.00875868
1.7278
0.16383
0.0250437
0.00980569
1.72552
0.167938
0.0204597
0.0124441
1.72712
0.162849
0.0232193
0.0085578
1.72767
0.164241
0.0222923
0.00942892
1.72506
0.16544
0.024434
0.0112969
1.72639
0.16313
0.0246172
0.0126123
1.72617
0.168916
0.0212267
0.00973775
1.72505
0.164798
0.0254696
0.0122503
1.72566
0.165758
0.0246923
0.01107
1.72703
0.163472
0.0248411
0.00856008
1.72527
0.166661
0.0234021
0.0113398
1.72524
0.163828
0.0239063
0.0089504
1.72598
0.16495
0.0230204
0.00749462
1.72596
0.164429
0.0220342
0.00793182
1.72679
0.167177
0.0245827
0.0125536
1.72753
0.163948
0.0270741
0.00834948
1.72467
0.168271
0.027298
0.0105491
1.72753
0.165549
0.0248481
0.00856138
1.72547
0.167287
0.0226172
0.0119743
1.72868
0.165734
0.0214275
0.0103177
1.72625
0.163471
0.022041
0.00767564
1.72713
0.164666
0.025365
0.0107393
1.72621
0.16472
0.024841
0.00942118
1.72482
0.164131
0.0208556
0.00969221
1.72259
0.169547
0.0246025
0.0102612
1.72604
0.163979
0.0226381
0.011602
1.72687
0.166304
0.0194032
0.0117593
1.72576
0.162701
0.0211286
0.0139065
1.72442
0.166662
0.023944
0.00723673
1.72521
0.166753
0.0283413
0.0114057
1.7252
0.165217
0.0272347
0.00976802
1.72475
0.164519
0.0235797
0.0134656
1.72659
0.164889
0.0223082
0.0113352
1.72602
0.164684
0.0269602
0.00945717
1.72572
0.167474
0.0237395
0.0119123
1.72425
0.165013
0.0250049
0.0105502
1.7262
0.165951
0.023501
0.012196
1.72657
0.162309
0.0254241
0.0123411
1.72729
0.165945
0.0229198
0.0105823
1.72455
0.16648
0.0214598
0.010276
1.72259
0.165798
0.0229427
0.0111428
1.72607
0.168017
0.0256066
0.00974431
1.72315
0.165428
0.0279848
0.0076454
1.7266
0.170208
0.023755
0.0089655
1.72321
0.166854
0.022874
0.0101194
1.72464
0.169018
0.0268549
0.0104749
1.72611
0.163623
0.025344
0.0104056
1.72359
0.166663
0.0260438
0.0113519
1.72447
0.166117
0.0237952
0.0117199
1.72397
0.163284
0.0206185
0.00945668
1.72514
0.16552
0.0233334
0.00672971
1.72588
0.160758
0.0210765
0.010863
1.72688
0.167591
0.0264984
0.0109015
1.72447
0.16321
0.0254445
0.0102986
1.7234
0.165548
0.0227794
0.0110468
1.72555
0.163684
0.0263556
0.00956073
1.72578
0.167692
0.022262
0.0116276
1.72554
0.164407
0.0188111
0.00696619
1.72414
0.164081
0.0265793
0.0111988
1.72334
0.165375
0.0229291
0.00902312
1.72587
0.163719
0.0249747
0.0105831
1.72751
0.168515
0.023394
0.00803336
1.72516
0.163697
0.0247042
0.0118617
1.72494
0.161683
0.022327
0.0102606
1.72351
0.166778
0.0225924
0.00992267
1.72716
0.164325
0.0203184
0.01074
1.72628
0.16421
0.0236602
0.00989335
1.72678
0.166271
0.0245099
0.00763735
1.72527
0.164311
0.0243425
0.0108857
1.7248
0.16227
0.0254097
0.0105813
1.72598
0.16527
0.0225779
0.0128012
1.72579
0.164629
0.0216232
0.0130904
1.72378
0.166374
0.0247389
0.0093756
1.72566
0.164049
0.0250196
0.0117969
1.72409
0.164378
0.0240515
0.0113738
1.72921
0.165402
0.0242829
0.0100548
1.72528
0.163507
0.0240795
0.0105016
1.72397
0.16407
0.0215544
0.0124285
1.72678
0.163668
0.0272789
0.0101249
1.72478
0.167398
0.0217058
0.00883433
1.72349
0.16259
0.0206522
0.00981211
1.72521
0.167248
0.0238009
0.011563
1.72663
0.164428
0.0216374
0.011387
1.72286
0.165092
0.0247079
0.00827515
1.73078
0.165837
0.0262554
0.0113309
1.72391
0.169689
0.0254577
0.00874585
1.7261
0.16688
0.0233322
0.0100218
1.72579
0.169919
0.0241794
0.0100348
1.72377
0.165964
0.0243769
0.011238
1.72428
0.163418
0.0220725
0.00987978
1.72819
0.169957
0.0247008
0.0106891
1.72704
0.166957
0.0231781
0.0117207
1.72655
0.166097
0.0254989
0.00733606
1.72533
0.16787
0.022309
0.0069771
1.72636
0.165478
0.0243867
0.00725376
1.72574
0.164746
0.0265968
0.0120364
1.72393
0.164333
0.0223588
0.0100736
1.72966
0.168812
0.0241196
0.010554
1.72739
0.162799
0.02644
0.0102809
1.7242
0.166597
0.0208211
0.010413
1.72515
0.167358
0.0296521
0.0105165
1.72632
0.165096
0.019904
0.00864773
1.72714
0.174177
0.0226987
0.00940477
1.72371
0.16736
0.0234674
0.0120997
1.72365
0.161735
0.0245581
0.0117268
1.72437
0.163055
0.021525
0.00898673
1.72597
0.165648
0.0243177
0.00999136
1.72629
0.165359
0.0218967
0.00927953
1.72314
0.164861
0.0235725
0.00873006
1.72686
0.170039
0.024606
0.00999486
1.7232
0.16667
0.0190931
0.00837515
1.72266
0.166275
0.026027
0.00970397
1.725
0.165096
0.0216657
0.0112319
1.72548
0.164618
0.0222596
0.00852674
1.726
0.164034
0.0210235
0.0125305
1.72762
0.167176
0.0217322
0.00596124
1.72604
0.165316
0.0237916
0.00876105
1.72638
0.164797
0.024692
0.0109415
1.72488
0.166954
0.0254867
0.00981282
1.72749
0.165725
0.0231465
0.0101498
1.7298
0.164347
0.024884
0.0100276
1.72653
0.165273
0.0255966
0.0102548
1.72626
0.166105
0.0244085
0.011547
1.7261
0.165529
0.0216177
0.0102013
1.72265
0.163722
0.0235839
0.0102581
1.72647
0.165519
0.0237953
0.0107121
1.72598
0.163849
0.027208
0.0128846
1.72327
0.166808
0.0224745
0.00717419
1.72768
0.168743
0.0242951
0.0117843
1.7248
0.165225
0.0222578
0.0118925
1.72401
0.161953
0.0244028
0.0108348
1.72583
0.168315
0.0227634
0.0076284
1.72653
0.164949
0.0222023
0.00970348
1.72386
0.164343
0.0222532
0.0103464
1.72628
0.165768
0.0231254
0.0107253
1.72747
0.169566
0.0259835
0.00940748
1.72449
0.167406
0.0247073
0.00937918
1.72609
0.164007
0.0249269
0.0129197
1.72561
0.164191
0.0236228
0.0102542
1.72836
0.166975
0.0230005
0.0093244
1.72964
0.168147
0.0264313
0.0113897
1.72554
0.169347
0.0289556
0.0133247
1.7258
0.16072
0.024421
0.0071344
1.72772
0.167414
0.0252815
0.0136006
1.72456
0.162823
0.0251704
0.00900432
1.72661
0.16565
0.0216914
0.0116755
1.72338
0.16417
0.0233044
0.00816998
1.72525
0.164032
0.025638
0.0088357
1.72638
0.163717
0.0236056
0.0103801
1.72732
0.165734
0.0254982
0.00961689
1.72767
0.164118
0.0257061
0.0112361
1.72578
0.168478
0.0227353
0.00936982
1.72505
0.166075
0.0221321
0.0132646
1.72682
0.165717
0.0260099
0.010195
1.72396
0.167068
0.0240516
0.00848702
1.72534
0.165703
0.0237858
0.00971392
1.72856
0.165233
0.0240406
0.00936123
1.7261
0.162794
0.022082
0.0119267
1.72508
0.166085
0.0232276
0.0108322
1.72355
0.164729
0.0232555
0.0147612
1.72637
0.166482
0.021762
0.0111691
1.72601
0.166441
0.0222852
0.0115424
1.72657
0.165856
0.0241672
0.00909406
1.72461
0.166991
0.0224471
0.00952058
1.72624
0.164852
0.0241658
0.0107321
1.72685
0.166626
0.0256547
0.0122935
1.72464
0.167585
0.0215935
0.00789319
1.72838
0.170063
0.0239192
0.0109165
1.72451
0.167446
0.0225148
0.00930983
1.72548
0.165138
0.0188396
0.00761798
1.72539
0.162116
0.0241964
0.00753985
1.72461
0.162689
0.0256079
0.00810939
1.72647
0.163196
0.0198265
0.00897808
1.72787
0.171125
0.0290461
0.0123697
1.72543
0.164155
0.0256139
0.00845621
1.7246
0.169277
0.0231612
0.00989332
1.72519
0.166193
0.0227022
0.00987323
1.72589
0.163717
0.0221028
0.0103849
1.72457
0.167068
0.0221104
0.00908568
1.72803
0.166178
0.0226477
0.0115961
1.72479
0.169839
0.0226929
0.00777154
1.72317
0.167664
0.0249112
0.00925788
1.72267
0.166143
0.0255825
0.00909432
1.72328
0.166677
0.0222476
0.00850273
1.72407
0.166222
0.0267504
0.0102264
1.72859
0.163504
0.0276058
0.00863209
1.72647
0.165219
0.025905
0.0102869
1.72576
0.166303
0.0239638
0.0107858
1.72413
0.165829
0.0278081
0.011652
1.72935
0.167153
0.0223761
0.0116679
1.72639
0.165397
0.0253876
0.00967528
1.72589
0.165167
0.0230356
0.00674408
1.72746
0.165949
0.0244955
0.010934
1.72582
0.163748
0.0245478
0.0109808
1.72699
0.165001
0.0244573
0.0121429
1.72671
0.163618
0.0201425
0.0105168
1.72361
0.162241
0.0246558
0.0106044
1.72397
0.160008
0.0241621
0.00790024
1.72694
0.167835
0.0206708
0.0117319
1.72396
0.164627
0.0246069
0.010505
1.72545
0.16453
0.0239882
0.0106428
1.7244
0.165134
0.0224513
0.00990251
1.72602
0.166487
0.0237237
0.0114124
1.72343
0.163213
0.0235651
0.0122137
1.72341
0.163784
0.0239761
0.00793907
1.72418
0.165047
0.0266025
0.00886015
1.72651
0.168279
0.0253927
0.0121465
1.72652
0.164281
0.0247614
0.00901452
1.72428
0.163518
0.0263937
0.0104531
1.72733
0.165219
0.0218339
0.0091415
1.72648
0.165788
0.0240558
0.00854896
1.72225
0.16579
0.0224476
0.0129749
1.7265
0.16411
0.0218371
0.0127203
1.72728
0.166014
0.023789
0.00970115
1.72696
0.164209
0.0255442
0.0090892
1.72756
0.16792
0.0290279
0.0126229
1.72415
0.166318
0.0230361
0.0085446
1.72523
0.165471
0.0240993
0.00852398
1.72225
0.165418
0.0239003
0.0100941
1.72756
0.165883
0.0238411
0.013024
1.72264
0.162673
0.0269565
0.0138918
1.72454
0.167251
0.0260707
0.0114281
1.72635
0.166666
0.0242187
0.0121821
1.72635
0.167181
0.0231392
0.0105271
1.72837
0.167854
0.0219633
0.00765676
1.72437
0.165801
0.0275154
0.0130135
1.72428
0.167292
0.0241864
0.0100317
1.7245
0.165106
0.0228256
0.00863108
1.72425
0.166175
0.0255787
0.00768
1.72436
0.166273
0.0258728
0.0124809
1.72478
0.165458
0.0236736
0.00882297
1.72516
0.162568
0.0202682
0.0109813
1.72269
0.167585
0.0242672
0.00778033
1.72807
0.170061
0.0241919
0.0106634
1.7251
0.166905
0.024054
0.00665039
1.72549
0.169554
0.0239222
0.00851746
1.72485
0.165235
0.0227358
0.00780779
1.72839
0.164926
0.0237171
0.0121065
1.72559
0.167729
0.0213657
0.0083503
1.72573
0.167782
0.0307021
0.00868475
1.72547
0.162507
0.0279398
0.0109923
1.72627
0.164468
0.0251363
0.00998117
1.72572
0.165886
0.0287738
0.0109334
1.72487
0.165644
0.0260063
0.00837868
1.7233
0.163636
0.0204984
0.00925265
1.7245
0.165753
0.0231436
0.0100677
1.72525
0.169353
0.022761
0.00716348
1.72561
0.164245
0.0238981
0.013471
1.72478
0.165265
0.0236006
0.0103734
1.72632
0.165072
0.0244058
0.0118165
1.72521
0.16876
0.0210721
0.0110409
1.72861
0.166855
0.0256408
0.0106737
1.72623
0.167699
0.0212488
0.0101452
1.72364
0.168102
0.0240624
0.013443
1.7249
0.16682
0.0259489
0.00997109
1.7271
0.16814
0.0236824
0.0094263
1.72529
0.166695
0.0231351
0.0151313
1.72657
0.168806
0.0208541
0.0100154
1.72517
0.161923
0.0265485
0.00822955
1.7276
0.166031
0.0230516
0.00978296
1.72524
0.168895
0.0197047
0.0123433
1.72668
0.165036
0.0238561
0.00918703
1.72627
0.165941
0.0265295
0.00995968
1.72611
0.163417
0.0225223
0.0111886
1.727
0.166035
0.0216777
0.00991995
1.7243
0.165763
0.023926
0.0125645
1.7273
0.164627
0.022854
0.00843533
1.72407
0.16936
0.0248566
0.00943736
1.72472
0.165961
0.0256973
0.0104637
1.72661
0.165031
0.0207059
0.00975448
1.72366
0.164451
0.0230109
0.0120462
1.72707
0.164191
0.0224939
0.0102577
1.73144
0.166199
0.0268013
0.0108923
1.72512
0.164278
0.0241021
0.0097931
1.72529
0.165676
0.0252351
0.00955538
1.72553
0.164931
0.0234532
0.00905376
1.72395
0.163142
0.0227464
0.00959851
1.72422
0.163519
0.0215549
0.0127654
1.72392
0.164905
0.0245439
0.0124731
1.72229
0.167026
0.0271294
0.00819839
1.72585
0.164751
0.0254993
0.0154101
1.72526
0.162616
0.0218693
0.010718
1.72556
0.166213
0.0258778
0.00848532
1.72543
0.165396
0.0245412
0.00678342
1.72476
0.166227
0.0247504
0.0104174
1.72495
0.163841
0.0206332
0.00779747
1.72627
0.163569
0.0212224
0.00822672
1.72472
0.167999
0.0262637
0.00967271
1.72785
0.169153
0.0225569
0.00928072
1.7235
0.167306
0.0209646
0.00796564
1.72715
0.163781
0.0246881
0.0124686
1.72771
0.165605
0.0219237
0.00901202
1.72466
0.167798
0.025163
0.0105667
1.72733
0.166995
0.0249214
0.00765374
1.72508
0.165715
0.0219533
0.0108808
1.72551
0.164634
0.0279102
0.0145393
1.72431
0.165912
0.0228906
0.00776765
1.72365
0.163633
0.0236073
0.0109684
1.72683
0.166733
0.0223997
0.00870453
1.72522
0.166369
0.0263265
0.0105401
1.72356
0.165766
0.0243236
0.0108332
1.72838
0.168517
0.025664
0.0109748
1.72762
0.165431
0.0222164
0.00836092
1.7258
0.16432
0.0236358
0.0136325
1.72693
0.1664
0.0281148
0.0107414
1.7274
0.167255
0.0234849
0.00946509
1.7248
0.164308
0.0255317
0.0111409
1.72769
0.160273
0.0244948
0.0132732
1.7236
0.166317
0.0255159
0.0101281
1.72382
0.165008
0.0244291
0.0110019
1.72387
0.164053
0.022618
0.00990091
1.725
0.165378
0.0244186
0.0103852
1.72499
0.162101
0.0223387
0.011956
1.72436
0.168495
0.0248603
0.00939253
1.73027
0.166196
0.0238888
0.0118702
1.72515
0.167093
0.0235051
0.00866008
1.72612
0.168425
0.0231343
0.00742848
1.7251
0.164069
0.022922
0.00776101
1.72624
0.165465
0.0253675
0.0109256
1.72553
0.165382
0.0236733
0.00968636
1.72647
0.163178
0.0199457
0.00981573
1.72567
0.1616
0.02328
0.010512
1.7267
0.165182
0.0256578
0.012885
1.72504
0.16543
0.0234826
0.00836227
1.7269
0.167415
0.024762
0.0110497
1.72401
0.165109
0.0214814
0.00956734
1.72324
0.165677
0.0234466
0.0104977
1.72425
0.165116
0.0242536
0.00759645
1.72383
0.16726
0.0212315
0.0136433
1.72514
0.165724
0.0229646
0.00978414
1.72548
0.164011
0.0230611
0.0106221
1.72695
0.16859
0.0279328
0.0127653
1.72563
0.164989
0.0232321
0.00899319
1.72615
0.167568
0.023453
0.0069447
1.72378
0.162892
0.0238678
0.0083967
1.72451
0.166558
0.0258768
0.00837639
1.72501
0.163266
0.0232753
0.00954744
1.72457
0.162244
0.0231523
0.00955151
1.72486
0.164456
0.0224863
0.0111236
1.72425
0.166629
0.0246518
0.0120208
1.72658
0.16334
0.0243413
0.00736387
1.72526
0.168762
0.0241325
0.010925
1.72394
0.164028
0.0232362
0.0109718
1.72376
0.167514
0.0240747
0.0111631
1.72539
0.167366
0.0285155
0.0148256
1.72833
0.163111
0.0257594
0.0125485
1.72563
0.164792
0.0244385
0.00698182
1.72278
0.169008
0.024879
0.0107218
1.72726
0.166768
0.0249131
0.00912578
1.72797
0.163806
0.0237409
0.00605555
1.72385
0.165732
0.0231602
0.0111426
1.72683
0.165245
0.024424
0.0107344
1.72654
0.166727
0.0219339
0.00945353
1.72377
0.164416
0.0269148
0.011438
1.72641
0.168452
0.0242632
0.00700012
1.72518
0.167191
0.0241586
0.00955035
1.72298
0.170633
0.0217112
0.0105177
1.72237
0.167128
0.026364
0.00854491
1.724
0.167337
0.0199814
0.0111902
1.72467
0.168344
0.0218958
0.010436
1.7257
0.166807
0.023682
0.00948321
1.72641
0.164072
0.0232332
0.00939451
1.72661
0.164634
0.0228156
0.0105257
1.72449
0.165552
0.0222004
0.0110006
1.72606
0.163103
0.0245295
0.0106329
1.72988
0.169877
0.0241194
0.0101336
1.72583
0.167542
0.0204618
0.010144
1.725
0.167163
0.0241853
0.00777926
1.7221
0.167641
0.024971
0.00941068
1.72521
0.162048
0.020593
0.0117299
1.72489
0.166208
0.0220712
0.00833059
1.72711
0.163931
0.0221248
0.00592587
1.72293
0.167187
0.0242366
0.0113549
1.72456
0.163335
0.0233186
0.0113702
1.72372
0.167658
0.0245789
0.00962532
1.72407
0.168739
0.0269078
0.0119444
1.72416
0.167563
0.022624
0.0109161
1.72625
0.165689
0.0265857
0.0133417
1.72796
0.164832
0.02524
0.0121038
1.72861
0.164691
0.025147
0.00889627
1.72417
0.164347
0.0218646
0.00913203
1.72628
0.163775
0.0251946
0.0136648
1.72592
0.166235
0.0245651
0.00929567
1.72702
0.163245
0.021379
0.00974591
1.72703
0.169918
0.0225027
0.00919292
1.72332
0.165753
0.0202958
0.00923128
1.72484
0.169101
0.0271242
0.00807801
1.72383
0.165755
0.023003
0.0107736
1.72738
0.166193
0.0278398
0.0124845
1.72446
0.163677
0.0250986
0.00947508
1.72627
0.166086
0.024337
0.0108125
1.72619
0.16418
0.0278254
0.0133586
1.72504
0.164189
0.020517
0.0107528
1.72555
0.165852
0.0235945
0.00947784
1.72501
0.165947
0.026667
0.00969396
1.72428
0.164348
0.0252492
0.00906535
1.726
0.160362
0.0249116
0.0093157
1.72368
0.164353
0.0253571
0.01117
1.72537
0.163429
0.0249961
0.00940575
1.72607
0.165107
0.0245836
0.00576942
1.72465
0.161664
0.0230905
0.0074014
1.72704
0.164319
0.0202573
0.00980909
1.72685
0.169686
0.0252428
0.00874629
1.72511
0.164099
0.0256901
0.00988903
1.726
0.165056
0.0237512
0.0110119
1.72221
0.162718
0.0276976
0.0106646
1.72488
0.163466
0.0199413
0.00890252
1.72796
0.16535
0.0236425
0.0106188
1.72583
0.16138
0.0209976
0.0103905
1.7254
0.166975
0.0224631
0.00734019
1.72646
0.164351
0.022449
0.00957552
1.72823
0.170892
0.0256008
0.0096606
1.7216
0.166832
0.0223544
0.0100294
1.72578
0.163451
0.0232652
0.00775089
1.72595
0.162994
0.0249949
0.0104946
1.72912
0.165268
0.0207838
0.0129206
1.72789
0.166148
0.025622
0.0101298
1.72676
0.165526
0.0241748
0.00948689
1.72409
0.164233
0.0247654
0.012534
1.72574
0.162707
0.0250096
0.0132446
1.72387
0.161487
0.0243863
0.009893
1.72653
0.165998
0.0225076
0.0108641
1.72531
0.169892
0.0215007
0.00937539
1.72793
0.164963
0.0251549
0.0146546
1.72528
0.163828
0.0219645
0.0102341
1.72549
0.167441
0.0238796
0.0122646
1.72592
0.165307
0.0229643
0.0134872
1.72689
0.165556
0.0260183
0.0108159
1.72591
0.161342
0.0233028
0.00763431
1.72538
0.165036
0.0259701
0.00835035
1.72431
0.16508
0.0232912
0.008466
1.72761
0.16168
0.0232603
0.00866418
1.72793
0.165707
0.0218828
0.00947914
1.72474
0.166932
0.025705
0.0111195
1.72584
0.159834
0.0211208
0.016278
1.72196
0.165629
0.025129
0.00839146
1.72869
0.163688
0.0235712
0.00853569
1.72637
0.168615
0.0249987
0.0113787
1.72436
0.164881
0.022505
0.0129204
1.72647
0.16417
0.0245131
0.00975422
1.72646
0.161911
0.0230071
0.00900846
1.72383
0.164962
0.0220939
0.0101714
1.72691
0.169159
0.0221376
0.00919531
1.7277
0.167386
0.0252879
0.0132775
1.72297
0.164219
0.0223964
0.0102133
1.72757
0.167124
0.0261572
0.0103189
1.72478
0.166323
0.0248267
0.0113323
1.72975
0.166501
0.0259801
0.0108122
1.7259
0.163699
0.0260059
0.0105235
1.72695
0.162976
0.0257078
0.012975
1.72419
0.163761
0.0245208
0.00960419
1.72455
0.165289
0.0269351
0.0101717
1.72561
0.170221
0.0245331
0.0118747
1.72563
0.167895
0.0277265
0.0127119
1.72372
0.165086
0.0232807
0.00995395
1.72646
0.164594
0.0239653
0.0115182
1.72341
0.166594
0.0226822
0.0111395
1.72187
0.164397
0.0220739
0.00818036
1.72577
0.166269
0.0250433
0.0103725
1.72664
0.162973
0.0261689
0.0129424
1.72406
0.164901
0.0232186
0.0107353
1.72555
0.169169
0.031242
0.00919616
1.72824
0.166257
0.0215481
0.00988162
1.72491
0.163855
0.0268444
0.0120389
1.72613
0.163788
0.0253763
0.0139705
1.72562
0.165316
0.0222283
0.0117575
1.72768
0.169042
0.0248985
0.009404
1.72506
0.165607
0.0220121
0.00757084
1.72501
0.162567
0.0232175
0.00985764
1.72607
0.166759
0.0236909
0.00927847
1.72733
0.167464
0.0247215
0.0111076
1.72556
0.16871
0.0226225
0.0107032
1.72634
0.166634
0.0277379
0.0108574
1.72529
0.1675
0.0238414
0.0135245
1.72531
0.166108
0.0226927
0.0120871
1.72444
0.163957
0.0225471
0.00931108
1.72655
0.163927
0.022814
0.009577
1.72464
0.166071
0.0223223
0.00870542
1.72536
0.164685
0.0211414
0.0098642
1.72548
0.166354
0.0260242
0.0135814
1.72695
0.16452
0.0250744
0.00876045
1.7265
0.168964
0.0249783
0.00884465
1.72472
0.168374
0.0244857
0.0109531
1.72361
0.166303
0.0234873
0.011578
1.725
0.165001
0.0241058
0.0100967
1.72491
0.162062
0.0223785
0.00858165
1.72658
0.165157
0.0199428
0.00971725
1.72502
0.165299
0.0223588
0.00743132
1.72453
0.165092
0.0237169
0.00891186
1.72586
0.160531
0.0277884
0.0117514
1.72356
0.168386
0.0234439
0.00675524
1.72455
0.166946
0.0255096
0.0103535
1.72865
0.164533
0.0262095
0.00893278
1.72637
0.164486
0.0232247
0.00965002
1.72585
0.165385
0.0241671
0.00986975
1.72424
0.166955
0.0227438
0.00818025
1.725
0.164577
0.0248742
0.010125
1.72335
0.166023
0.0224273
0.00878686
1.72603
0.16855
0.0221516
0.00884851
1.72583
0.167313
0.0212839
0.0112959
1.72718
0.163704
0.0217103
0.00981391
1.72586
0.163884
0.0261565
0.0111232
1.72462
0.165795
0.0253095
0.0121136
1.72651
0.167665
0.0248806
0.01035
1.72367
0.167304
0.0228073
0.00936107
1.72483
0.165982
0.0229064
0.0103049
1.72509
0.164432
0.0239542
0.00850403
1.72536
0.170317
0.0262612
0.0125902
1.72696
0.16769
0.0240118
0.0114758
1.72485
0.163176
0.0246725
0.00795401
1.7222
0.16382
0.0260498
0.00923355
1.72558
0.165774
0.0264182
0.0131272
1.72451
0.167478
0.0234757
0.00914097
1.72839
0.164817
0.0233859
0.00994665
1.72697
0.166064
0.0233562
0.0114892
1.72245
0.162584
0.0244931
0.00989741
1.72533
0.164501
0.0257798
0.0123177
1.72649
0.165866
0.0221688
0.0119896
1.72629
0.167208
0.0240138
0.0144633
1.72721
0.168496
0.0237642
0.00890807
1.72428
0.168042
0.0239287
0.0108318
1.72706
0.168768
0.0254422
0.00955464
1.72407
0.163997
0.0248852
0.00832948
1.72487
0.165083
0.0242853
0.0121087
1.72715
0.168868
0.0257568
0.0103229
1.72298
0.168119
0.0209302
0.0089825
1.72543
0.166094
0.0268023
0.014106
1.72375
0.162763
0.0217224
0.0119456
1.72247
0.1695
0.025126
0.0133304
1.72562
0.166927
0.0230826
0.00969711
1.73034
0.163881
0.0218658
0.0113322
1.72453
0.165521
0.0275875
0.0144008
1.72773
0.164848
0.0204881
0.00806336
1.72414
0.168574
0.0240594
0.0126995
1.72496
0.163503
0.0206431
0.00855098
1.7215
0.164753
0.0238422
0.0139887
1.72519
0.16491
0.02081
0.00990704
1.72664
0.164744
0.0237091
0.00940545
1.72786
0.166087
0.0242339
0.00936118
1.72459
0.167585
0.0222317
0.0112815
1.72329
0.165152
0.0205703
0.00941355
1.72525
0.167447
0.0241983
0.0112404
1.72677
0.167393
0.028278
0.0118978
1.72443
0.167403
0.025316
0.0129886
1.7247
0.166203
0.0219045
0.0121355
1.72971
0.163821
0.0283791
0.0102329
1.72762
0.163436
0.0286735
0.00999391
1.72477
0.16676
0.0246812
0.0121127
1.72546
0.165909
0.022773
0.0125459
1.72513
0.165351
0.0255209
0.0125911
1.72533
0.168769
0.0221779
0.0083345
1.72465
0.165438
0.0255567
0.0112415
1.7234
0.16484
0.0208093
0.01105
1.72233
0.164459
0.0223591
0.00753093
1.72481
0.16192
0.0228807
0.0125906
1.72513
0.165316
0.0235198
0.0107435
1.72395
0.168208
0.0185474
0.0102961
1.72847
0.162996
0.0235607
0.00938026
1.72419
0.167943
0.0227319
0.0106485
1.72377
0.165569
0.0239865
0.0124123
1.72618
0.166928
0.0246188
0.00918142
1.72426
0.167008
0.0258702
0.0130032
1.72967
0.168927
0.0249932
0.00947507
1.72405
0.163249
0.0201081
0.0113397
1.72728
0.163868
0.0220427
0.00671681
1.723
0.164181
0.0263186
0.00771556
1.72415
0.167643
0.0224354
0.0117886
1.72755
0.164599
0.0248473
0.00860419
1.72691
0.163829
0.0224496
0.0109964
1.724
0.163693
0.0233201
0.00920206
1.72378
0.161196
0.0258476
0.0101726
1.72563
0.166875
0.026414
0.0110565
1.72275
0.167129
0.0245561
0.00819667
1.72342
0.164356
0.0238133
0.00888954
1.72633
0.165378
0.0282313
0.00995471
1.724
0.161753
0.0229559
0.00934387
1.72433
0.165927
0.0233505
0.0110157
1.72286
0.165116
0.0236416
0.0109768
1.72653
0.162208
0.0235126
0.0123454
1.72789
0.167818
0.0252292
0.0130637
1.72638
0.165598
0.0252622
0.00931733
1.72603
0.163998
0.0203415
0.0116235
1.72324
0.168209
0.0237815
0.00861735
1.72612
0.166085
0.025942
0.01378
1.72617
0.167801
0.0217286
0.0102593
1.72814
0.163238
0.0196821
0.0105953
1.72486
0.163043
0.0207566
0.00667635
1.72359
0.16601
0.0235255
0.0102511
1.72729
0.166445
0.0246932
0.0107473
1.72425
0.166149
0.0227764
0.0118032
1.72956
0.16887
0.0265697
0.0116697
1.72317
0.169932
0.0232724
0.0106938
1.72551
0.164332
0.022102
0.00930275
1.72777
0.165282
0.0232025
0.0126471
1.72475
