0
0.138519
0.22776
0.307774
0.388427
0.464924
0.535453
0.600483
0.669499
0.736778
0.803668
0.856865
0.908926
0.962874
1.01252
1.06183
1.11489
1.16535
1.2097
1.24495
1.28695
1.33815
1.38093
1.4199
1.45277
1.49361
1.53006
1.56909
1.60284
1.642
1.68189
1.71175
1.74739
1.79018
1.83111
1.86558
1.89865
1.94189
1.986
2.02225
2.06087
2.09918
2.14192
2.18226
2.21722
2.25919
2.28224
2.31125
2.35534
2.39654
2.42946
2.47831
2.52303
2.56289
2.59565
2.62915
2.67071
2.71746
2.75519
2.78407
2.8108
2.8437
2.87519
2.90556
2.94251
2.96776
3.00745
3.04025
3.06613
3.1062
3.14808
3.17258
3.21186
3.23777
3.27289
3.29654
3.32641
3.36405
3.3927
3.41515
3.43604
3.47993
3.49819
3.5142
3.54419
3.57247
3.60951
3.63673
3.66508
3.70869
3.72459
3.74311
3.76096
3.79051
3.82317
3.86162
3.89125
3.9302
3.9465
3.96779
3.99258
4.03879
4.0639
4.08998
4.12397
4.16721
4.21056
4.24519
4.26379
4.30689
4.33021
4.36222
4.38021
4.41307
4.43871
4.45398
4.48113
4.51766
4.55048
4.56698
4.5995
4.62161
4.66803
4.69027
4.70978
4.72579
4.74239
4.77345
4.79917
4.83235
4.85863
4.87576
4.90507
4.94267
4.9698
4.9906
5.00934
5.04733
5.07026
5.09291
5.12505
5.14842
5.16685
5.19226
5.19964
5.23409
5.26681
5.29203
5.3182
5.34406
5.36969
5.39471
5.42148
5.45243
5.45636
5.45867
5.48038
5.51112
5.51674
5.5245
5.54082
5.56071
5.58634
5.5959
5.63006
5.64914
5.68482
5.70256
5.72479
5.74443
5.77855
5.79605
5.81663
5.83203
5.86173
5.88948
5.91269
5.94482
5.96189
5.97215
5.981
6.01058
6.02764
6.00151
6.01402
6.04848
6.06871
6.07638
6.08797
6.09986
6.11076
6.12543
6.13897
6.1462
6.16467
6.18815
6.2098
6.20065
6.21259
6.25009
6.26679
6.29805
6.32288
6.33505
6.3645
6.38893
6.41707
6.42688
6.44225
6.46981
6.47614
6.48374
6.48072
6.50051
6.51252
6.52284
6.55125
6.57537
6.5939
6.6027
6.64175
6.66401
6.66926
6.68548
6.70485
6.73145
6.72052
6.7294
6.75763
6.78841
6.81068
6.82226
6.82722
6.82205
6.83634
6.85441
6.86328
6.89706
6.9152
6.93185
6.95369
6.98757
7.01538
7.03162
7.05479
7.08979
7.09765
7.13281
7.15008
7.17426
7.17685
7.18144
7.18212
7.22773
7.25659
7.25207
7.26094
7.28784
7.29001
7.30168
7.30435
7.32433
7.31861
7.31851
7.32829
7.36505
7.36917
7.38228
7.40411
7.3947
7.40426
7.42697
7.46194
7.48622
7.50207
7.50367
7.49228
7.53159
7.56623
7.5949
7.60276
7.61555
7.63615
7.64731
7.6655
7.69618
7.70205
7.72984
7.74446
7.77705
7.78647
7.79967
7.80642
7.83837
7.84202
7.83543
7.8534
7.84185
7.86834
7.88298
7.90117
7.88227
7.89961
7.89003
7.91049
7.93133
7.93825
7.94219
7.96972
7.94742
7.95113
7.94442
7.95697
7.98077
7.99867
7.99926
8.02201
8.04243
8.03753
8.04572
8.05037
8.06803
8.07866
8.08352
8.09457
8.10684
8.08979
8.09673
8.0814
8.09
8.10496
8.10725
8.09796
8.10542
8.12785
8.14626
8.13124
8.16151
8.16292
8.17693
8.19035
8.21534
8.19427
8.19181
8.19814
8.19696
8.21043
8.21437
8.1959
8.2076
8.21398
8.23447
8.24689
8.24179
8.23847
8.24627
8.27037
8.29697
8.29363
8.31917
8.33378
8.36259
8.36726
8.35184
8.37561
8.41471
8.43387
8.43677
8.44853
8.45439
8.47877
8.46532
8.47844
8.49411
8.49051
8.49425
8.46433
8.4998
8.51759
8.50316
8.533
8.55727
8.56278
8.56165
8.57229
8.55086
8.55933
8.54584
8.53246
8.53874
8.55234
8.51567
8.522
8.52857
8.53018
8.52653
8.55176
8.55831
8.57749
8.59399
8.61794
8.64725
8.65909
8.66063
8.65127
8.6256
8.64738
8.60222
8.59575
8.61067
8.62081
8.61788
8.6232
8.63389
8.65109
8.6366
8.63316
8.64707
8.63171
8.64141
8.62496
8.62739
8.60907
8.59424
8.60599
8.6044
8.61001
8.59777
8.57744
8.60283
8.61995
8.60579
8.61169
8.62316
8.62901
8.62962
8.61289
8.62296
8.62105
8.62306
8.64337
8.62771
8.635
8.64731
8.65288
8.67573
8.67819
8.68507
8.71686
8.7501
8.75914
8.76545
8.75602
8.78554
8.81473
8.82981
8.85244
8.88657
8.89481
8.90663
8.92365
8.91999
8.9303
8.92694
8.89296
8.9301
8.90802
8.90352
8.91831
8.93263
8.94461
8.96029
8.97316
8.9783
8.98269
8.97111
8.98919
9.01001
9.02223
9.03216
9.03581
9.05344
9.05827
9.06965
9.08851
9.0996
9.08305
9.05675
9.06616
9.07067
9.08028
9.05673
9.06372
9.063
9.07449
9.08415
9.09309
9.08971
9.07664
9.05557
9.05044
9.06827
9.09164
9.10611
9.09259
9.09039
9.12018
9.12231
9.1132
9.14503
9.14224
9.14235
9.12221
9.15121
9.15102
9.14846
9.16986
9.19566
9.2282
9.23053
9.24131
9.27621
9.29286
9.27474
9.23281
9.25134
9.23702
9.21741
9.22773
9.24111
9.25831
9.2601
9.27882
9.29522
9.30655
9.31295
9.30239
9.29555
9.30331
9.31466
9.30969
9.32445
9.32563
9.32799
9.30411
9.29685
9.30528
9.30975
9.29681
9.31798
9.301
9.27212
9.2874
9.2525
9.25968
9.26142
9.25385
9.2834
9.29398
9.29326
9.30272
9.27876
9.2868
9.29653
9.31714
9.32374
9.34861
9.32906
9.33478
9.33659
9.35787
9.34282
9.31006
9.33837
9.35212
9.3538
9.35531
9.36496
9.39428
9.36622
9.36016
9.39551
9.39876
9.41638
9.4133
9.42572
9.41163
9.42259
9.44315
9.43251
9.4699
9.46978
9.46939
9.46816
9.47828
9.49109
9.49882
9.52978
9.54128
9.54144
9.56955
9.58592
9.58609
9.56729
9.56102
9.56398
9.54458
9.5567
9.5503
9.5497
9.56745
9.58026
9.59396
9.59073
9.58966
9.58311
9.58481
9.61154
9.61638
9.5942
9.5965
9.59033
9.59423
9.55957
9.57801
9.58689
9.60231
9.60343
9.61946
9.5907
9.59994
9.57974
9.58687
9.53779
9.53568
9.54427
9.52561
9.54374
9.56056
9.54556
9.55734
9.56816
9.56961
9.57467
9.58543
9.60558
9.62627
9.60606
9.62014
9.64155
9.64671
9.6743
9.69247
9.67967
9.6902
9.62442
9.6462
9.66074
9.62391
9.62259
9.63881
9.64652
9.61968
9.63344
9.63771
9.64705
9.64016
9.65102
9.63287
9.62011
9.6098
9.60472
9.59163
9.60991
9.60126
9.59556
9.6177
9.61303
9.62568
9.64142
9.61413
9.62798
9.6276
9.61057
9.62109
9.63968
9.64734
9.65038
9.6413
9.64922
9.6527
9.65598
9.64832
9.6296
9.64358
9.65073
9.67851
9.6886
9.66939
9.67199
9.67552
9.68377
9.71367
9.73006
9.76518
9.79688
9.80673
9.771
9.77213
9.78394
9.76513
9.7749
9.78229
9.79457
9.82449
9.82137
9.8382
9.84819
9.85227
9.87459
9.89228
9.88514
9.88359
9.87619
9.8784
9.89958
9.91944
9.91874
9.94576
9.96474
9.9874
9.99734
10.0042
10.0409
10.0423
10.0617
10.0722
10.0506
10.0535
10.0406
10.0433
10.0309
10.0263
10.0207
9.99642
9.99253
9.99307
10.0201
10.0417
10.0409
10.0554
10.0273
9.99466
9.99457
10.0196
10.0316
10.0459
10.0629
10.0499
10.0273
10.0444
10.049
10.0316
10.0395
10.0525
10.0189
10.0533
10.0694
10.0371
10.0593
10.0478
10.0683
10.0773
10.063
10.0769
10.0445
10.0407
10.0483
10.0467
10.0573
10.026
10.0163
10.0224
10.0216
10.0413
10.0634
10.0665
10.0566
10.0482
10.0746
10.0775
10.0738
10.0672
10.1014
10.0748
10.0701
10.0725
10.0778
10.0779
10.0927
10.0783
10.0844
10.1187
10.0874
10.0745
10.0854
10.0845
10.1058
10.1095
10.1222
10.1487
10.1711
10.2
10.2028
10.2087
10.2036
10.2062
10.182
10.2055
10.2168
10.2036
10.1807
10.2037
10.1673
10.1842
10.1723
10.164
10.1564
10.146
10.1844
10.1919
10.2093
10.1979
10.2035
10.2072
10.2149
10.2483
10.2547
10.2222
10.2309
10.2583
10.2592
10.2465
10.2228
10.231
10.2387
10.2559
10.249
10.2678
10.2416
10.2149
10.2126
10.224
10.2196
10.1943
10.1743
10.2126
10.2291
10.2077
10.1961
10.1924
10.1805
10.1638
10.1617
10.1614
10.1664
10.1726
10.1632
10.1887
10.2113
10.2087
10.2237
10.2152
10.1965
10.1853
10.19
10.1765
10.1938
10.1704
10.1718
10.1894
10.1753
10.1737
10.2007
10.2191
10.2271
10.2393
10.2349
10.1972
10.229
10.1962
10.1971
10.2077
10.2196
10.2209
10.1963
10.2145
10.2203
10.207
10.181
10.1678
10.1666
10.1416
10.1292
10.149
10.1591
10.1874
10.1774
10.2017
10.2061
10.2003
10.2273
10.2154
10.2344
10.2248
10.2001
10.2044
10.229
10.2605
10.2553
10.27
10.2792
10.2828
10.3054
10.3085
10.2538
10.2326
10.2171
10.2012
10.1412
10.1669
10.1808
10.1405
10.1573
10.0905
10.0777
10.0748
10.0615
10.071
10.0372
10.0438
10.038
10.0365
10.0028
10.0259
10.0361
10.0396
10.0273
10.0175
10.0292
10.0164
10.0158
10.0395
10.0253
10.0394
10.0471
10.0385
10.0463
10.0395
10.0311
9.99418
10.0113
10.0121
9.99654
9.98819
9.95951
9.92845
9.93141
9.90391
9.93008
9.9431
9.92782
9.95187
9.97338
9.98624
9.98074
9.99836
9.98151
9.97498
9.96046
9.94652
9.90868
9.94588
9.93217
9.9199
9.9271
9.92973
9.9276
9.93933
9.93611
9.92195
9.87765
9.89484
9.90701
9.9063
9.9001
9.88848
9.90696
9.91534
9.91296
9.93323
9.92607
9.91433
9.90278
9.91097
9.91249
9.91428
9.91293
9.91519
9.90594
9.89728
9.91019
9.90933
9.90762
9.91738
9.91138
9.90956
9.87371
9.83218
9.84133
9.87835
9.86702
9.87382
9.86771
9.88336
9.89432
9.8801
9.87298
9.86341
9.88878
9.89428
9.90816
9.88982
9.90487
9.89326
9.85
9.85584
9.82981
9.83582
9.82303
9.82008
9.82615
9.79735
9.79665
9.7992
9.83199
9.8563
9.85014
9.8615
9.86865
9.87756
9.8899
9.88772
9.86095
9.84192
9.80719
9.79676
9.78956
9.79551
9.79091
9.77228
9.76733
9.77061
9.75766
9.75835
9.75968
9.77098
9.76596
9.7802
9.79305
9.79442
9.76292
9.77835
9.79929
9.78065
9.78091
9.78875
9.78486
9.76701
9.74292
9.74968
9.77238
9.79371
9.79692
9.77697
9.73086
9.71259
9.72192
9.75526
9.78224
9.76475
9.77622
9.78159
9.79234
9.81377
9.82101
9.8173
9.83958
9.84503
9.85905
9.86743
9.87963
9.87975
9.86509
9.86767
9.84685
9.8431
9.77443
9.79723
9.79747
9.80277
9.80967
9.81922
9.82308
9.80482
9.80443
9.78225
9.79919
9.82106
9.82848
9.81591
9.81846
9.82541
9.82063
9.812
9.78741
9.81684
9.81152
9.8114
9.81441
9.77886
9.78193
9.77806
9.75281
9.75105
9.74766
9.76583
9.7786
9.75456
9.74504
9.74041
9.72296
9.70595
9.70068
9.70355
9.73165
9.69231
9.68583
9.68874
9.70922
9.69685
9.69867
9.69727
9.71671
9.70158
9.71415
9.74019
9.74315
9.76175
9.7501
9.74208
9.75234
9.74937
9.75892
9.75481
9.77789
9.77157
9.76173
9.78048
9.80229
9.81737
9.85024
9.87472
9.86995
9.87634
9.89311
9.91117
9.90343
9.91324
9.90936
9.89647
9.88152
9.87089
9.84331
9.85957
9.85323
9.84386
9.839
9.85152
9.84943
9.88108
9.8801
9.91593
9.89574
9.90372
9.92105
9.91393
9.93456
9.94922
9.96377
9.96568
9.9483
9.95972
9.95557
9.94549
9.95834
9.94964
9.97106
9.96804
9.96894
9.97253
9.96932
9.98542
9.99299
10.0039
9.9743
9.96789
9.98041
9.95422
9.96943
9.97873
9.98354
9.96714
9.93021
9.91156
9.89968
9.90345
9.90573
9.887
9.88703
9.87886
9.86008
9.87476
9.88367
9.87246
9.87284
9.83813
9.86241
9.84355
9.85946
9.82227
9.82672
9.82638
9.83295
9.81759
9.85179
9.86565
9.82751
9.82252
9.82688
9.8088
9.8191
9.8245
9.83301
9.8339
9.81123
9.83227
9.85346
9.86163
9.87318
9.86777
9.847
9.83426
9.81899
9.81782
9.8376
9.84142
9.84697
9.83702
9.83538
9.8378
9.82845
9.8335
9.78616
9.80299
9.80384
9.81908
9.84401
9.85172
9.82207
9.81523
9.80949
9.80592
9.79998
9.82361
9.82044
9.81533
9.80285
9.81149
9.82184
9.78063
9.769
9.78831
9.78581
9.75719
9.77724
9.79457
9.7788
9.7672
9.76811
9.78613
9.75994
9.77058
9.74521
9.70393
9.69114
9.70781
9.70071
9.70772
9.71325
9.71918
9.70142
9.66049
9.67578
9.6494
9.65418
9.68546
9.67281
9.67249
9.65944
9.69173
9.70465
9.70153
9.7026
9.70703
9.72899
9.7526
9.73846
9.7338
9.76741
9.78708
9.78286
9.77079
9.77461
9.77667
9.75782
9.74784
9.73379
9.73623
9.726
9.71304
9.70573
9.73259
9.72015
9.6998
9.73858
9.73621
9.7306
9.70835
9.67373
9.65742
9.67708
9.65321
9.66114
9.64504
9.65147
9.67921
9.67523
9.62217
9.62631
9.58345
9.61913
9.6097
9.58266
9.59452
9.62774
9.64708
9.65166
9.65974
9.64643
9.64389
9.65426
9.64997
9.6697
9.65955
9.64561
9.67056
9.65401
9.6277
9.6332
9.63209
9.64655
9.67225
9.68289
9.69681
9.71232
9.71369
9.68387
9.68225
9.67951
9.68312
9.65349
9.66123
9.68001
9.68115
9.65615
9.65425
9.68064
9.66678
9.66906
9.66456
9.6685
9.69313
9.69456
9.70178
9.73079
9.74099
9.72351
9.73412
9.75554
9.785
9.78375
9.76224
9.75429
9.74076
9.73852
9.7384
9.76471
9.72451
9.69156
9.68911
9.70041
9.69459
9.66553
9.65304
9.67659
9.68217
9.68817
9.70487
9.72003
9.73513
9.72557
9.70803
9.69639
9.72962
9.73251
9.73091
9.7319
9.70788
9.74215
9.73536
9.71826
9.69513
9.69249
9.64445
9.63286
9.63165
9.62485
9.63856
9.64832
9.66684
9.70091
9.71363
9.7277
9.74209
9.71819
9.72566
9.73095
9.74015
9.73848
9.72946
9.74523
9.72366
9.71938
9.7299
9.74338
9.73634
9.70517
9.66881
9.67667
9.65721
9.65554
9.6682
9.66343
9.67416
9.68352
9.69137
9.69735
9.68306
9.69256
9.70466
9.73395
9.71264
9.70615
9.72541
9.72322
9.74218
9.75415
9.75629
9.78315
9.81579
9.83443
9.80833
9.79336
9.81405
9.79903
9.81207
9.78325
9.78325
9.77781
9.76152
9.75244
9.7567
9.76345
9.76478
9.79227
9.77267
9.77199
9.77786
9.78304
9.80427
9.78845
9.79513
9.81221
9.82721
9.84074
9.85082
9.83296
9.84901
9.84914
9.81542
9.83323
9.85637
9.85892
9.86971
9.89212
9.87065
9.86577
9.86233
9.89698
9.89452
9.87472
9.88522
9.91258
9.90642
9.91505
9.91518
9.92072
9.9238
9.9371
9.93397
9.94977
9.95616
9.9423
9.92492
9.94823
9.95287
9.94769
9.96476
9.97379
9.98492
9.99352
9.98951
9.98691
10.0063
9.97211
9.98789
9.96739
9.96215
9.9236
9.92688
9.93498
9.92362
9.92848
9.93196
9.9251
9.89744
9.87665
9.89369
9.88863
9.9092
9.91226
9.90185
9.9128
9.93043
9.91778
9.92471
9.96539
9.96563
9.97654
9.96165
9.94884
9.93958
9.9099
9.85387
9.85322
9.85778
9.85394
9.86298
9.87135
9.87993
9.82969
9.82191
9.84091
9.83445
9.83933
9.83767
9.83302
9.83273
9.83063
9.82332
9.8111
9.81391
9.79376
9.77021
9.75628
9.74443
9.74426
9.72907
9.76891
9.79641
9.79505
9.78771
9.8229
9.84925
9.86972
9.8368
9.85377
9.85939
9.86174
9.89429
9.90077
9.92294
9.93621
9.94819
9.9766
9.97656
9.98319
9.9937
10.0192
9.99085
9.96979
9.94993
9.96286
9.99046
9.99876
9.98949
9.93478
9.90514
9.91112
9.90492
9.88697
9.89699
9.88569
9.87244
9.86645
9.8543
9.87429
9.89071
9.90759
9.94034
9.94281
9.92523
9.92961
9.91452
9.89723
9.91224
9.90347
9.9026
9.92766
9.93671
9.94486
9.96039
9.96646
9.95888
9.97237
9.99452
9.95207
9.96383
9.99062
9.99465
10.021
10.0058
10.0217
9.9824
9.98115
9.98016
9.94614
9.95365
9.95662
9.93955
9.93886
9.92952
9.93611
9.92899
9.95948
9.94864
9.93309
9.94688
9.96669
9.93383
9.93787
9.92148
9.93142
9.9539
9.91372
9.92548
9.91426
9.89892
9.86178
9.8434
9.86307
9.87752
9.90102
9.90809
9.95418
9.95813
9.96022
9.95894
9.98029
9.97605
9.9506
9.97226
9.97359
9.99787
10.0032
9.99697
10.0213
10.0144
10.0056
10.0127
10.0211
10.0161
10.0313
10.0101
9.99847
9.97358
9.97132
9.97757
9.99387
10.0188
10.0331
10.0402
10.0476
10.0574
10.0395
10.0404
10.067
10.0674
10.0685
10.0741
10.0498
10.0569
10.0366
10.0416
10.0598
10.0767
10.0743
10.0702
10.0774
10.0972
10.0847
10.1022
10.1164
10.1462
10.0907
10.0717
10.0777
10.0993
10.0916
10.1086
10.1212
10.1336
10.1279
10.126
10.1064
10.103
10.0619
10.0654
10.0769
10.0668
10.0761
10.1007
10.0701
10.0993
10.0946
10.0606
10.0311
10.0398
10.0212
10.0245
10.0226
10.0097
9.97113
9.98922
9.98012
10.0136
10.0205
10.0146
10.0024
9.99779
9.9632
9.92349
9.93533
9.95348
9.91955
9.94218
9.91271
9.92345
9.90942
9.90687
9.89176
9.87599
9.84258
9.82327
9.83496
9.83769
9.83334
9.83916
9.82981
9.82922
9.85363
9.84807
9.85695
9.84905
9.81397
9.84131
9.82439
9.80588
9.83927
9.8446
9.86832
9.87209
9.87973
9.88088
9.89822
9.92806
9.92736
9.91825
9.91944
9.93814
9.93766
9.95573
9.9491
9.95394
9.9529
9.94586
9.94884
9.95046
9.96069
9.91357
9.94462
9.93745
9.909
9.91281
9.93852
9.92303
9.91562
9.91904
9.91548
9.90131
9.90221
9.90564
9.90126
9.911
9.90994
9.85963
9.87843
9.88032
9.87416
9.86032
9.86924
9.85865
9.83879
9.85925
9.87302
9.85761
9.85906
9.82497
9.82263
9.86456
9.83183
9.82876
9.83284
9.84532
9.86768
9.86163
9.88393
9.89126
9.88998
9.87548
9.88923
9.88453
9.87162
9.87127
9.87537
9.87368
9.87226
9.87354
9.86512
9.88393
9.90782
9.90574
9.92432
9.92293
9.89972
9.94037
9.96049
9.95124
9.97457
9.98831
9.99605
10.0009
10.021
10.031
10.0563
10.0394
10.0328
10.0263
10.0262
10.0235
10.0318
10.0165
10.024
10.0033
10.0159
10.0398
10.0614
10.0326
9.9985
9.96319
9.96245
9.92207
9.92982
9.93511
9.92627
9.93682
9.93993
9.92832
9.93536
9.96565
9.9687
9.93922
9.94471
9.93218
9.93348
9.90592
9.93242
9.94753
9.9352
9.92075
9.90811
9.89636
9.85149
9.85028
9.85814
9.84057
9.85122
9.85428
9.86252
9.83969
9.83954
9.84254
9.84621
9.85775
9.8771
9.87608
9.89531
9.89999
9.86871
9.88435
9.90648
9.92594
9.94956
9.93106
9.96304
9.96419
9.99482
9.99355
10.0035
10.0032
9.99418
9.98127
9.99156
10.0009
10.0168
10.001
9.97797
9.98933
9.99187
9.9859
9.99002
10.0167
10.0165
10.0381
10.0525
10.0635
10.0605
10.0635
10.0686
10.0555
10.0543
10.0655
10.0864
10.0655
10.0576
10.0564
10.0499
10.0334
10.0259
10.0321
10.0436
10.0744
10.0579
10.0575
10.0469
10.0667
10.063
10.0828
10.0892
10.1142
10.1123
10.1217
10.1464
10.11
10.0931
10.0896
10.1116
10.1128
10.1147
10.1389
10.1433
10.1673
10.1575
10.1399
10.1532
10.1198
10.085
10.089
10.1188
10.0942
10.0671
10.0693
10.0788
10.0739
10.0395
10.0337
10.0448
10.0457
10.0305
10.061
10.081
10.1067
10.116
10.1364
10.1538
10.1708
10.1525
10.168
10.1924
10.1807
10.1756
10.1816
10.1913
10.1986
10.1519
10.1494
10.1197
10.1176
10.1049
10.114
10.1342
10.1329
10.131
10.1407
10.1381
10.1555
10.1444
10.1407
10.1718
10.1784
10.1855
10.1676
10.1653
10.1874
10.1975
10.1801
10.1869
10.1761
10.2038
10.2
10.2118
10.2156
10.2238
10.227
10.2331
10.2482
10.2516
10.2595
10.2718
10.2919
10.2885
10.2956
10.3074
10.2935
10.2753
10.262
10.2788
10.2341
10.2268
10.2141
10.1812
10.1525
10.1498
10.1686
10.1975
10.1812
10.1436
10.1442
10.16
10.1858
10.1489
10.1583
10.1588
10.1491
10.1497
10.1497
10.1784
10.1848
10.1703
10.187
10.1875
10.2019
10.1865
10.1827
10.2047
10.2052
10.2083
10.2377
10.2649
10.2587
10.2856
10.2718
10.2875
10.2876
10.2811
10.2935
10.2937
10.2855
10.3078
10.3218
10.3548
10.3778
10.3758
10.354
10.3858
10.3901
10.3985
10.3958
10.4103
10.4446
10.4383
10.4102
10.4145
10.407
10.3733
10.4075
10.4275
10.4613
10.4486
10.4898
10.5225
10.5422
10.5441
10.5375
10.5286
10.5327
10.4915
10.4583
10.4448
10.4575
10.4627
10.4321
10.4382
10.4321
10.4409
10.4424
10.4246
10.4437
10.4352
10.4265
10.4097
10.4222
10.4419
10.4578
10.452
10.4768
10.4619
10.4642
10.4607
10.4913
10.4621
10.4621
10.4574
10.4669
10.4757
10.4889
10.5151
10.5235
10.5264
10.5527
10.5334
10.5398
10.5253
10.5369
10.5328
10.5245
10.5249
10.5492
10.5704
10.5691
10.5756
10.5885
10.6184
10.5861
10.5961
10.5964
10.5768
10.5929
10.5834
10.6015
10.5922
10.5951
10.5754
10.5672
10.5695
10.589
10.597
10.6356
10.6268
10.6261
10.6181
10.6278
10.6467
10.6378
10.6246
10.6257
10.6158
10.6012
10.614
10.6118
10.5939
10.5945
10.6033
10.632
10.6314
10.6441
10.6205
10.637
10.6679
10.6793
10.6659
10.6465
10.6751
10.6774
10.6579
10.6717
10.7037
10.7086
10.6995
10.7159
10.7437
10.742
10.7232
10.7201
10.7219
10.7454
10.7054
10.7226
10.7553
10.7897
10.7782
10.7799
10.7945
10.7915
10.7597
10.7549
10.7346
10.7224
10.7306
10.6968
10.6907
10.7007
10.6921
10.6862
10.6715
10.6702
10.6677
10.6433
10.6248
10.6262
10.5978
10.6041
10.6477
10.6538
10.6581
10.6741
10.6738
10.6713
10.645
10.6336
10.6616
10.6747
10.6581
10.6557
10.6735
10.6689
10.669
10.6456
10.6837
10.6758
10.6788
10.6371
10.6505
10.6591
10.638
10.6377
10.6467
10.6455
10.6305
10.6579
10.6258
10.6467
10.6301
10.6524
10.6747
10.64
10.6503
10.6255
10.6639
10.6432
10.6424
10.6362
10.662
10.6226
10.646
10.6357
10.6379
10.634
10.601
10.6024
10.582
10.5745
10.573
10.5527
10.5629
10.5423
10.5439
10.5376
10.5392
10.5259
10.5293
10.5591
10.5709
10.546
10.544
10.5583
10.5548
10.5675
10.5547
10.5743
10.5771
10.5415
10.528
10.5396
10.5347
10.4902
10.4893
10.4962
10.4584
10.436
10.4226
10.4302
10.4408
10.4214
10.4127
10.4092
10.4082
10.4027
10.3988
10.4034
10.3594
10.3817
10.3599
10.3018
10.3271
10.3222
10.2968
10.3209
10.2946
10.2881
10.3206
10.316
10.2715
10.2608
10.2683
10.2795
10.2903
10.3197
10.3084
10.3072
10.2889
10.2537
10.2622
10.2819
10.3012
10.3049
10.2874
10.2908
10.2706
10.3008
10.2736
10.2849
10.3078
10.3008
10.3132
10.3209
10.3086
10.2856
10.2869
10.3143
10.3153
10.3176
10.328
10.3571
10.3737
10.3346
10.3356
10.335
10.3456
10.3385
10.3355
10.3469
10.372
10.3748
10.3927
10.3773
10.3865
10.3807
10.3763
10.374
10.3642
10.3771
10.3547
10.3407
10.3608
10.3446
10.354
10.3659
10.3669
10.3743
10.3565
10.3597
10.3488
10.3303
10.3035
10.2843
10.3295
10.2832
10.2744
10.2402
10.2485
10.2549
10.2529
10.2361
10.2245
10.2332
10.2249
10.2145
10.2107
10.2128
10.2038
10.2111
10.1747
10.151
10.1519
10.1535
10.1418
10.1536
10.1412
10.1083
10.0968
10.0396
10.0088
10.0049
9.99821
9.9901
10.0064
10.0165
10.0171
10.0096
9.98202
9.98657
10.0011
9.98505
10.0024
10.0185
10.0095
10.0357
10.046
10.0332
10.0623
10.0672
10.0343
10.0259
9.99264
10.0005
10.0027
10.0306
10.045
10.061
10.0473
10.0492
10.0325
10.0364
10.0248
10.0424
10.0701
10.0922
10.0869
10.0931
10.1246
10.0987
10.0891
10.1119
10.1214
10.0991
10.1232
10.0966
10.1101
10.0916
10.0487
10.0542
10.045
10.0487
10.0517
10.0651
10.0426
10.0343
10.0182
9.98444
9.9707
9.98191
9.98004
9.99066
10.004
10.0404
10.0147
10.0247
10.0375
10.0416
10.0452
10.0564
10.039
10.0273
10.0146
9.9932
10.0035
10.0001
10.0246
10.0241
10.0341
10.0468
10.0466
10.033
10.0345
10.0418
10.0475
10.0447
10.0541
10.0493
10.0507
10.0179
10.0101
10.0053
10.0187
10.0385
10.0549
10.0731
10.0548
10.0804
10.0921
10.0779
10.0982
10.1051
10.0972
10.1299
10.1157
10.1072
10.1186
10.1388
10.1267
10.1325
10.155
10.1564
10.1687
10.1589
10.1634
10.1829
10.164
10.1917
10.2106
10.203
10.1811
10.1621
10.1824
10.174
10.1715
10.1934
10.2124
10.1726
10.1959
10.1783
10.1923
10.1895
10.1763
10.1887
10.2161
10.2314
10.2605
10.263
10.2325
10.264
10.2822
10.2937
10.2878
10.2832
10.2835
10.287
10.2664
10.2409
10.2178
10.2089
10.228
10.2464
10.2348
10.1746
10.1592
10.1643
10.1484
10.1446
10.1484
10.1527
10.1608
10.1416
10.1514
10.1593
10.1343
10.1351
10.1036
10.1027
10.1033
10.1264
10.1458
10.1481
10.1471
10.1225
10.0971
10.0913
10.099
10.112
10.1389
10.1505
10.1412
10.1431
10.1289
10.1352
10.1357
10.1588
10.1787
10.1806
10.1826
10.1672
10.1623
10.1998
10.181
10.1789
10.1783
10.1685
10.1692
10.1231
10.1208
10.1242
10.1251
10.1028
10.1245
10.1087
10.119
10.1307
10.1395
10.1253
10.105
10.085
10.1048
10.1152
10.1227
10.1361
10.1631
10.1656
10.1364
10.1217
10.1081
10.1141
10.1211
10.1148
10.1273
10.1213
10.1008
10.0762
10.1047
10.1213
10.1192
10.1074
10.0774
10.0796
10.0729
10.0567
10.0559
10.0473
10.0528
10.0518
10.0468
9.99775
10.0214
10.0163
10.0406
10.0307
10.0274
10.033
10.0413
10.0533
10.0598
10.0301
10.0494
10.072
10.0387
10.0746
10.0996
10.0872
10.0525
10.0681
10.09
10.0914
10.081
10.1139
10.1333
10.1417
10.1262
10.1019
10.0718
10.0642
10.063
10.0618
10.0927
10.0896
10.0807
10.099
10.0926
10.111
10.1328
10.1051
10.0923
10.0731
10.0796
10.0782
10.1048
10.1338
10.1432
10.1426
10.1555
10.1896
10.1867
10.209
10.2281
10.2378
10.2319
10.2128
10.2458
10.2655
10.2831
10.2863
10.2698
10.2694
10.2681
10.2631
10.2557
10.2205
10.219
10.2278
10.1934
10.1959
10.2062
10.1621
10.1796
10.1983
10.2194
10.1929
10.2042
10.2039
10.1831
10.1793
10.222
10.1856
10.1449
10.1693
10.1537
10.132
10.1246
10.101
10.1
10.1087
10.1142
10.1187
10.0832
10.0451
10.0226
10.0083
10.028
10.0207
10.0307
10.0295
10.0449
10.0464
10.0361
10.0305
10.0374
10.0389
10.0376
10.0237
10.0481
10.048
10.0485
10.0606
10.0696
10.0628
10.0759
10.0973
10.0896
10.047
10.0238
10.0242
10.0254
10.0448
10.0516
10.0627
10.0637
10.0757
10.0146
10.0429
10.0361
10.0341
10.0277
10.0493
10.05
10.0782
10.0757
10.0681
10.0783
10.0866
10.0807
10.085
10.0802
10.0824
10.077
10.0702
10.0597
10.0618
10.0634
10.0463
10.0606
10.0611
10.0659
10.063
10.0345
10.0183
10.0228
10.0053
10.0102
10.01
9.99961
10.0238
10.0429
10.054
10.0443
10.0537
10.0688
10.0612
10.0846
10.0957
10.1022
10.0983
10.095
10.0923
10.107
10.1041
10.1167
10.1203
10.1484
10.1668
10.1361
10.1064
10.1005
10.1016
10.0827
10.0656
10.0475
10.0119
9.99626
10.0069
10.0171
9.98842
10.003
10.0046
10.0095
10.0186
10.0145
10.0028
10.0147
10.0117
10.0225
10.0231
10.0254
10.0414
10.0453
10.0522
10.0677
10.0776
10.066
10.0803
10.089
10.0599
10.0176
10.0313
10.0517
10.0175
9.99497
9.99437
10.0067
10.0448
10.0332
10.009
10.0068
10.0316
10.0042
10.014
10.0176
10.0144
10.0316
10.0214
10.0486
10.018
10.012
10.0024
10.0108
10.0341
10.0399
10.0333
10.0426
10.0612
10.0714
10.0729
10.0883
10.0964
10.1106
10.0859
10.1041
10.1127
10.1382
10.1519
10.1649
10.1638
10.1788
10.1976
10.1792
10.1666
10.1597
10.1317
10.0989
10.0985
10.1146
10.1332
10.1411
10.1396
10.1451
10.1501
10.1678
10.1381
10.13
10.1129
10.091
10.0694
10.0724
10.0474
10.0766
10.0814
10.0333
10.0147
9.99175
9.99196
10.0025
9.97851
9.94528
9.92609
9.93497
9.92565
9.94573
9.93242
9.93384
9.95106
9.97453
9.96424
9.95477
9.94607
9.92291
9.90061
9.90437
9.89316
9.86903
9.85609
9.85778
9.8466
9.85492
9.85927
9.84214
9.8287
9.83163
9.82871
9.80593
9.8199
9.81993
9.77002
9.77225
9.7597
9.76787
9.7543
9.73316
9.75848
9.78627
9.80397
9.78982
9.78039
9.75277
9.7432
9.73436
9.74763
9.72366
9.72954
9.74417
9.74191
9.74261
9.72291
9.70307
9.70273
9.73017
9.7268
9.7253
9.72781
9.72955
9.69596
9.69857
9.66026
9.68829
9.67577
9.6538
9.62852
9.64373
9.59917
9.5726
9.56499
9.54823
9.55103
9.52651
9.52939
9.52775
9.53261
9.5452
9.55314
9.54571
9.55128
9.53168
9.54323
9.58837
9.5932
9.55876
9.58386
9.59226
9.60761
9.59416
9.58925
9.61236
9.60909
9.58008
9.60206
9.57426
9.57471
9.56248
9.54629
9.54242
9.55947
9.55707
9.56674
9.58239
9.61005
9.61848
9.62746
9.63589
9.66338
9.63606
9.62022
9.62328
9.62671
9.62315
9.6311
9.63478
9.63646
9.63839
9.63853
9.64595
9.6504
9.64759
9.63616
9.65701
9.67679
9.63655
9.62693
9.65677
9.66378
9.6874
9.699
9.70629
9.70757
9.71505
9.7499
9.74309
9.74062
9.7576
9.76406
9.78085
9.76605
9.78662
9.75438
9.76426
9.78492
9.78244
9.78416
9.80295
9.78596
9.7791
9.79039
9.78804
9.79516
9.80411
9.81104
9.83805
9.80657
9.80272
9.78341
9.80809
9.79232
9.8149
9.84601
9.8227
9.8348
9.8476
9.83879
9.82667
9.82395
9.81988
9.80235
9.79236
9.7524
9.72284
9.73843
9.75099
9.74351
9.73501
9.74401
9.75093
9.76263
9.78465
9.78633
9.82143
9.8222
9.81835
9.82678
9.82269
9.8376
9.85252
9.87547
9.87763
9.90267
9.86262
9.84695
9.86459
9.86494
9.87183
9.88501
9.89167
9.87557
9.85505
9.85135
9.87326
9.8706
9.85256
9.82211
9.82602
9.82137
9.81919
9.80376
9.80268
9.79878
9.79969
9.77122
9.78359
9.77792
9.75758
9.76921
9.78638
9.77458
9.75098
9.7335
9.69592
9.70224
9.65305
9.65496
9.63051
9.61631
9.61599
9.6139
9.62825
9.61415
9.62109
9.63888
9.63249
9.66607
9.68926
9.68234
9.69959
9.68257
9.65897
9.62982
9.61918
9.60567
9.58831
9.59865
9.58302
9.58522
9.57611
9.53359
9.5581
9.57016
9.57557
9.58113
9.62458
9.6022
9.61897
9.60642
9.62909
9.63582
9.64344
9.64473
9.66478
9.67696
9.69753
9.72126
9.73564
9.74244
9.7418
9.7686
9.77765
9.78704
9.76478
9.78434
9.79074
9.79026
9.78843
9.79361
9.81559
9.78787
9.79222
9.79602
9.78796
9.77603
9.76068
9.75488
9.74744
9.73309
9.7125
9.71112
9.68243
9.70117
9.68316
9.6853
9.64789
9.65025
9.65521
9.66212
9.67994
9.69911
9.69492
9.70279
9.72916
9.74499
9.70923
9.69969
9.72607
9.69435
9.71807
9.70428
9.73835
9.75837
9.75776
9.76158
9.78149
9.80669
9.81305
9.83047
9.86806
9.86742
9.86879
9.86232
9.89209
9.90556
9.91289
9.91401
9.8994
9.89243
9.86905
9.8671
9.85275
9.82404
9.79254
9.7941
9.77885
9.75333
9.75255
9.75651
9.7888
9.79582
9.79527
9.78162
9.77979
9.79552
9.759
9.74977
9.76184
9.76698
9.76109
9.71807
9.73056
9.72002
9.70796
9.72064
9.74918
9.73179
9.75006
9.73001
9.73595
9.76686
9.78598
9.78583
9.80254
9.80189
9.80569
9.80174
9.78478
9.77845
9.76686
9.76428
9.79024
9.77959
9.78145
9.78371
9.77192
9.75668
9.74598
9.75113
9.76467
9.77458
9.77588
9.78534
9.81662
9.81765
9.80639
9.80815
9.83806
9.8673
9.85761
9.8727
9.8544
9.87515
9.87723
9.88467
9.88701
9.88157
9.88619
9.89654
9.9022
9.93391
9.9263
9.91959
9.91142
9.94388
9.95618
9.95665
9.98448
9.97758
9.99186
9.98719
10.0208
10.0306
10.0359
10.0266
10.0137
9.96754
9.95602
9.9239
9.90934
9.92396
9.92663
9.87066
9.8859
9.84755
9.86444
9.86273
9.8791
9.87053
9.87194
9.82987
9.83451
9.83485
9.83439
9.86083
9.87217
9.87586
9.85577
9.86299
9.83631
9.81572
9.80163
9.78741
9.80612
9.80923
9.80484
9.78057
9.79574
9.77553
9.79392
9.79522
9.81684
9.81665
9.83345
9.83369
9.84943
9.873
9.87
9.89398
9.90991
9.91297
9.90646
9.91595
9.90987
9.88873
9.88583
9.87639
9.85745
9.84906
9.83786
9.82834
9.83587
9.82135
9.81132
9.82024
9.83586
9.82792
9.83043
9.80526
9.82256
9.81017
9.81296
9.79328
9.77844
9.78842
9.78824
9.75369
9.76304
9.7537
9.74555
9.74423
9.74782
9.75629
9.76058
9.76929
9.78683
9.79707
9.7928
9.77825
9.77624
9.77676
9.78515
9.77194
9.79023
9.76363
9.76988
9.7497
9.7795
9.77094
9.72635
9.72847
9.70225
9.72208
9.71785
9.73829
9.75688
9.74512
9.73828
9.75247
9.76587
9.75249
9.76269
9.7771
9.78265
9.76765
9.75652
9.78826
9.7785
9.80167
9.81175
9.81698
9.84333
9.85922
9.85139
9.83082
9.82284
9.83458
9.84808
9.8591
9.85804
9.86431
9.86382
9.89918
9.92934
9.92972
9.92586
9.9064
9.93026
9.95722
9.94575
9.92918
9.91265
9.92836
9.91079
9.90895
9.87192
9.87899
9.88032
9.84819
9.87009
9.90161
9.89533
9.87132
9.8694
9.85266
9.83932
9.84922
9.86181
9.86419
9.86784
9.86283
9.85089
9.87365
9.88117
9.87933
9.8852
9.90057
9.89685
9.86946
9.88844
9.83538
9.82049
9.82346
9.8578
9.869
9.88459
9.89119
9.90192
9.89232
9.92219
9.91755
9.92353
9.93522
9.92425
9.89186
9.88723
9.9047
9.90352
9.89755
9.91007
9.89267
9.88131
9.85801
9.8675
9.87977
9.90685
9.91123
9.9413
9.95996
9.95151
9.92649
9.94619
9.9804
9.98911
9.99494
10.0197
10.0324
10.0386
10.0277
10.0271
10.0457
10.038
10.0562
10.0786
10.0793
10.0891
10.0767
10.0549
10.0157
10.0174
10.0282
10.0509
10.0322
10.0294
10.0406
10.0373
10.047
10.0575
10.0536
10.0428
10.0439
10.0356
10.0416
10.0591
10.0588
10.0596
10.0548
10.0796
10.0853
10.0591
10.0351
9.99941
9.9949
9.99902
9.98981
9.98944
9.99702
9.98696
9.98532
9.99764
9.98966
9.97891
9.96836
9.93794
9.91231
9.92718
9.92229
9.95358
9.91904
9.92424
9.93066
9.92295
9.9313
9.91805
9.90202
9.89894
9.90549
9.9244
9.86547
9.87131
9.83931
9.78594
9.79121
9.76614
9.73593
9.74462
9.71513
9.72977
9.70546
9.69078
9.66611
9.69895
9.70936
9.68937
9.7061
9.73215
9.69443
9.68831
9.67707
9.67332
9.66789
9.6554
9.63628
9.66042
9.67699
9.67184
9.6771
9.69479
9.70281
9.69119
9.71484
9.71978
9.71922
9.70631
9.71702
9.72159
9.72089
9.69279
9.68409
9.67936
9.66474
9.65371
9.64786
9.63381
9.63829
9.65105
9.64025
9.64559
9.66107
9.61708
9.6173
9.6295
9.61382
9.61012
9.60819
9.62329
9.6383
9.66932
9.63305
9.59521
9.58767
9.56695
9.57393
9.56904
9.5857
9.53164
9.51234
9.50537
9.49357
9.4879
9.45153
9.45037
9.43442
9.43338
9.43827
9.44058
9.44912
9.4381
9.4417
9.44235
9.43346
9.43312
9.43843
9.45149
9.46892
9.47894
9.47148
9.47278
9.46929
9.43129
9.44092
9.45109
9.42945
9.4289
9.43363
9.44532
9.44429
9.46144
9.46564
9.45155
9.46792
9.45066
9.43001
9.43901
9.44193
9.45435
9.42127
9.42854
9.41809
9.40455
9.42993
9.44828
9.47105
9.49616
9.49199
9.47526
9.48518
9.48427
9.52476
9.51861
9.52509
9.51615
9.51719
9.54112
9.50536
9.49513
9.48507
9.48999
9.47116
9.4649
9.49349
9.5047
9.52854
9.53467
9.54962
9.57668
9.5472
9.51928
9.51499
9.51182
9.51847
9.504
9.5077
9.52571
9.50658
9.5059
9.43654
9.44831
9.42838
9.43401
9.44038
9.43367
9.43087
9.43736
9.43947
9.44369
9.43589
9.42206
9.41255
9.41911
9.41982
9.40244
9.40516
9.43287
9.41713
9.40981
9.38609
9.35994
9.3732
9.37973
9.37032
9.40982
9.42702
9.41343
9.38917
9.38002
9.38848
9.39679
9.40605
9.4404
9.44906
9.45361
9.45673
9.47609
9.47478
9.47663
9.48128
9.50679
9.50699
9.54124
9.53418
9.5616
9.54881
9.56986
9.57482
9.56965
9.57445
9.56022
9.5516
9.57455
9.6008
9.60764
9.59723
9.61606
9.62442
9.63198
9.64806
9.66414
9.65021
9.66015
9.67238
9.678
9.70055
9.72364
9.74256
9.77519
9.76663
9.74662
9.73422
9.73585
9.72643
9.7128
9.73467
9.73724
9.75284
9.74857
9.75516
9.75653
9.74683
9.72486
9.72069
9.73784
9.74947
9.71758
9.69413
9.70432
9.68022
9.70214
9.69963
9.72053
9.74598
9.75489
9.77989
9.81634
9.82474
9.85683
9.86437
9.87361
9.8945
9.84834
9.86745
9.88828
9.91609
9.92014
9.9245
9.90296
9.90291
9.90171
9.88365
9.89905
9.90769
9.90631
9.8965
9.88208
9.87877
9.87744
9.85971
9.8572
9.87737
9.88549
9.89424
9.92492
9.92253
9.92893
9.92597
9.91375
9.94127
9.92937
9.92397
9.95554
9.95696
9.94225
9.95577
9.98161
9.96488
9.95775
9.96121
9.9788
10.0095
10.018
9.97888
9.97272
9.90581
9.90693
9.91249
9.89394
9.89269
9.89313
9.91694
9.91152
9.9207
9.94583
9.95476
9.96216
9.9809
9.95762
9.96217
9.98616
9.96583
9.98309
9.95364
9.96105
9.95533
9.94918
9.93068
9.95377
9.94674
9.92767
9.96563
9.97558
9.99355
10.0025
9.98458
10.0171
9.98293
9.95776
9.94339
9.96585
9.97431
9.95159
9.94175
9.94563
9.96608
9.96937
9.95886
9.95049
9.9593
9.96525
9.94722
9.94825
9.95792
9.97115
9.9765
9.97003
9.97009
9.95489
9.9655
9.95517
9.93718
9.94429
9.93367
9.94065
9.9059
9.89191
9.88588
9.89452
9.8525
9.86811
9.87742
9.85119
9.88393
9.8715
9.87735
9.87465
9.84395
9.82262
9.84656
9.86947
9.85898
9.85594
9.85518
9.85968
9.86618
9.85246
9.86262
9.86923
9.83367
9.8164
9.81668
9.791
9.80804
9.80641
9.81606
9.777
9.78792
9.76211
9.78671
9.75983
9.76998
9.76868
9.78657
9.79639
9.80695
9.81698
9.81209
9.83689
9.82531
9.85054
9.8661
9.86611
9.88075
9.89016
9.88787
9.90697
9.90848
9.91928
9.90158
9.91764
9.86977
9.85292
9.85697
9.85073
9.84569
9.85388
9.88042
9.8971
9.92084
9.90361
9.91718
9.87309
9.89006
9.86741
9.85985
9.87347
9.82991
9.8272
9.83686
9.84786
9.84877
9.84731
9.83475
9.83747
9.85103
9.85957
9.86827
9.87532
9.8169
9.83282
9.85146
9.85117
9.849
9.854
9.85224
9.87363
9.82326
9.80096
9.77192
9.78501
9.8012
9.79794
9.80131
9.80754
9.8314
9.79938
9.81631
9.80443
9.79727
9.78087
9.80139
9.79594
9.78759
9.79552
9.81514
9.84472
9.86644
9.84939
9.82911
9.85933
9.88542
9.84417
9.84461
9.85036
9.85875
9.85854
9.87304
9.87357
9.8713
9.87104
9.88233
9.89785
9.87085
9.83754
9.85827
9.87162
9.83284
9.83792
9.84984
9.86279
9.89017
9.90827
9.91267
9.92414
9.92326
9.90583
9.91389
9.8833
9.88986
9.90686
9.92186
9.91835
9.93193
9.92474
9.92469
9.90819
9.90675
9.88986
9.89273
9.89764
9.89447
9.91615
9.92946
9.96147
9.96636
9.97228
9.97389
9.99108
9.98773
10.0159
10.0098
10.0263
10.0229
9.98939
9.99471
10.0122
10.0064
10.0117
9.99089
10.002
10.0053
9.99031
9.99283
10.0103
9.99538
9.98461
9.97543
9.99973
9.99559
9.98835
9.99529
9.99164
10.0182
10.004
10.0116
10.0049
9.98139
9.93837
9.95117
9.95332
9.97874
9.97735
9.9382
9.95536
9.94897
9.95514
9.94988
9.97468
9.97178
10.0042
10.0066
10.0117
10.0005
9.99671
9.98658
9.98522
9.96256
9.94232
9.95554
9.95209
9.9529
9.94993
9.92784
9.95575
9.96458
9.95326
9.94682
9.95591
9.96422
9.94438
9.94807
9.91563
9.89903
9.89428
9.91138
9.91472
9.91588
9.89742
9.91818
9.92798
9.92074
9.91413
9.8913
9.90927
9.91675
9.91883
9.92439
9.95128
9.95418
9.95222
9.95886
9.92841
9.95174
9.91217
9.93782
9.89622
9.93514
9.93207
9.92851
9.94741
9.93837
9.92936
9.95322
9.94858
9.95119
9.9512
9.94173
9.94975
9.97109
9.96966
9.98869
9.99786
10.0286
10.014
10.0221
10.0089
10.0039
10.0103
10.0445
10.052
10.0719
10.0806
10.0596
10.0664
10.0247
10.0302
10.0055
10.0404
10.0347
10.0217
10.0363
10.0552
10.0336
10.0305
10.0211
10.0193
10.0333
10.0215
10.0654
10.0839
10.107
10.0906
10.1027
10.0875
10.0816
10.0648
10.0693
10.0561
10.0829
10.0889
10.0981
10.0974
10.1007
10.1002
10.1014
10.1122
10.1067
10.1097
10.1085
10.1121
10.093
10.0836
10.0794
10.0743
10.0884
10.103
10.0496
10.0816
10.0681
10.0744
10.0816
10.0445
10.0508
10.0372
10.0567
10.0724
10.0836
10.1064
10.089
10.0994
10.1192
10.1044
10.1182
10.1246
10.114
10.1224
10.0833
10.0758
10.0992
10.1223
10.112
10.1291
10.1593
10.1342
10.1457
10.1448
10.1458
10.1198
10.0988
10.0851
10.0971
10.0698
10.0432
10.0386
10.03
10.0249
9.99051
9.99197
9.9876
9.97713
9.95978
9.95695
9.93526
9.94639
9.96912
9.977
9.94651
9.92162
9.92333
9.94469
9.93584
9.95412
9.97749
9.96971
9.98363
9.98413
9.96567
9.95385
9.94032
9.91993
9.93144
9.93753
9.92367
9.92126
9.88085
9.89965
9.88101
9.87726
9.85478
9.85215
9.84219
9.82172
9.81471
9.81762
9.84507
9.86705
9.87997
9.8704
9.8726
9.8888
9.88632
9.91617
9.91242
9.93623
9.94194
9.93395
9.93988
9.94632
9.94886
9.93906
9.94676
9.95338
9.95958
9.97285
9.99577
10.0065
10.0198
10.0377
10.0096
10.0217
10.0379
10.0428
10.0627
10.0468
10.0638
10.0504
10.0498
10.0358
10.0529
10.0803
10.1045
10.1073
10.1234
10.113
10.1297
10.1313
10.1355
10.0801
10.0741
10.0864
10.0942
10.1065
10.0986
10.1081
10.105
10.1259
10.1156
10.0967
10.1131
10.1236
10.129
10.0999
10.0851
10.1056
10.1282
10.1398
10.1685
10.1799
10.2029
10.1991
10.1992
10.2303
10.2089
10.1749
10.1859
10.1599
10.2026
10.1776
10.1986
10.1851
10.2033
10.2031
10.1859
10.1976
10.2181
10.207
10.2161
10.2137
10.1693
10.1671
10.1757
10.1657
10.1851
10.1646
10.1631
10.154
10.1477
10.1203
10.1345
10.1546
10.143
10.1326
10.1294
10.1446
10.139
10.1313
10.1101
10.126
10.1189
10.1093
10.1428
10.1576
10.1686
10.1682
10.1613
10.1644
10.1744
10.1594
10.1666
10.1781
10.1558
10.1624
10.1911
10.2148
10.2193
10.2406
10.2585
10.2597
10.2134
10.2151
10.2211
10.2291
10.2419
10.2282
10.2304
10.1777
10.1403
10.1412
10.1143
10.0914
10.1042
10.0847
10.0829
10.097
10.076
10.0879
10.0718
10.11
10.0996
10.1006
10.0981
10.1042
10.0899
10.0967
10.1146
10.1036
10.0867
10.0813
10.0875
10.1089
10.1248
10.0927
10.0995
10.0894
10.0817
10.0831
10.0913
10.0936
10.1158
10.083
10.0933
10.1023
10.0999
10.0875
10.0813
10.0797
10.0972
10.1168
10.139
10.1113
10.0788
10.0969
10.1011
10.1144
10.1024
10.0914
10.1099
10.1455
10.1459
10.1307
10.1212
10.1447
10.1189
10.1053
10.1087
10.1235
10.1011
10.0749
10.0701
10.0724
10.0992
10.0421
10.0437
10.0478
10.0356
10.0118
10.0106
10.0391
10.0728
10.0488
10.0146
10.0289
10.0238
10.0084
10.0226
10.0269
10.06
10.0359
10.0318
10.0148
9.99888
9.99005
9.9899
9.97243
9.96464
9.95942
9.94445
9.96427
9.94013
9.96814
9.96141
9.96147
9.92435
9.92688
9.92612
9.91297
9.93638
9.92673
9.89025
9.92429
9.9347
9.93442
9.93007
9.95372
9.93415
9.92299
9.93287
9.93637
9.90942
9.91152
9.91514
9.933
9.95549
9.95487
9.96925
9.95431
9.97234
9.96217
9.9586
9.96692
9.98765
9.9722
9.96828
9.94961
9.94396
9.94482
9.95396
9.95253
9.96459
9.91519
9.90867
9.91384
9.92726
9.90726
9.90873
9.86814
9.87141
9.87455
9.86326
9.88388
9.90536
9.92681
9.9436
9.94856
9.9736
9.97549
10.0099
10.0389
10.0361
10.0398
10.0183
10.041
10.0233
10.0457
10.0408
10.0696
10.0683
10.0783
10.0654
10.0503
10.0589
10.0356
10.0108
10.0159
10.0278
10.0055
9.99479
10.0129
10.0078
9.9615
9.96539
9.9675
9.98999
9.93542
9.94055
9.92993
9.94467
9.92456
9.92418
9.94758
9.9397
9.92016
9.89996
9.87216
9.86015
9.85468
9.8768
9.86727
9.86385
9.8524
9.85021
9.86396
9.86666
9.8995
9.91193
9.93114
9.95152
9.91708
9.93224
9.96455
9.9591
9.90872
9.92295
9.95397
9.93843
9.95616
9.9271
9.95011
9.94659
9.94804
9.97488
10.0023
10.0091
10.0092
10.0464
10.0722
10.0751
10.0425
10.0316
10.0379
10.0113
10.0257
10.0132
10.0207
10.0327
10.045
10.072
10.0796
10.0741
10.0697
10.0476
10.0772
10.0585
10.0616
10.0529
10.0528
10.0634
10.0257
9.99477
10.0116
9.97072
9.95144
9.96996
10.0072
9.99593
9.99229
9.97871
9.98044
9.99996
9.9743
9.98307
10.013
9.99826
10.0086
9.99717
10.0009
10.0158
10.0222
10.0345
10.0031
9.95896
9.95217
9.98002
10.0116
10.0256
10.0524
10.0645
10.0692
10.0984
10.1026
10.1192
10.1111
10.1353
10.1392
10.1385
10.1172
10.1133
10.0855
10.1082
10.0992
10.1129
10.0915
10.0708
10.0896
10.08
10.0972
10.078
10.0989
10.1198
10.1129
10.0961
10.1115
10.1061
10.1216
10.0854
10.1003
10.0158
10.0031
9.99796
10.0126
10.0314
10.0526
10.0642
10.0767
10.0505
10.0297
9.97249
9.96592
9.98049
9.98508
9.98218
9.97355
9.9823
10.0039
10.0029
10.0078
9.97288
9.93637
9.93171
9.93794
9.94581
9.92864
9.92218
9.91827
9.94615
9.95435
9.97099
9.98613
9.98013
9.96883
9.95812
9.95424
9.93937
9.93591
9.94883
9.96857
9.99966
9.99146
9.99176
9.96566
9.95
9.96751
9.97305
9.99417
10.0125
10.0224
9.99779
9.99469
9.99985
10.0009
9.9706
9.98517
9.99901
10.0041
10.0204
10.0244
10.0408
10.0467
10.0484
10.041
10.0559
10.0768
10.0769
10.0889
10.0823
10.106
10.1195
10.1271
10.0922
10.1162
10.0962
10.0736
10.0851
10.1214
10.1079
10.1022
10.1103
10.1209
10.0857
10.0785
10.0981
10.0762
10.0795
10.1017
10.0743
10.065
10.0824
10.074
10.0873
10.0922
10.0938
10.0878
10.098
10.108
10.0838
10.1078
10.1156
10.0945
10.103
10.1138
10.1273
10.1361
10.1527
10.1751
10.1521
10.1427
10.1563
10.1487
10.1807
10.1775
10.1778
10.2017
10.1698
10.135
10.1089
10.1046
10.0961
10.0737
10.0695
10.0579
10.0529
10.0234
10.0201
10.0392
10.0489
10.0251
10.021
10.0355
10.0347
10.0396
10.0548
10.0695
10.0283
10.0004
9.99775
9.98184
9.93744
9.93005
9.93637
9.95444
9.94919
9.9797
9.96831
9.95595
9.95238
9.96317
9.96825
9.96583
9.98089
9.95966
9.9546
9.96959
9.99619
10.0137
10.022
9.98717
9.97187
9.96939
9.97816
9.99987
9.98493
10.0074
10.0135
9.97065
9.94847
9.93167
9.91475
9.93722
9.93863
9.95993
9.97351
9.97133
9.98924
9.98136
9.93328
9.96111
9.92715
9.93995
9.93826
9.9552
9.94754
9.96404
9.99185
10.0039
10.0121
10.0286
10.0241
10.0325
10.0491
10.0653
10.0529
10.0363
10.055
10.0723
10.0442
10.0202
10.0341
10.0389
10.0532
10.0368
10.05
10.0633
10.078
10.0864
10.095
10.0756
10.0494
10.0424
10.0193
10.0147
10.0323
10.0407
10.0025
10.0261
10.0449
10.0365
10.0418
10.0275
10.0187
10.029
10.0376
10.0317
10.0492
10.0611
10.0908
10.053
10.0525
10.0504
10.0623
10.0666
10.0269
10.0499
10.0283
10.003
9.98504
9.98459
9.96158
9.96758
9.9678
9.96989
9.95777
9.95583
9.91689
9.89041
9.89353
9.88303
9.88437
9.89487
9.91749
9.92659
9.93046
9.91189
9.88093
9.84044
9.85108
9.85123
9.86811
9.87572
9.85414
9.866
9.8763
9.85841
9.84886
9.86657
9.86514
9.8336
9.84599
9.84148
9.83474
9.7885
9.78051
9.78912
9.78484
9.78618
9.78787
9.79684
9.75654
9.76315
9.78122
9.77791
9.75615
9.75337
9.77271
9.77882
9.78755
9.76331
9.75469
9.7648
9.71797
9.69376
9.70535
9.69787
9.70425
9.72672
9.73785
9.74724
9.76903
9.77591
9.77982
9.75967
9.77873
9.77233
9.79423
9.81832
9.79323
9.80678
9.8001
9.81954
9.84211
9.81166
9.79087
9.80178
9.81655
9.78518
9.7959
9.79803
9.79368
9.78794
9.83507
9.87017
9.8981
9.87954
9.88519
9.90131
9.92234
9.87799
9.88255
9.88723
9.89892
9.91462
9.90809
9.86867
9.86622
9.8445
9.84657
9.87015
9.89894
9.91009
9.89596
9.92246
9.91904
9.9429
9.93603
9.95581
9.92843
9.89063
9.91554
9.90668
9.89352
9.87776
9.86312
9.8543
9.86632
9.86925
9.90485
9.89466
9.91693
9.90638
9.89655
9.89078
9.87719
9.84807
9.87203
9.87859
9.85817
9.87281
9.8942
9.89379
9.88572
9.87353
9.86595
9.89438
9.87209
9.89756
9.88959
9.88512
9.87412
9.88783
9.91496
9.91395
9.93789
9.93299
9.93614
9.93288
9.92324
9.89382
9.87168
9.87248
9.86273
9.85533
9.85908
9.88275
9.89544
9.89723
9.90018
9.9343
9.94798
9.92967
9.94129
9.95202
9.94653
9.90051
9.90536
9.89023
9.86753
9.85705
9.84312
9.85779
9.85056
9.86067
9.87335
9.88414
9.87293
9.90064
9.9175
9.9377
9.9496
9.96015
9.96203
9.97101
10.0009
10.0256
9.9957
10.0261
10.0214
10.023
10.0298
10.0586
10.0775
10.0614
10.0802
10.0785
10.067
10.0759
10.0618
10.0428
10.0275
10.0323
10.0342
10.0513
10.0454
10.0687
10.0741
10.0864
10.1285
10.1216
10.1336
10.1429
10.1485
10.1564
10.1439
10.1316
10.1512
10.1553
10.1579
10.1732
10.1916
10.1739
10.1684
10.1621
10.1564
10.1621
10.1563
10.158
10.1614
10.134
10.1277
10.1436
10.151
10.1111
10.0924
10.0949
10.1344
10.1441
10.1368
10.137
10.1028
10.1016
10.0722
10.1047
10.1392
10.1425
10.1343
10.1413
10.129
10.1469
10.1584
10.1517
10.162
10.1531
10.1489
10.1654
10.1513
10.1432
10.1626
10.1752
10.1618
10.1274
10.1259
10.1099
10.1444
10.1632
10.1554
10.1414
10.1597
10.1598
10.1539
10.1639
10.1819
10.1806
10.2013
10.208
10.1723
10.1898
10.2049
10.2232
10.2383
10.2261
10.2196
10.2461
10.2756
10.2897
10.2864
10.2946
10.3172
10.2956
10.2896
10.2973
10.3166
10.2859
10.2776
10.2087
10.1827
10.1549
10.1695
10.1678
10.1564
10.1482
10.0925
10.1219
10.0905
10.0726
10.0868
10.096
10.1296
10.0984
10.1193
10.1
10.1109
10.0637
10.0574
10.0983
10.0761
10.0635
10.0801
10.0926
10.1115
10.0885
10.0926
10.1027
10.1387
10.1161
10.1196
10.113
10.0785
10.0594
10.0561
10.0282
10.031
10.0389
10.0506
10.0625
10.0758
10.0827
10.0894
10.0888
10.0886
10.0583
10.0426
10.047
10.0276
10.014
10.0208
10.0403
10.0443
10.0503
10.0437
10.0565
10.0442
10.0252
10.0435
10.0618
10.0758
10.0763
10.1024
10.0756
10.0517
10.0348
10.0402
10.0584
10.022
10.0299
10.0495
10.0774
10.0909
10.0987
10.0654
10.0623
10.0762
10.0629
10.0306
10.0111
10.0111
10.0195
10.0312
10.048
10.0541
10.049
10.0779
10.0799
10.083
10.0749
10.0867
10.0675
10.0719
10.084
10.1119
10.1239
10.1301
10.1182
10.1401
10.1552
10.174
10.1799
10.1777
10.1612
10.1524
10.1285
10.0989
10.0867
10.0574
10.0658
10.0919
10.1187
10.1355
10.1238
10.1296
10.1215
10.1051
10.113
10.138
10.1499
10.1565
10.1243
10.1357
10.1672
10.1834
10.1641
10.1767
10.1714
10.1746
10.153
10.1908
10.1993
10.1928
10.1861
10.164
10.1489
10.1645
10.152
10.1295
10.0929
10.0929
10.0782
10.0576
10.0742
10.0778
10.0785
10.1003
10.1191
10.12
10.0907
10.0919
10.0981
10.0933
10.0725
10.0917
10.0885
10.1066
10.0846
10.0964
10.1023
10.1107
10.091
10.0827
10.11
10.0985
10.0695
10.0857
10.0826
10.0733
10.0464
10.0399
10.0179
9.9902
9.96552
9.88752
9.91458
9.92224
9.92118
9.93323
9.96605
9.96014
9.94446
9.93795
9.9467
9.93679
9.92681
9.94292
9.94027
9.94048
9.9383
9.9564
9.98423
10.0111
10.0062
10.0391
10.0456
10.0561
10.0384
10.0633
10.0863
10.0769
10.0569
10.0457
10.0468
10.0481
10.0447
10.0539
10.0655
10.0408
10.0357
10.0502
10.0356
10.029
10.0493
10.0466
10.0568
10.0711
10.079
10.0978
10.1023
10.1204
10.1121
10.0964
10.1057
10.0984
10.0957
10.1015
10.1191
10.1054
10.0891
10.0696
10.0774
10.0857
10.0573
10.0696
10.0922
10.1016
10.0782
10.0947
10.0893
10.0759
10.0897
10.068
10.0549
10.0813
10.0979
10.1169
10.128
10.1444
10.1643
10.1432
10.1477
10.1827
10.1323
10.1461
10.1411
10.1255
10.0954
10.1045
10.1153
10.1298
10.0895
10.0622
10.0369
10.0283
10.0515
10.0764
10.1193
10.1097
10.0821
10.0726
10.0764
10.0919
10.0666
10.0438
10.0029
9.97507
9.98933
9.96192
9.95576
9.95998
9.9372
9.94894
9.98102
10.0029
10.0082
10.0019
10.0054
9.98453
9.96929
9.96772
9.97192
9.95749
9.9407
9.94298
9.93173
9.88576
9.87557
9.85009
9.85764
9.88364
9.86199
9.86135
9.84838
9.86837
9.86882
9.88343
9.89382
9.90827
9.8827
9.89861
9.89846
9.89033
9.85749
9.8718
9.86871
9.86233
9.8561
9.86225
9.88392
9.89342
9.89475
9.86344
9.82793
9.83667
9.83739
9.83115
9.80572
9.75976
9.75377
9.74945
9.7718
9.76071
9.72268
9.71386
9.73736
9.71588
9.71859
9.71115
9.7095
9.69287
9.71645
9.71498
9.73932
9.72969
9.72785
9.74359
9.76902
9.77549
9.78777
9.80584
9.81413
9.83845
9.83123
9.84671
9.84187
9.83815
9.84577
9.84338
9.84467
9.85916
9.8415
9.83562
9.8309
9.81167
9.79321
9.785
9.76268
9.73049
9.75282
9.76203
9.76385
9.76812
9.77361
9.74981
9.76156
9.77276
9.76318
9.78608
9.80074
9.82935
9.84477
9.86637
9.89463
9.86946
9.85168
9.85441
9.82384
9.79627
9.78558
9.80173
9.83428
9.83118
9.85587
9.86801
9.85576
9.84304
9.85736
9.86699
9.89044
9.89927
9.8985
9.891
9.93458
9.92506
9.93993
9.95057
9.94556
9.91878
9.91781
9.92328
9.94738
9.95599
9.95428
9.94925
9.96459
9.97184
9.95913
9.95416
9.9685
9.93264
9.93804
9.91699
9.92234
9.92464
9.91429
9.88062
9.89809
9.90553
9.90187
9.91477
9.90383
9.92992
9.90153
9.88856
9.88276
9.9005
9.90174
9.91215
9.9216
9.94963
9.92786
9.90892
9.91326
9.92371
9.8881
9.87329
9.81646
9.81335
9.78132
9.79034
9.794
9.79326
9.78589
9.80307
9.79789
9.79147
9.75741
9.7602
9.7522
9.74587
9.75186
9.73874
9.72991
9.72791
9.69206
9.68998
9.68317
9.70487
9.68947
9.71827
9.73503
9.72039
9.71708
9.73638
9.69469
9.69327
9.68651
9.68545
9.67213
9.68725
9.69352
9.70429
9.72929
9.73622
9.76275
9.73684
9.76585
9.7522
9.74003
9.73053
9.73912
9.73905
9.75403
9.76579
9.77284
9.76833
9.76089
9.77086
9.75229
9.77244
9.78684
9.76863
9.76659
9.7861
9.78796
9.78845
9.80179
9.8098
9.83431
9.82639
9.82198
9.82044
9.84202
9.84005
9.8402
9.81892
9.79367
9.8157
9.81606
9.81322
9.83332
9.84162
9.8443
9.85298
9.85019
9.86159
9.88896
9.85337
9.86343
9.90058
9.89726
9.92121
9.93999
9.96458
9.97332
9.94502
9.95533
9.95652
9.95867
9.90473
9.86927
9.84793
9.84819
9.86301
9.8684
9.86037
9.87168
9.87758
9.89026
9.895
9.92879
9.9275
9.92676
9.93558
9.95998
9.95622
9.96717
9.96465
9.94763
9.96072
9.95815
9.95056
9.99173
10.0122
10.0217
10.04
10.047
10.0753
10.0586
10.0695
10.0668
10.0657
10.0634
10.0513
10.0328
10.0365
10.0536
10.0618
10.0533
10.0687
10.0856
10.0949
10.1221
10.1386
10.149
10.1288
10.1536
10.1606
10.1607
10.1713
10.1709
10.1759
10.1538
10.1857
10.2105
10.1834
10.1896
10.2223
10.2235
10.2183
10.2447
10.2228
10.241
10.245
10.2475
10.259
10.229
10.2317
10.223
10.2231
10.2241
10.2176
10.1791
10.1907
10.1691
10.1743
10.1592
10.1445
10.1493
10.1245
10.1262
10.1172
10.1167
10.1145
10.115
10.1153
10.0976
10.0907
10.0963
10.1036
10.1146
10.1366
10.1388
10.1394
10.1634
10.1316
10.1499
10.1345
10.1344
10.1401
10.1416
10.169
10.1654
10.1487
10.1389
10.1374
10.1399
10.1235
10.114
10.1151
10.1187
10.1328
10.1313
10.1303
10.1337
10.0971
10.0907
10.0632
10.001
10.0006
9.99135
9.99279
10.0174
10.036
10.0074
10.0083
10.0173
10.0373
10.0003
10.0134
10.0045
9.97963
9.98739
9.96685
9.99427
9.97979
9.94866
9.95812
9.9623
9.96858
9.94976
9.95101
9.95955
9.92388
9.91589
9.93658
9.94404
9.96175
9.97373
9.99911
9.98169
9.96104
9.96377
9.97849
9.99048
10.0153
10.0036
10.0083
10.0327
10.0399
10.0603
10.0677
10.0963
10.1071
10.0951
10.1087
10.1415
10.1438
10.1488
10.161
10.176
10.19
10.1917
10.2082
10.195
10.1491
10.1543
10.1565
10.1468
10.1354
10.1375
10.1142
10.1249
10.1374
10.1168
10.0963
10.1089
10.1192
10.1438
10.1272
10.1399
10.1364
10.131
10.1051
10.109
10.1082
10.0895
10.0825
10.0927
10.0824
10.0591
10.033
10.0422
10.0378
10.0301
10.0468
10.054
10.0724
10.0558
10.0706
10.0729
10.0816
10.0707
10.0655
10.0663
10.0643
10.0413
10.0034
9.99005
9.9966
10.006
10.0139
10.0107
10.0195
10.0148
10.0219
10.0218
9.99723
10.0173
10.0313
10.0234
10.0049
9.9926
9.99809
9.983
9.98341
9.99162
9.99585
9.9796
9.97862
9.98635
9.99926
9.99945
10.026
10.0197
10.0129
10.0328
10.0646
10.0477
10.0277
10.0319
10.0549
10.0627
10.0509
10.0592
10.0475
10.0628
10.0753
10.1129
10.1175
10.1151
10.1132
10.1029
10.0978
10.0987
10.102
10.0968
10.0722
10.0589
10.0588
10.0373
10.0651
10.0543
10.072
10.062
10.0537
10.0392
10.0647
10.0868
10.0834
10.0823
10.0602
10.1033
10.1028
10.1172
10.1222
10.1091
10.1051
10.105
10.1047
10.1175
10.1014
10.0835
10.047
10.028
9.99539
10.0015
9.99077
10.0036
9.99324
9.98145
9.97686
9.96856
9.97716
9.97053
9.96074
9.97334
9.97823
9.93857
9.92882
9.94652
9.91879
9.88314
9.90132
9.91098
9.93223
9.93198
9.94982
9.98134
9.98468
10.0056
10.0076
10.0075
10.0065
10.0201
10.0554
10.0805
10.0528
10.0332
10.0328
10.0434
10.0431
9.99461
9.9824
9.98025
9.99341
9.99364
9.99942
9.99689
9.9874
9.99922
10.0253
10.014
9.97552
9.98006
9.97971
9.99389
10.0249
10.031
9.98308
10.0065
10.0005
9.96199
9.94415
9.96307
9.96616
9.97067
9.93277
9.94372
9.91927
9.90821
9.91046
9.88272
9.86909
9.85234
9.84739
9.83259
9.85043
9.84894
9.86239
9.87952
9.90076
9.92226
9.90869
9.9257
9.91381
9.92534
9.92787
9.92026
9.91366
9.90691
9.88469
9.88068
9.8758
9.88095
9.90383
9.90384
9.9243
9.9269
9.94228
9.94289
9.92398
9.92202
9.92738
9.94458
9.95373
9.94466
9.94761
9.94353
9.96935
9.9617
9.98116
9.96718
9.94213
9.93387
9.94738
9.9801
9.98397
9.96503
9.94894
9.95126
9.94632
9.93813
9.94501
9.95614
9.95838
9.93888
9.96071
9.97742
10.0031
10.0099
10.0442
10.0609
10.0577
10.0621
10.0573
10.0692
10.1041
10.1069
10.0958
10.0933
10.0843
10.0757
10.0451
10.0502
10.0418
10.0476
10.0445
10.0278
10.0183
10.0189
10.0189
10.0202
10.0134
9.98664
10.0042
10.0142
10.0194
10.0173
10.0388
10.0712
10.087
10.0626
10.0438
10.0306
10.0393
10.0496
10.0352
10.0361
10.0369
10.0386
10.0338
10.0387
10.0582
10.0502
10.0141
10.0347
10.0613
10.0561
10.0577
10.0612
10.0679
10.0523
10.0201
10.0388
10.0497
10.0712
10.07
10.0948
10.1105
10.1212
10.1001
10.1114
10.1092
10.0931
10.1115
10.1223
10.112
10.1029
10.0806
10.0865
10.0938
10.0654
10.0464
10.086
10.1103
10.0851
10.0706
10.085
10.0682
9.99702
9.99474
9.99059
9.98788
9.99192
10.004
10.0151
10.0279
10.0215
10.0375
10.0659
10.07
10.0847
10.0874
10.0405
10.0288
10.0088
10.0098
10.0329
10.0037
10.0079
9.96751
9.95944
9.97639
9.9763
9.98497
9.99626
10.0224
10.0553
10.0646
10.088
10.0963
10.1017
10.1086
10.1314
10.1638
10.166
10.16
10.1335
10.1174
10.1198
10.115
10.1149
10.083
10.0862
10.0802
10.0849
10.1168
10.1015
10.1301
10.1299
10.1404
10.127
10.1098
10.0858
10.0798
10.0855
10.0662
10.0816
10.062
10.0664
10.0905
10.106
10.1067
10.099
10.1093
10.1237
10.1179
10.1111
10.1207
10.1182
10.1343
10.1332
10.0813
10.1041
10.11
10.0908
10.0896
10.103
10.1014
10.0908
10.0874
10.1078
10.049
10.0336
10.0036
9.97781
9.94558
9.95464
9.94957
9.93721
9.94929
9.93426
9.95312
9.96853
9.94324
9.95352
9.95009
9.99049
9.99733
9.98709
9.96008
9.99077
9.97509
9.95377
9.93878
9.96601
9.96576
9.98529
9.96221
9.96614
9.95515
9.94559
9.93475
9.9513
9.89579
9.88405
9.86336
9.8578
9.84558
9.85615
9.85914
9.85799
9.8227
9.83776
9.83922
9.8444
9.81991
9.82333
9.83317
9.8539
9.83662
9.84515
9.84439
9.82584
9.82703
9.83622
9.84749
9.81464
9.80265
9.81153
9.81521
9.82167
9.85152
9.83777
9.84654
9.86097
9.84815
9.84503
9.87691
9.87734
9.86551
9.82028
9.82723
9.83012
9.84978
9.85998
9.84618
9.86375
9.87869
9.85057
9.84605
9.83516
9.84122
9.82502
9.84683
9.8542
9.83211
9.8176
9.83356
9.84778
9.84217
9.85068
9.83498
9.83309
9.83152
9.83903
9.85146
9.86689
9.88382
9.88716
9.8841
9.88939
9.89533
9.90321
9.90043
9.91375
9.92352
9.9388
9.94571
9.97387
10.0138
10.0302
10.045
10.0474
10.0428
10.0083
9.99974
10.0179
10.0237
10.0147
10.0434
10.0513
10.0263
10.041
10.0435
10.0426
10.0388
10.0463
10.0496
10.0589
10.0589
10.0849
10.0812
10.0875
10.087
10.0748
10.0616
10.0548
10.0531
10.0353
10.018
9.98537
9.98053
9.94869
9.94371
9.93136
9.92013
9.92641
9.95674
9.96163
9.96772
9.94761
9.94975
9.96355
9.96243
9.96569
9.96563
9.97035
9.977
9.94956
9.95069
9.94426
9.95818
9.95831
9.98073
9.99267
10.0163
10.0228
10.0064
10.0238
10.0128
10.0177
10.0406
10.0507
10.0666
10.0854
10.073
10.0884
10.0648
10.0719
10.0484
10.0527
10.0773
10.0707
10.0704
10.1056
10.1126
10.1044
10.0803
10.0934
10.1065
10.1052
10.0855
10.0605
10.0676
10.0716
10.0741
10.1019
10.092
10.0855
10.0923
10.1172
10.1057
10.1002
10.1073
10.1349
10.1192
10.1403
10.1303
10.1121
10.0986
10.0893
10.0877
10.0925
10.0398
10.0372
10.0375
10.0019
10.0122
9.99631
10.0277
10.0508
10.0392
10.057
10.0522
10.0674
10.0308
10.0442
10.0258
10.0093
9.99311
10.0091
10.0128
10.0437
10.0038
9.99986
9.98132
9.99977
9.97717
9.9755
9.94025
9.93987
9.9519
9.94535
9.95175
9.96062
9.96289
9.93587
9.9452
9.96038
9.91335
9.88633
9.88328
9.87459
9.88487
9.89785
9.91084
9.91085
9.94643
9.95376
9.93681
9.92453
9.92535
9.91811
9.93641
9.94345
9.94519
9.93229
9.89165
9.90599
9.89542
9.88997
9.89616
9.88441
9.89528
9.89554
9.88562
9.90035
9.9169
9.93239
9.90213
9.87732
9.88592
9.8707
9.87974
9.86993
9.83676
9.85533
9.79822
9.8148
9.81618
9.80164
9.80922
9.82425
9.81494
9.79766
9.80764
9.80659
9.77409
9.7821
9.76602
9.78595
9.80451
9.78425
9.75911
9.76855
9.80246
9.79592
9.78029
9.80848
9.81974
9.82914
9.83463
9.81702
9.83044
9.83459
9.82124
9.82483
9.81941
9.82892
9.84453
9.83168
9.85325
9.84799
9.84448
9.8697
9.85928
9.83555
9.82063
9.81158
9.81791
9.84185
9.82964
9.8593
9.82913
9.85141
9.84059
9.85863
9.87137
9.87079
9.86403
9.91283
9.91428
9.9075
9.88129
9.89591
9.88874
9.90339
9.87847
9.8845
9.88738
9.90977
9.89302
9.90044
9.93301
9.92221
9.91021
9.91941
9.92924
9.94127
9.92361
9.929
9.90937
9.90303
9.89475
9.91531
9.91443
9.89112
9.89564
9.9369
9.95371
9.98074
9.97148
9.98146
9.9742
9.99942
9.98708
9.97215
9.95781
9.94691
9.93192
9.96168
9.97691
9.96595
9.95791
9.93849
9.96144
9.9743
9.98215
10.0146
10.0312
10.0321
10.0102
10.002
10.006
10.0198
10.0363
10.0671
10.0679
10.0512
10.0242
10.0198
10.0495
10.0533
10.0656
10.0631
10.0866
10.097
10.078
10.0856
10.0718
10.0296
10.0238
10.0297
10.0314
10.0177
10.0373
10.0502
10.0481
10.0471
10.0485
10.0532
10.0637
10.074
10.0579
10.0444
10.0363
10.0515
10.0509
10.0845
10.104
10.1084
10.1347
10.1536
10.1681
10.1326
10.1324
10.1255
10.1262
10.128
10.1195
10.0812
10.0996
10.1001
10.1011
10.0783
10.0778
10.0857
10.0853
10.0907
10.1114
10.1175
10.1466
10.162
10.1541
10.1596
10.156
10.1722
10.1524
10.1481
10.1198
10.137
10.1384
10.1261
10.1532
10.1573
10.1882
10.1977
10.2184
10.2218
10.2314
10.2065
10.1948
10.1603
10.1664
10.1531
10.1499
10.1527
10.1564
10.1661
10.1757
10.1844
10.1657
10.1575
10.1574
10.1581
10.1774
10.1615
10.1683
10.1817
10.1805
10.2006
10.1572
10.1624
10.1605
10.1824
10.1509
10.1581
10.1467
10.1323
10.1413
10.1327
10.1282
10.1402
10.1252
10.1489
10.1485
10.1113
10.1281
10.1577
10.129
10.1119
10.1248
10.1445
10.1466
10.135
10.1375
10.1773
10.1992
10.2001
10.2082
10.1978
10.1569
10.1434
10.1321
10.1251
10.1039
10.1
10.0845
10.0768
10.0945
10.0824
10.1007
10.1061
10.0831
10.0825
10.0696
10.0844
10.1018
10.0888
10.0928
10.0809
10.0822
10.0717
10.0431
9.98791
9.99358
9.97998
9.98136
9.94857
9.94885
9.91601
9.88628
9.87562
9.88726
9.87438
9.89564
9.90884
9.87784
9.87422
9.86145
9.87797
9.88482
9.8747
9.86677
9.82877
9.82523
9.82204
9.82403
9.7875
9.78247
9.78196
9.7778
9.78249
9.75505
9.75365
9.71886
9.72635
9.73748
9.70645
9.7091
9.71394
9.66135
9.67682
9.66482
9.66914
9.67958
9.69249
9.70996
9.71797
9.68097
9.68446
9.66587
9.69143
9.69106
9.66481
9.67667
9.68904
9.70151
9.71729
9.72106
9.68793
9.67754
9.68981
9.7121
9.73684
9.71603
9.72916
9.75479
9.76539
9.78446
9.76976
9.75702
9.73271
9.73691
9.75955
9.78483
9.78975
9.80303
9.79963
9.78884
9.7971
9.81035
9.82152
9.84653
9.88061
9.8764
9.86567
9.85526
9.87283
9.86063
9.85594
9.86306
9.89648
9.90354
9.93159
9.94303
9.95144
9.9409
9.96639
9.9507
9.96722
9.93055
9.93429
9.92762
9.93106
9.94494
9.96511
9.96602
9.95011
9.96313
9.95799
9.92089
9.93915
9.94975
9.92476
9.91471
9.92256
9.91274
9.94833
9.94427
9.94771
9.95241
9.92059
9.93687
9.97072
9.96659
9.96031
9.98621
9.97871
9.96342
9.92918
9.935
9.92325
9.90507
9.90831
9.94264
9.95322
9.98636
10.0034
9.99972
10.0131
10.0266
10.027
10.0132
10.0518
10.0666
10.0544
10.0633
10.0847
10.075
10.0529
10.0428
10.0634
10.0262
10.0299
10.0097
10.0137
10.0312
10.0154
10.0344
10.0014
10.0018
10.0062
10.0197
10.0498
10.0396
10.0554
10.0593
10.07
10.0523
10.0768
10.0746
10.0425
10.0504
10.0607
10.0631
10.0781
10.0817
10.0939
10.0929
10.1007
10.1201
10.0862
10.0812
10.0943
10.0879
10.058
10.0556
10.064
10.0741
10.0554
10.0755
10.0989
10.097
10.0502
10.0686
10.0847
10.0754
10.0936
10.1115
10.1078
10.1135
10.1273
10.1597
10.1807
10.1896
10.1881
10.205
10.2162
10.2125
10.2097
10.1807
10.1593
10.1364
10.1492
10.1697
10.1791
10.1411
10.1487
10.1541
10.1703
10.1499
10.1487
10.1416
10.1259
10.1295
10.1233
10.1502
10.1569
10.1841
10.1874
10.1692
10.1685
10.1869
10.1916
10.1709
10.2084
10.1773
10.1681
10.1741
10.1956
10.1342
10.119
10.1378
10.1697
10.1442
10.128
10.1177
10.0879
10.0761
10.0891
10.0951
10.1008
10.1036
10.1082
10.086
10.0518
10.0677
10.0698
10.0521
10.0755
10.0833
10.0872
10.0817
10.1044
10.0882
10.0887
10.079
10.101
10.121
10.1135
10.1124
10.0917
10.0885
10.1102
10.1086
10.1201
10.1112
10.1148
10.0713
10.0885
10.0905
10.0898
10.096
10.1332
10.1217
10.1127
10.1384
10.159
10.1711
10.1518
10.1724
10.2073
10.1941
10.1954
10.1753
10.1856
10.2206
10.2294
10.2363
10.2463
10.2577
10.2276
10.2149
10.2424
10.2548
10.2674
10.2689
10.2589
10.198
10.1924
10.2084
10.2364
10.2018
10.1914
10.1998
10.1732
10.162
10.1413
10.1572
10.1631
10.1264
10.1175
10.12
10.1283
10.1319
10.1514
10.1686
10.1878
10.22
10.211
10.2354
10.2726
10.2675
10.2827
10.2449
10.1996
10.2138
10.2006
10.1805
10.2134
10.2252
10.1742
10.1543
10.1388
10.1544
10.1674
10.1633
10.174
10.1931
10.2061
10.2076
10.2146
10.203
10.2102
10.2327
10.2615
10.253
10.2409
10.2259
10.2426
10.2509
10.2626
10.2674
10.2541
10.265
10.2335
10.2321
10.2428
10.2373
10.234
10.2534
10.2801
10.3032
10.2745
10.2584
10.2681
10.2152
10.2366
10.2473
10.2512
10.257
10.2632
10.2589
10.2705
10.2622
10.2444
10.2796
10.2789
10.3023
10.3132
10.328
10.3444
10.322
10.3214
10.3043
10.293
10.2895
10.292
10.2988
10.3448
10.3623
10.3669
10.3601
10.3458
10.3602
10.3457
10.3577
10.3622
10.373
10.3638
10.3806
10.3561
10.3568
10.3313
10.297
10.3215
10.3091
10.3111
10.3008
10.2867
10.2663
10.247
10.2669
10.2664
10.256
10.2681
10.2594
10.246
10.2677
10.2763
10.2382
10.2511
10.2536
10.2353
10.1828
10.1841
10.2011
10.1876
10.1808
10.1771
10.1745
10.1576
10.1479
10.1483
10.1603
10.1176
10.1239
10.1569
10.1507
10.1602
10.1743
10.1669
10.1376
10.1271
10.1237
10.1295
10.1478
10.1441
10.0949
10.1031
10.1195
10.1165
10.137
10.1393
10.1551
10.1619
10.1544
10.172
10.1676
10.1399
10.1311
10.1232
10.1273
10.1153
10.1342
10.1372
10.1248
10.1124
10.1232
10.1231
10.1452
10.1545
10.1752
10.1875
10.1893
10.1523
10.1657
10.166
10.1957
10.2127
10.2095
10.2026
10.1961
10.1942
10.2149
10.2146
10.2203
10.211
10.213
10.1879
10.2055
10.1998
10.1701
10.1985
10.1788
10.1764
10.1521
10.1768
10.1573
10.1384
10.127
10.1397
10.1062
10.1209
10.1017
10.0821
10.0897
10.1031
10.0889
10.0999
10.1205
10.1113
10.1146
10.1383
10.047
10.0137
10.0281
10.0122
10.008
9.95581
9.97174
9.97465
9.98001
9.98911
10.0007
10.0262
10.0247
10.0118
9.96191
9.93634
9.9403
9.90667
9.88623
9.897
9.89571
9.90499
9.9075
9.88057
9.88659
9.89314
9.89706
9.91775
9.93069
9.93202
9.94442
9.93794
9.94298
9.92264
9.90629
9.85933
9.87915
9.84349
9.82649
9.85209
9.85256
9.84659
9.86902
9.88553
9.89433
9.88689
9.86869
9.87883
9.88197
9.88541
9.90206
9.9094
9.91672
9.92238
9.92348
9.94007
9.92862
9.93129
9.94765
9.931
9.95215
9.94594
9.96544
9.98443
9.99102
9.96731
9.98454
9.95671
9.95325
9.95586
9.92396
9.9053
9.90736
9.85339
9.8765
9.88783
9.90027
9.89144
9.90563
9.91909
9.92124
9.86989
9.8773
9.87319
9.85024
9.84942
9.842
9.84488
9.85072
9.85079
9.84756
9.84094
9.85555
9.87116
9.883
9.89451
9.90987
9.91601
9.93543
9.91739
9.91494
9.92379
9.89815
9.91338
9.90982
9.90258
9.90245
9.93329
9.9314
9.92159
9.91117
9.92019
9.91912
9.92537
9.92874
9.90533
9.89559
9.92655
9.91496
9.91626
9.90015
9.86465
9.88026
9.90016
9.88272
9.89408
9.91555
9.8965
9.93148
9.92727
9.93521
9.93672
9.94337
9.90898
9.90446
9.94109
9.92819
9.91462
9.90064
9.89243
9.91784
9.91929
9.91852
9.93709
9.9527
9.93421
9.93952
9.938
9.95935
9.93944
9.95827
9.96179
9.97069
9.97077
9.98648
10.0112
10.0107
10.0174
9.97974
9.95084
9.9191
9.92442
9.93364
9.95659
9.98091
9.98801
9.97453
9.99839
9.98496
9.9678
9.9657
9.97466
10.0084
9.99772
10.0194
10.018
10.0202
10.0112
10.0284
10.0359
10.0403
10.0157
10.0102
10.0329
10.0227
10.0095
10.0267
10.0241
10.0346
10.0186
10.0436
10.051
10.068
10.0722
10.0619
10.0419
10.0184
10.0018
10.0008
10.0078
9.99631
10
9.98844
9.98149
9.99175
10.0026
10.0181
10.0248
10.0046
10.0049
9.99002
9.99383
9.98194
9.94352
9.91818
9.90434
9.89377
9.89771
9.88036
9.90898
9.90141
9.91026
9.85291
9.84628
9.82908
9.83243
9.81628
9.84138
9.85355
9.83204
9.78274
9.79902
9.78148
9.79607
9.81738
9.82794
9.82114
9.8003
9.79205
9.81465
9.81527
9.79418
9.80562
9.83941
9.83859
9.79752
9.80627
9.7891
9.77367
9.77649
9.77263
9.78212
9.7863
9.80066
9.80253
9.83894
9.84683
9.86657
9.82411
9.8362
9.8667
9.86821
9.85078
9.87364
9.88615
9.88722
9.89961
9.88272
9.89744
9.8754
9.87203
9.89242
9.92567
9.9158
9.91348
9.93275
9.94123
9.95404
9.95956
9.96899
9.97993
9.95925
9.9402
9.95254
9.94306
9.92931
9.93201
9.94689
9.9257
9.94872
9.97925
9.97008
9.96923
9.93973
9.9632
9.95907
9.94928
9.92597
9.86082
9.86257
9.87433
9.86187
9.87883
9.87772
9.85059
9.88357
9.87143
9.88985
9.90611
9.88549
9.87677
9.91377
9.93617
9.96943
9.99623
9.98183
9.99666
9.99786
10.003
10.037
10.0153
10.0056
10.0072
10.0061
9.99413
9.99083
10.023
10.0357
10.0227
10.035
10.0517
10.0765
10.0738
10.0963
10.116
10.1384
10.117
10.0763
10.0962
10.088
10.095
10.0475
10.0748
10.0261
10.0076
9.99429
9.98951
9.98034
9.97806
9.9691
9.9818
9.97888
9.99241
9.97694
9.94192
9.96445
9.9651
9.97999
9.99106
10.013
10.0345
10.0126
9.98391
10.0226
10.046
9.97722
9.98348
10.0148
10.017
9.97745
9.98167
9.98606
9.99288
9.95899
9.97799
9.9712
9.96963
9.9786
9.96848
9.95375
9.95711
9.95015
9.98333
9.97932
9.96376
9.96682
9.97266
9.95666
9.95403
9.95006
9.9661
9.98786
9.9716
9.9794
9.99291
10.003
10.006
10.0181
10.0466
10.0627
10.0548
10.0191
9.99803
10.0271
10.0571
10.0494
10.0438
10.0472
10.074
10.0398
10.0531
10.0765
10.0705
10.0887
10.0975
10.1053
10.0959
10.0812
10.0849
10.1028
10.1033
10.1143
10.1317
10.1339
10.1478
10.1263
10.093
10.1295
10.1392
10.1178
10.1406
10.1274
10.138
10.1479
10.1413
10.1352
10.1664
10.1682
10.1412
10.1503
10.1403
10.1552
10.1203
10.1184
10.1009
10.0866
10.0889
10.1114
10.1106
10.1406
10.1382
10.1444
10.0951
10.0879
10.0621
10.0522
10.0594
10.0711
10.0782
10.0765
10.0493
10.033
10.0148
10.0374
10.0152
10.0111
10.0143
10.0268
10.0151
10.023
10.0404
10.0667
10.0602
10.086
10.0717
10.0855
10.0558
10.0645
10.0782
10.0968
10.1016
10.0931
10.0847
10.1049
10.1227
10.1037
10.1223
10.1159
10.111
10.0981
10.1184
10.1352
10.0915
10.0982
10.0983
10.0992
10.1159
10.1056
10.1031
10.1204
10.1007
10.0873
10.0968
10.0949
10.1181
10.1388
10.0867
10.0814
10.0727
10.0747
10.0997
10.1018
10.0936
10.1216
10.1266
10.1156
10.1321
10.1623
10.1619
10.1629
10.18
10.1889
10.1669
10.1627
10.1606
10.1448
10.1441
10.1351
10.1609
10.1682
10.1504
10.1276
10.0965
10.071
10.0353
10.0009
10.0019
9.98676
9.98007
9.96895
9.95292
9.92853
9.89898
9.91183
9.91369
9.91175
9.93482
9.92523
9.93796
9.96742
9.98678
10.0116
10.0095
9.99197
10.0077
10.0227
9.99175
10.0009
10.0102
9.99802
10.0025
10.0069
9.99774
10.0106
10.0126
10.0119
9.97213
9.99214
9.9942
10.0124
10.0366
10.058
10.0473
10.0421
10.0459
10.0582
10.0629
10.0663
10.0751
10.0801
10.1007
10.1323
10.1244
10.1103
10.1318
10.1188
10.0765
10.0687
10.0752
10.0736
10.1034
10.0801
10.0848
10.0854
10.0828
10.1188
10.0935
10.0923
10.087
10.0954
10.1052
10.1039
10.1094
10.1058
10.1036
10.0996
10.0966
10.1237
10.1259
10.1079
10.1164
10.1338
10.1335
10.1569
10.1658
10.172
10.1489
10.1605
10.1777
10.1944
10.1825
10.2026
10.2077
10.202
10.2146
10.1984
10.2007
10.243
10.2554
10.2693
10.2707
10.3007
10.3063
10.2945
10.2675
10.2897
10.2998
10.2839
10.2807
10.2942
10.3035
10.2628
10.2571
10.2717
10.2757
10.2993
10.2998
10.3109
10.2959
10.279
10.2788
10.2909
10.2987
10.3045
10.3194
10.3514
10.3612
10.3427
10.3434
10.3818
10.3741
10.3725
10.3616
10.3952
10.3935
10.3557
10.3542
10.3958
10.3954
10.3535
10.3312
10.3445
10.3675
10.3659
10.3167
10.3128
10.3154
10.3351
10.3309
10.3431
10.3521
10.3618
10.3789
10.3992
10.4017
10.3635
10.366
10.3746
10.3688
10.3564
10.3429
10.3729
10.3914
10.3868
10.3725
10.3823
10.3436
10.3491
10.33
10.3568
10.3594
10.333
10.3417
10.3388
10.3265
10.3085
10.2768
10.3183
10.3287
10.339
10.3453
10.3491
10.3589
10.3548
10.3405
10.3525
10.3636
10.357
10.3594
10.3382
10.3231
10.3411
10.3485
10.3443
10.3544
10.3346
10.3157
10.3537
10.3656
10.3768
10.3975
10.417
10.3848
10.4056
10.4135
10.3937
10.4147
10.3756
10.3853
10.4035
10.4232
10.4269
10.4532
10.4502
10.4444
10.4609
10.4543
10.4742
10.4397
10.4373
10.4745
10.4899
10.494
10.4889
10.4906
10.5009
10.5059
10.5176
10.5101
10.513
10.5346
10.5402
10.5078
10.5251
10.516
10.5153
10.4993
10.5332
10.5516
10.5618
10.5588
10.574
10.5751
10.573
10.5797
10.5834
10.578
10.5843
10.572
10.5839
10.5772
10.5663
10.5078
10.5311
10.529
10.5197
10.4663
10.4672
10.4601
10.4469
10.4436
10.4351
10.4599
10.4687
10.4762
10.419
10.4257
10.3979
10.3899
10.4065
10.3783
10.35
10.3672
10.3755
10.3941
10.3625
10.3772
10.377
10.3346
10.3088
10.3119
10.3262
10.3381
10.3454
10.3398
10.3365
10.353
10.3542
10.3384
10.3316
10.3528
10.3384
10.3205
10.3423
10.3059
10.3162
10.3323
10.3502
10.3543
10.3375
10.3413
10.33
10.3169
10.329
10.3288
10.3452
10.3356
10.2787
10.2641
10.2387
10.2437
10.2083
10.214
10.2019
10.2212
10.2027
10.1912
10.1695
10.124
10.1492
10.108
10.093
10.085
10.0715
10.0636
10.0831
10.0576
10.0158
10.001
10.0096
10.0094
10.0087
10.0382
10.0323
10.0222
10.0118
9.97859
9.92701
9.89444
9.90627
9.90078
9.90195
9.88773
9.90618
9.89482
9.90411
9.92129
9.91768
9.93334
9.92281
9.90525
9.91677
9.92012
9.92597
9.9436
9.9408
9.90932
9.8896
9.8805
9.86216
9.86736
9.85702
9.82231
9.83128
9.83501
9.82172
9.83302
9.83139
9.84096
9.82133
9.76141
9.78092
9.78034
9.76162
9.7851
9.78954
9.80701
9.8155
9.82005
9.8269
9.84348
9.84216
9.85963
9.82881
9.80154
9.79544
9.78824
9.77371
9.73423
9.74245
9.76009
9.75376
9.76282
9.77672
9.75018
9.76293
9.74564
9.76185
9.77493
9.75002
9.76335
9.75887
9.78289
9.76556
9.77311
9.79004
9.82047
9.81692
9.85771
9.8565
9.81529
9.84334
9.8721
9.87992
9.87528
9.88963
9.89391
9.89675
9.87818
9.84595
9.85985
9.88265
9.89982
9.89293
9.91528
9.93407
9.94971
9.93281
9.94456
9.93835
9.96839
9.96029
9.95183
9.91758
9.93663
9.91941
9.92906
9.94806
9.95639
9.9577
9.94768
9.95738
9.95574
9.94816
9.93262
9.93778
9.91312
9.92132
9.91086
9.91805
9.92681
9.90491
9.91501
9.9109
9.91293
9.9054
9.92114
9.93011
9.94445
9.93859
9.93532
9.92159
9.92411
9.90774
9.91761
9.91723
9.90463
9.89691
9.89401
9.87068
9.88433
9.87355
9.87952
9.88632
9.89258
9.87255
9.88953
9.8919
9.92744
9.94477
9.92925
9.95087
9.92494
9.94506
9.9442
9.95753
9.9847
10.0086
10.0142
10.0294
10.0411
10.0365
10.0666
10.0774
10.0846
10.074
10.0892
10.1147
10.1069
10.1267
10.1319
10.1337
10.1337
10.1422
10.1666
10.1552
10.1326
10.1455
10.1343
10.1501
10.1688
10.1808
10.1714
10.1798
10.1857
10.1755
10.1949
10.1853
10.1917
10.1835
10.1535
10.156
10.1808
10.1899
10.181
10.2122
10.2417
10.1974
10.2084
10.1738
10.1649
10.1824
10.1823
10.2007
10.2103
10.1984
10.1895
10.1997
10.1784
10.1821
10.1431
10.1697
10.1671
10.1796
10.177
10.204
10.2335
10.2401
10.2575
10.2729
10.2714
10.2731
10.2629
10.2797
10.3069
10.3013
10.323
10.3392
10.3486
10.326
10.3245
10.3588
10.3595
10.3636
10.3691
10.3725
10.3836
10.3551
10.3631
10.3671
10.3579
10.338
10.3354
10.3232
10.3115
10.3191
10.2957
10.3199
10.3163
10.2949
10.2927
10.3019
10.3072
10.3016
10.2999
10.2978
10.3115
10.2958
10.3164
10.3384
10.3223
10.3311
10.3054
10.3103
10.3134
10.2987
10.2998
10.3057
10.3227
10.3126
10.2876
10.307
10.3072
10.277
10.2659
10.2525
10.2443
10.2366
10.2405
10.245
10.2516
10.244
10.2559
10.2294
10.2083
10.2249
10.2327
10.2525
10.2398
10.2289
10.2311
10.2445
10.2098
10.2208
10.1758
10.196
10.1842
10.1967
10.1786
10.1803
10.1869
10.1785
10.1439
10.1442
10.147
10.1416
10.1491
10.1716
10.179
10.1689
10.1892
10.22
10.2201
10.1882
10.211
10.22
10.2518
10.2509
10.2665
10.28
10.2934
10.2798
10.226
10.2316
10.2171
10.2149
10.2082
10.1867
10.1695
10.1728
10.1975
10.2208
10.2271
10.2454
10.2541
10.2399
10.2491
10.232
10.2051
10.2409
10.2356
10.2212
10.2016
10.2145
10.2312
10.2013
10.206
10.2159
10.221
10.2256
10.2167
10.2026
10.1983
10.1894
10.1803
10.2052
10.1907
10.1631
10.1438
10.1193
10.0895
10.1087
10.1151
10.1326
10.1448
10.1098
10.0852
10.0797
10.0566
10.0204
10.0023
10.0018
10.0005
10.002
10.0229
10.0311
10.051
10.0421
9.98734
9.99559
9.94457
9.94839
9.95344
9.96531
9.96016
9.9893
9.98615
9.99177
9.97298
9.94168
9.94212
9.94907
9.92915
9.92207
9.91665
9.93433
9.91794
9.91742
9.88951
9.90121
9.8971
9.90207
9.89275
9.91097
9.90608
9.91973
9.90945
9.94413
9.9459
9.96209
9.97626
9.98786
10.0128
10.0224
10.0114
10.0613
10.0557
10.0552
10.0703
10.0702
10.0567
10.0612
10.0473
10.0242
10.0379
10.0032
10.0223
10.0006
10.0177
10.0442
10.0459
10.0467
10.0268
10.0269
10.0577
10.0931
10.113
10.0494
10.048
10.045
10.0485
10.0259
10.0256
10.0084
9.99955
9.98382
9.97831
9.94306
9.9393
9.93935
9.93727
9.90779
9.91848
9.88944
9.86914
9.87711
9.8874
9.88595
9.86226
9.86357
9.87331
9.88458
9.88581
9.9098
9.90165
9.91143
9.92329
9.91188
9.88723
9.86919
9.86587
9.87448
9.8789
9.8633
9.85349
9.82932
9.78423
9.76529
9.78037
9.79121
9.79381
9.76878
9.74391
9.7555
9.75364
9.75442
9.7626
9.77039
9.79188
9.7691
9.77698
9.7756
9.79522
9.80502
9.8207
9.80805
9.80419
9.80225
9.81371
9.82503
9.79209
9.77086
9.77336
9.76569
9.7814
9.77735
9.79968
9.82052
9.80669
9.81432
9.83356
9.8578
9.88915
9.90497
9.90434
9.92553
9.894
9.86397
9.85168
9.86918
9.87144
9.84966
9.8486
9.84304
9.86427
9.817
9.81227
9.82579
9.81905
9.80875
9.82245
9.8484
9.8253
9.80255
9.79099
9.7969
9.82657
9.82679
9.85454
9.85033
9.83485
9.84478
9.85072
9.85176
9.84138
9.87055
9.88472
9.92623
9.91642
9.93827
9.96258
9.97973
9.99574
9.9691
9.94622
9.93664
9.9603
9.93872
9.96237
9.95222
9.96138
9.94543
9.9694
9.97779
9.97318
9.98718
9.93965
9.943
9.94684
9.95873
9.983
9.97798
9.99589
9.99148
9.99679
10.0088
10.0172
10.0053
9.99981
9.97381
9.9656
9.94126
9.95594
9.98567
9.97359
9.98094
9.96211
9.98317
9.99913
9.97291
9.9783
10.0079
10.0266
10.0381
10.0418
10.0729
10.0754
10.0789
10.0936
10.0937
10.124
10.1186
10.1366
10.1589
10.1724
10.1858
10.2013
10.2286
10.2244
10.235
10.2064
10.1973
10.192
10.1879
10.1735
10.1704
10.1562
10.1481
10.1399
10.1678
10.1582
10.1759
10.177
10.1819
10.1773
10.1775
10.2003
10.1847
10.1989
10.1498
10.1396
10.1301
10.1
10.1082
10.0963
10.1006
10.0751
10.0992
10.1324
10.1206
10.1242
10.1392
10.1245
10.1056
10.0983
10.0923
10.0911
10.0951
10.1168
10.1184
10.1134
10.1283
10.1151
10.0954
10.088
10.1103
10.0999
10.105
10.1106
10.0826
10.107
10.1048
10.0993
10.0776
10.0667
10.0603
10.0591
10.094
10.1035
10.1072
10.1128
10.1105
10.0879
10.0732
10.0713
10.0962
10.0774
10.0578
10.0702
10.0517
10.0423
10.0103
9.98843
9.99901
9.98524
9.97472
9.99589
10.0058
9.99571
9.99558
9.99108
10.0109
10.0317
10.0138
9.96986
9.99662
9.99959
9.98786
9.97436
9.98039
9.98218
9.97751
9.99635
10.0152
10.038
10.023
10.015
10.0438
10.0267
10.0098
10.0161
10.0312
10.0548
10.0818
10.0816
10.0814
10.089
10.0924
10.0918
10.0834
10.0916
10.0916
10.0975
10.0801
10.0927
10.0603
10.0277
10.0554
10.0275
10.02
10.0463
10.0756
10.0806
10.0909
10.0868
10.1011
10.101
10.0514
10.0474
10.0743
10.0859
10.0359
10.0397
10.0593
10.0869
10.0964
10.1195
10.1504
10.1445
10.1532
10.1559
10.1334
10.121
10.1253
10.1465
10.1727
10.1752
10.1683
10.1811
10.1776
10.1617
10.1617
10.1689
10.1707
10.1977
10.2113
10.2162
10.2357
10.2088
10.2021
10.1965
10.2005
10.1712
10.1626
10.1649
10.1682
10.1582
10.1492
10.1392
10.139
10.1535
10.1797
10.1486
10.1153
10.0925
10.0932
10.0904
10.12
10.1152
10.1354
10.1619
10.1757
10.1646
10.1794
10.1891
10.1987
10.2246
10.2168
10.206
10.2416
10.239
10.2269
10.2211
10.2178
10.213
10.208
10.208
10.1782
10.1896
10.1556
10.1318
10.1404
10.1592
10.1462
10.1412
10.1506
10.1253
10.1125
10.1165
10.0831
10.0865
10.0879
10.0991
10.1108
10.1178
10.1199
10.1178
10.1115
10.0959
10.0697
10.0635
10.1023
10.1247
10.1314
10.1031
10.0977
10.1184
10.1348
10.1582
10.1635
10.153
10.1714
10.1807
10.1926
10.2083
10.1683
10.172
10.1752
10.1886
10.1499
10.1398
10.1575
10.1621
10.1695
10.1262
10.1431
10.1619
10.1632
10.1498
10.1444
10.1483
10.147
10.116
10.1106
10.0978
10.0699
10.0696
10.0882
10.1059
10.101
10.0837
10.1083
10.0851
10.0764
10.0761
10.0798
10.0687
10.0672
10.0465
10.0805
10.0855
10.0793
10.0953
10.1243
10.1302
10.1413
10.1233
10.1113
10.1207
10.1171
10.1292
10.119
10.1242
10.1388
10.1164
10.1157
10.114
10.1149
10.1075
10.1182
10.1254
10.1118
10.1307
10.1477
10.1464
10.1277
10.132
10.1377
10.144
10.1379
10.1317
10.1324
10.1541
10.1735
10.1911
10.1876
10.1554
10.1387
10.1158
10.1487
10.1526
10.1441
10.1387
10.1412
10.1556
10.1469
10.1352
10.1278
10.1274
10.1478
10.1582
10.1665
10.1711
10.1414
10.1181
10.1324
10.1493
10.163
10.1329
10.1185
10.1024
10.0808
10.0514
10.0333
10.0445
10.0056
9.9906
9.9576
9.98943
9.98801
9.99544
10.0116
10.0273
10.015
10.0376
10.0653
10.054
10.0513
10.0275
10.0227
10.0074
10.018
10.0525
10.0327
10.0112
9.99548
10.0107
10.0148
10.0301
10.0336
10.047
10.0653
10.0876
10.0796
10.0745
10.0613
10.0547
10.0283
10.0489
10.046
10.0431
10.0582
10.0492
10.0561
10.0421
10.0225
10.016
10.0154
10.0152
9.98246
9.97579
9.99546
9.98443
9.99382
10.0091
10.0296
10.0453
10.0311
10.0035
9.97923
10.0084
9.99483
9.97978
9.97365
9.96067
9.97656
9.97136
9.96345
9.98788
9.96428
9.96179
9.96878
9.9784
9.96293
9.96585
9.97938
10.0068
9.9988
10.0101
10.0307
10.0495
10.0493
10.0354
10.0588
10.0852
10.0624
10.0355
10.0095
10.0015
10.0072
10.0297
10.0235
10.0264
9.99756
10.0038
10.0027
10.0081
9.99117
9.9952
10.0123
10.0221
10.015
9.99867
9.98779
10.0096
9.96703
9.96795
9.97039
9.98661
9.94855
9.96663
9.97627
9.98819
10.0008
10.0193
10.0101
10.018
10.0323
10.0497
10.0434
10.0483
10.0439
10.0006
9.99325
9.98464
9.96654
9.97129
9.96776
9.9776
9.9758
9.96414
9.94004
9.93502
9.92777
9.94166
9.96889
9.949
9.9655
9.98394
10.0186
10.0147
9.99831
9.99706
9.99019
10.0127
10.0098
10.0038
10.0277
10.0241
10.0061
10.0252
10.0131
10.005
9.98603
9.99371
9.97769
9.99896
10.0312
10.0332
10.0519
10.0146
9.99967
9.96649
9.96589
9.97278
9.94492
9.97574
9.96842
9.99256
10.0004
9.99586
10.0074
10.0315
10.0438
10.0263
10.0207
10.0247
10.0156
10.0384
10.0545
10.0518
10.0486
10.0801
10.0485
10.0539
10.0427
10.0384
10.0571
10.053
10.0456
10.0353
10.0618
10.0563
10.0528
10.0542
10.0303
10.027
10.0131
10.0173
10.0367
10.0519
10.0546
10.0395
10.0457
10.0461
10.0219
10.0239
10.0562
10.0596
10.049
10.0479
10.0357
10.017
10.0038
10.0078
10.0164
10.0362
9.99268
9.97772
9.99148
9.99977
9.96091
9.92597
9.89955
9.88381
9.87433
9.88372
9.89622
9.9142
9.91259
9.90065
9.92263
9.89212
9.92666
9.9049
9.91345
9.89697
9.87055
9.86067
9.84219
9.87146
9.84393
9.85998
9.85735
9.87484
9.89024
9.91474
9.89357
9.87649
9.84657
9.81987
9.83732
9.84399
9.84809
9.82295
9.82333
9.83168
9.82703
9.84174
9.87106
9.88137
9.84534
9.84876
9.87544
9.89347
9.87102
9.86989
9.87037
9.86821
9.83542
9.8378
9.843
9.81436
9.82766
9.8418
9.82081
9.83676
9.81113
9.83756
9.81373
9.81076
9.82519
9.82209
9.82659
9.82115
9.83271
9.84637
9.87981
9.88449
9.82454
9.80397
9.7961
9.80405
9.80411
9.7785
9.80914
9.82938
9.82556
9.82473
9.8452
9.81863
9.78321
9.78738
9.73365
9.76576
9.75433
9.74572
9.76099
9.76501
9.76167
9.79013
9.77013
9.78966
9.80331
9.7986
9.83848
9.83715
9.8507
9.87884
9.88295
9.85287
9.85242
9.87875
9.87467
9.90645
9.88457
9.8603
9.84616
9.81347
9.81492
9.81042
9.80004
9.79963
9.81729
9.83747
9.84222
9.83288
9.83121
9.82004
9.80238
9.79871
9.7926
9.79335
9.77613
9.76619
9.74633
9.717
9.70137
9.69732
9.73065
9.74037
9.75017
9.76069
9.75475
9.73033
9.73685
9.71934
9.72699
9.69976
9.69812
9.66244
9.64932
9.63816
9.63545
9.65638
9.63145
9.65648
9.64146
9.6635
9.65659
9.65812
9.66857
9.6603
9.63879
9.62523
9.64541
9.65891
9.66366
9.64765
9.63138
9.61954
9.61487
9.6435
9.66
9.6564
9.63868
9.63201
9.64078
9.65884
9.6553
9.64804
9.64014
9.63137
9.64
9.63899
9.64675
9.67607
9.65557
9.66488
9.65153
9.64562
9.65114
9.64836
9.65947
9.60949
9.62026
9.60199
9.62217
9.60709
9.58914
9.59715
9.61618
9.62968
9.6073
9.62974
9.63665
9.64993
9.63066
9.62324
9.61843
9.63981
9.63223
9.62785
9.62972
9.64992
9.66339
9.66666
9.66903
9.68527
9.67905
9.71268
9.71427
9.72689
9.71693
9.70411
9.70456
9.70059
9.71715
9.74158
9.73137
9.71829
9.71962
9.71896
9.73482
9.76262
9.75791
9.74279
9.74644
9.76046
9.77387
9.75419
9.75472
9.75328
9.76846
9.78265
9.76973
9.7337
9.71823
9.69635
9.69668
9.68682
9.67914
9.66899
9.65431
9.61742
9.63901
9.63635
9.65267
9.66945
9.62959
9.636
9.66629
9.68863
9.65402
9.65711
9.66613
9.68895
9.69727
9.71763
9.70854
9.70811
9.72619
9.70505
9.69314
9.70756
9.73822
9.69482
9.72195
9.72447
9.70476
9.70232
9.71896
9.6957
9.72412
9.73102
9.76411
9.77732
9.7901
9.78807
9.79469
9.8015
9.80282
9.82134
9.81248
9.78575
9.78862
9.81314
9.83454
9.85901
9.8826
9.86848
9.8891
9.88446
9.86425
9.85659
9.85522
9.83938
9.85484
9.88003
9.90991
9.9285
9.9339
9.93086
9.95144
9.90054
9.88864
9.89169
9.89159
9.87662
9.87816
9.90362
9.92567
9.94311
9.94861
9.92916
9.9534
9.93981
9.92942
9.93516
9.9613
9.96727
9.93045
9.92429
9.95166
9.96851
9.94371
9.97365
10.0048
10.0088
10.0243
10.0272
10.0428
10.0466
10.0406
10.0563
10.0615
10.0333
10.0463
10.0564
10.0882
10.0918
10.0632
10.0886
10.1282
10.1229
10.1181
10.1003
10.1086
10.1384
10.1718
10.1805
10.1774
10.1727
10.1756
10.1782
10.1863
10.1969
10.209
10.2096
10.2309
10.2411
10.245
10.2417
10.2651
10.2529
10.2216
10.2181
10.2335
10.1991
10.2094
10.2032
10.2306
10.2231
10.2326
10.2047
10.233
10.2396
10.2575
10.2306
10.2354
10.2221
10.2245
10.2323
10.2507
10.2626
10.2775
10.2627
10.2979
10.3013
10.2948
10.3129
10.3086
10.3229
10.3041
10.3318
