19.4453
1.66809
0.187094
0.0483083
1.91803
0.213348
0.0386829
0.0227903
2.03453
0.218694
0.0396262
0.0161241
2.1357
0.209282
0.0392308
0.0132927
2.22331
0.219094
0.0333555
0.0124552
2.31431
0.231875
0.030715
0.0108269
2.41891
0.237085
0.0411297
0.0148705
2.50219
0.244111
0.0333833
0.0144008
2.56471
0.247727
0.0396341
0.0168318
2.62204
0.25493
0.0394378
0.0149644
2.6726
0.255729
0.0374473
0.016528
2.74366
0.271616
0.0404968
0.00930982
2.78961
0.268431
0.0337702
0.0185913
2.85285
0.282151
0.0441526
0.0213296
2.91114
0.277193
0.0385179
0.0177758
2.96198
0.284699
0.0432572
0.0105795
2.99717
0.290315
0.0427428
0.0148079
3.04001
0.29099
0.0484192
0.0203818
3.06658
0.293426
0.0409813
0.0160111
3.09011
0.291744
0.0343597
0.0181583
3.11489
0.302857
0.0440163
0.0233102
3.13139
0.300327
0.045718
0.0246009
3.18394
0.309807
0.0472472
0.0139913
3.19064
0.309116
0.0490757
0.021531
3.19943
0.309954
0.0446575
0.0198906
3.22766
0.313696
0.039453
0.0177981
3.24751
0.313253
0.0460709
0.0174923
3.26045
0.308129
0.049074
0.0204494
3.2658
0.322103
0.0478836
0.0141098
3.28519
0.309749
0.043116
0.0183642
3.28426
0.322073
0.0504121
0.0180609
3.29505
0.323112
0.0466307
0.0159875
3.30249
0.315209
0.0446161
0.0207627
3.30918
0.314307
0.044296
0.0170309
3.32199
0.314585
0.0384118
0.0160653
3.33829
0.323633
0.0438642
0.025217
3.3381
0.31761
0.0449949
0.0156171
3.33939
0.319812
0.0451738
0.0191026
3.35427
0.319268
0.0454053
0.021244
3.35503
0.319946
0.0373778
0.0186671
3.37869
0.324255
0.0451627
0.0136431
3.39086
0.321779
0.0425297
0.0229145
3.38908
0.327645
0.0467526
0.0175081
3.39207
0.320782
0.0436799
0.0144499
3.39321
0.324858
0.0553303
0.021398
3.41015
0.322977
0.0542578
0.0174098
3.40789
0.322736
0.0463109
0.0190336
3.41229
0.330899
0.0466937
0.0298064
3.40638
0.323803
0.0510307
0.0250565
3.41648
0.334812
0.0460828
0.0188975
3.41882
0.332074
0.0495411
0.0186444
3.41687
0.327321
0.0420329
0.0165664
3.41954
0.329463
0.042799
0.019314
3.42539
0.321416
0.0519003
0.0208819
3.43461
0.327583
0.0441827
0.0173763
3.42702
0.332021
0.0497915
0.0230904
3.44149
0.328916
0.0478514
0.0218977
3.43586
0.328241
0.0475704
0.0177798
3.43191
0.335092
0.0512031
0.0188419
3.43018
0.321737
0.0478962
0.0162559
3.43711
0.331038
0.0518095
0.0276619
3.43599
0.323041
0.0550562
0.0225714
3.4345
0.329576
0.0508453
0.0172476
3.43263
0.32609
0.0444631
0.0190805
3.43794
0.326981
0.0492343
0.0168069
3.4434
0.325027
0.0392437
0.0215661
3.44808
0.332468
0.0465245
0.0238704
3.44621
0.335624
0.049347
0.0179196
3.44515
0.334197
0.0441231
0.0160118
3.43918
0.331073
0.0407995
0.0260506
3.44941
0.336351
0.0469844
0.0178476
3.44026
0.32606
0.0515313
0.0188881
3.44599
0.334934
0.046387
0.0161027
3.44408
0.336138
0.046812
0.0172371
3.43974
0.328898
0.0498355
0.0216746
3.44533
0.33723
0.0500238
0.0193555
3.44636
0.335471
0.0466144
0.0139775
3.44179
0.336212
0.0495467
0.0290456
3.44806
0.323533
0.0517571
0.0212814
3.43895
0.330065
0.0433666
0.0169879
3.44331
0.325882
0.050126
0.0218414
3.44895
0.331501
0.0549292
0.0226213
3.44919
0.329922
0.0531976
0.0188317
3.45125
0.33646
0.0538897
0.0213878
3.44228
0.330687
0.0457363
0.0177515
3.44922
0.328671
0.0433466
0.0174074
3.44853
0.336726
0.0543845
0.0208372
3.45567
0.331537
0.0462012
0.0200207
3.4552
0.332725
0.0488591
0.0287977
3.45057
0.331595
0.0443336
0.0238275
3.45612
0.338165
0.0510971
0.019722
3.45082
0.325878
0.0521245
0.0256503
3.45603
0.333591
0.0509477
0.0183573
3.44851
0.335433
0.0433792
0.0218661
3.4516
0.335666
0.0526581
0.0234795
3.45017
0.335686
0.0438558
0.0212042
3.44688
0.330821
0.0447788
0.0218209
3.44775
0.330475
0.0439559
0.0177371
3.44753
0.332935
0.0432327
0.0191898
3.4509
0.326296
0.0444817
0.0263375
3.45065
0.338701
0.0631938
0.0212121
3.44812
0.326151
0.0473193
0.0170629
3.44851
0.333168
0.0462889
0.0238347
3.4525
0.332405
0.0522146
0.0178314
3.45223
0.334566
0.0528688
0.020285
3.44805
0.328378
0.0465189
0.0215129
3.45204
0.327327
0.0455525
0.0208718
3.45663
0.337859
0.0474086
0.0244501
3.46007
0.325882
0.0508782
0.0178091
3.45685
0.33838
0.0515321
0.0201979
3.44794
0.323739
0.0419051
0.0235745
3.45421
0.328395
0.0480915
0.0176104
3.44902
0.329609
0.0460941
0.0170926
3.44908
0.32915
0.0513584
0.0158673
3.45383
0.327414
0.0504
0.0205872
3.45442
0.33585
0.0473898
0.0156185
3.45181
0.325199
0.0555467
0.0212203
3.44297
0.333467
0.0431834
0.0150062
3.4475
0.323996
0.050043
0.0216565
3.44288
0.333137
0.0528749
0.0203304
3.45304
0.325329
0.0499577
0.0190949
3.4545
0.326491
0.0404228
0.0197828
3.4514
0.330934
0.0441671
0.023854
3.45225
0.329956
0.0488594
0.0228086
3.45365
0.335721
0.0479272
0.0196958
3.4498
0.325627
0.0447057
0.0234673
3.44519
0.329663
0.0481019
0.0159027
3.45145
0.334055
0.0476347
0.0263748
3.4451
0.334501
0.0459979
0.0179018
3.44763
0.33488
0.0424467
0.0172447
3.44943
0.335883
0.0461206
0.0209659
3.45065
0.33222
0.0540154
0.0270512
3.45542
0.332783
0.0484218
0.0212087
3.44903
0.324812
0.0414872
0.0256856
3.45458
0.338411
0.0460345
0.0185546
3.45261
0.330225
0.0477634
0.0159994
3.45498
0.326219
0.0481022
0.0172772
3.45477
0.327263
0.0416269
0.0156283
3.45401
0.337967
0.0452004
0.0181956
3.45455
0.328482
0.0484457
0.0189144
3.45573
0.334647
0.04751
0.0212996
3.44775
0.336301
0.0458595
0.0225007
3.45171
0.327593
0.0507065
0.0182736
3.44533
0.333695
0.0537739
0.0203145
3.44759
0.332355
0.0577796
0.0195677
3.45122
0.327502
0.0448295
0.0213418
3.4489
0.332629
0.0492458
0.0197281
3.45547
0.327726
0.0545151
0.0238393
3.45034
0.324599
0.0530823
0.0212779
3.44889
0.329831
0.0450554
0.0208549
3.45348
0.331632
0.0499507
0.0161537
3.45324
0.330971
0.0480677
0.0221422
3.45176
0.328607
0.0526252
0.0242311
3.45031
0.332724
0.0511544
0.0160799
3.45466
0.326239
0.0486252
0.0181404
3.44972
0.329693
0.0518306
0.0232027
3.45153
0.328308
0.0446965
0.0179215
3.45026
0.334481
0.0462805
0.0199811
3.44572
0.338263
0.0472506
0.0267322
3.44688
0.331052
0.0474172
0.016958
3.45226
0.323991
0.0489242
0.0206363
3.45229
0.329713
0.0503626
0.01823
3.44779
0.335047
0.0522346
0.0232369
3.45142
0.327567
0.0460675
0.0186854
3.44896
0.333843
0.0474321
0.0149314
3.45314
0.33406
0.0448578
0.014628
3.44772
0.333161
0.0500021
0.0172034
3.4569
0.322176
0.04365
0.0145849
3.45567
0.320074
0.0448747
0.0212968
3.45272
0.33841
0.055529
0.0237214
3.454
0.331267
0.0490162
0.020582
3.445
0.329169
0.0499979
0.0266602
3.44841
0.323409
0.0459992
0.0208838
3.44678
0.333436
0.0512581
0.0188571
3.446
0.331957
0.0448553
0.0253911
3.45458
0.337605
0.0479461
0.026515
3.45075
0.336956
0.0478244
0.0237015
3.44698
0.327266
0.0472795
0.0217452
3.45101
0.321319
0.0483596
0.0232599
3.44939
0.327538
0.045367
0.0321408
3.45464
0.331708
0.0471135
0.0206022
3.45341
0.337978
0.04921
0.020505
3.45071
0.328028
0.0429246
0.0145786
3.44887
0.333467
0.0449994
0.0211993
3.44686
0.336506
0.0532489
0.0233284
3.45617
0.326649
0.0455467
0.0239607
3.44662
0.32391
0.0516167
0.0181097
3.44949
0.334298
0.0562212
0.0208003
3.45312
0.337101
0.0446485
0.0225482
3.45335
0.324054
0.0477864
0.0183533
3.4477
0.328189
0.0437288
0.0201999
3.44737
0.326176
0.0411923
0.0157157
3.45394
0.326421
0.0442192
0.0222852
3.44932
0.328783
0.0448024
0.016814
3.45139
0.329556
0.0514644
0.0215188
3.45148
0.328627
0.0456867
0.0226996
3.45774
0.328726
0.0426614
0.0181368
3.45718
0.336071
0.0426079
0.0197395
3.44846
0.333306
0.0479393
0.0193668
3.45745
0.330597
0.0453137
0.0222602
3.45172
0.32918
0.0470313
0.0187865
3.45304
0.328368
0.0517147
0.0295275
3.45113
0.341535
0.0456261
0.0236601
3.45038
0.328762
0.0527916
0.0205933
3.4474
0.329794
0.0426655
0.0132985
3.45143
0.334096
0.049894
0.0235925
3.4509
0.335712
0.0450605
0.0186125
3.44765
0.336564
0.0501907
0.0178829
3.45074
0.341644
0.0459818
0.0248763
3.44921
0.329056
0.0444622
0.0155505
3.44869
0.331987
0.0468785
0.0215931
3.4496
0.329734
0.0441921
0.017906
3.45446
0.33381
0.0440948
0.0158291
3.45033
0.332868
0.0471927
0.0160981
3.45556
0.338426
0.0418709
0.0140296
3.44745
0.331077
0.0503465
0.0228702
3.44984
0.329628
0.0475994
0.0204362
3.45219
0.322431
0.0559459
0.0254066
3.45354
0.336429
0.0401175
0.0194762
3.45931
0.336865
0.0508392
0.0178764
3.45008
0.330059
0.0471229
0.0215712
3.44754
0.328461
0.0500482
0.027375
3.45024
0.328717
0.0505315
0.0223688
3.44873
0.334823
0.0483677
0.0244025
3.4547
0.330203
0.0495445
0.022055
3.45157
0.338836
0.053248
0.0256754
3.45397
0.336731
0.0566875
0.0219262
3.45045
0.323707
0.0481985
0.0255159
3.44649
0.337168
0.0446945
0.019978
3.45244
0.330121
0.0401994
0.0213122
3.45587
0.334347
0.0468935
0.0196283
3.44767
0.33936
0.051385
0.0221868
3.45184
0.335142
0.0437323
0.0181676
3.45485
0.333841
0.0511616
0.0231154
3.45363
0.331863
0.0448995
0.0221425
3.45479
0.333549
0.0471641
0.0216109
3.45106
0.326228
0.0463471
0.0242953
3.45121
0.33279
0.0422101
0.0177771
3.45326
0.326144
0.0468176
0.0216618
3.44538
0.328836
0.0422662
0.0177508
3.45049
0.334408
0.0494666
0.0131281
3.44819
0.338569
0.0495456
0.0218707
3.44993
0.340506
0.0511652
0.016957
3.45284
0.333464
0.0483118
0.0245247
3.44885
0.325792
0.0468717
0.0148787
3.44595
0.336047
0.0435135
0.026917
3.4467
0.326288
0.0452191
0.0248499
3.45422
0.330904
0.0466446
0.0198323
3.45392
0.333228
0.0570558
0.0173778
3.45
0.333652
0.0449641
0.0182068
3.44675
0.333229
0.0430095
0.0170308
3.44934
0.337562
0.0518232
0.0154353
3.44924
0.333909
0.0497651
0.0233491
3.45075
0.334439
0.0428239
0.021298
3.45094
0.331623
0.0508933
0.0208921
3.44785
0.328376
0.046655
0.0194193
3.45125
0.337322
0.0492527
0.0218612
3.44934
0.327806
0.0474385
0.0246857
3.45138
0.33665
0.0480489
0.022944
3.44856
0.330118
0.0477878
0.0235757
3.45449
0.33594
0.0430751
0.0267841
3.45363
0.330068
0.0482793
0.0139857
3.45075
0.332438
0.0492199
0.0186928
3.45398
0.33281
0.0449814
0.0204092
3.4533
0.333255
0.0511322
0.0185002
3.4553
0.328572
0.0448887
0.0194021
3.45063
0.337716
0.0490639
0.0177441
3.45003
0.32553
0.0461417
0.0182605
3.44793
0.328616
0.0497032
0.0198121
3.46022
0.324179
0.0524477
0.02357
3.45075
0.328205
0.0540387
0.0117309
3.44442
0.32825
0.0408643
0.0181943
3.44869
0.336303
0.0469994
0.0183483
3.45062
0.332789
0.0455216
0.0128694
3.45003
0.327199
0.048881
0.0267771
3.45549
0.327732
0.0452993
0.0220062
3.45199
0.330608
0.0491619
0.0237468
3.45049
0.329201
0.0459651
0.0178809
3.44714
0.327064
0.0470052
0.0239128
3.45281
0.343683
0.0503657
0.0191458
3.45039
0.333984
0.0401943
0.0176776
3.44254
0.336096
0.0492149
0.016653
3.44886
0.337286
0.0518379
0.0198661
3.44766
0.328861
0.050616
0.0190934
3.44618
0.328319
0.0458857
0.0204491
3.4488
0.326392
0.0536303
0.0175797
3.45729
0.329461
0.0492133
0.0153626
3.44692
0.329572
0.0501242
0.0201347
3.44892
0.325012
0.0470678
0.0187369
3.44546
0.330291
0.0515228
0.0245386
3.44919
0.332551
0.0471624
0.0147235
3.4574
0.328696
0.0462962
0.0180905
3.45447
0.336839
0.0527694
0.0208403
3.44792
0.326406
0.0520979
0.0179803
3.45034
0.328098
0.0446772
0.020832
3.45049
0.328472
0.0498763
0.0185523
3.45484
0.330108
0.0443894
0.0190228
3.45293
0.329873
0.0449724
0.0179339
3.44809
0.328714
0.0438787
0.0165483
3.45155
0.330944
0.0563054
0.0217469
3.44688
0.334542
0.0487107
0.024549
3.44997
0.3322
0.0474811
0.021813
3.44886
0.339607
0.047465
0.0221024
3.45608
0.329546
0.054802
0.0179909
3.45256
0.328267
0.0454779
0.0218618
3.45571
0.330343
0.0487925
0.0166681
3.45458
0.334456
0.0450249
0.0277631
3.44892
0.333117
0.047244
0.022137
3.4491
0.327898
0.0460713
0.0170287
3.44698
0.336697
0.0524637
0.0212752
3.44895
0.328884
0.0509589
0.021271
3.45759
0.335353
0.04523
0.0183852
3.45213
0.331992
0.0411049
0.0140738
3.45012
0.332053
0.040729
0.0220678
3.45119
0.334725
0.0498842
0.0263702
3.4457
0.334058
0.0508993
0.0180874
3.45235
0.329011
0.0445919
0.0254614
3.44969
0.326778
0.0483063
0.0214374
3.45089
0.335556
0.04868
0.0178834
3.45217
0.339189
0.0441129
0.0187871
3.44531
0.326302
0.0526084
0.0193888
3.4506
0.329479
0.0506831
0.0187353
3.45031
0.329898
0.0445482
0.0193384
3.45415
0.32682
0.0506048
0.0222667
3.44614
0.330116
0.0394575
0.0171342
3.45337
0.331277
0.0478187
0.0217805
3.44658
0.335563
0.0411117
0.018402
3.44216
0.323559
0.0538838
0.0236689
3.45251
0.330543
0.0511774
0.0184227
3.44963
0.327982
0.0475264
0.0203155
3.44947
0.32542
0.0548466
0.0191643
3.44839
0.323825
0.0486337
0.0217614
3.44945
0.335332
0.0524927
0.024909
3.44836
0.339481
0.0477708
0.0214017
3.45056
0.321997
0.0441557
0.0205818
3.4497
0.330208
0.0465366
0.0243748
3.45586
0.331117
0.0462631
0.0197429
3.45019
0.334553
0.0541653
0.0198877
3.44385
0.334768
0.0391404
0.0206032
3.45503
0.328072
0.0505263
0.0309002
3.4556
0.333691
0.0488418
0.0230591
3.4524
0.339411
0.0564075
0.0247504
3.45243
0.324247
0.0444015
0.0166445
3.45344
0.337842
0.0476028
0.0268492
3.44937
0.334489
0.046138
0.0202186
3.45153
0.338665
0.0441788
0.0215349
3.4481
0.334948
0.0415615
0.0145565
3.4506
0.336589
0.0475133
0.0208498
3.45593
0.333568
0.0566873
0.0227794
3.44475
0.336707
0.0472056
0.0216018
3.44923
0.329746
0.0465642
0.0153136
3.45375
0.327386
0.0427488
0.0202519
3.44843
0.333067
0.0496537
0.0253882
3.44928
0.332357
0.0453481
0.0258515
3.45541
0.329528
0.0458028
0.0208423
3.44894
0.329812
0.0483679
0.0188307
3.44836
0.33623
0.0451914
0.0182599
3.45187
0.340402
0.0503402
0.0158509
3.45243
0.3335
0.0500528
0.0282736
3.44538
0.330066
0.0473907
0.0163829
3.44852
0.324065
0.0466971
0.0173242
3.45075
0.330184
0.0483743
0.0306712
3.45344
0.333627
0.0460625
0.0211379
3.45063
0.330766
0.045508
0.0185422
3.44531
0.336529
0.0478322
0.0258856
3.45476
0.335235
0.0477831
0.0174912
3.45465
0.325669
0.0505414
0.0261959
3.44988
0.333965
0.0451012
0.0173976
3.45251
0.329213
0.0439429
0.0197262
3.45209
0.336996
0.0480018
0.0223842
3.44821
0.32982
0.0443063
0.0175681
3.45126
0.331102
0.0485331
0.0212956
3.44792
0.33025
0.0535251
0.019541
3.4539
0.3312
0.0493095
0.0187253
3.44883
0.324994
0.0487845
0.0198987
3.44491
0.337126
0.0590987
0.0171663
3.44665
0.33115
0.0475404
0.0194277
3.45391
0.330308
0.0497353
0.0203233
3.44857
0.331776
0.0472472
0.021665
3.44555
0.331806
0.0458745
0.0218688
3.45058
0.32977
0.0580387
0.0187714
3.45101
0.329553
0.0442379
0.0186703
3.44835
0.334374
0.0483164
0.0163901
3.45183
0.329443
0.0432497
0.0273665
3.4531
0.32722
0.0438435
0.015848
3.44758
0.330835
0.0403531
0.0184359
3.45029
0.336048
0.0481506
0.0220981
3.44619
0.333294
0.0503371
0.0150689
3.45132
0.325264
0.0484867
0.0148232
3.45217
0.329836
0.0497942
0.0186636
3.44696
0.328589
0.04558
0.0205958
3.44891
0.325689
0.0467286
0.0170668
3.45289
0.327367
0.0491441
0.0196774
3.45759
0.333033
0.0458919
0.0164022
3.4458
0.328748
0.0519477
0.0214644
3.44834
0.327805
0.047249
0.0208337
3.454
0.329854
0.0409021
0.017996
3.45128
0.334005
0.0492658
0.0256296
3.44952
0.327716
0.0505313
0.0262556
3.45018
0.328591
0.0474567
0.0254796
3.44553
0.32297
0.0383563
0.0137529
3.44945
0.328129
0.0447778
0.0166185
3.45219
0.329028
0.0476698
0.0190346
3.45432
0.339559
0.0551462
0.0229644
3.44921
0.329907
0.0462083
0.0243553
3.45059
0.330088
0.0541376
0.0190017
3.4483
0.332054
0.0527896
0.0207479
3.44797
0.326424
0.0449165
0.0167251
3.44903
0.330665
0.0421204
0.0149253
3.44795
0.333597
0.0471619
0.0173339
3.45167
0.328619
0.0540195
0.0226098
3.44977
0.334427
0.0478431
0.0252232
3.44797
0.331696
0.0539764
0.0192063
3.45501
0.327605
0.0416467
0.0224576
3.4525
0.328164
0.0490989
0.0161491
3.44905
0.32927
0.0470617
0.0194897
3.45004
0.331398
0.0431935
0.0227243
3.45032
0.33265
0.0526413
0.0182237
3.44896
0.328269
0.0424488
0.0198323
3.44826
0.325279
0.0417992
0.024792
3.44936
0.330767
0.0492558
0.0262871
3.45467
0.332706
0.0505798
0.0178474
3.4496
0.327582
0.0447056
0.0208877
3.45156
0.327188
0.0473713
0.0164831
3.44588
0.326904
0.0495889
0.0261193
3.45209
0.326944
0.0444547
0.0235658
3.4514
0.329321
0.0459353
0.0209802
3.44889
0.330608
0.0403295
0.0167732
3.4491
0.327452
0.0508164
0.0235279
3.45185
0.327512
0.0447817
0.0187556
3.45219
0.328615
0.0439633
0.0157109
3.45983
0.331057
0.0580434
0.0215639
3.45599
0.335771
0.0469078
0.011061
3.45517
0.328838
0.0552355
0.0198704
3.45221
0.330724
0.0504778
0.0161464
3.45401
0.338423
0.0461317
0.0200504
3.44703
0.324161
0.0479914
0.0173153
3.45411
0.329871
0.0497982
0.0229975
3.45345
0.331787
0.0425788
0.0189133
3.45206
0.331388
0.0445944
0.0207304
3.45188
0.331675
0.0394183
0.0210248
3.45153
0.328017
0.0441916
0.0259326
3.44616
0.335186
0.0525662
0.021985
3.4526
0.333013
0.0522207
0.0215967
3.44952
0.325157
0.0485009
0.025781
3.44233
0.336918
0.0517859
0.0231345
3.45308
0.337146
0.0435717
0.0215634
3.45129
0.331635
0.0470818
0.0176715
3.45504
0.33276
0.0453536
0.0212641
3.45266
0.327641
0.0440395
0.0247446
3.44682
0.33378
0.0462482
0.0157539
3.44881
0.327707
0.0444617
0.0199716
3.45
0.330544
0.0558912
0.0168574
3.45749
0.331083
0.0500265
0.0176154
3.44555
0.329131
0.0438707
0.02436
3.45618
0.330846
0.0489312
0.0185955
3.44903
0.33349
0.046121
0.0219861
3.45133
0.335842
0.0547158
0.01752
3.44281
0.335596
0.0471399
0.0263791
3.45576
0.330794
0.0415827
0.020129
3.45007
0.337284
0.0526061
0.0308474
3.44773
0.332809
0.0523004
0.0283688
3.44756
0.335115
0.042239
0.0168875
3.44936
0.333011
0.0492289
0.0198898
3.44827
0.331122
0.0434424
0.0159934
3.45151
0.331159
0.0477033
0.0217977
3.45269
0.337511
0.0412377
0.0237428
3.45167
0.335121
0.0461943
0.0188269
3.45286
0.328016
0.0434016
0.0191457
3.45124
0.335275
0.0525191
0.02434
3.45146
0.331632
0.0477122
0.0240596
3.44972
0.335525
0.0430188
0.0226251
3.44864
0.333437
0.0457942
0.0197608
3.44657
0.332038
0.0559379
0.0218395
3.44713
0.330228
0.0462061
0.0220563
3.44932
0.325661
0.0456203
0.0261343
3.45676
0.340761
0.0435149
0.0201836
3.45194
0.325329
0.0497968
0.0196354
3.44886
0.334722
0.0574076
0.0169914
3.44935
0.337232
0.0427521
0.0221472
3.45261
0.336615
0.0422553
0.0217561
3.44843
0.32238
0.0529258
0.0208079
3.44564
0.326024
0.0380072
0.0216317
3.45106
0.33875
0.0458856
0.02697
3.45092
0.327978
0.045816
0.0172256
3.44931
0.331474
0.0538689
0.0221634
3.45162
0.331757
0.0395687
0.0235529
3.44948
0.333656
0.0473114
0.0201654
3.4522
0.326471
0.0422804
0.0156155
3.45245
0.336133
0.044308
0.0162659
3.4491
0.330318
0.0484753
0.0248877
3.45324
0.336105
0.0472616
0.0250025
3.45157
0.330436
0.0469927
0.020141
3.44731
0.332651
0.0495185
0.0232237
3.44909
0.328366
0.0416919
0.0129828
3.44978
0.329754
0.0470807
0.0218731
3.45096
0.330488
0.0528716
0.0245197
3.44915
0.324978
0.050388
0.0250728
3.44759
0.334891
0.0539028
0.0296336
3.44685
0.327093
0.0481175
0.0237237
3.44759
0.327939
0.0465762
0.020078
3.45346
0.330271
0.0487906
0.017332
3.44839
0.336309
0.050831
0.0151116
3.45746
0.334469
0.0483971
0.0200012
3.45209
0.340679
0.0463808
0.0171048
3.44981
0.337629
0.0493629
0.0217851
3.45116
0.327794
0.052124
0.0199952
3.45377
0.334822
0.0504386
0.0177378
3.45474
0.342931
0.0442874
0.0178143
3.45297
0.333364
0.0477578
0.0207879
3.45288
0.33596
0.0425646
0.0229507
3.45179
0.337429
0.0517399
0.0211557
3.44898
0.328413
0.0451497
0.0170624
3.44654
0.329745
0.0498916
0.0220392
3.44893
0.331278
0.0462558
0.0249872
3.45304
0.333847
0.0435636
0.0204671
3.45546
0.335083
0.0493049
0.0187419
3.44865
0.334667
0.048793
0.0247405
3.44867
0.329423
0.0450616
0.0221577
3.45424
0.333128
0.052083
0.0228109
3.45293
0.324801
0.0504204
0.0171568
3.44978
0.329746
0.0513402
0.0229752
3.45017
0.332903
0.0499453
0.0182052
3.45394
0.326839
0.0437709
0.016829
3.45572
0.336314
0.0488504
0.0176488
3.4507
0.3325
0.0438062
0.0196556
3.45706
0.330729
0.0548062
0.0212437
3.4464
0.325834
0.0516489
0.0181415
3.44908
0.322767
0.0505045
0.023626
3.45246
0.334858
0.0441474
0.0181973
3.44767
0.338416
0.0469162
0.0286587
3.45041
0.331606
0.0492855
0.00920777
3.44847
0.3271
0.0516745
0.0205039
3.44911
0.321995
0.0413381
0.0274024
3.45441
0.333318
0.0461919
0.0235084
3.45271
0.331318
0.0486346
0.0171644
3.45081
0.337043
0.0463998
0.0202423
3.44986
0.327449
0.0469056
0.018047
3.4566
0.336111
0.0537581
0.0184065
3.45406
0.335741
0.0429856
0.0201776
3.44739
0.328559
0.0473749
0.0164295
3.45062
0.326366
0.050643
0.0212859
3.45736
0.330267
0.0500066
0.0260833
3.44955
0.325895
0.0470731
0.0177537
3.44709
0.336654
0.048546
0.0155851
3.45203
0.334738
0.0488692
0.0247614
3.44869
0.326157
0.0479902
0.0158115
3.44408
0.332705
0.0485744
0.0172463
3.45664
0.333115
0.0446368
0.0222075
3.45196
0.331084
0.0437018
0.0181165
3.45097
0.341246
0.0446674
0.0197991
3.44594
0.333381
0.0478985
0.023302
3.44766
0.330724
0.0443379
0.0252191
3.44683
0.337671
0.0489359
0.0160902
3.44973
0.330771
0.0413884
0.0217251
3.44766
0.326466
0.0453236
0.0198417
3.45018
0.330822
0.055387
0.0201717
3.45468
0.335951
0.0464336
0.0190351
3.44969
0.329213
0.0468541
0.0113798
3.45621
0.339215
0.0502891
0.0150861
3.44715
0.333173
0.0525167
0.0246169
3.45104
0.335093
0.0456931
0.0219382
3.45476
0.319641
0.0441511
0.0211339
3.44825
0.335052
0.0488334
0.0189527
3.45571
0.327225
0.0446502
0.0168501
3.44964
0.325389
0.0426927
0.0211017
3.44799
0.32842
0.0576153
0.0259795
3.45783
0.330147
0.0508049
0.0257219
3.45486
0.327031
0.0514748
0.0180792
3.44958
0.322926
0.0522194
0.0193941
3.45549
0.337084
0.0487895
0.0184326
3.45125
0.328365
0.0458073
0.0219793
3.45455
0.328745
0.0445638
0.0209185
3.45516
0.327046
0.0490727
0.0174124
3.44462
0.328531
0.0412208
0.0227076
3.45102
0.321446
0.0428024
0.0190728
3.45257
0.331382
0.0431685
0.020056
3.4475
0.329212
0.0451251
0.0171278
3.44857
0.331532
0.0459635
0.0186967
3.45544
0.325074
0.0446437
0.0193386
3.44975
0.330299
0.0468452
0.0196783
3.45073
0.333322
0.0431975
0.0172795
3.45783
0.335405
0.0462508
0.0196704
3.45062
0.328949
0.0403224
0.020783
3.45592
0.328849
0.0505141
0.0211463
3.45669
0.322993
0.0503886
0.0225155
3.4497
0.328124
0.0479628
0.0154997
3.44695
0.333653
0.049108
0.024013
3.45128
0.326936
0.0479029
0.0215465
3.44729
0.334524
0.0456714
0.0220976
3.44806
0.333088
0.0480263
0.0249338
3.45004
0.333965
0.0493781
0.0199335
3.45135
0.332111
0.0492869
0.0192371
3.44995
0.334638
0.0496456
0.0202353
3.45097
0.329296
0.0459128
0.0234584
3.45461
0.323643
0.0506075
0.0181924
3.45452
0.329371
0.0397623
0.0172708
3.44918
0.327931
0.0446124
0.0173549
3.45355
0.332809
0.0430327
0.0229087
3.45663
0.331156
0.0442576
0.0188984
3.44897
0.328842
0.0440142
0.0205775
3.45037
0.327835
0.0471157
0.0246071
3.45004
0.331984
0.0401719
0.0287104
3.4518
0.330035
0.0519572
0.0271968
3.45118
0.339095
0.0430709
0.0198292
3.45431
0.331927
0.0506698
0.0217054
3.451
0.327049
0.0489922
0.0259293
3.4569
0.33343
0.0534066
0.0215007
3.45112
0.332736
0.0469656
0.0234203
3.44856
0.325352
0.047612
0.0189919
3.45218
0.326551
0.0441605
0.0224801
3.44981
0.328309
0.0537819
0.0228185
3.45298
0.326034
0.0555
0.0220087
3.4579
0.338195
0.0510642
0.0264213
3.45375
0.330528
0.0417649
0.0149972
3.44904
0.328769
0.0437503
0.0211483
3.45298
0.328468
0.0469495
0.0255094
3.44839
0.332225
0.0475312
0.0263752
3.44795
0.334359
0.0579257
0.0186432
3.44816
0.339896
0.0515532
0.0193696
3.45011
0.329691
0.0455585
0.0196804
3.45051
0.326264
0.0513604
0.0230404
3.44862
0.336858
0.0481685
0.0215561
3.45272
0.336808
0.0451033
0.0223038
3.45475
0.334425
0.0431994
0.0172641
3.44884
0.333339
0.0461331
0.0246478
3.45479
0.337915
0.048019
0.0177881
3.45317
0.326841
0.0481276
0.0239887
3.44647
0.331917
0.0459102
0.0232767
3.45118
0.330239
0.0470653
0.0304649
3.44833
0.333815
0.0391384
0.0148434
3.45057
0.325372
0.0459668
0.0285207
3.45751
0.330633
0.0502047
0.0144268
3.45218
0.32244
0.0403646
0.0184818
3.45311
0.334279
0.0518052
0.0196
3.44808
0.338873
0.0427386
0.0271067
3.45548
0.328977
0.0564068
0.0237647
3.45005
0.333095
0.0471255
0.0190233
3.45163
0.329975
0.0528408
0.0287583
3.45121
0.32461
0.04941
0.0217488
3.4472
0.329795
0.0429705
0.0178789
3.4489
0.326559
0.04263
0.0132109
3.44893
0.33251
0.0498597
0.0149792
3.45665
0.32772
0.0428451
0.0223524
3.45271
0.336085
0.0441237
0.0211369
3.45493
0.325582
0.04889
0.0198829
3.45041
0.335247
0.0410552
0.0280978
3.44784
0.324957
0.0459828
0.0229754
3.45013
0.337044
0.0459279
0.0174073
3.45049
0.32427
0.0453746
0.0179968
3.45484
0.33439
0.0495349
0.0256206
3.45236
0.326542
0.0466375
0.0226957
3.45271
0.330934
0.0519882
0.0253062
3.45305
0.334543
0.0455192
0.018396
3.44785
0.333717
0.0391235
0.0184959
3.44752
0.333937
0.0436271
0.0159853
3.45617
0.331335
0.0511511
0.0156706
3.45186
0.333117
0.0458614
0.0222577
3.45035
0.336501
0.042231
0.0217871
3.45149
0.332076
0.0474818
0.023281
3.448
0.323022
0.048407
0.0232709
3.4483
0.330425
0.0498833
0.0201465
3.45163
0.324527
0.0487151
0.0158016
3.44983
0.328071
0.0502721
0.0224365
3.4473
0.331964
0.0453182
0.017186
3.45329
0.328102
0.0466769
0.0282254
3.45827
0.332488
0.0424115
0.0296717
3.45073
0.328391
0.0476485
0.015833
3.4483
0.330497
0.0509199
0.0282243
3.45136
0.331743
0.0459489
0.0172806
3.45016
0.333714
0.0461824
0.0191739
3.453
0.32653
0.052714
0.0191303
3.45152
0.33607
0.0494856
0.0197787
3.45118
0.333917
0.0467288
0.0148282
3.45153
0.330504
0.0358624
0.0225195
3.451
0.332109
0.0539502
0.020552
3.45078
0.330518
0.0437228
0.0243077
3.45104
0.330373
0.053018
0.0176264
3.45233
0.331492
0.04841
0.0255889
3.45703
0.338385
0.0468438
0.0142024
3.44922
0.333318
0.0474343
0.0191864
3.44929
0.332191
0.0480642
0.0222995
3.45297
0.328569
0.0457881
0.0254665
3.45024
0.328506
0.0524852
0.0198568
3.45295
0.333234
0.0421012
0.0236584
3.45445
0.334143
0.0535729
0.0211907
3.44903
0.31896
0.0469747
0.0252198
3.44859
0.333291
0.0476726
0.0158597
3.45256
0.326497
0.049612
0.0211846
3.4558
0.335174
0.0460861
0.0271279
3.4528
0.32533
0.0458951
0.0118085
3.46081
0.331909
0.0476401
0.0190665
3.44896
0.329707
0.0529432
0.0204103
3.45821
0.33451
0.0459281
0.0206749
3.45214
0.331481
0.0478519
0.0171426
3.44944
0.333104
0.0525484
0.0219943
3.4487
0.334731
0.0478571
0.03017
3.44714
0.32877
0.0443271
0.0164352
3.44939
0.327514
0.0466137
0.0158696
3.45544
0.341353
0.0529831
0.0189688
3.4523
0.32991
0.0526153
0.0192233
3.4554
0.333186
0.0442543
0.029148
3.45022
0.338962
0.0502903
0.0169918
3.45372
0.333032
0.0470475
0.0227582
3.4501
0.33225
0.048397
0.0148754
3.45575
0.329528
0.0418468
0.0158796
3.45247
0.34234
0.0532092
0.0205746
3.44944
0.335898
0.0391884
0.0193578
3.45267
0.325072
0.0407911
0.0182209
3.45258
0.339381
0.0467277
0.0212032
3.45131
0.333353
0.0476615
0.0177493
3.45037
0.332676
0.0481515
0.0212736
3.45494
0.334584
0.0500414
0.0168863
3.44998
0.33281
0.0452144
0.0198095
3.45271
0.337379
0.0484204
0.0174511
3.45311
0.333095
0.0501889
0.0202613
3.45258
0.324625
0.0458125
0.0151379
3.44823
0.330495
0.0459776
0.0237828
3.44551
0.328152
0.0482657
0.020683
3.4576
0.329539
0.0552722
0.014415
3.44663
0.331849
0.0499692
0.0246435
3.45834
0.329759
0.0536739
0.0264999
3.44792
0.330752
0.0449395
0.0226406
3.45642
0.331404
0.0517481
0.0292011
3.45405
0.337622
0.0457008
0.0238963
3.45199
0.325399
0.0446895
0.0197677
3.45641
0.326895
0.0573909
0.0250723
3.45107
0.337056
0.0499501
0.0276636
3.45504
0.327521
0.0479165
0.0203005
3.4506
0.328987
0.0509144
0.0214856
3.45649
0.331355
0.0419648
0.0182233
3.45344
0.324376
0.0424733
0.0242561
3.45043
0.339977
0.0494127
0.0190407
3.44681
0.335874
0.0508054
0.0219054
3.45928
0.327791
0.0380001
0.0128178
3.45064
0.335831
0.0491663
0.014765
3.45155
0.332471
0.049699
0.0211169
3.44999
0.332036
0.0526645
0.0239148
3.45162
0.32907
0.0538573
0.0189704
3.45262
0.339181
0.0445318
0.0195895
3.4529
0.330069
0.0501679
0.0203912
3.45139
0.333074
0.0409601
0.0164577
3.45071
0.327987
0.0500116
0.023937
3.44646
0.329799
0.0528046
0.0247335
3.45148
0.329287
0.0475062
0.023404
3.44992
0.332745
0.0481981
0.0181737
3.45131
0.328757
0.0465474
0.0167197
3.45202
0.336284
0.0433093
0.0178586
3.45173
0.329661
0.0475392
0.015002
3.44899
0.335144
0.0496692
0.0205688
3.45416
0.338254
0.0503358
0.0191459
3.45527
0.335054
0.0459478
0.0218415
3.45163
0.333028
0.047667
0.0196009
3.44686
0.334775
0.0464354
0.0199685
3.45252
0.331285
0.0419204
0.0158153
3.45186
0.32783
0.045974
0.0199257
3.44894
0.3298
0.043987
0.018148
3.44861
0.33294
0.0465034
0.0217488
3.45288
0.332151
0.0476438
0.0251506
3.4537
0.325192
0.0433834
0.0174788
3.45105
0.327982
0.0466117
0.0153477
3.45052
0.326239
0.0423096
0.0206349
3.44532
0.350342
0.0421752
0.0262367
3.45156
0.336323
0.0471314
0.0191841
3.45485
0.326016
0.0529893
0.0183902
3.45204
0.322638
0.0477696
0.0179506
3.45146
0.334569
0.0447615
0.0201074
3.45303
0.333585
0.051398
0.0173393
3.44818
0.332586
0.049314
0.0214956
3.44921
0.324845
0.0450833
0.0193583
3.459
0.326873
0.0491763
0.0136054
3.44461
0.329161
0.0462242
0.0178628
3.45175
0.333767
0.0478626
0.0215827
3.44529
0.327364
0.0494716
0.0303997
3.45006
0.328228
0.046514
0.017246
3.45313
0.330356
0.0453134
0.0253274
3.45345
0.331289
0.0517669
0.015393
3.45671
0.328135
0.0486808
0.0245951
3.4536
0.338855
0.044524
0.0217089
3.45018
0.330123
0.0497054
0.0217209
3.45153
0.330982
0.0487474
0.0194103
3.4449
0.334115
0.0521591
0.0178305
3.45213
0.331454
0.0492008
0.0184349
3.44843
0.331323
0.0527862
0.0183762
3.44948
0.329971
0.0524155
0.0249365
3.45458
0.32953
0.0490587
0.018172
3.4503
0.329823
0.0445957
0.0291129
3.44793
0.336967
0.0421391
0.0242849
3.44902
0.334419
0.0484649
0.0127631
3.4462
0.336135
0.0411218
0.0183114
3.45094
0.329702
0.0500905
0.0228745
3.45452
0.331567
0.0481545
0.0189778
3.44676
0.33144
0.0462345
0.0175553
3.44892
0.331637
0.0455495
0.0141797
3.45679
0.327852
0.0547206
0.0166467
3.45206
0.336394
0.0486433
0.0209442
3.45023
0.335519
0.0511305
0.0219175
3.44501
0.332893
0.0477773
0.0219345
3.45185
0.333475
0.0457715
0.0214574
3.44893
0.331672
0.0509831
0.0211398
3.45086
0.330708
0.0534971
0.0220342
3.44866
0.334506
0.0439262
0.0210275
3.45154
0.322218
0.0466185
0.0176368
3.4543
0.32853
0.049599
0.0210974
3.44848
0.324249
0.0444019
0.0158652
3.45622
0.328054
0.0485114
0.0222029
3.45091
0.325909
0.048206
0.0249394
3.45154
0.329637
0.054915
0.0179957
3.45319
0.329138
0.0528445
0.0143055
3.44674
0.335235
0.0498061
0.0207194
3.44937
0.330167
0.0487894
0.0246748
3.4513
0.327275
0.0445867
0.0173699
3.45307
0.327832
0.0490559
0.0204517
3.44742
0.324969
0.0404224
0.0207023
3.44841
0.33581
0.0452361
0.01337
3.45088
0.33407
0.0472636
0.0183801
3.45494
0.331
0.042132
0.0149552
3.45424
0.337666
0.0412378
0.0192398
3.45599
0.337899
0.0482929
0.0227114
3.4504
0.333899
0.0510122
0.0171659
3.45896
0.338011
0.0438589
0.0267718
3.45299
0.328406
0.044642
0.0216703
3.45045
0.330222
0.046974
0.0166032
3.44825
0.333704
0.0418107
0.0152094
3.45359
0.326687
0.0544561
0.015344
3.4503
0.330027
0.0385827
0.0149075
3.45014
0.327544
0.0503155
0.0209229
3.44951
0.325794
0.0491493
0.0172384
3.45169
0.33696
0.0461332
0.0132507
3.45636
0.328712
0.0526241
0.0197742
3.44611
0.333543
0.0510042
0.0147266
3.44739
0.335966
0.0402203
0.0175341
3.45135
0.340925
0.0495267
0.0107957
3.45158
0.324229
0.0477664
0.0251837
3.44718
0.321976
0.0495729
0.0204787
3.45226
0.331718
0.0491052
0.019377
3.45409
0.333988
0.0516191
0.0211934
3.45136
0.33171
0.0485614
0.0223915
3.45123
0.339034
0.0484405
0.0168655
3.45062
0.331319
0.04943
0.0228726
3.45678
0.325932
0.0484906
0.0182985
3.45089
0.333591
0.0453319
0.0222284
3.44875
0.334004
0.0441362
0.0234928
3.44835
0.329398
0.0431417
0.0297329
3.45144
0.332676
0.049937
0.0282226
3.44847
0.329492
0.0514548
0.0185099
3.45499
0.328389
0.0520973
0.0174109
3.44506
0.329606
0.0438493
0.0162151
3.45058
0.333887
0.0460279
0.0196115
3.45432
0.333923
0.0465553
0.0243174
3.44899
0.336628
0.0523971
0.0163822
3.45244
0.334223
0.0527287
0.0171285
3.452
0.325179
0.0413895
0.0202229
3.45201
0.329833
0.045679
0.0268475
3.44834
0.329068
0.0528387
0.0161931
3.45295
0.329964
0.0551919
0.019325
3.45053
0.335768
0.0534292
0.0240715
3.4537
0.32914
0.0472052
0.0213471
3.45117
0.331047
0.0451884
0.0196242
3.44993
0.332158
0.0463784
0.0170579
3.44499
0.327715
0.0501511
0.0221932
3.44866
0.332046
0.0467496
0.0194809
3.45128
0.331118
0.0468495
0.0259698
3.44855
0.329722
0.0477505
0.0205521
3.45325
0.320818
0.0533377
0.0236233
3.45216
0.330382
0.0484984
0.0230985
3.45206
0.331093
0.0467761
0.0211839
3.46079
0.33103
0.0517646
0.0240093
3.44722
0.325335
0.0535583
0.0222125
3.4487
0.334865
0.0501823
0.0205061
3.45082
0.331931
0.0421287
0.0212579
3.45353
0.331173
0.0470855
0.0205006
3.4502
0.326789
0.047845
0.0232145
3.452
0.325289
0.0439499
0.0157201
3.45136
0.33319
0.0516464
0.0171612
3.44984
0.333133
0.0533425
0.0212406
3.45029
0.325336
0.0465087
0.0259401
3.45728
0.327828
0.046038
0.0138488
3.4519
0.329544
0.0434605
0.021976
3.44749
0.329447
0.041804
0.0190864
3.45258
0.334893
0.0468427
0.0201124
3.45455
0.336427
0.0437463
0.0234998
3.44769
0.323205
0.0467145
0.0216019
3.45407
0.328048
0.0506658
0.0206536
3.44809
0.336164
0.0415129
0.0196554
3.45711
0.332462
0.0432496
0.0201969
3.45031
0.332811
0.047734
0.0201284
3.44597
0.33201
0.0458328
0.0277215
3.4477
0.329092
0.0483407
0.0175267
3.45605
0.322798
0.049723
0.0175017
3.4518
0.328863
0.0488644
0.0258367
3.4524
0.333356
0.0444882
0.0205661
3.44909
0.334803
0.0442329
0.0200717
3.45908
0.334391
0.0420986
0.023861
3.44903
0.335726
0.049425
0.0193388
3.44963
0.332226
0.0432567
0.0241222
3.4471
0.334909
0.0461289
0.0229009
3.45386
0.331438
0.047544
0.0141103
3.44768
0.331383
0.0467215
0.024053
3.45214
0.332321
0.049582
0.0165484
3.45732
0.330756
0.0503927
0.0237569
3.45691
0.325563
0.0549549
0.0236056
3.44521
0.332496
0.0458665
0.0226182
3.44645
0.329965
0.0543614
0.0203038
3.45081
0.338377
0.0449948
0.016836
3.44572
0.329432
0.0446152
0.0177007
3.45145
0.335092
0.0597651
0.0309055
3.44928
0.337089
0.0449301
0.0206781
3.44653
0.337128
0.0465452
0.0254823
3.45017
0.333054
0.0450375
0.0238478
3.45332
0.329625
0.0460065
0.0248699
3.45108
0.330049
0.0563482
0.0168615
3.45167
0.328178
0.0436141
0.017037
3.4514
0.335773
0.0515703
0.0202028
3.45727
0.332542
0.0456621
0.0198883
3.44939
0.330676
0.0520815
0.0143626
3.4513
0.326522
0.0437646
0.0175024
3.45027
0.326891
0.043118
0.0254985
3.45242
0.339185
0.0536563
0.0170579
3.45273
0.327452
0.0461131
0.0245795
3.44467
0.331709
0.0460509
0.0173345
3.45249
0.333454
0.0446163
0.0189492
3.45304
0.331907
0.0527743
0.0224467
3.45472
0.337373
0.0490195
0.0222783
3.45129
0.326292
0.0448981
0.0169544
3.44763
0.329433
0.0467197
0.0278449
3.45205
0.331702
0.0408788
0.0162375
3.45275
0.325668
0.0501844
0.0213777
3.45279
0.328044
0.0463891
0.019623
3.46121
0.330383
0.0456684
0.0221644
3.45039
0.32847
0.0484462
0.0171085
3.45278
0.328167
0.0430334
0.0162219
3.44754
0.332902
0.045546
0.0242576
3.4557
0.329186
0.0440137
0.0207526
3.44847
0.326572
0.040491
0.0156546
3.45656
0.33038
0.0456831
0.0183347
3.44988
0.330098
0.0497072
0.0184098
3.45462
0.337721
0.0477207
0.0137985
3.44725
0.334723
0.0475848
0.0202862
3.45484
0.338706
0.0432135
0.0186084
3.45109
0.322749
0.0475964
0.017139
3.45088
0.327493
0.0437193
0.0170527
3.44755
0.333678
0.0422313
0.0195367
3.45162
0.327471
0.0520524
0.0214701
3.45686
0.336024
0.0440224
0.0217944
3.45268
0.332191
0.04546
0.0167555
3.454
0.330987
0.0400035
0.0184119
3.44883
0.334222
0.0481264
0.0163972
3.45324
0.328823
0.0545928
0.0192099
3.44628
0.334069
0.0448404
0.0200996
3.45513
0.333433
0.0503844
0.023299
3.45064
0.334842
0.0492684
0.0241108
3.45316
0.33027
0.0494157
0.018248
3.45062
0.331056
0.0413107
0.0214054
3.45131
0.329384
0.0489716
0.0286308
3.45341
0.333431
0.0444324
0.0216364
3.44799
0.335655
0.0561941
0.0209445
3.4521
0.327339
0.0473157
0.0181342
3.45065
0.325342
0.0455698
0.0190565
3.45766
0.327822
0.0526317
0.0181549
3.45263
0.333653
0.0531771
0.0197549
3.45416
0.331986
0.0514712
0.0250088
3.45294
0.336005
0.0511005
0.0179406
3.45061
0.330733
0.0499817
0.01993
3.44956
0.335317
0.0483524
0.0162938
3.45625
0.324378
0.0438923
0.0164444
3.44655
0.33056
0.0413473
0.0237334
3.45063
0.32842
0.0491857
0.0183174
3.45286
0.334183
0.0555738
0.0171682
3.44645
0.333446
0.0508733
0.0256282
3.45392
0.336254
0.0490686
0.0185734
3.45164
0.337734
0.0507042
0.0169133
3.44949
0.332096
0.0519039
0.0198803
3.45021
0.331731
0.0461915
0.0180496
3.45123
0.327279
0.0474714
0.0202143
3.44474
0.333202
0.0497815
0.0144935
3.4572
0.337897
0.0431205
0.0206379
3.45019
0.332756
0.0483103
0.0200479
3.45533
0.334469
0.0511158
0.0177041
3.45183
0.332735
0.0449731
0.0202028
3.4524
0.326267
0.0441058
0.0162413
3.4463
0.326854
0.0461211
0.0156367
3.44951
0.328751
0.0559863
0.0179245
3.4581
0.329449
0.0429693
0.0173947
3.44823
0.330101
0.0425276
0.0213889
3.44942
0.336645
0.0469367
0.020613
3.44693
0.328709
0.0474026
0.0151669
3.45355
0.337162
0.0474576
0.0156843
3.4486
0.325849
0.0430127
0.0196941
3.45392
0.333478
0.0467152
0.0156039
3.45254
0.33206
0.0484973
0.0153885
3.44873
0.337057
0.0438205
0.0207399
3.45273
0.327973
0.0508877
0.0175639
3.44905
0.330674
0.0455977
0.0200272
3.45237
0.336139
0.0403952
0.0219324
3.44833
0.328803
0.041571
0.0215977
3.45058
0.330281
0.0528812
0.0222923
3.4516
0.326735
0.0484269
0.0153749
3.45168
0.336788
0.0490085
0.0156
3.45125
0.332406
0.0591602
0.0267643
3.45021
0.332419
0.0531464
0.019921
3.45459
0.332154
0.0482615
0.0222317
3.44932
0.326257
0.0455129
0.0301839
3.45031
0.333151
0.0504918
0.0181677
3.4554
0.329806
0.0461503
0.0228182
3.45474
0.330665
0.0525104
0.0237135
3.45216
0.335686
0.0480961
0.0260237
3.45541
0.332817
0.0451534
0.0222288
3.44981
0.335026
0.0427284
0.020433
3.45376
0.326947
0.0553881
0.018775
3.45255
0.33674
0.0433982
0.0159138
3.45274
0.330534
0.0423718
0.0211468
3.45161
0.343002
0.0431898
0.0153647
3.45096
0.322699
0.0474898
0.0180217
3.45154
0.336286
0.0468702
0.0198643
3.45406
0.328434
0.0472843
0.0200401
3.45052
0.330434
0.0500445
0.0182099
3.45366
0.326272
0.0447166
0.0192674
3.44868
0.333727
0.0455383
0.0174018
3.44753
0.332249
0.0429368
0.0200587
3.44477
0.328652
0.0523291
0.0289838
3.45215
0.323179
0.0473784
0.017769
3.44745
0.33446
0.0465187
0.0230564
3.45259
0.330668
0.0582288
0.0228226
3.45395
0.334344
0.0398695
0.0212026
3.44999
0.329394
0.0508076
0.020739
3.4601
0.330451
0.053329
0.0181588
3.45165
0.343995
0.0483068
0.020395
3.45161
0.328853
0.0565347
0.0251711
3.45411
0.336183
0.0450552
0.0181073
3.45164
0.329088
0.0447629
0.0222075
3.45331
0.334494
0.0518562
0.0241552
3.4523
0.330187
0.042423
0.0211424
3.45141
0.331618
0.0502667
0.0199781
3.44737
0.328531
0.0476518
0.0201159
3.45231
0.329789
0.0441189
0.0193448
3.44985
0.331782
0.0468015
0.0233748
3.45132
0.331204
0.0500463
0.0200163
3.44903
0.328209
0.0510259
0.0154807
3.45769
0.330692
0.0468917
0.0155591
3.45175
0.33525
0.0465439
0.0191933
3.45233
0.330343
0.0406486
0.0143805
3.4603
0.331754
0.0453303
0.0209665
3.45688
0.335354
0.0481616
0.0254161
3.45007
0.333577
0.0541389
0.021814
3.45427
0.330929
0.0447571
0.0202989
3.45635
0.329985
0.0515468
0.0219602
3.44755
0.326718
0.0501478
0.0230928
3.44893
0.328575
0.0435701
0.0220543
3.45001
0.330212
0.0545065
0.0296146
3.44959
0.332817
0.0455904
0.0199627
3.45018
0.336367
0.047494
0.0148377
3.45184
0.333032
0.0571243
0.0270991
3.44981
0.33223
0.049651
0.0177345
3.45072
0.329983
0.0456407
0.0251041
3.4465
0.325541
0.0447823
0.0163435
3.45249
0.332224
0.0516967
0.0160475
3.45047
0.332582
0.0432267
0.0243933
3.44979
0.337298
0.0508608
0.0230504
3.45038
0.330131
0.0431869
0.0175109
3.4531
0.32801
0.050708
0.0144277
3.44891
0.329517
0.0458035
0.01489
3.44756
0.32964
0.0465114
0.0208988
3.44777
0.328912
0.0456295
0.0208012
3.44642
0.330698
0.0400628
0.0210148
3.45585
0.333181
0.0457991
0.0184755
3.45153
0.33217
0.0500663
0.0146235
3.44793
0.326539
0.041362
0.0179253
3.44696
0.335462
0.0490768
0.0207955
3.45622
0.33222
0.0468105
0.0132299
3.44653
0.326503
0.0471464
0.015861
3.45205
0.334483
0.0459863
0.0147355
3.44792
0.327668
0.0460886
0.0175002
3.45063
0.326347
0.0409608
0.0222216
3.45914
0.330303
0.049396
0.0247615
3.45108
0.338857
0.047735
0.017318
3.4549
0.332159
0.0503094
0.0229954
3.44841
0.332543
0.0424119
0.0222018
3.4508
0.338026
0.0466453
0.0191082
3.45224
0.334716
0.0487016
0.0204656
3.45119
0.333584
0.0509519
0.0154115
3.44867
0.331435
0.0459098
0.0271662
3.45309
0.333927
0.0484832
0.0211128
3.45067
0.331439
0.0468599
0.0238364
3.44865
0.332795
0.0486794
0.0212669
3.45277
0.328042
0.0461159
0.0177231
3.44934
0.328204
0.0440821
0.0318622
3.44761
0.329519
0.0431523
0.0226909
3.45243
0.330048
0.0446034
0.0143831
3.45139
0.326507
0.0445661
0.0202993
3.45191
0.325635
0.0438649
0.0275806
3.45425
0.334755
0.0439576
0.0186832
3.45174
0.328878
0.0417057
0.024207
3.45194
0.328977
0.0476282
0.0215372
3.44248
0.334402
0.0539026
0.0191145
3.44899
0.336672
0.0485709
0.023898
3.45847
0.338475
0.0504285
0.0274961
3.45429
0.341498
0.0464796
0.0258871
3.45423
0.332162
0.0461052
0.0199112
3.44861
0.334286
0.0449641
0.0221183
3.44979
0.330235
0.0460643
0.0115019
3.45362
0.335279
0.043335
0.0264307
3.45706
0.328924
0.0401769
0.0138945
3.45682
0.343826
0.0539626
0.0211424
3.44705
0.326764
0.0515986
0.0199469
3.45435
0.329098
0.0506028
0.0219728
3.44751
0.331058
0.0506016
0.0226859
3.44798
0.338996
0.0469911
0.0182442
3.45642
0.331149
0.0555317
0.0247224
3.4473
0.337596
0.0448445
0.0201875
3.45131
0.331071
0.0455831
0.0186569
3.45313
0.338613
0.0545659
0.0246977
3.4527
0.325172
0.0461811
0.0195756
3.4485
0.341344
0.0473204
0.0194236
3.45069
0.331783
0.0457358
0.0178328
3.45174
0.328123
0.0482227
0.0206023
3.44499
0.326875
0.0506382
0.0214942
3.45659
0.337728
0.0475569
0.0198973
3.45708
0.333954
0.0513876
0.0238467
3.4505
0.332144
0.0406187
0.0200315
3.44988
0.33204
0.0492372
0.0137622
3.45561
0.334455
0.0467943
0.0227826
3.44917
0.33108
0.0445363
0.0200455
3.45364
0.332785
0.051034
0.0232934
3.45039
0.332192
0.0494286
0.0249615
3.4486
0.326013
0.0416195
0.020559
3.45181
0.331174
0.0491193
0.0213195
3.45082
0.329563
0.0455149
0.0188147
3.45091
0.335323
0.053106
0.0201101
3.45165
0.3278
0.0441338
0.0191849
3.44807
0.33719
0.0449852
0.0245799
3.44977
0.331886
0.0494003
0.0196982
3.44812
0.328079
0.044729
0.0175328
3.44981
0.330914
0.0432241
0.0238496
3.44798
0.328382
0.0515734
0.0236498
3.44812
0.333491
0.0540886
0.0157934
3.44728
0.325222
0.0442195
0.023098
3.45379
0.339642
0.0491907
0.0174819
3.44973
0.337915
0.0425453
0.0185366
3.45746
0.333221
0.0431756
0.0202578
3.44872
0.338936
0.0515603
0.0216319
3.44637
0.33334
0.0473021
0.0219884
3.45261
0.333732
0.0460665
0.0147371
3.45416
0.322763
0.038262
0.0268078
3.45498
0.323791
0.0536265
0.0192788
3.4508
0.327329
0.0499547
0.0174929
3.4505
0.326152
0.0455962
0.019183
3.45296
0.329262
0.0439388
0.0216793
3.45128
0.327438
0.0484522
0.0211665
3.44992
0.33662
0.0438015
0.0201494
3.44821
0.332467
0.0432713
0.016241
3.45518
0.328401
0.0454575
0.0219174
3.45457
0.334032
0.0545996
0.0199958
3.44919
0.329483
0.0487185
0.0165572
3.45325
0.332341
0.0474689
0.0148791
3.45194
0.329394
0.0465353
0.0181032
3.45157
0.326927
0.0532327
0.0219463
3.45071
0.323247
0.0450869
0.018144
3.44748
0.337134
0.0432587
0.0207962
3.45624
0.330454
0.0465231
0.0271716
3.44935
0.327682
0.0501826
0.0239844
3.45439
0.332437
0.0441307
0.0209046
3.44866
0.339204
0.043789
0.0228765
3.45055
0.327766
0.0435595
0.0216373
3.4618
0.333156
0.0459021
0.0135472
3.44324
0.32778
0.0450513
0.0232723
3.45302
0.336207
0.0419229
0.0213752
3.45572
0.335364
0.0490423
0.0201103
3.45527
0.333498
0.0501198
0.0204679
3.44811
0.336296
0.048235
0.0211829
3.45181
0.327529
0.0612382
0.0175427
3.45219
0.335831
0.0521228
0.0163681
3.44679
0.331657
0.0445274
0.0179697
3.44479
0.334874
0.0478411
0.0210811
3.45591
0.33034
0.0396451
0.0204825
3.44464
0.329649
0.0453263
0.0148142
3.45015
0.328505
0.0485384
0.0205135
3.44776
0.333723
0.0493285
0.018752
3.44789
0.330345
0.0442297
0.0209178
3.45238
0.326449
0.0502763
0.0182563
3.44799
0.332759
0.0435177
0.0229088
3.45444
0.331679
0.0476868
0.0213518
3.44957
0.332
0.0461882
0.0126555
3.45172
0.333267
0.0481732
0.0260928
3.45734
0.337733
0.0473409
0.022051
3.45397
0.327596
0.0491869
0.020156
3.45409
0.342512
0.0461051
0.0275297
3.4485
0.334214
0.0482227
0.0170824
3.44513
0.328699
0.0445875
0.0162447
3.44888
0.32752
0.0542322
0.0171682
3.45409
0.335512
0.0505329
0.0221345
3.44996
0.338183
0.0532985
0.0194317
3.4487
0.330637
0.0547598
0.0188939
3.452
0.335634
0.0435782
0.0229305
3.44951
0.33873
0.0485765
0.0210244
3.45001
0.332482
0.0473147
0.0238554
3.45175
0.33164
0.0480857
0.0251556
3.45598
0.328019
0.0466402
0.0230458
3.45582
0.335442
0.044337
0.0188947
3.44993
0.34155
0.0455034
0.021546
3.44605
0.329627
0.0464558
0.022698
3.45116
0.328826
0.0551671
0.0234505
3.44886
0.341855
0.0470635
0.0160683
3.4498
0.336835
0.0488999
0.0261482
3.4529
0.330188
0.0508371
0.0131755
3.45313
0.32921
0.0504789
0.0183715
3.45273
0.330565
0.0456235
0.02523
3.45103
0.323359
0.0442005
0.0184168
3.44599
0.330343
0.0450027
0.0247977
3.44994
0.329226
0.0486551
0.0234493
3.44993
0.331849
0.0513671
0.0160141
3.44954
0.335698
0.0506982
0.0225167
3.45341
0.336507
0.0476304
0.0208366
3.44782
0.334286
0.0591153
0.0226191
3.45893
0.334467
0.0485744
0.0272597
3.44792
0.334819
0.0528766
0.0173021
3.44915
0.328551
0.0486356
0.0201167
3.45074
0.334571
0.0430465
0.0198325
3.45572
0.329546
0.0446163
0.0182794
3.45252
0.332108
0.0500523
0.0224327
3.44947
0.327367
0.0458243
0.0238943
3.4526
0.326522
0.0410798
0.0172426
3.45191
0.328062
0.0438682
0.017457
3.45086
0.332737
0.0515846
0.0269317
3.45105
0.329551
0.0470388
0.0267718
3.45115
0.330253
0.0471271
0.0236671
3.45422
0.330654
0.0494473
0.0194346
3.45381
0.332277
0.0461904
0.0224252
3.4525
0.329213
0.0416313
0.0156235
3.45413
0.333354
0.0473949
0.0239228
3.44983
0.330924
0.049581
0.0227039
3.45613
0.330136
0.0471909
0.020323
3.45097
0.3359
0.0472996
0.0243445
3.45937
0.335822
0.0467374
0.0167784
3.45183
0.328341
0.0469898
0.0199293
3.45256
0.334827
0.0515021
0.0140692
3.4508
0.326464
0.0535183
0.0212256
3.45317
0.330188
0.0451629
0.0224064
3.4595
0.332407
0.046968
0.0192185
3.44863
0.332034
0.0465167
0.0195275
3.45108
0.331655
0.0453774
0.0166575
3.45576
0.331366
0.0517354
0.0236728
3.45627
0.333593
0.0453725
0.0267208
3.45303
0.329148
0.0428422
0.0167174
3.44651
0.331853
0.0542013
0.0203127
3.44707
0.334996
0.0444839
0.0176622
3.44968
0.324411
0.0435447
0.0240741
3.45095
0.329371
0.0490517
0.013512
3.45255
0.3376
0.0435925
0.0194234
3.45249
0.330486
0.0454524
0.0201078
3.45211
0.330065
0.0511624
0.017727
3.45133
0.336523
0.0471974
0.0207096
3.4569
0.338602
0.0492565
0.0241589
3.45112
0.324543
0.0424425
0.0118314
3.45135
0.332215
0.0529165
0.0205869
3.45317
0.332846
0.047435
0.0221317
3.44608
0.327696
0.0532743
0.0167033
3.45489
0.327979
0.0503456
0.0237323
3.45633
0.329356
0.0454833
0.0207149
3.45217
0.334586
0.0511886
0.0196719
3.45271
0.338315
0.041727
0.0195066
3.4501
0.328897
0.0527608
0.018167
3.44699
0.32691
0.0412057
0.0174575
3.44659
0.336677
0.0558006
0.015108
3.44672
0.333816
0.0449844
0.0200054
3.45078
0.332116
0.0449801
0.0170432
3.45494
0.339204
0.0489699
0.0230419
3.45052
0.329312
0.0514029
0.0225826
3.45167
0.329443
0.0489828
0.0312253
3.45239
0.330133
0.0488042
0.0258598
3.44449
0.338913
0.0531384
0.0193998
3.45972
0.337664
0.0462868
0.0298273
3.45012
0.325047
0.0505498
0.0203703
3.45058
0.333473
0.0421583
0.0165165
3.44742
0.333633
0.0428681
0.018448
3.44834
0.335
0.0526521
0.0230405
3.45109
0.338274
0.0525136
0.0198546
3.45092
0.32639
0.0412522
0.0159631
3.45773
0.332782
0.0473546
0.0164825
3.45218
0.328469
0.0417131
0.021343
3.44943
0.343202
0.0474629
0.0234322
3.45338
0.331442
0.0437455
0.0195846
3.44973
0.324348
0.0560372
0.0201175
3.44734
0.329952
0.0565447
0.0269441
3.45468
0.334279
0.0485868
0.0238504
3.44779
0.336138
0.0486219
0.0233423
3.45108
0.331982
0.0467956
0.0161931
3.44889
0.336377
0.0502606
0.0167791
3.45237
0.332218
0.0518312
0.0299146
3.4502
0.331367
0.0508348
0.0245736
3.44898
0.328136
0.0474952
0.0168952
3.45153
0.328339
0.0550614
0.0163394
3.45095
0.330673
0.0476989
0.0205334
3.45311
0.327918
0.0480148
0.0249273
3.45321
0.334405
0.0464963
0.0215746
3.45303
0.336247
0.0585807
0.023431
3.45318
0.338455
0.0441076
0.019181
3.44782
0.320593
0.0403379
0.0185473
3.44985
0.33102
0.0494236
0.021962
3.44911
0.333421
0.0488477
0.0233435
3.44704
0.331521
0.0489098
0.0218889
3.45649
0.331601
0.0514771
0.0178482
3.45343
0.329915
0.0456209
0.0268223
3.45508
0.343032
0.0447132
0.0236004
3.44949
0.333837
0.0431855
0.020018
3.45048
0.33588
0.0446327
0.0157599
3.44839
0.331189
0.0502086
0.0213563
3.44962
0.331585
0.0493685
0.0181795
3.45358
0.334349
0.050961
0.0246642
3.44996
0.338512
0.0520436
0.00924517
3.45439
0.325495
0.0462322
0.0228454
3.44947
0.329024
0.0539498
0.0213594
3.44884
0.32879
0.0470964
0.0127143
3.45394
0.337093
0.0581917
0.021332
3.4497
0.331938
0.0458847
0.0193567
3.45299
0.332243
0.0419076
0.0272997
3.4507
0.324991
0.0450288
0.0184574
3.45098
0.333173
0.0499858
0.0233223
3.4507
0.332358
0.0494248
0.0236248
3.44883
0.333495
0.0430118
0.0179216
3.44854
0.331339
0.0485951
0.0193056
3.44725
0.329865
0.0482624
0.0189979
3.45192
0.33412
0.04711
0.0132908
3.45247
0.333981
0.0431272
0.0195348
3.45251
0.328714
0.044891
0.0152293
3.45262
0.333727
0.0490569
0.0166218
3.44724
0.334952
0.0506811
0.0193897
3.44989
0.330327
0.0535218
0.0185395
3.44473
0.327448
0.0515111
0.02484
3.45151
0.338738
0.0393661
0.0236313
3.45531
0.328295
0.0440118
0.0175975
3.44364
0.326606
0.0442432
0.0237048
3.45021
0.329808
0.0454266
0.0215456
3.45272
0.333273
0.0536555
0.0167569
3.44642
0.32566
0.0443305
0.0165677
3.45199
0.330895
0.0435083
0.0152907
3.45487
0.329563
0.0428978
0.0157447
3.45352
0.338151
0.0485092
0.0221611
3.44476
0.331232
0.0498648
0.0191811
3.45341
0.333111
0.0493543
0.0213489
3.45973
0.333911
0.0479013
0.020959
3.45351
0.334207
0.0488547
0.0160349
3.45472
0.328731
0.0502591
0.0183511
3.45419
0.330114
0.0514085
0.0264934
3.4508
0.33951
0.0489081
0.0176921
3.45046
0.337744
0.0486325
0.017998
3.44718
0.340326
0.0496686
0.0158687
3.45365
0.331909
0.0457927
0.0199935
3.44458
0.329426
0.0389903
0.0219761
3.4502
0.327709
0.0505077
0.023361
3.45253
0.335684
0.0495341
0.0240984
3.45951
0.329728
0.0478307
0.0146113
3.45336
0.327764
0.0502765
0.0182007
3.45385
0.327344
0.0458778
0.0208411
3.45817
0.332717
0.0427332
0.0169384
3.45478
0.33554
0.0451427
0.0215372
3.45073
0.33533
0.0552243
0.0182
3.44896
0.335223
0.0406568
0.0135009
3.45462
0.33231
0.0490399
0.0172219
3.44807
0.336309
0.0489062
0.0183416
3.44417
0.329942
0.043239
0.0225117
3.44885
0.330356
0.0413
0.0166993
3.44867
0.332913
0.0470075
0.0150838
3.44939
0.331445
0.0478539
0.024143
3.44934
0.332077
0.0513532
0.0211667
3.44804
0.331033
0.0517457
0.0208768
3.45232
0.325209
0.0465486
0.0122692
3.45128
0.330222
0.0467369
0.0177623
3.44902
0.328133
0.052024
0.0257855
3.45257
0.325862
0.0529856
0.0252184
3.45391
0.336683
0.0466931
0.016453
3.45173
0.336223
0.0544644
0.0192
3.45
0.329629
0.0453486
0.0191717
3.45641
0.332838
0.0483997
0.0163936
3.4537
0.332963
0.0525967
0.0271943
3.45
0.325495
0.0467964
0.0194512
3.44941
0.322483
0.0411465
0.0163781
3.45197
0.329263
0.0506709
0.0190019
3.45175
0.334662
0.0442523
0.0206918
3.45026
0.32673
0.0556977
0.0218367
3.45594
0.330071
0.050177
0.0203446
3.44877
0.331403
0.0432913
0.0196436
3.4489
0.328712
0.0545402
0.0205367
3.45143
0.327349
0.0413811
0.0152704
3.44599
0.326559
0.0419414
0.0207969
3.44791
0.325451
0.0402171
0.0204426
3.4525
0.329189
0.046691
0.0189664
3.46103
0.334863
0.04667
0.0223678
3.4551
0.332528
0.0426377
0.0182107
3.45164
0.331034
0.0536371
0.020573
3.45283
0.330426
0.0439013
0.0177362
3.45246
0.331675
0.0491999
0.0182321
3.44975
0.332022
0.0470269
0.0155746
3.44793
0.333252
0.0473229
0.0207637
3.45438
0.322997
0.0443336
0.019654
3.44928
0.33492
0.0516558
0.019523
3.44991
0.330913
0.0477349
0.0224323
3.4547
0.33341
0.045412
0.0205361
3.45016
0.325493
0.0479471
0.0197033
3.44975
0.33322
0.0494053
0.02275
3.45314
0.334635
0.0499704
0.0210403
3.45191
0.333009
0.0471587
0.0184624
3.4466
0.334066
0.0515241
0.017878
3.44419
0.340604
0.0546732
0.0283649
3.4512
0.327163
0.049531
0.0203401
3.45379
0.33214
0.0492338
0.0165435
3.45906
0.336452
0.0464584
0.0182468
3.44852
0.336409
0.0521127
0.0245016
3.44862
0.33521
0.0440178
0.0218224
3.45231
0.336233
0.0497976
0.0171106
3.44759
0.326414
0.0433337
0.0167909
3.44847
0.338466
0.0541063
0.0215179
3.4457
0.326875
0.0537388
0.0215583
3.45506
0.338372
0.0507728
0.0242388
3.45138
0.338159
0.0436631
0.014148
3.45196
0.32746
0.0463139
0.0133092
3.45601
0.328652
0.0476823
0.0232975
3.45148
0.330962
0.0474638
0.0201692
3.44942
0.328153
0.0466998
0.0242018
3.44952
0.329151
0.0492824
0.0254768
3.45429
0.330466
0.046703
0.0188796
3.44984
0.332927
0.0495231
0.026217
3.4464
0.331923
0.0455601
0.0192803
3.45444
0.333702
0.0547276
0.0170728
3.45273
0.332311
0.0466806
0.0160112
3.45001
0.327831
0.0499253
0.0214933
3.4496
0.333515
0.0507258
0.0229232
3.44922
0.333155
0.0417431
0.0148592
3.45933
0.337247
0.0486203
0.0225503
3.44837
0.337248
0.0539893
0.0179097
3.45135
0.331145
0.0446445
0.0215815
3.44917
0.328468
0.0442724
0.0235483
3.45363
0.335898
0.0530529
0.0178476
3.45415
0.330783
0.0419842
0.0193621
3.45295
0.330985
0.0428765
0.016106
3.45145
0.329193
0.0504802
0.0139224
3.44849
0.329263
0.048722
0.0226722
3.45227
0.330749
0.0515046
0.0215693
3.45016
0.331657
0.0478318
0.0229201
3.45425
0.328944
0.0511602
0.0208872
3.44968
0.336022
0.0446813
0.018709
3.44153
0.331052
0.0466271
0.0240097
3.45522
0.334493
0.0480288
0.0218104
3.44777
0.330199
0.0505522
0.0221636
3.45327
0.337531
0.0504258
0.0157411
3.44789
0.332737
0.0409236
0.0329873
3.44967
0.325489
0.0389506
0.0238396
3.45108
0.33523
0.0453855
0.0160894
3.45478
0.326136
0.0444834
0.0192953
3.44941
0.326303
0.0441835
0.0188942
3.45521
0.339286
0.0524671
0.0279498
3.45406
0.330439
0.0402954
0.018868
3.44949
0.327995
0.0462613
0.0228712
3.4478
0.337782
0.0456645
0.0242259
3.45158
0.33183
0.0442121
0.0189769
3.44458
0.338048
0.0415006
0.0220932
3.45689
0.330298
0.0576761
0.0235034
3.44843
0.329436
0.0460751
0.0220764
3.45191
0.326578
0.0475037
0.0193849
3.44861
0.337487
0.0516369
0.0188604
3.44913
0.335223
0.0476844
0.0195822
3.4555
0.33357
0.049686
0.0250365
3.44648
0.334106
0.0444604
0.0196634
3.4499
0.325499
0.0510789
0.0244834
3.45887
0.340035
0.0502116
0.0175589
3.45183
0.335531
0.0484515
0.0171311
3.45677
0.343642
0.0477324
0.02768
3.45487
0.328013
0.0423176
0.0171895
3.45441
0.334859
0.0527539
0.0207533
3.45034
0.328305
0.0429494
0.0183842
3.45612
0.328898
0.0457915
0.022663
3.4528
0.326393
0.0484366
0.0201826
3.44966
0.329067
0.0497484
0.0256059
3.4516
0.33754
0.0405742
0.0195314
3.45233
0.33502
0.048676
0.0224029
3.45201
0.328194
0.0436072
0.018461
3.44841
0.329404
0.0432435
0.0140345
3.44721
0.325352
0.0503356
0.0220667
3.45346
0.329374
0.0550619
0.0259849
3.45108
0.333984
0.0419625
0.0283651
3.45206
0.333817
0.0494846
0.0302781
3.45098
0.337227
0.0484923
0.0208659
3.44681
0.321834
0.047447
0.0236852
3.45176
0.332926
0.0413469
0.0193197
3.45107
0.329666
0.0418877
0.0211751
3.4573
0.331035
0.0539305
0.0221872
3.44623
0.328392
0.0412384
0.0166896
3.44793
0.325068
0.0496934
0.0191511
3.45489
0.335628
0.0435022
0.0161468
3.45361
0.330629
0.0470339
0.0217459
3.45257
0.328884
0.0498958
0.0195275
3.44467
0.334321
0.0443735
0.0201243
3.4504
0.322594
0.0402635
0.02235
3.45098
0.334719
0.0528691
0.0149641
3.45241
0.33378
0.0485212
0.0189021
3.45336
0.333869
0.0532472
0.0216074
3.45195
0.330969
0.0471582
0.0155355
3.4601
0.332736
0.0490733
0.0226456
3.45449
0.322694
0.0502393
0.0148368
3.45091
0.330205
0.0523196
0.0216012
3.45148
0.323668
0.041828
0.0209959
3.45284
0.335848
0.0487634
0.0214635
3.45431
0.332353
0.0464038
0.0234949
3.44877
0.332775
0.0555936
0.0245374
3.44976
0.334746
0.0492707
0.0180243
3.45053
0.336107
0.0561382
0.026717
3.45142
0.330234
0.0573764
0.0248506
3.45113
0.33194
0.0491199
0.0130695
3.4507
0.32608
0.0482567
0.0172115
3.45295
0.329263
0.0442249
0.0221097
3.45187
0.331952
0.0465313
0.0202824
3.44734
0.327561
0.0446249
0.0254565
3.45108
0.333879
0.049953
0.0231498
3.45079
0.330154
0.0534156
0.0173352
3.45162
0.327092
0.0440869
0.0309062
3.45292
0.330406
0.0480235
0.0174188
3.44725
0.323142
0.0435643
0.0229761
3.45229
0.332539
0.0521954
0.0200856
3.4493
0.329874
0.0479201
0.0187245
3.45151
0.325666
0.0480788
0.0252393
3.44364
0.324614
0.0443182
0.0210453
3.4505
0.338389
0.0477825
0.0212267
3.45143
0.334254
0.0460473
0.0209826
3.45705
0.331457
0.0409076
0.0186818
3.45012
0.334046
0.0453668
0.0198295
3.45392
0.32918
0.050315
0.0134604
3.44921
0.329318
0.0462847
0.0216648
3.45159
0.34299
0.0452157
0.0198751
3.44833
0.333411
0.0432329
0.0173852
3.45197
0.325626
0.0437932
0.016147
3.45163
0.332806
0.0450021
0.0155401
3.45262
0.334208
0.0489139
0.0187082
3.45672
0.333359
0.0480066
0.0238112
3.45263
0.327105
0.0518437
0.0219364
3.44994
0.336502
0.049085
0.0213529
3.45709
0.330673
0.0452736
0.0156038
3.44569
0.325006
0.0494017
0.0214651
3.45167
0.324918
0.0423413
0.0200638
3.4514
0.329981
0.0470833
0.0246022
3.45558
0.326935
0.0443855
0.0167949
3.45069
0.324539
0.05466
0.0212303
3.45815
0.328673
0.0450708
0.019348
3.45206
0.333564
0.0446598
0.0210281
3.4521
0.332668
0.0513096
0.0167594
3.45165
0.329281
0.0488052
0.021756
3.45716
0.333007
0.0450596
0.0169641
3.45289
0.327274
0.0504348
0.0180482
3.45148
0.328344
0.0496483
0.0270081
3.45212
0.324384
0.0480107
0.0180794
3.44804
0.330782
0.0442014
0.021829
3.45062
0.333228
0.0450067
0.0226722
3.45038
0.329003
0.0505765
0.01977
3.45419
0.325517
0.0433594
0.0216063
3.44887
0.326177
0.0462676
0.0196632
3.45401
0.340984
0.0487453
0.02733
3.44888
0.330037
0.0437747
0.0176875
3.44767
0.329863
0.0401036
0.0191202
3.45163
0.333241
0.0512876
0.0249761
3.45166
0.333016
0.0490118
0.0198204
3.45223
0.33122
0.0426701
0.0211989
3.4464
0.33897
0.0446097
0.017851
3.45203
0.333105
0.0447805
0.0259226
3.45343
0.337968
0.0440466
0.0216656
3.44787
0.329071
0.0529906
0.0207438
3.45194
0.333574
0.0513461
0.0180061
3.45198
0.331442
0.0484301
0.0223926
3.45232
0.341613
0.0532244
0.0200857
3.45241
0.328397
0.0501008
0.0206883
3.44653
0.323732
0.0511636
0.0134309
3.45013
0.337495
0.0536817
0.0215685
3.44952
0.331632
0.055129
0.0223711
3.44832
0.331147
0.0460271
0.0193285
3.45163
0.336
0.0516368
0.0182394
3.44867
0.328725
0.0568077
0.0187198
3.44566
0.320033
0.0457316
0.0157657
3.45461
0.332576
0.0484295
0.0240232
3.44995
0.331162
0.0410532
0.0127639
3.45169
0.322358
0.0478715
0.0164427
3.45369
0.34015
0.0421441
0.0189758
3.44762
0.338372
0.0465021
0.0198223
3.45527
0.334271
0.0474865
0.0275072
3.45037
0.336122
0.0407825
0.0199674
3.45455
0.333615
0.0473997
0.0170857
3.45516
0.336082
0.0521687
0.0197687
3.45529
0.332599
0.0374643
0.0205564
3.45029
0.338636
0.0565159
0.0177176
3.44525
0.326347
0.0475944
0.0231473
3.44886
0.3297
0.0456813
0.0231999
3.45208
0.331314
0.0459684
0.0188701
3.44661
0.331566
0.0413798
0.0325651
3.44638
0.32714
0.0538633
0.022834
3.45231
0.330018
0.046146
0.0223316
3.45013
0.335823
0.0453456
0.0258374
3.45345
0.327744
0.0428285
0.0186664
3.45345
0.33088
0.0454852
0.0184134
3.45826
0.333227
0.0478056
0.017313
3.4491
0.334827
0.0565528
0.0240023
3.45253
0.334674
0.0428681
0.0173
3.45255
0.329172
0.0450882
0.0280819
3.44762
0.327
0.0428549
0.0208371
3.44804
0.330094
0.0476578
0.0200762
3.44943
0.334863
0.0610828
0.0197186
3.45194
0.331984
0.0492818
0.0205675
3.45741
0.335092
0.0486814
0.0247381
3.44952
0.328163
0.0464585
0.0125573
3.45143
0.333158
0.0477148
0.0196031
3.45267
0.325586
0.0398679
0.0134287
3.4507
0.326428
0.0479015
0.0203174
3.45179
0.329649
0.0446333
0.0224939
3.44589
0.333297
0.0354118
0.0248578
3.4468
0.329821
0.0438827
0.0251686
3.45201
0.330605
0.0556993
0.0179361
3.45115
0.336806
0.0424674
0.0164077
3.45354
0.327715
0.0522374
0.0194975
3.44451
0.327148
0.043926
0.0170925
3.45086
0.331599
0.04411
0.0219752
3.44816
0.32723
0.0553871
0.0177276
3.45195
0.329431
0.0438357
0.0192838
3.45251
0.332706
0.0486648
0.0152233
3.45058
0.333946
0.0474934
0.0182499
3.45342
0.330512
0.0426336
0.0189969
3.45182
0.3372
0.0448723
0.0145246
3.44977
0.324774
0.0411074
0.0228418
3.45612
0.328052
0.0482303
0.0202395
3.45176
0.323663
0.047913
0.0223903
3.45256
0.33828
0.0548461
0.0177116
3.44532
0.329427
0.0451343
0.0216528
3.4483
0.325262
0.0415824
0.0213725
3.45585
0.331854
0.0529546
0.0187429
3.45089
0.3237
0.0453685
0.0179305
3.45481
0.329653
0.057286
0.0199196
3.45508
0.33337
0.0484572
0.0180859
3.45172
0.330957
0.0468713
0.0236908
3.44916
0.336667
0.043586
0.0224687
3.45569
0.335992
0.0454027
0.0235533
3.44861
0.330976
0.0479624
0.0226952
3.45286
0.332902
0.0509763
0.0168712
3.44975
0.330872
0.0422572
0.0194037
3.45327
0.341195
0.0436917
0.0224011
3.45186
0.322546
0.0452951
0.0232476
3.45476
0.327008
0.0478013
0.0183211
3.45132
0.333558
0.0405686
0.0158935
3.45064
0.330193
0.0478469
0.0226461
3.45193
0.327896
0.0415022
0.017758
3.44877
0.326837
0.0453532
0.0204975
3.45271
0.325653
0.0480935
0.0149621
3.45679
0.33093
0.0453181
0.0163565
3.44864
0.337913
0.0576544
0.027477
3.44795
0.333743
0.0473699
0.0178379
3.44621
0.334204
0.0470272
0.0251049
3.45273
0.325621
0.0409774
0.01226
3.44884
0.330732
0.0502639
0.0151294
3.45286
0.32555
0.0477558
0.0170109
3.45229
0.328642
0.0508203
0.0194505
3.45271
0.330858
0.0442753
0.0205138
3.44951
0.324004
0.0456482
0.0177387
3.45054
0.338282
0.0491185
0.0195802
3.45535
0.328533
0.0456024
0.0222783
3.45382
0.328524
0.0501765
0.0203119
3.45321
0.335477
0.0452004
0.0129148
3.44742
0.327469
0.0468384
0.0196902
3.45055
0.327578
0.051217
0.0195935
3.44625
0.334722
0.0496043
0.0246161
3.45324
0.329578
0.0425642
0.0133658
3.45261
0.329053
0.0444048
0.0161761
3.45011
0.328061
0.0483265
0.0270477
3.44615
0.338514
0.0475535
0.0186283
3.45086
0.329257
0.0447296
0.0168974
3.45016
0.322873
0.0484695
0.0226337
3.44923
0.335331
0.0516057
0.0203866
3.44483
0.33138
0.0473825
0.0213395
3.45562
0.328525
0.0515054
0.0206339
3.45077
0.324547
0.0526418
0.0195276
3.44716
0.328456
0.0521963
0.0243836
3.45353
0.330745
0.0471817
0.0188827
3.45101
0.33066
0.0453111
0.0224633
3.45374
0.334399
0.0538237
0.0125712
3.4526
0.332582
0.0463387
0.0158908
3.45411
0.329431
0.0521025
0.0253811
3.45336
0.331358
0.0463928
0.0218702
3.45128
0.331467
0.0500685
0.0187716
3.45255
0.330669
0.0485865
0.0201058
3.44993
0.330733
0.0518266
0.0209388
3.45336
0.335992
0.0540666
0.0240878
3.45125
0.328021
0.0475608
0.0205933
3.44698
0.325741
0.0460019
0.0296396
3.46032
0.337749
0.0432831
0.0250586
3.44932
0.337185
0.0434673
0.0177211
3.44666
0.337366
0.046708
0.0233876
3.45138
0.326927
0.0437699
0.0204858
3.44855
0.325976
0.0446635
0.0148576
3.45389
0.326926
0.0473568
0.0162437
3.45494
0.328807
0.049955
0.0185748
3.45289
0.33128
0.0442868
0.0167931
3.45183
0.333713
0.0517535
0.0182262
3.45108
0.338668
0.0474937
0.0216281
3.45303
0.331958
0.0448926
0.0205131
3.45051
0.338014
0.0485262
0.0167686
3.45867
0.330746
0.0487786
0.0232681
3.44535
0.328432
0.0487344
0.0227451
3.45454
0.341938
0.0525982
0.0233269
3.44822
0.334349
0.0502893
0.0140263
3.44821
0.329765
0.0414293
0.0216776
3.45063
0.330909
0.0445655
0.0202083
3.44755
0.330562
0.043346
0.0202893
3.44919
0.339654
0.0537464
0.016746
3.4493
0.337751
0.0450408
0.0180575
3.45133
0.338693
0.0521607
0.018579
3.44663
0.328815
0.0451613
0.0199427
3.45418
0.324795
0.0448534
0.0299602
3.45214
0.340862
0.0489581
0.0231787
3.44496
0.337315
0.0417217
0.0214653
3.45206
0.332781
0.0514199
0.0264803
3.45436
0.335033
0.046136
0.0210598
3.45281
0.32996
0.0443354
0.0180768
3.45094
0.334744
0.0530112
0.0163895
3.44706
0.331799
0.0511507
0.024729
3.44852
0.327086
0.0427388
0.016805
3.45175
0.338703
0.0527241
0.0172194
3.45162
0.323721
0.0521565
0.0172105
3.45373
0.328464
0.0452628
0.0236737
3.44952
0.324476
0.0438987
0.0151257
3.45054
0.335646
0.0472394
0.019545
3.44994
0.322891
0.0483836
0.0205631
3.4528
0.327223
0.0507506
0.0244494
3.45742
0.334511
0.0531541
0.0273831
3.44811
0.331498
0.0483436
0.0141802
3.44769
0.328135
0.0481362
0.0224485
3.45277
0.331032
0.0528079
0.0225992
3.45394
0.327737
0.0476071
0.0239094
3.45355
0.328433
0.0504929
0.0195513
3.45131
0.331326
0.0418873
0.0158677
3.44646
0.325751
0.051786
0.024701
3.45364
0.331018
0.0505339
0.0207929
3.45483
0.335293
0.0407153
0.0256002
3.4501
0.328423
0.0392729
0.0138778
3.4474
0.331751
0.0522606
0.0145797
3.45418
0.332238
0.0407577
0.0169946
3.44718
0.3274
0.0540023
0.0211626
3.44852
0.333069
0.0542841
0.0120093
3.45298
0.337083
0.0461947
0.0221774
3.45044
0.334127
0.0428231
0.0195859
3.45151
0.325156
0.0499653
0.0183131
3.45177
0.3324
0.0477329
0.0235179
3.45214
0.330569
0.0457168
0.0188941
3.45628
0.335781
0.0480619
0.0245732
3.44845
0.3346
0.0482255
0.021723
3.44877
0.334066
0.0461004
0.0203648
3.44874
0.333843
0.049683
0.0206102
3.45405
0.332225
0.0492627
0.0200808
3.45324
0.332734
0.0489725
0.0194832
3.44709
0.332639
0.0421087
0.0239831
3.45351
0.325809
0.0463263
0.0205205
3.44609
0.332937
0.0437843
0.0167146
3.44752
0.341007
0.0492759
0.0155469
3.45261
0.331295
0.0468182
0.0192821
3.45247
0.324245
0.0444988
0.0224207
3.45533
0.331901
0.0496008
0.0196219
3.45677
0.333661
0.0478206
0.0249535
3.44755
0.328161
0.0403761
0.0123155
3.45154
0.3339
0.0444201
0.020943
3.45926
0.335048
0.0487417
0.0140768
3.45385
0.344892
0.0470315
0.0138589
3.44901
0.329116
0.0489069
0.0203142
3.44506
0.338268
0.0477487
0.0195659
3.45293
0.323252
0.0439478
0.0181178
3.45717
0.332128
0.0535968
0.0260356
3.44655
0.335804
0.0406792
0.0220956
3.44868
0.334022
0.0497511
0.0125798
3.44874
0.32831
0.0446109
0.0202245
3.45447
0.328315
0.0537525
0.0240619
3.45083
0.332515
0.0455046
0.0224461
3.44933
0.332456
0.0443948
0.0210524
3.447
0.333227
0.0441302
0.0201387
3.4548
0.327939
0.0500561
0.0182626
3.45257
0.327293
0.0519758
0.0226908
3.44982
0.323804
0.0396087
0.0162038
3.45572
0.32838
0.0460676
0.0204302
3.45191
0.337331
0.0477903
0.0170726
3.45365
0.326328
0.0445177
0.015117
3.45532
0.337943
0.0374259
0.0269375
3.44624
0.333976
0.0447943
0.0222577
3.45333
0.345872
0.0494249
0.0166515
3.45284
0.326213
0.0444028
0.0222568
3.44795
0.326235
0.0473313
0.0254165
3.44996
0.328263
0.0471404
0.0196407
3.44781
0.33264
0.0489311
0.0218664
3.4479
0.332882
0.0474023
0.0174231
3.44727
0.328812
0.0456482
0.0210429
3.45243
0.332335
0.0531284
0.0207307
3.44996
0.326094
0.0469379
0.0179154
3.44984
0.32813
0.0434745
0.0197784
3.45277
0.331805
0.0564575
0.0206594
3.45094
0.336914
0.0474506
0.0227327
3.45212
0.324392
0.0443491
0.0200412
3.45411
0.323859
0.0507403
0.0233188
3.45488
0.331303
0.0426737
0.0199056
3.45311
0.332921
0.0530232
0.0159881
3.45326
0.332044
0.0445979
0.020928
3.44726
0.325957
0.0414594
0.0134213
3.45409
0.338951
0.0430989
0.0210323
3.4534
0.333572
0.0459445
0.0144092
3.45232
0.326531
0.0465076
0.018498
3.45448
0.332236
0.0470837
0.0221712
3.44843
0.332402
0.0512721
0.0173
3.45475
0.3302
0.0476578
0.0162204
3.45307
0.326466
0.0460424
0.0168444
3.45578
0.32983
0.0526212
0.0205731
3.45627
0.328479
0.0430064
0.0146784
3.44707
0.336766
0.0523923
0.021801
3.45244
0.327833
0.0503434
0.0227896
3.45659
0.332958
0.0513617
0.0279085
3.44736
0.329725
0.0503612
0.0194935
3.45182
0.327941
0.0426236
0.0233182
3.45194
0.329281
0.0439648
0.0284306
3.45518
0.33354
0.0451397
0.0201997
3.45152
0.32933
0.0472103
0.0166546
3.45443
0.340606
0.0469092
0.0228567
3.4525
0.334757
0.046232
0.0198239
3.44741
0.334947
0.0579622
0.0262439
3.45062
0.32859
0.0438433
0.0174504
3.45575
0.327719
0.0470682
0.0199578
3.45151
0.322586
0.0483644
0.0227361
3.45082
0.333084
0.0460377
0.0157584
3.45025
0.332483
0.0489558
0.0243413
3.44978
0.328916
0.0420677
0.0181871
3.45322
0.343516
0.0512315
0.023467
3.45536
0.333463
0.0466979
0.0212225
3.44754
0.334528
0.0453977
0.0206154
3.45009
0.326541
0.0473666
0.0202073
3.44879
0.331313
0.0467414
0.0188841
3.4504
0.330021
0.0488716
0.0260911
3.45169
0.333642
0.0457352
0.0238429
3.44991
0.332934
0.0460939
0.0245849
3.44938
0.323383
0.0484154
0.0332534
3.45176
0.328637
0.0430318
0.0216431
3.45545
0.329345
0.0425075
0.0237599
3.44701
0.337313
0.0461355
0.0248335
3.45313
0.331395
0.0490658
0.0207055
3.45045
0.327746
0.0443686
0.019413
3.44865
0.333681
0.0500618
0.0254281
3.45363
0.336386
0.0533789
0.0209461
3.44855
0.335256
0.0485268
0.0269364
3.45271
0.331503
0.043968
0.0234982
3.44782
0.32387
0.0417582
0.0220554
3.44753
0.338065
0.0499291
0.0194602
3.45149
0.333157
0.0446164
0.0232665
3.45224
0.33057
0.0491604
0.0166587
3.44441
0.334524
0.0487574
0.0249866
3.44973
0.340622
0.0508548
0.022742
3.44713
0.328719
0.0559434
0.0179557
3.45424
0.328314
0.0435798
0.0242377
3.45509
0.324945
0.0417333
0.0144661
3.44935
0.324543
0.0453127
0.0135186
3.45165
0.331884
0.048021
0.0230306
3.44674
0.331457
0.046129
0.0189416
3.45104
0.323825
0.0443362
0.0221744
3.45134
0.325768
0.0478385
0.0193811
3.45064
0.330315
0.0489844
0.0244161
3.44733
0.33112
0.048504
0.0219012
3.44894
0.324423
0.044597
0.0208099
3.45097
0.335861
0.0508563
0.0210307
3.45078
0.334544
0.0522596
0.0202182
3.45297
0.337984
0.048124
0.0194497
3.45286
0.3329
0.0484439
0.026809
3.44746
0.330432
0.0469891
0.0132758
3.45469
0.329858
0.0503709
0.0170253
3.45162
0.340317
0.0519947
0.0207818
3.45128
0.339443
0.0548598
0.0146537
3.45184
0.327477
0.0478329
0.0211538
3.44682
0.330943
0.0415371
0.0208723
3.45479
0.334899
0.0469119
0.0183464
3.45472
0.324825
0.0497052
0.0187978
3.4527
0.332358
0.0447078
0.0168629
3.44393
0.328112
0.0489803
0.0195662
3.45576
0.327305
0.0483511
0.0183793
3.44872
0.331993
0.0501179
0.0154234
3.45311
0.344026
0.0500454
0.0197529
3.45704
0.326516
0.0431881
0.0175922
3.45015
0.328288
0.0559997
0.0129944
3.45206
0.334196
0.0449206
0.0213798
3.4533
0.332116
0.0455376
0.0180673
3.45416
0.333937
0.0466239
0.0149037
3.45503
0.331011
0.0467693
0.0246723
3.45051
0.334355
0.0476552
0.0262371
3.45064
0.329883
0.0507363
0.0218035
3.44794
0.329593
0.0473321
0.0183134
3.451
0.32807
0.0546134
0.0118478
3.4488
0.322104
0.0469688
0.0122693
3.45284
0.331016
0.0444868
0.0123918
3.44735
0.3297
0.0445882
0.0162138
3.44808
0.331507
0.0505882
0.0257184
3.44746
0.325696
0.0514152
0.018455
3.45247
0.322272
0.0427267
0.0156166
3.44769
0.336785
0.0441224
0.0226533
3.45106
0.335221
0.042374
0.0207606
3.44842
0.333653
0.0532022
0.0176985
3.45116
0.332083
0.049611
0.0169841
3.44757
0.327378
0.0470997
0.0148521
3.4513
0.327993
0.0482569
0.0237271
3.45417
0.32874
0.0491386
0.0242021
3.45287
0.335924
0.0489689
0.0249332
3.44592
0.336835
0.0518223
0.0196421
3.45543
0.32785
0.0483737
0.0200714
3.45031
0.329213
0.0472913
0.0244505
3.45061
0.325962
0.0442716
0.0147847
3.4576
0.33419
0.0440225
0.0195786
3.45059
0.331192
0.0512679
0.0201651
3.45389
0.333522
0.0489718
0.0246697
3.44882
0.329914
0.0427387
0.0230129
3.447
0.333375
0.0473272
0.0212375
3.45276
0.332017
0.0508881
0.0192
3.45209
0.339278
0.0445857
0.0183472
3.45128
0.334704
0.04964
0.0212404
3.44697
0.335214
0.0475143
0.0206098
3.45052
0.324318
0.0464946
0.0143759
3.44443
0.328212
0.0478274
0.0143243
3.44605
0.329728
0.0445481
0.0199597
3.45307
0.325742
0.0523427
0.0144017
3.45172
0.329573
0.0522462
0.0248526
3.45221
0.331368
0.0481292
0.0188432
3.44868
0.3249
0.0457907
0.0185751
3.45403
0.332312
0.045083
0.0249272
3.45549
0.332641
0.047613
0.0204471
3.45001
0.333271
0.0519385
0.0250993
3.45067
0.330687
0.0471389
0.0273193
3.45076
0.330016
0.045821
0.0212754
3.4504
0.334283
0.0520879
0.0203734
3.45311
0.325449
0.0463922
0.0116326
3.45136
0.336688
0.0424653
0.018761
3.45017
0.330028
0.0443009
0.0203778
3.45406
0.335836
0.0458166
0.0182785
3.44631
0.333006
0.050789
0.0212396
3.44431
0.331815
0.0489748
0.0201548
3.45078
0.334895
0.051024
0.0172165
3.45344
0.330733
0.048668
0.0193046
3.4503
0.339812
0.0483513
0.018006
3.45233
0.332756
0.0469892
0.021049
3.45346
0.332565
0.04208
0.0186062
3.44879
0.332219
0.0403146
0.0219553
3.45525
0.334099
0.0405368
0.0257934
3.45288
0.332401
0.049774
0.0188557
3.44551
0.337578
0.0472563
0.0195414
3.44962
0.326807
0.0480084
0.0203678
3.45036
0.32686
0.043988
0.021154
3.45107
0.329244
0.0502807
0.0192383
3.4532
0.328143
0.0414086
0.0175693
3.45038
0.329804
0.046725
0.0178106
3.45486
0.329684
0.0445126
0.0181375
3.45186
0.333529
0.0496149
0.0297008
3.45677
0.333744
0.048147
0.0201163
3.44583
0.332719
0.0485085
0.0241387
3.45516
0.331492
0.0477056
0.0216285
3.44431
0.327459
0.0482667
0.0260833
3.4519
0.336971
0.044535
0.0222284
3.44996
0.334131
0.0464352
0.0162662
3.4541
0.326233
0.0474077
0.0214991
3.45061
0.33046
0.0430962
0.0138963
3.45128
0.335556
0.0519368
0.0241438
3.44719
0.345359
0.0559126
0.0224923
3.45172
0.335156
0.0496841
0.0169682
3.45341
0.329383
0.0417703
0.0159844
3.44921
0.328904
0.0468595
0.0224903
3.45065
0.333629
0.0493161
0.0212974
3.44987
0.328023
0.0452221
0.0225826
3.45156
0.33117
0.0446077
0.0291392
3.45236
0.339998
0.0511644
0.0242824
3.44829
0.336757
0.0440481
0.0202886
3.44808
0.324132
0.0483613
0.0197005
3.45282
0.329637
0.0563387
0.0185445
3.45318
0.330684
0.0480104
0.0230608
3.45261
0.335651
0.0468564
0.0164583
3.45108
0.331909
0.0457308
0.0234016
3.45177
0.33445
0.0478804
0.0164766
3.44988
0.328115
0.0434494
0.020158
3.45698
0.321279
0.045642
0.0153296
3.45835
0.329119
0.0533477
0.0166473
3.44738
0.333384
0.0433858
0.0182069
3.45379
0.334639
0.0555621
0.0227131
3.45023
0.337252
0.0522511
0.0176492
3.45262
0.327857
0.0450661
0.0146654
3.44992
0.331044
0.0473193
0.0227297
3.45139
0.325325
0.0514146
0.0240041
3.45404
0.33142
0.0468099
0.0246839
3.45794
0.332674
0.0548639
0.0202509
3.45163
0.324809
0.0510476
0.0153389
3.45381
0.332383
0.0498822
0.0177013
3.45107
0.332002
0.0500128
0.018527
3.45918
0.327664
0.0487436
0.0253875
3.45226
0.330394
0.0551214
0.0231831
3.45469
0.334437
0.049068
0.0174058
3.44544
0.325468
0.0495013
0.0253427
3.45576
0.333993
0.046369
0.0173617
3.4476
0.332376
0.0492918
0.017221
3.4477
0.336435
0.05112
0.0158862
3.44598
0.330922
0.0517444
0.0263295
3.44992
0.328759
0.053252
0.0166522
3.45137
0.335201
0.0472044
0.019229
3.44853
0.333203
0.0465484
0.0246554
3.45086
0.330052
0.0410532
0.0166163
3.45679
0.335199
0.0478878
0.01571
3.44722
0.327657
0.0507217
0.0184877
3.44839
0.327675
0.0498712
0.0212915
3.45197
0.330194
0.0451745
0.0183755
3.44606
0.332111
0.0507236
0.0233527
3.44975
0.327158
0.0464628
0.0214193
3.45267
0.332421
0.0423049
0.0158553
3.45565
0.327066
0.0470506
0.0161252
3.45304
0.328314
0.0502834
0.0132457
3.44512
0.331936
0.042464
0.0192202
3.45132
0.333194
0.040891
0.0213393
3.45092
0.334711
0.0494009
0.0239699
3.4516
0.333576
0.0487461
0.0275021
3.4509
0.3264
0.0436041
0.0240719
3.45322
0.339355
0.050346
0.020517
3.45385
0.332997
0.047449
0.0251679
3.45184
0.33846
0.0488541
0.0187276
3.4521
0.329511
0.0426885
0.0180649
3.4487
0.329593
0.0474186
0.0171
3.45068
0.331125
0.0517083
0.0192631
3.4529
0.330411
0.051701
0.0157621
3.45066
0.332069
0.0456528
0.0252567
3.4538
0.325649
0.0421913
0.0164316
3.45417
0.337151
0.047137
0.0244688
3.44863
0.330079
0.0502245
0.0213628
3.44831
0.327675
0.0498495
0.017363
3.44895
0.328752
0.0476724
0.0248
3.45261
0.325409
0.0559679
0.0215655
3.45129
0.329909
0.0469712
0.017212
3.45382
0.323872
0.0489037
0.0201011
3.44571
0.325929
0.0441761
0.015452
3.45101
0.331041
0.0471805
0.0248843
3.45069
0.327178
0.0422445
0.0140589
3.45286
0.328556
0.045163
0.0224391
3.4505
0.325776
0.0477508
0.0163668
3.45194
0.333625
0.053957
0.0253871
3.45191
0.331809
0.0502091
0.0205266
3.45158
0.329337
0.048147
0.0225441
3.44514
0.326059
0.0473966
0.0211989
3.4574
0.336414
0.0472017
0.0196643
3.44846
0.333395
0.0513818
0.0231604
3.44977
0.335409
0.0534915
0.0152701
3.45632
0.327457
0.0524821
0.0217309
3.44622
0.333654
0.048615
0.0196963
3.45022
0.338013
0.0426514
0.0177277
3.4517
0.323412
0.0527175
0.0190427
3.45842
0.335002
0.0510806
0.0248978
3.44985
0.333898
0.0431368
0.0261444
3.45269
0.329913
0.0480476
0.0199486
3.45039
0.336874
0.0475217
0.0227418
3.44836
0.33127
0.0376837
0.0220808
3.44868
0.331425
0.0484631
0.0204249
3.45705
0.323065
0.0471695
0.0217032
3.45468
0.333426
0.0537213
0.0199785
3.44924
0.327357
0.059378
0.0235338
3.44972
0.328937
0.0406264
0.0152107
3.45009
0.328463
0.0468747
0.0198062
3.44938
0.331859
0.045201
0.0221466
3.45006
0.327432
0.0469498
0.0211568
3.44991
0.333641
0.0410096
0.0219669
3.45244
0.329098
0.0533129
0.0183895
3.44819
0.33074
0.0429035
0.0211656
3.45199
0.331789
0.0554641
0.019519
3.44815
0.33366
0.0491168
0.0258752
3.4529
0.326683
0.0432704
0.0228068
3.45479
0.327435
0.0570123
0.0198765
3.45333
0.332632
0.0483692
0.0229175
3.45419
0.336472
0.0524095
0.0186049
3.45817
0.334833
0.0411684
0.0162146
3.44674
0.328683
0.0469829
0.0194542
3.45439
0.323722
0.044798
0.0276105
3.45243
0.336346
0.0468205
0.0283822
3.45322
0.334535
0.0530263
0.0226751
3.44873
0.33481
0.0468882
0.02152
3.44792
0.329086
0.0405117
0.0212976
3.44952
0.328505
0.0515341
0.019996
3.44901
0.338636
0.047706
0.0207745
3.4486
0.33458
0.048453
0.0184981
3.44733
0.336819
0.048149
0.0218192
3.44783
0.324342
0.0432434
0.0208116
3.45158
0.331374
0.0452331
0.0146749
3.45123
0.333669
0.0414117
0.0206495
3.44838
0.331585
0.0450962
0.0211207
3.4524
0.333731
0.0461661
0.0234683
3.44836
0.334144
0.048403
0.0226241
3.44885
0.33671
0.0493837
0.017787
3.45187
0.334563
0.0492368
0.0163
3.44972
0.328012
0.0510651
0.0216603
3.45336
0.33032
0.0476782
0.0211817
3.44792
0.327119
0.0446613
0.0212021
3.45039
0.324311
0.0448787
0.0168094
3.45186
0.327029
0.0452283
0.0210616
3.45311
0.331391
0.0498493
0.0206918
3.45228
0.330695
0.0493885
0.0194015
3.45312
0.332445
0.0462815
0.0171338
3.44425
0.324427
0.0444029
0.0187076
3.45134
0.331592
0.0548103
0.0209847
3.44975
0.341573
0.0447999
0.0200714
3.45427
0.328155
0.047461
0.0224452
3.45299
0.336319
0.0476107
0.0150484
3.45753
0.332375
0.0434529
0.0185329
3.44858
0.33012
0.0454129
0.016321
3.45251
0.332896
0.0483757
0.016428
3.45555
0.32862
0.0437776
0.0192221
3.45087
0.333257
0.0461536
0.018735
3.44983
0.331891
0.0537392
0.0191632
3.44624
0.331685
0.0423158
0.0177081
3.45529
0.334469
0.0514586
0.0292059
3.45859
0.340951
0.057451
0.0221635
3.45281
0.328529
0.0468448
0.024365
3.4532
0.328399
0.0456308
0.0215828
3.45162
0.329016
0.0430321
0.0223508
3.44982
0.330228
0.0472974
0.0232206
3.45112
0.338611
0.0429032
0.0189661
3.45109
0.334708
0.0455221
0.0222902
3.45514
0.331464
0.0421171
0.0186205
3.45372
0.327549
0.0463254
0.0151017
3.45201
0.336443
0.0514236
0.0329884
3.44839
0.338677
0.0446437
0.0199399
3.44724
0.3381
0.0584202
0.016957
3.45508
0.334045
0.0431945
0.0218767
3.44425
0.330184
0.0393399
0.0192032
3.45584
0.3239
0.0423515
0.0207015
3.45353
0.333913
0.0442258
0.0168212
3.4564
0.328749
0.0509939
0.0169618
3.45278
0.333237
0.0531727
0.0197925
3.44864
0.327105
0.0485998
0.0160595
3.4454
0.332657
0.0444093
0.0182825
3.44808
0.332354
0.050245
0.024061
3.45363
0.331115
0.0466723
0.0229978
3.44588
0.333731
0.0473553
0.0158645
3.44544
0.336416
0.0412143
0.0150864
3.45539
0.332122
0.0468956
0.0159975
3.44891
0.328259
0.0482107
0.0196265
3.44833
0.331732
0.0532544
0.0182211
3.45119
0.331037
0.0494665
0.0206328
3.45003
0.329489
0.04942
0.0125243
3.45031
0.329945
0.0467366
0.0139422
3.44995
0.327961
0.0505233
0.0224482
3.45112
0.328029
0.0513187
0.0219494
3.45592
0.331546
0.0443785
0.0167238
3.45168
0.340409
0.0517216
0.0187761
3.44973
0.326977
0.0444747
0.0271138
3.45201
0.330624
0.0506863
0.0195636
3.44991
0.335586
0.0472948
0.0162354
3.451
0.334338
0.0427066
0.0173602
3.45166
0.329954
0.0528835
0.0146221
3.45294
0.327585
0.0562845
0.0297627
3.45123
0.331479
0.0456929
0.0163271
3.44836
0.336494
0.0566346
0.0157589
3.44887
0.329115
0.0525757
0.0178044
3.45007
0.334788
0.0506705
0.0197907
3.45677
0.331574
0.0453675
0.0281707
3.45064
0.328895
0.0425622
0.017846
3.44896
0.329625
0.0432382
0.0181397
3.44951
0.32581
0.0443137
0.0215867
3.45324
0.322929
0.0419896
0.0262375
3.45079
0.335466
0.057075
0.0175928
3.44641
0.334675
0.0506507
0.0188092
3.45061
0.335683
0.0536423
0.0134908
3.45809
0.33688
0.0518193
0.022153
3.451
0.32882
0.0529448
0.0157059
3.44814
0.329857
0.0536251
0.021696
3.45303
0.329124
0.0495553
0.0200411
3.4599
0.328505
0.0422016
0.0198091
3.45065
0.321364
0.0518635
0.0200039
3.44609
0.321882
0.0495789
0.0186042
3.44741
0.327528
0.0451865
0.0155406
3.45402
0.328683
0.0510619
0.0191835
3.4531
0.334141
0.0439249
0.0152774
3.44957
0.335821
0.0501686
0.020689
3.45371
0.328867
0.0466707
0.0189027
3.45461
0.336525
0.0523731
0.0223903
3.44702
0.328727
0.049095
0.0220765
3.44409
0.330501
0.0427049
0.0165965
3.45464
0.334914
0.0494045
0.0197198
3.45355
0.338512
0.0447114
0.0153943
3.44983
0.335406
0.0552448
0.0209998
3.44948
0.321966
0.0461388
0.026921
3.45079
0.330535
0.0498043
0.0181808
3.44982
0.326378
0.0455316
0.020979
3.45546
0.329592
0.0418301
0.0211778
3.45436
0.327867
0.0512451
0.0144092
3.45056
0.329811
0.0496803
0.0215074
3.45209
0.331017
0.048743
0.0175651
3.44481
0.322918
0.0502546
0.0195642
3.45411
0.341898
0.0486854
0.0204742
3.44605
0.325951
0.050565
0.019515
3.45107
0.322262
0.0429611
0.0227288
3.45521
0.329418
0.0370302
0.015555
3.45198
0.331069
0.0468374
0.0239787
3.44852
0.325839
0.0465853
0.0258492
3.4477
0.33289
0.0476919
0.0192013
3.44689
0.329488
0.0464938
0.0219097
3.45067
0.335367
0.044462
0.0213164
3.45057
0.332168
0.0446963
0.0178757
3.45292
0.33204
0.0485908
0.0241065
3.45471
0.329919
0.0479926
0.0253849
3.44567
0.324744
0.0428743
0.0227101
3.44936
0.339108
0.0491715
0.018806
3.45384
0.332124
0.042847
0.0190422
3.45339
0.336431
0.0450396
0.0190483
3.45198
0.324292
0.0492308
0.0210168
3.44741
0.323859
0.0417752
0.0223493
3.4575
0.328846
0.048038
0.022323
3.45183
0.329032
0.0482572
0.0276446
3.4509
0.334625
0.0510023
0.0258582
3.44924
0.331083
0.0493255
0.0210195
3.45264
0.333199
0.0488168
0.0268571
3.45427
0.324072
0.0460735
0.0191683
3.45243
0.329924
0.0486222
0.0192598
3.44865
0.329454
0.0465204
0.0162852
3.44863
0.332706
0.0461721
0.0178663
3.45187
0.335163
0.046515
0.0212443
3.4537
0.331438
0.0513573
0.0199661
3.45186
0.32723
0.0512164
0.02163
3.45554
0.334906
0.0524442
0.0186846
3.44893
0.3328
0.0459412
0.0173554
3.45164
0.335513
0.0496281
0.014776
3.45257
0.339819
0.058288
0.0196443
3.44751
0.328971
0.0448028
0.0205779
3.45081
0.327083
0.0486231
0.0221748
3.45049
0.331378
0.0443021
0.0250655
3.4488
0.329901
0.0450128
0.021926
3.45263
0.330217
0.0452631
0.0253791
3.45214
0.328489
0.0489522
0.0131106
3.45113
0.330149
0.0503963
0.0218665
3.45446
0.3317
0.047805
0.0198283
3.45109
0.339075
0.046835
0.023852
3.44872
0.327055
0.0513306
0.0294916
3.45237
0.333746
0.0464814
0.013004
3.45188
0.327907
0.0506493
0.0154117
3.45246
0.328985
0.0528045
0.0187041
3.4478
0.33974
0.0463496
0.0236198
3.44765
0.326909
0.0540661
0.022212
3.4491
0.326072
0.0466412
0.0173533
3.4485
0.32644
0.0523027
0.0255062
3.4529
0.331531
0.052991
0.0150583
3.44853
0.333169
0.0539099
0.0160644
3.4521
0.339027
0.0509196
0.0227023
3.45372
0.326755
0.0487457
0.020478
3.4536
0.330681
0.051422
0.0201895
3.44834
0.331533
0.0491466
0.0136444
3.44992
0.326423
0.0420251
0.0195725
3.45746
0.327377
0.0448348
0.0270761
3.45546
0.335471
0.049903
0.0249541
3.4507
0.33401
0.0428068
0.0207456
3.4494
0.329868
0.0432994
0.0143435
3.45422
0.332796
0.0414404
0.0215358
3.4541
0.323567
0.0486622
0.0236134
3.45026
0.338134
0.0525551
0.0206874
3.45132
0.33187
0.0508398
0.0167263
3.45142
0.337459
0.0542433
0.0226133
3.45218
0.329332
0.0472626
0.0212874
3.44872
0.341316
0.048777
0.0142219
3.44843
0.334708
0.045287
0.0122545
3.45157
0.338971
0.0452142
0.019787
3.45247
0.328728
0.0436886
0.0150443
3.44871
0.324985
0.0530282
0.0224399
3.44797
0.333755
0.0470179
0.0209709
3.45173
0.338295
0.0513718
0.0220525
3.45774
0.330129
0.0492698
0.0205401
3.44981
0.330814
0.0430271
0.0154584
3.44297
0.33549
0.0554588
0.0161496
3.45302
0.323945
0.0426208
0.0241608
3.45111
0.334946
0.0541361
0.0213335
3.46094
0.328565
0.0417127
0.0150463
3.45002
0.330759
0.0525762
0.0142926
3.44949
0.328058
0.0551613
0.0202186
3.45061
0.332961
0.0517797
0.0236035
3.45339
0.334409
0.0442339
0.0214454
3.45406
0.348463
0.0527026
0.0167431
3.44795
0.329685
0.0514132
0.025013
3.44848
0.331263
0.0464078
0.0251919
3.4457
0.332764
0.0556793
0.0173335
3.44387
0.335411
0.0447937
0.0258473
3.45024
0.327646
0.0455938
0.0207065
3.45032
0.335885
0.04776
0.0244109
3.44839
0.32849
0.0503654
0.0195746
3.44973
0.334523
0.0469212
0.017702
3.45095
0.332052
0.04893
0.0207838
3.45043
0.333662
0.0506491
0.0142716
3.4526
0.33897
0.0476882
0.0238174
3.45851
0.329944
0.0493635
0.0196428
3.452
0.326475
0.0509677
0.0235878
3.44942
0.330021
0.0482836
0.0254862
3.44659
0.331122
0.0523155
0.0250399
3.44878
0.328913
0.0501956
0.0218153
3.46084
0.339195
0.0491645
0.0141652
3.44741
0.332967
0.0421395
0.0164752
3.45201
0.339092
0.0534955
0.0222729
3.45032
0.335753
0.0537363
0.0129834
3.44571
0.323987
0.044535
0.0205709
3.44731
0.340265
0.0467981
0.0189611
3.45662
0.333092
0.0408445
0.02507
3.45156
0.32529
0.0481745
0.0205084
3.45455
0.337004
0.0509903
0.0120823
3.4475
0.332738
0.0493968
0.025732
3.45269
0.334082
0.0491271
0.0200939
3.45419
0.324639
0.0433271
0.0244361
3.45481
0.337431
0.0454262
0.0236332
3.45148
0.327403
0.0469905
0.0250791
3.45205
0.32918
0.0489678
0.0157196
3.45211
0.334336
0.0457692
0.0195944
3.44838
0.331828
0.0444642
0.014385
3.45156
0.3256
0.0500768
0.0158556
3.45136
0.326991
0.0500301
0.017539
3.45017
0.331604
0.0518967
0.020801
3.44604
0.335481
0.0469463
0.0209585
3.45426
0.334405
0.0485265
0.0176641
3.45302
0.327648
0.0491247
0.0219068
3.45051
0.332757
0.0444035
0.02303
3.4469
0.331815
0.048125
0.0234765
3.44616
0.330579
0.0524266
0.0177652
3.44585
0.332421
0.0406418
0.0237325
3.44953
0.33017
0.0435097
0.0151494
3.45193
0.329014
0.0458261
0.0188864
3.44812
0.330866
0.0415814
0.0168381
3.44762
0.326163
0.0432053
0.0225669
3.45444
0.328977
0.0437406
0.0200778
3.45298
0.333314
0.0455064
0.0234961
3.4478
0.326311
0.0467389
0.0224129
3.45204
0.331115
0.0442883
0.017271
3.45224
0.328629
0.0464745
0.0268479
3.45587
0.327317
0.049651
0.0187767
3.45655
0.345256
0.0534361
0.0164568
3.45342
0.337
0.0491052
0.0178949
3.45335
0.331908
0.0511716
0.0203529
3.45434
0.337333
0.0496245
0.0179672
3.44608
0.322079
0.0407133
0.0217854
3.45257
0.334512
0.0530957
0.0266872
3.45063
0.330055
0.0495398
0.0145327
3.44665
0.323178
0.0481936
0.0198629
3.44548
0.331096
0.0556025
0.0156184
3.45301
0.332334
0.0483716
0.0205097
3.44682
0.331927
0.0488042
0.0187307
3.45231
0.332959
0.0468593
0.0184153
3.45021
0.328007
0.0442356
0.0155564
3.44512
0.329834
0.051439
0.0137632
3.45077
0.338636
0.0508842
0.0237781
3.45371
0.33874
0.0492125
0.01676
3.45732
0.326483
0.0543706
0.0208505
3.44601
0.333683
0.0458671
0.0187396
3.45395
0.333915
0.0409708
0.0167185
3.4475
0.328129
0.0421229
0.016989
3.45463
0.334493
0.0439807
0.0186058
3.44998
0.329986
0.0528543
0.0243832
3.45255
0.330342
0.0511579
0.0188269
3.45112
0.334338
0.040856
0.0168614
3.45088
0.337749
0.0514228
0.0285294
3.45582
0.332139
0.0462407
0.0209125
3.45472
0.330759
0.0484646
0.0196444
3.45697
0.338735
0.056208
0.0166321
3.45024
0.327823
0.0452823
0.0219486
3.45074
0.328934
0.0502128
0.0202737
3.44936
0.33127
0.0549311
0.0282489
3.45034
0.336539
0.0434544
0.0218772
3.45168
0.332984
0.0540331
0.0155421
3.44198
0.32556
0.0522628
0.0219409
3.44526
0.331018
0.0475355
0.0168925
3.45003
0.330015
0.0456944
0.0136109
3.44798
0.321471
0.0432116
0.0225674
3.45032
0.333443
0.0477352
0.0211007
3.44817
0.325095
0.0532205
0.0207754
3.4488
0.329772
0.0467532
0.0227094
3.44647
0.334732
0.0536247
0.0225106
3.44899
0.328596
0.0455266
0.0202439
3.45021
0.334892
0.0451281
0.0212086
3.4505
0.327978
0.0524922
0.0263668
3.44852
0.333522
0.0499485
0.0220462
3.45443
0.329221
0.0507523
0.01962
3.449
0.330343
0.0454506
0.0218631
3.44636
0.322286
0.0481293
0.0251892
3.45243
0.332197
0.0545337
0.0187401
3.45436
0.3323
0.0460338
0.0225117
3.45186
0.328789
0.0437539
0.0191696
3.44635
0.333283
0.0597123
0.0222982
3.45028
0.329088
0.0536436
0.018116
3.44548
0.334443
0.0488999
0.0204956
3.45056
0.330777
0.045134
0.0175422
3.44931
0.325172
0.0522118
0.0203642
3.44905
0.337247
0.0484593
0.0185428
3.45354
0.328292
0.0485007
0.0232848
3.44654
0.338812
0.0481322
0.0167383
3.45163
0.3321
0.0429091
0.0209902
3.45688
0.34081
0.0455083
0.0237298
3.4501
0.333167
0.0523028
0.0201904
3.44946
0.329113
0.0456305
0.0221714
3.44726
0.330372
0.0528253
0.021261
3.44809
0.333139
0.0512547
0.0154405
3.45006
0.331405
0.0487747
0.028351
3.45035
0.34038
0.0549417
0.0207369
3.45565
0.336221
0.0448779
0.0152455
3.44651
0.328114
0.0532934
0.0220753
3.45241
0.334149
0.0477657
0.0301878
3.44754
0.338534
0.0470974
0.0183936
3.4496
0.332906
0.0473317
0.0231334
3.45004
0.337769
0.0468787
0.0238491
3.45018
0.328638
0.0554343
0.0200956
3.45278
0.336855
0.04933
0.0198913
3.44774
0.332406
0.0482041
0.021256
3.45165
0.330673
0.0510086
0.0214755
3.45067
0.334998
0.0575275
0.0233257
3.44839
0.329752
0.0511552
0.021157
3.45425
0.326449
0.0533813
0.0188367
3.45037
0.332037
0.0490593
0.0212855
3.45124
0.325298
0.042151
0.0151852
3.45052
0.330238
0.0470972
0.0189635
3.4553
0.333897
0.0493993
0.0141946
3.45334
0.324007
0.0425594
0.0184028
3.45304
0.333209
0.0516667
0.017013
3.45407
0.326171
0.0481536
0.0219658
3.45291
0.330492
0.0456162
0.0238869
3.46006
0.335684
0.0522149
0.0267017
3.44944
0.334637
0.0461504
0.0246727
3.45399
0.326514
0.0530046
0.0193112
3.45451
0.339233
0.0500764
0.0195435
3.44596
0.329423
0.0469649
0.0186216
3.4509
0.326409
0.050678
0.0174613
3.45009
0.330031
0.0474542
0.0169187
3.44688
0.329838
0.0478113
0.0183934
3.45005
0.336203
0.0449879
0.0208531
3.4518
0.332735
0.0523709
0.0213327
3.44713
0.33175
0.0396551
0.0153506
3.45126
0.330562
0.0443758
0.0203506
3.452
0.332926
0.0442454
0.0189861
3.44886
0.334044
0.0517049
0.0199261
3.44803
0.336704
0.0559133
0.0263037
3.44684
0.32839
0.044478
0.0176772
3.4446
0.326262
0.0492829
0.0168932
3.44995
0.331693
0.0464791
0.0264598
3.45014
0.329018
0.0426865
0.0165592
3.45559
0.339206
0.0458292
0.0183548
3.44447
0.331877
0.0461919
0.0178004
3.45012
0.328987
0.0426988
0.0202425
3.45137
0.329592
0.0477695
0.017723
3.455
0.333864
0.0453468
0.0198426
3.4567
0.321971
0.0487579
0.0212344
3.44818
0.332058
0.0430572
0.0172831
3.45216
0.326428
0.0468065
0.0154143
3.44806
0.334603
0.0444861
0.0214917
3.45244
0.33169
0.0469142
0.0239726
3.45492
0.333725
0.0493208
0.0220041
3.44558
0.332275
0.0422522
0.0148076
3.4485
0.328907
0.0546824
0.0185115
3.44809
0.337202
0.0438086
0.0236362
3.45001
0.325165
0.0494407
0.0228064
3.44881
0.331819
0.049905
0.0174504
3.46443
0.329743
0.0499826
0.0163547
3.44676
0.322691
0.0407971
0.0245173
3.45065
0.332202
0.0467218
0.0233716
3.45039
0.336597
0.0490815
0.0192807
3.44621
0.333731
0.0471127
0.0271661
3.44858
0.326235
0.044025
0.015249
3.45128
0.32792
0.0469011
0.0244332
3.45364
0.329697
0.0483528
0.0180216
3.44921
0.336606
0.0402064
0.0233335
3.44929
0.347379
0.0470177
0.0194899
3.45256
0.326278
0.0497019
0.0321003
3.45543
0.329343
0.0409749
0.0139127
3.45417
0.33682
0.0489533
0.0139657
3.45268
0.32806
0.0426775
0.0203816
3.45366
0.325997
0.0519617
0.0134157
3.45335
0.334636
0.0484772
0.01515
3.44681
0.333479
0.0473613
0.0193587
3.4515
0.328626
0.0502228
0.0186883
3.45438
0.328675
0.0481595
0.0167203
3.44983
0.330052
0.0510325
0.0207511
3.4487
0.32958
0.044327
0.0198721
3.45513
0.336504
0.0489581
0.020819
3.45021
0.329533
0.0513678
0.0163057
3.44901
0.327058
0.0464241
0.015572
3.4472
0.326989
0.0400633
0.0208475
3.45042
0.331823
0.0485194
0.016053
3.44991
0.33227
0.0493135
0.0187394
3.44974
0.331139
0.0526984
0.0168
3.44901
0.328421
0.0436561
0.0199945
3.45632
0.329105
0.0451281
0.0236692
3.44757
0.330895
0.0492542
0.027235
3.4459
0.332172
0.0443007
0.0171352
3.45165
0.33612
0.0497076
0.0133138
3.44679
0.329406
0.0438597
0.015594
3.45214
0.329113
0.0478933
0.019643
3.44879
0.332335
0.0490332
0.0164558
3.45675
0.333016
0.0455278
0.0207273
3.44914
0.328751
0.0479075
0.0185899
3.45754
0.332102
0.0432741
0.0196854
3.45519
0.328431
0.0449812
0.0189651
3.45185
0.330533
0.0493857
0.0208219
3.45027
0.333121
0.0480224
0.0152376
3.44718
0.339329
0.0450003
0.0223343
3.44946
0.327691
0.04747
0.0199251
3.44528
0.335374
0.0468304
0.0194002
3.45536
0.32284
0.0414824
0.0205159
3.44704
0.330807
0.047155
0.0211753
3.4478
0.326176
0.0538691
0.0265607
3.45168
0.329922
0.051854
0.0176666
3.45175
0.333543
0.0505952
0.025164
3.45246
0.324862
0.0502622
0.0163636
3.44994
0.330768
0.0395577
0.0227165
3.44993
