0
2.04669
1.88552
1.72389
1.78584
1.63478
1.47992
1.33756
1.44564
1.32378
1.19922
1.08944
1.23409
1.14026
1.03415
0.928501
1.10099
1.02194
0.92489
0.836195
1.02864
0.957328
0.863283
0.784136
0.99254
0.919287
0.83193
0.752763
0.969994
0.900928
0.81744
0.736627
0.965799
0.897015
0.811552
0.732903
0.969518
0.901005
0.818701
0.73516
0.982076
0.915404
0.825563
0.7449
0.997152
0.92793
0.840303
0.754865
1.01401
0.944103
0.85565
0.772584
1.04009
0.965884
0.872367
0.782814
1.05312
0.977333
0.884495
0.794634
1.06636
0.992648
0.89363
0.805921
1.07979
1.00027
0.904472
0.813682
1.09041
1.01459
0.915735
0.82355
1.10382
1.02616
0.930036
0.837203
1.12098
1.04048
0.937378
0.842386
1.12996
1.04802
0.944379
0.851788
1.14123
1.05792
0.954859
0.860995
1.15621
1.07373
0.970253
0.870944
1.1663
1.08242
0.975791
0.874844
1.17342
1.08873
0.983466
0.885383
1.18651
1.1024
0.99126
0.890853
1.19308
1.10785
1.00048
0.898936
1.20137
1.11492
1.00374
0.904665
1.20755
1.12068
1.01194
0.911801
1.21807
1.12747
1.0133
0.909654
1.21966
1.13121
1.02168
0.917649
1.22694
1.13322
1.02088
0.919831
1.23189
1.13868
1.02491
0.920509
1.23244
1.14442
1.03086
0.926526
1.23872
1.1527
1.03859
0.930934
1.24349
1.15369
1.04086
0.93467
1.24946
1.16192
1.04971
0.946452
1.26042
1.16822
1.05148
0.944638
1.2616
1.1708
1.05213
0.949631
1.26661
1.17614
1.05781
0.944494
1.25944
1.16715
1.05505
0.94571
1.26202
1.17146
1.05367
0.944726
1.26318
1.17228
1.05736
0.949912
1.2668
1.17136
1.05553
0.947822
1.26476
1.17346
1.05744
0.952287
1.27011
1.17619
1.05551
0.947945
1.26454
1.17378
1.05691
0.947954
1.26644
1.17522
1.05758
0.949693
1.27018
1.17646
1.06046
0.951268
1.27079
1.17781
1.06072
0.952285
1.2737
1.18206
1.06597
0.960653
1.27784
1.18425
1.06584
0.957321
1.27673
1.18357
1.06719
0.962176
1.27985
1.18649
1.07095
0.962595
1.28168
1.18574
1.06688
0.958728
1.27616
1.18487
1.06769
0.957299
1.27609
1.18309
1.06603
0.957763
1.27507
1.18046
1.06417
0.953352
1.27499
1.1822
1.06659
0.955955
1.27866
1.18836
1.07059
0.964119
1.28528
1.1927
1.07484
0.96636
1.2866
1.19481
1.07163
0.964669
1.28581
1.19081
1.07228
0.96319
1.28375
1.19234
1.07348
0.965527
1.28549
1.19284
1.07511
0.968212
1.2879
1.19385
1.07737
0.968644
1.29197
1.19795
1.07656
0.963112
1.28221
1.18863
1.0713
0.960441
1.28196
1.18707
1.07318
0.962474
1.28377
1.18689
1.06915
0.958584
1.27906
1.18726
1.06897
0.961293
1.27926
1.18806
1.07122
0.963028
1.28536
1.19006
1.0709
0.961221
1.28265
1.19086
1.07331
0.96466
1.2845
1.18845
1.07038
0.96428
1.28447
1.18903
1.07348
0.964613
1.2834
1.19091
1.07387
0.96646
1.28827
1.19167
1.07427
0.965631
1.28637
1.19569
1.07781
0.968999
1.2877
1.19423
1.07591
0.9665
1.28997
1.19858
1.07912
0.970094
1.29138
1.19613
1.076
0.965286
1.28588
1.19161
1.07386
0.963168
1.28414
1.18798
1.07466
0.967094
1.28859
1.19701
1.07885
0.969421
1.29193
1.19625
1.07959
0.97138
1.29224
1.19584
1.07685
0.96636
1.28897
1.19236
1.07312
0.963721
1.28424
1.19454
1.07737
0.968845
1.29137
1.19744
1.08209
0.971541
1.29131
1.20083
1.08005
0.970255
1.29335
1.19861
1.07872
0.96811
1.29221
1.2007
1.08152
0.972614
1.2938
1.19983
1.07961
0.969869
1.29204
1.19887
1.07976
0.973908
1.29433
1.19974
1.08468
0.976749
1.29892
1.20496
1.08386
0.975836
1.2936
1.19706
1.08037
0.970267
1.29211
1.19465
1.08084
0.972339
1.29384
1.20091
1.0818
0.969721
1.29011
1.19722
1.07757
0.968458
1.28912
1.19297
1.0707
0.960086
1.28522
1.18946
1.07171
0.963915
1.2844
1.19007
1.07266
0.965572
1.28464
1.19333
1.0771
0.966458
1.28982
1.19614
1.07666
0.967005
1.28676
1.19528
1.07658
0.967268
1.28882
1.19322
1.07547
0.964565
1.28163
1.18998
1.07537
0.963581
1.28495
1.19343
1.07644
0.967278
1.28958
1.19732
1.07973
0.970325
1.29313
1.19962
1.0814
0.970875
1.29211
1.19747
1.07727
0.966421
1.28895
1.1957
1.07803
0.968255
1.29197
1.19689
1.08106
0.972113
1.2935
1.19937
1.08118
0.972843
1.29579
1.19668
1.07638
0.965775
1.288
1.19458
1.07677
0.970694
1.29236
1.19369
1.07497
0.968479
1.28788
1.19558
1.07556
0.967199
1.2871
1.19405
1.07741
0.968456
1.28742
1.19526
1.07793
0.969445
1.28916
1.19321
1.06887
0.959326
1.28344
1.18805
1.07323
0.964736
1.28609
1.19311
1.0761
0.965983
1.28515
1.18948
1.07087
0.963507
1.28839
1.19698
1.08114
0.969784
1.29073
1.19643
1.0786
0.967419
1.28838
1.19476
1.07509
0.966693
1.28922
1.19493
1.07474
0.966368
1.28672
1.19261
1.07226
0.96308
1.28184
1.18707
1.06915
0.960018
1.28207
1.1892
1.07185
0.963772
1.28451
1.19201
1.07584
0.966324
1.2881
1.19686
1.07796
0.970541
1.29273
1.20146
1.08188
0.975224
1.29642
1.20142
1.081
0.973005
1.2917
1.19877
1.08051
0.968945
1.29017
1.19434
1.07824
0.970251
1.2937
1.1992
1.08068
0.969415
1.28979
1.19446
1.07654
0.970094
1.28761
1.19084
1.07212
0.962588
1.28415
1.1927
1.07505
0.966821
1.28665
1.19287
1.07384
0.964126
1.28802
1.19301
1.07645
0.968463
1.29093
1.19735
1.08034
0.970347
1.2922
1.19549
1.07566
0.96568
1.28703
1.19406
1.07607
0.966047
1.28595
1.19391
1.07509
0.966002
1.28704
1.19436
1.07806
0.968483
1.29045
1.20086
1.08402
0.97339
1.29414
1.20333
1.08438
0.97429
1.29444
1.20247
1.08076
0.96863
1.28781
1.19702
1.07711
0.969004
1.28813
1.19081
1.06922
0.961128
1.2844
1.19248
1.07327
0.962563
1.28535
1.19095
1.07391
0.967483
1.29012
1.19715
1.07668
0.965996
1.28829
1.19455
1.07474
0.964239
1.28511
1.19449
1.07609
0.966403
1.29
1.19449
1.07466
0.963332
1.28636
1.1925
1.07413
0.965824
1.28636
1.1934
1.06842
0.960153
1.28337
1.19017
1.07316
0.965959
1.28944
1.19698
1.07609
0.963938
1.28694
1.19275
1.07473
0.967082
1.28709
1.19319
1.07353
0.964419
1.28427
1.19185
1.07411
0.963961
1.28576
1.19539
1.07376
0.963528
1.2839
1.18961
1.07388
0.962934
1.28544
1.1898
1.07185
0.961745
1.28298
1.19495
1.07534
0.962278
1.28285
1.18835
1.07016
0.962686
1.28289
1.18827
1.07126
0.96451
1.28526
1.19514
1.07587
0.964367
1.28836
1.19656
1.07828
0.970624
1.29207
1.20076
1.08289
0.973415
1.29204
1.19692
1.07514
0.964949
1.28764
1.19374
1.07348
0.963368
1.28565
1.19572
1.07722
0.966954
1.29145
1.19786
1.07824
0.970928
1.29094
1.19967
1.08076
0.970118
1.29135
1.19692
1.07908
0.968538
1.29102
1.19961
1.08398
0.971988
1.29353
1.19869
1.07924
0.968166
1.28998
1.198
1.07801
0.967939
1.28625
1.19267
1.07653
0.966025
1.28848
1.19718
1.07939
0.969399
1.28901
1.19268
1.07318
0.96056
1.28044
1.18925
1.07012
0.960658
1.28401
1.19413
1.07295
0.961293
1.28382
1.18787
1.06944
0.9639
1.28809
1.19578
1.07766
0.966816
1.29009
1.19808
1.07663
0.966785
1.28863
1.1945
1.0786
0.970145
1.29006
1.19838
1.08132
0.970465
1.28887
1.19605
1.07831
0.964857
1.28727
1.19232
1.07377
0.965933
1.28667
1.19551
1.07569
0.965355
1.28754
1.19296
1.07328
0.964731
1.28458
1.19288
1.07637
0.966654
1.28765
1.19606
1.0753
0.966774
1.28663
1.19247
1.07481
0.962852
1.28609
1.19275
1.07359
0.966364
1.28831
1.19792
1.08098
0.970589
1.29265
1.19417
1.07745
0.968606
1.28931
1.19414
1.07402
0.965099
1.28724
1.19339
1.07239
0.961811
1.28427
1.19154
1.07191
0.96391
1.28444
1.18927
1.06734
0.95751
1.27655
1.18273
1.06595
0.958485
1.28334
1.19035
1.06928
0.960685
1.28305
1.18986
1.07318
0.964466
1.28436
1.19338
1.07122
0.962916
1.28349
1.19279
1.07453
0.962353
1.28468
1.1898
1.07354
0.963759
1.28551
1.19377
1.07868
0.966031
1.28667
1.1915
1.07274
0.961992
1.28295
1.19335
1.07347
0.964219
1.28763
1.19256
1.07526
0.963809
1.28674
1.19387
1.07612
0.96641
1.28841
1.19448
1.07679
0.96599
1.28867
1.19732
1.07737
0.967683
1.28962
1.19654
1.07852
0.969814
1.29169
1.19769
1.07857
0.968458
1.28861
1.19335
1.07467
0.963145
1.28842
1.19505
1.07445
0.965029
1.28889
1.1964
1.07441
0.966459
1.28897
1.19684
1.08063
0.971654
1.29411
1.19658
1.07776
0.965623
1.28761
1.19719
1.07598
0.961913
1.28514
1.19006
1.06882
0.95937
1.27979
1.18866
1.07009
0.960271
1.28311
1.19017
1.07117
0.965347
1.29028
1.20086
1.0809
0.973718
1.29444
1.19985
1.0797
0.968876
1.29056
1.19915
1.08067
0.970631
1.29155
1.19733
1.07725
0.969328
1.29052
1.19459
1.07692
0.968452
1.28638
1.19628
1.07789
0.965884
1.28871
1.19239
1.07335
0.964021
1.28692
1.19182
1.07108
0.960855
1.28102
1.18876
1.06998
0.962384
1.28588
1.19097
1.07224
0.965847
1.28879
1.19448
1.07334
0.96358
1.28438
1.19131
1.07425
0.963116
1.2852
1.19469
1.07497
0.958584
1.28087
1.18639
1.06775
0.959574
1.28367
1.19048
1.07122
0.958966
1.28042
1.18674
1.06717
0.957934
1.27984
1.18714
1.07134
0.961202
1.28095
1.18824
1.06789
0.961076
1.28236
1.19045
1.07037
0.960641
1.28117
1.18736
1.07117
0.961806
1.28542
1.1918
1.07566
0.966642
1.29022
1.19222
1.07353
0.965567
1.28744
1.19456
1.07732
0.972113
1.29379
1.19939
1.07909
0.969984
1.29334
1.2017
1.08497
0.975981
1.29737
1.20266
1.08369
0.97508
1.29936
1.20598
1.08735
0.979321
1.29972
1.2057
1.088
0.976223
1.29743
1.205
1.08701
0.974683
1.29408
1.19867
1.08064
0.971497
1.29155
1.19691
1.07696
0.966832
1.28791
1.19112
1.07391
0.963374
1.28509
1.19013
1.07095
0.96266
1.285
1.19505
1.07553
0.965659
1.28814
1.19058
1.07207
0.962214
1.28391
1.18914
1.07006
0.96204
1.28361
1.19225
1.07453
0.96551
1.28852
1.19171
1.07577
0.967343
1.28617
1.19141
1.07223
0.963867
1.28376
1.19192
1.0711
0.961431
1.28462
1.19269
1.07584
0.969321
1.29024
1.19971
1.08187
0.972527
1.29395
1.1999
1.08048
0.973721
1.29615
1.20461
1.08588
0.974681
1.29479
1.20144
1.08303
0.974467
1.29772
1.2021
1.08715
0.977134
1.29793
1.2063
1.08714
0.977688
1.29797
1.20326
1.08278
0.972699
1.29479
1.1985
1.07527
0.965066
1.2891
1.19592
1.07814
0.968364
1.29155
1.19986
1.08114
0.973472
1.29396
1.20048
1.08271
0.973603
1.29449
1.20292
1.07865
0.971414
1.28979
1.19661
1.07917
0.970976
1.29057
1.19435
1.0744
0.963494
1.28461
1.19146
1.07228
0.963143
1.28807
1.1921
1.07376
0.963958
1.28303
1.18654
1.07047
0.959497
1.28334
1.19175
1.07418
0.962331
1.28277
1.19182
1.07117
0.962222
1.28247
1.18823
1.06701
0.95824
1.28114
1.18696
1.06831
0.959851
1.28407
1.1908
1.07414
0.964618
1.28674
1.1929
1.07542
0.964387
1.28622
1.19152
1.0734
0.966913
1.28844
1.1967
1.07991
0.969509
1.29092
1.19698
1.07685
0.967448
1.28835
1.19642
1.07681
0.970917
1.29257
1.19878
1.07907
0.971153
1.29323
1.19834
1.07759
0.96973
1.2907
1.19966
1.08016
0.969582
1.29073
1.19559
1.07661
0.967702
1.28818
1.19556
1.07664
0.965312
1.28724
1.19185
1.07541
0.968168
1.28909
1.20033
1.08223
0.973619
1.29079
1.19686
1.07821
0.967182
1.2881
1.1943
1.07462
0.967011
1.28746
1.19204
1.07285
0.963572
1.28402
1.19361
1.07576
0.966184
1.28717
1.19398
1.07257
0.962294
1.28499
1.19176
1.07392
0.966232
1.28853
1.19808
1.08215
0.968237
1.28894
1.19453
1.07425
0.967741
1.28813
1.19367
1.07513
0.963683
1.28702
1.19741
1.07708
0.965238
1.2874
1.19383
1.07373
0.962494
1.28497
1.19103
1.07334
0.963677
1.28682
1.19401
1.07531
0.966513
1.28741
1.19441
1.07439
0.966847
1.29022
1.19243
1.07694
0.966935
1.28969
1.19398
1.07661
0.963758
1.28487
1.19438
1.07714
0.967947
1.28928
1.19438
1.07643
0.964212
1.2852
1.18911
1.07406
0.963457
1.287
1.19235
1.07714
0.968412
1.29035
1.1956
1.07862
0.968483
1.28953
1.19492
1.07629
0.967522
1.28689
1.19252
1.07151
0.962588
1.28298
1.18873
1.07187
0.964038
1.28722
1.19001
1.07059
0.962686
1.28641
1.19505
1.07501
0.965744
1.28776
1.19396
1.07555
0.967775
1.28586
1.19051
1.07193
0.962663
1.28368
1.18904
1.0707
0.96033
1.28144
1.18966
1.07123
0.961351
1.28277
1.18629
1.07314
0.964336
1.28374
1.18881
1.07245
0.965057
1.28624
1.19077
1.07499
0.967908
1.29066
1.19431
1.07641
0.963584
1.28762
1.19446
1.0748
0.961597
1.28241
1.19121
1.07517
0.966381
1.28716
1.19384
1.07554
0.96474
1.28557
1.19055
1.07094
0.96273
1.28602
1.19396
1.07588
0.964751
1.28635
1.19402
1.07757
0.96792
1.2894
1.19486
1.07226
0.963683
1.2859
1.19258
1.07484
0.962563
1.28176
1.18827
1.07096
0.961838
1.28161
1.18258
1.06647
0.957611
1.28175
1.18896
1.0694
0.9603
1.27977
1.18974
1.07152
0.963138
1.28622
1.19489
1.07607
0.964887
1.2873
1.1949
1.07826
0.968448
1.28881
1.19737
1.07711
0.967015
1.28848
1.19397
1.07892
0.969399
1.28931
1.19507
1.07463
0.967705
1.29117
1.19527
1.07446
0.965106
1.28485
1.19378
1.07564
0.968604
1.2914
1.19636
1.0769
0.966092
1.28505
1.19378
1.07833
0.970039
1.29145
1.19879
1.08119
0.97067
1.28956
1.19184
1.07253
0.963803
1.28389
1.19153
1.07395
0.962998
1.286
1.18945
1.07302
0.963932
1.28466
1.19082
1.07193
0.960339
1.28092
1.19152
1.07577
0.965992
1.2855
1.1902
1.07365
0.96499
1.2874
1.19447
1.07403
0.965891
1.28472
1.18942
1.0696
0.960715
1.28207
1.18835
1.07005
0.959772
1.28338
1.19054
1.0726
0.964487
1.28915
1.19777
1.07805
0.969773
1.28912
1.1957
1.07694
0.967675
1.29104
1.19943
1.07876
0.968882
1.29031
1.19848
1.08144
0.969906
1.29132
1.19648
1.07768
0.969592
1.29174
1.199
1.07882
0.968881
1.29044
1.19697
1.07726
0.964957
1.28709
1.19152
1.07426
0.966433
1.28558
1.19127
1.07213
0.965249
1.28669
1.19084
1.07617
0.965987
1.28522
1.19411
1.07513
0.969158
1.28975
1.1944
1.0754
0.968562
1.28883
1.19521
1.0789
0.967773
1.29181
1.20025
1.08167
0.9709
1.29005
1.19418
1.07697
0.96697
1.28854
1.19486
1.07625
0.96805
1.28886
1.19466
1.07308
0.961602
1.28334
1.19144
1.07652
0.968445
1.28915
1.19659
1.07745
0.964996
1.28582
1.18953
1.06881
0.960803
1.28437
1.19045
1.07454
0.961903
1.28574
1.19049
1.0711
0.963557
1.28572
1.18998
1.07041
0.959164
1.28275
1.18852
1.071
0.96288
1.28187
1.18741
1.07184
0.963553
1.28426
1.19243
1.07289
0.964649
1.28669
1.18889
1.07354
0.963798
1.28406
1.19216
1.07584
0.965354
1.28592
1.19359
1.07465
0.967058
1.28644
1.19363
1.07477
0.965382
1.28756
1.19422
1.07447
0.963881
1.28633
1.19339
1.07374
0.9638
1.28415
1.19169
1.07358
0.96678
1.29092
1.19931
1.07898
0.969143
1.29189
1.20129
1.07996
0.969916
1.28959
1.19718
1.08124
0.969725
1.29009
1.19905
1.08161
0.971026
1.29367
1.19904
1.08148
0.970303
1.28957
1.1955
1.07434
0.966376
1.28671
1.19536
1.07773
0.969607
1.28777
1.19228
1.07322
0.962727
1.28268
1.18879
1.07053
0.962338
1.28501
1.19107
1.07385
0.966026
1.28923
1.19602
1.08018
0.969741
1.29273
1.1991
1.07798
0.968314
1.29121
1.19327
1.07462
0.96507
1.28709
1.19517
1.07806
0.967063
1.28963
1.19475
1.07736
0.965206
1.28659
1.19446
1.07569
0.966974
1.28865
1.19418
1.07221
0.962647
1.28393
1.19163
1.07138
0.962071
1.28381
1.19158
1.07139
0.963075
1.28616
1.19026
1.07321
0.96542
1.28742
1.19637
1.08005
0.970838
1.29365
1.19783
1.07734
0.967657
1.28792
1.19372
1.0747
0.965491
1.28621
1.19532
1.07891
0.968816
1.28699
1.19285
1.07519
0.967625
1.28867
1.1952
1.07678
0.966059
1.28855
1.19438
1.07247
0.965618
1.28532
1.19287
1.07608
0.96804
1.28698
1.19168
1.07182
0.963607
1.28567
1.19064
1.07401
0.964211
1.28777
1.19376
1.07723
0.965601
1.28759
1.19554
1.07858
0.969602
1.28978
1.19676
1.076
0.965981
1.28835
1.19574
1.07836
0.971178
1.2918
1.19959
1.08111
0.970373
1.29061
1.19559
1.0755
0.966239
1.29119
1.19354
1.07674
0.969794
1.29218
1.19471
1.07607
0.967624
1.2883
1.19415
1.07583
0.963109
1.28454
1.19505
1.07503
0.964331
1.28649
1.1914
1.07368
0.967131
1.28846
1.19513
1.07655
0.964699
1.28833
1.19473
1.07437
0.965207
1.28684
1.19587
1.07756
0.964965
1.2884
1.19318
1.07828
0.968064
1.29076
1.19314
1.0716
0.961575
1.28345
1.19241
1.07519
0.966176
1.2847
1.19108
1.07573
0.965552
1.2867
1.19239
1.07662
0.968069
1.29027
1.19542
1.0768
0.966811
1.28842
1.19178
1.07381
0.962469
1.28471
1.1914
1.07476
0.963635
1.28669
1.19267
1.07375
0.964397
1.28684
1.19605
1.07861
0.967327
1.29001
1.20053
1.08032
0.971878
1.29439
1.1997
1.07762
0.965351
1.28806
1.19344
1.07541
0.965604
1.28782
1.19492
1.07359
0.965069
1.28883
1.19544
1.07549
0.96787
1.28823
1.1969
1.07831
0.968138
1.28962
1.1952
1.07628
0.968305
1.28843
1.19228
1.07577
0.968373
1.29041
1.19683
1.07908
0.971114
1.29059
1.19979
1.08077
0.971405
1.29283
1.19835
1.07994
0.970263
1.28842
1.1937
1.07209
0.963388
1.28607
1.18949
1.07128
0.960402
1.28134
1.18775
1.07337
0.963725
1.28835
1.19254
1.07646
0.966395
1.28562
1.19424
1.07702
0.966048
1.28679
1.19387
1.07669
0.968371
1.29007
1.1936
1.07513
0.965402
1.28883
1.19715
1.07478
0.965778
1.28673
1.18988
1.07325
0.965297
1.28847
1.19627
1.07725
0.968138
1.29102
1.20034
1.08246
0.97323
1.29229
1.19848
1.07774
0.971133
1.29004
1.19882
1.08225
0.975056
1.29364
1.19495
1.07871
0.969269
1.2909
1.1971
1.07647
0.970318
1.29154
1.19335
1.07419
0.965991
1.2878
1.19782
1.07951
0.970915
1.29279
1.19786
1.07799
0.970195
1.2873
1.19447
1.07716
0.966452
1.28661
1.19268
1.07336
0.964184
1.28848
1.19412
1.07847
0.967567
1.28876
1.19757
1.07859
0.968916
1.28937
1.19561
1.0792
0.971308
1.29139
1.19622
1.07614
0.965035
1.28159
1.18935
1.06944
0.957938
1.2811
1.18645
1.0669
0.957092
1.27759
1.18247
1.06734
0.960849
1.28299
1.18548
1.0698
0.960751
1.28258
1.1913
1.07134
0.964917
1.2833
1.18788
1.07113
0.965093
1.28914
1.19633
1.07897
0.970505
1.29257
1.2014
1.08433
0.975115
1.29771
1.20215
1.08518
0.974496
1.29496
1.20021
1.0816
0.97062
1.29279
1.19956
1.07616
0.966906
1.28899
1.19283
1.07284
0.963344
1.28555
1.19264
1.0733
0.965585
1.28518
1.19032
1.07366
0.964182
1.28623
1.19075
1.07238
0.964354
1.28451
1.19457
1.07807
0.968398
1.29007
1.19188
1.07185
0.963245
1.28467
1.19054
1.07249
0.959852
1.28187
1.18962
1.06951
0.961224
1.28093
1.18932
1.07301
0.96155
1.28586
1.19383
1.0761
0.964974
1.28748
1.19373
1.07598
0.96564
1.28637
1.19053
1.07094
0.963097
1.28589
1.19174
1.07324
0.960494
1.28212
1.18691
1.06804
0.960366
1.27929
1.18836
1.07214
0.961694
1.28295
1.18906
1.06929
0.959326
1.28071
1.19111
1.07378
0.966564
1.2875
1.19551
1.07872
0.967269
1.29178
1.1972
1.08055
0.968171
1.28906
1.197
1.07818
0.967596
1.29067
1.19772
1.0761
0.96681
1.28765
1.19488
1.07859
0.969603
1.29093
1.19644
1.07566
0.966645
1.28758
1.1937
1.07748
0.966449
1.29045
1.19659
1.07805
0.971437
1.29226
1.1999
1.08173
0.97193
1.29408
1.20318
1.08595
0.974377
1.29624
1.20087
1.08099
0.969481
1.28777
1.19329
1.07543
0.969695
1.28928
1.19528
1.07408
0.962749
1.28533
1.19224
1.07403
0.964114
1.28276
1.19068
1.07255
0.962598
1.28418
1.19289
1.0748
0.964546
1.28678
1.19133
1.07351
0.964195
1.28583
1.19418
1.07381
0.96201
1.28578
1.19408
1.07696
0.968148
1.29075
1.19401
1.07269
0.963857
1.28631
1.19619
1.07586
0.966287
1.2869
1.19646
1.08022
0.972582
1.29392
1.20113
1.08058
0.971537
1.2937
1.20105
1.08244
0.971519
1.29125
1.19566
1.07703
0.96658
1.28815
1.19358
1.07263
0.960718
1.28243
1.18978
1.07207
0.962134
1.28291
1.18949
1.07238
0.964682
1.28514
1.19024
1.07017
0.963335
1.28492
1.19315
1.07389
0.963296
1.28632
1.19165
1.07243
0.96114
1.28355
1.18889
1.06911
0.955641
1.27823
1.18546
1.06641
0.958405
1.28109
1.18774
1.07059
0.962822
1.2835
1.19132
1.07833
0.969021
1.2895
1.19778
1.07972
0.969666
1.28881
1.1949
1.07555
0.967291
1.29006
1.19601
1.07626
0.967312
1.28891
1.19423
1.07956
0.968336
1.28886
1.19615
1.07669
0.966323
1.29006
1.19656
1.07883
0.970032
1.293
1.20157
1.08548
0.974999
1.29333
1.20158
1.08462
0.972475
1.29331
1.19954
1.08215
0.974284
1.29477
1.20062
1.08033
0.971945
1.29215
1.19827
1.07888
0.971569
1.29111
1.19655
1.07806
0.968224
1.28704
1.19746
1.07749
0.965798
1.28794
1.19593
1.07996
0.971428
1.2936
1.20092
1.08169
0.972505
1.29376
1.19756
1.0799
0.969948
1.29168
1.19904
1.07825
0.968554
1.28893
1.19537
1.08154
0.971928
1.29281
1.19642
1.0796
0.969673
1.29198
1.1972
1.08057
0.971657
1.29108
1.19714
1.08039
0.971636
1.2924
1.19834
1.08028
0.97162
1.29166
1.1975
1.08232
0.970602
1.2938
1.19557
1.07656
0.964206
1.28465
1.19096
1.07058
0.959985
1.28197
1.19027
1.069
0.961326
1.2822
1.18931
1.07373
0.966243
1.28731
1.19429
1.0747
0.964891
1.28639
1.19263
1.07398
0.963559
1.2869
1.19058
1.07213
0.964517
1.28636
1.19315
1.07863
0.966375
1.28955
1.19732
1.07447
0.966697
1.28534
1.18809
1.07188
0.959964
1.28335
1.18905
1.06993
0.96024
1.28362
1.18863
1.06935
0.961001
1.28477
1.19128
1.07097
0.961112
1.28463
1.18846
1.07108
0.9597
1.28062
1.18967
1.07242
0.962558
1.28252
1.19218
1.07189
0.9628
1.28336
1.19193
1.07309
0.963348
1.28481
1.1935
1.07603
0.966896
1.28564
1.18942
1.07409
0.964586
1.28635
1.19071
1.07306
0.966016
1.28997
1.19686
1.07684
0.96813
1.28916
1.19617
1.07448
0.96448
1.28559
1.19306
1.07609
0.967565
1.29029
1.19931
1.07758
0.968876
1.29012
1.19653
1.07817
0.973005
1.2923
1.19979
1.08209
0.971261
1.29058
1.20204
1.08123
0.974113
1.29317
1.19836
1.08341
0.973531
1.29368
1.19902
1.08003
0.971465
1.29201
1.19583
1.07455
0.96627
1.28844
1.19313
1.07579
0.965782
1.28926
1.19603
1.07474
0.966154
1.28779
1.19511
1.07804
0.969013
1.29059
1.19819
1.08281
0.971778
1.29151
1.19746
1.08025
0.968506
1.28946
1.19371
1.07541
0.966748
1.28865
1.19518
1.07419
0.965796
1.28698
1.19454
1.07697
0.967313
1.28761
1.19297
1.07347
0.962997
1.28313
1.19151
1.0745
0.964913
1.28745
1.19208
1.0763
0.965034
1.28541
1.19179
1.0737
0.966844
1.29002
1.197
1.07687
0.967146
1.28781
1.19513
1.07472
0.966019
1.28897
1.18981
1.06969
0.959176
1.27925
1.18603
1.06897
0.958814
1.28215
1.19102
1.07452
0.966558
1.2914
1.19736
1.07978
0.969737
1.29152
1.19716
1.07832
0.967376
1.28853
1.19752
1.07838
0.968649
1.29138
1.19801
1.07825
0.968739
1.28997
1.19691
1.078
0.967475
1.28722
1.19378
1.07429
0.964109
1.28583
1.19404
1.07422
0.965167
1.2876
1.19655
1.07549
0.966762
1.28865
1.19441
1.07686
0.969213
1.29067
1.19739
1.07837
0.966642
1.28977
1.19781
1.0802
0.9705
1.29151
1.19483
1.0753
0.963831
1.28543
1.19046
1.07323
0.962233
1.284
1.19154
1.07307
0.966159
1.28844
1.19645
1.0767
0.967122
1.29122
1.20239
1.0766
0.9666
1.28581
1.19104
1.07255
0.961508
1.28658
1.19512
1.07818
0.967631
1.28961
1.19828
1.07535
0.965462
1.28909
1.19751
1.07667
0.966758
1.28832
1.19255
1.07472
0.965614
1.28642
1.18639
1.06559
0.95865
1.28107
1.18661
1.07043
0.961774
1.28306
1.18706
1.06846
0.957531
1.27945
1.18645
1.06825
0.95795
1.28187
1.18851
1.07133
0.960235
1.28157
1.18733
1.07136
0.960967
1.28487
1.19116
1.07148
0.960487
1.28279
1.18776
1.06688
0.957965
1.27956
1.19023
1.07233
0.963901
1.28284
1.19092
1.072
0.96509
1.28563
1.19327
1.07351
0.96348
1.28517
1.19378
1.07607
0.963916
1.28393
1.19478
1.07247
0.964167
1.28829
1.19399
1.0755
0.96517
1.28745
1.19535
1.08066
0.967754
1.29333
1.19987
1.07883
0.970572
1.28976
1.19554
1.07867
0.96933
1.29132
1.19793
1.07919
0.96632
1.2895
1.19409
1.07556
0.96767
1.28903
1.19788
1.07863
0.970324
1.28961
1.19349
1.07368
0.966748
1.28984
1.19663
1.07946
0.969126
1.28975
1.19271
1.07708
0.968111
1.28905
1.19572
1.0745
0.966731
1.28828
1.19549
1.07764
0.967993
1.28903
1.1957
1.07727
0.966655
1.28997
1.19662
1.07755
0.966595
1.28662
1.191
1.07164
0.962474
1.28471
1.19256
1.07172
0.961768
1.28247
1.18988
1.07064
0.960862
1.27969
1.18732
1.06899
0.962541
1.28383
1.18698
1.06817
0.958944
1.28273
1.19134
1.07477
0.965576
1.28654
1.18896
1.07129
0.964023
1.28763
1.19525
1.07551
0.969517
1.28995
1.19851
1.0769
0.966096
1.28555
1.19482
1.07308
0.962897
1.28543
1.19228
1.07265
0.961005
1.28541
1.18973
1.06976
0.961587
1.28351
1.19331
1.0745
0.964617
1.28433
1.19027
1.07257
0.966731
1.28867
1.1942
1.07606
0.965965
1.2874
1.19295
1.07473
0.966643
1.28937
1.1942
1.07707
0.966441
1.28541
1.19264
1.07398
0.963397
1.28455
1.1892
1.07141
0.960984
1.28382
1.19136
1.0706
0.959823
1.28369
1.19082
1.07472
0.966437
1.2866
1.19264
1.07517
0.966293
1.28911
1.19349
1.07358
0.963455
1.28609
1.19339
1.07256
0.963639
1.28584
1.19337
1.07321
0.963134
1.28395
1.18788
1.07042
0.964615
1.28684
1.19355
1.07524
0.964858
1.28444
1.18926
1.07207
0.965368
1.28697
1.19338
1.07442
0.966044
1.28544
1.19388
1.07518
0.967542
1.28908
1.19442
1.07448
0.965306
1.2882
1.19419
1.07353
0.963963
1.2848
1.19102
1.07204
0.965834
1.28679
1.19238
1.07331
0.963407
1.28591
1.19061
1.07131
0.963655
1.28499
1.19389
1.07358
0.963857
1.28521
1.19226
1.07588
0.966022
1.28757
1.19418
1.07795
0.971341
1.29099
1.19631
1.07829
0.966352
1.28944
1.19533
1.0732
0.96577
1.28742
1.19253
1.07263
0.964228
1.28728
1.19124
1.07675
0.967685
1.29012
1.19757
1.08156
0.973161
1.2965
1.20072
1.08335
0.974105
1.29498
1.2005
1.08093
0.973484
1.29633
1.20366
1.08642
0.974721
1.29512
1.20157
1.08281
0.973031
1.29363
1.19819
1.08082
0.972572
1.29046
1.18977
1.07361
0.963379
1.28418
1.19024
1.07133
0.964205
1.28701
1.19391
1.07495
0.965603
1.28829
1.19554
1.0724
0.965276
1.2838
1.18896
1.07605
0.965448
1.285
1.19068
1.07187
0.963048
1.28361
1.18833
1.0717
0.963383
1.28604
1.19038
1.07121
0.961958
1.28366
1.18775
1.06616
0.957412
1.28031
1.18807
1.0704
0.95972
1.28203
1.18605
1.07216
0.964353
1.28709
1.19368
1.07311
0.963221
1.28239
1.18961
1.07011
0.960169
1.28399
1.19342
1.07508
0.964321
1.28468
1.19056
1.07108
0.962971
1.28536
1.19133
1.07332
0.963986
1.28515
1.19129
1.07253
0.964611
1.28302
1.19188
1.07496
0.967332
1.28845
1.19537
1.07711
0.966538
1.28923
1.19664
1.0757
0.966257
1.28741
1.19028
1.07216
0.964298
1.28629
1.19172
1.07382
0.963256
1.28454
1.19159
1.07443
0.966964
1.28885
1.19537
1.07573
0.967081
1.29006
1.19558
1.07477
0.965019
1.28645
1.19038
1.07384
0.963112
1.28481
1.19083
1.07186
0.964469
1.28733
1.19366
1.07458
0.966787
1.2891
1.19661
1.07895
0.971138
1.29057
1.19935
1.07699
0.966934
1.28786
1.1965
1.07714
0.966749
1.28777
1.19154
1.07202
0.959374
1.28163
1.18733
1.07087
0.961854
1.28438
1.19099
1.07384
0.963094
1.28451
1.1896
1.07412
0.965452
1.28807
1.19278
1.07523
0.9655
1.2877
1.19338
1.07981
0.969782
1.28719
1.19312
1.07485
0.969284
1.29153
1.19437
1.07512
0.964369
1.28714
1.19331
1.07477
0.967234
1.28979
1.19295
1.07362
0.963208
1.28569
1.19189
1.07014
0.962569
1.28367
1.18961
1.06951
0.95976
1.28253
1.19102
1.0758
0.966127
1.28833
1.19264
1.07448
0.96425
1.28385
1.18925
1.07106
0.961479
1.28402
1.18965
1.07108
0.963061
1.28471
1.19461
1.07403
0.967018
1.28874
1.19127
1.07117
0.960572
1.2844
1.19101
1.07598
0.967279
1.2875
1.19312
1.07335
0.963606
1.28643
1.19479
1.07708
0.969541
1.29264
1.19773
1.07759
0.96686
1.28865
1.19306
1.07628
0.966568
1.28796
1.18801
1.06937
0.959209
1.28299
1.18813
1.07299
0.962788
1.28651
1.18954
1.07042
0.963836
1.28387
1.19084
1.07278
0.964259
1.28638
1.19095
1.0704
0.963454
1.2865
1.19173
1.07614
0.9681
1.28855
1.19323
1.07397
0.967391
1.28915
1.19273
1.07336
0.963608
1.28907
1.19541
1.07708
0.969838
1.29125
1.19675
1.08005
0.97119
1.29228
1.1965
1.07629
0.96757
1.28861
1.19746
1.07707
0.969723
1.2894
1.1951
1.07475
0.964706
1.28747
1.19574
1.07658
0.967136
1.2896
1.19378
1.07062
0.960545
1.28121
1.18978
1.07194
0.962348
1.28308
1.19204
1.07322
0.964355
1.28442
1.19052
1.06999
0.962579
1.28522
1.19278
1.07357
0.964323
1.28663
1.19591
1.07557
0.967867
1.28886
1.19659
1.07666
0.968591
1.29132
1.19641
1.07854
0.968435
1.28861
1.19599
1.07854
0.969816
1.29118
1.19597
1.07434
0.963799
1.28686
1.19065
1.07318
0.963296
1.28368
1.18931
1.07158
0.962437
1.28313
1.18651
1.0667
0.96102
1.28294
1.1913
1.07376
0.963194
1.28409
1.19228
1.07296
0.96434
1.28868
1.18941
1.07045
0.958424
1.28055
1.18912
1.07296
0.966102
1.28839
1.1954
1.07489
0.965075
1.28616
1.19459
1.07585
0.967386
1.28799
1.19389
1.07379
0.965772
1.28628
1.19363
1.0757
0.962806
1.28165
1.18605
1.06824
0.959147
1.28547
1.19026
1.07378
0.964553
1.28916
1.1952
1.07833
0.968409
1.29023
1.19984
1.07505
0.965972
1.28468
1.19304
1.0744
0.961896
1.28444
1.19151
1.07268
0.962341
1.28402
1.19109
1.07307
0.964706
1.28683
1.19419
1.07545
0.966434
1.2898
1.19519
1.07679
0.969007
1.288
1.19553
1.07713
0.968661
1.28905
1.19636
1.08249
0.969784
1.29211
1.1953
1.07631
0.966709
1.28652
1.19646
1.0753
0.965042
1.28738
1.1901
1.07273
0.962553
1.28456
1.19154
1.07468
0.963231
1.28551
1.19214
1.07253
0.964335
1.28624
1.19383
1.07457
0.965492
1.28658
1.19423
1.07339
0.961969
1.28137
1.18995
1.07303
0.963884
1.28698
1.1935
1.07511
0.964307
1.28826
1.19415
1.07589
0.963934
1.28496
1.19348
1.07533
0.970385
1.29095
1.1972
1.0781
0.968374
1.28963
1.196
1.07882
0.966251
1.28748
1.19763
1.07875
0.968232
1.29088
1.19263
1.07468
0.963502
1.28625
1.19227
1.07326
0.965311
1.28756
1.19369
1.07814
0.97056
1.29051
1.19629
1.07777
0.969237
1.28949
1.1971
1.07669
0.965764
1.28828
1.19484
1.07689
0.967744
1.28782
1.19434
1.07035
0.960839
1.28464
1.18802
1.06884
0.960831
1.28145
1.18818
1.06751
0.958095
1.28102
1.1885
1.0701
0.960876
1.28455
1.19407
1.07484
0.965571
1.28476
1.18878
1.07467
0.964136
1.28549
1.19167
1.07321
0.963601
1.28418
1.19398
1.07561
0.966017
1.28659
1.19001
1.07102
0.962975
1.28348
1.19037
1.07076
0.959984
1.28498
1.19281
1.07521
0.967945
1.28898
1.19405
1.07713
0.969896
1.29051
1.19475
1.07695
0.966717
1.28873
1.19418
1.07643
0.969914
1.29157
1.19724
1.07662
0.966794
1.28702
1.19155
1.07368
0.963351
1.28591
1.19166
1.07776
0.968221
1.29016
1.19615
1.07717
0.963017
1.28642
1.19134
1.07367
0.961426
1.28441
1.19078
1.06965
0.963686
1.28688
1.19291
1.07262
0.962637
1.28741
1.19321
1.07237
0.963216
1.28546
1.19315
1.0752
0.967212
1.28736
1.19477
1.07773
0.968765
1.29136
1.20063
1.07974
0.966491
1.28691
1.19415
1.07837
0.970794
1.29082
1.19713
1.08145
0.969742
1.29297
1.19903
1.07918
0.969046
1.28901
1.19394
1.07545
0.967308
1.28956
1.19536
1.07667
0.965963
1.28687
1.19406
1.07457
0.960538
1.28356
1.19128
1.0718
0.963231
1.28465
1.19089
1.07288
0.964636
1.2832
1.18961
1.07266
0.96484
1.28758
1.1923
1.07613
0.96646
1.29052
1.19937
1.07985
0.970381
1.28916
1.19869
1.08072
0.970855
1.29334
1.19811
1.07899
0.967449
1.2868
1.19487
1.07534
0.966389
1.2846
1.19047
1.07434
0.96568
1.28341
1.18893
1.0719
0.962382
1.28407
1.19183
1.07418
0.962135
1.28452
1.19136
1.07278
0.963057
1.28744
1.19354
1.07319
0.965343
1.28577
1.19382
1.07597
0.964604
1.28793
1.19559
1.07803
0.96848
1.29177
1.2006
1.0813
0.971581
1.2915
1.19746
1.07925
0.969202
1.29008
1.19799
1.07968
0.970849
1.29318
1.20069
1.08291
0.971808
1.29366
1.19809
1.08024
0.970174
1.29089
1.19567
1.07663
0.967295
1.28918
1.19628
1.0751
0.963924
1.28791
1.19366
1.07622
0.968321
1.29004
1.19667
1.07498
0.966562
1.2865
1.18968
1.06919
0.961847
1.28333
1.19061
1.07305
0.962249
1.28588
1.19077
1.07238
0.96537
1.28421
1.18994
1.07276
0.963817
1.28537
1.18922
1.07199
0.962806
1.28399
1.19199
1.07121
0.95923
1.28233
1.19191
1.06788
0.961032
1.28456
1.19129
1.07267
0.963205
1.28487
1.18788
1.06985
0.959894
1.28244
1.19036
1.07441
0.96795
1.2854
1.19209
1.07113
0.960901
1.28302
1.18922
1.07211
0.964414
1.28504
1.18893
1.07065
0.961213
1.28464
1.19336
1.07338
0.964861
1.28883
1.19418
1.07451
0.967003
1.29177
1.19604
1.07653
0.964734
1.28785
1.19239
1.07228
0.964122
1.28762
1.19607
1.07633
0.966013
1.28976
1.19624
1.07589
0.961683
1.28152
1.18784
1.06695
0.960193
1.28419
1.18932
1.06922
0.962001
1.28375
1.18711
1.07109
0.962294
1.28596
1.19059
1.07279
0.963211
1.28351
1.19058
1.07431
0.967178
1.28787
1.19595
1.0775
0.965424
1.2848
1.19304
1.07434
0.963728
1.2844
1.19276
1.07648
0.967444
1.28847
1.19341
1.07427
0.96478
1.28587
1.18899
1.07282
0.964113
1.28601
1.19115
1.07249
0.962906
1.28527
1.1928
1.07322
0.964068
1.28561
1.19058
1.07186
0.961267
1.28399
1.19377
1.07797
0.963981
1.28592
1.1932
1.07106
0.964144
1.28507
1.19126
1.07378
0.963645
1.28497
1.19392
1.07776
0.966374
1.28706
1.19085
1.07206
0.964753
1.28528
1.19184
1.07327
0.965409
1.28829
1.19371
1.07742
0.965965
1.28682
1.19508
1.07776
0.966767
1.28714
1.19388
1.07365
0.964557
1.28633
1.19384
1.07227
0.96511
1.28627
1.19251
1.0753
0.966771
1.28938
1.19607
1.08067
0.971803
1.2955
1.2018
1.08156
0.974067
1.29332
1.20005
1.08194
0.970364
1.29292
1.1969
1.07831
0.966328
1.28839
1.19328
1.07534
0.964935
1.28482
1.19079
1.07474
0.965701
1.28843
1.19557
1.07555
0.963973
1.28596
1.1931
1.07789
0.967272
1.29055
1.19562
1.07633
0.966121
1.28723
1.19294
1.07575
0.966005
1.28693
1.19164
1.07494
0.968344
1.28973
1.19623
1.07223
0.96382
1.28628
1.19418
1.07485
0.964696
1.28677
1.19133
1.07505
0.964493
1.28657
1.19248
1.07316
0.962965
1.28361
1.18989
1.07337
0.963987
1.28745
1.19215
1.07408
0.964294
1.28634
1.1975
1.07972
0.972111
1.29317
1.19905
1.08152
0.971469
1.29083
1.19476
1.07743
0.966571
1.28813
1.19453
1.07442
0.963908
1.28583
1.19435
1.07471
0.96513
1.28811
1.19436
1.07739
0.96859
1.28867
1.19691
1.07445
0.967087
1.29032
1.19516
1.07788
0.965883
1.28476
1.19411
1.07444
0.966633
1.29005
1.19791
1.07951
0.972613
1.296
1.20214
1.08169
0.972177
1.29465
1.20145
1.08261
0.973662
1.29401
1.19879
1.08248
0.97293
1.29391
1.19732
1.07903
0.970305
1.29283
1.19886
1.07823
0.968017
1.29045
1.19772
1.0794
0.965265
1.28835
1.19676
1.07938
0.970152
1.29204
1.19776
1.07556
0.968541
1.28851
1.19673
1.07835
0.969711
1.28955
1.19345
1.07307
0.964253
1.28374
1.19138
1.07225
0.966481
1.2886
1.19523
1.07427
0.966929
1.28783
1.19739
1.07978
0.971268
1.29148
1.1965
1.07983
0.970823
1.29191
1.20125
1.0835
0.97291
1.29466
1.20151
1.08036
0.972443
1.29536
1.20053
1.08062
0.968209
1.29104
1.19718
1.07813
0.96599
1.28794
1.19215
1.07656
0.964739
1.28432
1.18756
1.06874
0.955507
1.27711
1.18552
1.06762
0.95652
1.27838
1.19032
1.07251
0.963263
1.28626
1.19449
1.07669
0.970099
1.29118
1.19858
1.07869
0.970301
1.29049
1.19657
1.07816
0.968648
1.29076
1.19653
1.07517
0.966003
1.28969
1.1916
1.07358
0.963266
1.28573
1.192
1.07082
0.965003
1.28467
1.19113
1.0726
0.966304
1.28576
1.19164
1.07526
0.968304
1.28995
1.19529
1.07728
0.970094
1.29201
1.19844
1.08105
0.972726
1.29358
1.1974
1.07683
0.967286
1.28963
1.19664
1.07689
0.968293
1.28992
1.19473
1.07506
0.967232
1.28985
1.1949
1.07611
0.967717
1.28851
1.19489
1.07623
0.966737
1.28674
1.19364
1.07417
0.963985
1.28603
1.19227
1.07299
0.960209
1.28227
1.1855
1.06807
0.961851
1.28536
1.18961
1.07529
0.963733
1.28318
1.18954
1.07178
0.964577
1.28686
1.19246
1.07365
0.962729
1.28555
1.19221
1.07435
0.967703
1.28896
1.19287
1.07675
0.967306
1.28962
1.19219
1.07315
0.964156
1.28633
1.196
1.07402
0.965525
1.28638
1.18964
1.07556
0.96283
1.28606
1.19261
1.07763
0.968158
1.28844
1.19665
1.07151
0.966093
1.28716
1.1907
1.07463
0.965741
1.28635
1.1912
1.07291
0.963807
1.28721
1.1924
1.07512
0.965569
1.28801
1.195
1.07538
0.965072
1.28704
1.1923
1.07375
0.964164
1.28535
1.1931
1.07384
0.963189
1.28379
1.18899
1.07211
0.962521
1.28165
1.19035
1.07209
0.962914
1.28439
1.19169
1.07631
0.965318
1.28791
1.19442
1.07388
0.966232
1.2881
1.19374
1.07513
0.964261
1.28638
1.1919
1.07117
0.962329
1.28611
1.193
1.07675
0.966705
1.28686
1.19595
1.07416
0.964181
1.28319
1.18654
1.06849
0.959909
1.28113
1.18343
1.06017
0.955069
1.27669
1.18332
1.06615
0.958962
1.28178
1.19033
1.06709
0.954583
1.27477
1.18272
1.06692
0.960537
1.28266
1.19068
1.0711
0.963109
1.28544
1.1924
1.0735
0.963953
1.28599
1.19176
1.07057
0.963707
1.28348
1.19147
1.07311
0.964793
1.28878
1.19295
1.07605
0.969117
1.29269
1.19898
1.07725
0.969347
1.29098
1.19709
1.07853
0.967095
1.28972
1.19671
1.07822
0.966567
1.28392
1.19228
1.07352
0.966035
1.28548
1.19303
1.07675
0.966107
1.28851
1.19158
1.07384
0.965377
1.28651
1.19255
1.07199
0.963315
1.2825
1.19033
1.06945
0.958139
1.27831
1.18732
1.06765
0.958217
1.28008
1.19022
1.07368
0.966822
1.28849
1.19149
1.07208
0.96366
1.28537
1.19252
1.07482
0.964955
1.28659
1.19599
1.07701
0.967516
1.28848
1.19293
1.07301
0.963393
1.28528
1.19015
1.07215
0.960884
1.2826
1.18753
1.07195
0.964529
1.28893
1.19339
1.07447
0.964972
1.2884
1.19476
1.07871
0.968788
1.28831
1.19454
1.07905
0.968979
1.28992
1.19509
1.077
0.967657
1.28863
1.19229
1.07378
0.966072
1.2885
1.19621
1.07626
0.966427
1.2862
1.18803
1.07046
0.962449
1.28594
1.18985
1.07373
0.960747
1.28271
1.19289
1.07651
0.968823
1.28936
1.19503
1.07801
0.968677
1.29097
1.19526
1.0779
0.9711
1.29291
1.20159
1.08568
0.976096
1.29689
1.20339
1.08371
0.975875
1.29687
1.2054
1.08483
0.975595
1.29491
1.20024
1.08053
0.971258
1.29295
1.19949
1.0819
0.973018
1.29478
1.20097
1.08191
0.970317
1.29499
1.20266
1.08384
0.974405
1.29551
1.20051
1.08311
0.973145
1.29468
1.20251
1.08419
0.971983
1.2922
1.19777
1.07621
0.969111
1.29116
1.19925
1.08179
0.971584
1.29027
1.19609
1.07726
0.967242
1.28834
1.19444
1.07708
0.965877
1.28854
1.19523
1.07502
0.968333
1.2897
1.19597
1.07657
0.966504
1.28776
1.191
1.07283
0.962599
1.28315
1.19059
1.07409
0.965843
1.28724
1.19191
1.07438
0.968834
1.29077
1.1999
1.08366
0.972625
1.29366
1.19878
1.08269
0.974045
1.29237
1.19633
1.07741
0.966772
1.28685
1.19306
1.0776
0.967654
1.29061
1.19732
1.07831
0.966266
1.28876
1.19345
1.07517
0.967997
1.29015
1.19675
1.07833
0.967662
1.28778
1.19765
1.07955
0.967307
1.28969
1.19369
1.07699
0.967758
1.29052
1.19818
1.08122
0.970624
1.28991
1.19714
1.07877
0.971877
1.29225
1.19865
1.07808
0.969754
1.29145
1.19719
1.07601
0.967013
1.29249
1.19805
1.07993
0.967474
1.2877
1.19557
1.07375
0.966462
1.28917
1.19303
1.07589
0.968588
1.2877
1.1938
1.07622
0.965276
1.28618
1.18889
1.07194
0.961948
1.28028
1.18824
1.07116
0.962156
1.28621
1.19441
1.07323
0.964263
1.28755
1.19231
1.07815
0.97131
1.29222
1.20127
1.08122
0.970048
1.29209
1.19477
1.07752
0.968908
1.28992
1.19421
1.07749
0.967783
1.28863
1.19852
1.07631
0.966039
1.28693
1.19365
1.07086
0.959381
1.28047
1.18677
1.06527
0.953899
1.27764
1.18817
1.07046
0.962285
1.28662
1.19145
1.07192
0.963373
1.28543
1.1929
1.07691
0.964334
1.28667
1.19516
1.07778
0.970006
1.28869
1.19631
1.07685
0.966824
1.28626
1.19587
1.07851
0.969499
1.29226
1.20081
1.08402
0.974139
1.29623
1.20577
1.08823
0.977811
1.29568
1.19916
1.08038
0.971024
1.29272
1.20136
1.08209
0.972312
1.29566
1.20186
1.07837
0.970338
1.2924
1.20024
1.08055
0.968303
1.28894
1.19727
1.07621
0.965617
1.2891
1.19406
1.07388
0.966781
1.2868
1.19598
1.07611
0.966526
1.2874
1.19462
1.07405
0.966813
1.28933
1.19705
1.07942
0.971205
1.29276
1.19546
1.0782
0.967271
1.28697
1.19485
1.07657
0.968365
1.29131
1.19697
1.0795
0.970574
1.29095
1.19373
1.07667
0.967355
1.29046
1.19408
1.07485
0.963184
1.28349
1.19162
1.07397
0.96323
1.28645
1.19146
1.06943
0.960814
1.28399
1.19007
1.07052
0.962904
1.28745
1.19456
1.07267
0.963788
1.28639
1.19229
1.07729
0.965869
1.28699
1.19504
1.07691
0.968847
1.29211
1.18902
1.07112
0.961629
1.28399
1.18808
1.07143
0.96206
1.28482
1.18974
1.06862
0.959691
1.27908
1.18821
1.0695
0.958631
1.28144
1.18754
1.0725
0.964412
1.28453
1.19292
1.07499
0.962755
1.28477
1.19194
1.07477
0.966393
1.28743
1.19554
1.08126
0.968689
1.2905
1.19748
1.07874
0.969706
1.2898
1.19314
1.07686
0.967626
1.28768
1.19503
1.07686
0.965058
1.28558
1.19031
1.07008
0.959574
1.28179
1.18587
1.07222
0.960271
1.2835
1.1885
1.06776
0.958608
1.27839
1.18776
1.0691
0.961657
1.28306
1.19291
1.07682
0.9674
1.28897
1.19523
1.07566
0.967385
1.28962
1.19395
1.07598
0.964529
1.2849
1.19069
1.07356
0.964925
1.28885
1.19643
1.07912
0.971337
1.29429
1.20127
1.08283
0.971419
1.29228
1.19651
1.07696
0.965084
1.28682
1.19274
1.07303
0.9626
1.28541
1.19522
1.07257
0.96304
1.28434
1.19384
1.0778
0.969773
1.29148
1.19777
1.07698
0.965313
1.28725
1.19384
1.07457
0.964896
1.2838
1.19005
1.07431
0.965839
1.28688
1.19259
1.07295
0.964068
1.28757
1.1925
1.07263
0.962565
1.28231
1.18648
1.06999
0.962212
1.28533
1.1899
1.07277
0.965264
1.28564
1.19045
1.07051
0.962267
1.28243
1.19063
1.0738
0.964429
1.28719
1.19225
1.07299
0.965077
1.28744
1.19565
1.07639
0.968741
1.29192
1.19829
1.07859
0.969058
1.28944
1.19383
1.07558
0.965727
1.28466
1.19243
1.07721
0.967607
1.28831
1.19662
1.07825
0.967893
1.29093
1.19394
1.07749
0.96767
1.29099
1.19719
1.0798
0.970802
1.29095
1.19524
1.07865
0.967892
1.29139
1.19502
1.07584
0.967011
1.2907
1.1948
1.07825
0.967349
1.29058
1.19938
1.08043
0.970161
1.2905
1.19797
1.07972
0.971327
1.29366
1.19893
1.08003
0.972252
1.29469
1.20255
1.08135
0.969157
1.29241
1.20181
1.08336
0.972962
1.29555
1.20251
1.08219
0.970462
1.2931
1.19911
1.08021
0.971935
1.29236
1.19612
1.07706
0.966494
1.28848
1.19135
1.07206
0.963087
1.2858
1.19288
1.07711
0.970454
1.29325
1.19644
1.07708
0.968958
1.2894
1.19704
1.07967
0.966841
1.28992
1.1979
1.0799
0.970976
1.29354
1.19745
1.07813
0.969845
1.29063
1.19514
1.07584
0.96773
1.28918
1.1958
1.07734
0.969776
1.29053
1.19766
1.07878
0.968982
1.29018
1.19431
1.07569
0.963921
1.28179
1.18669
1.0725
0.96495
1.28568
1.19003
1.07188
0.96421
1.28638
1.19555
1.077
0.969898
1.29398
1.20115
1.08162
0.971099
1.28821
1.19744
1.08058
0.969532
1.2897
1.19701
1.07692
0.968867
1.28987
1.19091
1.07062
0.962225
1.28295
1.1906
1.06991
0.961454
1.28482
1.19192
1.07429
0.965095
1.28727
1.19687
1.07776
0.96453
1.28808
1.19349
1.07514
0.964095
1.28855
1.19693
1.07537
0.967178
1.28847
1.19577
1.07682
0.969243
1.28984
1.19642
1.0792
0.970889
1.29194
1.19868
1.08149
0.967412
1.29136
1.20038
1.07981
0.971865
1.29409
1.19355
1.0762
0.96811
1.28809
1.19642
1.0757
0.965865
1.28684
1.19198
1.07316
0.967073
1.28585
1.1939
1.07484
0.964274
1.28734
1.19389
1.0783
0.970365
1.28824
1.19319
1.07615
0.965123
1.28735
1.19158
1.07391
0.963413
1.28662
1.19484
1.0765
0.96702
1.28854
1.19339
1.07341
0.961903
1.28541
1.19019
1.07343
0.963774
1.28675
1.19347
1.07507
0.961624
1.28299
1.19377
1.07562
0.968392
1.28921
1.19863
1.07895
0.970307
1.29304
1.19474
1.07956
0.968665
1.29009
1.19507
1.07839
0.96826
1.29003
1.19607
1.07963
0.967576
1.28982
1.19293
1.07702
0.970804
1.29048
1.1954
1.0739
0.963578
1.285
1.19225
1.07623
0.968341
1.28817
1.19666
1.08018
0.967411
1.28857
1.20001
1.08229
0.969551
1.28876
1.19323
1.0735
0.965226
1.28701
1.19226
1.07347
0.964665
1.28582
1.19094
1.07408
0.966483
1.29048
1.19478
1.07977
0.969095
1.28784
1.19332
1.07433
0.967617
1.29085
1.19879
1.07863
0.970318
1.29153
1.19512
1.07643
0.963719
1.28333
1.19162
1.07443
0.967288
1.28735
1.19606
1.07808
0.965298
1.28763
1.19503
1.07554
0.965925
1.28812
1.19063
1.07368
0.964817
1.28715
1.19263
1.07591
0.966078
1.28747
1.19748
1.07705
0.967676
1.28868
1.19391
1.07409
0.965558
1.28944
1.19591
1.07394
0.965608
1.28738
1.19461
1.07698
0.969039
1.29011
1.19528
1.07708
0.965727
1.2871
1.19386
1.07695
0.966927
1.28768
1.19191
1.0726
0.961121
1.28481
1.19424
1.07641
0.96505
1.28574
1.19202
1.07562
0.96608
1.28683
1.19356
1.0742
0.966421
1.28789
1.19319
1.07591
0.966637
1.28509
1.19151
1.06992
0.963086
1.28334
1.19293
1.07525
0.964502
1.28684
1.19479
1.07465
0.966829
1.28833
1.19464
1.07879
0.96809
1.2894
1.19536
1.07248
0.961654
1.28301
1.19162
1.07402
0.964726
1.28378
1.19236
1.07341
0.964242
1.28666
1.19603
1.07696
0.963746
1.28705
1.1938
1.07508
0.966365
1.2887
1.19653
1.07915
0.973083
1.29343
1.20033
1.07813
0.968691
1.28816
1.19251
1.07571
0.967119
1.28823
1.19763
1.07728
0.965695
1.28585
1.19529
1.07959
0.969891
1.29233
1.19526
1.08007
0.968639
1.28726
1.19349
1.07544
0.967587
1.28788
1.19241
1.07684
0.967981
1.28841
1.19476
1.07706
0.965313
1.28624
1.19688
1.07908
0.970554
1.29188
1.19707
1.07852
0.967551
1.28722
1.19272
1.07573
0.968089
1.28682
1.19304
1.07502
0.962743
1.28722
1.1904
1.07296
0.961471
1.28342
1.18963
1.07319
0.964055
1.28433
1.19222
1.07121
0.964423
1.28824
1.19442
1.0715
0.964932
1.286
1.18824
1.07168
0.961535
1.28243
1.18695
1.06871
0.960432
1.28465
1.19164
1.07372
0.96137
1.28591
1.19083
1.07407
0.966507
1.28864
1.19289
1.07544
0.968225
1.29151
1.19824
1.08079
0.96875
1.29292
1.19928
1.08213
0.973779
1.29322
1.20043
1.07972
0.969592
1.29023
1.19527
1.07636
0.966625
1.28843
1.19041
1.07557
0.96314
1.28437
1.19476
1.07421
0.965822
1.28587
1.19267
1.07482
0.96839
1.29118
1.19927
1.07874
0.971391
1.29159
1.19586
1.07875
0.971156
1.29299
1.19789
1.07926
0.966774
1.29053
1.19739
1.07956
0.969646
1.28973
1.1958
1.07417
0.966259
1.28795
1.19352
1.07181
0.961718
1.28321
1.19094
1.07101
0.962006
1.28587
1.1944
1.07498
0.967219
1.28626
1.19105
1.07143
0.96345
1.28638
1.19234
1.07536
0.964695
1.28673
1.19333
1.0718
0.961158
1.28245
1.19034
1.07285
0.963997
1.28741
1.19436
1.07568
0.967047
1.28841
1.19561
1.07846
0.972355
1.2925
1.19611
1.07908
0.96876
1.28959
1.19289
1.0777
0.970603
1.29331
1.19753
1.07857
0.969107
1.29179
1.1959
1.07621
0.968882
1.29182
1.19684
1.07841
0.970852
1.29384
1.19708
1.07737
0.965504
1.28798
1.19615
1.07674
0.96942
1.29187
1.19731
1.07926
0.968623
1.28927
1.1953
1.07551
0.966334
1.28608
1.19302
1.0722
0.964758
1.28577
1.19178
1.07353
0.965782
1.28629
1.19415
1.07494
0.966069
1.28766
1.19386
1.07451
0.966046
1.28801
1.1944
1.07867
0.968615
1.29034
1.19504
1.07562
0.965442
1.28759
1.19416
1.08062
0.971665
1.29211
1.19438
1.07702
0.966786
1.28913
1.19827
1.07919
0.970219
1.2893
1.19052
1.07314
0.964029
1.28346
1.18788
1.07011
0.961483
1.28438
1.1879
1.06998
0.957403
1.28061
1.18782
1.06977
0.962604
1.28153
1.19029
1.07169
0.961478
1.28538
1.19467
1.07729
0.969294
1.29174
1.1997
1.07911
0.971774
1.29284
1.19974
1.08001
0.968381
1.28945
1.1939
1.07793
0.965164
1.28669
1.19547
1.07848
0.967767
1.29012
1.19463
1.07987
0.972742
1.29337
1.19843
1.07704
0.969124
1.29066
1.19697
1.0773
0.966846
1.28566
1.19478
1.07588
0.964712
1.28836
1.19322
1.07552
0.966129
1.28893
1.19552
1.07584
0.964558
1.28619
1.19395
1.07636
0.967055
1.2892
1.19409
1.07403
0.966875
1.28834
1.1937
1.07411
0.966171
1.28781
1.19009
1.07224
0.95923
1.28182
1.18852
1.07278
0.962413
1.2824
1.19308
1.07532
0.967481
1.29245
1.19797
1.07928
0.967225
1.28943
1.19679
1.07919
0.970242
1.29074
1.19651
1.0763
0.967452
1.2884
1.19135
1.07327
0.965792
1.28541
1.19296
1.07482
0.964934
1.28548
1.19307
1.07533
0.96215
1.28459
1.19625
1.07792
0.969077
1.29153
1.19585
1.07753
0.96613
1.2898
1.19488
1.07313
0.964292
1.28656
1.19588
1.07781
0.966915
1.28983
1.19541
1.07923
0.971415
1.29193
1.19825
1.07843
0.9662
1.28591
1.19223
1.07739
0.967865
1.28995
1.19808
1.07858
0.968744
1.29002
1.19817
1.0797
0.969068
1.29098
1.19653
1.07639
0.966324
1.28956
1.19548
1.07876
0.967413
1.2884
1.19591
1.07773
0.968895
1.29167
1.19837
1.0764
0.96595
1.28844
1.19549
1.07419
0.96417
1.28754
1.19353
1.07669
0.966323
1.28692
1.19603
1.07434
0.96552
1.29114
1.19736
1.07999
0.970863
1.29431
1.19966
1.0828
0.971804
1.29254
1.19884
1.0807
0.971989
1.29259
1.19947
1.07943
0.9702
1.28958
1.19399
1.07538
0.964798
1.28969
1.19521
1.07847
0.969612
1.29239
1.19856
1.07866
0.969223
1.28813
1.18951
1.06665
0.959276
1.28193
1.18976
1.07418
0.968151
1.28968
1.19637
1.07773
0.971546
1.29113
1.19466
1.07685
0.970665
1.29255
1.20002
1.07964
0.965367
1.28815
1.19645
1.08053
0.971144
1.29096
1.19819
1.07554
0.968625
1.2915
1.19952
1.08267
0.972939
1.29348
1.19872
1.07883
0.969958
1.29185
1.1961
1.07728
0.968071
1.29023
1.19312
1.0746
0.967413
1.29036
1.19574
1.07688
0.968107
1.28999
1.19508
1.07684
0.966715
1.28952
1.19687
1.07766
0.969985
1.2898
1.19838
1.08039
0.970101
1.29175
1.19535
1.07506
0.967362
1.29202
1.19998
1.08185
0.96969
1.29083
1.19869
1.07736
0.967339
1.28989
1.1979
1.07886
0.968394
1.29101
1.19519
1.0752
0.967813
1.28853
1.1915
1.07391
0.965413
1.28573
1.19235
1.0752
0.964642
1.2869
1.19596
1.07537
0.966825
1.28859
1.19341
1.07726
0.967216
1.28775
1.1982
1.08101
0.969773
1.28889
1.19679
1.07624
0.968607
1.29048
1.1947
1.07743
0.968186
1.28908
1.19444
1.0759
0.966317
1.28788
1.19666
1.07847
0.968995
1.29046
1.19694
1.07924
0.969571
1.29143
1.19668
1.0776
0.968141
1.2922
1.19677
1.07711
0.968993
1.29067
1.19616
1.07594
0.968548
1.28992
1.19808
1.07966
0.971568
1.29226
1.19858
1.07852
0.967327
1.28813
1.19761
1.08014
0.970965
1.29445
1.20349
1.08396
0.97389
1.29426
1.20161
1.08178
0.973796
1.29256
1.20038
1.07914
0.968912
1.29074
1.19947
1.08034
0.967403
1.28677
1.19319
1.07376
0.965195
1.28568
1.19177
1.07222
0.965525
1.28827
1.19695
1.08021
0.970617
1.29354
1.2009
1.08062
0.971272
1.29172
1.19669
1.07914
0.970785
1.29427
1.20216
1.07898
0.969918
1.29185
1.20283
1.08548
0.974241
1.29631
1.19676
1.0806
0.97099
1.28989
1.19748
1.08014
0.972503
1.29324
1.20016
1.08158
0.97143
1.29077
1.19605
1.07813
0.97102
1.29096
1.19662
1.07902
0.970794
1.2922
1.19968
1.08221
0.969708
1.28968
1.19689
1.07555
0.963947
1.28688
1.1947
1.07522
0.96435
1.28719
1.19549
1.07651
0.966201
1.28719
1.19359
1.07436
0.963434
1.2828
1.18946
1.07222
0.962888
1.28377
1.18998
1.07407
0.964037
1.2844
1.19237
1.07457
0.960897
1.28377
1.19237
1.07564
0.969418
1.29037
1.19707
1.07859
0.969685
1.29135
1.19909
1.08118
0.969531
1.29116
1.1954
1.07787
0.968733
1.28941
1.19505
1.07533
0.961072
1.2834
1.19424
1.0764
0.968055
1.28838
1.19541
1.07908
0.969886
1.29002
1.1963
1.07723
0.970093
1.29046
1.19709
1.08108
0.972574
1.29522
1.20339
1.08588
0.977438
1.29838
1.20178
1.08266
0.973607
1.29225
1.19971
1.08076
0.972051
1.29265
1.19771
1.08002
0.9682
1.28807
1.19436
1.07644
0.964354
1.28819
1.19669
1.07935
0.966609
1.28873
1.19662
1.07628
0.965639
1.28724
1.19439
1.07454
0.968207
1.28877
1.19514
1.07801
0.969401
1.29154
1.19642
1.07639
0.96884
1.28796
1.19048
1.06926
0.96206
1.2853
1.1928
1.07496
0.965026
1.28733
1.19365
1.07635
0.968742
1.28753
1.19584
1.07706
0.965913
1.28997
1.19738
1.07775
0.968985
1.29243
1.19526
1.07905
0.96948
1.29151
1.19847
1.07888
0.968819
1.28882
1.19122
1.07315
0.965119
1.28862
1.19291
1.07481
0.962453
1.28471
1.19193
1.07402
0.965287
1.28808
1.19362
1.0782
0.97177
1.2935
1.20009
1.07959
0.970462
1.29189
1.19797
1.07538
0.97004
1.29154
1.20051
1.08107
0.96921
1.28897
1.19568
1.07771
0.968016
1.28927
1.19448
1.07809
0.96811
1.2891
1.19695
1.08117
0.972509
1.29389
1.19847
1.07686
0.968368
1.28823
1.19789
1.07952
0.970463
1.29085
1.19688
1.07878
0.968106
1.29287
1.19702
1.07889
0.969023
1.29251
1.19811
1.08011
0.972056
1.29302
1.20044
1.08216
0.973397
1.29353
1.20003
1.08413
0.975883
1.29646
1.2036
1.08489
0.974686
1.29517
1.20203
1.08507
0.975636
1.29546
1.20239
1.08225
0.973354
1.2936
1.20053
1.08017
0.970867
1.29129
1.19538
1.08124
0.968533
1.28945
1.19395
1.07368
0.965671
1.28569
1.19335
1.07422
0.964941
1.28756
1.1967
1.07698
0.968614
1.29131
1.19669
1.07674
0.966129
1.28823
1.19235
1.07265
0.964079
1.28734
1.1944
1.07426
0.965071
1.2864
1.19019
1.07453
0.965488
1.28643
1.19595
1.07758
0.966981
1.28672
1.1939
1.07495
0.964021
1.28778
1.19549
1.0777
0.966773
1.28809
1.19298
1.07496
0.965568
1.28643
1.19517
1.07771
0.966661
1.2859
1.19384
1.07777
0.969516
1.29098
1.19984
1.08008
0.970089
1.28959
1.19487
1.07742
0.969095
1.29195
1.19603
1.0763
0.968924
1.29347
1.20197
1.08241
0.974312
1.29595
1.19719
1.07544
0.966446
1.28739
1.19253
1.07675
0.964824
1.28815
1.19306
1.07665
0.967812
1.28917
1.19385
1.07588
0.964947
1.28737
1.19607
1.07537
0.968929
1.28897
1.19796
1.07838
0.969905
1.29272
1.20308
1.0863
0.974104
1.29572
1.20559
1.08896
0.977625
1.29969
1.20225
1.08238
0.968243
1.29018
1.199
1.07794
0.965172
1.28698
1.19337
1.07503
0.966665
1.28889
1.19173
1.07452
0.968009
1.28808
1.20035
1.08015
0.969925
1.29349
1.19706
1.07994
0.971694
1.29167
1.19621
1.07615
0.968574
1.28909
1.19503
1.07606
0.966497
1.28826
1.19373
1.07603
0.965383
1.28688
1.19399
1.07668
0.964553
1.28806
1.18994
1.07083
0.962942
1.28523
1.19187
1.07642
0.966767
1.28984
1.19236
1.07399
0.965321
1.28414
1.19197
1.07399
0.96648
1.28653
1.19213
1.07318
0.962629
1.28306
1.19154
1.07114
0.964868
1.28738
1.19423
1.07517
0.967095
1.28659
1.1942
1.07435
0.967033
1.28991
1.19557
1.07917
0.969595
1.29147
1.19861
1.0795
0.966759
1.28701
1.19365
1.07981
0.969462
1.29037
1.19685
1.07856
0.969608
1.28813
1.19301
1.07521
0.965844
1.28799
1.19387
1.07427
0.964343
1.28709
1.19213
1.07442
0.963229
1.2854
1.19363
1.07766
0.970168
1.29295
1.1987
1.08043
0.971044
1.29311
1.19851
1.08083
0.971472
1.29135
1.19636
1.07769
0.966678
1.28828
1.19439
1.07725
0.965011
1.28714
1.19439
1.07636
0.96513
1.28672
1.19228
1.07349
0.964992
1.2859
1.19016
1.07292
0.967406
1.29123
1.19741
1.07937
0.968759
1.28869
1.19512
1.07678
0.967617
1.29142
1.19505
1.07571
0.965042
1.28656
1.19519
1.07463
0.965241
1.28732
1.18871
1.07244
0.964145
1.28413
1.19122
1.07503
0.966116
1.28752
1.1922
1.07394
0.964667
1.28593
1.18802
1.07272
0.960403
1.28299
1.18824
1.07193
0.961499
1.28399
1.1893
1.07361
0.962534
1.28188
1.18742
1.06747
0.9619
1.28323
1.19009
1.07304
0.962189
1.28457
1.18882
1.06878
0.959663
1.28302
1.19276
1.07436
0.96258
1.28755
1.19156
1.07316
0.962502
1.28486
1.18881
1.06744
0.960734
1.28455
1.19242
1.07445
0.967251
1.29023
1.19907
1.08029
0.972181
1.29102
1.19561
1.07659
0.969248
1.2877
1.19635
1.0791
0.970823
1.29529
1.20218
1.08176
0.972412
1.2915
1.19776
1.07818
0.968071
1.28799
1.19894
1.08127
0.971022
1.2944
1.20185
1.0808
0.971233
1.29307
1.19868
1.08195
0.971424
1.29113
1.19649
1.07767
0.96777
1.29023
1.1976
1.08003
0.970563
1.29398
1.19846
1.08054
0.971691
1.29151
1.1949
1.07601
0.967413
1.28779
1.19228
1.07432
0.964258
1.28581
1.18871
1.07207
0.963295
1.28384
1.19277
1.07463
0.966723
1.28805
1.19292
1.07542
0.966359
1.29022
1.19801
1.07999
0.972747
1.2947
1.20006
1.07861
0.96999
1.29274
1.19725
1.07751
0.967251
1.29042
1.19639
1.07766
0.970089
1.29085
1.1997
1.08178
0.970826
1.29139
1.19635
1.07826
0.969691
1.29098
1.19986
1.08082
0.971163
1.29525
1.20302
1.08285
0.972687
1.29287
1.19734
1.08193
0.973336
1.29502
1.19956
1.08264
0.973102
1.29352
1.19674
1.07574
0.967797
1.28886
1.19454
1.07603
0.967151
1.28846
1.19318
1.07549
0.967137
1.28861
1.18994
1.07053
0.962162
1.28415
1.19068
1.07216
0.962784
1.28657
1.19312
1.07739
0.968954
1.29071
1.19652
1.07542
0.967153
1.2898
1.19628
1.0756
0.966834
1.28901
1.19392
1.07557
0.967399
1.29054
1.19708
1.08123
0.970534
1.29016
1.19398
1.07609
0.963991
1.28594
1.18968
1.07223
0.965002
1.28482
1.19226
1.07415
0.962847
1.28238
1.18822
1.07284
0.965208
1.2852
1.19329
1.07113
0.962365
1.2841
1.19157
1.07373
0.964035
1.28765
1.18879
1.07068
0.960599
1.28136
1.19147
1.07357
0.962342
1.28361
1.19133
1.07171
0.961573
1.28309
1.1897
1.07457
0.965384
1.28567
1.19422
1.07791
0.967448
1.28475
1.1893
1.07324
0.965586
1.28425
1.19076
1.07393
0.965235
1.28587
1.19572
1.07626
0.96821
1.29153
1.20099
1.082
0.971914
1.29333
1.19962
1.07746
0.967317
1.28879
1.19873
1.07845
0.969254
1.28917
1.19354
1.07471
0.964392
1.28452
1.19214
1.07549
0.967273
1.28886
1.19575
1.07804
0.967851
1.28792
1.189
1.07098
0.962001
1.28394
1.19134
1.07259
0.964669
1.2867
1.19627
1.07701
0.966059
1.29024
1.19818
1.07938
0.966516
1.28576
1.19231
1.07174
0.960147
1.28274
1.18959
1.07117
0.960741
1.28305
1.18907
1.07049
0.964169
1.28492
1.19159
1.07024
0.96157
1.28385
1.19192
1.0745
0.963999
1.28613
1.19659
1.07621
0.965704
1.28743
1.19253
1.07668
0.967955
1.28754
1.19024
1.07336
0.963605
1.28579
1.19502
1.07816
0.970883
1.28916
1.19953
1.08082
0.968578
1.28943
1.19727
1.07823
0.96635
1.28738
1.19284
1.07307
0.966208
1.28677
1.19283
1.07148
0.962678
1.28461
1.19116
1.07408
0.96483
1.28842
1.19482
1.07625
0.967617
1.28828
1.19497
1.07524
0.967625
1.28952
1.19428
1.0755
0.965096
1.29008
1.19999
1.08033
0.969618
1.29202
1.19896
1.08001
0.96994
1.29239
1.19816
1.08102
0.971404
1.29222
1.199
1.07817
0.969907
1.29101
1.19397
1.07595
0.966997
1.28438
1.18894
1.07177
0.962108
1.28376
1.18915
1.0698
0.961528
1.28446
1.19046
1.07303
0.961576
1.28374
1.18811
1.07129
0.961949
1.28259
1.18758
1.07176
0.962476
1.28308
1.1928
1.07405
0.959906
1.28214
1.19026
1.07451
0.966656
1.28859
1.19445
1.07817
0.969486
1.28887
1.19475
1.07636
0.967095
1.28921
1.19642
1.07921
0.971504
1.29213
1.20061
1.07736
0.968351
1.28884
1.19616
1.07851
0.967082
1.28717
1.19184
1.07494
0.967026
1.28923
1.19887
1.08111
0.969744
1.28719
1.19544
1.07571
0.965553
1.28677
1.19025
1.07572
0.965978
1.28681
1.1919
1.07459
0.965782
1.28597
1.19078
1.07025
0.961684
1.28082
1.18799
1.07283
0.965587
1.29017
1.19684
1.07934
0.968112
1.28923
1.1995
1.07973
0.971628
1.29339
1.20067
1.08196
0.970344
1.29168
1.19986
1.08142
0.972036
1.2944
1.19918
1.07879
0.969377
1.28925
1.19527
1.07796
0.96887
1.2894
1.19561
1.07584
0.966894
1.28596
1.19514
1.07703
0.966692
1.28968
1.19543
1.07366
0.963361
1.28463
1.18939
1.07186
0.961726
1.28297
1.18965
1.07289
0.96318
1.28597
1.19735
1.07795
0.966432
1.28799
1.19378
1.07748
0.966403
1.2864
1.1944
1.07512
0.964531
1.28625
1.19461
1.07539
0.96559
1.2888
1.19133
1.07202
0.962704
1.28398
1.19293
1.07415
0.962601
1.28284
1.18762
1.06975
0.960675
1.2825
1.18947
1.07162
0.959327
1.28231
1.19058
1.07394
0.962703
1.28473
1.19109
1.07216
0.962007
1.2823
1.18946
1.0686
0.959283
1.2819
1.18607
1.0635
0.95437
1.27746
1.18493
1.06382
0.9551
1.27563
1.18572
1.06766
0.961055
1.28
1.18535
1.06702
0.957219
1.27753
1.18919
1.06862
0.959483
1.28189
1.19104
1.07031
0.964588
1.28493
1.19212
1.07537
0.965685
1.28723
1.19383
1.07594
0.966949
1.29002
1.19556
1.07706
0.966519
1.28859
1.19616
1.07597
0.964221
1.28683
1.19126
1.0739
0.964159
1.28703
1.19495
1.07728
0.96688
1.28882
1.19544
1.07761
0.967324
1.29139
1.1984
1.08033
0.971861
1.29292
1.19737
1.08113
0.968736
1.29007
1.19819
1.07778
0.969411
1.29065
1.19489
1.07679
0.967454
1.28829
1.1972
1.08101
0.973423
1.29249
1.19557
1.0807
0.971265
1.2902
1.19637
1.07699
0.966984
1.28829
1.19242
1.07406
0.966151
1.29025
1.19594
1.07804
0.967962
1.2894
1.19657
1.07875
0.969217
1.29168
1.19544
1.07019
0.959567
1.28126
1.18921
1.07188
0.96165
1.28448
1.19253
1.07267
0.963266
1.28289
1.19169
1.07371
0.964726
1.28885
1.19431
1.07531
0.965489
1.28845
1.19262
1.07317
0.964491
1.28658
1.19066
1.07289
0.962838
1.28686
1.19293
1.07569
0.967885
1.28769
1.19374
1.07443
0.960278
1.28278
1.1924
1.07564
0.963519
1.28626
1.19346
1.07299
0.963416
1.28334
1.18891
1.06671
0.957599
1.2813
1.18849
1.07378
0.967073
1.28938
1.19501
1.07675
0.96591
1.28632
1.19425
1.07612
0.966688
1.28846
1.19599
1.07819
0.968343
1.28777
1.19119
1.0741
0.967134
1.28953
1.1947
1.07611
0.967233
1.28895
1.1955
1.07836
0.968335
1.2878
1.18978
1.07197
0.964406
1.28747
1.1955
1.07642
0.967778
1.28964
1.19661
1.07494
0.966866
1.28776
1.19429
1.07514
0.966511
1.28927
1.19856
1.0806
0.972227
1.2952
1.2016
1.08294
0.970694
1.29071
1.19284
1.07505
0.966555
1.28749
1.19182
1.07291
0.965225
1.2864
1.19345
1.07292
0.960874
1.28127
1.19034
1.072
0.964563
1.28683
1.19243
1.0749
0.963672
1.28325
1.18789
1.06971
0.959763
1.28311
1.19184
1.07289
0.965049
1.28766
1.19725
1.07859
0.970752
1.28729
1.19308
1.07587
0.967483
1.28973
1.19754
1.07657
0.967241
1.28983
1.19583
1.07824
0.969826
1.29175
1.19652
1.07747
0.971173
1.29143
1.20074
1.08292
0.971362
1.28927
1.19141
1.07425
0.965824
1.28799
1.19506
1.0761
0.967622
1.29031
1.19557
1.07784
0.968089
1.29023
1.19732
1.07865
0.968885
1.28887
1.19582
1.08035
0.97162
1.29326
1.19592
1.07916
0.968099
1.29018
1.19314
1.07363
0.966765
1.28761
1.19333
1.07603
0.969083
1.2933
1.19878
1.07724
0.969699
1.29193
1.19446
1.07865
0.969298
1.28942
1.19848
1.07776
0.970788
1.29245
1.19828
1.08018
0.970476
1.28997
1.1972
1.07873
0.968259
1.29047
1.19659
1.07879
0.966963
1.2905
1.19732
1.07649
0.9662
1.28881
1.19363
1.0744
0.966075
1.28913
1.1964
1.07869
0.970904
1.29274
1.19828
1.07959
0.970217
1.29161
1.19549
1.07836
0.96918
1.29091
1.19452
1.0758
0.965481
1.28745
1.19495
1.07581
0.964673
1.28586
1.19642
1.07807
0.967788
1.28939
1.19968
1.07512
0.965937
1.28737
1.19454
1.07706
0.966823
1.28971
1.19793
1.08125
0.970724
1.29321
1.2007
1.08091
0.970365
1.29212
1.19999
1.0789
0.970955
1.2932
1.19658
1.07713
0.965724
1.2877
1.19618
1.07807
0.966908
1.28745
1.19984
1.08083
0.968824
1.28936
1.19314
1.07626
0.96811
1.29171
1.19859
1.07841
0.968716
1.29049
1.191
1.07259
0.965988
1.28949
1.19398
1.07224
0.961564
1.28075
1.18738
1.06919
0.95869
1.28044
1.18503
1.06716
0.958488
1.28142
1.18546
1.06607
0.959502
1.28379
1.19078
1.07436
0.966292
1.28462
1.19103
1.07159
0.961606
1.28389
1.19092
1.07132
0.962139
1.28475
1.19073
1.07271
0.963904
1.28481
1.19237
1.07515
0.966929
1.28719
1.19649
1.07477
0.963066
1.28628
1.19352
1.07594
0.965969
1.28715
1.19223
1.07596
0.968689
1.29252
1.19921
1.08158
0.973839
1.29375
1.198
1.07813
0.969377
1.28907
1.19292
1.07773
0.966634
1.28946
1.19633
1.08048
0.969964
1.29044
1.19025
1.07392
0.962858
1.2833
1.18756
1.0676
0.955307
1.27792
1.18511
1.06536
0.956971
1.27783
1.18849
1.06876
0.96124
1.28544
1.1932
1.07216
0.963961
1.2875
1.19482
1.07615
0.967896
1.28846
1.19629
1.07729
0.967852
1.28866
1.19588
1.07893
0.968205
1.29013
1.19774
1.08262
0.973617
1.2919
1.19901
1.07961
0.968607
1.29166
1.19875
1.08082
0.973199
1.29305
1.20135
1.08074
0.972649
1.29189
1.19434
1.07483
0.967542
1.28938
1.1977
1.07961
0.973229
1.29465
1.20083
1.08075
0.970818
1.29206
1.1961
1.0779
0.966951
1.28891
1.19466
1.07556
0.965913
1.28735
1.19113
1.07091
0.96441
1.28784
1.19809
1.07987
0.970622
1.28979
1.19512
1.079
0.96959
1.28988
1.19439
1.07593
0.965625
1.28648
1.1901
1.07076
0.962288
1.28413
1.1879
1.07178
0.962864
1.28561
1.1919
1.0774
0.969542
1.29047
1.19403
1.07658
0.967767
1.28553
1.19174
1.07274
0.963165
1.28483
1.19164
1.07337
0.963774
1.28612
1.19223
1.07313
0.964214
1.28578
1.19272
1.07336
0.960346
1.2817
1.18824
1.07337
0.964158
1.28602
1.19145
1.07572
0.967399
1.29064
1.19763
1.082
0.968863
1.29049
1.19649
1.07091
0.963706
1.28692
1.18985
1.07549
0.963496
1.28495
1.19022
1.07235
0.965488
1.28756
1.1959
1.07841
0.967359
1.2843
1.19271
1.07201
0.960882
1.28102
1.18555
1.06591
0.958406
1.28317
1.18939
1.07077
0.960719
1.28235
1.18727
1.06536
0.956821
1.28016
1.18472
1.06361
0.956593
1.27995
1.18585
1.07045
0.963309
1.28505
1.19276
1.07362
0.962922
1.28676
1.19211
1.07613
0.963374
1.28435
1.19039
1.07367
0.963212
1.2834
1.18515
1.06629
0.955834
1.27767
1.18599
1.06887
0.960438
1.28267
1.19077
1.07099
0.961535
1.28344
1.19022
1.07308
0.963406
1.28489
1.19355
1.07581
0.968779
1.29027
1.19672
1.0776
0.967389
1.28727
1.19512
1.07761
0.968879
1.29109
1.19815
1.07901
0.969893
1.29091
1.19645
1.08099
0.96927
1.29082
1.19562
1.07586
0.965784
1.28962
1.19492
1.07438
0.965712
1.28853
1.1943
1.07088
0.963801
1.28793
1.19308
1.07234
0.967196
1.288
1.19355
1.07342
0.963695
1.28553
1.19114
1.07172
0.96392
1.28413
1.19088
1.07462
0.965123
1.28754
1.19219
1.07173
0.965075
1.28582
1.19062
1.0732
0.964065
1.28521
1.18965
1.07149
0.962666
1.2847
1.19344
1.07576
0.966827
1.28925
1.1952
1.07648
0.966051
1.28688
1.19343
1.07689
0.967945
1.29019
1.19883
1.07852
0.966489
1.2899
1.19586
1.07114
0.964216
1.28673
1.19262
1.07664
0.964735
1.28788
1.19557
1.07684
0.966253
1.2882
1.1965
1.07541
0.967577
1.28957
1.19706
1.07929
0.970014
1.29248
1.19922
1.07852
0.970647
1.29358
1.19632
1.078
0.970445
1.29129
1.19937
1.08285
0.971472
1.29204
1.19748
1.08046
0.96963
1.2912
1.19381
1.07716
0.971231
1.29327
1.20037
1.08328
0.973026
1.29239
1.20179
1.08515
0.974944
1.29402
1.19728
1.07685
0.968498
1.28834
1.1952
1.07629
0.968185
1.28958
1.19228
1.07358
0.965016
1.28728
1.19327
1.07668
0.965967
1.28838
1.19512
1.07544
0.966423
1.2889
1.19341
1.07524
0.964271
1.2839
1.18986
1.0691
0.961529
1.28444
1.19293
1.07416
0.966925
1.28617
1.19282
1.074
0.964577
1.28579
1.19344
1.07753
0.966955
1.2876
1.19558
1.0749
0.964477
1.28766
1.19413
1.07565
0.963626
1.28586
1.19319
1.07637
0.96588
1.28886
1.19481
1.07897
0.969078
1.29083
1.19983
1.08117
0.969738
1.29225
1.19914
1.07994
0.968082
1.28899
1.19531
1.07669
0.964889
1.2846
1.19423
1.07789
0.966771
1.28965
1.1969
1.07977
0.967903
1.29153
1.19856
1.07549
0.967555
1.28904
1.19923
1.07844
0.967765
1.29035
1.19706
1.0792
0.968969
1.29207
1.19952
1.07946
0.96829
1.28856
1.19834
1.0775
0.967954
1.28941
1.19612
1.07859
0.972518
1.29469
1.20196
1.08442
0.971945
1.29531
1.20056
1.08076
0.967096
1.2861
1.19534
1.07786
0.966573
1.28759
1.19573
1.07775
0.969577
1.2919
1.19379
1.0768
0.967653
1.28781
1.19379
1.07666
0.966518
1.29046
1.19394
1.07619
0.967141
1.28929
1.19262
1.07404
0.966791
1.29034
1.19511
1.07553
0.966273
1.2897
1.19567
1.07838
0.965258
1.2887
1.1938
1.07552
0.963846
1.28579
1.18903
1.06997
0.963257
1.28536
1.19488
1.07684
0.967006
1.28833
1.19416
1.07666
0.969501
1.29011
1.19408
1.07507
0.966165
1.28743
1.19232
1.07477
0.967174
1.28729
1.19252
1.07434
0.964657
1.28643
1.18724
1.07064
0.961904
1.28441
1.19009
1.07293
0.965775
1.28627
1.19285
1.07431
0.965689
1.28773
1.18997
1.07063
0.961172
1.28295
1.19105
1.07389
0.964812
1.28376
1.18933
1.07105
0.96051
1.2821
1.188
1.06783
0.961388
1.28224
1.18761
1.06967
0.959183
1.28297
1.19257
1.07571
0.968468
1.29135
1.19666
1.07826
0.967727
1.28961
1.19714
1.07783
0.966677
1.28599
1.19407
1.07647
0.968906
1.28936
1.1963
1.07971
0.97077
1.29143
1.19674
1.08025
0.966714
1.28778
1.19481
1.07577
0.969547
1.29123
1.19697
1.07941
0.970683
1.29078
1.19618
1.07719
0.96916
1.28922
1.19747
1.07912
0.966177
1.2886
1.19516
1.07682
0.967472
1.28638
1.19363
1.07458
0.963792
1.28648
1.19441
1.07436
0.9634
1.28328
1.19135
1.07624
0.966482
1.28892
1.19745
1.07951
0.970556
1.29189
1.20001
1.08138
0.971164
1.29078
1.19618
1.07698
0.96913
1.29285
1.20052
1.07928
0.970381
1.29075
1.19704
1.0779
0.969757
1.28895
1.19318
1.0761
0.968011
1.29255
1.19531
1.07746
0.966419
1.28896
1.19573
1.07834
0.969683
1.28966
1.19758
1.08071
0.968454
1.29082
1.19839
1.07814
0.967377
1.28836
1.19324
1.07642
0.966298
1.29043
1.19504
1.07534
0.967505
1.29045
1.19643
1.07816
0.969859
1.29073
1.19787
1.08075
0.971316
1.29154
1.19987
1.07967
0.9713
1.29168
1.19721
1.07859
0.97066
1.28922
1.19496
1.07515
0.968765
1.28777
1.19479
1.0762
0.968307
1.29182
1.19426
1.07779
0.969028
1.29174
1.19608
1.07596
0.96896
1.29113
1.19802
1.07785
0.966567
1.2867
1.19482
1.07537
0.967958
1.29084
1.19772
1.07953
0.970417
1.28819
1.19364
1.07126
0.961306
1.28502
1.19054
1.0737
0.965326
1.28604
1.19104
1.07277
0.965554
1.28817
1.19693
1.07763
0.966799
1.28804
1.19677
1.07644
0.965555
1.28739
1.19469
1.07651
0.965558
1.28471
1.18931
1.07125
0.961893
1.28588
1.19816
1.08029
0.970216
1.29087
1.19868
1.07868
0.969273
1.29025
1.19778
1.07767
0.969865
1.28995
1.19638
1.07704
0.966216
1.28814
1.19174
1.07155
0.960235
1.2822
1.18984
1.07399
0.965121
1.28529
1.19469
1.07714
0.966571
1.28949
1.19465
1.07486
0.96482
1.28663
1.19183
1.07368
0.964248
1.2872
1.18908
1.07328
0.962932
1.28317
1.18655
1.06763
0.958492
1.28064
1.18658
1.07021
0.9606
1.28448
1.18968
1.07289
0.964973
1.28625
1.19236
1.0765
0.964918
1.28777
1.19321
1.07723
0.96795
1.28853
1.19597
1.07756
0.965727
1.28856
1.19492
1.07513
0.964063
1.2862
1.19268
1.0735
0.960649
1.28408
1.19369
1.07198
0.961578
1.28338
1.18906
1.06871
0.959375
1.28103
1.19016
1.07205
0.964122
1.28706
1.19269
1.07698
0.969645
1.29132
1.20018
1.08073
0.966861
1.28801
1.19717
1.07926
0.970528
1.29018
1.1945
1.0741
0.96577
1.28806
1.19676
1.07594
0.966215
1.28704
1.19478
1.07308
0.960268
1.28299
1.19266
1.07487
0.964366
1.28482
1.19401
1.0793
0.96785
1.28964
1.19809
1.07536
0.966834
1.2876
1.19405
1.07544
0.96582
1.28764
1.19416
1.07729
0.969695
1.28866
1.19775
1.077
0.967929
1.28965
1.1964
1.07536
0.963544
1.28254
1.19133
1.07133
0.962548
1.28553
1.19441
1.07184
0.9639
1.28607
1.19094
1.06865
0.961887
1.28436
1.19238
1.07691
0.967734
1.2881
1.19381
1.07335
0.96414
1.28496
1.19133
1.07451
0.963502
1.28488
1.19005
1.07207
0.961479
1.2841
1.19275
1.07906
0.966914
1.28762
1.19665
1.07675
0.966567
1.2862
1.19601
1.07826
0.969527
1.29068
1.19531
1.08015
0.968848
1.29089
1.19738
1.08083
0.970304
1.29266
1.19814
1.08103
0.972523
1.29419
1.19983
1.08224
0.97034
1.29328
1.19952
1.07891
0.969354
1.29244
1.1983
1.07597
0.96669
1.2861
1.18934
1.07184
0.96226
1.28676
1.1951
1.07445
0.965149
1.28745
1.19603
1.07682
0.966725
1.28629
1.1935
1.07691
0.968666
1.2925
1.19839
1.07768
0.967519
1.28809
1.19656
1.07522
0.964556
1.28551
1.1954
1.07496
0.966161
1.28656
1.19382
1.07604
0.966101
1.28722
1.19561
1.07827
0.970658
1.29319
1.20281
1.08233
0.972127
1.29255
1.19866
1.07984
0.971145
1.29342
1.1988
1.08149
0.968394
1.28874
1.1949
1.07763
0.968563
1.29085
1.1993
1.08025
0.969989
1.29088
1.19995
1.07981
0.968021
1.28722
1.19457
1.07632
0.96882
1.29238
1.19743
1.07887
0.968911
1.292
1.2
1.08068
0.974204
1.29312
1.19882
1.07905
0.970807
1.29195
1.19967
1.0796
0.971335
1.29412
1.19986
1.07805
0.967035
1.28873
1.19549
1.07512
0.965288
1.2857
1.19487
1.07873
0.966379
1.28595
1.19079
1.07369
0.966104
1.28519
1.19188
1.07507
0.9627
1.28712
1.19036
1.07423
0.96531
1.2873
1.19453
1.07289
0.96368
1.28258
1.19255
1.07766
0.966513
1.28876
1.19289
1.07649
0.967542
1.28937
1.19599
1.07551
0.967293
1.28994
1.19722
1.0785
0.96839
1.29174
1.19744
1.07568
0.965826
1.28655
1.19353
1.07592
0.966037
1.28776
1.19341
1.07723
0.969024
1.29005
1.19713
1.07551
0.967234
1.28715
1.19299
1.07448
0.966514
1.28609
1.19244
1.07665
0.96614
1.28669
1.18957
1.07548
0.966253
1.28768
1.19116
1.07558
0.966147
1.28974
1.19941
1.07956
0.970433
1.29227
1.19838
1.07805
0.967679
1.28832
1.19487
1.0772
0.969274
1.28857
1.19783
1.08169
0.970541
1.29105
1.19483
1.07652
0.971039
1.29327
1.19906
1.08057
0.970178
1.29233
1.19912
1.08038
0.972118
1.29248
1.1982
1.08087
0.971579
1.29158
1.19471
1.07457
0.966031
1.28641
1.194
1.07517
0.962496
1.28419
1.19117
1.07569
0.963908
1.28556
1.19022
1.07247
0.960582
1.28293
1.18951
1.07204
0.962918
1.28297
1.18961
1.07029
0.963134
1.28253
1.18866
1.07155
0.96253
1.28566
1.19232
1.07343
0.965974
1.28979
1.19591
1.07591
0.96572
1.28603
1.19451
1.07485
0.964191
1.2865
1.19498
1.07933
0.96834
1.29087
1.19464
1.07765
0.967917
1.28758
1.19253
1.07486
0.965901
1.28709
1.19306
1.07457
0.961964
1.28589
1.19614
1.07687
0.96869
1.28865
1.19506
1.07935
0.970339
1.28948
1.19739
1.08197
0.971328
1.29271
1.1964
1.07756
0.96706
1.28772
1.19157
1.07528
0.964587
1.28817
1.19518
1.0779
0.96812
1.29042
1.19609
1.07727
0.966226
1.28486
1.19086
1.07395
0.966838
1.28821
1.19489
1.07564
0.964166
1.28458
1.19164
1.07498
0.965263
1.28702
1.19225
1.07267
0.96398
1.28424
1.18967
1.0714
0.964105
1.28623
1.19197
1.07572
0.967916
1.28692
1.18914
1.06946
0.960024
1.28033
1.18805
1.06932
0.959249
1.28326
1.18978
1.07141
0.962149
1.28282
1.19167
1.07198
0.963119
1.28555
1.19111
1.07375
0.964622
1.28405
1.18973
1.07146
0.963512
1.28219
1.18757
1.07045
0.962302
1.28524
1.19053
1.07102
0.961389
1.28234
1.18958
1.07415
0.965764
1.28608
1.19375
1.07553
0.967843
1.29119
1.19878
1.07847
0.969879
1.29255
1.19795
1.07946
0.969837
1.29061
1.19626
1.07953
0.96984
1.29295
1.19649
1.07727
0.966726
1.28803
1.19497
1.07391
0.965798
1.28929
1.1966
1.07799
0.969986
1.29198
1.19628
1.07779
0.970086
1.29268
1.19646
1.07585
0.965462
1.28877
1.19554
1.07689
0.96454
1.28486
1.19455
1.07324
0.966273
1.28617
1.19362
1.07117
0.96443
1.28526
1.18933
1.07
0.962684
1.28332
1.19237
1.07088
0.961483
1.28406
1.18961
1.07061
0.960581
1.2815
1.18604
1.06879
0.963015
1.28382
1.18988
1.06955
0.963273
1.28282
1.19217
1.0736
0.966785
1.28769
1.19489
1.07644
0.966481
1.28839
1.19398
1.07385
0.964901
1.28871
1.19397
1.07556
0.967486
1.28761
1.19604
1.07701
0.968672
1.29036
1.19543
1.07843
0.96987
1.29384
1.20243
1.0815
0.971262
1.29263
1.19882
1.08125
0.972333
1.2912
1.19423
1.07584
0.966885
1.28803
1.19402
1.07436
0.963398
1.28558
1.18992
1.06975
0.9632
1.28453
1.1889
1.07293
0.963996
1.28477
1.18973
1.07511
0.966556
1.28521
1.19272
1.07457
0.962253
1.28488
1.19011
1.07109
0.963062
1.28456
1.18759
1.07137
0.962304
1.28651
1.1933
1.07318
0.963577
1.28382
1.19232
1.07711
0.96855
1.29099
1.19733
1.07597
0.965138
1.28455
1.19218
1.07516
0.966347
1.28839
1.19415
1.07563
0.965832
1.28716
1.19236
1.07476
0.966626
1.28776
1.19311
1.07726
0.967402
1.28647
1.19301
1.07453
0.96554
1.28765
1.19298
1.07405
0.966653
1.2871
1.19166
1.073
0.963801
1.28381
1.19412
1.07894
0.970261
1.29123
1.19718
1.07879
0.972976
1.2917
1.19789
1.07945
0.967544
1.29161
1.19576
1.07681
0.966677
1.28809
1.19256
1.07211
0.965781
1.28834
1.19643
1.07785
0.969313
1.29161
1.19667
1.07701
0.967506
1.28967
1.19384
1.07572
0.966836
1.28829
1.1941
1.07574
0.965624
1.2865
1.19293
1.0727
0.965462
1.28511
1.19254
1.07499
0.964258
1.28586
1.19525
1.07338
0.964722
1.28739
1.19604
1.08164
0.968482
1.29014
1.19793
1.07848
0.971428
1.28939
1.19558
1.07202
0.963603
1.2845
1.19346
1.07544
0.963802
1.28372
1.18952
1.07186
0.965311
1.28753
1.19366
1.07494
0.965347
1.28785
1.19411
1.07562
0.964247
1.28632
1.19369
1.07968
0.97031
1.29193
1.19748
1.08176
0.9703
1.29295
1.19819
1.07958
0.970279
1.29271
1.19939
1.08218
0.970149
1.29168
1.2006
1.08253
0.973713
1.2959
1.20257
1.08296
0.973474
1.29545
1.19982
1.07809
0.97013
1.28977
1.19333
1.07521
0.965731
1.28722
1.19515
1.07791
0.968562
1.2908
1.19744
1.07883
0.966999
1.28955
1.19449
1.07804
0.96918
1.29076
1.19383
1.07629
0.966275
1.28556
1.19313
1.07227
0.96265
1.28159
1.19037
1.0736
0.963666
1.2857
1.19345
1.07528
0.966229
1.28831
1.19377
1.07413
0.965437
1.28404
1.19034
1.07508
0.963629
1.28668
1.19291
1.07782
0.967738
1.28923
1.19656
1.07816
0.969375
1.29259
1.19859
1.07644
0.964406
1.28796
1.19262
1.0741
0.967033
1.28825
1.1936
1.07549
0.96642
1.28927
1.19663
1.07704
0.965875
1.28742
1.1924
1.07177
0.964384
1.28486
1.19208
1.07552
0.963615
1.28823
1.19517
1.07579
0.967732
1.28899
1.19471
1.07791
0.970529
1.29159
1.1993
1.08123
0.971006
1.29124
1.19865
1.0817
0.971307
1.29204
1.20051
1.07885
0.967736
1.28633
1.19125
1.07418
0.963201
1.28432
1.19155
1.07374
0.963313
1.28528
1.19264
1.07437
0.963785
1.28643
1.19157
1.06888
0.959327
1.28183
1.19281
1.07196
0.963736
1.28336
1.19118
1.07229
0.961894
1.28316
1.19167
1.07295
0.961934
1.28394
1.1906
1.0719
0.963159
1.28425
1.19002
1.07046
0.959781
1.28362
1.19057
1.07504
0.967892
1.28721
1.19475
1.07651
0.967982
1.292
1.19849
1.07901
0.967748
1.28931
1.19299
1.07363
0.96605
1.28831
1.19688
1.08006
0.971092
1.29291
1.199
1.07551
0.966038
1.2869
1.1934
1.07502
0.96602
1.28674
1.19193
1.07297
0.963023
1.28218
1.18952
1.07303
0.964971
1.28667
1.19286
1.07404
0.96666
1.28934
1.19719
1.07855
0.96881
1.2914
1.19725
1.07977
0.9717
1.2912
1.19673
1.08101
0.969219
1.28863
1.19256
1.07763
0.96807
1.28863
1.19291
1.07935
0.967522
1.28643
1.19471
1.0751
0.966426
1.28909
1.19571
1.07677
0.967899
1.28947
1.19372
1.07682
0.967723
1.29166
1.19615
1.08148
0.970016
1.28725
1.19355
1.07521
0.964929
1.2867
1.19243
1.07414
0.96322
1.2849
1.19212
1.07029
0.95759
1.28281
1.18616
1.07006
0.957665
1.27958
1.1871
1.06833
0.96105
1.28346
1.1876
1.07178
0.962706
1.28398
1.18945
1.06869
0.961481
1.28252
1.19035
1.07031
0.96255
1.28443
1.1928
1.07575
0.964754
1.28605
1.19115
1.0717
0.965087
1.28697
1.19507
1.07964
0.970699
1.29092
1.19456
1.07757
0.971534
1.29302
1.19952
1.07947
0.967474
1.28751
1.19288
1.0729
0.964448
1.28662
1.19547
1.07883
0.969444
1.28999
1.19473
1.0772
0.96754
1.29236
1.19989
1.08153
0.971403
1.29395
1.19666
1.07749
0.968271
1.28924
1.19448
1.07675
0.965886
1.28932
1.195
1.07621
0.968272
1.28895
1.19719
1.07893
0.969857
1.28937
1.19513
1.0757
0.965355
1.28646
1.19305
1.07092
0.96151
1.28468
1.18906
1.07148
0.961868
1.28402
1.19131
1.0711
0.961332
1.28324
1.18642
1.06719
0.95886
1.2807
1.18957
1.07237
0.964201
1.28566
1.19492
1.0753
0.967707
1.28935
1.19608
1.07718
0.965953
1.28635
1.19218
1.07544
0.965551
1.28713
1.19254
1.07216
0.963371
1.28174
1.18973
1.07352
0.964413
1.28723
1.19348
1.07743
0.968136
1.286
1.19559
1.0766
0.967631
1.28971
1.19291
1.07515
0.967984
1.28892
1.19399
1.07618
0.968383
1.28816
1.19487
1.07545
0.967147
1.28787
1.19292
1.07524
0.967693
1.28932
1.19353
1.07653
0.96512
1.28701
1.18998
1.07377
0.963902
1.2856
1.19081
1.07745
0.966766
1.288
1.19306
1.07164
0.962476
1.28012
1.1865
1.06954
0.964061
1.28648
1.19153
1.07319
0.963673
1.28347
1.19145
1.07261
0.965778
1.28754
1.19226
1.07388
0.963212
1.28297
1.19034
1.07347
0.963164
1.28421
1.18819
1.07306
0.964378
1.28772
1.19172
1.07065
0.96218
1.28305
1.19081
1.0724
0.965219
1.28612
1.1924
1.07386
0.966998
1.28684
1.19655
1.07742
0.967913
1.28609
1.19334
1.07542
0.968791
1.28938
1.20054
1.07874
0.97054
1.28992
1.19991
1.08226
0.972423
1.29393
1.20349
1.0829
0.973902
1.29366
1.19546
1.07229
0.964296
1.28542
1.19434
1.07068
0.960973
1.28144
1.18701
1.07278
0.963374
1.28632
1.19605
1.07605
0.966237
1.2868
1.1929
1.07516
0.964189
1.28399
1.18662
1.06627
0.957789
1.28068
1.19147
1.07214
0.964181
1.28661
1.19679
1.08073
0.971441
1.2941
1.19989
1.07869
0.970932
1.29283
1.20308
1.0815
0.971548
1.29004
1.19648
1.07737
0.969363
1.28881
1.19513
1.07718
0.968189
1.28859
1.19378
1.07666
0.966994
1.28545
1.19456
1.07711
0.968662
1.28747
1.19095
1.07154
0.960726
1.28158
1.18751
1.07252
0.965202
1.28831
1.19453
1.07701
0.966885
1.28972
1.19662
1.0758
0.963695
1.28415
1.19151
1.07312
0.963502
1.28604
1.18893
1.07171
0.962226
1.28308
1.19282
1.0738
0.959193
1.28474
1.19182
1.07233
0.961762
1.28381
1.19256
1.07294
0.963887
1.28752
1.19401
1.07434
0.963137
1.286
1.19377
1.07765
0.968365
1.28972
1.19391
1.07522
0.963753
1.2854
1.19091
1.07315
0.963306
1.28515
1.19272
1.07525
0.963046
1.28684
1.19223
1.07538
0.967382
1.29062
1.19551
1.07918
0.969405
1.28942
1.19456
1.07363
0.963748
1.28458
1.18959
1.07216
0.966533
1.28798
1.19562
1.07561
0.966466
1.29077
1.19807
1.08043
0.968948
1.28743
1.19621
1.07678
0.967849
1.28893
1.19564
1.07786
0.968593
1.29073
1.19592
1.07843
0.967366
1.28743
1.1953
1.07751
0.966734
1.28718
1.1906
1.07424
0.963745
1.28485
1.19167
1.07554
0.963677
1.28431
1.19408
1.07542
0.964409
1.28731
1.19504
1.07571
0.96537
1.28933
1.19909
1.08054
0.96976
1.28981
1.19628
1.07734
0.96929
1.28989
1.19451
1.07421
0.964573
1.28381
1.19033
1.07144
0.965205
1.28879
1.19429
1.07726
0.965769
1.28741
1.19386
1.0763
0.966461
1.28847
1.19433
1.07878
0.970346
1.29261
1.19733
1.07952
0.968103
1.28988
1.19685
1.07622
0.965375
1.28765
1.19241
1.07215
0.964865
1.28738
1.19489
1.07516
0.964687
1.28688
1.19177
1.07314
0.965111
1.28775
1.1908
1.07082
0.961831
1.28527
1.19159
1.07152
0.963479
1.28667
1.19274
1.07338
0.963311
1.28726
1.19115
1.07481
0.963616
1.28511
1.19333
1.07279
0.962333
1.28289
1.18762
1.07045
0.962674
1.28631
1.19195
1.07008
0.960659
1.28356
1.1879
1.06663
0.95812
1.27906
1.19028
1.07004
0.961745
1.28253
1.18491
1.0706
0.961149
1.28326
1.19271
1.07588
0.966535
1.28504
1.19553
1.07712
0.96635
1.28819
1.19187
1.07257
0.965464
1.28748
1.19322
1.07386
0.96393
1.28632
1.19473
1.07487
0.967564
1.28907
1.19646
1.07538
0.964982
1.28788
1.19451
1.07384
0.965457
1.2895
1.19607
1.07727
0.966411
1.28657
1.19355
1.07559
0.967749
1.29055
1.19786
1.07875
0.969527
1.28768
1.19247
1.07387
0.963883
1.28683
1.19267
1.07405
0.966479
1.28726
1.19493
1.07514
0.964461
1.28649
1.19501
1.07618
0.966111
1.28932
1.19498
1.07857
0.970968
1.29384
1.1982
1.08016
0.96506
1.28906
1.19643
1.07447
0.963507
1.28602
1.19275
1.07529
0.968263
1.28985
1.19498
1.07506
0.966879
1.28893
1.19431
1.07639
0.96808
1.28961
1.19389
1.07593
0.965023
1.28674
1.19548
1.07863
0.967453
1.28742
1.19173
1.07374
0.964756
1.28652
1.19319
1.07258
0.966979
1.2892
1.19307
1.07348
0.963622
1.28763
1.19445
1.07594
0.964621
1.28834
1.19441
1.07494
0.964671
1.28861
1.19556
1.07549
0.964156
1.2872
1.19519
1.07671
0.966716
1.28951
1.199
1.07996
0.971461
1.29239
1.2007
1.08138
0.970428
1.29285
1.19543
1.07846
0.969025
1.28957
1.19419
1.07441
0.965744
1.28808
1.19574
1.0781
0.969828
1.29044
1.19781
1.07962
0.96983
1.28896
1.19481
1.07775
0.967499
1.28966
1.19572
1.07788
0.971252
1.29116
1.19493
1.07647
0.965941
1.28919
1.19846
1.07708
0.968959
1.29078
1.19802
1.07881
0.969111
1.29242
1.19619
1.07493
0.964291
1.28475
1.1918
1.07345
0.960339
1.28441
1.19167
1.07826
0.966444
1.28863
1.19491
1.07445
0.965903
1.28518
1.19018
1.0752
0.966764
1.28912
1.19671
1.07695
0.966057
1.28618
1.19338
1.07144
0.961443
1.28298
1.19012
1.0728
0.966225
1.28806
1.19686
1.07796
0.973006
1.29232
1.19679
1.0764
0.967116
1.28945
1.19592
1.07508
0.966638
1.28805
1.19562
1.07693
0.96968
1.2894
1.1939
1.0746
0.964005
1.28362
1.18986
1.06956
0.960705
1.28326
1.18926
1.07107
0.964653
1.28558
1.19294
1.07561
0.965859
1.28853
1.19281
1.07728
0.966512
1.28773
1.1945
1.07601
0.967756
1.28948
1.19417
1.07607
0.965973
1.28814
1.19604
1.07446
0.965554
1.28657
1.19141
1.07571
0.967817
1.29028
1.19577
1.07604
0.963977
1.28598
1.19388
1.07405
0.963168
1.28525
1.19152
1.07554
0.964961
1.28791
1.19362
1.07497
0.967573
1.29104
1.19949
1.08224
0.971891
1.29341
1.19671
1.0768
0.967484
1.28902
1.19269
1.07426
0.966818
1.28851
1.19003
1.07237
0.962701
1.28398
1.18905
1.07047
0.962842
1.28315
1.19271
1.07459
0.966957
1.2872
1.19424
1.07345
0.963045
1.28484
1.19192
1.07397
0.965495
1.2883
1.19621
1.07885
0.969718
1.28859
1.19342
1.07472
0.965739
1.28783
1.19423
1.07455
0.964148
1.28596
1.19217
1.07446
0.963854
1.28544
1.19201
1.0729
0.962427
1.28525
1.19245
1.07315
0.96517
1.28727
1.19095
1.07406
0.964592
1.28562
1.19538
1.0762
0.967166
1.28872
1.19791
1.07541
0.963972
1.28629
1.19442
1.07457
0.964662
1.28769
1.19413
1.07546
0.967348
1.28743
1.19433
1.07248
0.964488
1.28482
1.19136
1.07212
0.963075
1.28705
1.19635
1.07726
0.965814
1.28564
1.19554
1.07737
0.965589
1.28661
1.19251
1.07304
0.965613
1.28782
1.18954
1.07393
0.961389
1.27986
1.18628
1.06706
0.956343
1.27832
1.1865
1.0651
0.958587
1.28095
1.19021
1.07131
0.964147
1.28805
1.19574
1.07792
0.970299
1.29034
1.19605
1.07719
0.965062
1.28732
1.19131
1.07345
0.964706
1.28636
1.1935
1.07823
0.971313
1.29234
1.19965
1.07965
0.9716
1.29129
1.19662
1.07931
0.970773
1.29203
1.20137
1.08452
0.975537
1.29592
1.2009
1.08184
0.971487
1.29549
1.2019
1.08375
0.974582
1.29438
1.19888
1.08247
0.975187
1.29435
1.19971
1.0798
0.968917
1.28953
1.19612
1.07525
0.966646
1.28785
1.19557
1.07459
0.9636
1.28557
1.19031
1.07417
0.964867
1.28761
1.19135
1.07197
0.961155
1.28625
1.1905
1.07282
0.964378
1.28866
1.19568
1.0777
0.967432
1.28918
1.19599
1.078
0.96651
1.28954
1.19841
1.0783
0.970006
1.29172
1.19706
1.07772
0.966508
1.28952
1.19692
1.07874
0.968135
1.2883
1.1977
1.07822
0.967301
1.28818
1.19598
1.07509
0.966509
1.28772
1.19573
1.0801
0.966904
1.28709
1.19443
1.07711
0.969163
1.28897
1.19739
1.07488
0.963738
1.28424
1.18894
1.06965
0.959623
1.28342
1.192
1.07267
0.96263
1.28536
1.18989
1.07209
0.964472
1.28708
1.19351
1.07209
0.96347
1.28522
1.19222
1.07521
0.967893
1.29072
1.20007
1.08279
0.968635
1.29194
1.20063
1.07964
0.966852
1.28969
1.19664
1.07771
0.967984
1.29134
1.19857
1.07783
0.968126
1.28871
1.19412
1.07793
0.970368
1.29088
1.19731
1.08096
0.971596
1.29386
1.1997
1.0754
0.965865
1.28599
1.19194
1.07106
0.961871
1.28378
1.18843
1.07182
0.959268
1.28065
1.19002
1.06809
0.959361
1.28227
1.18907
1.07215
0.962973
1.28576
1.19365
1.07452
0.967957
1.28771
1.19459
1.07574
0.968431
1.29115
1.19645
1.07847
0.96813
1.2899
1.19598
1.07938
0.969254
1.2917
1.20068
1.08302
0.974433
1.29495
1.20425
1.08369
0.973861
1.29444
1.20044
1.08119
0.973298
1.29408
1.19776
1.08036
0.970923
1.29024
1.1968
1.07857
0.968953
1.28916
1.19756
1.08185
0.973326
1.29575
1.20436
1.08516
0.97142
1.29348
1.19748
1.07869
0.967188
1.28864
1.19317
1.07359
0.964918
1.28899
