0
0.449732
0.409918
0.371764
0.387686
0.357893
0.322212
0.292661
0.31766
0.291862
0.265075
0.241209
0.273717
0.252004
0.228289
0.205974
0.245372
0.226632
0.20506
0.185286
0.227146
0.209364
0.190518
0.171968
0.217205
0.202329
0.184107
0.165858
0.214038
0.199553
0.180992
0.163621
0.215341
0.199376
0.181194
0.163425
0.216646
0.201683
0.181808
0.163449
0.217325
0.20237
0.183137
0.164829
0.220398
0.205337
0.185621
0.166342
0.222911
0.206539
0.186738
0.168282
0.225861
0.210452
0.190138
0.171344
0.230057
0.214007
0.193681
0.174486
0.235366
0.218495
0.196715
0.177444
0.237844
0.22075
0.198839
0.178394
0.239485
0.222675
0.200749
0.181036
0.242489
0.225282
0.202886
0.1828
0.2451
0.228093
0.206334
0.18516
0.2482
0.230322
0.208028
0.186806
0.250641
0.231955
0.209149
0.187629
0.25249
0.234323
0.21128
0.189926
0.254668
0.236217
0.213398
0.191908
0.256138
0.238018
0.21403
0.192241
0.257093
0.23887
0.21529
0.193133
0.258997
0.240135
0.216459
0.195142
0.261185
0.242418
0.21762
0.19539
0.262276
0.242841
0.218846
0.196517
0.263549
0.244978
0.221102
0.198718
0.265634
0.247233
0.223238
0.201004
0.268225
0.248696
0.223976
0.201588
0.268746
0.249261
0.224034
0.20187
0.269712
0.2511
0.225996
0.203625
0.271337
0.251636
0.22734
0.204344
0.272691
0.252844
0.227391
0.20388
0.272145
0.252856
0.227753
0.204314
0.272835
0.252599
0.227504
0.203514
0.271987
0.252982
0.228259
0.205273
0.27411
0.253756
0.228526
0.205979
0.274411
0.255117
0.230574
0.207226
0.275587
0.255778
0.230308
0.207281
0.276702
0.256089
0.230133
0.206998
0.275925
0.256397
0.23137
0.20814
0.277155
0.256886
0.231337
0.207946
0.276764
0.256437
0.231388
0.208161
0.277088
0.257333
0.23224
0.208402
0.277226
0.256797
0.231922
0.208167
0.276874
0.256556
0.231093
0.207755
0.277096
0.256573
0.230787
0.207867
0.276306
0.256721
0.231929
0.20811
0.276977
0.257228
0.231655
0.208712
0.278139
0.258335
0.232493
0.208914
0.27834
0.257724
0.232573
0.209035
0.278122
0.257467
0.231919
0.208488
0.277846
0.258791
0.233356
0.209386
0.278795
0.258244
0.232556
0.20901
0.278999
0.258998
0.233582
0.209617
0.279384
0.259109
0.233057
0.209749
0.27918
0.258734
0.232819
0.20892
0.278692
0.258505
0.232867
0.209404
0.278935
0.259077
0.232961
0.209208
0.279046
0.257796
0.232148
0.20869
0.278589
0.258696
0.233504
0.209706
0.279371
0.258867
0.232815
0.20917
0.279051
0.258971
0.233454
0.209553
0.279054
0.258689
0.232716
0.209028
0.27861
0.258572
0.233065
0.209447
0.279171
0.259582
0.234623
0.210839
0.280738
0.2602
0.23421
0.210162
0.279739
0.260004
0.234004
0.210236
0.279846
0.2598
0.23461
0.210663
0.280807
0.260287
0.235221
0.21116
0.28115
0.261146
0.235111
0.211588
0.28106
0.260949
0.234814
0.211122
0.281033
0.259865
0.234664
0.2107
0.280958
0.260532
0.234409
0.210638
0.280622
0.260288
0.234349
0.210237
0.2803
0.260221
0.233838
0.209412
0.278655
0.258043
0.232289
0.208125
0.278491
0.258625
0.2334
0.210444
0.280177
0.25995
0.234018
0.209894
0.280094
0.259784
0.234241
0.210381
0.280401
0.260461
0.235009
0.210904
0.280729
0.260518
0.235264
0.211325
0.281132
0.25965
0.2338
0.209808
0.279438
0.259329
0.23398
0.210243
0.280689
0.260096
0.234208
0.21019
0.279871
0.259396
0.233739
0.210235
0.279508
0.260116
0.233697
0.210022
0.279916
0.259943
0.23419
0.210537
0.280402
0.260044
0.234436
0.211008
0.280986
0.260731
0.235246
0.211592
0.281431
0.261402
0.235319
0.211253
0.280925
0.260945
0.234778
0.210876
0.280451
0.259891
0.234528
0.210903
0.280423
0.260313
0.234683
0.210849
0.28096
0.260554
0.234202
0.209527
0.279896
0.259682
0.233893
0.210208
0.27994
0.259499
0.233588
0.210331
0.280343
0.259498
0.233987
0.210659
0.280297
0.259964
0.234253
0.210357
0.280072
0.259639
0.233947
0.20989
0.279861
0.259007
0.232968
0.209089
0.27885
0.258868
0.233283
0.209009
0.279323
0.259184
0.2339
0.210121
0.280201
0.25964
0.233529
0.21035
0.280314
0.260808
0.235079
0.21109
0.280853
0.260891
0.234835
0.211035
0.280531
0.25972
0.234131
0.210391
0.280109
0.259311
0.233853
0.210612
0.280285
0.25993
0.23459
0.211315
0.280659
0.259798
0.234148
0.209595
0.279141
0.258833
0.232907
0.209778
0.279437
0.258803
0.233157
0.20966
0.279768
0.25893
0.233522
0.20948
0.279266
0.258999
0.233417
0.20993
0.280129
0.260401
0.234842
0.211022
0.280652
0.260506
0.234687
0.210746
0.280339
0.259895
0.233618
0.209817
0.279837
0.259942
0.234012
0.210136
0.279424
0.259426
0.233049
0.209938
0.280324
0.259625
0.233634
0.210362
0.280132
0.259811
0.23395
0.210326
0.27997
0.259646
0.234331
0.209993
0.28032
0.260049
0.233817
0.210203
0.280213
0.259673
0.23306
0.209368
0.279573
0.259433
0.232691
0.209206
0.278744
0.258272
0.232588
0.208524
0.278523
0.258846
0.231983
0.208441
0.278407
0.258204
0.232737
0.208966
0.278441
0.258332
0.233756
0.21046
0.280347
0.259541
0.233924
0.210555
0.280422
0.260243
0.234421
0.210752
0.280486
0.259337
0.233418
0.209221
0.279032
0.258442
0.233048
0.208362
0.277988
0.25844
0.232926
0.209606
0.279684
0.258843
0.232869
0.20909
0.278852
0.258864
0.233205
0.209342
0.279569
0.25914
0.2334
0.208566
0.27881
0.258382
0.232603
0.208599
0.279029
0.258557
0.232056
0.207834
0.277942
0.257922
0.232494
0.208911
0.278899
0.258888
0.233034
0.20925
0.279731
0.260229
0.233766
0.210063
0.280286
0.260475
0.234593
0.211229
0.281472
0.261468
0.235306
0.21157
0.28135
0.261491
0.235044
0.210983
0.280618
0.259933
0.234374
0.210888
0.280072
0.259574
0.233612
0.210475
0.279978
0.259302
0.233469
0.209492
0.279369
0.258897
0.233474
0.209777
0.28008
0.259836
0.234547
0.210975
0.280991
0.260666
0.23422
0.21025
0.28057
0.259989
0.23397
0.209799
0.279786
0.25976
0.233813
0.209225
0.279769
0.258878
0.232274
0.209137
0.279287
0.259367
0.233447
0.210079
0.279261
0.259414
0.233712
0.2098
0.279683
0.2593
0.233557
0.210363
0.28036
0.25975
0.234512
0.210242
0.279686
0.259584
0.233885
0.210026
0.279856
0.260002
0.234187
0.210014
0.279843
0.258378
0.232452
0.209004
0.27976
0.259605
0.234179
0.209775
0.279617
0.259588
0.23386
0.20995
0.279767
0.259258
0.233452
0.209204
0.27916
0.258549
0.2328
0.208864
0.27928
0.258741
0.233127
0.209891
0.279444
0.259639
0.23372
0.210075
0.279957
0.259416
0.233339
0.209913
0.279846
0.259655
0.234079
0.210795
0.280165
0.260224
0.234395
0.210527
0.281143
0.260651
0.234746
0.21107
0.280738
0.260746
0.234707
0.21069
0.280839
0.261256
0.23536
0.211777
0.281603
0.26062
0.234808
0.211011
0.281036
0.261014
0.235256
0.210741
0.280818
0.25994
0.234556
0.210572
0.280434
0.260533
0.234871
0.211259
0.280881
0.260431
0.234583
0.210787
0.280476
0.26022
0.234203
0.21093
0.280665
0.259999
0.233782
0.210618
0.280482
0.259722
0.233841
0.210229
0.280021
0.259423
0.233761
0.210552
0.280244
0.259892
0.233931
0.210063
0.27998
0.259338
0.233505
0.209416
0.278942
0.258066
0.232351
0.208891
0.27883
0.258679
0.232773
0.209414
0.279321
0.259522
0.233509
0.209756
0.279635
0.258899
0.23333
0.20964
0.279831
0.259157
0.233911
0.20998
0.280114
0.259658
0.234511
0.210807
0.280728
0.260344
0.23432
0.210792
0.279924
0.258775
0.233723
0.209519
0.279732
0.259163
0.23294
0.208608
0.278708
0.258652
0.233592
0.210097
0.280255
0.258861
0.233048
0.208502
0.2786
0.258471
0.232714
0.209472
0.279118
0.259071
0.233158
0.20943
0.279885
0.259231
0.233283
0.209904
0.279924
0.259622
0.23364
0.210196
0.280214
0.259316
0.233978
0.21038
0.280145
0.260052
0.234531
0.211032
0.280662
0.259838
0.233865
0.209943
0.279959
0.259878
0.234091
0.21052
0.280803
0.260679
0.235026
0.211191
0.281148
0.260825
0.235266
0.211015
0.281366
0.260618
0.23427
0.210765
0.280468
0.259832
0.234265
0.210921
0.280854
0.26047
0.234228
0.209889
0.280059
0.259081
0.233569
0.210168
0.280018
0.259673
0.234006
0.210355
0.280258
0.260162
0.234559
0.210753
0.280782
0.260081
0.234591
0.211516
0.281455
0.26065
0.234314
0.210237
0.279864
0.259448
0.233746
0.20991
0.27949
0.259613
0.233599
0.210079
0.280237
0.259557
0.234309
0.210981
0.280756
0.260137
0.234171
0.2105
0.280299
0.258614
0.232921
0.209303
0.279399
0.25831
0.231776
0.208034
0.277981
0.257829
0.2322
0.208343
0.278459
0.257552
0.232401
0.208794
0.278989
0.25904
0.233426
0.21017
0.279816
0.259645
0.233905
0.210462
0.280504
0.259762
0.234131
0.210527
0.279894
0.259686
0.232746
0.209167
0.278991
0.258915
0.233249
0.208897
0.279205
0.25867
0.2338
0.210493
0.280416
0.259773
0.233263
0.209391
0.279487
0.259147
0.233716
0.209962
0.28036
0.259905
0.234158
0.210181
0.280165
0.259655
0.233557
0.209764
0.279823
0.259289
0.233474
0.20932
0.27943
0.259522
0.23351
0.20966
0.279214
0.258731
0.233421
0.210009
0.279673
0.259095
0.23368
0.20985
0.279825
0.259719
0.233981
0.210302
0.280661
0.260182
0.234228
0.210987
0.281012
0.260233
0.234861
0.210342
0.279233
0.259559
0.234182
0.210386
0.279716
0.259364
0.233405
0.209448
0.279528
0.258904
0.233845
0.209673
0.279532
0.259032
0.232798
0.209245
0.278963
0.25967
0.233843
0.209571
0.27935
0.258806
0.233188
0.20957
0.27949
0.259444
0.233475
0.210019
0.280168
0.260116
0.234003
0.209863
0.280141
0.260163
0.234172
0.210813
0.280785
0.260762
0.234692
0.21081
0.280382
0.259796
0.234163
0.210401
0.280148
0.25984
0.233991
0.210538
0.280577
0.260291
0.234751
0.210563
0.28026
0.260643
0.234662
0.210563
0.280515
0.259098
0.233534
0.209594
0.279403
0.25975
0.233424
0.209393
0.279994
0.259802
0.23419
0.210721
0.280889
0.259964
0.2338
0.209973
0.280162
0.259282
0.233674
0.210339
0.280172
0.259513
0.234439
0.211117
0.281334
0.260671
0.235564
0.211547
0.281415
0.260803
0.235159
0.210928
0.280492
0.260544
0.23422
0.210174
0.280185
0.260227
0.235217
0.211227
0.281117
0.260464
0.235122
0.211307
0.280984
0.259905
0.234505
0.210795
0.280547
0.260307
0.234351
0.210011
0.279445
0.259064
0.233729
0.210249
0.27997
0.25903
0.233913
0.210473
0.280427
0.259848
0.234058
0.209638
0.279234
0.258002
0.232959
0.208931
0.278963
0.258541
0.233007
0.20897
0.278958
0.259384
0.233316
0.209676
0.279293
0.258859
0.233271
0.210347
0.28068
0.260647
0.235153
0.211558
0.281132
0.260886
0.234721
0.21101
0.281265
0.26012
0.23429
0.209862
0.279561
0.259194
0.233364
0.209632
0.279179
0.259362
0.233142
0.209864
0.279792
0.259438
0.233677
0.210073
0.280442
0.259677
0.234122
0.210404
0.280341
0.260004
0.234267
0.210568
0.280445
0.259707
0.234141
0.209106
0.278827
0.25834
0.233254
0.209106
0.279045
0.259627
0.234249
0.209874
0.279648
0.259164
0.232855
0.209296
0.278989
0.259217
0.234004
0.209482
0.279621
0.25928
0.23369
0.209378
0.279196
0.258906
0.233436
0.209565
0.279821
0.25932
0.233808
0.20964
0.279861
0.259785
0.23373
0.210098
0.279777
0.259177
0.234069
0.210549
0.280645
0.260588
0.234783
0.210994
0.280579
0.259414
0.233373
0.210029
0.279615
0.259645
0.234404
0.21054
0.280044
0.259915
0.23472
0.210971
0.280699
0.260107
0.234111
0.2107
0.280542
0.260181
0.233351
0.209514
0.279777
0.259995
0.234281
0.209874
0.279746
0.259906
0.234557
0.210531
0.280035
0.26028
0.234438
0.210664
0.28067
0.259852
0.234832
0.210605
0.280693
0.260836
0.235718
0.212037
0.282168
0.26189
0.23567
0.211885
0.281828
0.261098
0.235274
0.211381
0.282153
0.261599
0.235409
0.212449
0.282317
0.26143
0.235942
0.212048
0.281184
0.261167
0.235449
0.2119
0.281545
0.260997
0.23539
0.21097
0.281135
0.26039
0.23439
0.21022
0.279802
0.259908
0.234173
0.210651
0.280439
0.259983
0.234331
0.210304
0.280139
0.259737
0.233705
0.210057
0.279816
0.259762
0.234172
0.209891
0.279955
0.259249
0.233815
0.209042
0.279184
0.258798
0.233369
0.209905
0.279154
0.258567
0.232818
0.20932
0.279712
0.259492
0.233412
0.20952
0.279801
0.259389
0.233485
0.210201
0.279627
0.258973
0.232871
0.209024
0.278733
0.258276
0.232617
0.209187
0.27916
0.258444
0.233135
0.209353
0.279412
0.258951
0.233529
0.209728
0.280034
0.259797
0.233726
0.208973
0.279309
0.259178
0.233455
0.209709
0.279527
0.258576
0.233684
0.21033
0.27996
0.259355
0.234027
0.209857
0.280167
0.259651
0.233346
0.209977
0.279886
0.258981
0.233391
0.209818
0.279663
0.259643
0.234283
0.21064
0.280917
0.260275
0.234719
0.210625
0.280565
0.259531
0.233616
0.209615
0.278919
0.259409
0.23401
0.209895
0.279616
0.259648
0.23331
0.209559
0.279334
0.258289
0.232662
0.209011
0.278714
0.258396
0.232786
0.209197
0.279084
0.258428
0.232682
0.208941
0.279363
0.259273
0.233664
0.209747
0.279924
0.259021
0.232841
0.209604
0.279794
0.259289
0.234012
0.210786
0.28071
0.260758
0.234975
0.210968
0.280653
0.260779
0.235223
0.211196
0.280903
0.26016
0.234091
0.210276
0.279892
0.259845
0.234734
0.211087
0.280937
0.260275
0.235218
0.21161
0.280937
0.260358
0.23489
0.211359
0.280696
0.260281
0.233477
0.210088
0.279825
0.259051
0.23384
0.209949
0.279315
0.259217
0.233569
0.21022
0.280239
0.260197
0.234562
0.211123
0.280974
0.260587
0.235102
0.211188
0.281243
0.261064
0.234975
0.210952
0.280595
0.260189
0.234018
0.20995
0.280091
0.258911
0.232518
0.208591
0.278777
0.258016
0.231902
0.208205
0.278285
0.258245
0.232698
0.209264
0.279142
0.258157
0.232664
0.209318
0.278932
0.258646
0.232914
0.209136
0.279079
0.258816
0.233107
0.209868
0.279706
0.259483
0.2339
0.210375
0.280114
0.259426
0.234068
0.210559
0.280418
0.260222
0.233998
0.210079
0.279784
0.258275
0.232823
0.209148
0.278948
0.258627
0.232957
0.209098
0.279451
0.259312
0.233617
0.209651
0.279614
0.258961
0.233257
0.209682
0.279344
0.259447
0.234157
0.210411
0.280516
0.260171
0.234666
0.210514
0.280665
0.260031
0.234917
0.211226
0.28074
0.260566
0.234634
0.21071
0.280702
0.260161
0.234467
0.210473
0.280248
0.259519
0.233791
0.209987
0.279839
0.259925
0.234269
0.209887
0.279454
0.259176
0.232624
0.209444
0.279516
0.259339
0.233434
0.209626
0.27976
0.259293
0.233209
0.209683
0.279424
0.259464
0.233842
0.209867
0.279187
0.257802
0.23223
0.208364
0.278605
0.258078
0.23277
0.209097
0.27854
0.258326
0.232216
0.209011
0.279562
0.259545
0.233574
0.209992
0.279761
0.258719
0.232222
0.209124
0.279049
0.259226
0.233417
0.209985
0.279024
0.259212
0.233757
0.210426
0.280107
0.258912
0.23346
0.209588
0.279938
0.260056
0.234325
0.210545
0.280576
0.26046
0.234922
0.210828
0.28087
0.260547
0.234144
0.210167
0.2801
0.260095
0.234242
0.210573
0.280776
0.261013
0.23485
0.211105
0.281221
0.261165
0.235245
0.211763
0.281001
0.260439
0.234387
0.210594
0.280646
0.260476
0.234525
0.210142
0.279804
0.25838
0.232865
0.20923
0.278777
0.258025
0.233064
0.209329
0.278995
0.259009
0.233396
0.209012
0.279074
0.259232
0.234037
0.20995
0.279571
0.259812
0.233426
0.21044
0.279564
0.259813
0.234136
0.210623
0.280774
0.260149
0.233844
0.210159
0.280168
0.260462
0.234812
0.210582
0.280799
0.260497
0.235126
0.211153
0.280585
0.260377
0.235317
0.210998
0.280541
0.259043
0.2326
0.208341
0.278186
0.258342
0.232465
0.209121
0.279361
0.258509
0.232752
0.209272
0.279073
0.258793
0.233235
0.209489
0.278979
0.259382
0.233392
0.20999
0.279852
0.25864
0.233444
0.210141
0.280066
0.259739
0.234533
0.210249
0.28016
0.259334
0.233404
0.209774
0.279341
0.258716
0.233185
0.209185
0.278751
0.25789
0.232316
0.209132
0.278867
0.258097
0.232736
0.209402
0.278788
0.258571
0.233237
0.209536
0.279508
0.259108
0.232793
0.209246
0.279152
0.259314
0.233484
0.209962
0.280187
0.259951
0.234449
0.210953
0.280802
0.260232
0.234666
0.211152
0.28076
0.260278
0.233696
0.210456
0.280226
0.259612
0.233578
0.21033
0.280802
0.260824
0.234945
0.210536
0.280478
0.260135
0.234101
0.209801
0.279235
0.259367
0.233896
0.209382
0.280091
0.25929
0.233811
0.209832
0.279826
0.25974
0.233662
0.210283
0.279896
0.259526
0.23391
0.210118
0.279868
0.259127
0.233514
0.209939
0.279416
0.259488
0.233957
0.210429
0.280594
0.260132
0.234354
0.211205
0.281707
0.260536
0.234932
0.210597
0.280585
0.259708
0.233723
0.210282
0.279978
0.259762
0.23366
0.210053
0.279801
0.259142
0.233448
0.209642
0.279491
0.259609
0.23334
0.209176
0.27923
0.258418
0.232615
0.209088
0.278714
0.258213
0.232402
0.208224
0.278266
0.257812
0.232363
0.20841
0.278862
0.258506
0.232781
0.209307
0.279271
0.259249
0.233818
0.210013
0.280221
0.260736
0.235164
0.211591
0.280881
0.260771
0.234947
0.211259
0.280873
0.259992
0.234253
0.210347
0.280709
0.26092
0.235438
0.211485
0.281275
0.260201
0.234408
0.210432
0.280297
0.259782
0.234092
0.210028
0.280281
0.259627
0.233646
0.210368
0.28016
0.259751
0.23438
0.210073
0.279565
0.260295
0.234414
0.210854
0.281086
0.2604
0.233967
0.210002
0.279622
0.259254
0.233006
0.209657
0.279127
0.259264
0.233304
0.209488
0.280034
0.259736
0.234365
0.21078
0.280753
0.260079
0.234662
0.210518
0.280081
0.259702
0.233902
0.209963
0.280408
0.260183
0.234658
0.210711
0.280972
0.260569
0.234784
0.210475
0.280125
0.259839
0.234478
0.210848
0.280291
0.259652
0.234025
0.210726
0.281177
0.26025
0.234828
0.210902
0.280254
0.260298
0.234587
0.210422
0.280059
0.259589
0.234308
0.210344
0.279942
0.259451
0.233782
0.210228
0.280003
0.259169
0.2333
0.210106
0.280084
0.259533
0.234166
0.210675
0.280837
0.260001
0.233845
0.209763
0.279645
0.258885
0.233113
0.209433
0.279574
0.259854
0.234459
0.210464
0.280821
0.260519
0.235222
0.211332
0.280963
0.26019
0.234847
0.211205
0.281626
0.260867
0.2349
0.211346
0.281434
0.260863
0.234741
0.210904
0.281242
0.260779
0.234415
0.210876
0.280936
0.260322
0.234578
0.210142
0.280271
0.259865
0.233677
0.209861
0.280259
0.260042
0.233278
0.210063
0.279067
0.258303
0.232517
0.208744
0.278689
0.259023
0.232871
0.209269
0.279034
0.259033
0.233746
0.21063
0.28044
0.2601
0.234284
0.210578
0.279609
0.259164
0.233956
0.210096
0.280059
0.259992
0.2339
0.210512
0.279753
0.259799
0.234153
0.210313
0.280371
0.259965
0.233624
0.209866
0.279991
0.259858
0.233978
0.209455
0.279758
0.259152
0.233245
0.209286
0.279326
0.258947
0.233188
0.209673
0.279232
0.25976
0.23458
0.210828
0.280432
0.260665
0.234902
0.210793
0.280906
0.260444
0.234716
0.210537
0.280285
0.25894
0.233847
0.209896
0.279642
0.258295
0.232417
0.208819
0.279096
0.258633
0.233472
0.209535
0.279759
0.259816
0.233983
0.210033
0.279891
0.259703
0.233339
0.21011
0.279542
0.259314
0.233141
0.209792
0.279334
0.259181
0.233286
0.209196
0.278853
0.258467
0.232807
0.20886
0.278871
0.258232
0.232508
0.208546
0.278817
0.258536
0.233192
0.20954
0.27933
0.259697
0.233797
0.209975
0.27955
0.25945
0.234002
0.209543
0.279522
0.260025
0.234546
0.210692
0.280632
0.260813
0.234772
0.21092
0.280282
0.259388
0.233917
0.210129
0.280665
0.259644
0.233725
0.210102
0.280083
0.259695
0.233807
0.210153
0.279821
0.259938
0.23372
0.210598
0.280584
0.260343
0.234532
0.210745
0.2805
0.260261
0.235009
0.21098
0.280543
0.259727
0.234084
0.21056
0.280706
0.260637
0.234592
0.210565
0.280123
0.259319
0.233032
0.20939
0.279615
0.259023
0.23378
0.210098
0.279448
0.259801
0.234068
0.210397
0.280336
0.259812
0.234101
0.210386
0.279483
0.259341
0.233708
0.210239
0.280284
0.259502
0.233315
0.209105
0.279142
0.259295
0.233324
0.209838
0.279855
0.260877
0.235101
0.210857
0.280717
0.259984
0.234138
0.210507
0.280517
0.259266
0.234069
0.210153
0.279692
0.259024
0.233243
0.209128
0.279864
0.259589
0.233486
0.209265
0.279345
0.258668
0.233012
0.209448
0.279446
0.258542
0.23329
0.209295
0.279109
0.258896
0.233583
0.21009
0.280292
0.26001
0.233417
0.209929
0.279345
0.258621
0.232251
0.208218
0.278574
0.258425
0.232503
0.208636
0.278653
0.258407
0.232887
0.208773
0.278926
0.258486
0.232344
0.209277
0.279712
0.259616
0.234245
0.210146
0.279853
0.258955
0.233069
0.208915
0.278867
0.259007
0.233663
0.209047
0.279254
0.258718
0.232203
0.2083
0.278255
0.257513
0.232026
0.208104
0.278104
0.257962
0.232307
0.208708
0.278325
0.258466
0.232705
0.209092
0.279344
0.259692
0.233892
0.209719
0.279521
0.259383
0.234358
0.210419
0.280585
0.260287
0.234489
0.210443
0.280103
0.259787
0.233525
0.208882
0.279306
0.259417
0.233907
0.21016
0.279486
0.258816
0.233214
0.209634
0.279956
0.258745
0.233019
0.20892
0.279111
0.258531
0.233277
0.209645
0.279625
0.258799
0.233381
0.209108
0.27951
0.258781
0.233092
0.209257
0.278803
0.258
0.232525
0.208872
0.279118
0.259309
0.233312
0.20963
0.28032
0.260114
0.233728
0.209897
0.280101
0.259936
0.234198
0.21015
0.280002
0.260192
0.234452
0.210775
0.280687
0.260378
0.234597
0.211164
0.28109
0.260503
0.234539
0.210931
0.280329
0.259745
0.23441
0.21126
0.281105
0.260576
0.235187
0.211201
0.280802
0.260669
0.235136
0.211124
0.280633
0.261042
0.235812
0.211657
0.281265
0.261089
0.234595
0.210366
0.280158
0.259286
0.233689
0.209916
0.28009
0.259439
0.233436
0.210007
0.279628
0.259576
0.233362
0.208702
0.278637
0.258623
0.233215
0.210187
0.280324
0.26027
0.234684
0.210463
0.280456
0.26018
0.234109
0.210404
0.280167
0.259371
0.233235
0.209487
0.279469
0.258382
0.232581
0.209098
0.279016
0.259278
0.233534
0.209825
0.279978
0.258992
0.233266
0.209595
0.279311
0.258679
0.232176
0.208587
0.278708
0.258562
0.233519
0.210192
0.280208
0.260001
0.234062
0.210677
0.280726
0.260612
0.234516
0.210471
0.280592
0.259307
0.233749
0.209997
0.279753
0.259933
0.234534
0.210378
0.279751
0.259731
0.23405
0.20933
0.279096
0.259652
0.234197
0.210133
0.280123
0.259764
0.234142
0.210094
0.279961
0.260292
0.234139
0.210448
0.279955
0.259699
0.23423
0.210504
0.28023
0.259142
0.232724
0.208952
0.278738
0.258912
0.233226
0.209425
0.278726
0.258661
0.232995
0.209856
0.280189
0.260016
0.234091
0.209719
0.280352
0.260257
0.234167
0.210455
0.280273
0.260137
0.234513
0.210377
0.280325
0.259425
0.23282
0.208965
0.279245
0.25943
0.234065
0.210123
0.279617
0.258351
0.233231
0.209367
0.279773
0.258626
0.232564
0.209212
0.278568
0.257624
0.232145
0.209004
0.279093
0.258864
0.233142
0.209747
0.279761
0.259786
0.233438
0.209559
0.280183
0.259379
0.23414
0.210601
0.281178
0.261037
0.234762
0.210796
0.280615
0.259754
0.233706
0.209374
0.279019
0.258856
0.232843
0.209394
0.278967
0.258404
0.232925
0.208942
0.278509
0.258521
0.232363
0.208253
0.278474
0.258638
0.233634
0.209536
0.279739
0.25927
0.233505
0.209847
0.280223
0.260214
0.233706
0.210492
0.280546
0.260036
0.234067
0.210582
0.279969
0.259509
0.233429
0.209909
0.279958
0.259955
0.234504
0.211015
0.280918
0.260802
0.23564
0.211637
0.281525
0.260176
0.23376
0.21013
0.28018
0.260041
0.233838
0.209953
0.280365
0.258967
0.233401
0.209778
0.279855
0.25943
0.233814
0.210712
0.2808
0.259767
0.234244
0.210589
0.280716
0.260711
0.234665
0.210698
0.280173
0.260359
0.235015
0.211668
0.281145
0.260901
0.234731
0.210598
0.280659
0.260608
0.234331
0.210103
0.279966
0.259916
0.234681
0.210791
0.279975
0.259979
0.234369
0.210468
0.280306
0.259642
0.232629
0.208677
0.278214
0.257748
0.232277
0.208167
0.277958
0.257931
0.232489
0.208916
0.278783
0.259174
0.233664
0.210093
0.280143
0.259008
0.234255
0.210654
0.280308
0.259755
0.234255
0.210711
0.280504
0.260751
0.234754
0.211104
0.280515
0.260183
0.234498
0.211038
0.281136
0.260726
0.234249
0.210192
0.280745
0.260658
0.235648
0.211362
0.280702
0.260415
0.234758
0.21126
0.28122
0.26061
0.235682
0.211369
0.28135
0.260066
0.234506
0.210863
0.280165
0.259215
0.233894
0.210242
0.280672
0.260467
0.234662
0.210528
0.280088
0.259529
0.233851
0.209805
0.280478
0.259909
0.234169
0.210224
0.279553
0.259159
0.233495
0.209714
0.279757
0.259143
0.233332
0.210114
0.279906
0.259484
0.233805
0.209996
0.279877
0.259778
0.2335
0.209827
0.279824
0.259705
0.234594
0.21018
0.280262
0.260341
0.234448
0.210759
0.281089
0.260705
0.235172
0.211155
0.280401
0.259531
0.233634
0.209605
0.279411
0.258808
0.233233
0.209668
0.279936
0.259642
0.234259
0.210231
0.280017
0.26007
0.233552
0.209401
0.2795
0.259091
0.23322
0.209682
0.279413
0.259095
0.233193
0.209397
0.279411
0.258816
0.233162
0.209071
0.279863
0.259986
0.234095
0.210638
0.280823
0.260086
0.234251
0.210645
0.280596
0.260266
0.234063
0.210522
0.279859
0.259668
0.234362
0.210825
0.281162
0.260493
0.234318
0.209929
0.279707
0.260016
0.233862
0.210102
0.280152
0.259943
0.234252
0.211038
0.280682
0.260889
0.23418
0.209991
0.28003
0.259225
0.234176
0.210026
0.279726
0.259831
0.234112
0.211065
0.281397
0.260173
0.234929
0.211211
0.28078
0.260987
0.235057
0.21134
0.281208
0.260911
0.235431
0.210672
0.280435
0.260342
0.234799
0.211236
0.280882
0.260394
0.23455
0.21065
0.280521
0.260679
0.234642
0.210887
0.2807
0.260595
0.234376
0.210643
0.280136
0.259946
0.234057
0.210216
0.280629
0.260177
0.234433
0.210061
0.279727
0.259353
0.233985
0.210702
0.28067
0.259976
0.233981
0.209905
0.279842
0.259597
0.233456
0.210039
0.279624
0.259636
0.234048
0.210535
0.28048
0.260887
0.233871
0.210233
0.280341
0.259877
0.233708
0.209767
0.279886
0.258552
0.233346
0.209618
0.279649
0.259701
0.234268
0.210462
0.2804
0.260168
0.233773
0.209419
0.279521
0.259272
0.233464
0.2104
0.280086
0.259942
0.234233
0.21071
0.280683
0.25995
0.233871
0.209627
0.27948
0.259133
0.233169
0.209477
0.279558
0.260431
0.234258
0.210459
0.27992
0.259486
0.23344
0.210061
0.279579
0.258928
0.233384
0.209785
0.279906
0.259797
0.23366
0.210439
0.280521
0.260461
0.234457
0.210186
0.280198
0.259863
0.233959
0.210339
0.280681
0.260443
0.234635
0.210582
0.280343
0.259897
0.23452
0.210873
0.280216
0.260199
0.234478
0.211048
0.280691
0.260789
0.234963
0.211176
0.280983
0.260432
0.234927
0.210241
0.280403
0.260458
0.234827
0.211404
0.281229
0.259717
0.233907
0.210782
0.280687
0.260408
0.234935
0.211032
0.281042
0.260281
0.234115
0.2108
0.280637
0.259738
0.233967
0.210576
0.280126
0.259002
0.233698
0.210161
0.280216
0.2595
0.234062
0.209768
0.278897
0.259025
0.233994
0.209473
0.27934
0.258966
0.233539
0.209681
0.279351
0.257698
0.23237
0.208411
0.278361
0.258259
0.232738
0.208838
0.278453
0.25807
0.232904
0.208655
0.278798
0.258763
0.233602
0.209387
0.279626
0.259551
0.232916
0.208558
0.27907
0.25876
0.232701
0.209159
0.27932
0.259407
0.233726
0.210128
0.279577
0.258646
0.233394
0.209667
0.27978
0.259105
0.233448
0.209602
0.27918
0.258565
0.233317
0.209379
0.279337
0.25907
0.233635
0.209506
0.2794
0.259575
0.234054
0.210028
0.280286
0.260207
0.234753
0.210718
0.280865
0.259633
0.233642
0.210011
0.279733
0.259443
0.233476
0.209281
0.279059
0.258652
0.232582
0.208718
0.279081
0.258902
0.233278
0.209039
0.279032
0.258751
0.233779
0.210082
0.279732
0.258823
0.233231
0.209419
0.279737
0.259483
0.234305
0.210042
0.280041
0.259859
0.233927
0.20982
0.280026
0.25944
0.233666
0.20998
0.280007
0.260479
0.234974
0.211404
0.281318
0.261091
0.234893
0.211147
0.280518
0.260301
0.234427
0.210698
0.280766
0.260112
0.234637
0.209787
0.279344
0.258151
0.232154
0.208267
0.278264
0.25876
0.232881
0.209138
0.279326
0.258832
0.233037
0.209411
0.27899
0.258738
0.232659
0.209211
0.278853
0.257973
0.232611
0.209125
0.279386
0.259102
0.233555
0.210404
0.279673
0.259419
0.2344
0.209881
0.280095
0.259592
0.23373
0.21074
0.280014
0.260036
0.234554
0.210223
0.279908
0.259344
0.233433
0.209766
0.279959
0.259441
0.234155
0.210438
0.280457
0.259456
0.234273
0.210374
0.280239
0.260263
0.234152
0.211014
0.281071
0.260777
0.234851
0.21049
0.280202
0.259972
0.234819
0.210578
0.280123
0.260043
0.233857
0.21038
0.280475
0.259624
0.234095
0.210415
0.279811
0.260102
0.233189
0.209904
0.279543
0.259091
0.233102
0.208601
0.278481
0.259094
0.233515
0.21011
0.279675
0.259418
0.233162
0.209638
0.278835
0.258058
0.232518
0.209007
0.279343
0.259314
0.2343
0.210486
0.280129
0.260095
0.234039
0.210188
0.28054
0.260069
0.233421
0.210084
0.279989
0.259797
0.233108
0.208988
0.2785
0.258154
0.232272
0.208345
0.27813
0.25812
0.232471
0.208928
0.278911
0.258601
0.233184
0.208889
0.278818
0.258167
0.232612
0.209323
0.279599
0.260369
0.234645
0.210841
0.280252
0.260415
0.234746
0.210477
0.280638
0.259912
0.234617
0.21041
0.279956
0.259611
0.23333
0.209777
0.279825
0.259305
0.233052
0.209329
0.279084
0.258817
0.233757
0.21056
0.280157
0.258944
0.232813
0.209234
0.279401
0.259517
0.233753
0.210056
0.280146
0.259808
0.234114
0.21073
0.280561
0.259791
0.234406
0.210378
0.279834
0.260197
0.233816
0.21051
0.28003
0.260014
0.234237
0.210062
0.279791
0.259372
0.234153
0.210708
0.280553
0.260447
0.234501
0.210121
0.280309
0.260257
0.234354
0.21044
0.279832
0.259598
0.234714
0.211229
0.280596
0.25967
0.234266
0.210834
0.28108
0.260673
0.234553
0.211041
0.281268
0.260927
0.235141
0.21123
0.281195
0.260852
0.23479
0.210527
0.280058
0.260329
0.234608
0.210671
0.279979
0.260137
0.234434
0.211016
0.280996
0.260465
0.234908
0.210736
0.280696
0.260389
0.23469
0.210801
0.280413
0.259882
0.234618
0.21043
0.280153
0.260306
0.235054
0.211017
0.280755
0.260663
0.235052
0.211367
0.28122
0.260237
0.234361
0.210567
0.280763
0.260299
0.234711
0.210186
0.280213
0.259622
0.234352
0.21075
0.280878
0.259777
0.234025
0.209814
0.2799
0.258837
0.233591
0.209941
0.279466
0.259256
0.232812
0.208855
0.27875
0.25843
0.232871
0.209462
0.279193
0.259934
0.233486
0.209972
0.279727
0.25959
0.233364
0.209711
0.279915
0.259418
0.233392
0.209822
0.280105
0.259451
0.233924
0.209694
0.279889
0.258934
0.233165
0.209652
0.279624
0.259462
0.233897
0.209683
0.27944
0.258679
0.232606
0.209289
0.279501
0.259559
0.233382
0.209653
0.279602
0.259561
0.234141
0.21038
0.280191
0.259114
0.233581
0.209789
0.280011
0.259697
0.233681
0.209591
0.27895
0.258933
0.232999
0.209114
0.279351
0.259296
0.234085
0.210306
0.279989
0.259769
0.234215
0.210145
0.280168
0.260299
0.234067
0.210637
0.280946
0.260604
0.234694
0.210753
0.2798
0.260366
0.23466
0.210874
0.280735
0.260237
0.234589
0.211065
0.281091
0.259977
0.234714
0.210816
0.280299
0.259471
0.234106
0.210093
0.279728
0.25948
0.234015
0.210843
0.280308
0.260244
0.233833
0.210278
0.28046
0.260905
0.235056
0.211315
0.281449
0.260083
0.234187
0.210169
0.280294
0.259705
0.23403
0.209503
0.279578
0.259653
0.234048
0.210595
0.280496
0.259248
0.233559
0.209404
0.279549
0.258791
0.232986
0.209312
0.279223
0.258864
0.233351
0.209236
0.27956
0.259413
0.233918
0.20995
0.279845
0.259682
0.233792
0.210497
0.280822
0.26058
0.234879
0.211621
0.281543
0.261383
0.235408
0.211229
0.28095
0.260966
0.235229
0.21147
0.280761
0.260289
0.234141
0.210296
0.2799
0.259811
0.233942
0.20966
0.279395
0.259197
0.233459
0.20971
0.279643
0.259372
0.234297
0.210343
0.279755
0.259762
0.233951
0.209777
0.280146
0.259799
0.233202
0.209966
0.280007
0.259826
0.233889
0.210433
0.280691
0.261044
0.235744
0.211684
0.282058
0.261163
0.235391
0.21171
0.281687
0.261274
0.235167
0.211399
0.281016
0.260473
0.23499
0.211029
0.280841
0.260573
0.234806
0.210477
0.280504
0.259208
0.233761
0.210626
0.280802
0.260192
0.234299
0.210603
0.280512
0.259538
0.233549
0.210043
0.279947
0.258881
0.233021
0.209028
0.278662
0.258796
0.233075
0.209732
0.279759
0.259236
0.233671
0.209914
0.280219
0.260158
0.234207
0.210339
0.280132
0.260008
0.234229
0.211064
0.280895
0.26074
0.234687
0.211011
0.280819
0.260664
0.234988
0.210832
0.280602
0.260163
0.234332
0.210054
0.280128
0.259666
0.233567
0.209849
0.279715
0.259799
0.234168
0.210737
0.279864
0.259352
0.234054
0.210683
0.280508
0.260917
0.235063
0.210729
0.279753
0.259717
0.233965
0.209984
0.279742
0.259314
0.233477
0.209436
0.279754
0.259234
0.23353
0.20967
0.27907
0.258397
0.232714
0.208823
0.279438
0.258713
0.232855
0.209802
0.280081
0.259724
0.234676
0.211233
0.281435
0.260985
0.235809
0.211244
0.280805
0.260473
0.234925
0.210667
0.280386
0.260511
0.235025
0.211338
0.281213
0.260335
0.234684
0.210329
0.279963
0.259366
0.233258
0.209648
0.279728
0.259613
0.233684
0.209449
0.279403
0.259339
0.233817
0.210374
0.280278
0.260028
0.233978
0.210357
0.28074
0.260424
0.234108
0.210326
0.279944
0.259181
0.233459
0.209584
0.279413
0.25844
0.232341
0.208164
0.278343
0.25866
0.232662
0.208882
0.278741
0.258606
0.232529
0.208253
0.278083
0.258815
0.233161
0.209105
0.279144
0.259235
0.233339
0.209854
0.279837
0.25942
0.234298
0.210794
0.280478
0.259767
0.233662
0.209517
0.279062
0.258744
0.233452
0.209645
0.279666
0.258717
0.232922
0.208682
0.278287
0.258333
0.232448
0.208978
0.278979
0.259191
0.233304
0.209383
0.279575
0.259661
0.234128
0.210986
0.280945
0.260863
0.234749
0.211728
0.281776
0.260808
0.234898
0.211488
0.281336
0.260861
0.234465
0.210555
0.280122
0.259956
0.234991
0.211561
0.280973
0.260294
0.234333
0.210298
0.280092
0.26051
0.23451
0.210869
0.280253
0.260161
0.234676
0.211044
0.280742
0.260646
0.233817
0.210188
0.280271
0.259895
0.234415
0.210619
0.280498
0.25949
0.234026
0.210284
0.280342
0.260051
0.234181
0.210816
0.28051
0.259457
0.233594
0.210025
0.280045
0.259482
0.232774
0.20921
0.279679
0.259616
0.23385
0.209935
0.279839
0.258226
0.233412
0.20951
0.279992
0.259912
0.234744
0.21091
0.280394
0.260248
0.235036
0.211017
0.280514
0.260408
0.234433
0.210388
0.279684
0.259089
0.233201
0.209686
0.279765
0.260007
0.23493
0.210934
0.28034
0.259841
0.234525
0.210186
0.279989
0.259025
0.232795
0.208929
0.278482
0.258677
0.232712
0.209664
0.279611
0.259857
0.233967
0.210624
0.280781
0.260936
0.235111
0.211527
0.281296
0.260174
0.234218
0.210573
0.280426
0.260193
0.234555
0.210587
0.280748
0.260327
0.23435
0.21036
0.28002
0.259487
0.234051
0.210394
0.280372
0.259856
0.233454
0.209504
0.279394
0.259085
0.233558
0.210236
0.279782
0.259936
0.233917
0.210012
0.280092
0.260418
0.234923
0.211035
0.281144
0.260613
0.235023
0.210379
0.280507
0.260258
0.233906
0.210321
0.279726
0.259059
0.233879
0.210433
0.280263
0.26051
0.234028
0.210058
0.279961
0.259679
0.234209
0.210137
0.280175
0.260458
0.23537
0.211464
0.280934
0.261445
0.235888
0.211889
0.281308
0.260883
0.235032
0.211211
0.280906
0.260882
0.235649
0.211573
0.281384
0.260357
0.234364
0.211342
0.28196
0.261305
0.235649
0.211301
0.28114
0.260802
0.234784
0.211
0.280871
0.261105
0.234687
0.211079
0.280521
0.260566
0.234765
0.210824
0.280559
0.260356
0.234677
0.210983
0.280897
0.25983
0.234052
0.210197
0.27958
0.258909
0.233453
0.210056
0.279521
0.25848
0.232817
0.209775
0.279975
0.259577
0.23328
0.209696
0.279616
0.259492
0.23225
0.208663
0.278705
0.258497
0.23328
0.209724
0.279548
0.259139
0.234157
0.21108
0.281108
0.260646
0.234816
0.210845
0.280574
0.260345
0.234794
0.210607
0.280867
0.260189
0.233975
0.210482
0.280659
0.260129
0.23437
0.210097
0.279999
0.259641
0.233991
0.210087
0.279505
0.259561
0.234011
0.209671
0.279436
0.259518
0.23422
0.209823
0.28021
0.259603
0.233751
0.210022
0.279942
0.259657
0.234043
0.210104
0.279638
0.259285
0.233529
0.210192
0.280043
0.259788
0.233722
0.210438
0.279537
0.259113
0.232798
0.209735
0.279671
0.259175
0.233699
0.210208
0.279912
0.260258
0.234469
0.210271
0.279986
0.259414
0.233792
0.209751
0.279605
0.259144
0.233837
0.209173
0.279233
0.259604
0.233784
0.210273
0.280163
0.259923
0.234094
0.210511
0.280616
0.260023
0.23376
0.209198
0.279687
0.259145
0.232912
0.209373
0.279453
0.259278
0.232851
0.208883
0.279166
0.258977
0.234141
0.210225
0.279829
0.259601
0.233809
0.209417
0.279632
0.259917
0.234051
0.2105
0.281227
0.260668
0.234785
0.211376
0.280702
0.259976
0.233861
0.209422
0.279118
0.258939
0.233391
0.209621
0.279525
0.259596
0.233622
0.209636
0.279198
0.258621
0.233023
0.209594
0.27968
0.259408
0.234351
0.210702
0.280221
0.260429
0.234498
0.211352
0.281021
0.260453
0.234575
0.210647
0.279679
0.258681
0.232481
0.208506
0.278804
0.258169
0.232733
0.209246
0.280022
0.259153
0.233237
0.209471
0.279529
0.259039
0.232441
0.20866
0.278596
0.258716
0.233207
0.209765
0.279991
0.259401
0.233708
0.210157
0.279679
0.259855
0.234516
0.210991
0.280713
0.260071
0.233843
0.209252
0.278788
0.25882
0.233672
0.209653
0.279374
0.258945
0.232716
0.208534
0.278083
0.257691
0.232144
0.208745
0.279191
0.259303
0.233443
0.209606
0.279357
0.258963
0.232896
0.209338
0.279097
0.259125
0.233387
0.209567
0.279776
0.258788
0.233055
0.209482
0.279688
0.259281
0.233555
0.209957
0.27995
0.259472
0.234222
0.210172
0.279784
0.26002
0.234612
0.21114
0.281432
0.26114
0.234617
0.210622
0.280632
0.259926
0.233949
0.210702
0.280757
0.261031
0.235687
0.211952
0.281675
0.261424
0.235572
0.211381
0.281025
0.26048
0.23525
0.211205
0.281327
0.26045
0.234514
0.210618
0.280238
0.2601
0.234981
0.210655
0.280481
0.260744
0.235002
0.211062
0.280423
0.258945
0.232628
0.208835
0.278791
0.259079
0.234113
0.209485
0.279472
0.259279
0.23325
0.209177
0.278876
0.259012
0.233268
0.209654
0.279368
0.259398
0.232924
0.209767
0.279388
0.259316
0.232978
0.209098
0.278892
0.25853
0.232903
0.209173
0.279441
0.25879
0.232915
0.208785
0.27851
0.258739
0.232423
0.209102
0.279441
0.258631
0.232318
0.208456
0.278497
0.258902
0.233361
0.209275
0.279208
0.259035
0.233616
0.209851
0.280134
0.259822
0.234536
0.210754
0.280976
0.260703
0.234597
0.210341
0.280083
0.260708
0.234171
0.210086
0.280082
0.259186
0.233931
0.210118
0.280588
0.260134
0.234696
0.21084
0.281003
0.260799
0.235075
0.211245
0.280912
0.260934
0.234736
0.21042
0.279737
0.259762
0.234029
0.21062
0.279876
0.259643
0.234064
0.209677
0.279762
0.25952
0.233684
0.21022
0.280039
0.2597
0.233706
0.209799
0.279783
0.259996
0.234461
0.21006
0.280349
0.260326
0.234225
0.210541
0.280566
0.25967
0.234061
0.210501
0.280721
0.25991
0.234347
0.211044
0.281343
0.261134
0.235361
0.210975
0.280336
0.260363
0.2344
0.21054
0.280479
0.260854
0.235577
0.211153
0.280804
0.260708
0.235356
0.210921
0.280574
0.260648
0.234017
0.210104
0.279781
0.25977
0.233895
0.209878
0.27964
0.259147
0.233831
0.209701
0.279706
0.259267
0.233673
0.210385
0.280938
0.260685
0.234757
0.211522
0.281049
0.260767
0.235232
0.211709
0.281463
0.261335
0.23562
0.211324
0.280666
0.259466
0.233727
0.209846
0.280245
0.259935
0.234032
0.209555
0.279434
0.259203
0.233387
0.209896
0.279688
0.259665
0.234002
0.210101
0.27918
0.259374
0.233332
0.209756
0.279461
0.259278
0.233873
0.209995
0.280106
0.260336
0.234211
0.209991
0.279971
0.259248
0.233379
0.209813
0.279449
0.259165
0.233824
0.210167
0.279458
0.259102
0.233535
0.209628
0.27985
0.259271
0.233893
0.210302
0.280013
0.259402
0.234028
0.210247
0.280064
0.259561
0.23401
0.210244
0.280459
0.25991
0.234329
0.211318
0.281324
0.261432
0.23517
0.211193
0.280776
0.260754
0.235503
0.210903
0.280367
0.259053
0.233413
0.209826
0.279319
0.259435
0.233217
0.208551
0.278324
0.258925
0.232949
0.209308
0.27904
0.259266
0.232896
0.209161
0.278427
0.258279
0.233064
0.209845
0.280192
0.259705
0.233651
0.210397
0.280491
0.260032
0.234071
0.210241
0.279571
0.259094
0.234342
0.210732
0.28071
0.260577
0.234183
0.210899
0.280905
0.260949
0.234972
0.21114
0.280899
0.261034
0.234921
0.210185
0.280457
0.259319
0.233782
0.209435
0.279146
0.259294
0.232887
0.20926
0.279163
0.259442
0.234
0.209909
0.279503
0.259817
0.234622
0.210804
0.279673
0.259916
0.234008
0.209723
0.280085
0.259426
0.233783
0.209663
0.280001
0.259742
0.233677
0.21
0.280246
0.259996
0.234456
0.211228
0.280533
0.259784
0.234151
0.210162
0.279974
0.259801
0.234706
0.210942
0.280496
0.260589
0.234568
0.211183
0.281198
0.26112
0.235055
0.211123
0.28079
0.260185
0.234323
0.210565
0.280342
0.258913
0.233591
0.210162
0.279485
0.25919
0.234049
0.209574
0.27908
0.258595
0.232988
0.209174
0.278725
0.258753
0.233548
0.210262
0.28028
0.26025
0.234749
0.210218
0.280099
0.259512
0.233401
0.210259
0.280036
0.259762
0.234282
0.210418
0.280321
0.26001
0.234177
0.210168
0.27952
0.25934
0.233324
0.20976
0.27954
0.258705
0.233564
0.210387
0.280153
0.259705
0.233728
0.209847
0.279735
0.259174
0.233572
0.209847
0.279802
0.259051
0.234013
0.210034
0.279636
0.259278
0.233449
0.210431
0.280818
0.26004
0.234293
0.210349
0.280128
0.260163
0.233753
0.210591
0.280678
0.260605
0.234518
0.210276
0.280561
0.26009
0.233985
0.209548
0.279742
0.259517
0.233553
0.210124
0.279935
0.259208
0.233555
0.209848
0.279369
0.259723
0.233933
0.209669
0.27904
0.258601
0.232596
0.209315
0.279436
0.25887
0.232632
0.209326
0.279368
0.259512
0.234672
0.211495
0.281451
0.260886
0.234996
0.211456
0.280882
0.260549
0.234237
0.210637
0.280699
0.260562
0.234565
0.210686
0.280518
0.260019
0.234686
0.211111
0.28108
0.260319
0.234901
0.211223
0.281333
0.261532
0.235671
0.211567
0.281152
0.260859
0.235169
0.211154
0.281447
0.260826
0.235005
0.210964
0.280667
0.26023
0.234131
0.210934
0.280689
0.260674
0.234962
0.210509
0.280569
0.260427
0.235036
0.210412
0.279747
0.25897
0.233433
0.209291
0.279015
0.258529
0.232564
0.209364
0.27931
0.259759
0.233802
0.209996
0.279697
0.259295
0.233749
0.210007
0.279666
0.259586
0.233598
0.209584
0.280118
0.259693
0.232548
0.208987
0.278778
0.258054
0.232332
0.208777
0.278907
0.25869
0.233183
0.209435
0.279225
0.258949
0.233053
0.209122
0.27864
0.259274
0.233605
0.209642
0.279859
0.260199
0.234067
0.210625
0.280736
0.259541
0.233382
0.209013
0.278929
0.259042
0.233422
0.210201
0.279745
0.259675
0.234281
0.210741
0.280486
0.26024
0.234108
0.210333
0.280122
0.259839
0.233892
0.210209
0.27972
0.260191
0.234175
0.210477
0.280155
0.259764
0.234249
0.210335
0.280503
0.25969
0.233997
0.210608
0.280148
0.25974
0.233738
0.209881
0.279596
0.260193
0.235097
0.211257
0.281155
0.259634
0.23353
0.209691
0.280021
0.259658
0.234105
0.210641
0.280315
0.260551
0.234261
0.210192
0.279833
0.258902
0.233212
0.209487
0.27975
0.259517
0.233886
0.209839
0.279947
0.259454
0.233729
0.209818
0.279324
0.258786
0.233883
0.210657
0.280297
0.260319
0.234956
0.210746
0.280992
0.259909
0.234524
0.210086
0.280374
0.259473
0.233752
0.210094
0.279551
0.259468
0.234237
0.210153
0.28057
0.260749
0.235493
0.211405
0.281309
0.259998
0.234474
0.209936
0.280132
0.259557
0.2344
0.210562
0.280508
0.260577
0.234272
0.210871
0.28088
0.260237
0.234433
0.210604
0.279757
0.26005
0.234942
0.211484
0.281687
0.26124
0.234692
0.211098
0.28059
0.260217
0.235236
0.210956
0.281135
0.26039
0.23475
0.210113
0.279697
0.260108
0.233726
0.210025
0.279696
0.259637
0.23345
0.209318
0.279265
0.258507
0.233325
0.209725
0.279875
0.259721
0.233449
0.210007
0.280194
0.26043
0.234719
0.21088
0.281016
0.259971
0.23478
0.210697
0.280261
0.259264
0.233705
0.209815
0.279536
0.258908
0.232845
0.209095
0.27861
0.258481
0.233236
0.209327
0.279284
0.259047
0.233738
0.210261
0.280071
0.260111
0.234194
0.210493
0.280213
0.260188
0.233943
0.21027
0.27952
0.259645
0.233747
0.209598
0.279094
0.259008
0.232894
0.208227
0.27774
0.257383
0.232317
0.209328
0.279149
0.258171
0.232297
0.208706
0.279071
0.259005
0.233898
0.209221
0.279064
0.257921
0.232722
0.208974
0.279246
0.258853
0.233493
0.209622
0.27935
0.258909
0.233436
0.209312
0.279281
0.259295
0.232694
0.208823
0.279071
0.259375
0.233818
0.210415
0.280208
0.259693
0.23432
0.211037
0.281131
0.25996
0.234702
0.21071
0.280827
0.261224
0.235281
0.210863
0.279867
0.260087
0.234393
0.210712
0.280767
0.260203
0.23372
0.210365
0.280173
0.259433
0.233858
0.209768
0.279457
0.258248
0.232323
0.208206
0.277783
0.258287
0.23338
0.208987
0.279738
0.259444
0.233963
0.210424
0.280492
0.260462
0.235288
0.21172
0.281407
0.261125
0.235212
0.210911
0.280486
0.259788
0.234109
0.210686
0.280792
0.259705
0.23396
0.209856
0.279669
0.259367
0.233163
0.209708
0.278989
0.259536
0.234261
0.210762
0.280316
0.259939
0.234163
0.210445
0.280504
0.260055
0.234513
0.211142
0.281161
0.26106
0.235068
0.211823
0.281601
0.261387
0.235524
0.211664
0.281152
0.260859
0.234693
0.211762
0.280882
0.260418
0.234315
0.210392
0.280086
0.258898
0.232727
0.208534
0.278388
0.258569
0.232716
0.208989
0.278906
0.258518
0.232641
0.208873
0.278433
0.25835
0.232967
0.208414
0.278508
0.257954
0.232286
0.208858
0.278033
0.258585
0.233143
0.208967
0.279303
0.259036
0.233233
0.209609
0.279296
0.259244
0.233163
0.208917
0.279113
0.259204
0.233853
0.210495
0.280439
0.259945
0.233462
0.209772
0.279688
0.259829
0.234295
0.210658
0.280523
0.259765
0.234372
0.210775
0.280654
0.260469
0.234341
0.210864
0.28018
0.260163
0.234024
0.210382
0.280775
0.259308
0.23403
0.209948
0.279879
0.259486
0.233716
0.209627
0.279709
0.260004
0.235098
0.211644
0.281644
0.260937
0.235652
0.21154
0.28087
0.259879
0.234609
0.21108
0.280819
0.260834
0.234506
0.211186
0.280771
0.261117
0.235041
0.210457
0.280443
0.26025
0.234707
0.210845
0.28045
0.259896
0.234119
0.210093
0.280271
0.259991
0.234302
0.21115
0.281208
0.260622
0.234969
0.211111
0.28089
0.260944
0.234448
0.210385
0.280388
0.260419
0.233927
0.210395
0.280704
0.260282
0.235103
0.211338
0.280789
0.260171
0.234521
0.210449
0.280098
0.259599
0.234122
0.210914
0.280762
0.260554
0.2344
0.210177
0.27977
0.259719
0.233586
0.209816
0.279851
0.259151
0.233847
0.210149
0.280346
0.259816
0.23426
0.210655
0.280436
0.260461
0.234857
0.21112
0.28109
0.260391
0.234066
0.209638
0.280037
0.258697
0.233597
0.2094
0.279367
0.258931
0.233447
0.20997
0.279669
0.25922
0.234033
0.209859
0.279879
0.258204
0.233075
0.209441
0.28024
0.25893
0.233033
0.209931
0.279643
0.259656
0.232549
0.20875
0.27868
0.258168
0.233223
0.209044
0.279463
0.259446
0.232888
0.2092
0.279146
0.259472
0.233782
0.2102
0.279825
0.260082
0.234693
0.21029
0.279837
0.258939
0.233435
0.209738
0.279442
0.259267
0.233192
0.209181
0.278709
0.258134
0.232412
0.208505
0.278295
0.258222
0.233383
0.210067
0.279974
0.260269
0.23428
0.210636
0.280576
0.259507
0.233039
0.209623
0.279358
0.259156
0.232992
0.20921
0.279254
0.259211
0.233096
0.209792
0.279845
0.259153
0.233152
0.208994
0.278875
0.259179
0.233267
0.209577
0.279721
0.259307
0.233683
0.210474
0.280519
0.260313
0.23424
0.210209
0.280262
0.2606
0.233839
0.21039
0.280548
0.260606
0.234264
0.210529
0.280246
0.260086
0.234109
0.210192
0.279801
0.259333
0.233675
0.20981
0.279965
0.258235
0.232346
0.208075
0.277829
0.258124
0.231796
0.207703
0.278212
0.258526
0.233102
0.208996
0.278843
0.259016
0.23337
0.209718
0.279286
0.25887
0.233201
0.209246
0.279399
0.259487
0.233885
0.209773
0.279312
0.258765
0.233238
0.209291
0.278442
0.258778
0.232516
0.208395
0.278486
0.257668
0.232329
0.208443
0.278969
0.258315
0.232771
0.209207
0.279099
0.259258
0.234259
0.210644
0.281148
0.260567
0.23491
0.210773
0.280689
0.2609
0.234987
0.210817
0.280923
0.260277
0.234842
0.211316
0.280902
0.260894
0.234712
0.210943
0.280833
0.260455
0.234551
0.210471
0.280177
0.26001
0.233776
0.210184
0.279803
0.259485
0.23404
0.20986
0.27985
0.259584
0.2335
0.210037
0.279725
0.259535
0.233675
0.210131
0.279967
0.26006
0.233912
0.210754
0.281154
0.260883
0.234503
0.210942
0.280713
0.260247
0.234646
0.210534
0.279946
0.260247
0.23439
0.210308
0.2805
0.259827
0.234397
0.210688
0.28077
0.260744
0.234584
0.211262
0.281399
0.261265
0.235516
0.212077
0.282309
0.261688
0.235434
0.211862
0.281543
0.26083
0.235058
0.21089
0.280715
0.260599
0.234748
0.211061
0.280476
0.260907
0.234614
0.210536
0.280033
0.259618
0.233707
0.209861
0.279222
0.257907
0.232139
0.20829
0.278489
0.258605
0.233182
0.208852
0.278705
0.257995
0.232438
0.208735
0.279001
0.258504
0.232893
0.208801
0.2791
0.258815
0.233202
0.209097
0.279432
0.259323
0.234321
0.210717
0.280557
0.260548
0.235052
0.211415
0.281241
0.260367
0.235051
0.210916
0.28105
0.261215
0.234828
0.210889
0.280445
0.25993
0.233745
0.210363
0.280375
0.260062
0.234597
0.210226
0.280332
0.259933
0.233707
0.210111
0.2799
0.259851
0.234103
0.209836
0.280103
0.259252
0.233177
0.209567
0.27949
0.259508
0.23408
0.209926
0.279767
0.259931
0.233679
0.210126
0.28008
0.259532
0.234222
0.209656
0.279511
0.259257
0.233209
0.209161
0.278926
0.258507
0.233325
0.209119
0.278874
0.259462
0.23405
0.21018
0.280374
0.259679
0.233994
0.210129
0.280069
0.259754
0.23398
0.210017
0.280483
0.258834
0.233714
0.20988
0.279867
0.259573
0.233784
0.210123
0.280025
0.25982
0.233669
0.209491
0.278964
0.258903
0.233086
0.209761
0.279669
0.25904
0.232459
0.208893
0.27908
0.25945
0.234354
0.210895
0.280358
0.260021
0.233965
0.209488
0.279763
0.259364
0.234114
0.210725
0.280278
0.259245
0.233541
0.210142
0.280491
0.260412
0.23519
0.211077
0.280742
0.260214
0.23393
0.210049
0.280086
0.259669
0.234263
0.2106
0.280837
0.260064
0.234517
0.21092
0.280695
0.260526
0.234482
0.211148
0.280859
0.259936
0.233837
0.209494
0.27846
0.258511
0.233247
0.209342
0.279225
0.259394
0.232989
0.209813
0.279546
0.259499
0.233201
0.210033
0.280017
0.259496
0.234488
0.210901
0.281026
0.260775
0.234697
0.210333
0.279949
0.260438
0.235194
0.210436
0.279936
0.258998
0.232761
0.208455
0.278573
0.258549
0.233544
0.209556
0.279271
0.259122
0.234061
0.21079
0.280425
0.259535
0.233081
0.209037
0.278649
0.258169
0.232257
0.208616
0.278801
0.258053
0.233053
0.209242
0.279128
0.259012
0.233664
0.21063
0.280417
0.260308
0.234488
0.210192
0.280304
0.260217
0.234663
0.210784
0.280175
0.259362
0.233316
0.209928
0.28009
0.259245
0.233476
0.209712
0.27975
0.260222
0.234623
0.210827
0.280874
0.260859
0.234695
0.211268
0.280832
0.259908
0.234184
0.210639
0.281086
0.26002
0.234606
0.210511
0.280303
0.259961
0.234602
0.210947
0.280677
0.259302
0.232972
0.209099
0.279062
0.258996
0.233176
0.209129
0.279582
0.259195
0.234005
0.210152
0.279935
0.259939
0.233763
0.2095
0.279131
0.259381
0.233236
0.209044
0.279088
0.259072
0.233536
0.209565
0.279982
0.260312
0.235734
0.211208
0.280496
0.260148
0.234407
0.210672
0.28022
0.260147
0.23477
0.2109
0.280036
0.259577
0.233802
0.210162
0.280314
0.259524
0.233788
0.209841
0.28017
0.259784
0.234824
0.21129
0.280744
0.260656
0.23494
0.211505
0.28106
0.260735
0.234885
0.211254
0.281141
0.260437
0.235142
0.211766
0.280968
0.260622
0.234448
0.210464
0.280231
0.259583
0.234083
0.210203
0.279543
0.259494
0.23437
0.210172
0.279422
0.259449
0.2338
0.209329
0.279623
0.259376
0.233743
0.210061
0.279541
0.259749
0.23396
0.209916
0.279887
0.260148
0.233687
0.210463
0.280055
0.259394
0.233428
0.209853
0.279747
0.259325
0.233359
0.209531
0.2793
0.259687
0.233819
0.210082
0.28017
0.259769
0.233976
0.209698
0.279291
0.258976
0.233453
0.210177
0.279981
0.259871
0.234154
0.210106
0.280407
0.259594
0.233366
0.209123
0.279387
0.259633
0.233755
0.209469
0.278728
0.259152
0.233539
0.208652
0.278071
0.257449
0.231613
0.208674
0.278619
0.258341
0.232843
0.209144
0.279498
0.258626
0.233364
0.209214
0.279067
0.258947
0.233749
0.20996
0.279422
0.259829
0.234802
0.211133
0.280981
0.261152
0.23481
0.210326
0.280223
0.259634
0.234232
0.209838
0.279556
0.258384
0.232148
0.207519
0.277725
0.257868
0.232605
0.208861
0.278203
0.258127
0.23282
0.208872
0.278979
0.258948
0.233955
0.209716
0.279501
0.259213
0.232805
0.209484
0.279349
0.258779
0.233646
0.20979
0.279601
0.259244
0.232986
0.20937
0.279211
0.25908
0.233309
0.209687
0.279935
0.259142
0.233972
0.209712
0.279777
0.259579
0.23352
0.20995
0.279492
0.258526
0.232839
0.209251
0.279194
0.258528
0.233006
0.209392
0.279043
0.258737
0.233293
0.209467
0.278722
0.258357
0.232694
0.209127
0.279142
0.258782
0.233167
0.209212
0.279579
0.259372
0.233585
0.209049
0.279114
0.258511
0.233191
0.209436
0.279082
0.258993
0.233324
0.209659
0.280029
0.259562
0.233927
0.210111
0.279936
0.259158
0.233888
0.209921
0.279451
0.259407
0.233529
0.209172
0.279655
0.25895
0.233652
0.209944
0.279753
0.25946
0.233849
0.21001
0.280158
0.259507
0.234456
0.210629
0.280582
0.260404
0.235193
0.210991
0.281049
0.261138
0.235089
0.211171
0.280877
0.259767
0.233923
0.210979
0.281135
0.261005
0.23535
0.211249
0.281176
0.260223
0.235469
0.21168
0.281292
0.260781
0.234839
0.211318
0.281442
0.260903
0.234862
0.211443
0.281325
0.260157
0.234609
0.209829
0.279735
0.259331
0.233741
0.209996
0.279936
0.259523
0.23418
0.210187
0.280139
0.259633
0.233535
0.209772
0.279677
0.259694
0.234668
0.210758
0.280515
0.259904
0.234763
0.210699
0.280694
0.260113
0.233764
0.210454
0.279519
0.259656
0.23405
0.210658
0.280893
0.260903
0.235101
0.21111
0.281163
0.261242
0.234917
0.211092
0.280519
0.260123
0.23458
0.210454
0.28061
0.260529
0.234336
0.210563
0.280618
0.260234
0.234389
0.210809
0.280552
0.259762
0.234285
0.210765
0.280328
0.259138
0.232857
0.209667
0.279743
0.259255
0.233835
0.209773
0.279409
0.259077
0.233041
0.20971
0.279614
0.259214
0.23375
0.20959
0.279805
0.259674
0.234211
0.21098
0.280439
0.260188
0.233743
0.210633
0.280573
0.260383
0.234145
0.210706
0.280345
0.260261
0.234754
0.21058
0.280795
0.260183
0.234629
0.211098
0.280456
0.260085
0.233979
0.210079
0.280492
0.259564
0.233549
0.209974
0.279735
0.259024
0.234019
0.210313
0.280366
0.260332
0.235324
0.212003
0.281505
0.261178
0.235611
0.21226
0.282144
0.261135
0.234491
0.211125
0.280851
0.261318
0.234925
0.211519
0.28112
0.260438
0.234618
0.211228
0.280997
0.260364
0.234291
0.210904
0.280333
0.260211
0.234802
0.211178
0.280729
0.2609
0.235114
0.211749
0.280671
0.259715
0.234077
0.209836
0.280269
0.260288
0.23435
0.210412
0.280608
0.260862
0.234603
0.211029
0.280678
0.26011
0.23447
0.209903
0.279205
0.258835
0.233423
0.209712
0.279201
0.259208
0.233748
0.209852
0.28009
0.260524
0.234245
0.210828
0.280551
0.259964
0.234526
0.210401
0.280364
0.259864
0.234116
0.210202
0.280499
0.26028
0.234299
0.210504
0.280534
0.259777
0.23405
0.210165
0.279051
0.258033
0.232907
0.210121
0.28031
0.260175
0.234949
0.211107
0.280643
0.260677
0.234853
0.210829
0.280587
0.259687
0.234051
0.210135
0.280084
0.259797
0.23328
0.209975
0.279954
0.259509
0.234007
0.210377
0.280624
0.259903
0.234289
0.21074
0.280002
0.259711
0.233889
0.210802
0.280739
0.260154
0.234734
0.210634
0.28001
0.259861
0.233869
0.209919
0.280106
0.259606
0.23374
0.210235
0.279921
0.260432
0.234628
0.21108
0.280583
0.260277
0.233985
0.210409
0.280284
0.259601
0.233606
0.209755
0.279702
0.259805
0.233778
0.210058
0.279566
0.259324
0.23336
0.209974
0.279678
0.25897
0.233654
0.210072
0.279673
0.259612
0.23327
0.209467
0.27922
0.258216
0.232405
0.208572
0.278666
0.257282
0.231689
0.207966
0.278444
0.258124
0.23188
0.208513
0.278362
0.258223
0.23298
0.209619
0.279095
0.259349
0.233974
0.209811
0.279625
0.259793
0.233944
0.209631
0.279458
0.258088
0.232406
0.208091
0.278223
0.25817
0.232479
0.208715
0.278675
0.258207
0.232488
0.209
0.278982
0.258636
0.233551
0.209614
0.279711
0.259156
0.23297
0.209452
0.278953
0.259099
0.232975
0.209662
0.279828
0.259255
0.233755
0.210621
0.280112
0.259787
0.233897
0.210641
0.280428
0.259013
0.233712
0.210012
0.279701
0.259845
0.23404
0.209907
0.279703
0.25917
0.232764
0.208815
0.278474
0.257767
0.23187
0.20879
0.279039
0.25875
0.232192
0.208122
0.277924
0.257926
0.232052
0.208654
0.278466
0.25846
0.23308
0.209111
0.279149
0.258805
0.233049
0.209338
0.279867
0.259474
0.234096
0.210766
0.280226
0.260231
0.234382
0.210354
0.280313
0.259841
0.234577
0.211002
0.280076
0.260282
0.234735
0.210909
0.280677
0.260294
0.234669
0.211351
0.281117
0.260981
0.234261
0.210397
0.280517
0.260002
0.234317
0.209974
0.279496
0.259783
0.234432
0.211172
0.280901
0.260271
0.23399
0.210043
0.280311
0.260175
0.234715
0.210642
0.280517
0.259953
0.234599
0.211052
0.280509
0.259748
0.233913
0.210037
0.280045
0.259594
0.234126
0.209973
0.279656
0.259453
0.233315
0.209885
0.279419
0.259577
0.234221
0.210605
0.28069
0.260702
0.235016
0.210851
0.280054
0.260082
0.234555
0.210356
0.280056
0.259347
0.233027
0.20959
0.279515
0.259499
0.233551
0.209448
0.279601
0.25974
0.233931
0.209811
0.279676
0.259263
0.233792
0.210163
0.280035
0.26025
0.234294
0.210742
0.280357
0.260007
0.233855
0.210115
0.280045
0.259731
0.233692
0.210065
0.279696
0.258911
0.234175
0.210614
0.280562
0.260022
0.234439
0.210725
0.280237
0.260306
0.234336
0.210834
0.280853
0.260639
0.235263
0.211811
0.281632
0.261984
0.235629
0.211613
0.28157
0.260632
0.234053
0.210198
0.280593
0.260119
0.233892
0.210386
0.280087
0.2605
0.234792
0.210268
0.279482
0.258848
0.232978
0.209573
0.279481
0.259453
0.234395
0.210533
0.280401
0.259342
0.233774
0.210368
0.28011
0.259906
0.23432
0.21043
0.280041
0.259905
0.233228
0.209823
0.279915
0.259799
0.234716
0.210917
0.280652
0.259527
0.23378
0.210262
0.279907
0.259375
0.233789
0.209516
0.279224
0.259154
0.233376
0.209677
0.279961
0.259055
0.23342
0.210079
0.280131
0.259933
0.234423
0.210364
0.280552
0.260246
0.234741
0.210638
0.28024
0.260108
0.233486
0.209192
0.27946
0.259477
0.233522
0.210223
0.280531
0.260404
0.234318
0.211041
0.280539
0.259973
0.233513
0.209427
0.279497
0.258806
0.232917
0.209123
0.2792
0.259494
0.23398
0.21007
0.279657
0.259859
0.234224
0.210548
0.280496
0.260366
0.234537
0.211214
0.281542
0.261268
0.235127
0.211406
0.280572
0.2593
0.233302
0.209759
0.279386
0.259569
0.233982
0.209785
0.279416
0.258955
0.233112
0.209239
0.279105
0.258129
0.231627
0.208198
0.277981
0.257894
0.232697
0.209511
0.279494
0.259167
0.233637
0.2099
0.279124
0.258803
0.232941
0.209325
0.279062
0.258949
0.233441
0.210133
0.279917
0.259941
0.233799
0.210121
0.28048
0.259886
0.234427
0.210649
0.280272
0.259902
0.233917
0.210126
0.280105
0.259255
0.232712
0.209126
0.278748
0.258409
0.232554
0.209067
0.279178
0.259314
0.2343
0.210871
0.28065
0.261111
0.235102
0.211531
0.281414
0.260599
0.23505
0.21118
0.281241
0.261355
0.236029
0.212398
0.28233
0.261144
0.235828
0.211373
0.28071
0.260592
0.234939
0.211229
0.280941
0.260642
0.234527
0.210619
0.280316
0.260132
0.234005
0.210436
0.280648
0.259903
0.233294
0.209073
0.279247
0.259778
0.233871
0.210204
0.280079
0.260446
0.233812
0.209607
0.279219
0.258365
0.232295
0.208379
0.278625
0.25822
0.232949
0.209065
0.278972
0.258229
0.232462
0.20913
0.279481
0.258706
0.233319
0.209567
0.279414
0.258046
0.231818
0.208725
0.279062
0.257797
0.232008
0.208194
0.278816
0.25844
0.232744
0.209553
0.27959
0.25954
0.233349
0.209313
0.27937
0.259403
0.23407
0.210115
0.280225
0.260211
0.233962
0.210591
0.280369
0.260378
0.23494
0.211088
0.281163
0.261104
0.234913
0.211285
0.280769
0.260907
0.235275
0.211897
0.281923
0.261297
0.235396
0.211489
0.2816
0.261461
0.23627
0.212077
0.281821
0.261059
0.235314
0.211854
0.281679
0.261159
0.235301
0.211744
0.281792
0.261621
0.23576
0.212082
0.282211
0.261941
0.236312
0.212117
0.282164
0.261251
0.235187
0.211043
0.280473
0.260712
0.234721
0.211365
0.280824
0.260483
0.23502
0.210945
0.28061
0.260777
0.234475
0.210675
0.280401
0.26044
0.235107
0.210845
0.280762
0.26067
0.23403
0.210094
0.280266
0.25998
0.234096
0.210139
0.279651
0.258267
0.232952
0.209027
0.279259
0.259195
0.233637
0.209937
0.279639
0.259348
0.23279
0.209322
0.279262
0.259074
0.233178
0.209414
0.27844
0.258626
0.233216
0.20983
0.279783
0.259583
0.233645
0.209917
0.279506
0.25872
0.233199
0.209856
0.279421
0.259216
0.233164
0.209105
0.279019
0.258282
0.232521
0.209156
0.278948
0.25944
0.233132
0.209212
0.279532
0.259088
0.233285
0.21022
0.280149
0.259482
0.233269
0.209447
0.279721
0.259293
0.234188
0.210474
0.280458
0.259423
0.234331
0.211174
0.280815
0.259897
0.234009
0.21042
0.280878
0.260831
0.23479
0.210932
0.280475
0.260383
0.235126
0.210759
0.280384
0.259589
0.234001
0.210584
0.280181
0.259781
0.234133
0.210673
0.280327
0.259823
0.234544
0.21057
0.280897
0.260705
0.234928
0.211045
0.280576
0.25991
0.234643
0.209823
0.279762
0.259429
0.232945
0.208811
0.279188
0.258569
0.23197
0.208383
0.278453
0.258572
0.232847
0.20849
0.277698
0.257649
0.232
0.207809
0.277861
0.257935
0.232309
0.208644
0.278745
0.258074
0.231998
0.208102
0.278575
0.257664
0.231937
0.207937
0.278017
0.25752
0.232643
0.209084
0.279262
0.259208
0.233697
0.209726
0.280434
0.259528
0.233659
0.210339
0.280732
0.260702
0.234734
0.210266
0.279961
0.259431
0.23392
0.209994
0.28002
0.260301
0.235114
0.211285
0.281714
0.26121
0.234683
0.210729
0.280581
0.260667
0.234813
0.210571
0.28045
0.259627
0.233232
0.208983
0.279649
0.259
0.23373
0.209737
0.279843
0.259111
0.233302
0.209665
0.279648
0.259542
0.233991
0.209462
0.27896
0.258656
0.233143
0.209384
0.279147
0.257841
0.231612
0.208209
0.278276
0.258795
0.233293
0.208823
0.279232
0.259232
0.233032
0.210058
0.28013
0.259661
0.234432
0.210581
0.280352
0.259992
0.234308
0.210289
0.28029
0.260266
0.23451
0.210973
0.280629
0.260654
0.23514
0.210861
0.280137
0.259071
0.233556
0.209929
0.280177
0.259817
0.234726
0.211259
0.281058
0.2601
0.2343
0.210022
0.280363
0.259437
0.233447
0.210097
0.279983
0.259895
0.233107
0.208811
0.278975
0.258639
0.232911
0.209371
0.279131
0.258704
0.232838
0.209501
0.279101
0.258542
0.233
0.209227
0.278938
0.258517
0.232561
0.209244
0.279406
0.259566
0.233619
0.209775
0.279317
0.258989
0.232845
0.209831
0.279273
0.258771
0.233451
0.210358
0.280482
0.260795
0.233907
0.209934
0.279532
0.259271
0.233777
0.210074
0.279707
0.259061
0.232763
0.209055
0.279099
0.2588
0.233201
0.209287
0.278893
0.25897
0.233383
0.209432
0.279737
0.259995
0.234022
0.210452
0.280373
0.259669
0.234313
0.210931
0.281411
0.261786
0.235349
0.211624
0.280882
0.260352
0.234859
0.210944
0.280568
0.259729
0.233829
0.210218
0.280536
0.260124
0.234451
0.210162
0.279942
0.259742
0.234475
0.210703
0.28046
0.259945
0.234704
0.20998
0.279818
0.259656
0.233727
0.210183
0.280096
0.259603
0.233863
0.210027
0.279736
0.259582
0.233995
0.210328
0.279543
0.259311
0.233208
0.209697
0.279601
0.258905
0.233617
0.209762
0.279655
0.259237
0.233569
0.209588
0.279843
0.259356
0.233952
0.210602
0.280727
0.260543
0.234501
0.210572
0.28047
0.259557
0.233783
0.209783
0.279749
0.259938
0.234253
0.210882
0.28029
0.260297
0.234884
0.211344
0.28073
0.260261
0.234747
0.210629
0.280166
0.259948
0.234148
0.211191
0.281086
0.261017
0.235285
0.211914
0.281941
0.261084
0.23533
0.211783
0.281222
0.26088
0.235201
0.211826
0.28187
0.261765
0.234866
0.211064
0.281188
0.261364
0.235185
0.210778
0.280613
0.259611
0.233411
0.209973
0.279803
0.259152
0.232804
0.209071
0.278636
0.258698
0.23322
0.209397
0.279401
0.259572
0.233535
0.209757
0.279894
0.259835
0.234034
0.210178
0.280259
0.259802
0.234365
0.21059
0.280658
0.260924
0.235292
0.211713
0.281609
0.261348
0.234794
0.211269
0.28099
0.260487
0.234773
0.210921
0.28087
0.260511
0.234929
0.211106
0.281072
0.26032
0.234902
0.210474
0.280276
0.26023
0.234036
0.210083
0.279617
0.259581
0.233593
0.210315
0.280338
0.259678
0.233965
0.209636
0.279983
0.259715
0.233757
0.210538
0.280312
0.260354
0.233907
0.210111
0.280087
0.259487
0.234123
0.210247
0.280246
0.260138
0.234754
0.210968
0.280956
0.260763
0.235366
0.211092
0.280995
0.260693
0.234941
0.210559
0.279755
0.259335
0.233427
0.210103
0.280109
0.260001
0.233857
0.209953
0.279623
0.259032
0.233005
0.209686
0.278963
0.258657
0.2328
0.208077
0.278451
0.25889
0.232949
0.209642
0.279587
0.259203
0.233609
0.210351
0.280949
0.26035
0.23466
0.210158
0.280453
0.259615
0.233555
0.209798
0.28008
0.259297
0.233826
0.210741
0.280731
0.260011
0.234323
0.210609
0.280239
0.25969
0.232953
0.208744
0.278492
0.258737
0.233166
0.209931
0.280016
0.259566
0.234105
0.210295
0.28062
0.259958
0.234012
0.210372
0.280665
0.260113
0.234825
0.211137
0.280916
0.260697
0.234432
0.21109
0.280949
0.261278
0.235618
0.211466
0.281157
0.260362
0.234692
0.210865
0.280784
0.25981
0.233408
0.209796
0.279729
0.259959
0.233757
0.20936
0.279508
0.25909
0.233634
0.209758
0.2799
0.259903
0.233798
0.209826
0.27957
0.258841
0.234242
0.2106
0.281175
0.259838
0.23442
0.211116
0.280853
0.259781
0.233878
0.210062
0.279954
0.259605
0.233281
0.208898
0.279114
0.259121
0.233159
0.208561
0.278525
0.258541
0.23255
0.208857
0.278994
0.259218
0.23327
0.209329
0.279492
0.259377
0.233384
0.210024
0.279543
0.259544
0.233509
0.209611
0.279349
0.259196
0.233795
0.210258
0.280326
0.260096
0.233863
0.209743
0.280148
0.260304
0.234614
0.21044
0.280164
0.259111
0.232582
0.209186
0.279148
0.259214
0.233251
0.209839
0.279802
0.259036
0.232638
0.208366
0.277789
0.257514
0.232415
0.208886
0.279233
0.258869
0.233086
0.209131
0.279064
0.259182
0.233489
0.21009
0.280249
0.25974
0.233761
0.21049
0.280408
0.26019
0.234359
0.210321
0.279922
0.259233
0.233569
0.209712
0.279598
0.25919
0.232399
0.208305
0.278651
0.259004
0.233828
0.210462
0.280861
0.260727
0.234111
0.210407
0.280363
0.260199
0.233961
0.210615
0.281141
0.260811
0.234186
0.210121
0.280447
0.260114
0.234357
0.210372
0.280226
0.260363
0.234707
0.211207
0.280843
0.260101
0.234529
0.210165
0.280244
0.259867
0.233856
0.209404
0.278819
0.258356
0.233051
0.209848
0.280222
0.259883
0.233816
0.209736
0.279524
0.259328
0.233678
0.209741
0.279433
0.258754
0.233632
0.209757
0.279032
0.25872
0.232794
0.209361
0.279346
0.258409
0.233265
0.209879
0.279733
0.259518
0.233741
0.209462
0.27894
0.258309
0.232501
0.208568
0.278253
0.258852
0.233427
0.209459
0.279689
0.259191
0.232804
0.208491
0.278457
0.257785
0.23204
0.2086
0.278565
0.258189
0.2328
0.208702
0.278548
0.258367
0.23246
0.208482
0.278625
0.258879
0.233338
0.209388
0.279214
0.258544
0.232899
0.20906
0.27945
0.258446
0.232274
0.208725
0.279114
0.258458
0.233397
0.209849
0.280109
0.260469
0.234758
0.210598
0.279477
0.25899
0.233096
0.20917
0.27967
0.259486
0.234138
0.210385
0.280003
0.259129
0.23358
0.209874
0.279437
0.258686
0.233736
0.209977
0.280512
0.260315
0.234379
0.211056
0.280776
0.260737
0.235251
0.210831
0.280954
0.260326
0.234272
0.210531
0.280536
0.261192
0.235625
0.211917
0.281648
0.260879
0.235811
0.211718
0.281747
0.26078
0.234068
0.210407
0.279576
0.258202
0.233243
0.209579
0.279523
0.259438
0.234078
0.210412
0.280535
0.260266
0.234274
0.210433
0.280493
0.260016
0.234387
0.210547
0.279716
0.259905
0.234163
0.210128
0.280146
0.2597
0.233747
0.209715
0.280017
0.259816
0.233994
0.210286
0.280049
0.260277
0.234147
0.210565
0.280647
0.260599
0.235014
0.211131
0.280829
0.261062
0.234975
0.210866
0.280958
0.260157
0.23418
0.21065
0.280285
0.259915
0.234009
0.210511
0.28062
0.260253
0.234604
0.210675
0.280701
0.260766
0.235022
0.211447
0.281093
0.260828
0.23493
0.211618
0.28084
0.260032
0.234066
0.210402
0.27949
0.259622
0.233948
0.20982
0.279393
0.258932
0.233593
0.20979
0.280029
0.259998
0.234598
0.210374
0.279882
0.259397
0.233467
0.2099
0.27992
0.259682
0.234183
0.210697
0.280157
0.259667
0.234151
0.210626
0.280409
0.259933
0.234532
0.210718
0.280613
0.259868
0.233969
0.210197
0.280539
0.260189
0.233785
0.20988
0.27986
0.260167
0.233968
0.209413
0.279247
0.25943
0.234266
0.209937
0.278805
0.258806
0.23339
0.209698
0.279873
0.259285
0.233583
0.209813
0.279725
0.258611
0.233019
0.209145
0.278462
0.257832
0.232432
0.208115
0.277966
0.258492
0.233134
0.209589
0.279554
0.259496
0.233559
0.209897
0.279301
0.258492
0.233089
0.209572
0.279331
0.258953
0.233261
0.209219
0.279235
0.259042
0.233413
0.209029
0.279123
0.259451
0.233671
0.209463
0.280027
0.259115
0.23382
0.210165
0.280076
0.25874
0.233344
0.209834
0.279711
0.259103
0.232613
0.208481
0.278933
0.258619
0.232767
0.20889
0.278949
0.259101
0.233705
0.209802
0.279556
0.258755
0.232952
0.209552
0.279535
0.259385
0.233605
0.209443
0.279896
0.258473
0.232924
0.209264
0.279046
0.25896
0.232712
0.20973
0.279448
0.260204
0.234268
0.210554
0.280873
0.259753
0.233538
0.209781
0.279603
0.258966
0.233677
0.210395
0.280071
0.260047
0.233333
0.210063
0.279995
0.260156
0.234863
0.210898
0.280428
0.260045
0.234717
0.210861
0.280418
0.260264
0.234032
0.210566
0.280547
0.259255
0.233337
0.209676
0.279734
0.258733
0.232712
0.208395
0.27803
0.258656
0.2331
0.209934
0.279444
0.258524
0.233357
0.20987
0.279933
0.259477
0.23322
0.209278
0.278926
0.259019
0.233483
0.209476
0.279381
0.258346
0.232755
0.208744
0.278754
0.258237
0.232748
0.209424
0.279558
0.259892
0.233903
0.210496
0.28037
0.25991
0.234218
0.210906
0.280533
0.259444
0.233813
0.209394
0.279004
0.258783
0.232911
0.209239
0.279143
0.258758
0.232764
0.208893
0.279079
0.258907
0.233092
0.208751
0.279126
0.258938
0.233259
0.20949
0.278806
0.258124
0.232966
0.209641
0.279583
0.259264
0.2336
0.209361
0.279812
0.259974
0.233608
0.210282
0.28067
0.259617
0.23379
0.209198
0.278993
0.258341
0.232885
0.208546
0.278828
0.259154
0.233818
0.21014
0.279946
0.260134
0.233987
0.210511
0.2802
0.259263
0.23368
0.210194
0.280201
0.259854
0.234079
0.20978
0.279241
0.259212
0.232873
0.209015
0.278821
0.259156
0.232963
0.209314
0.279419
0.259332
0.234413
0.211028
0.281012
0.260391
0.234928
0.211281
0.281207
0.26135
0.235197
0.210829
0.280026
0.258908
0.233721
0.210577
0.280776
0.260583
0.234978
0.211147
0.280744
0.260046
0.233949
0.209901
0.279982
0.259582
0.233955
0.209799
0.279669
0.259608
0.233833
0.209949
0.280242
0.259583
0.233299
0.210083
0.280505
0.259649
0.23424
0.210586
0.28071
0.259985
0.234245
0.210161
0.280514
0.260708
0.234414
0.210597
0.28014
0.260066
0.234558
0.210834
0.280444
0.259953
0.234403
0.211285
0.281333
0.259743
0.234098
0.210249
0.280251
0.259527
0.233263
0.210019
0.280108
0.259931
0.233612
0.209488
0.279807
0.259145
0.233069
0.209609
0.279519
0.258526
0.232468
0.208844
0.279064
0.259037
0.233674
0.20997
0.280075
0.259148
0.233643
0.210335
0.280357
0.260335
0.23455
0.210455
0.280495
0.25988
0.233967
0.210347
0.280838
0.260332
0.234243
0.209927
0.279952
0.259166
0.233429
0.209555
0.27946
0.258953
0.232229
0.209178
0.279402
0.258633
0.232615
0.208654
0.278635
0.258961
0.232793
0.208841
0.279292
0.259125
0.233762
0.209823
0.280091
0.259241
0.233466
0.209967
0.279963
0.259479
0.234123
0.210257
0.280179
0.259145
0.23373
0.209907
0.279711
0.259309
0.233914
0.210975
0.280801
0.261091
0.235598
0.211141
0.2809
0.25963
0.234211
0.210512
0.279889
0.259098
0.23316
0.209373
0.279175
0.258755
0.232587
0.208908
0.279593
0.259522
0.233914
0.209602
0.27952
0.258492
0.232311
0.208142
0.278614
0.258159
0.231818
0.208631
0.279446
0.259023
0.234158
0.209418
0.279673
0.259106
0.23378
0.21039
0.279822
0.260279
0.234649
0.210897
0.280952
0.260545
0.233721
0.210117
0.279668
0.25987
0.233885
0.209601
0.280129
0.258851
0.233101
0.209486
0.279409
0.259245
0.234094
0.210632
0.279832
0.259687
0.23423
0.210378
0.280699
0.260602
0.23497
0.210383
0.279901
0.259962
0.23468
0.210876
0.280877
0.260779
0.235274
0.210274
0.279814
0.258996
0.232926
0.209181
0.278901
0.259083
0.233405
0.209849
0.279485
0.25866
0.232233
0.208201
0.277885
0.257148
0.231237
0.207983
0.278377
0.25824
0.232921
0.208743
0.278553
0.258956
0.233182
0.210009
0.280141
0.259659
0.233731
0.209977
0.280056
0.259606
0.233679
0.209361
0.279564
0.259022
0.233315
0.210488
0.280301
0.25961
0.232956
0.209398
0.279893
0.25982
0.234259
0.210748
0.280869
0.258996
0.233765
0.210347
0.28031
0.259583
0.234383
0.21052
0.280151
0.259842
0.233683
0.209853
0.279831
0.259314
0.233294
0.209293
0.278886
0.258405
0.232803
0.209534
0.279342
0.258998
0.233191
0.209842
0.279273
0.258994
0.233239
0.209494
0.279685
0.259568
0.233336
0.209681
0.278956
0.258669
0.233114
0.209284
0.279632
0.25925
0.233487
0.209157
0.278792
0.259068
0.233448
0.209568
0.279757
0.259118
0.233652
0.209668
0.2793
0.258921
0.233324
0.210227
0.280442
0.259447
0.233725
0.209467
0.27966
0.25938
0.233608
0.210558
0.280752
0.25975
0.233927
0.210063
0.280249
0.260088
0.233635
0.209751
0.279916
0.259158
0.233788
0.210291
0.280336
0.259464
0.233668
0.209654
0.279675
0.260177
0.233699
0.209859
0.280036
0.259178
0.2332
0.209662
0.279348
0.2596
0.233744
0.209888
0.279886
0.259689
0.233783
0.209509
0.279455
0.258862
0.233588
0.209518
0.279202
0.258753
0.232547
0.209009
0.278571
0.258347
0.232456
0.208425
0.27843
0.258731
0.233316
0.209681
0.279259
0.259541
0.233998
0.210481
0.279939
0.259944
0.23419
0.210028
0.27963
0.259445
0.234049
0.209783
0.278847
0.258408
0.232768
0.208677
0.278693
0.258516
0.232873
0.209072
0.27924
0.25975
0.234186
0.210069
0.279908
0.260031
0.234186
0.210772
0.280259
0.260336
0.234824
0.211095
0.281007
0.26037
0.234505
0.210748
0.280425
0.25981
0.234419
0.210724
0.280847
0.261302
0.23552
0.211349
0.281109
0.26084
0.234806
0.210702
0.280641
0.260735
0.234496
0.210961
0.281012
0.260654
0.234555
0.210807
0.280825
0.259849
0.233665
0.210019
0.279565
0.25902
0.232768
0.20861
0.27868
0.258859
0.233204
0.209893
0.279733
0.259044
0.233309
0.209102
0.279044
0.258812
0.233075
0.20899
0.279352
0.258443
0.232517
0.209067
0.278949
0.259069
0.233389
0.209207
0.279025
0.258293
0.232581
0.208635
0.278785
0.258372
0.232793
0.209119
0.279339
0.259246
0.233758
0.20999
0.280136
0.259793
0.234603
0.210967
0.280499
0.259963
0.234672
0.210699
0.280435
0.260203
0.234076
0.209851
0.279989
0.259644
0.233638
0.210213
0.279875
0.259048
0.233617
0.20971
0.280251
0.259616
0.233362
0.20973
0.279798
0.260199
0.233819
0.210304
0.280133
0.259861
0.23339
0.209836
0.279675
0.260004
0.233811
0.210314
0.280827
0.26062
0.234916
0.211043
0.280483
0.260203
0.234791
0.210835
0.280967
0.260068
0.234614
0.210683
0.280634
0.260373
0.234366
0.21104
0.280775
0.260367
0.234682
0.211473
0.281075
0.260813
0.234824
0.210475
0.280709
0.260528
0.234668
0.210754
0.280638
0.260223
0.234014
0.210239
0.280163
0.259941
0.234502
0.210537
0.280418
0.260319
0.234338
0.20977
0.279516
0.259006
0.233096
0.21001
0.279486
0.259665
0.234527
0.210084
0.280366
0.259986
0.233742
0.209412
0.279239
0.259186
0.233157
0.208779
0.27899
0.258936
0.233929
0.210329
0.280494
0.259685
0.234155
0.210359
0.280164
0.260215
0.234338
0.210789
0.280263
0.259719
0.234436
0.210683
0.280432
0.259996
0.233946
0.210105
0.280054
0.259754
0.23478
0.210801
0.28072
0.260364
0.234745
0.209819
0.280107
0.259666
0.234295
0.210297
0.280512
0.259329
0.233412
0.209527
0.279577
0.258673
0.232738
0.209308
0.279351
0.258974
0.233068
0.209395
0.279122
0.259369
0.234439
0.210679
0.280101
0.25989
0.23423
0.210531
0.280995
0.260355
0.233588
0.209773
0.279712
0.25897
0.23366
0.209604
0.280081
0.260171
0.234016
0.210519
0.280073
0.260019
0.234898
0.211113
0.280948
0.26017
0.234192
0.210625
0.280557
0.260164
0.234841
0.21067
0.281083
0.260252
0.234464
0.210224
0.279767
0.259543
0.234236
0.21038
0.280142
0.258994
0.233765
0.20952
0.278733
0.258434
0.233029
0.209478
0.279597
0.259284
0.233581
0.20936
0.27881
0.259058
0.233229
0.209585
0.279439
0.259073
0.233789
0.210047
0.27981
0.259178
0.233547
0.210015
0.279724
0.259904
0.233879
0.210075
0.279976
0.259664
0.234674
0.210528
0.280424
0.260623
0.234707
0.210239
0.279896
0.259377
0.233708
0.210228
0.280203
0.260073
0.23391
0.209975
0.280128
0.260159
0.234363
0.210213
0.27988
0.260296
0.234384
0.210433
0.280173
0.259977
0.234571
0.211145
0.281318
0.260719
0.234475
0.21083
0.280783
0.260732
0.234977
0.211271
0.281267
0.260253
0.234521
0.210687
0.280686
0.259453
0.234121
0.210221
0.280309
0.260611
0.234504
0.210715
0.28063
0.260259
0.234075
0.210763
0.28108
0.260567
0.234741
0.210462
0.280236
0.260271
0.234588
0.210452
0.279929
0.260339
0.23455
0.210626
0.280494
0.26053
0.234255
0.210701
0.280532
0.260516
0.234253
0.210578
0.281047
0.260128
0.234592
0.21034
0.279779
0.2601
0.234212
0.210955
0.281017
0.26064
0.2348
0.210524
0.280587
0.260026
0.233926
0.210296
0.279812
0.259415
0.233471
0.209808
0.279774
0.259018
0.232937
0.209547
0.279834
0.260041
0.233896
0.209824
0.279283
0.258959
0.233353
0.209418
0.279488
0.259637
0.233599
0.210295
0.280183
0.26002
0.234033
0.210298
0.280835
0.260877
0.234651
0.210329
0.280756
0.259897
0.235122
0.210965
0.281128
0.261152
0.234723
0.211201
0.281019
0.260334
0.23439
0.210343
0.280361
0.259761
0.2342
0.210847
0.280535
0.259406
0.233642
0.209649
0.279629
0.259138
0.233389
0.209291
0.279051
0.258736
0.233471
0.209197
0.279413
0.25898
0.233347
0.209514
0.27971
0.259241
0.233669
0.209605
0.27929
0.259327
0.233997
0.209982
0.279665
0.259259
0.234032
0.210932
0.279709
0.259582
0.233641
0.210372
0.280662
0.260076
0.23395
0.210034
0.279658
0.259672
0.233349
0.210275
0.279629
0.259415
0.232892
0.20896
0.278829
0.258515
0.232829
0.209378
0.27865
0.258329
0.233245
0.209301
0.278811
0.258023
0.232767
0.2093
0.279754
0.25979
0.233547
0.209706
0.27983
0.259286
0.233507
0.209271
0.278614
0.258377
0.233304
0.209147
0.278621
0.257857
0.232803
0.209061
0.27872
0.25857
0.232949
0.209996
0.28025
0.259099
0.23319
0.209535
0.279765
0.259147
0.233867
0.210225
0.280346
0.260286
0.234307
0.21084
0.280463
0.259906
0.234302
0.210322
0.279517
0.259204
0.233439
0.210038
0.279914
0.258828
0.233426
0.210418
0.280488
0.259427
0.233828
0.210148
0.280103
0.2598
0.232923
0.209001
0.278535
0.258701
0.234162
0.209845
0.279295
0.259017
0.233365
0.209837
0.279481
0.25903
0.233474
0.209775
0.280334
0.260254
0.233957
0.210405
0.280191
0.258835
0.232481
0.20831
0.278555
0.258088
0.232487
0.208426
0.278154
0.257928
0.231797
0.207846
0.277939
0.258291
0.231439
0.208242
0.278405
0.257388
0.231935
0.208471
0.27873
0.258662
0.233275
0.20968
0.279524
0.259149
0.233184
0.209633
0.279676
0.258809
0.23355
0.210337
0.280764
0.260669
0.234973
0.210631
0.280368
0.260386
0.234823
0.210028
0.280418
0.259699
0.234003
0.210224
0.279948
0.260024
0.234609
0.210947
0.280133
0.259833
0.23448
0.21115
0.281188
0.260847
0.234902
0.210653
0.280276
0.259319
0.233932
0.210074
0.27995
0.259848
0.234374
0.210373
0.280078
0.259859
0.233934
0.21039
0.280382
0.260262
0.234506
0.209908
0.27987
0.259331
0.233521
0.209714
0.279641
0.259864
0.234175
0.210595
0.280492
0.260273
0.234335
0.210789
0.280332
0.260188
0.234514
0.210325
0.28042
0.260545
0.234112
0.20992
0.279694
0.259749
0.232776
0.209322
0.279424
0.259706
0.233617
0.209962
0.27976
0.259181
0.233746
0.209632
0.279683
0.259707
0.234097
0.21037
0.280524
0.259303
0.233707
0.209671
0.279659
0.25916
0.232967
0.209007
0.279062
0.258205
0.232235
0.209235
0.278764
0.258671
0.233289
0.209311
0.279135
0.258195
0.232966
0.208713
0.278897
0.258645
0.233212
0.209197
0.279102
0.259642
0.234246
0.210387
0.280287
0.259013
0.233897
0.210585
0.280615
0.260023
0.23422
0.210545
0.280522
0.260655
0.235005
0.211074
0.280596
0.259998
0.234469
0.210611
0.280672
0.260104
0.23411
0.210627
0.280337
0.259717
0.234315
0.210256
0.28015
0.259411
0.233698
0.210646
0.280676
0.260166
0.234438
0.21065
0.280089
0.259252
0.233796
0.210213
0.280573
0.260191
0.233876
0.21087
0.281125
0.261129
0.235763
0.211612
0.281502
0.261395
0.235564
0.211242
0.281229
0.260855
0.235615
0.211565
0.281312
0.260226
0.234721
0.210569
0.279848
0.259316
0.233247
0.209836
0.279331
0.258756
0.233318
0.209231
0.27921
0.259081
0.23267
0.20862
0.27825
0.257605
0.232886
0.208924
0.278999
0.258352
0.233392
0.210332
0.280151
0.259094
0.23338
0.20863
0.278726
0.258647
0.233014
0.209055
0.278764
0.257813
0.231584
0.208783
0.278643
0.258193
0.232611
0.208532
0.278539
0.258301
0.232774
0.209408
0.279136
0.258082
0.232464
0.209181
0.27937
0.259357
0.233857
0.209875
0.279912
0.260527
0.235055
0.211374
0.280887
0.260024
0.2342
0.210759
0.280896
0.260784
0.234872
0.210704
0.280329
0.25943
0.233842
0.209824
0.280142
0.259596
0.234181
0.210153
0.279854
0.259185
0.233616
0.209415
0.279898
0.259074
0.234066
0.210324
0.279842
0.258989
0.233814
0.209811
0.280253
0.25929
0.23363
0.210042
0.279727
0.259569
0.233708
0.210165
0.280012
0.259392
0.233287
0.209465
0.27974
0.25907
0.233417
0.209802
0.279863
0.259815
0.234297
0.210551
0.280238
0.259143
0.232565
0.209453
0.279883
0.259686
0.234189
0.210634
0.280799
0.259686
0.234032
0.210146
0.280263
0.260636
0.234354
0.210948
0.280298
0.260357
0.233787
0.210419
0.280258
0.259149
0.232756
0.209061
0.279688
0.25931
0.234188
0.210502
0.28053
0.259441
0.233871
0.210148
0.279819
0.259493
0.233659
0.209896
0.279472
0.259301
0.233456
0.20928
0.279813
0.259532
0.233771
0.209825
0.279857
0.259736
0.233779
0.209418
0.279506
0.25902
0.233417
0.210403
0.280311
0.260059
0.23496
0.21089
0.281196
0.261734
0.236608
0.213002
0.282421
0.262084
0.235195
0.21177
0.281195
0.26035
0.234514
0.210293
0.280183
0.259715
0.234245
0.210377
0.280154
0.259874
0.233934
0.209643
0.279341
0.25884
0.232952
0.209351
0.279293
0.258962
0.23311
0.209463
0.279477
0.259535
0.233291
0.209827
0.28
0.259846
0.234227
0.210106
0.280326
0.260528
0.234288
0.210789
0.280667
0.260735
0.234554
0.210517
0.28033
0.259799
0.233789
0.209764
0.279596
0.2594
0.233905
0.210604
0.280664
0.260853
0.234586
0.210421
0.279822
0.25945
0.233562
0.209985
0.279779
0.259431
0.232959
0.210223
0.279943
0.258974
0.233388
0.209383
0.279204
0.259088
0.233742
0.210152
0.280172
0.260948
0.234891
0.211059
0.281091
0.261568
0.235425
0.210523
0.280653
0.259866
0.234443
0.210435
0.279605
0.26004
0.234021
0.210457
0.280431
0.259609
0.23385
0.209343
0.279867
0.25968
0.234468
0.211475
0.281212
0.26046
0.234355
0.210061
0.279998
0.259472
0.2336
0.210246
0.279843
0.259586
0.233922
0.209398
0.279724
0.258923
0.233034
0.209058
0.279708
0.259879
0.234133
0.210533
0.280288
0.260036
0.234008
0.210809
0.280397
0.261044
0.235279
0.211321
0.28135
0.260908
0.235238
0.211156
0.280715
0.259877
0.233301
0.209903
0.280247
0.258995
0.233244
0.208763
0.279185
0.259321
0.233877
0.210511
0.280471
0.260133
0.233835
0.209713
0.27952
0.258454
0.232866
0.208828
0.278506
0.258478
0.232847
0.209115
0.279502
0.25982
0.234109
0.210328
0.280069
0.259036
0.23361
0.210294
0.279474
0.258471
0.232878
0.209173
0.278564
0.258596
0.232082
0.208491
0.278833
0.259037
0.233618
0.209781
0.27984
0.260283
0.234312
0.210336
0.280411
0.259605
0.233742
0.209375
0.278436
0.258094
0.232603
0.208361
0.278508
0.257637
0.232397
0.208873
0.27905
0.259162
0.232951
0.209434
0.279749
0.259613
0.234256
0.210668
0.280805
0.26039
0.23462
0.210571
0.28039
0.259083
0.233419
0.209452
0.279581
0.259882
0.233741
0.210111
0.280271
0.259663
0.233954
0.21026
0.279951
0.258986
0.232974
0.209484
0.279239
0.258082
0.233059
0.209925
0.280111
0.260069
0.233789
0.209722
0.279819
0.259349
0.233608
0.209998
0.279561
0.258964
0.233141
0.209529
0.279465
0.259364
0.233472
0.20943
0.279527
0.259524
0.234343
0.210709
0.281066
0.2611
0.235788
0.211449
0.281626
0.260834
0.234581
0.21024
0.279944
0.26004
0.233887
0.210498
0.280664
0.259756
0.233967
0.210148
0.279897
0.259522
0.234038
0.21003
0.27958
0.259287
0.233273
0.20904
0.279272
0.258179
0.23246
0.208677
0.278724
0.258107
0.231748
0.207882
0.277852
0.257273
0.231667
0.20813
0.278185
0.257652
0.232189
0.20882
0.27857
0.258486
0.23325
0.208986
0.278732
0.258232
0.233494
0.210327
0.280546
0.260127
0.233657
0.210268
0.279779
0.259861
0.234553
0.210444
0.279716
0.259046
0.232955
0.209178
0.278554
0.258238
0.233111
0.209126
0.279392
0.258959
0.233316
0.209027
0.278484
0.258215
0.232709
0.208548
0.278637
0.257743
0.232074
0.208534
0.27852
0.258631
0.232639
0.208559
0.278943
0.258456
0.232177
0.208987
0.278808
0.257688
0.23244
0.2087
0.278694
0.258943
0.233889
0.21017
0.279961
0.259242
0.233762
0.210156
0.280188
0.260106
0.234232
0.209843
0.279393
0.258621
0.233227
0.209498
0.279384
0.25973
0.233847
0.209823
0.279693
0.259016
0.233202
0.209677
0.279495
0.25945
0.232966
0.209596
0.27931
0.258899
0.232966
0.20927
0.279629
0.258958
0.233658
0.209643
0.279525
0.258342
0.232696
0.208585
0.278499
0.258101
0.232513
0.208946
0.27862
0.25835
0.232862
0.209597
0.27928
0.258333
0.233102
0.209347
0.279853
0.259727
0.233597
0.209987
0.280091
0.259613
0.233622
0.20984
0.279339
0.259577
0.233313
0.209593
0.279241
0.259179
0.233916
0.210128
0.280376
0.259805
0.233772
0.210568
0.280255
0.259634
0.234149
0.209852
0.27989
0.259417
0.233967
0.210134
0.280224
0.259641
0.234408
0.210319
0.28041
0.259781
0.234194
0.210484
0.280192
0.260969
0.234988
0.211403
0.280932
0.26074
0.234215
0.210834
0.280543
0.26014
0.234459
0.210517
0.280716
0.260417
0.23453
0.210837
0.280981
0.260841
0.235294
0.211364
0.281201
0.260912
0.235146
0.210533
0.280188
0.260266
0.234317
0.210074
0.280162
0.259969
0.234708
0.210737
0.28078
0.259972
0.234746
0.21026
0.280158
0.259779
0.233797
0.210069
0.280558
0.260955
0.234744
0.210825
0.280423
0.259631
0.233836
0.209741
0.279493
0.259247
0.233088
0.208706
0.279079
0.258904
0.233253
0.209426
0.279438
0.259659
0.233914
0.209843
0.280364
0.259802
0.234149
0.210009
0.279996
0.259814
0.233086
0.209646
0.279998
0.259658
0.234035
0.20997
0.279857
0.25928
0.233472
0.209283
0.279315
0.258778
0.232825
0.209368
0.279171
0.259017
0.232972
0.208788
0.278822
0.259192
0.233293
0.209357
0.279288
0.259338
0.233633
0.20994
0.279459
0.259453
0.234202
0.209941
0.27971
0.259807
0.233887
0.210002
0.280024
0.259789
0.234175
0.210699
0.280787
0.260707
0.234785
0.210733
0.280438
0.259511
0.233594
0.210032
0.27977
0.259693
0.234162
0.211036
0.28057
0.260425
0.234185
0.210569
0.280312
0.260803
0.23509
0.210954
0.280891
0.260731
0.234653
0.210922
0.280214
0.260099
0.233915
0.209912
0.280053
0.259982
0.234275
0.210283
0.279846
0.259402
0.233217
0.209381
0.279544
0.258986
0.233022
0.209416
0.279587
0.258682
0.23382
0.209389
0.279504
0.259475
0.233233
0.210104
0.280113
0.259878
0.234117
0.210669
0.280894
0.259503
0.233342
0.209551
0.279375
0.258939
0.232114
0.208738
0.278734
0.258936
0.233375
0.20943
0.279329
0.258804
0.233493
0.209891
0.279871
0.259209
0.233861
0.210247
0.280551
0.260787
0.234817
0.211148
0.281166
0.261049
0.234629
0.21037
0.280107
0.260096
0.234151
0.210856
0.281164
0.260804
0.235608
0.21142
0.281133
0.260464
0.234465
0.210241
0.280139
0.259553
0.234409
0.210717
0.280677
0.259896
0.233951
0.209951
0.280265
0.260299
0.234775
0.211458
0.28095
0.260312
0.234264
0.209953
0.279844
0.259056
0.233673
0.209386
0.278976
0.258751
0.233321
0.209659
0.280245
0.259371
0.234471
0.209972
0.27934
0.259765
0.233786
0.21024
0.280396
0.259203
0.233745
0.209927
0.27978
0.259787
0.233963
0.210366
0.280727
0.260455
0.23419
0.210165
0.279875
0.259699
0.234491
0.210564
0.280287
0.259844
0.233828
0.210601
0.280456
0.259854
0.233834
0.210848
0.28069
0.259006
0.23274
0.208582
0.278796
0.25865
0.233078
0.209312
0.279225
0.259043
0.23325
0.209558
0.279617
0.25923
0.233105
0.2095
0.279746
0.259589
0.233999
0.210993
0.280245
0.260399
0.234541
0.210727
0.280792
0.260365
0.234515
0.210585
0.280214
0.260432
0.235108
0.211843
0.281558
0.261279
0.236044
0.212048
0.281521
0.260687
0.234408
0.210909
0.280656
0.259949
0.233756
0.209494
0.280142
0.259877
0.234701
0.210391
0.28066
0.260512
0.23449
0.210396
0.280329
0.259919
0.234363
0.210618
0.280347
0.260176
0.233781
0.209854
0.279276
0.259511
0.233952
0.210413
0.280165
0.259595
0.23386
0.209795
0.279842
0.259248
0.233787
0.209881
0.280272
0.259574
0.233841
0.210339
0.280214
0.259257
0.234132
0.20996
0.280006
0.259439
0.233824
0.210473
0.280441
0.260131
0.234368
0.210355
0.279932
0.259507
0.233782
0.209918
0.279593
0.260136
0.234895
0.211057
0.280589
0.26033
0.234481
0.210614
0.280625
0.260122
0.234688
0.211467
0.280902
0.259996
0.234042
0.210056
0.280008
0.259254
0.233372
0.210494
0.28027
0.260248
0.234273
0.210727
0.280814
0.260867
0.235545
0.211598
0.281785
0.261821
0.236345
0.212142
0.282323
0.26153
0.235697
0.211544
0.281059
0.260481
0.235017
0.210314
0.28016
0.259091
0.23386
0.210046
0.280428
0.259903
0.23366
0.210086
0.279405
0.259704
0.233988
0.209976
0.281004
0.260564
0.234581
0.210695
0.280315
0.260282
0.234332
0.210198
0.278906
0.259247
0.233539
0.209484
0.279045
0.259305
0.233445
0.209777
0.279343
0.259048
0.233544
0.210066
0.280405
0.25952
0.233818
0.209801
0.27924
0.259052
0.233494
0.209379
0.279687
0.259975
0.234636
0.210745
0.281155
0.260053
0.233582
0.209987
0.279893
0.259925
0.233742
0.210544
0.280458
0.260256
0.234588
0.211015
0.280422
0.25899
0.233497
0.209621
0.279491
0.258371
0.232647
0.209048
0.278845
0.258257
0.232675
0.208858
0.27914
0.259377
0.234166
0.210516
0.280402
0.260708
0.234642
0.210972
0.281091
0.260974
0.235473
0.211107
0.281174
0.261368
0.234517
0.210243
0.280339
0.259657
0.234466
0.21047
0.280352
0.259999
0.233324
0.20954
0.278967
0.258147
0.232815
0.209154
0.279107
0.258521
0.232344
0.208719
0.278551
0.257986
0.232709
0.209537
0.279949
0.25896
0.232522
0.208648
0.278868
0.259203
0.233786
0.209337
0.279383
0.259025
0.233739
0.209907
0.28029
0.260424
0.234276
0.210411
0.280227
0.259462
0.233734
0.209271
0.27932
0.258846
0.232921
0.209011
0.27907
0.259047
0.233367
0.209888
0.279261
0.258886
0.232649
0.208912
0.278466
0.258542
0.232424
0.208453
0.278507
0.258089
0.232767
0.209095
0.278713
0.258451
0.232696
0.208936
0.279369
0.259052
0.233017
0.208656
0.278792
0.258323
0.232449
0.208978
0.279317
0.259951
0.234039
0.210175
0.279834
0.260501
0.235008
0.210523
0.280376
0.259986
0.23412
0.209928
0.279984
0.260013
0.234794
0.210811
0.280772
0.259954
0.234117
0.209442
0.280072
0.260094
0.2345
0.211055
0.281285
0.260256
0.234152
0.2107
0.280648
0.259703
0.233687
0.209606
0.279973
0.259282
0.234098
0.210748
0.280304
0.260016
0.234761
0.210755
0.280757
0.260283
0.234421
0.211103
0.281309
0.260838
0.234834
0.210551
0.280695
0.259663
0.233793
0.21032
0.280102
0.260587
0.234556
0.21079
0.280964
0.261178
0.235212
0.210946
0.280544
0.260276
0.234151
0.210024
0.280324
0.260495
0.234853
0.210932
0.280631
0.260633
0.234129
0.210619
0.280089
0.259995
0.234175
0.209853
0.279511
0.259204
0.233513
0.210254
0.280278
0.260181
0.234236
0.210533
0.280171
0.258852
0.233089
0.208935
0.278848
0.258233
0.232425
0.208837
0.278533
0.258477
0.232511
0.209024
0.279131
0.258598
0.23288
0.209685
0.279891
0.258958
0.232996
0.209023
0.279201
0.259501
0.233727
0.209571
0.279942
0.259202
0.233885
0.209248
0.279207
0.258739
0.233095
0.209907
0.280192
0.259407
0.233481
0.209764
0.279324
0.25983
0.23381
0.210416
0.280342
0.260121
0.233732
0.209786
0.279853
0.258882
0.233659
0.209891
0.27983
0.259525
0.233509
0.209962
0.280272
0.260108
0.234796
0.211554
0.281636
0.261695
0.235465
0.210948
0.280327
0.259735
0.233734
0.209859
0.279808
0.258925
0.233108
0.209333
0.279314
0.259533
0.233959
0.21025
0.280192
0.259819
0.234518
0.210756
0.280595
0.260002
0.233639
0.209975
0.279459
0.258702
0.233131
0.209542
0.279001
0.259062
0.233192
0.209237
0.279336
0.258665
0.233435
0.208889
0.279175
0.258459
0.233082
0.208996
0.278787
0.259178
0.23378
0.210369
0.280138
0.260006
0.234188
0.210792
0.280763
0.260701
0.23471
0.210873
0.280188
0.259517
0.234284
0.210103
0.279953
0.259475
0.23424
0.210277
0.279607
0.259371
0.234036
0.210698
0.280587
0.259792
0.233581
0.209757
0.28016
0.260016
0.234364
0.210323
0.279856
0.259544
0.234133
0.209975
0.280319
0.260675
0.234455
0.210674
0.280399
0.259329
0.233263
0.209345
0.279698
0.259388
0.233048
0.209338
0.2796
0.259638
0.233948
0.210171
0.279917
0.260198
0.234483
0.210316
0.280219
0.259165
0.232707
0.209206
0.279397
0.258702
0.232622
0.208436
0.278574
0.258556
0.233559
0.2088
0.278739
0.258312
0.232443
0.208826
0.278453
0.258507
0.232907
0.209466
0.279395
0.259415
0.23373
0.209643
0.279912
0.258587
0.233419
0.210148
0.27971
0.259148
0.233156
0.209414
0.279366
0.2598
0.233964
0.210334
0.280316
0.259937
0.234709
0.210457
0.280545
0.259869
0.233891
0.210583
0.280494
0.260171
0.234627
0.211184
0.281199
0.260282
0.23444
0.210218
0.279833
0.259336
0.233194
0.209613
0.279684
