0
0.000666594
0.0046684
0.00599469
0.0103391
0.0134458
0.0210672
0.0224477
0.0191304
0.0188868
0.0228236
0.0312027
0.0184815
0.0320786
0.0208626
0.0409967
0.0314015
0.0326008
0.0396999
0.0408771
0.0252532
0.0354284
0.0440045
0.0553367
0.0438481
0.0320574
0.066884
0.0447142
0.0407309
0.0679442
0.0519058
0.0514988
0.0767854
0.0594404
0.0754752
0.0727214
0.0639287
0.0696867
0.0849714
0.0823318
0.0666086
0.0466956
0.0584063
0.0801764
0.103204
0.0939006
0.0738882
0.0667071
0.0434353
0.0911941
0.0410858
0.102879
0.060543
0.0824778
0.0541653
0.0742738
0.110335
0.107223
0.095478
0.0957014
0.0679232
0.111753
0.127684
0.108167
0.0856247
0.0931772
0.0937538
0.0999001
0.0531948
0.118997
0.0911195
0.0901375
0.0767341
0.16013
0.10179
0.11753
0.104475
0.110781
0.0928124
0.102463
0.118973
0.0760405
0.147173
0.137343
0.126666
0.145021
0.0927493
0.101938
0.121927
0.174263
0.113033
0.15579
0.161534
0.123039
0.14273
0.178559
0.173366
0.182527
0.171345
0.140706
0.110614
0.119209
0.14139
0.129451
0.114976
0.179547
0.175235
0.160127
0.125166
0.156849
0.133187
0.127907
0.0902402
0.144406
0.1297
0.169541
0.142586
0.187085
0.176799
0.163129
0.136317
0.163998
0.201566
0.122565
0.116105
0.20094
0.172882
0.186148
0.136116
0.206564
0.164579
0.16019
0.161477
0.193167
0.189789
0.128548
0.138194
0.116649
0.167349
0.205594
0.148316
0.142773
0.186163
0.191953
0.162912
0.122163
0.123067
0.167529
0.198292
0.169844
0.182265
0.147135
0.172075
0.11751
0.166225
0.146465
0.215046
0.194946
0.111137
0.16891
0.175046
0.217231
0.214136
0.169636
0.10217
0.180277
0.178243
0.159095
0.137521
0.257168
0.14839
0.144914
0.196122
0.189417
0.1796
0.212076
0.190208
0.216764
0.261826
0.187351
0.196129
0.198119
0.171734
0.130815
0.176383
0.155327
0.21179
0.179677
0.160951
0.277991
0.184035
0.242425
0.148208
0.251561
0.20889
0.320506
0.202828
0.198244
0.173706
0.151078
0.172384
0.243875
0.142914
0.158247
0.164429
0.123009
0.183726
0.170913
0.26042
0.296506
0.213139
0.181189
0.19659
0.232115
0.246734
0.270442
0.184826
0.221052
0.312189
0.230925
0.15337
0.197175
0.253749
0.249378
0.251839
0.152548
0.181495
0.268955
0.234143
0.145612
0.165974
0.2303
0.10391
0.201335
0.263803
0.23363
0.233929
0.20663
0.21517
0.240117
0.288988
0.252351
0.232009
0.221034
0.155726
0.22212
0.312186
0.264009
0.260947
0.349305
0.208736
0.211816
0.157306
0.271036
0.249956
0.211171
0.252443
0.200591
0.314977
0.1564
0.243129
0.215615
0.203413
0.299399
0.255334
0.250036
0.213411
0.333339
0.222678
0.192075
0.342899
0.160049
0.17564
0.169146
0.278467
0.3503
0.215062
0.274324
0.263792
0.172371
0.192546
0.244422
0.183443
0.236007
0.204265
0.248238
0.292393
0.25654
0.225297
0.192733
0.210062
0.242553
0.20875
0.281254
0.322363
0.261968
0.305874
0.272193
0.229445
0.219721
0.273742
0.271261
0.159216
0.329904
0.221679
0.356576
0.31814
0.298352
0.258798
0.213639
0.143875
0.226317
0.252534
0.243222
0.236265
0.24172
0.269452
0.171936
0.343254
0.248234
0.282837
0.366629
0.291522
0.225345
0.167876
0.236609
0.256168
0.251584
0.247719
0.250902
0.272932
0.170153
0.281782
0.244849
0.367955
0.308284
0.202829
0.31236
0.207145
0.233668
0.255419
0.270173
0.16321
0.193137
0.227689
0.268217
0.367253
0.217445
0.260213
0.297592
0.298422
0.265927
0.264859
0.376305
0.283613
0.240435
0.15795
0.27588
0.356495
0.260719
0.270993
0.276908
0.203481
0.186961
0.215973
0.255569
0.299586
0.29499
0.325427
0.221992
0.359479
0.354951
0.238092
0.301565
0.336568
0.248385
0.275082
0.224781
0.247632
0.294915
0.201318
0.298311
0.238485
0.290243
0.303284
0.310141
0.281744
0.276618
0.199777
0.378915
0.249215
0.275367
0.266551
0.23139
0.242118
0.335588
0.281791
0.322461
0.291912
0.461079
0.330372
0.33598
0.241965
0.316378
0.171011
0.249348
0.214825
0.260698
0.268704
0.277712
0.376344
0.337755
0.323297
0.455207
0.334223
0.23959
0.137059
0.277518
0.342093
0.34552
0.280813
0.305407
0.293931
0.254779
0.164203
0.226207
0.263716
0.196111
0.374902
0.270912
0.222697
0.297667
0.236218
0.197199
0.179445
0.269724
0.27529
0.264412
0.281168
0.382864
0.25495
0.244596
0.379325
0.205748
0.260704
0.205317
0.253651
0.330087
0.348892
0.235412
0.307403
0.322269
0.284636
0.26676
0.320074
0.34933
0.262483
0.334533
0.271321
0.325197
0.308509
0.262161
0.156772
0.283627
0.210766
0.326776
0.27328
0.351495
0.260078
0.270738
0.210668
0.272879
0.252076
0.266348
0.267624
0.31816
0.245452
0.29042
0.3703
0.445452
0.346946
0.400152
0.315424
0.377896
0.398902
0.288262
0.214633
0.22731
0.203709
0.33451
0.252349
0.405624
0.387254
0.476513
0.337998
0.298635
0.189693
0.293568
0.375799
0.359261
0.319533
0.378445
0.354898
0.297024
0.26469
0.265222
0.395042
0.296879
0.306761
0.377482
0.287891
0.226681
0.243229
0.278744
0.234882
0.220875
0.277369
0.35969
0.436502
0.251985
0.300303
0.323096
0.323708
0.289536
0.251303
0.268973
0.377988
0.343593
0.2433
0.371601
0.449823
0.382923
0.251975
0.344039
0.283597
0.30008
0.245133
0.343976
0.272222
0.249526
0.251264
0.28768
0.293752
0.376357
0.246276
0.341136
0.4376
0.395635
0.345663
0.324848
0.389708
0.355153
0.240515
0.315933
0.335061
0.424506
0.356026
0.326941
0.232074
0.269908
0.393965
0.40274
0.357287
0.389419
0.283465
0.227429
0.254201
0.354562
0.318148
0.241157
0.339251
0.381172
0.379395
0.226277
0.259643
0.325574
0.385713
0.431295
0.308696
0.375835
0.334055
0.323949
0.438217
0.34046
0.31558
0.254096
0.299596
0.317742
0.285001
0.301756
0.338568
0.289554
0.328936
0.251076
0.38953
0.353873
0.208481
0.376355
0.346997
0.281022
0.161672
0.286019
0.524358
0.250126
0.297735
0.30372
0.267903
0.248039
0.373798
0.226468
0.282266
0.313625
0.340331
0.21981
0.309659
0.314547
0.265753
0.287869
0.380667
0.354507
0.393443
0.322014
0.410766
0.304293
0.337914
0.250442
0.380556
0.314219
0.297523
0.352663
0.207458
0.232132
0.252883
0.274638
0.479171
0.338052
0.205811
0.328133
0.344649
0.293436
0.376788
0.268726
0.562723
0.346851
0.349383
0.255409
0.340459
0.321472
0.438581
0.359153
0.256657
0.380965
0.296719
0.439421
0.293675
0.421299
0.186841
0.306969
0.291396
0.335596
0.408737
0.3346
0.319102
0.349291
0.278931
0.44596
0.243865
0.241872
0.297697
0.34462
0.317125
0.362144
0.219334
0.283648
0.465982
0.264496
0.279131
0.37789
0.302128
0.205947
0.222292
0.363393
0.273685
0.258302
0.160243
0.226087
0.321879
0.330965
0.195513
0.316845
0.470126
0.348337
0.253006
0.274228
0.24226
0.403742
0.322204
0.292695
0.368174
0.472078
0.46548
0.315876
0.327042
0.387435
0.216358
0.314637
0.318439
0.362716
0.163829
0.254284
0.405736
0.414878
0.372586
0.327535
0.398609
0.343192
0.279422
0.271227
0.264482
0.36565
0.219994
0.296948
0.294195
0.237974
0.32371
0.370206
0.379925
0.368595
0.266528
0.322447
0.388223
0.33351
0.353105
0.193218
0.252997
0.276306
0.212162
0.322151
0.434532
0.337924
0.260448
0.248665
0.278245
0.242779
0.293408
0.41753
0.252976
0.297978
0.338264
0.480969
0.394714
0.270097
0.255248
0.202611
0.310205
0.384719
0.293569
0.343724
0.388048
0.360342
0.304841
0.263414
0.338599
0.252644
0.351735
0.444755
0.256358
0.321099
0.333921
0.214158
0.29516
0.319981
0.229867
0.348937
0.338825
0.334046
0.281585
0.255245
0.32589
0.378113
0.229836
0.33836
0.334413
0.339684
0.269915
0.260639
0.458987
0.371941
0.203931
0.392291
0.407632
0.339402
0.302043
0.294977
0.131504
0.437433
0.299376
0.33909
0.419392
0.332463
0.385472
0.383674
0.279726
0.259984
0.276709
0.307483
0.288882
0.281979
0.400848
0.314393
0.57678
0.319157
0.21477
0.395795
0.298589
0.344603
0.300403
0.273282
0.469726
0.295218
0.145953
0.376097
0.237217
0.338682
0.252192
0.277064
0.399453
0.287165
0.375428
0.285637
0.416182
0.324892
0.177325
0.389554
0.46503
0.222623
0.3503
0.305911
0.369015
0.266019
0.364499
0.358451
0.263303
0.428735
0.207137
0.435489
0.290753
0.254753
0.219326
0.387869
0.174415
0.331064
0.414004
0.218265
0.290991
0.312039
0.170785
0.320984
0.366086
0.316471
0.200577
0.32261
0.255795
0.239221
0.360358
0.451059
0.362142
0.349062
0.209559
0.261181
0.174675
0.315916
0.283015
0.451204
0.429395
0.373733
0.298071
0.260782
0.369445
0.446784
0.322857
0.338311
0.329084
0.237094
0.299166
0.340429
0.366008
0.49142
0.34261
0.287287
0.317113
0.249435
0.378482
0.213016
0.358337
0.300221
0.218285
0.207328
0.246705
0.330945
0.412211
0.4678
0.239442
0.315644
0.359602
0.280672
0.409064
0.400019
0.230378
0.321332
0.306769
0.291433
0.34453
0.242988
0.24584
0.228702
0.232394
0.213094
0.30295
0.307732
0.382286
0.389086
0.400696
0.224353
0.312894
0.286089
0.277207
0.348169
0.229367
0.313271
0.269548
0.242209
0.321765
0.321695
0.333451
0.431592
0.326225
0.246334
0.340932
0.29667
0.419239
0.313215
0.335954
0.263708
0.263163
0.351845
0.328414
0.370955
0.200204
0.310336
0.274546
0.313149
0.336116
0.265397
0.494271
0.384034
0.231555
0.349262
0.347744
0.293941
0.304327
0.308408
0.455769
0.3852
0.169703
0.47775
0.407617
0.183308
0.226865
0.309736
0.475299
0.351281
0.350175
0.418429
0.373475
0.360395
0.316444
0.312698
0.317673
0.367221
0.296001
0.318632
0.280507
0.211736
0.258131
0.45367
0.34805
0.325414
0.255051
0.325273
0.347527
0.276548
0.396588
0.363475
0.282571
0.285502
0.266089
0.287845
0.380115
0.343677
0.354586
0.356085
0.346846
0.323343
0.301672
0.546305
0.270428
0.318456
0.286947
0.307948
0.299684
0.262778
0.38377
0.326323
0.472319
0.492568
0.265205
0.199005
0.279974
0.412169
0.268105
0.350365
0.314713
0.266381
0.209817
0.356298
0.409074
0.359396
0.312752
0.358117
0.281977
0.197145
0.309216
0.279742
0.330008
0.323688
0.344803
0.313735
0.348214
0.301701
0.221947
0.350073
0.270014
0.344098
0.224534
0.289785
0.408544
0.292894
0.362519
0.387154
0.331667
0.154698
0.260351
0.405902
0.342048
0.344273
0.326645
0.266421
0.417701
0.374747
0.206262
0.441109
0.500947
0.285361
0.290766
0.359942
0.331496
0.272876
0.308865
0.261428
0.258784
0.326953
0.384767
0.285835
0.235854
0.376577
0.320133
0.332796
0.297259
0.262496
0.409281
0.327732
0.348114
0.249026
0.250591
0.350367
0.206391
0.163655
0.285678
0.362526
0.437355
0.264426
0.425725
0.238582
0.387454
0.290431
0.273631
0.416966
0.359711
0.308468
0.382016
0.268874
0.279494
0.414339
0.298253
0.465026
0.448842
0.39316
0.325623
0.356573
0.337046
0.360002
0.199809
0.344449
0.397571
0.315732
0.292212
0.330246
0.254077
0.351258
0.449486
0.253642
0.531559
0.274883
0.315241
0.34971
0.318621
0.479078
0.364835
0.397121
0.326805
0.26756
0.362721
0.294075
0.337527
0.266054
0.26334
0.410252
0.329234
0.39387
0.447348
0.374786
0.35674
0.344666
0.299044
0.414392
0.309191
0.307532
0.298165
0.256066
0.326348
0.300528
0.355623
0.264803
0.338738
0.345524
0.317387
0.332096
0.413275
0.3848
0.201773
0.512648
0.618061
0.282296
0.193457
0.262065
0.381669
0.273509
0.319936
0.416706
0.361522
0.238495
0.370257
0.302877
0.356345
0.228297
0.372051
0.233221
0.373111
0.327939
0.260938
0.326357
0.329915
0.322669
0.285731
0.275282
0.275913
0.296271
0.314431
0.39428
0.225071
0.234233
0.211792
0.339487
0.483742
0.245718
0.276356
0.305929
0.320992
0.295502
0.304306
0.41335
0.44174
0.452358
0.189814
0.277291
0.373413
0.381023
0.229103
0.331764
0.403464
0.34527
0.380742
0.141673
0.4036
0.233406
0.403807
0.358757
0.296997
0.272036
0.268547
0.310418
0.289304
0.341998
0.306349
0.287742
0.226688
0.327747
0.361825
0.401074
0.217827
0.29324
0.267967
0.272706
0.342694
0.363557
0.34033
0.322737
0.362891
0.297726
0.242061
0.356645
0.341527
0.278325
0.254746
0.280734
0.369238
0.304887
0.415213
0.312754
0.345826
0.359888
0.323893
0.385771
0.367266
0.287436
0.227642
0.296579
0.226342
0.49268
0.273086
0.413677
0.376205
0.382102
0.273664
0.39859
0.32822
0.271464
0.30884
0.273491
0.400189
0.335703
0.493933
0.408046
0.417695
0.409545
0.370682
0.34386
0.313972
0.256584
0.329476
0.39272
0.238869
0.278866
0.2738
0.423561
0.438321
0.229796
0.251271
0.34065
0.29658
0.261467
0.244234
0.40087
0.397247
0.393291
0.471491
0.499848
0.339206
0.491756
0.296578
0.229625
0.419671
0.352874
0.286161
0.388628
0.30659
0.388969
0.260889
0.305518
0.4119
0.38579
0.353225
0.360968
0.411849
0.430981
0.314922
0.243063
0.383474
0.315659
0.30904
0.322778
0.245544
0.344307
0.305164
0.460816
0.270272
0.240385
0.309382
0.333348
0.414796
0.330574
0.189886
0.315536
0.345841
0.270283
0.371144
0.502713
0.387427
0.31647
0.355228
0.263415
0.272788
0.294597
0.320504
0.460395
0.447618
0.396502
0.34803
0.419392
0.376968
0.414324
0.34143
0.270122
0.318446
0.327601
0.283779
0.47287
0.315731
0.321087
0.462943
0.276742
0.325795
0.384871
0.225633
0.345164
0.287598
0.287449
0.263194
0.215555
0.25604
0.230876
0.338312
0.298705
0.291445
0.277533
0.369748
0.341369
0.455432
0.255887
0.433665
0.365823
0.390472
0.330821
0.363287
0.232333
0.317356
0.203171
0.412806
0.487519
0.336999
0.276386
0.263399
0.436602
0.360979
0.42516
0.203309
0.374799
0.443868
0.399026
0.292664
0.253702
0.339528
0.379559
0.349979
0.319155
0.252248
0.279495
0.217058
0.372005
0.412662
0.348832
0.295259
0.257253
0.302373
0.35092
0.423727
0.384586
0.418235
0.39156
0.275246
0.4485
0.372154
0.372796
0.270815
0.339229
0.332105
0.431275
0.334727
0.335275
0.279289
0.356257
0.310896
0.259514
0.158243
0.322331
0.290366
0.419608
0.498789
0.256236
0.276044
0.478433
0.244773
0.249526
0.215391
0.223393
0.335029
0.309167
0.193514
0.322249
0.310582
0.384797
0.216128
0.237358
0.237713
0.319625
0.171509
0.246452
0.186203
0.199704
0.226545
0.360137
0.336549
0.395169
0.345252
0.396024
0.384657
0.306879
0.278992
0.366261
0.385121
0.31607
0.305569
0.207426
0.448895
0.349661
0.281187
0.385212
0.358401
0.419979
0.32788
0.347967
0.289813
0.574417
0.278507
0.507961
0.363758
0.290072
0.282255
0.297473
0.407427
0.294547
0.184633
0.339263
0.327333
0.354306
0.313777
0.385858
0.408932
0.382951
0.18726
0.370861
0.365805
0.359902
0.271641
0.475595
0.347796
0.32304
0.209404
0.287435
0.404116
0.522682
0.290034
0.229242
0.275186
0.474109
0.304649
0.371862
0.445201
0.271964
0.326237
0.38177
0.279839
0.238479
0.304497
0.227349
0.335876
0.281528
0.15773
0.423947
0.542356
0.388762
0.194357
0.322561
0.356074
0.319244
0.310843
0.37196
0.32762
0.443246
0.302549
0.429142
0.359667
0.2782
0.284738
0.292945
0.328612
0.294501
0.329978
0.463239
0.507036
0.460965
0.263077
0.280227
0.317408
0.233186
0.279673
0.202199
0.3507
0.371597
0.206719
0.169606
0.258309
0.282308
0.223721
0.257062
0.435039
0.310702
0.251406
0.451717
0.395318
0.373289
0.361251
0.335747
0.321127
0.256445
0.368962
0.262628
0.493394
0.361586
0.308032
0.475279
0.427142
0.376558
0.350079
0.379854
0.371461
0.327411
0.493556
0.277007
0.265727
0.442196
0.422645
0.317141
0.297396
0.467343
0.285975
0.439591
0.347318
0.430826
0.24392
0.288277
0.308521
0.326242
0.246809
0.311243
0.271976
0.202299
0.307171
0.580072
0.399013
0.358554
0.195216
0.305968
0.40195
0.314187
0.284111
0.215111
0.283469
0.327716
0.240637
0.370331
0.357038
0.41174
0.420323
0.369025
0.446446
0.438414
0.350986
0.325111
0.283603
0.402089
0.277142
0.445466
0.385449
0.194969
0.319196
0.216853
0.132233
0.358534
0.246947
0.328999
0.331644
0.363541
0.238558
0.259979
0.335392
0.445367
0.383873
0.428206
0.400748
0.296136
0.358553
0.329575
0.30576
0.340879
0.32096
0.344843
0.414735
0.238115
0.232426
0.236266
0.272808
0.386252
0.265927
0.333763
0.26521
0.179612
0.295733
0.361961
0.449831
0.462245
0.403301
0.338497
0.282935
0.299234
0.200847
0.396022
0.296269
0.241689
0.326293
0.363779
0.190455
0.326518
0.371837
0.435928
0.293721
0.350578
0.288992
0.404072
0.199736
0.383672
0.383965
0.452418
0.381557
0.415244
0.39986
0.318398
0.295333
0.262932
0.217655
0.264648
0.238549
0.240663
0.402959
0.276781
0.281381
0.252331
0.345898
0.243311
0.401094
0.373446
0.402008
0.376687
0.2823
0.333472
0.268405
0.314112
0.320185
0.329564
0.259109
0.43695
0.352467
0.276089
0.319675
0.393788
0.457394
0.362966
0.2778
0.30389
0.305788
0.214205
0.31944
0.366481
0.336098
0.312216
0.262025
0.3091
0.39404
0.390769
0.405504
0.504644
0.382709
0.414236
0.260981
0.449386
0.450943
0.239554
0.316384
0.3629
0.390642
0.379872
0.276011
0.219619
0.358269
0.28391
0.191338
0.2776
0.328202
0.272855
0.233463
0.351928
0.251544
0.298816
0.344995
0.40231
0.27497
0.34418
0.315225
0.363228
0.36327
0.336964
0.297112
0.398699
0.408592
0.320644
0.292468
0.25288
0.271132
0.440501
0.398467
0.350112
0.261672
0.354862
0.314116
0.244476
0.329333
0.379246
0.325749
0.296598
0.446742
0.343544
0.304781
0.292274
0.232877
0.292295
0.308375
0.304055
0.229306
0.3036
0.274731
0.373008
0.32999
0.316211
0.307474
0.435498
0.304339
0.392673
0.429233
0.345723
0.40421
0.364445
0.17687
0.436677
0.319044
0.296226
0.261356
0.357208
0.317218
0.299432
0.322621
0.407697
0.355202
0.299011
0.246114
0.361457
0.444944
0.392733
0.29358
0.319551
0.355123
0.306131
0.265284
0.346191
0.450474
0.422216
0.173429
0.258141
0.278043
0.193849
0.30238
0.377047
0.234836
0.269899
0.205653
0.275739
0.503697
0.372313
0.291773
0.348306
0.41253
0.248436
0.260246
0.306492
0.308077
0.220821
0.210308
0.276205
0.257048
0.285013
0.219443
0.390716
0.173047
0.377706
0.242535
0.261393
0.343855
0.262009
0.334068
0.316789
0.336145
0.256146
0.27867
0.27551
0.234854
0.275531
0.312663
0.224896
0.407348
0.293605
0.316322
0.352068
0.305898
0.540417
0.198431
0.246199
0.343231
0.396233
0.307378
0.422687
0.323621
0.427123
0.334191
0.377397
0.32586
0.25728
0.399441
0.350184
0.354965
0.383853
0.307555
0.280541
0.522449
0.307809
0.324225
0.263756
0.211532
0.37118
0.398836
0.278311
0.430885
0.415377
0.245766
0.25651
0.393826
0.245792
0.29582
0.365506
0.380295
0.353662
0.287374
0.287447
0.5204
0.414829
0.288965
0.276979
0.355345
0.404015
0.407755
0.374284
0.334781
0.334766
0.222238
0.308911
0.325297
0.272138
0.308561
0.3023
0.347176
0.327237
0.320854
0.380703
0.341764
0.240655
0.268432
0.428018
0.359884
0.219048
0.388912
0.330645
0.466869
0.451844
0.204928
0.189184
0.347911
0.452874
0.442416
0.301076
0.292277
0.233368
0.314447
0.40077
0.308387
0.439673
0.290305
0.228914
0.33088
0.256822
0.383575
0.62514
0.374396
0.404957
0.423345
0.387093
0.258002
0.340597
0.173959
0.544312
0.384787
0.31595
0.367903
0.293158
0.379665
0.4273
0.339178
0.378023
0.234176
0.327961
0.245701
0.36238
0.366754
0.271718
0.317103
0.349661
0.303664
0.331955
0.404268
0.261289
0.376702
0.296097
0.369417
0.340785
0.293858
0.30761
0.292216
0.363166
0.455658
0.476506
0.298184
0.360076
0.277464
0.385545
0.308975
0.272894
0.392267
0.403469
0.337652
0.263617
0.292066
0.270137
0.339188
0.453816
0.326793
0.461128
0.432367
0.56139
0.255371
0.441986
0.430201
0.234985
0.4205
0.386655
0.277611
0.261368
0.444835
0.361102
0.42087
0.413608
0.242601
0.444968
0.431184
0.354373
0.343689
0.340953
0.355398
0.328308
0.377714
0.211815
0.340876
0.316518
0.34404
0.337949
0.415426
0.304449
0.258419
0.223357
0.277825
0.349204
0.444194
0.286425
0.301596
0.270515
0.189878
0.266736
0.366586
0.355864
0.224623
0.430824
0.304679
0.296008
0.187407
0.426327
0.334457
0.296143
0.33486
0.352695
0.493729
0.33588
0.239511
0.311323
0.271554
0.430526
0.271599
0.386277
0.281921
0.385766
0.428573
0.421726
0.274834
0.326108
0.495044
0.430206
0.456417
0.365467
0.339622
0.245003
0.245268
0.290578
0.246066
0.311383
0.317144
0.358599
0.400926
0.482726
0.431934
0.40463
0.337339
0.26934
0.357688
0.350256
0.41832
0.285994
0.385451
0.348204
0.482295
0.521436
0.224656
0.193194
0.250327
0.370081
0.22826
0.281953
0.36064
0.232743
0.411079
0.441104
0.408245
0.369527
0.340464
0.195907
0.264555
0.244992
0.327629
0.401471
0.434996
0.298715
0.359828
0.353999
0.415256
0.376503
0.408599
0.25035
0.385237
0.367215
0.377827
0.25591
0.232269
0.278511
0.288024
0.299983
0.317471
0.316985
0.270382
0.338256
0.327496
0.34484
0.280946
0.269327
0.30108
0.267787
0.229175
0.503196
0.457344
0.29722
0.338436
0.394279
0.295292
0.318321
0.223252
0.238357
0.38211
0.39821
0.319922
0.474835
0.362902
0.265308
0.244796
0.246801
0.325686
0.302799
0.3487
0.375543
0.40357
0.532904
0.256963
0.336336
0.340809
0.366257
0.371723
0.350446
0.464224
0.417296
0.276459
0.316117
0.290326
0.519812
0.378462
0.287547
0.325599
0.373339
0.209488
0.310316
0.248808
0.268095
0.266749
0.316295
0.289813
0.408222
0.340339
0.472914
0.371431
0.3154
0.344292
0.354604
0.404801
0.23675
0.334666
0.383408
0.419298
0.369565
0.277111
0.43691
0.375314
0.361823
0.353956
0.322249
0.374124
0.289425
0.187318
0.320979
0.322475
0.326367
0.268091
0.194161
0.379792
0.234978
0.272081
0.303441
0.365727
0.374875
0.257436
0.329627
0.371805
0.319821
0.269653
0.344592
0.298951
0.251976
0.329038
0.258852
0.295737
0.449959
0.301399
0.333487
0.277306
0.308346
0.214778
0.369309
0.531777
0.308451
0.474156
0.439471
0.384575
0.225997
0.412436
0.409831
0.402988
0.384275
0.340455
0.479923
0.379847
0.389655
0.351482
0.335043
0.252653
0.262469
0.251762
0.221733
0.314459
0.19247
0.262792
0.418267
0.274762
0.339642
0.334209
0.382493
0.320114
0.334599
0.242552
0.297438
0.292389
0.377148
0.387887
0.271021
0.248713
0.288068
0.31481
0.364295
0.355959
0.34391
0.317192
0.301514
0.293818
0.330036
0.339386
0.262901
0.361915
0.313244
0.337761
0.396999
0.283889
0.307974
0.270261
0.36368
0.308449
0.337226
0.256446
0.255234
0.259276
0.399629
0.314192
0.25078
0.312728
0.389026
0.272498
0.438793
0.395712
0.395093
0.352885
0.223913
0.263286
0.361905
0.342501
0.382228
0.206936
0.257395
0.275426
0.216265
0.393882
0.212482
0.408889
0.230591
0.385734
0.420753
0.468775
0.316041
0.485641
0.400687
0.227668
0.322352
0.282455
0.28234
0.306171
0.406365
0.27598
0.324084
0.141984
0.429878
0.276931
0.38692
0.268241
0.233495
0.353371
0.32886
0.351643
0.368005
0.455582
0.371431
0.419258
0.243081
0.227787
0.375459
0.276641
0.252631
0.286246
0.35719
0.232853
0.374127
0.251045
0.351081
0.286676
0.438438
0.499015
0.388181
0.286752
0.270071
0.200002
0.181686
0.422121
0.295225
0.209936
0.216741
0.310317
0.372752
0.278487
0.362477
0.21641
0.286518
0.285937
0.298481
0.276473
0.322917
0.314041
0.425057
0.305497
0.411546
0.39125
0.314205
0.338084
0.39606
0.262229
0.306177
0.366287
0.401789
0.42665
0.367382
0.291742
0.321058
0.382269
0.418527
0.380576
0.274441
0.268393
0.328661
0.241188
0.343975
0.206021
0.224473
0.295413
0.288203
0.28209
0.329079
0.304481
0.320304
0.383632
0.472855
0.183435
0.32323
0.320359
0.206579
0.363762
0.273852
0.287745
0.359889
0.341772
0.347182
0.240307
0.377982
0.327231
0.428883
0.358163
0.35389
0.371031
0.381646
0.523336
0.340069
0.316868
0.37823
0.363087
0.273748
0.269121
0.347954
0.323634
0.39494
0.272535
0.33464
0.346664
0.509431
0.290699
0.330537
0.342819
0.199246
0.256447
0.291175
0.292489
0.331168
0.426615
0.36884
0.422082
0.259792
0.351431
0.326202
0.212684
0.39038
0.295082
0.204022
0.203457
0.416607
0.368293
0.434075
0.365803
0.19986
0.345319
0.403623
0.375364
0.531089
0.254813
0.333526
0.363757
0.355238
0.185386
0.417043
0.288337
0.316595
0.42198
0.394256
0.214377
0.307071
0.208944
0.482703
0.366136
0.320476
0.384258
0.379399
0.29484
0.281207
0.18527
0.376095
0.357012
0.270567
0.268545
0.354224
0.303841
0.317476
0.317619
0.316763
0.544925
0.329734
0.274724
0.223477
0.376668
0.286986
0.290071
0.504102
0.444301
0.326664
0.360692
0.277475
0.225099
0.303359
0.278726
0.278207
0.319582
0.346169
0.221353
0.4184
0.480918
0.403393
0.244927
0.267176
0.390459
0.347295
0.369482
0.342999
0.360244
0.396888
0.285646
0.427408
0.258293
0.321459
0.330225
0.518775
0.368949
0.461116
0.31306
0.371156
0.320805
0.526573
0.300783
0.510455
0.260905
0.404244
0.354766
0.269201
0.361719
0.369201
0.313264
0.391733
0.31163
0.338589
0.25926
0.341063
0.35358
0.31597
0.237809
0.420042
0.415298
0.350452
0.426791
0.333245
0.505793
0.407694
0.274186
0.393116
0.347529
0.326
0.237436
0.253034
0.381457
0.319774
0.385043
0.254812
0.473057
0.342794
0.361263
0.323605
0.321958
0.435191
0.328095
0.288634
0.289391
0.283101
0.192937
0.209523
0.287561
0.227026
0.231275
0.19741
0.406941
0.247016
0.365148
0.268308
0.358843
0.250562
0.35979
0.428914
0.343661
0.292879
0.269116
0.30494
0.361628
0.460612
0.262602
0.272625
0.32005
0.311316
0.359266
0.399477
0.38694
0.301082
0.342887
0.478419
0.309015
0.380678
0.274101
0.307873
0.528413
0.429203
0.338605
0.347182
0.389147
0.459267
0.263172
0.269005
0.22467
0.422276
0.358489
0.282758
0.236283
0.40478
0.378188
0.304967
0.215692
0.366807
0.405819
0.350713
0.286836
0.399483
0.305661
0.34531
0.236488
0.376691
0.300124
0.306189
0.398924
0.24983
0.286906
0.343358
0.400635
0.380027
0.213868
0.379746
0.338827
0.371096
0.253749
0.246938
0.324028
0.327057
0.378216
0.428508
0.302049
0.234569
0.324931
0.292003
0.343873
0.201294
0.339032
0.337131
0.389337
0.345794
0.34481
0.320586
0.268044
0.324549
0.222318
0.34922
0.364447
0.414295
0.363863
0.360877
0.499981
0.168225
0.357842
0.351317
0.345761
0.415169
0.230452
0.548704
0.345961
0.370702
0.281254
0.435071
0.330962
0.355898
0.388846
0.211512
0.262426
0.397575
0.275433
0.381498
0.319282
0.340622
0.320295
0.40268
0.426305
0.351018
0.319318
0.329834
0.320711
0.372307
0.383424
0.472531
0.415293
0.276002
0.317515
0.157782
0.453443
0.442098
0.349474
0.32275
0.264315
0.338932
0.299856
0.310837
0.338467
0.272571
0.363264
0.380059
0.435552
0.376662
0.251002
0.328638
0.275108
0.281196
0.402665
0.310877
0.334779
0.237216
0.510303
0.388972
0.334877
0.336058
0.271105
0.282463
0.246019
0.406822
0.479734
0.343838
0.326996
0.253796
0.217979
0.227033
0.366633
0.28837
0.440828
0.410152
0.34143
0.290367
0.201399
0.485568
0.324607
0.348247
0.339668
0.382007
0.247083
0.375482
0.157075
0.417153
0.235163
0.306082
0.295085
0.358909
0.461789
0.513618
0.309129
0.318937
0.304381
0.363055
0.255556
0.253673
0.36764
0.423896
0.293428
0.321855
0.396224
0.221626
0.34694
0.20661
0.404174
0.415334
0.329383
0.43594
0.301107
0.274074
0.313235
0.234418
0.363859
0.249345
0.438903
0.392081
0.345581
0.230811
0.270722
0.391712
0.310987
0.328955
0.342313
0.31622
0.369485
0.309705
0.31206
0.308203
0.203715
0.299844
0.246118
0.371728
0.181042
0.293462
0.460118
0.284187
0.28011
0.240374
0.327877
0.336145
0.270947
0.261627
0.315738
0.263349
0.376767
0.351343
0.379427
0.516686
0.32655
0.302955
0.300122
0.280423
0.349361
0.317214
0.271506
0.302226
0.217282
0.289808
0.363113
0.401261
0.264295
0.312574
0.242944
0.432502
0.444655
0.334247
0.43092
0.311876
0.379885
0.288767
0.276205
0.33665
0.364104
0.274598
0.367475
0.34826
0.349591
0.364679
0.289975
0.271885
0.233828
0.449145
0.232178
0.318688
0.352793
0.341102
0.282274
0.311279
0.375127
0.49816
0.383148
0.406679
0.329889
0.302072
0.281011
0.459501
0.265379
0.399198
0.332692
0.417196
0.399371
0.420311
0.26585
0.266194
0.306234
0.443529
0.220269
0.22196
0.409626
0.427372
0.366239
0.384795
0.33362
0.456494
0.274865
0.368835
0.361078
0.268192
0.369352
0.398057
0.233681
0.360296
0.268737
0.277549
0.289202
0.372802
0.227168
0.321809
0.404571
0.365455
0.194511
0.444702
0.203411
0.438618
0.213146
0.336013
0.46068
0.332836
0.313755
0.362373
0.332667
0.301402
0.312837
0.325243
0.332892
0.256464
0.358386
0.368496
0.353446
0.362222
0.405269
0.308094
0.321875
0.332846
0.297032
0.236059
0.440558
0.410041
0.24241
0.312934
0.218195
0.342936
0.378164
0.343377
0.381586
0.405927
0.321376
0.381058
0.385857
0.420146
0.307159
0.347725
0.396877
0.485552
0.208798
0.283289
0.25858
0.328253
0.210282
0.49172
0.5122
0.387318
0.251454
0.380876
0.375984
0.435321
0.344504
0.280061
0.377992
0.335392
0.299437
0.34093
0.33757
0.366338
0.305283
0.301767
0.355235
0.25689
0.221368
0.389594
0.289363
0.291184
0.326895
0.336973
0.37307
0.287378
0.188444
0.256783
0.310681
0.27043
0.286229
0.254777
0.346558
0.325222
0.307503
0.280244
0.341379
0.378562
0.416038
0.348394
0.419522
0.32476
0.344572
0.300518
0.344813
0.275519
0.416878
0.434872
0.441603
0.56001
0.396533
0.307921
0.338577
0.40396
0.313493
0.310798
0.250202
0.324534
0.45224
0.398101
0.358841
0.421946
0.355105
0.241147
0.320798
0.263466
0.25485
0.230111
0.355424
0.339329
0.250983
0.385992
0.395738
0.257106
0.311957
0.306221
0.294055
0.469544
0.241737
0.307965
0.28788
0.339592
0.254025
0.398087
0.397169
0.508377
0.147053
0.326565
0.231989
0.381563
0.401973
0.39506
0.28946
0.340665
0.364469
0.316947
0.315032
0.280088
0.323848
0.420284
0.439447
0.343845
0.36401
0.362985
0.295296
0.304548
0.279154
0.47562
0.344142
0.348554
0.241491
0.158357
0.359567
0.299412
0.251703
0.412096
0.427058
0.31786
0.221087
0.27328
0.311254
0.283262
0.258664
0.34175
0.252757
0.226345
0.253453
0.251132
0.383779
0.32852
0.421974
0.416771
0.300446
0.384001
0.222625
0.40701
0.344951
0.489329
0.403563
0.367547
0.413416
0.402543
0.32919
0.316788
0.326817
0.34017
0.358735
0.260105
0.383968
0.300573
0.307106
0.305541
0.44302
0.272441
0.318978
0.281198
0.464279
0.440674
0.267857
0.349673
0.325865
0.335617
0.361494
0.351124
0.439799
0.278273
0.368778
0.293105
0.359825
0.420909
0.380715
0.344276
0.335563
0.407635
0.24506
0.38537
0.383388
0.395582
0.380198
0.277166
0.322496
0.411389
0.416278
0.378216
0.366637
0.440901
0.332372
0.252565
0.268823
0.293772
0.23413
0.294893
0.319294
0.271512
0.295389
0.412464
0.262468
0.428703
0.471602
0.271312
0.340835
0.198956
0.323707
0.280298
0.168016
0.321091
0.272879
0.312726
0.464442
0.451044
0.369659
0.328993
0.26662
0.301318
0.36302
0.455701
0.281126
0.313749
0.210613
0.305888
0.306176
0.332135
0.338331
0.436666
0.414805
0.289911
0.46238
0.356133
0.367351
0.377933
0.186307
0.360602
0.349265
0.391395
0.35962
0.274703
0.287867
0.446703
0.316572
0.371766
0.249537
0.313702
0.348212
0.24355
0.319966
0.276759
0.27735
0.397785
0.395488
0.388197
0.329178
0.392504
0.427154
0.243716
0.291931
0.206896
0.221023
0.319645
0.335948
0.415166
0.433845
0.290716
0.298729
0.302445
0.291506
0.30675
0.245581
0.274104
0.281688
0.307547
0.275976
0.433512
0.40547
0.274263
0.242226
0.414877
0.277614
0.303168
0.404924
0.424619
0.36748
0.393894
0.168539
0.428497
0.347866
0.298583
0.277312
0.403944
0.366509
0.271857
0.340508
0.427668
0.29254
0.343468
0.325462
0.275607
0.450616
0.330615
0.354553
0.379069
0.424959
0.313286
0.431417
0.381726
0.456503
0.42656
0.384485
0.351028
0.260521
0.324521
0.257564
0.263858
0.211252
0.317869
0.330706
0.306837
0.222
0.41525
0.316538
0.346597
0.220964
0.339206
0.406157
0.327965
0.286125
0.306025
0.214871
0.390726
0.313887
0.29631
0.214497
0.370259
0.218603
0.410672
0.411778
0.376578
0.396324
0.360376
0.425007
0.381464
0.453566
0.318056
0.341102
0.263029
0.306345
0.385397
0.280588
0.28075
0.315308
0.27056
0.22604
0.375545
0.327819
0.301032
0.245917
0.16038
0.316244
0.237034
0.496658
0.39402
0.344543
0.29829
0.298621
0.27757
0.493492
0.312568
0.256932
0.390759
0.196467
0.172894
0.381148
0.557283
0.35925
0.224881
0.23798
0.363593
0.4191
0.413377
0.382503
0.285778
0.248137
0.232552
0.277275
0.411044
0.361692
0.366231
0.350774
0.425877
0.30616
0.350631
0.302659
0.321902
0.433609
0.356562
0.27096
0.475178
0.372936
0.352874
0.27553
0.401867
0.339758
0.288272
0.260678
0.319342
0.404995
0.352333
0.271655
0.388297
0.311131
0.296937
0.341496
0.395149
0.269703
0.290202
0.226637
0.325862
0.297643
0.199517
0.391634
0.462023
0.327209
0.266173
0.298159
0.261852
0.31194
0.304729
0.291772
0.310432
0.281504
0.286683
0.279081
0.286794
0.385831
0.321616
0.497957
0.294802
0.458066
0.483724
0.126171
0.348316
0.301407
0.222393
0.27564
0.365781
0.420389
0.382547
0.293121
0.240835
0.30524
0.323219
0.333071
0.297882
0.370761
0.358022
0.275045
0.366357
0.336204
0.392948
0.300419
0.327517
0.393883
0.35137
0.319232
0.313223
0.303266
0.382184
0.437038
0.392823
0.29719
0.334248
0.324698
0.320964
0.30755
0.326654
0.332677
0.469069
0.401017
0.464981
0.19807
0.245521
0.258383
0.178569
0.288682
0.356205
0.32565
0.30353
0.304428
0.335345
0.365073
0.291719
0.291005
0.365551
0.233118
0.421613
0.179347
0.361515
0.319607
0.181302
0.225146
0.311138
0.303646
0.263587
0.194552
0.556614
0.424702
0.375844
0.280006
0.328095
0.420099
0.430483
0.323063
0.412475
0.374269
0.442466
0.306528
0.263506
0.367228
0.528549
0.204812
0.256415
0.346869
0.287012
0.409047
0.392298
0.366711
0.343548
0.276509
0.268812
0.222826
0.397809
0.276951
0.358552
0.462012
0.340435
0.360835
0.436328
0.370121
0.416045
0.366374
0.34445
0.273334
0.326757
0.363136
0.383583
0.29261
0.242252
0.298803
0.281807
0.223551
0.197235
0.322735
0.316255
0.369823
0.321261
0.34019
0.360177
0.204799
0.208559
0.356545
0.380939
0.430189
0.248393
0.341491
0.282063
0.326596
0.338262
0.360905
0.297102
0.309745
0.319658
0.351911
0.387891
0.227981
0.37812
0.392983
0.277839
0.410328
0.486069
0.325898
0.322029
0.191522
0.296271
0.337779
0.453293
0.354136
0.310097
0.296127
0.364394
0.392201
0.449646
0.388285
0.192694
0.297259
0.293003
0.257589
0.328673
0.264881
0.224614
0.226004
0.328729
0.285822
0.404751
0.384489
0.334325
0.271817
0.21865
0.301883
0.392962
0.382852
0.408465
0.145647
0.261722
0.286162
0.423606
0.419727
0.32565
0.271515
0.326265
0.322837
0.29489
0.429052
0.341125
0.40737
0.446328
0.273575
0.29471
0.253587
0.327702
0.318567
0.433825
0.203774
0.365311
0.264889
0.438527
0.251767
0.293136
0.225883
0.440054
0.289875
0.343343
0.306013
0.333817
0.326292
0.295472
0.347812
0.346496
0.226231
0.273216
0.496487
0.369643
0.204414
0.301239
0.462428
0.481941
0.252354
0.187884
0.227728
0.34972
0.242612
0.379475
0.44161
0.29586
0.305881
0.384234
0.523708
0.346741
0.449614
0.282997
0.231107
0.384692
0.352477
0.397056
0.405202
0.383654
0.324542
0.322556
0.308477
0.297704
0.28006
0.261081
0.214342
0.253778
0.324129
0.395737
0.224241
0.385301
0.332606
0.30672
0.358733
0.50154
0.288558
0.244479
0.214521
0.310729
0.20697
0.439361
0.40276
0.465924
0.248998
0.398509
0.343598
0.334216
0.290772
0.402047
0.250365
0.406006
0.33346
0.360785
0.291027
0.323984
0.262355
0.394363
0.280905
0.294433
0.446814
0.270228
0.344276
0.284177
0.292812
0.286528
0.434684
0.311188
0.33164
0.248697
0.31944
0.295478
0.228146
0.350506
0.268912
0.318669
0.408858
0.367775
0.338506
0.256509
0.356751
0.29882
0.348906
0.375695
0.417485
0.373913
0.315246
0.269103
0.258775
0.311047
0.452763
0.329036
0.430619
0.413961
0.293315
0.448023
0.281435
0.196254
0.359343
0.412141
0.142812
0.30874
0.246053
0.384403
0.303445
0.213109
0.409824
0.270406
0.297236
0.366761
0.465448
0.430566
0.30052
0.356263
0.295124
0.293222
0.20763
0.442501
0.334284
0.397188
0.278418
0.292522
0.350681
0.453877
0.301513
0.310463
0.26083
0.299815
0.311328
0.341014
0.285452
0.349776
0.240206
0.217647
0.308369
0.329746
0.299992
0.217306
0.189595
0.374008
0.271685
0.34598
0.263502
0.272825
0.235584
0.394864
0.341679
0.356223
0.354418
0.303923
0.270309
0.291045
0.313173
0.178663
0.260067
0.38855
0.365423
0.318
0.267145
0.25545
0.276284
0.294532
0.261574
0.323547
0.30585
0.31794
0.2658
0.320526
0.467673
0.378244
0.5163
0.394807
0.296537
0.391784
0.403618
0.239854
0.19245
0.332478
0.41837
0.542894
0.233117
0.367038
0.424985
0.316484
0.320471
0.336207
0.335739
0.176024
0.319589
0.252148
0.311297
0.266493
0.240583
0.285934
0.265867
0.270512
0.259607
0.412429
0.3218
0.292435
0.334782
0.375984
0.286563
0.364218
0.239869
0.367454
0.362746
0.453513
0.204578
0.335678
0.520724
0.346627
0.328827
0.30015
0.455778
0.271379
0.354268
0.239565
0.249621
0.380161
0.470494
0.40862
0.294252
0.330088
0.232158
0.316591
0.40769
0.346442
0.396482
0.313819
0.388167
0.415694
0.342656
0.269699
0.411174
0.351006
0.359125
0.390078
0.318344
0.279602
0.306905
0.353168
0.29137
0.261437
0.289951
0.221294
0.243288
0.328127
0.370171
0.344132
0.277969
0.345372
0.400016
0.278633
0.533587
0.220753
0.253623
0.428022
0.355324
0.390433
0.289405
0.342058
0.338866
0.311755
0.354468
0.303856
0.363135
0.341815
0.366918
0.279989
0.223964
0.38755
0.211028
0.368016
0.378701
0.327285
0.36036
0.270669
0.394685
0.286694
0.273551
0.212381
0.281318
0.338548
0.288688
0.236616
0.298691
0.275264
0.374313
0.331611
0.385337
0.337699
0.334716
0.294772
0.230074
0.296848
0.229093
0.268575
0.446692
0.395215
0.308186
0.298658
0.312744
0.412857
0.295738
0.373897
0.311074
0.333046
0.374569
0.508283
0.37193
0.343748
0.276032
0.421663
0.244974
0.402416
0.197594
0.333742
0.530069
0.440305
0.372475
0.335599
0.293598
0.1752
0.321231
0.444228
0.432255
0.502724
0.41403
0.54707
0.416148
0.370169
0.395098
0.380194
0.308798
0.265297
0.215383
0.387208
0.348101
0.245207
0.387067
0.359934
0.15104
0.374764
0.131455
0.303106
0.273286
0.379006
0.283095
0.492482
0.435507
0.435854
0.365771
0.20793
0.290493
0.409671
0.378939
0.214522
0.368444
0.450774
0.330719
0.481731
0.273154
0.313488
0.323513
0.315792
0.270409
0.268453
0.32021
0.328667
0.435638
0.3374
0.211941
0.436072
0.330226
0.292264
0.371972
0.374866
0.332263
0.376925
0.291383
0.228812
0.398825
0.342088
0.250533
0.392468
0.314038
0.328272
0.325557
0.274401
0.424297
0.385124
0.357223
0.414404
0.429136
0.395637
0.287017
0.33138
0.177632
0.297138
0.312037
0.366242
0.283112
0.47533
0.393843
0.494321
0.363288
0.36799
0.348893
0.294131
0.350853
0.32247
0.296919
0.381964
0.426968
0.301768
0.263056
0.42853
0.283201
0.366981
0.340425
0.542802
0.367858
0.145996
0.467612
0.41766
0.333841
0.288683
0.298086
0.395075
0.447621
0.347806
0.223948
0.377685
0.381628
0.416994
0.23956
0.307996
0.381405
0.24568
0.296866
0.312849
0.30863
0.435736
0.274661
0.392207
0.30737
0.355478
0.310631
0.298598
0.379605
0.2859
0.345025
0.360164
0.367789
0.269692
0.371327
0.349371
0.315091
0.411078
0.211118
0.390526
0.420653
0.369462
0.398084
0.48026
0.266806
0.309503
0.395819
0.288807
0.212083
0.226549
0.361604
0.250831
0.346748
0.404194
0.270923
0.345668
0.340993
0.312989
0.268284
0.275348
0.369166
0.329129
0.299855
0.249128
0.310931
0.33346
0.311196
0.469164
0.447153
0.212748
0.343572
0.510352
0.299944
0.390632
0.322884
0.277644
0.34723
0.28554
0.408024
0.372773
0.343745
0.351227
0.262082
0.363839
0.474137
0.322448
0.325844
0.26534
0.312336
0.344897
0.219731
0.270798
0.252645
0.431096
0.485825
0.440868
0.370739
0.417264
0.31001
0.218748
0.240603
0.307159
0.290639
0.288964
0.260855
0.346331
0.361518
0.323694
0.336905
0.320452
0.298274
0.401666
0.294252
0.357585
0.36865
0.22683
0.362507
0.375062
0.25446
0.385307
0.243368
0.310197
0.27441
0.344644
0.234769
0.349796
0.264173
0.408462
0.334082
0.359373
0.222518
0.405764
0.305762
0.300969
0.38004
0.369503
0.383287
0.298041
0.207167
0.262816
0.36877
0.348594
0.390565
0.264012
0.333178
0.35003
0.259594
0.320256
0.377377
0.30837
0.373532
0.266668
0.415543
0.491367
0.395523
0.440605
0.500222
0.383206
0.259639
0.342273
0.37306
0.292325
0.253942
0.194905
0.505384
0.460436
0.379777
0.281034
0.258433
0.272796
0.339214
0.305378
0.278335
0.436226
0.354011
0.351145
0.349552
0.435938
0.527683
0.262184
0.356262
0.316239
0.309202
0.414592
0.446437
0.297797
0.384185
0.254983
0.277612
0.472819
0.31634
0.269607
0.295384
0.42152
0.168202
0.330763
0.374368
0.404713
0.234109
0.260549
0.380331
0.384805
0.291314
0.285134
0.289806
0.357989
0.240935
0.270074
0.490057
0.29894
0.2777
0.425609
0.391661
0.447435
0.319635
0.392466
0.304343
0.300355
0.213643
0.301712
0.286571
0.363677
0.326044
0.368124
0.244254
0.393031
0.355123
0.320721
0.288554
0.316141
0.328623
0.352106
0.342357
0.254485
0.31246
0.248156
0.347017
0.30027
0.200738
0.325732
0.311508
0.312011
0.237876
0.40751
0.355828
0.359393
0.236571
0.460787
0.447888
0.343628
0.308315
0.280302
0.261891
0.290689
0.257826
0.294597
0.311074
0.397023
0.322391
0.29743
0.433039
0.521625
0.302337
0.31471
0.315148
0.464658
0.405242
0.371737
0.307556
0.268517
0.190024
0.235553
0.390895
0.389677
0.348432
0.339813
0.281857
0.351467
0.339227
0.366103
0.200556
0.374613
0.280874
0.29311
0.426271
0.312579
0.358176
0.381777
0.297469
0.315978
0.195374
0.347381
0.329904
0.409726
0.338093
0.277335
0.426465
0.386294
0.236209
0.385775
0.331291
0.406379
0.474699
0.441414
0.266324
0.404373
0.402447
0.352435
0.296917
0.261387
0.379745
0.312373
0.315586
0.284571
0.341215
0.318594
0.286672
0.398171
0.251877
0.401712
0.379289
0.271634
0.382258
0.413481
0.437732
0.295173
0.473914
0.268922
0.310892
0.323062
0.310525
0.488643
0.406813
0.2514
0.344879
0.351761
0.379658
0.337182
0.286404
0.310739
0.376362
0.361578
0.362309
0.226115
0.437902
0.465462
0.240526
0.253003
0.231503
0.336488
0.26228
0.282675
0.388057
0.371459
0.336767
0.372064
0.298603
0.299301
0.308339
0.345945
0.437
0.43721
0.357628
0.311868
0.28869
0.3022
0.400069
0.351236
0.3216
0.381799
0.417691
0.419849
0.322661
0.378684
0.257173
0.286512
0.435454
0.220514
0.351888
0.309054
0.277896
0.269576
0.220067
0.348046
0.235764
0.294033
0.19989
0.422809
0.331345
0.374174
0.215873
0.422254
0.200929
0.2285
0.193503
0.345458
0.41287
0.5018
0.336382
0.266187
0.476468
0.389801
0.32497
0.411646
0.347419
0.298746
0.198477
0.334006
0.378868
0.502801
0.429439
0.278597
0.461128
0.49665
0.367203
0.288424
0.45519
0.32239
0.21869
0.305485
0.285366
0.270412
0.297109
0.233219
0.420412
0.340177
0.17477
0.312225
0.404208
0.547812
0.237477
0.283107
0.461589
0.324218
0.220131
0.301914
0.408663
0.255223
0.240354
0.359496
0.345009
0.317108
0.312596
0.436765
0.379449
0.419947
0.332979
0.367313
0.290895
0.363028
0.371458
0.395259
0.436193
0.456504
0.362927
0.483948
0.308371
0.325711
0.173317
0.255761
0.20025
0.34553
0.292485
0.318213
0.289308
0.158466
0.320184
0.482849
0.454014
0.400886
0.397933
0.24596
0.251742
0.315658
0.273554
0.291649
0.36766
0.375633
0.381376
0.309145
0.265165
0.494714
0.387903
0.458355
0.27928
0.259685
0.299989
0.33956
0.279384
0.275991
0.422917
0.448324
0.651073
0.401986
0.21372
0.366061
0.28745
0.324357
0.349634
0.325541
0.345328
0.353386
0.350738
0.322193
0.275262
0.310831
0.227075
0.328445
0.383968
0.351851
0.253794
0.286104
0.374139
0.369261
0.388759
0.472431
0.235238
0.306628
0.307421
0.299621
0.364456
0.44028
0.286688
0.30466
0.361131
0.394008
0.255007
0.276401
0.358294
0.261094
0.317757
0.398733
0.470256
0.370873
0.221753
0.385424
0.487859
0.384869
0.293928
0.330415
0.29423
0.39831
0.40775
0.35871
0.311916
0.393933
0.293393
0.323
0.302814
0.391697
0.272084
0.314543
0.463204
0.425549
0.34092
0.444796
0.239575
0.311466
0.31501
0.513014
0.331969
0.337656
0.373687
0.315136
0.371826
0.325927
0.191488
0.305979
0.401386
0.480715
0.227515
0.281651
0.416346
0.359389
0.244647
0.262493
0.340763
0.308516
0.294478
0.215582
0.413378
0.261439
0.342766
0.263619
0.423077
0.402674
0.263785
0.388231
0.395091
0.423975
0.245383
0.424178
0.372576
0.437964
0.197816
0.344752
0.354499
0.393141
0.294105
0.34071
0.176471
0.304083
0.270945
0.184344
0.392176
0.317866
0.238516
0.445959
0.383694
0.383608
0.266798
0.440911
0.528242
0.378871
0.381796
0.387918
0.332951
0.267491
0.254855
0.268993
0.417432
0.327149
0.400053
0.408578
0.419246
0.307597
0.420083
0.303624
0.297511
0.36514
0.441031
0.307205
0.385685
0.344322
0.271814
0.277513
0.337096
0.352651
0.443297
0.430192
0.361816
0.354484
0.266855
0.297009
0.24793
0.354531
0.266351
0.215543
0.482356
0.339207
0.340075
0.455109
0.322649
0.320178
0.320662
0.335215
0.398154
0.264338
0.261357
0.269347
0.447864
0.359012
0.337121
0.481805
0.304595
0.267223
0.25962
0.326091
0.392861
0.334643
0.307123
0.36521
0.346814
0.402687
0.420231
0.407243
0.39721
0.363505
0.32565
0.226968
0.366939
0.426213
0.248002
0.32276
0.285778
0.450927
0.451247
0.286463
0.258038
0.411777
0.351303
0.359429
0.344801
0.403475
0.37041
0.413663
0.362082
0.332987
0.292803
0.394084
0.310763
0.362939
0.317251
0.386817
0.325384
0.191139
0.340105
0.407473
0.448751
0.392151
0.310456
0.267465
0.41666
0.275577
0.221154
0.330957
0.375105
0.46115
0.213443
0.370755
0.46857
0.199845
0.238395
0.374666
0.315601
0.428088
0.309201
0.265273
0.275127
0.391052
0.160433
0.371816
0.264621
0.482742
0.221758
0.442529
0.311129
0.447849
0.347553
0.240915
0.438726
0.360038
0.278428
0.369649
0.342294
0.404154
0.213173
0.408384
0.36922
0.247516
0.391298
0.224407
0.315274
0.394104
0.257232
0.2295
0.261029
0.302426
0.226504
0.567505
0.341283
0.357504
0.320971
0.321522
0.340748
0.292216
0.439364
0.29854
0.353959
0.219886
0.245574
0.32411
0.275549
0.299164
0.339154
0.349299
0.34946
0.392863
0.307012
0.385756
0.215436
0.428938
0.297044
0.22727
0.290856
0.389925
0.270677
0.526105
0.285004
0.132731
0.281003
0.244849
0.396506
0.521079
0.373512
0.442741
0.340035
0.27335
0.279245
0.271723
0.429681
0.525099
0.250804
0.268332
0.381961
0.309082
0.258282
0.264903
0.231629
0.330343
0.425728
0.37401
0.334779
0.215755
0.23304
0.30946
0.268663
0.221366
0.457666
0.313864
0.284105
0.481769
0.333922
0.341967
0.265332
0.314321
0.243881
0.420047
0.404528
0.224059
0.372243
0.385696
0.2415
0.273316
0.242838
0.294661
0.325808
0.341616
0.244334
0.325044
0.199119
0.34171
0.309832
0.341984
0.345763
0.188807
0.412296
0.243985
0.3611
0.196671
0.439025
0.442467
0.479296
0.448508
0.273486
0.346501
0.354596
0.318518
0.255554
0.250797
0.25273
0.431473
0.388948
0.444213
0.354331
0.294796
0.237976
0.291436
0.306439
0.240151
0.360553
0.533692
0.294931
0.392256
0.248651
0.18636
0.431229
0.41239
0.366505
0.503181
0.382411
0.174061
0.347557
0.350358
0.221404
0.45005
0.43005
0.249228
0.452947
0.446059
0.441589
0.377376
0.330427
0.398
0.333327
0.395708
0.367154
0.456796
0.181461
0.35835
0.268963
0.394383
0.182327
0.381387
0.234354
0.406362
0.323371
0.377253
0.407782
0.335033
0.190783
0.356849
0.384646
0.283557
0.243025
0.209285
0.478642
0.38498
0.280558
0.256307
0.351895
0.371466
0.196003
0.328842
0.348659
0.23898
0.335006
0.354358
0.262558
0.407565
0.388868
0.282436
0.321657
0.434027
0.368236
0.261517
0.380951
0.2598
0.219998
0.387286
0.413392
0.392574
0.264807
0.343891
0.29866
0.361726
0.376694
0.27695
0.427586
0.27837
0.335565
0.2852
0.298608
0.231837
0.285405
0.254094
0.329723
0.471388
0.292827
0.259982
0.339047
0.367053
0.271961
0.355477
0.437571
0.270958
0.287454
0.404595
0.252303
0.273653
0.189381
0.360745
0.274086
0.330727
0.296047
0.344144
0.482493
0.32005
0.417945
0.237085
0.314918
0.321741
0.329386
0.281319
0.437413
0.375639
0.215532
0.195903
0.26068
0.315285
0.222023
0.413074
0.298493
0.309611
0.172819
0.243518
0.362499
0.377633
0.371238
0.340991
0.233688
0.376951
0.278847
0.122754
0.372864
0.376811
0.278341
0.355113
0.40995
0.242546
0.27739
0.361066
0.258952
0.338223
0.399104
0.305332
0.300992
0.330777
0.219891
0.321477
0.344205
0.334938
0.400088
0.318022
0.306228
0.315121
0.340008
0.279177
0.303555
0.398355
0.265651
0.511968
0.310837
0.334636
0.324696
0.301264
0.366862
0.31364
0.240729
0.287913
0.309591
0.328369
0.286974
0.276241
0.363943
0.31168
0.556856
0.424878
0.361412
0.252731
0.275332
0.344692
0.28015
0.281708
0.294957
0.307792
0.323089
0.45589
0.338352
0.324885
0.3925
0.41671
0.309327
0.373331
0.339647
0.275057
0.240454
0.178879
0.303309
0.29754
0.37853
0.318256
0.329575
0.329102
0.315337
0.269312
0.277383
0.254112
0.331025
0.291322
0.36448
0.321183
0.163815
0.20718
0.197657
0.295498
0.333248
0.34138
0.336772
0.459732
0.385373
0.251201
0.413798
0.241558
0.238981
0.310999
0.338145
0.261636
0.255412
0.317475
0.254074
0.488832
0.344073
0.484639
0.402144
0.387521
0.330915
0.217786
0.312255
0.439703
0.314728
0.262426
0.387948
0.406913
0.290253
0.352517
0.342018
0.309019
0.289539
0.220731
0.45551
0.401807
0.301184
0.245197
0.325891
0.302521
0.293591
0.435914
0.363259
0.244731
0.418293
0.332986
0.37903
0.384247
0.414069
0.39009
0.364691
0.468934
0.326828
0.336042
0.514622
0.335977
0.235002
0.254508
0.304298
0.344083
0.216124
0.270164
0.343847
0.367553
0.26128
0.329335
0.395253
0.355104
0.355445
0.344416
0.251082
0.292385
0.429328
0.427374
0.308277
0.304403
0.255872
0.321061
0.249808
0.339384
0.221723
0.380987
0.384864
0.284783
0.334257
0.262454
0.44641
0.396142
0.297092
0.403227
0.349842
0.374806
0.161393
0.238883
0.318297
0.425754
0.293107
0.361376
0.358541
0.369953
0.379454
0.359701
0.27235
0.452598
0.365522
0.26091
0.269703
0.358462
0.269458
0.338251
0.404019
0.378247
0.351122
0.261195
0.283208
0.346783
0.423613
0.299245
0.203449
0.259286
0.213975
0.347795
0.368726
0.464027
0.319882
0.440715
0.343916
0.307398
0.225545
0.289099
0.312778
0.322802
0.132159
0.357156
0.392958
0.391
0.325211
0.282289
0.346883
0.266444
0.33718
0.292606
0.297486
0.367336
0.304463
0.321949
0.38661
0.339694
0.292391
0.269783
0.280531
0.336124
0.29249
0.31994
0.26984
0.252564
0.290023
0.421986
0.360256
0.216858
0.304196
0.31079
0.335626
0.263144
0.238599
0.284102
0.393321
0.473559
0.293836
0.370404
0.381051
0.292185
0.245036
0.381269
0.429996
0.284182
0.190948
0.388044
0.339427
0.348649
0.259915
0.378135
0.350029
0.314664
0.281022
0.227922
0.345064
0.29105
0.314047
0.314913
0.361695
0.298556
0.311568
0.32551
0.363644
0.45689
0.343924
0.451345
0.218666
0.364059
0.353653
0.379814
0.273572
0.269211
0.266434
0.336202
0.22583
0.450025
0.279243
0.274282
0.364692
0.345788
0.346832
0.243938
0.36728
0.366018
0.383775
0.315023
0.519175
0.482446
0.326749
0.316542
0.413183
0.334034
0.241491
0.378254
0.289328
0.275429
0.218659
0.227742
0.433449
0.323521
0.275102
0.406956
0.333953
0.338309
0.269998
0.449155
0.379287
0.458043
0.308833
0.371071
0.290757
0.336275
0.349838
0.300535
0.350469
0.278965
0.238604
0.284078
0.282278
0.401634
0.362557
0.286016
0.290188
0.240663
0.212254
0.280374
0.525054
0.364844
0.416121
0.292806
0.252054
0.340755
0.175785
0.348351
0.456096
0.279571
0.274602
0.239328
0.404283
0.387913
0.264264
0.331643
0.545816
0.32425
0.13328
0.241814
0.424384
0.496842
0.294268
0.291277
0.321025
0.325176
0.291114
0.26115
0.451602
0.353656
0.332642
0.374342
0.270151
0.405099
0.282424
0.526684
0.402107
0.401041
0.423936
0.408351
0.374937
0.290657
0.317495
0.399276
0.367948
0.286538
0.274885
0.205205
0.410004
0.326387
0.451509
0.330218
0.344648
0.428241
0.275478
0.187904
0.200997
0.320826
0.281258
0.327095
0.290792
0.172524
0.24872
0.31711
0.332177
0.173567
0.440083
0.28219
0.310757
0.359868
0.287183
0.287587
0.260651
0.381708
0.19734
0.479403
0.327782
0.3336
0.297919
0.244931
0.345772
0.435722
0.226227
0.276742
0.331913
0.480998
0.267955
0.302047
0.31437
0.444792
0.296281
0.288623
0.363312
0.427731
0.26139
0.431437
0.393024
0.351099
0.337032
0.357307
0.318726
0.433193
0.384603
0.275034
0.314238
0.360567
0.316537
0.391113
0.368616
0.227164
0.154316
0.253392
0.282907
0.178274
0.284016
0.299846
0.32751
0.290957
0.258852
0.427445
0.291553
0.204871
0.294455
0.529077
0.328852
0.200011
0.384229
0.581878
0.358411
0.380245
0.268451
0.229304
0.236828
0.357965
0.271749
0.323939
0.189177
0.334513
0.274034
0.381955
0.455196
0.324244
0.434474
0.358503
0.397126
0.464746
0.293382
0.191956
0.364694
0.479492
0.264485
0.342244
0.268347
0.318531
0.311416
0.300986
0.200047
0.325745
0.28013
0.204285
0.19753
0.32577
0.441623
0.247185
0.411935
0.477067
0.368964
0.355204
0.270525
0.282111
0.325057
0.263937
0.293897
0.394829
0.377789
0.334647
0.365226
0.387399
0.433859
0.208491
0.367528
0.267174
0.282754
0.428439
0.274284
0.347781
0.31454
0.395433
0.318284
0.330831
0.234892
0.500068
0.317834
0.395217
0.291058
0.461599
0.292082
0.325628
0.400939
0.356735
0.430351
0.454549
0.208963
0.255417
0.382902
0.319132
0.413417
0.277489
0.386452
0.401293
0.419787
0.21451
0.359585
0.294735
0.309215
0.421991
0.402022
0.474617
0.29671
0.358043
0.240643
0.342458
0.362819
0.441376
0.447385
0.292539
0.254967
0.186692
0.252215
0.304248
0.259538
0.204201
0.261575
0.413231
0.386862
0.354066
0.356138
0.324551
0.353309
0.299341
0.417535
0.277947
0.346556
0.387351
0.322733
0.352124
0.462691
0.333752
0.445877
0.37422
0.258672
0.301051
0.459538
0.502893
0.245471
0.320688
0.284
0.31492
0.44398
0.238559
0.251524
0.291631
0.366244
0.330284
0.261521
0.235558
0.307887
0.343641
0.401779
0.428399
0.317657
0.348703
0.377954
0.204017
0.241604
0.29264
0.377355
0.297689
0.410842
0.490291
0.356781
0.338365
0.287699
0.362919
0.278261
0.340655
0.34641
0.424273
0.311578
0.309699
0.203299
0.276808
0.342733
0.412433
0.342156
0.422795
0.399666
0.351218
0.294606
0.31002
0.452609
0.541237
0.181995
0.361973
0.384827
0.39757
0.184302
0.421736
0.379089
0.350559
0.322486
0.416831
0.159833
0.298718
0.372581
0.270829
0.294274
0.294065
0.464487
0.318995
0.316532
0.211449
0.239713
0.363603
0.343895
0.408593
0.439758
0.326584
0.326767
0.411261
0.219923
0.376857
0.275324
0.399233
0.315838
0.307606
0.285933
0.407239
0.304147
0.430368
0.306853
0.345848
0.341237
0.352015
0.288595
0.288302
0.248888
0.394245
0.346938
0.454811
0.40315
0.376611
0.34859
0.299523
0.29225
0.253354
0.45416
0.428419
0.218906
0.253879
0.305839
0.310175
0.374331
0.336362
0.255316
0.378651
0.250986
0.242058
0.286713
0.191214
0.281432
0.398145
0.265025
0.296647
0.324414
0.359249
0.338317
0.279556
0.382048
0.368886
0.369819
0.228861
0.232965
0.317547
0.302132
0.352339
0.200032
0.277863
0.238379
0.414567
0.377007
0.269757
0.301257
0.371986
0.378925
0.358725
0.222865
0.253847
0.435385
0.38725
0.264502
0.371428
0.29176
0.409485
0.327242
0.284799
0.417278
0.343691
0.323788
0.385228
0.3905
0.187784
0.378308
0.352211
0.289133
0.207439
0.318528
0.367523
0.326065
0.381648
0.378943
0.276422
0.314077
0.315505
0.312606
0.294541
0.380341
0.298648
0.349674
0.208201
0.278232
0.278192
0.322269
0.272859
0.317258
0.389181
0.44069
0.370753
0.303496
0.28112
0.302804
0.359887
0.357397
0.296995
0.338029
0.338749
0.317545
0.233994
0.36569
0.344916
0.273145
0.355755
0.351479
0.274455
0.293786
0.309761
0.274479
0.315514
0.178891
0.378014
0.326465
0.192855
0.249375
0.236243
0.345149
0.327819
0.320199
0.450055
0.416599
0.279796
0.305718
0.206655
0.293594
0.481178
0.348954
0.220407
0.235893
0.419648
0.27856
0.478379
0.256375
0.29757
0.486521
0.296792
0.313735
0.281193
0.417832
0.233694
0.274821
0.383744
0.323612
0.365262
0.276689
0.272738
0.388089
0.44509
0.271549
0.293664
0.320973
0.295259
0.304458
0.360404
0.302251
0.368887
0.427856
0.269332
0.315551
0.430968
0.222832
0.439163
0.26979
0.279377
0.367508
0.244747
0.233153
0.264619
0.373426
0.346689
0.273288
0.28945
0.33729
0.329595
0.299829
0.294669
0.376385
0.386953
0.270511
0.240519
0.308614
0.494875
0.393472
0.403832
0.205172
0.229613
0.281485
0.318865
0.262623
0.361311
0.285525
0.315175
0.375286
0.402857
0.307836
0.322488
0.378835
0.496642
0.298383
0.343013
0.466179
0.283254
0.299562
0.428888
0.521921
0.389871
0.284152
0.361586
0.287227
0.258363
0.360245
0.334935
0.310675
0.291642
0.216535
0.280545
0.262622
0.291538
0.316448
0.459979
0.359631
0.433839
0.396095
0.357973
0.307931
0.356347
0.353217
0.340404
0.245759
0.458231
0.229424
0.462596
0.420286
0.307347
0.317842
0.254373
0.288406
0.361805
0.298253
0.241203
0.313431
0.214733
0.210499
0.188924
0.209016
0.294764
0.368294
0.445217
0.277869
0.377322
0.285749
0.327433
0.33267
0.32252
0.241975
0.256274
0.267828
0.242712
0.340115
0.256323
0.335582
0.286475
0.357049
0.218313
0.450865
0.407554
0.286762
0.322065
0.321415
0.340378
0.336875
0.309434
0.449312
0.498194
0.348829
0.321304
0.422236
0.35927
0.271862
0.434501
0.31959
0.218122
0.322622
0.318011
0.281006
0.198932
0.255989
0.475294
0.402176
0.43585
0.181504
0.256807
0.233061
0.408207
0.231205
0.53633
0.353207
0.279626
0.311694
0.248954
0.246385
0.394695
0.287102
0.34416
0.366527
0.415382
0.262215
0.3563
0.332899
0.355671
0.270379
0.267665
0.394968
0.359053
0.402919
0.368944
0.366705
0.308807
0.382487
0.316861
0.397622
0.375286
0.233072
0.283767
0.255984
0.307806
0.457147
0.342852
0.264961
0.315427
0.267259
0.348636
0.33308
0.336076
0.362922
0.22012
0.261987
0.39142
0.482104
0.42053
0.340627
0.36396
0.338687
0.519889
0.284828
0.37683
0.3639
0.434457
0.395152
0.249345
0.369015
0.421647
0.416536
0.415135
0.238024
0.242193
0.426171
0.262596
0.28917
0.370258
0.347619
0.304704
0.329778
0.378533
0.298857
0.329758
0.360406
0.276665
0.297158
0.334842
0.283286
0.441496
0.412942
0.415341
0.480446
0.379449
0.330304
0.302815
0.330772
0.301711
0.177211
0.363868
0.274835
0.398038
0.369351
0.531819
0.199004
0.390433
0.228245
0.287149
0.261562
0.260928
0.457424
0.416696
0.315885
0.307193
0.208796
0.363346
0.232416
0.356403
0.45032
0.427713
0.245107
0.314357
0.278986
0.341823
0.271091
0.394664
0.239283
0.349008
0.485145
0.375767
0.314486
0.359121
0.423669
0.281698
0.266362
0.386037
0.265781
0.295728
0.372492
0.462669
0.285935
0.453913
0.263987
0.438725
0.284071
0.361145
0.367013
0.2989
0.256968
0.158626
0.222679
0.226247
0.255817
0.330232
0.370035
0.374047
0.230201
0.458332
0.23911
0.464996
0.301437
0.2426
0.298828
0.390515
0.358086
0.265157
0.416114
0.28121
0.292635
0.349623
0.193355
0.340226
0.360074
0.411442
0.285028
0.389753
0.326937
0.460032
0.32871
0.27526
0.385168
0.344923
0.575079
0.202858
0.240352
0.230871
0.386874
0.309011
0.370998
0.31162
0.336182
0.253107
0.186076
0.382923
0.404609
0.37113
0.239417
0.360759
0.421493
0.27956
0.214313
0.261283
0.361411
0.352583
0.270749
0.262283
0.34782
0.22174
0.166015
0.366956
0.334012
0.315813
0.429429
0.259266
0.342948
0.320759
0.33901
0.500637
0.365674
0.226261
0.337602
0.254796
0.339914
0.230994
0.210809
0.512175
0.318987
0.285462
0.262018
0.31686
0.398246
0.275254
0.259648
0.280556
0.339448
0.402943
0.325024
0.423152
0.419504
0.384298
0.259785
0.343244
0.336621
0.410703
0.368926
0.390285
0.36072
0.302355
0.317378
0.286837
0.403449
0.264516
0.291904
0.316819
0.412221
0.320172
0.40099
0.231532
0.33374
0.322555
0.143845
0.129381
0.445229
0.339225
0.389103
0.37135
0.340303
0.20536
0.271606
0.261914
0.303666
0.300698
0.333823
0.273221
0.301238
0.380804
0.525962
0.372382
0.561095
0.411041
0.287078
0.299715
0.273166
0.418515
0.345499
0.331111
0.356799
0.424773
0.252218
0.25796
0.333071
0.355554
0.334232
0.34366
0.392431
0.365085
0.301819
0.256815
0.412625
0.339719
0.227993
0.209031
0.361781
0.327056
0.308332
0.317039
0.302176
0.324551
0.329656
0.259111
0.242541
0.274129
0.197714
0.259708
0.351619
0.226864
0.300955
0.344128
0.326247
0.353552
0.299683
0.279749
0.31247
0.256763
0.221453
0.362019
0.275538
0.282081
0.369039
0.447321
0.215081
0.165863
0.302096
0.200735
0.465755
0.427863
0.212809
0.348025
0.280335
0.388939
0.349165
0.286418
0.385702
0.275871
0.322075
0.391031
0.244674
0.431562
0.306493
0.334529
0.268337
0.228788
0.284064
0.284683
0.401382
0.258876
0.319934
0.353502
0.341746
0.386979
0.264579
0.282657
0.346909
0.300731
0.387218
0.379653
0.348322
0.410167
0.307412
0.367317
0.245129
0.37222
0.373097
0.539142
0.282069
0.323849
0.294669
0.207131
0.321568
0.25985
0.341603
0.31459
0.315447
0.438144
0.250322
0.34834
0.409779
0.352892
0.379926
0.301908
0.310066
0.312117
0.346927
0.415165
0.327656
0.360183
0.207148
0.357694
0.358677
0.369896
0.206639
0.360128
0.259261
0.324266
0.19899
0.425725
0.491273
0.424457
0.295126
0.435528
0.340683
0.380943
0.159433
0.317556
0.444328
0.387967
0.333942
0.404137
0.344631
0.405897
0.312299
0.209246
0.33356
0.347782
0.374857
0.500535
0.380938
0.513502
0.247488
0.382539
0.386037
0.24309
0.371104
0.349218
0.435325
0.333615
0.200108
0.358109
0.357391
0.309328
0.32218
0.373575
0.301045
0.283958
0.273021
0.341571
0.274386
0.399522
0.453161
0.450739
0.289357
0.28903
0.365679
0.276765
0.277139
0.278328
0.215676
0.232801
0.366183
0.316997
0.302733
0.345145
0.282101
0.350789
0.24624
0.208583
0.390002
0.35314
0.347302
0.305376
0.358592
0.281983
0.241082
0.276536
0.285693
0.300108
0.265699
0.300267
0.258851
0.226762
0.339903
0.350881
0.327123
0.23568
0.217316
0.291431
0.215899
0.253965
0.31183
0.404897
0.418816
0.334658
0.363403
0.297992
0.46562
0.355142
0.322976
0.339304
0.37115
0.395587
0.265999
0.471273
0.41317
0.320322
0.401066
0.34139
0.357701
0.231328
0.235965
0.392828
0.357697
0.391899
0.436131
0.219313
0.367434
0.377865
0.260066
0.347179
0.452601
0.346275
0.367698
0.319407
0.268666
0.312045
0.473686
0.361431
0.359767
0.517207
0.299126
0.229329
0.314894
0.379665
0.273178
0.350771
0.331967
0.340478
0.408261
0.292214
0.359355
0.209411
0.322236
0.31462
0.479602
0.445758
0.308097
0.371844
0.335934
0.29202
0.290769
0.227443
0.309441
0.189911
0.372711
0.251588
0.277367
0.336221
0.211206
0.329652
0.331061
0.411842
0.246704
0.480556
0.311274
0.320092
0.360551
0.263448
0.290326
0.356861
0.220164
0.362444
0.261443
0.36658
0.359231
0.348781
0.312648
0.383193
0.266166
0.323287
0.362445
0.323419
0.277761
0.295545
0.303361
0.363183
0.356777
0.34955
0.191747
0.359007
0.292287
0.327533
0.315869
0.208781
0.338693
0.259785
0.362441
0.340226
0.264098
0.267312
0.292952
0.355777
0.24152
0.322315
0.369658
0.264318
0.230013
0.495582
0.304292
0.272445
0.393898
0.473613
0.366293
0.348915
0.276378
0.415005
0.273708
0.33048
0.297475
0.296634
0.316724
0.325026
0.281825
0.195967
0.320456
0.446631
0.341893
0.351023
0.446338
0.339601
0.291427
0.372858
0.260632
0.415555
0.297745
0.351838
0.318508
0.398967
0.312504
0.278255
0.39719
0.329211
0.368175
0.417769
0.392442
0.342565
0.229416
0.356138
0.283348
0.30771
0.410151
0.359017
0.386787
0.369341
0.313674
0.325986
0.224727
0.48688
0.192104
0.427367
0.348999
0.30161
0.355097
0.357506
0.371925
0.346065
0.338868
0.304965
0.158375
0.308167
0.218535
0.217481
0.483626
0.363413
0.384429
0.364849
0.333251
0.313274
0.298554
0.299007
0.310781
0.41457
0.274113
0.433704
0.398367
0.187512
0.178118
0.361296
0.371969
0.266237
0.408957
0.237044
0.390487
0.341536
0.304731
0.432131
0.265847
0.2759
0.351109
0.304335
0.247604
0.427693
0.380571
0.343736
0.459574
0.353543
0.358934
0.355758
0.388297
0.52167
0.353843
0.332929
0.201421
0.254081
0.30512
0.20964
0.299767
0.461157
0.20089
0.341617
0.384562
0.326466
0.358322
0.388151
0.316846
0.369882
0.304369
0.343025
0.453138
0.47388
0.420304
0.412659
0.314621
0.358096
0.250449
0.479039
0.350757
0.461384
0.346591
0.249888
0.426488
0.344547
0.258742
0.382994
0.403763
0.309426
0.440834
0.340544
0.404115
0.394085
0.331687
0.417462
0.284285
0.45091
0.290616
0.36204
0.276525
0.388403
0.349407
0.212234
0.330613
0.327402
0.323976
0.471202
0.427915
0.386349
0.258848
0.330337
0.384792
0.452709
0.182022
0.169243
0.379924
0.288786
0.290414
0.328424
0.36349
0.303076
0.358906
0.291631
0.21989
0.298416
0.249264
0.249432
0.33602
0.363089
0.289347
0.510325
0.366081
0.404039
0.257127
0.354837
0.340762
0.414326
0.320431
0.407466
0.446962
0.33296
0.270256
0.428053
0.301251
0.348728
0.294775
0.402255
0.287664
0.268135
0.245051
0.365216
0.306806
0.256632
0.270418
0.247778
0.289366
0.388835
0.236288
0.311521
0.300395
0.328624
0.333446
0.368363
0.292779
0.318319
0.269897
0.383092
0.352432
0.301544
0.330823
0.406629
0.238344
0.354088
0.249262
0.351471
0.284346
0.40606
0.209136
0.291427
0.230721
0.305375
0.257887
0.315588
0.257546
0.326939
0.274793
0.326604
0.352003
0.404269
0.482892
0.278942
0.358875
0.254889
0.352831
0.32056
0.359759
0.267774
0.43037
0.41598
0.291459
0.417331
0.359599
0.251294
0.295098
0.291925
0.366619
0.31173
0.257347
0.349493
0.312271
0.460603
0.238971
0.457223
0.42574
0.44102
0.318315
0.319372
0.5138
0.304812
0.430002
0.384172
0.289064
0.389759
0.316989
0.208479
0.399581
0.27335
0.38334
0.328589
0.347813
0.373424
0.342799
0.313409
0.287976
0.35402
0.380693
0.301008
0.244813
0.354867
0.295833
0.399866
0.473756
0.398087
0.306896
0.269895
0.348827
0.481023
0.361693
0.286906
0.46939
0.357763
0.348164
0.367409
0.298798
0.290742
0.309697
0.319974
0.212916
0.43416
0.260728
0.362275
0.313473
0.349637
0.449209
0.377257
0.339926
0.4129
0.289217
0.373647
0.409304
0.439422
0.405997
0.505215
0.353452
0.372485
0.478989
0.324742
0.207477
0.38458
0.555894
0.410505
0.400784
0.322251
0.257062
0.282604
0.332934
0.354214
0.368628
0.306345
0.351861
0.460275
0.393365
0.442329
0.298201
0.491932
0.315534
0.413761
0.355244
0.288747
0.407038
0.376316
0.388564
0.254957
0.270639
0.356349
0.322339
0.281455
0.300969
0.25169
0.31897
0.370095
0.39315
0.433335
0.266101
0.316188
0.277119
0.38917
0.416593
0.323396
0.321421
0.473791
0.22674
0.452129
0.318322
0.425041
0.3796
0.387224
0.346399
0.343747
0.257824
0.19929
0.385394
0.226007
0.244402
0.285965
0.387901
0.400117
0.239004
0.404973
0.49113
0.279
0.166031
0.333983
0.216439
0.306819
0.354072
0.314059
0.224208
0.306324
0.378529
0.377489
0.366323
0.527525
0.314911
0.306248
0.415913
0.275702
0.276973
0.287337
0.317861
0.297394
0.379591
0.247581
0.277669
0.422419
0.30237
0.360802
0.383344
0.49367
0.311051
0.320344
0.525817
0.280757
0.313721
0.287887
0.495617
0.404947
0.303659
0.267848
0.303322
0.287428
0.231292
0.44368
0.369449
0.412548
0.277724
0.466681
0.335711
0.286658
0.300439
0.417561
0.360868
0.413837
0.239758
0.377133
0.437415
0.452637
0.325215
0.403885
0.56311
0.373364
0.233484
0.2497
0.329209
0.341223
0.298418
0.367643
0.311051
0.316508
0.27418
0.328856
0.300498
0.359968
0.163006
0.296964
0.551427
0.328925
0.357951
0.338734
0.375349
0.31555
0.316282
0.322712
0.299881
0.303918
0.235074
0.359476
0.347481
0.277515
0.254622
0.340271
0.408874
0.379214
0.194522
0.284239
0.315682
0.418511
0.415905
0.349509
0.362054
0.477292
0.321734
0.430034
0.413939
0.349436
0.391417
0.403108
0.286114
0.314916
0.313364
0.304249
0.302426
0.34199
0.276452
0.390258
0.401593
0.313497
0.25444
0.309164
0.435998
0.3374
0.441926
0.390856
0.336806
0.29721
0.221385
0.237549
0.361343
0.415644
0.237085
0.292799
0.344196
0.379247
0.327093
0.290819
0.273941
0.354102
0.316814
0.293598
0.417518
0.429342
0.262919
0.414253
0.394623
0.503737
0.284391
0.331667
0.336271
0.327917
0.330812
0.402133
0.210771
0.421266
0.289296
0.243285
0.389988
0.329127
0.344287
0.359494
0.372483
0.264222
0.277215
0.29906
0.337789
0.345166
0.149394
0.325171
0.352731
0.28891
0.266777
0.289976
0.315558
0.340844
0.278684
0.431786
0.397698
0.344886
0.307645
0.279847
0.464118
0.382022
0.378268
0.302353
0.353046
0.333048
0.17554
0.310311
0.277982
0.308179
0.387175
0.29548
0.249718
0.256984
0.409502
0.550367
0.337762
0.338099
0.364639
0.292966
0.310889
0.287761
0.274678
0.26975
0.28512
0.359473
0.351361
0.356428
0.347466
0.49165
0.293676
0.312632
0.268188
0.438315
0.357823
0.439789
0.370806
0.381131
0.356678
0.389956
0.340704
0.216345
0.291599
0.36211
0.323559
0.284526
0.255954
0.29663
0.377644
0.389157
0.333309
0.513064
0.401732
0.37872
0.211603
0.283169
0.250137
0.232637
0.277032
0.292447
0.373398
0.297618
0.264348
0.312136
0.201508
0.188768
0.276953
0.349331
0.365089
0.333418
0.349559
0.179789
0.32824
0.368883
0.207323
0.34781
0.341479
0.290922
0.355753
0.32816
0.424937
0.376391
0.429992
0.390776
0.276356
0.371444
0.262258
0.333052
0.262564
0.426685
0.343492
0.388514
0.511432
0.251235
0.328703
0.432128
0.413957
0.477488
0.368376
0.353733
0.311934
0.261003
0.419818
0.46328
0.377861
0.368144
0.197382
0.278286
0.370878
0.477641
0.285921
0.297562
0.398924
0.315975
0.294186
0.380693
0.385416
0.426252
0.239407
0.28429
0.311422
0.358655
0.348936
0.319225
0.346864
0.355324
0.391723
0.309828
0.32008
0.38755
0.284217
0.335733
0.319168
0.247388
0.334299
0.289044
0.341921
0.413254
0.325401
0.435317
0.304816
0.302858
0.373963
0.217716
0.344517
0.260179
0.219016
0.261861
0.353079
0.288054
0.311708
0.434885
0.306348
0.40482
0.229794
0.377852
0.299552
0.264669
0.397369
0.375992
0.369464
0.254004
0.301101
0.362085
0.351428
0.363492
0.339463
0.296921
0.293191
0.248156
0.267383
0.32754
0.339489
0.335365
0.395888
0.239454
0.419116
0.358027
0.363578
0.365052
0.316411
0.363821
0.301657
0.262474
0.358523
0.405627
0.357062
0.320894
0.283863
0.428263
0.422128
0.392876
0.456185
0.376401
0.320227
0.31489
0.278097
0.439161
0.228793
0.392727
0.269582
0.257091
0.317618
0.228161
0.264888
0.508447
0.354879
0.306955
0.317159
0.404088
0.27605
0.365806
0.308887
0.364563
0.127181
0.23133
0.287132
0.418809
0.286221
0.236641
0.356876
0.313359
0.288941
0.411312
0.428876
0.313432
0.264936
0.327169
0.278126
0.401528
0.356736
0.451359
0.36609
0.360428
0.332521
0.311753
0.352273
0.326985
0.34031
0.270161
0.479178
0.399833
0.371345
0.419309
0.3843
0.197241
0.354363
0.255171
0.335061
0.262849
0.31641
0.366332
0.448357
0.205061
0.273676
0.462819
0.322958
0.427937
0.284565
0.41538
0.378077
0.302558
0.260179
0.272642
0.33147
0.391453
0.400913
0.307989
0.379441
0.336871
0.336953
0.422464
0.431233
0.500888
0.374834
0.272223
0.430898
0.240415
0.300058
0.346382
0.262994
0.420092
0.240155
0.497989
0.249624
0.395972
0.324914
0.253059
0.293054
0.404927
0.25646
0.293235
0.171609
0.322244
0.253131
0.334304
0.29728
0.484943
0.267094
0.244015
0.277973
0.377612
0.192902
0.276868
0.377139
0.38351
0.304047
0.233758
0.327533
0.307292
0.275784
0.355166
0.315695
0.354808
0.418909
0.276039
0.296294
0.22766
0.341606
0.334269
0.361122
0.336314
0.27954
0.327595
0.467931
0.440349
0.355251
0.337708
0.262285
0.26536
0.256392
0.32831
0.343323
0.353213
0.34883
0.411474
0.452527
0.272399
0.438885
0.411025
0.333515
0.480761
0.205328
0.195401
0.205192
0.318448
0.287531
0.328097
0.23373
0.358333
0.366003
0.235669
0.295423
0.229179
0.302616
0.306405
0.4621
0.300603
0.322134
0.448506
0.319406
0.448513
0.304447
0.356714
0.50557
0.306557
0.339733
0.351586
0.331979
0.36217
0.18981
0.257998
0.27244
0.417814
0.195754
0.221518
0.265705
0.279789
0.30336
0.280502
0.40656
0.303921
0.273768
0.475098
0.347789
0.270281
0.436113
0.282866
0.348439
0.278431
0.251125
0.342244
0.343616
0.465277
0.181279
0.217814
0.343979
0.346784
0.401665
0.449728
0.468621
0.368443
0.161281
0.465835
0.345884
0.391883
0.384173
0.510553
0.274853
0.413795
0.291947
0.255794
0.324852
0.318653
0.377397
0.304889
0.278248
0.190166
0.277428
0.415799
0.423472
0.340075
0.315544
0.298715
0.386879
0.388132
0.351918
0.280868
0.215925
0.396773
0.250007
0.208434
0.385034
0.401996
0.303567
0.465317
0.255807
0.355872
0.415652
0.356071
0.376344
0.446881
0.292487
0.224364
0.30911
0.420436
0.216382
0.383582
0.321664
0.29192
0.276377
0.286266
0.313365
0.230182
0.204839
0.213065
0.29554
0.225454
0.389761
0.535683
0.413103
0.256102
0.26943
0.25342
0.345626
0.40199
0.249153
0.31393
0.293075
0.255118
0.196854
0.329206
0.309343
0.356615
0.34081
0.270407
0.33224
0.251528
0.379641
0.341966
0.349509
0.296101
0.384994
0.416353
0.389705
0.364907
0.33105
0.282173
0.278881
0.28507
0.472988
0.375066
0.452491
0.307506
0.409709
0.339278
0.272955
0.532589
0.29845
0.278046
0.362681
0.298636
0.340872
0.314643
0.393438
0.37492
0.254763
0.292212
0.285196
0.255411
0.421302
0.204421
0.241724
0.344844
0.33704
0.418508
0.450255
0.350065
0.364509
0.415499
0.309695
0.298457
0.338249
0.336449
0.299787
0.403762
0.388729
0.355545
0.357834
0.466132
0.320401
0.312384
0.395506
0.41326
0.323243
0.182543
0.306434
0.271678
0.356035
0.282259
0.340241
0.310948
0.291832
0.314072
0.41463
0.345757
0.243219
0.242881
0.344284
0.421318
0.396746
0.451543
0.331049
0.323669
0.382147
0.332493
0.432909
0.376659
0.361117
0.409225
0.307846
0.158742
0.197966
0.419531
0.432823
0.412054
0.264447
0.366832
0.266168
0.296719
0.311026
0.405349
0.378585
0.434779
0.188392
0.416507
0.320548
0.393101
0.32171
0.370833
0.235567
0.369507
0.266634
0.29659
0.482085
0.259492
0.274691
0.349927
0.207538
0.29885
0.232705
0.361376
0.212758
0.283377
0.349974
0.346132
0.36483
0.300523
0.332255
0.249089
0.320419
0.273553
0.313456
0.382438
0.335068
0.342925
0.324745
0.4158
0.422552
0.344009
0.222422
0.362421
0.232775
0.334131
0.437464
0.320908
0.372544
0.336998
0.235174
0.251558
0.272056
0.383154
0.302061
0.238402
0.356353
0.449852
0.349565
0.32502
0.326998
0.382909
0.440169
0.288726
0.39797
0.288958
0.329863
0.338435
0.448722
0.265239
0.277495
0.43389
0.351485
0.284087
0.385407
0.307038
0.24089
0.417613
0.301479
0.290696
0.34306
0.476197
0.246447
0.339209
0.251186
0.325793
0.250781
0.305654
0.277764
0.391434
0.311024
0.440838
0.325279
0.280094
0.428066
0.433822
0.415218
0.431619
0.239882
0.430626
0.439985
0.272586
0.310187
0.36112
0.335906
0.320226
0.287431
0.317484
0.317452
0.263204
0.375093
0.512944
0.40149
0.215541
0.46287
0.339179
0.383427
0.296524
0.26895
0.30523
0.334328
0.346025
0.255735
0.349506
0.235885
0.256993
0.320444
0.347256
0.390515
0.454303
0.30459
0.349159
0.224729
0.377617
0.24403
0.362595
0.226524
0.447576
0.405257
0.420946
0.346968
0.319825
0.233896
0.308184
0.307132
0.312377
0.385877
0.419356
0.386632
0.287469
0.415166
0.448225
0.395111
0.545024
0.393549
0.356925
0.354907
0.367079
0.377658
0.349879
0.365002
0.28706
0.388847
0.267119
0.299162
0.319267
0.251046
0.268881
0.432917
0.340769
0.295701
0.312982
0.391058
0.413203
0.258076
0.488755
0.37756
0.310415
0.253503
0.242679
0.258335
0.355291
0.255315
0.255814
0.313129
0.322947
0.302748
0.325298
0.389003
0.26229
0.452941
0.415936
0.221552
0.311862
0.318373
0.244248
0.368009
0.236122
0.151273
0.364019
0.279622
0.200676
0.14646
0.397487
0.419345
0.354289
0.331826
0.348633
0.257072
0.307909
0.349899
0.360085
0.320144
0.235392
0.213993
0.27573
0.240033
0.361408
0.350649
0.311739
0.31286
0.367806
0.392559
0.293625
0.312577
0.360045
0.266793
0.441871
0.378132
0.352803
0.261968
0.283649
0.375892
0.264444
0.275178
0.291061
0.588076
0.435546
0.2432
0.434046
0.328567
0.301221
0.167262
0.329887
0.367369
0.361614
0.314223
0.356423
0.41023
0.33452
0.381606
0.422756
0.21558
0.363804
0.387526
0.357078
0.266215
0.346209
0.332458
0.293362
0.283721
0.444624
0.331771
0.330074
0.410177
0.341498
0.369837
0.310696
0.287647
0.314137
0.30097
0.251987
0.3573
0.276495
0.349159
0.36662
0.32711
0.395079
0.222849
0.25781
0.32879
0.287772
0.233725
0.252029
0.251527
0.388452
0.238826
0.44013
0.457159
0.356021
0.270446
0.351385
0.413157
0.401827
0.38529
0.418143
0.459692
0.419312
0.208436
0.357974
0.296836
0.42611
0.397177
0.303989
0.366572
0.353492
0.348794
0.369016
0.407563
0.35477
0.282041
0.256528
0.39626
0.401754
0.272087
0.243286
0.352513
0.447877
0.379265
0.229405
0.318654
0.388456
0.463404
0.239837
0.419234
0.272065
0.315565
0.459334
0.422615
0.347482
0.292225
0.380432
0.377958
0.367645
0.240813
0.333476
0.291717
0.189446
0.414344
0.394649
0.303709
0.304903
0.472714
0.366109
0.432024
0.386202
0.370569
0.348051
0.375508
0.213274
0.22613
0.359732
0.344913
0.368514
0.383934
0.310399
0.363596
0.144582
0.29914
0.391661
0.260006
0.331369
0.232008
0.222921
0.316453
0.394737
0.379761
0.330314
0.43466
0.362708
0.258469
0.316053
0.421535
0.329624
0.281512
0.289807
0.376184
0.329841
0.319627
0.416418
0.426929
0.339928
0.334161
0.374462
0.268986
0.427249
0.346613
0.29388
0.491958
0.436235
0.440883
0.416328
0.334337
0.373352
0.446337
0.372984
0.268934
0.376286
0.291301
0.269924
0.394808
0.349686
0.290805
0.2362
0.405994
0.359205
0.489995
0.278112
0.335092
0.358123
0.205246
0.382496
0.40316
0.325143
0.287974
0.433571
0.436528
0.419071
0.293496
0.304936
0.345979
0.301521
0.207726
0.279749
0.416812
0.338286
0.397957
0.297744
0.363356
0.415891
0.328292
0.418825
0.406305
0.344786
0.295091
0.510384
0.443923
0.302531
0.251977
0.410513
0.246221
0.301669
0.196491
0.226819
0.254603
0.287601
0.381287
0.394868
0.287111
0.284544
0.408154
0.336691
0.39416
0.35453
0.391293
0.359486
0.285451
0.376842
0.281942
0.319296
0.266887
0.477338
0.332695
0.37114
0.363843
0.327863
0.311151
0.381253
0.333481
0.360369
0.307853
0.383329
0.462359
0.345544
0.283855
0.222174
0.327489
0.466383
0.230456
0.374656
0.284901
0.295749
0.296699
0.24602
0.400784
0.339269
0.393865
0.302916
0.407712
0.300287
0.248134
0.278444
0.253933
0.419388
0.232586
0.504349
0.329805
0.285415
0.369515
0.388222
0.472934
0.266736
0.226485
0.368312
0.440828
0.359805
0.323511
0.32017
0.236299
0.443586
0.185
0.346422
0.347387
0.480377
0.274949
0.308862
0.342882
0.336312
0.412054
0.474227
0.494084
0.404051
0.391894
0.339634
0.319118
0.362363
0.442206
0.284505
0.434727
0.265375
0.234109
0.301111
0.392465
0.411615
0.336566
0.478385
0.456132
0.532799
0.319368
0.42133
0.325798
0.501991
0.337005
0.285231
0.326892
0.359195
0.331091
0.390369
0.338495
0.325821
0.413595
0.537172
0.239983
0.379268
0.246408
0.337511
0.458865
0.43075
0.280294
0.278852
0.331272
0.33821
0.236126
0.29051
0.300389
0.314385
0.31554
0.44744
0.281621
0.322836
0.274895
0.369786
0.453602
0.337403
0.349764
0.312826
0.318187
0.38123
0.316321
0.345822
0.233716
0.27992
0.273445
0.275532
0.264052
0.534475
0.342886
0.353104
0.308887
0.450651
0.413825
0.404126
0.331064
0.360656
0.199823
0.382277
0.352996
0.368209
0.249496
0.320078
0.361573
0.460456
0.261857
0.446725
0.350048
0.329015
0.271694
0.512091
0.434596
0.451089
0.326777
0.27604
0.292483
0.40185
0.366352
0.334674
0.364482
0.244736
0.28863
0.354072
0.413947
0.461731
0.319637
0.30587
0.288009
0.386454
0.275063
0.259663
0.273719
0.421588
0.253729
0.428386
0.318867
0.191157
0.489798
0.307398
0.347803
0.225772
0.254947
0.249323
0.449516
0.393292
0.321759
0.278842
0.281344
0.29908
0.317792
0.313755
0.23614
0.347621
0.257148
0.33352
0.232304
0.28844
0.315024
0.27947
0.392571
0.386091
0.288268
0.477344
0.226443
0.299692
0.321999
0.470846
0.247067
0.235632
0.365027
0.446889
0.294375
0.36131
0.274353
0.251322
0.374066
0.333363
0.420534
0.278349
0.353573
0.336309
0.341674
0.340653
0.299693
0.340609
0.286034
0.390491
0.483026
0.378498
0.264412
0.243305
0.405961
0.429534
0.225879
0.286194
0.339078
0.342082
0.288942
0.346821
0.37362
0.336848
0.335466
0.32791
0.368532
0.335408
0.215901
0.332328
0.247322
0.262519
0.292689
0.411965
0.276233
0.307761
0.412392
0.282875
0.332946
0.373213
0.361588
0.366289
0.327584
0.282784
0.356383
0.315893
0.424303
0.313743
0.447634
0.340001
0.233049
0.503654
0.19098
0.401582
0.356074
0.326244
0.282827
0.344169
0.327765
0.346446
0.211918
0.273474
0.346446
0.298497
0.25887
0.36817
0.437337
0.452159
0.373249
0.255304
0.24557
0.388242
0.294557
0.349475
0.316331
0.300041
0.496335
0.395187
0.386942
0.327091
0.413902
0.324279
0.456341
0.532555
0.248979
0.384011
0.344724
0.286675
0.306518
0.340995
0.257168
0.204687
0.332697
0.329483
0.239111
0.349971
0.228127
0.44275
0.289254
0.359685
0.372261
0.36017
0.306323
0.397263
0.210168
0.491148
0.317099
0.372988
0.283871
0.467637
0.423029
0.310609
0.321143
0.220907
0.234747
0.309227
0.356552
0.24654
0.398896
0.317578
0.184922
0.220264
0.393809
0.405283
0.360386
0.356982
0.210759
0.413436
0.274113
0.399629
0.378455
0.424392
0.394347
0.306166
0.470497
0.366225
0.340092
0.35859
0.387211
0.321426
0.322565
0.43378
0.367637
0.33351
0.418165
0.446712
0.196591
0.28374
0.247734
0.365709
0.47555
0.381637
0.283167
0.284231
0.39479
0.299447
0.429621
0.286576
0.25494
0.474859
0.292636
0.347691
0.381051
0.251601
0.281353
0.369479
0.367819
0.444407
0.340603
0.42451
0.451604
0.380652
0.216186
0.418811
0.304252
0.252205
0.450683
0.325898
0.415152
0.334376
0.288496
0.294023
0.449558
0.242912
0.35782
0.404856
0.482918
0.433688
0.247476
0.405018
0.244709
0.351568
0.381867
0.350114
0.390267
0.216534
0.273054
0.304871
0.279373
0.332756
0.325181
0.428239
0.436042
0.263958
0.245893
0.418329
0.325516
0.320662
0.289363
0.303343
0.421715
0.500032
0.293839
0.421404
0.392487
0.290513
0.291781
0.363604
0.32361
0.261677
0.384236
0.393952
0.303373
0.423499
0.371164
0.428058
0.222387
0.405254
0.40911
0.367801
0.452847
0.399042
0.359658
0.410421
0.339752
0.22518
0.292741
0.314399
0.194501
0.308943
0.313854
0.233109
0.285948
0.252745
0.291515
0.484972
0.347529
0.376912
0.307949
0.299624
0.401188
0.541798
0.226776
0.342462
0.309578
0.325385
0.279844
0.317394
0.359056
0.404651
0.138612
0.462579
0.278655
0.221943
0.15581
0.400588
0.307274
0.419703
0.200153
0.238006
0.274829
0.373838
0.164141
0.364124
0.32907
0.501703
0.338807
0.29088
0.383527
0.402231
0.408403
0.413928
0.35781
0.41766
0.346412
0.472901
0.328471
0.373848
0.353487
0.419823
0.294676
0.373295
0.273022
0.33105
0.348688
0.296674
0.329632
0.37287
0.514693
0.360869
0.260222
0.291628
0.306914
0.328977
0.33997
0.285437
0.419159
0.358797
0.200208
0.320074
0.360793
0.308568
0.357095
0.452702
0.385401
0.300211
0.36237
0.416542
0.395328
0.308399
0.368235
0.358864
0.398468
0.447968
0.299626
0.459051
0.272078
0.34575
0.296715
0.398288
0.370343
0.343368
0.256038
0.327305
0.344904
0.35369
0.346218
0.371939
0.337644
0.351577
0.397405
0.278794
0.410387
0.492314
0.489698
0.495969
0.366492
0.244892
0.313068
0.368878
0.391534
0.396006
0.385068
0.461192
0.33531
0.389429
0.401322
0.366871
0.295607
0.274601
0.294782
0.327329
0.326599
0.395347
0.198893
0.305745
0.218972
0.382472
0.537521
0.350556
0.260086
0.31507
0.423597
0.416923
0.458232
0.303786
0.290328
0.414121
0.312316
0.314228
0.298725
0.315849
0.339944
0.257073
0.3342
0.350089
0.249286
0.462228
0.268844
0.417148
0.374519
0.280513
0.488233
0.353902
0.424304
0.259627
0.255254
0.255545
0.384524
0.297643
0.282135
0.295285
0.414957
0.290888
0.487264
0.504061
0.400487
0.266446
0.427816
0.472488
0.282595
0.483817
0.28647
0.366467
0.305511
0.40988
0.299451
0.447399
0.355671
0.270259
0.261429
0.474428
0.264453
0.369625
0.417644
0.330175
0.321978
0.39157
0.415074
0.372244
0.367188
0.266099
0.327114
0.279528
0.373891
0.200159
0.27878
0.259991
0.405287
0.361288
0.303847
0.357222
0.284557
0.313592
0.118234
0.286059
0.311742
0.311138
0.27086
0.33694
0.342398
0.438992
0.338172
0.418827
0.336229
0.358766
0.242517
0.378519
0.379215
0.356526
0.366847
0.29822
0.451531
0.268521
0.393729
0.294137
0.181683
0.408297
0.374971
0.415557
0.358487
0.410237
0.46903
0.470959
0.25162
0.323691
0.291002
0.380821
0.345567
0.303636
0.310581
0.436441
0.41228
0.308229
0.250954
0.459244
0.492428
0.355659
0.178679
0.350982
0.212733
0.245098
0.341066
0.407217
0.345685
0.457212
0.249852
0.265829
0.324704
0.318067
0.241057
0.328669
0.288227
0.200198
0.319046
0.309378
0.293845
0.372791
0.189934
0.386221
0.239292
0.263682
0.246361
0.358467
0.356005
0.344813
0.360302
0.472701
0.258573
0.444599
0.229072
0.303465
0.340385
0.278363
0.366749
0.338316
0.373596
0.312396
0.28523
0.413294
0.367606
0.293204
0.357144
0.333414
0.313101
0.228932
0.376335
0.292699
0.344382
0.35705
0.342595
0.343977
0.303977
0.340713
0.229872
0.353103
0.350026
0.3876
0.361289
0.291725
0.25841
0.243784
0.309762
0.287038
0.229721
0.350912
0.217735
0.503656
0.276408
0.452255
0.374187
0.423719
0.400513
0.479308
0.288126
0.33422
0.344571
0.340355
0.346857
0.38513
0.354941
0.464364
0.173975
0.325732
0.284258
0.283007
0.391255
0.288835
0.503283
0.299168
0.254592
0.344914
0.272052
0.384941
0.369274
0.417712
0.381475
0.34999
0.20706
0.394722
0.36679
0.453696
0.372108
0.336993
0.342867
0.300676
0.256628
0.405767
0.416907
0.322247
0.21079
0.338778
0.341585
0.475921
0.28512
0.473588
0.380681
0.337323
0.352447
0.313273
0.402064
0.394884
0.374367
0.400677
0.282266
0.346049
0.285303
0.280142
0.278066
0.258497
0.201782
0.325035
0.290808
0.3121
0.2195
0.300486
0.359023
0.441183
0.250653
0.360706
0.440078
0.411061
0.417823
0.375412
0.366181
0.299448
0.306366
0.286228
0.281673
0.303227
0.323963
0.281233
0.420479
0.279863
0.283887
0.260373
0.262315
0.428837
0.32576
0.297916
0.303192
0.36955
0.14751
0.304273
0.492477
0.358133
0.210923
0.341671
0.352685
0.390827
0.289244
0.174927
0.310212
0.453748
0.322769
0.411859
0.34439
0.436136
0.328047
0.353272
0.329107
0.318819
0.241228
0.351447
0.290385
0.306917
0.336217
0.205978
0.221239
0.405976
0.347767
0.361062
0.266225
0.395517
0.371615
0.327062
0.444014
0.288073
0.268885
0.328825
0.327477
0.434185
0.340475
0.36963
0.285501
0.334485
0.292385
0.475984
0.391994
0.397292
0.306896
0.26993
0.302583
0.35891
0.234058
0.260936
0.407821
0.203119
0.316178
0.321513
0.351053
0.285805
0.2089
0.263249
0.208184
0.333456
0.26724
0.34985
0.296886
0.346961
0.263686
0.419483
0.406799
0.243365
0.214432
0.456055
0.32737
0.411669
0.437583
0.304923
0.166479
0.215041
0.419454
0.455108
0.335692
0.425298
0.41661
0.418603
0.504305
0.411039
0.317729
0.28927
0.256389
0.258896
0.355019
0.354956
0.228315
0.390682
0.196277
0.337602
0.276564
0.34998
0.301339
0.284489
0.398486
0.333243
0.276906
0.249099
0.350132
0.303222
0.232067
0.308683
0.390984
0.240558
0.300235
0.415674
0.338989
0.36608
0.431417
0.324496
0.291576
0.261912
0.264919
0.265306
0.331143
0.218532
0.342215
0.365586
0.274405
0.317104
0.27538
0.406095
0.325391
0.286833
0.239493
0.305985
0.276235
0.331218
0.172713
0.293167
0.398877
0.450475
0.264508
0.357416
0.297366
0.289365
0.353179
0.43719
0.344122
0.370726
0.274459
0.399423
0.341529
0.392263
0.252833
0.394902
0.257777
0.323565
0.336233
0.311901
0.379839
0.354917
0.311763
0.292464
0.306313
0.282276
0.448371
0.320141
0.282129
0.335555
0.429747
0.347045
0.379825
0.301638
0.291111
0.316507
0.399746
0.429409
0.36872
0.289696
0.378713
0.486545
0.342484
0.462543
0.207597
0.35242
0.308106
0.304833
0.23342
0.238494
0.362333
0.343412
0.219174
0.299187
0.305096
0.186161
0.34163
0.384937
0.325805
0.354892
0.316074
0.211983
0.205482
0.233109
0.422951
0.386713
0.250401
0.298851
0.341877
0.362535
0.263059
0.29948
0.275935
0.380389
0.324059
0.486957
0.321447
0.299796
0.295017
0.298894
0.296496
0.315407
0.255954
0.451786
0.298197
0.39441
0.368298
0.286251
0.384652
0.37702
0.454317
0.355135
0.339004
0.291702
0.317177
0.302404
0.246305
0.291128
0.336566
0.3558
0.299955
0.337114
0.201678
0.375465
0.347817
0.304209
0.352497
0.31257
0.387775
0.498198
0.291029
0.391698
0.357334
0.369598
0.423387
0.392407
0.324251
0.372242
0.255376
0.281383
0.400816
0.281034
0.266238
0.29082
0.233422
0.37855
0.471464
0.449152
0.336963
0.29829
0.379344
0.384748
0.370459
0.383455
0.263611
0.363444
0.35664
0.396657
0.235159
0.441355
0.381559
0.325873
0.509661
0.374514
0.34207
0.324345
0.434734
0.412216
0.525192
0.435928
0.245828
0.422073
0.353783
0.385563
0.255744
0.395876
0.361323
0.421287
0.284304
0.24978
0.308851
0.323253
0.331735
0.246928
0.334081
0.48411
0.413791
0.339927
0.335887
0.346134
0.304935
0.419298
0.290866
0.293927
0.422241
0.346739
0.293654
0.280887
0.366131
0.298792
0.41912
0.209963
0.47336
0.172447
0.286064
0.353253
0.348934
0.369815
0.409792
0.335761
0.322587
0.348015
0.225604
0.338714
0.318844
0.379651
0.356342
0.225161
0.342637
0.342367
0.399627
0.433121
0.26372
0.192291
0.285175
0.278785
0.245617
0.220592
0.332694
0.370088
0.180552
0.342636
0.312063
0.275226
0.37333
0.335499
0.425965
0.309298
0.363508
0.31058
0.324077
0.407886
0.178563
0.196816
0.275079
0.407923
0.271114
0.28324
0.31329
0.38246
0.355384
0.278607
0.481311
0.402005
0.324901
0.308611
0.347848
0.357213
0.345314
0.253546
0.385153
0.361078
0.285884
0.348367
0.502191
0.331451
0.247618
0.360751
0.417621
0.299018
0.252015
0.366235
0.310893
0.268937
0.47384
0.249758
0.324419
0.314324
0.358203
0.296321
0.302326
0.303997
0.266344
0.409954
0.427566
0.275369
0.255563
0.190297
0.356131
0.375099
0.251287
0.346143
0.351674
0.407365
0.216012
0.380569
0.236377
0.345282
0.400773
0.391518
0.354558
0.339799
0.270034
0.370213
0.389009
0.289355
0.266564
0.321744
0.403155
0.443233
0.398727
0.431335
0.38951
0.305553
0.254777
0.418804
0.239655
0.283708
0.307735
0.311415
0.306789
0.453607
0.425902
0.260696
0.309234
0.244196
0.243157
0.195796
0.416069
0.327611
0.334521
0.300069
0.344605
0.405318
0.288808
0.172795
0.233389
0.219339
0.228879
0.323769
0.353001
0.200919
0.373444
0.36772
0.391199
0.259804
0.262828
0.434281
0.324934
0.292093
0.394241
0.472365
0.504099
0.452078
0.325838
0.345429
0.248254
0.130077
0.198375
0.28818
0.273968
0.328699
0.424591
0.38448
0.239979
0.32518
0.225876
0.366774
0.361667
0.409363
0.265598
0.460978
0.301907
0.436454
0.245327
0.24024
0.306038
0.342218
0.33448
0.392451
0.348253
0.301643
0.336081
0.300317
0.303366
0.26001
0.420642
0.213409
0.431014
0.268489
0.191925
0.435905
0.375006
0.459959
0.296111
0.394781
0.297529
0.316654
0.345509
0.342557
0.385561
0.188046
0.292186
0.271663
0.21817
0.292947
0.205232
0.291822
0.262785
0.316683
0.427397
0.248032
0.415513
0.635106
0.386457
0.308515
0.252508
0.342695
0.263041
0.235466
0.327887
0.285834
0.201127
0.332714
0.484057
0.349757
0.362354
0.454826
0.332767
0.374047
0.312035
0.429891
0.370601
0.456275
0.483737
0.253473
0.498331
0.313446
0.337246
0.378661
0.318608
0.369818
0.260843
0.257435
0.462311
0.28506
0.336039
0.248553
0.273574
0.3342
0.259559
0.26263
0.438857
0.393369
0.376403
0.402316
0.386484
0.27594
0.259732
0.290713
0.338264
0.319163
0.388308
0.337422
0.406365
0.40868
0.338237
0.252644
0.447461
0.479409
0.426328
0.371155
0.324792
0.393887
0.320671
0.280658
0.323437
0.299826
0.32372
0.34447
0.362423
0.292496
0.252872
0.324487
0.436046
0.32749
0.226823
0.271355
0.279104
0.415782
0.345548
0.32839
0.311011
0.360635
0.182068
0.373805
0.358247
0.3125
0.319303
0.52509
0.340856
0.220578
0.370686
0.411618
0.412738
0.299041
0.403599
0.460117
0.393194
0.358301
0.244393
0.340808
0.324668
0.31241
0.244946
0.409541
0.269323
0.425104
0.403267
0.280611
0.39004
0.373281
0.311385
0.361397
0.275533
0.302516
0.270588
0.220427
0.422728
0.202973
0.388314
0.482956
0.405296
0.374078
0.34187
0.323078
0.252687
0.429728
0.2309
0.305437
0.405033
0.302656
0.301979
0.421074
0.509607
0.401198
0.262095
0.422143
0.399645
0.368476
0.210137
0.239011
0.282207
0.355135
0.428116
0.590588
0.284203
0.388722
0.365621
0.454017
0.362119
0.339833
0.332568
0.289677
0.341122
0.324438
0.278567
0.398264
0.40629
0.276523
0.313665
0.309279
0.318232
0.325342
0.289029
0.21178
0.318397
0.426634
0.239954
0.263503
0.265577
0.308719
0.25707
0.331232
0.339086
0.449424
0.290006
0.440213
0.332791
0.335564
0.236089
0.489116
0.303982
0.40099
0.336697
0.433084
0.345406
0.301948
0.286569
0.335133
0.21013
0.334908
0.399824
0.373696
0.315416
0.303713
0.387038
0.403449
0.414505
0.290728
0.203115
0.333487
0.232803
0.314593
0.305585
0.34944
0.387316
0.378318
0.35693
0.234093
0.426453
0.309543
0.26848
0.303295
0.356427
0.514739
0.261846
0.37441
0.400672
0.270175
0.269612
0.267709
0.250506
0.356353
0.20981
0.307279
0.327412
0.333567
0.198489
0.360157
0.430733
0.434065
0.267307
0.269656
0.350633
0.460758
0.238945
0.33615
0.318467
0.311872
0.342632
0.235672
0.3047
0.292735
0.265921
0.336421
0.3746
0.578534
0.320751
0.222512
0.433029
0.299736
0.310514
0.242622
0.333822
0.306558
0.289888
0.39453
0.364864
0.233038
0.297517
0.347292
0.316752
0.219877
0.314365
0.373217
0.280209
0.291046
0.283628
0.244819
0.204901
0.310699
0.211917
0.284714
0.357701
0.297184
0.313672
0.391093
0.326732
0.32166
0.395855
0.464946
0.247008
0.363572
0.432093
0.388865
0.369403
0.327239
0.168615
0.406052
0.403732
0.3008
0.250599
0.398858
0.268428
0.447596
0.417474
0.35675
0.253147
0.36707
0.271013
0.461109
0.243758
0.229954
0.253077
0.364502
0.448378
0.393857
0.3952
0.37891
0.267999
0.342285
0.282286
0.324356
0.221976
0.335124
0.349558
0.336942
0.221192
0.37342
0.340906
0.337221
0.410852
0.342785
0.285163
0.368111
0.366006
0.35589
0.53694
0.342556
0.36133
0.309319
0.245004
0.453408
0.306462
0.26225
0.284788
0.377511
0.266738
0.306678
0.194365
0.40509
0.285693
0.280553
0.44086
0.25061
0.278138
0.322515
0.266466
0.275554
0.397992
0.314444
0.16654
0.385363
0.224497
0.190124
0.342006
0.491953
0.431805
0.432537
0.293888
