0
0.123403
0.20211
0.274284
0.343678
0.41364
0.475877
0.530555
0.589053
0.644127
0.690578
0.735036
0.782048
0.82788
0.872322
0.909043
0.951958
0.99879
1.03706
1.0771
1.11763
1.15595
1.18579
1.2158
1.24826
1.28747
1.31706
1.34834
1.38265
1.40439
1.44064
1.46468
1.4959
1.52689
1.55435
1.57986
1.61616
1.64727
1.66994
1.70139
1.71847
1.7536
1.77594
1.80145
1.82664
1.85973
1.89179
1.9247
1.95272
1.99598
2.0162
2.04142
2.06972
2.09574
2.13164
2.16957
2.18612
2.22176
2.25344
2.27196
2.30106
2.33596
2.3656
2.38838
2.41471
2.45181
2.49175
2.50621
2.53718
2.56345
2.59563
2.61724
2.64159
2.67377
2.70991
2.73255
2.76732
2.79994
2.8144
2.83504
2.85701
2.87317
2.89931
2.9205
2.95042
2.98415
3.00841
3.03984
3.07323
3.09665
3.12568
3.14277
3.16761
3.19048
3.20627
3.21827
3.24879
3.27747
3.31113
3.3193
3.34421
3.38454
3.40518
3.4168
3.44552
3.46585
3.48219
3.5057
3.52345
3.55162
3.58027
3.59426
3.61084
3.63737
3.6641
3.68178
3.70411
3.74945
3.77007
3.77426
3.7986
3.82851
3.86106
3.87777
3.89643
3.93026
3.93814
3.95234
3.97752
4.00381
4.02333
4.03844
4.05402
4.07786
4.10215
4.11738
4.14906
4.15523
4.1877
4.2057
4.23006
4.24759
4.27636
4.26856
4.29189
4.31267
4.34895
4.36658
4.38411
4.43304
4.45233
4.47913
4.50445
4.52149
4.53749
4.55755
4.59473
4.63154
4.64113
4.64826
4.66482
4.69138
4.70749
4.72174
4.72011
4.74828
4.75782
4.78119
4.79949
4.83195
4.83971
4.85791
4.84447
4.85806
4.87371
4.89146
4.92411
4.94769
4.95318
4.96547
4.98861
5.00981
5.03154
5.03514
5.05123
5.0701
5.07639
5.09283
5.09585
5.12132
5.14208
5.13034
5.14271
5.15924
5.18823
5.20739
5.22171
5.24502
5.2699
5.27155
5.27289
5.30858
5.32593
5.33782
5.3436
5.36484
5.38765
5.39946
5.41169
5.43351
5.44869
5.43727
5.45784
5.47374
5.48078
5.49301
5.50301
5.52376
5.54344
5.55125
5.56108
5.58585
5.60615
5.62898
5.64697
5.65093
5.64888
5.65998
5.66986
5.68591
5.6823
5.69719
5.6927
5.71674
5.73197
5.75419
5.75602
5.76262
5.78142
5.77791
5.7999
5.82526
5.81089
5.79616
5.79729
5.80671
5.82116
5.83512
5.8493
5.87864
5.90735
5.92096
5.93099
5.92907
5.93036
5.93787
5.95331
5.96813
5.98662
5.98284
5.98782
6.00779
6.02232
6.02581
6.03961
6.01883
6.02418
6.03329
6.03949
6.06604
6.07645
6.08406
6.08405
6.1099
6.12002
6.12862
6.14559
6.15829
6.16027
6.18164
6.17927
6.1565
6.17073
6.16697
6.1695
6.18087
6.18671
6.21169
6.22049
6.24591
6.25584
6.24985
6.2569
6.27101
6.28192
6.29481
6.3107
6.32717
6.32706
6.33554
6.33871
6.35042
6.36866
6.3717
6.38544
6.41073
6.4037
6.41425
6.41641
6.42749
6.44856
6.4407
6.45606
6.48365
6.50277
6.49463
6.50687
6.52182
6.54539
6.55042
6.57372
6.57292
6.59162
6.59275
6.57504
6.58608
6.61761
6.63006
6.65148
6.68078
6.68657
6.69843
6.67084
6.7035
6.70524
6.70319
6.70968
6.72158
6.72869
6.74452
6.73892
6.74166
6.74438
6.76121
6.7696
6.77796
6.78208
6.77599
6.7755
6.78355
6.79491
6.81415
6.8195
6.84489
6.84814
6.84724
6.85549
6.86454
6.87711
6.89852
6.91281
6.92978
6.94203
6.95304
6.9464
6.9445
6.961
6.93292
6.95901
6.99347
7.01923
7.02099
7.0374
7.05576
7.07516
7.085
7.09496
7.10287
7.09724
7.11071
7.09687
7.1237
7.12171
7.13589
7.12829
7.13246
7.14316
7.15716
7.16277
7.16753
7.18524
7.19844
7.19881
7.20852
7.1959
7.20863
7.23547
7.24421
7.22676
7.21429
7.21951
7.23465
7.215
7.21401
7.20589
7.19843
7.21014
7.20629
7.22419
7.22138
7.23042
7.2518
7.26139
7.26289
7.2753
7.28233
7.30239
7.31331
7.32381
7.32906
7.33862
7.33881
7.32688
7.34076
7.34266
7.33924
7.34823
7.36394
7.37634
7.41103
7.39599
7.39916
7.39646
7.40557
7.3976
7.40227
7.42606
7.41925
7.45054
7.46372
7.45845
7.45918
7.45112
7.43878
7.4281
7.42222
7.44707
7.43461
7.42826
7.44823
7.45407
7.45597
7.4669
7.45377
7.45626
7.45438
7.45803
7.44389
7.44131
7.44084
7.45082
7.46948
7.48629
7.49514
7.51092
7.53162
7.5648
7.57934
7.59131
7.57275
7.57701
7.59371
7.6223
7.64703
7.66236
7.63961
7.64068
7.6452
7.6177
7.62837
7.63399
7.63204
7.64191
7.66502
7.688
7.70607
7.70442
7.69607
7.69961
7.70444
7.71418
7.69875
7.69465
7.71625
7.69861
7.71815
7.71522
7.71988
7.72705
7.71318
7.702
7.72922
7.71224
7.71447
7.73195
7.74422
7.7287
7.71407
7.72616
7.72541
7.74123
7.74196
7.72127
7.72026
7.72014
7.71425
7.70229
7.73443
7.74542
7.74952
7.76056
7.78219
7.79684
7.78228
7.77117
7.79647
7.8031
7.79796
7.81033
7.81502
7.82129
7.81015
7.80563
7.82162
7.83069
7.84134
7.85435
7.85892
7.88195
7.89247
7.9126
7.927
7.93633
7.93766
7.94439
7.97139
7.97665
7.97132
7.97525
7.99932
8.00391
8.01876
8.02238
8.03783
8.02825
8.02062
8.04667
8.06726
8.05575
8.05463
8.0755
8.08259
8.08323
8.07172
8.05698
8.073
8.0794
8.07074
8.09039
8.11434
8.13063
8.16065
8.16883
8.169
8.16986
8.17663
8.20661
8.19001
8.20215
8.18264
8.18971
8.20231
8.1916
8.15277
8.16178
8.17296
8.16517
8.14881
8.14035
8.15491
8.17441
8.12614
8.12074
8.09739
8.09038
8.07973
8.10783
8.09004
8.0902
8.09191
8.11363
8.13318
8.12209
8.10607
8.10572
8.10596
8.11958
8.10384
8.0919
8.05731
8.05478
8.01903
8.01734
8.02086
8.01236
8.01029
8.01888
8.0501
8.04314
8.02718
8.02261
8.02417
8.01565
8.01797
7.99887
8.0062
8.01812
8.0365
8.05113
8.07291
8.07556
8.06718
8.08841
8.09315
8.12018
8.12812
8.13071
8.13685
8.14356
8.14552
8.15677
8.1702
8.20399
8.20191
8.2109
8.2337
8.2521
8.25742
8.23429
8.25464
8.25581
8.25715
8.26397
8.25676
8.28749
8.29979
8.32172
8.3117
8.33542
8.3348
8.35327
8.35026
8.36016
8.37329
8.37243
8.38565
8.37872
8.38202
8.37892
8.38973
8.40084
8.38963
8.39325
8.39865
8.40545
8.41565
8.41332
8.41552
8.41336
8.39347
8.38712
8.37824
8.37401
8.38699
8.39303
8.40284
8.39218
8.39453
8.41215
8.4028
8.39348
8.39962
8.42472
8.45447
8.45286
8.44901
8.46188
8.44768
8.4557
8.44752
8.45114
8.4501
8.46275
8.44603
8.444
8.45334
8.47362
8.47524
8.48858
8.49522
8.48455
8.49639
8.52098
8.53561
8.5132
8.49363
8.50478
8.5407
8.54141
8.55569
8.54773
8.56111
8.56521
8.54204
8.56334
8.54557
8.54183
8.53815
8.55567
8.55656
8.57011
8.56397
8.56588
8.58792
8.58145
8.58834
8.58424
8.59496
8.57449
8.57052
8.54815
8.56959
8.55457
8.57666
8.55265
8.57618
8.59486
8.57158
8.56575
8.56707
8.54751
8.52355
8.53891
8.52091
8.52767
8.54153
8.56419
8.55543
8.54212
8.53104
8.54606
8.52361
8.51544
8.48123
8.46155
8.44402
8.44797
8.44974
8.4454
8.4596
8.45454
8.43458
8.4374
8.46938
8.4567
8.44439
8.45946
8.4797
8.4651
8.47692
8.47953
8.48303
8.44544
8.4319
8.43748
8.45402
8.46198
8.47011
8.42719
8.428
8.42474
8.40667
8.41148
8.37643
8.37828
8.37652
8.3734
8.3828
8.37554
8.38902
8.37451
8.39214
8.39788
8.4072
8.40561
8.41487
8.43424
8.43436
8.43385
8.43544
8.44788
8.39421
8.39616
8.41481
8.42695
8.40293
8.38723
8.40093
8.41917
8.40744
8.38983
8.40923
8.41954
8.39995
8.40295
8.4274
8.41793
8.41586
8.44977
8.48057
8.49952
8.48353
8.50713
8.52255
8.52191
8.52818
8.53113
8.53355
8.56266
8.54421
8.5218
8.52283
8.51487
8.50269
8.5003
8.51116
8.51989
8.5313
8.5435
8.50846
8.52094
8.49784
8.49248
8.49498
8.50601
8.51804
8.52711
8.53946
8.54447
8.55327
8.56453
8.59331
8.61575
8.60923
8.60825
8.61117
8.60121
8.58386
8.60364
8.63175
8.64394
8.63503
8.63351
8.60396
8.60456
8.62534
8.61103
8.62659
8.64458
8.6401
8.62575
8.62647
8.63367
8.63615
8.63148
8.64039
8.65412
8.66972
8.68631
8.69698
8.68469
8.65718
8.67763
8.66945
8.67732
8.67753
8.67281
8.66391
8.65631
8.64503
8.6258
8.63458
8.61284
8.61865
8.63049
8.6197
8.61849
8.62233
8.61436
8.60956
8.61513
8.58663
8.5664
8.57921
8.58258
8.58063
8.54013
8.57486
8.59568
8.59099
8.57033
8.56834
8.56065
8.53897
8.56334
8.57897
8.585
8.5951
8.58296
8.59617
8.58749
8.57032
8.57431
8.569
8.56279
8.56365
8.54655
8.52512
8.52719
8.51768
8.5337
8.53004
8.54882
8.5229
8.5152
8.53872
8.52416
8.52934
8.55414
8.58608
8.58215
8.56674
8.55299
8.53836
8.5102
8.51519
8.48368
8.48958
8.49936
8.48251
8.48417
8.45265
8.45264
8.44667
8.4391
8.44427
8.44453
8.43743
8.45012
8.47028
8.48153
8.50107
8.47768
8.49723
8.50376
8.4765
8.4762
8.49856
8.49464
8.49848
8.50077
8.50149
8.49581
8.49346
8.47206
8.46583
8.47381
8.46096
8.46099
8.45713
8.47951
8.48721
8.47237
8.43881
8.44349
8.44458
8.45005
8.44249
8.44956
8.43289
8.42503
8.42202
8.44297
8.45063
8.45288
8.44223
8.43607
8.44416
8.43891
8.44516
8.44785
8.462
8.4649
8.46447
8.45852
8.48348
8.48386
8.50102
8.498
8.50447
8.52243
8.51839
8.51725
8.51019
8.49798
8.50093
8.50481
8.5045
8.51782
8.50883
8.51466
8.50944
8.50362
8.51188
8.51076
8.51752
8.49863
8.51883
8.50321
8.49148
8.47345
8.4966
8.49559
8.49205
8.49172
8.4979
8.49426
8.49226
8.51277
8.51659
8.51918
8.51749
8.51843
8.54421
8.54537
8.55912
8.56411
8.57386
8.60253
8.59965
8.59112
8.57913
8.60327
8.57001
8.59942
8.61322
8.61857
8.63855
8.62905
8.62494
8.63442
8.63665
8.64865
8.63997
8.63341
8.64734
8.6596
8.6545
8.67976
8.66056
8.6293
8.61307
8.59656
8.56137
8.54798
8.55284
8.56292
8.55092
8.57922
8.57016
8.58652
8.58994
8.60956
8.60212
8.56407
8.56506
8.58063
8.55141
8.54704
8.54642
8.53084
8.53962
8.5207
8.49657
8.51341
8.47191
8.47854
8.48642
8.47568
8.4715
8.47087
8.48956
8.47948
8.47325
8.48668
8.48179
8.47552
8.47686
8.48347
8.47686
8.48792
8.52154
8.53651
8.53375
8.53495
8.54943
8.54488
8.54998
8.57446
8.57118
8.55732
8.53938
8.55739
8.53401
8.52353
8.52883
8.53759
8.55792
8.57784
8.58445
8.60485
8.62072
8.65509
8.63484
8.63878
8.6584
8.64789
8.65275
8.64506
8.64462
8.61375
8.61098
8.61102
8.63638
8.63107
8.64108
8.63793
8.64562
8.66241
8.65799
8.66557
8.65841
8.65762
8.6495
8.66286
8.68474
8.65583
8.65894
8.6441
8.65522
8.64558
8.64981
8.64485
8.65983
8.67978
8.68682
8.70438
8.70966
8.73251
8.72285
8.75073
8.76177
8.7547
8.73308
8.74595
8.73806
8.74351
8.76631
8.79379
8.80792
8.8109
8.81807
8.76665
8.7827
8.79404
8.79822
8.78988
8.80712
8.80389
8.78724
8.79251
8.81558
8.8205
8.80895
8.81216
8.80826
8.80724
8.78943
8.7894
8.79867
8.82294
8.79814
8.80966
8.80989
8.79478
8.81009
8.79208
8.79859
8.80139
8.81829
8.81096
8.81762
8.8285
8.82511
8.81346
8.83427
8.84569
8.82712
8.82372
8.81619
8.80323
8.78994
8.79432
8.78896
8.77955
8.74472
8.7384
8.76758
8.75232
8.72068
8.68751
8.67955
8.66213
8.67143
8.63965
8.65112
8.6624
8.64699
8.63404
8.66368
8.64164
8.60566
8.58314
8.58123
8.60493
8.61298
8.62065
8.60129
8.5596
8.5537
8.5612
8.58075
8.55951
8.54619
8.54859
8.5662
8.57553
8.57469
8.60412
8.63342
8.63347
8.64777
8.6478
8.67028
8.68324
8.67587
8.68332
8.71006
8.72869
8.74713
8.75501
8.75994
8.75688
8.75127
8.73174
8.72611
8.6932
8.70364
8.71454
8.71632
8.71288
8.7104
8.68456
8.70999
8.7037
8.69386
8.68519
8.68833
8.70155
8.70883
8.7088
8.73053
8.7381
8.72992
8.74003
8.77085
8.77166
8.74311
8.70693
8.68966
8.67504
8.67001
8.68789
8.70577
8.73112
8.75492
8.7537
8.76253
8.76115
8.76099
8.74314
8.7218
8.73884
8.69924
8.70377
8.73634
8.71849
8.71334
8.71611
8.70759
8.72644
8.74012
8.72736
8.71044
8.70009
8.67709
8.66132
8.66582
8.68442
8.68495
8.69196
8.70482
8.72
8.70937
8.70332
8.70263
8.71092
8.70996
8.72156
8.7303
8.72902
8.71755
8.73173
8.72639
8.73559
8.73783
8.72127
8.74901
8.77019
8.78067
8.80159
8.81036
8.79578
8.79233
8.79791
8.81518
8.80761
8.8204
8.80956
8.80142
8.7988
8.80501
8.8085
8.78315
8.78243
8.77993
8.77765
8.78901
8.79005
8.78528
8.8106
8.83405
8.85147
8.83119
8.81913
8.80996
8.81485
8.82733
8.7904
8.76863
8.7607
8.77104
8.79564
8.79818
8.80155
8.80711
8.80059
8.80577
8.80505
8.80991
8.81682
8.8457
8.87041
8.83978
8.8263
8.801
8.76722
8.76961
8.79343
8.79029
8.76108
8.72838
8.73317
8.73779
8.73581
8.71962
8.72928
8.71773
8.71822
8.71977
8.7385
8.75378
8.73389
8.71144
8.71111
8.70422
8.68957
8.69956
8.69286
8.70519
8.68465
8.66237
8.64939
8.66462
8.67024
8.67672
8.67416
8.68565
8.68467
8.681
8.67789
8.68035
8.67038
8.67801
8.6798
8.69344
8.69526
8.69642
8.69348
8.66184
8.66892
8.67469
8.6616
8.68858
8.69368
8.66466
8.67725
8.67009
8.68309
8.64948
8.64735
8.65889
8.64337
8.59945
8.60436
8.60795
8.61957
8.61852
8.63686
8.61472
8.62139
8.6275
8.61318
8.62867
8.62589
8.63227
8.61496
8.61784
8.63322
8.65221
8.66867
8.66581
8.65028
8.63552
8.62589
8.59463
8.60388
8.61146
8.61782
8.60344
8.6046
8.58936
8.57674
8.57503
8.57498
8.55844
8.55926
8.56724
8.56871
8.56876
8.57681
8.58255
8.57081
8.56719
8.57498
8.59976
8.59112
8.58606
8.55357
8.55269
8.52716
8.51242
8.51436
8.53954
8.54371
8.5306
8.5331
8.54736
8.56628
8.56387
8.56925
8.59886
8.60709
8.5966
8.61312
8.62386
8.63096
8.61545
8.61832
8.63498
8.63819
8.64951
8.65098
8.67291
8.66624
8.6668
8.65829
8.66099
8.65398
8.66364
8.63368
8.63592
8.63566
8.65474
8.67038
8.67387
8.67427
8.64762
8.66816
8.65531
8.62695
8.63777
8.58546
8.59991
8.61189
8.60469
8.6069
8.62675
8.63521
8.60786
8.59765
8.60201
8.56961
8.57698
8.58862
8.5791
8.58951
8.60822
8.59539
8.60766
8.5885
8.61575
8.60272
8.60282
8.59161
8.58185
8.57149
8.56886
8.59357
8.58522
8.56685
8.57307
8.55584
8.5203
8.52695
8.53299
8.53728
8.53933
8.51594
8.51129
8.51453
8.50468
8.52321
8.52405
8.54142
8.55126
8.54215
8.54906
8.56829
8.57276
8.58485
8.6089
8.62286
8.60832
8.61983
8.64496
8.63549
8.64127
8.6453
8.6307
8.64247
8.64282
8.63327
8.65517
8.65392
8.64851
8.62961
8.66448
8.67918
8.68426
8.69378
8.72038
8.72469
8.72655
8.73873
8.76445
8.75291
8.76208
8.77086
8.79493
8.7946
8.79658
8.81594
8.8141
8.81653
8.77922
8.78355
8.80528
8.78033
8.7731
8.75876
8.76442
8.7574
8.75713
8.75955
8.76425
8.7563
8.75523
8.76632
8.75872
8.76034
8.76804
8.769
8.79211
8.78654
8.7902
8.78762
8.79817
8.80845
8.80055
8.80858
8.80465
8.83701
8.83213
8.85652
8.8496
8.82476
8.81923
8.83133
8.83181
8.78842
8.79356
8.81078
8.79162
8.75834
8.76354
8.76952
8.78089
8.79691
8.7923
8.77613
8.77915
8.77212
8.76977
8.77936
8.79096
8.79301
8.76853
8.75447
8.77798
8.77069
8.76534
8.76873
8.7982
8.81429
8.79934
8.8175
8.82677
8.84611
8.85342
8.85193
8.85992
8.85281
8.84577
8.85254
8.8726
8.88
8.85201
8.84901
8.84114
8.85765
8.86375
8.86788
8.88801
8.87727
8.8933
8.88076
8.89119
8.88933
8.88557
8.89927
8.90562
8.91154
8.9112
8.92432
8.95306
8.97581
8.97077
8.97211
9.00096
8.99969
9.00251
8.98512
9.01218
9.00883
9.01682
9.03122
9.03267
9.04566
9.03206
9.03287
9.03672
9.0253
9.05786
9.07185
9.07019
9.07292
9.07579
9.08012
9.10781
9.11296
9.10824
9.11953
9.14606
9.1487
9.1058
9.12651
9.09483
9.10187
9.1067
9.12567
9.08571
9.06851
9.06138
9.06962
9.05123
9.05791
9.02984
9.02485
9.00022
9.00022
8.98056
8.99913
8.98346
8.99157
9.00671
9.00174
9.00977
9.00289
8.96492
8.9554
8.9692
8.99304
9.00732
8.98187
8.99713
8.99126
8.95543
8.96405
8.98479
8.98298
8.97666
8.99506
9.01245
8.99405
8.98634
8.98514
8.98081
8.98145
8.99079
8.99301
8.98457
8.98083
8.96001
8.96849
8.9845
8.9897
8.9807
8.99499
8.9787
8.96898
8.97976
8.99035
8.98764
8.98072
8.99346
8.94648
8.95285
8.94468
8.96375
8.96122
8.97801
8.97241
8.95728
8.96376
8.93302
8.94125
8.91343
8.91849
8.92616
8.92435
8.94508
8.90819
8.8888
8.90114
8.9094
8.91756
8.91944
8.92352
8.91253
8.92665
8.91749
8.91494
8.90558
8.89463
8.89963
8.88056
8.86483
8.8666
8.84361
8.85372
8.84733
8.84354
8.82185
8.80743
8.81189
8.80436
8.82818
8.8172
8.80354
8.81034
8.81479
8.84262
8.86162
8.86211
8.85227
8.83105
8.79597
8.81579
8.82724
8.8296
8.81864
8.83721
8.8734
8.83997
8.85397
8.82815
8.81627
8.81491
8.80487
8.80267
8.80134
8.7977
8.77628
8.76168
8.76353
8.78941
8.76902
8.7882
8.79123
8.79055
8.7711
8.73671
8.73052
8.72513
8.71009
8.68455
8.67399
8.65271
8.63804
8.65246
8.64879
8.64904
8.63733
8.64277
8.6292
8.618
8.61856
8.63053
8.65923
8.67318
8.67694
8.65316
8.63254
8.61791
8.60986
8.61178
8.62627
8.63258
8.63963
8.65498
8.6902
8.69599
8.69894
8.69715
8.70578
8.67857
8.69426
8.69135
8.67838
8.6461
8.66511
8.67124
8.67717
8.66788
8.63902
8.62797
8.63037
8.62412
8.60521
8.6031
8.63088
8.61882
8.63063
8.6443
8.65208
8.6134
8.62931
8.63556
8.6316
8.6184
8.6419
8.64108
8.65404
8.66187
8.66265
8.60964
8.59166
8.59
8.60304
8.60895
8.60069
8.60965
8.58847
8.60945
8.63806
8.66145
8.63628
8.64138
8.64477
8.66187
8.63974
8.6635
8.65742
8.66686
8.66848
8.68817
8.70506
8.69901
8.70403
8.69566
8.70124
8.69275
8.69915
8.71878
8.73394
8.73
8.74954
8.75542
8.76731
8.764
8.74573
8.72156
8.73447
8.75521
8.77887
8.75641
8.77344
8.7298
8.7402
8.72264
8.69903
8.7176
8.70203
8.70339
8.68413
8.66798
8.64879
8.61057
8.63222
8.62545
8.61785
8.616
8.65022
8.65618
8.64647
8.65787
8.66628
8.6784
8.68178
8.68378
8.70834
8.69849
8.70623
8.71958
8.72925
8.73898
8.72735
8.72459
8.73026
8.71468
8.72475
8.70045
8.71357
8.7061
8.70949
8.7077
8.71617
8.73305
8.73045
8.71617
8.72291
8.75218
8.75522
8.78095
8.79484
8.78582
8.78564
8.7762
8.79378
8.78893
8.77
8.78409
8.78655
8.77824
8.74413
8.74905
8.74271
8.70824
8.68398
8.68898
8.67619
8.68094
8.65898
8.6534
8.65948
8.65662
8.64155
8.6431
8.63868
8.65112
8.66194
8.68464
8.67902
8.68801
8.69453
8.70244
8.70186
8.71484
8.69302
8.68645
8.70182
8.71604
8.70331
8.69687
8.6875
8.66291
8.64416
8.65199
8.65366
8.64938
8.6573
8.66743
8.66654
8.69495
8.65466
8.67329
8.67522
8.68227
8.68378
8.6468
8.60621
8.59322
8.59781
8.5882
8.60517
8.62969
8.63594
8.61854
8.5996
8.62109
8.60224
8.6035
8.64446
8.63613
8.64154
8.61494
8.6222
8.63957
8.61358
8.62596
8.62956
8.64662
8.64061
8.61926
8.62385
8.62227
8.59186
8.59896
8.61527
8.60128
8.58954
8.59137
8.60353
8.59662
8.57556
8.57507
8.5826
8.56414
8.59276
8.58181
8.59293
8.58492
8.59272
8.59335
8.61368
8.59082
8.59113
8.60183
8.61791
8.62578
8.63346
8.64772
8.62864
8.6374
8.6391
8.62096
8.63475
8.65725
8.6711
8.66771
8.68159
8.70564
8.67262
8.68727
8.67457
8.67366
8.67435
8.62802
8.62966
8.61357
8.60095
8.58636
8.62223
8.63279
8.62262
8.62786
8.65582
8.65439
8.64075
8.64104
8.64861
8.65699
8.65448
8.66631
8.66398
8.67304
8.65633
8.66004
8.66427
8.67704
8.65499
8.64161
8.6325
8.62292
8.62056
8.64389
8.65353
8.66064
8.63138
8.62049
8.63488
8.6228
8.63019
8.65287
8.65787
8.66666
8.62548
8.62447
8.6407
8.62498
8.61491
8.60668
8.60522
8.62444
8.63299
8.59486
8.59783
8.56965
8.56066
8.54697
8.53192
8.51274
8.51949
8.51294
8.53247
8.51343
8.50743
8.50114
8.48216
8.5047
8.53428
8.5165
8.53156
8.53061
8.53594
8.57204
8.58751
8.61513
8.6202
8.63191
8.63587
8.62935
8.64372
8.64118
8.64179
8.61604
8.5885
8.59588
8.59117
8.59521
8.59619
8.59833
8.61796
8.63515
8.64946
8.65941
8.66417
8.67595
8.6902
8.70857
8.70925
8.69043
8.69962
8.68825
8.70777
8.72533
8.69888
8.70991
8.7176
8.71061
8.71695
8.73893
8.75738
8.77456
8.75652
8.76221
8.76442
8.75277
8.76588
8.73291
8.74467
8.72244
8.68844
8.6992
8.6864
8.64932
8.63771
8.64551
8.654
8.65555
8.65786
8.66293
8.67972
8.69367
8.68392
8.69226
8.69701
8.70945
8.71353
8.70186
8.69437
8.70011
8.69595
8.65928
8.66028
8.67791
8.61167
8.60843
8.62588
8.63307
8.61084
8.61253
8.63083
8.64398
8.63023
8.62396
8.6467
8.64808
8.62767
8.62985
8.64011
8.60875
8.61724
8.61427
8.61671
8.61129
8.61467
8.61083
8.62753
8.6547
8.65026
8.63933
8.63388
8.63227
8.58179
8.57141
8.61173
8.63003
8.64271
8.66057
8.64697
8.6657
8.6565
8.65336
8.65401
8.65893
8.67276
8.70789
8.70323
8.69842
8.66536
8.68409
8.65455
8.65929
8.65155
8.64229
8.64481
8.64091
8.63064
8.6402
8.65916
8.66472
8.65143
8.64362
8.65851
8.63089
8.61833
8.61005
8.60835
8.61456
8.61969
8.62051
8.62646
8.61079
8.5961
8.54946
8.55445
8.52229
8.51487
8.48589
8.49119
8.50324
8.50159
8.51491
8.49791
8.48346
8.47124
8.48164
8.46136
8.46027
8.44617
8.46289
8.46924
8.45455
8.43552
8.40874
8.42204
8.39203
8.37747
8.4024
8.41367
8.40129
8.40255
8.41097
8.40172
8.38488
8.37474
8.39
8.39713
8.40844
8.39891
8.39646
8.42499
8.42428
8.44451
8.4286
8.44901
8.43336
8.41544
8.41966
8.43543
8.44613
8.4498
8.45924
8.45935
8.48875
8.46008
8.4745
8.44955
8.46101
8.45883
8.45879
8.48101
8.48533
8.47608
8.47018
8.45418
8.46642
8.46336
8.4738
8.49141
8.51126
8.53495
8.52956
8.49813
8.51089
8.46015
8.4436
8.45671
8.43847
8.44932
8.44258
8.45647
8.43127
8.41563
8.41477
8.41217
8.43305
8.43372
8.45284
8.45441
8.43694
8.44906
8.44139
8.44049
8.45564
8.45682
8.48001
8.49622
8.50241
8.49626
8.4907
8.4944
8.49945
8.51645
8.53604
8.5613
8.56206
8.53335
8.54574
8.53522
8.55722
8.55753
8.54103
8.5327
8.55476
8.55873
8.55143
8.55201
8.56129
8.57244
8.59602
8.59099
8.60485
8.56874
8.58072
8.53994
8.55647
8.56755
8.59668
8.5796
8.58343
8.57321
8.60061
8.61503
8.60325
8.62248
8.62576
8.60202
8.58537
8.59605
8.58522
8.61915
8.62433
8.62216
8.61097
8.62745
8.63126
8.63286
8.6308
8.62009
8.61017
8.62288
8.62802
8.6454
8.65908
8.67154
8.69391
8.66669
8.67063
8.67526
8.69259
8.71108
8.72621
8.69326
8.70376
8.72476
8.71712
8.71143
8.71041
8.69892
8.70515
8.70195
8.68927
8.6999
8.70411
8.7207
8.74376
8.75368
8.77656
8.78093
8.79301
8.76549
8.75727
8.73894
8.72235
8.72723
8.70999
8.65389
8.61009
8.60656
8.60748
8.6167
8.60289
8.58665
8.60416
8.57758
8.51567
8.53777
8.53927
8.5238
8.52722
8.51691
8.53577
8.52985
8.51136
8.50446
8.52144
8.51467
8.50114
8.49351
8.46681
8.4725
8.49167
8.50513
8.49092
8.48799
8.49848
8.51565
8.50033
8.48995
8.46336
8.44994
8.44049
8.44137
8.44349
8.43206
8.43389
8.40788
8.419
8.42756
8.44739
8.44225
8.45483
8.46464
8.46094
8.45488
8.45868
8.46695
8.48197
8.47847
8.47875
8.50595
8.48104
8.46936
8.47035
8.49286
8.49037
8.48765
8.50855
8.53235
8.53464
8.52037
8.54068
8.53941
8.53383
8.53857
8.55231
8.57915
8.55729
8.5478
8.55334
8.54956
8.55786
8.52337
8.53568
8.55831
8.57537
8.55025
8.55455
8.5614
8.57484
8.54635
8.55326
8.52423
8.54256
8.53395
8.52346
8.52272
8.51018
8.49894
8.52141
8.53146
8.54762
8.5581
8.57575
8.59943
8.61088
8.58086
8.55762
8.5572
8.56491
8.5826
8.5825
8.58439
8.55987
8.57702
8.58204
8.60341
8.6234
8.61397
8.61329
8.63055
8.62341
8.64452
8.66432
8.68693
8.69289
8.69623
8.7014
8.71383
8.72324
8.73549
8.71123
8.69579
8.69439
8.70921
8.70647
8.69903
8.71599
8.72653
8.73828
8.7594
8.76072
8.73792
8.73899
8.74565
8.76204
8.75866
8.78709
8.80552
8.81222
8.79358
8.80333
8.82906
8.83018
8.82127
8.8408
8.8295
8.82026
8.80455
8.79494
8.7977
8.79304
8.79603
8.81574
8.82482
8.7965
8.79988
8.79926
8.79309
8.80211
8.80271
8.80953
8.81738
8.79348
8.79644
8.79721
8.83539
8.832
8.84534
8.83618
8.83992
8.84738
8.84224
8.83685
8.8096
8.81475
8.79932
8.81044
8.79772
8.77115
8.7853
8.76217
8.79274
8.80967
8.81705
8.8223
8.84074
8.84844
8.84864
8.86394
8.83497
8.81701
8.80534
8.80623
8.80004
8.81487
8.83368
8.83614
8.8379
8.82773
8.82749
8.8091
8.82184
8.82673
8.82212
8.83585
8.85322
8.86113
8.87988
8.86226
8.86091
8.87648
8.84973
8.81799
8.8162
8.79173
8.78579
8.76638
8.77383
8.79309
8.81854
8.8326
8.85658
8.8563
8.84752
8.8198
8.85064
8.7977
8.77869
8.77199
8.74939
8.74789
8.75539
8.76474
8.77874
8.78462
8.77291
8.78176
8.76452
8.74143
8.7393
8.7149
8.73755
8.74596
8.73562
8.70202
8.6512
8.65965
8.64874
8.66731
8.68136
8.68645
8.68007
8.68936
8.71891
8.71479
8.71955
8.72708
8.74998
8.75079
8.76186
8.78859
8.8056
8.79019
8.78272
8.7827
8.75332
8.78348
8.78359
8.79025
8.77109
8.75741
8.73807
8.73853
8.74766
8.76673
8.7493
8.77849
8.77925
8.77337
8.74996
8.75365
8.76339
8.78801
8.74241
8.76392
8.75886
8.76387
8.77268
8.75062
8.74531
8.71259
8.68578
8.69939
8.69871
8.6983
8.69059
8.71065
8.7291
8.73874
8.73581
8.71533
8.72887
8.73875
8.7313
8.73331
8.75148
8.73209
8.7261
8.68552
8.68676
8.70071
8.73108
8.73479
8.7531
8.77483
8.76849
8.77205
8.78076
8.78949
8.77424
8.78298
8.76504
8.76235
8.75335
8.75131
8.74212
8.73676
8.73952
8.7403
8.74691
8.75852
8.74913
8.73014
8.70885
8.72344
8.71508
8.72759
8.723
8.73971
8.73499
8.74685
8.75615
8.76166
8.74577
8.73586
8.75112
8.75095
8.75796
8.77802
8.77308
8.77239
8.73638
8.74407
8.74758
8.76684
8.7509
8.75247
8.76205
8.76514
8.77193
8.77064
8.78804
8.80688
8.81601
8.8229
8.83644
8.83031
8.82359
8.81497
8.82068
8.84238
8.83566
8.7976
8.83004
8.84404
8.8116
8.80739
8.80965
8.82454
8.80152
8.7976
8.81247
8.82862
8.83031
8.82206
8.84074
8.85434
8.84861
8.8519
8.867
8.8648
8.8685
8.84736
8.83188
8.84008
8.8449
8.85454
8.88314
8.88818
8.87678
8.84819
8.82875
8.83161
8.8284
8.83399
8.83146
8.84217
8.84539
8.83455
8.83105
8.84914
8.86359
8.85902
8.87075
8.89597
8.86625
8.8814
8.85877
8.87422
8.87739
8.87713
8.87075
8.8557
8.838
8.83505
8.85971
8.8883
8.91079
8.92207
8.92158
8.91511
8.90074
8.91254
8.93287
8.93997
8.89504
8.89632
8.91599
8.93341
8.92616
8.93408
8.93098
8.9155
8.90104
8.90585
8.91012
8.89802
8.88598
8.869
8.88295
8.9067
8.93563
8.96105
8.96783
8.96944
8.9753
8.9846
8.98132
8.98885
8.96666
8.9549
8.9571
8.97787
8.99479
8.97659
8.98734
9.00684
9.0122
8.99652
8.99012
8.97934
8.97073
8.95705
8.92383
8.88024
8.88022
8.89437
8.86525
8.85238
8.83897
8.82701
8.84436
8.85975
8.82733
8.85601
8.86588
8.84725
8.84548
8.82231
8.80029
8.81219
8.83461
8.82593
8.81938
8.81671
8.80745
8.79916
8.81876
8.80672
8.83593
8.84954
8.84394
8.8636
8.86442
8.88391
8.87515
8.87785
8.88292
8.88919
8.90093
8.8904
8.90019
8.88954
8.90574
8.92284
8.92175
8.92415
8.92282
8.91327
8.91368
8.88226
8.88021
8.91185
8.91508
8.93408
8.92016
8.90444
8.92123
8.9233
8.90788
8.90818
8.93469
8.93168
8.94677
8.9319
8.92501
8.92354
8.93191
8.93579
8.91239
8.9026
8.90247
8.91283
8.89559
8.88049
8.88486
8.89532
8.85655
8.83667
8.82128
8.82445
8.84533
8.82074
8.81555
8.78754
8.79304
8.788
8.8143
8.81293
8.8401
8.85074
8.84524
8.82319
8.82649
8.83153
8.86158
8.85255
8.83898
8.84679
8.86757
8.8617
8.83933
8.8397
8.84588
8.81079
8.78532
8.76365
8.77218
8.7646
8.767
8.77652
8.77016
8.77934
8.767
8.73995
8.74276
8.75088
8.74816
8.74201
8.71235
8.70643
8.70372
8.71889
8.73103
8.7396
8.72683
8.74664
8.74696
8.74451
8.75095
8.77577
8.80143
8.81917
8.82467
8.81087
8.82174
8.79862
8.7631
8.74923
8.74757
8.74844
8.75788
8.77048
8.77128
8.7728
8.77383
8.77644
8.77752
8.79626
8.79396
8.78157
8.77448
8.78025
8.77428
8.76723
8.76758
8.76877
8.76078
8.78105
8.78138
8.78564
8.77433
8.7564
8.76162
8.75582
8.72775
8.72033
8.73152
8.71953
8.73055
8.73063
8.72104
8.70256
8.65976
8.68921
8.71508
8.72443
8.73865
8.74599
8.75956
8.7573
8.76986
8.76106
8.7641
8.77952
8.77726
8.79762
8.80386
8.80773
8.79306
8.80166
8.8035
8.78441
8.79092
8.80171
8.80316
8.76423
8.76669
8.77512
8.77389
8.78467
8.79187
8.80241
8.82656
8.84619
8.84257
8.84178
8.81881
8.83064
8.82446
8.8214
8.80728
8.81007
8.79924
8.76342
8.77082
8.77065
8.76665
8.74994
8.72953
8.72858
8.73517
8.71524
8.74007
8.74357
8.7259
8.74062
8.72799
8.73346
8.73462
8.73651
8.73522
8.72625
8.7117
8.70348
8.72103
8.71564
8.69899
8.70202
8.69889
8.6935
8.70189
8.70941
8.73934
8.75251
8.71443
8.68005
8.69182
8.6971
8.70165
8.70061
8.71555
8.7004
8.67906
8.67296
8.6701
8.67876
8.66993
8.67903
8.66839
8.67195
8.67979
8.66187
8.66069
8.67353
8.6876
8.69574
8.66904
8.67321
8.68712
8.69974
8.72169
8.7296
8.70847
8.69676
8.69954
8.69457
8.70719
8.69868
8.70832
8.71387
8.69609
8.67636
8.66824
8.66302
8.66872
8.66065
8.64369
8.6314
8.62817
8.63627
8.64333
8.64195
8.63396
8.6277
8.62739
8.64717
8.62318
8.59862
8.59937
8.62239
8.63017
8.63829
8.64131
8.63121
8.64805
8.65323
8.65176
8.66202
8.66948
8.68754
8.67226
8.67983
8.67315
8.67239
8.66348
8.65907
8.64832
8.66603
8.65881
8.66641
8.6528
8.64694
8.65765
8.64706
8.65719
8.6507
8.67722
8.67305
8.65857
8.65802
8.65603
8.65129
8.63184
8.63312
8.6435
8.64783
8.64951
8.64743
8.66165
8.65758
8.6469
8.63849
8.65245
8.66456
8.63204
8.62801
8.63632
8.63974
8.65137
8.6386
8.65126
8.64078
8.63406
8.63131
8.64604
8.66756
8.64464
8.63538
8.6222
8.61128
8.58165
8.57689
8.57399
8.57519
8.5547
8.55702
8.57211
8.58512
8.57695
8.58687
8.6025
8.60156
8.60447
8.55619
8.56546
8.59013
8.59602
8.58932
8.56555
8.53059
8.53357
8.53486
8.53786
8.52068
8.50868
8.4984
8.5025
8.51541
8.52754
8.50893
8.52971
8.54198
8.51137
8.49571
8.49917
8.50655
8.49684
8.5136
8.53019
8.52723
8.53864
8.55192
8.56513
8.56799
8.55634
8.56926
8.57575
8.58951
8.59767
8.61458
8.60396
8.63691
8.633
8.63807
8.66915
8.6761
8.65964
8.62222
8.62717
8.60873
8.61119
8.62101
8.64213
8.62457
8.60861
8.61834
8.62681
8.63599
8.62158
8.60942
8.63204
8.59538
8.61014
8.6204
8.62893
8.65478
8.6589
8.63079
8.62441
8.62289
8.63803
8.65201
8.64067
8.62842
8.61695
8.6362
8.64348
8.63597
8.63578
8.62179
8.60695
8.61934
8.6298
8.65441
8.64268
8.63345
8.63911
8.65239
8.67265
8.68138
8.67178
8.67648
8.6773
8.69198
8.69492
8.71941
8.75898
8.77552
8.76658
8.74209
8.74766
8.76099
8.76008
8.75103
8.74967
8.72947
8.73261
8.72176
8.74349
8.73166
8.71299
8.7055
8.73751
8.74973
8.75636
8.75836
8.78312
8.78324
8.76993
8.77603
8.78957
8.79963
8.79323
8.80071
8.83582
8.81844
8.82423
8.80283
8.79361
8.79823
8.82117
8.79238
8.78908
8.80091
8.78933
8.78693
8.7942
8.80773
8.80654
8.80572
8.81691
8.83347
8.83364
8.81201
8.81271
8.80385
8.81178
8.80953
8.78842
8.80487
8.78143
8.76922
8.77232
8.78128
8.78861
8.78094
8.77905
8.81281
8.81608
8.79859
8.80067
8.81421
8.79689
8.79559
8.81024
8.81945
8.80032
8.81829
8.79513
8.7635
8.7376
8.73508
8.74834
8.76042
8.75929
8.74493
8.74404
8.73803
8.73994
8.75408
8.7661
8.78849
8.78363
8.78951
8.79713
8.77521
8.79162
8.79145
8.80335
8.81523
8.79885
8.78196
8.78503
8.79297
8.79686
8.74687
8.74751
8.74402
8.72042
8.72653
8.73571
8.74772
8.75044
8.71925
8.70787
8.68874
8.69431
8.69846
8.7133
8.73519
8.73404
8.72263
8.69729
8.71144
8.68484
8.6838
8.68937
8.69965
8.70247
8.70205
8.69563
8.69762
8.6847
8.68241
8.67535
8.69374
8.6685
8.67803
8.67572
8.6746
8.6575
8.6727
8.68764
8.70501
8.71484
8.71069
8.71034
8.70431
8.67482
8.65042
8.6565
8.6593
8.65187
8.65828
8.67623
8.67822
8.65836
8.67309
8.66659
8.67767
8.68207
8.67907
8.6874
8.70795
8.71643
8.70299
8.72096
8.73249
8.72946
8.74306
8.74495
8.75689
8.74219
8.73925
8.7369
8.72868
8.71839
8.73645
8.73258
8.74088
8.74639
8.7449
8.76
8.77718
8.76627
8.76354
8.76998
8.77731
8.77604
8.78256
8.79724
8.78233
8.76747
8.77551
8.77479
8.78792
8.80597
8.81752
8.8347
8.81554
8.82341
8.83239
8.81834
8.83643
8.77848
8.79533
8.78535
8.78057
8.74302
8.7655
8.73355
8.73237
8.70386
8.66374
8.64784
8.65799
8.65603
8.64967
8.67414
8.69107
8.67223
8.66306
8.67879
8.68568
8.69087
8.68591
8.70754
8.72255
8.73857
8.75506
8.76025
8.78692
8.81096
8.83161
8.83818
8.83122
8.84981
8.86086
8.85586
8.86059
8.84809
8.87266
8.88538
8.89793
8.89356
8.88121
8.91014
8.92623
8.93075
8.94816
8.9236
8.94467
8.9248
8.9127
8.91295
8.90295
8.90221
8.91083
8.90819
8.92196
8.89844
8.90702
8.882
8.8761
8.87166
8.8713
8.86102
8.86909
8.87997
8.86966
8.86875
8.87895
8.90168
8.8911
8.88414
8.88472
8.87256
8.86198
8.86964
8.84909
8.85628
8.84586
8.82954
8.83885
8.83026
8.82111
8.80143
8.76791
8.76114
8.77388
8.7843
8.80194
8.78408
8.75645
8.73803
8.755
8.7513
8.74328
8.76639
8.75444
8.72753
8.74719
8.76852
8.77312
8.7305
8.74172
8.75508
8.75274
8.73974
8.74348
8.75477
8.76144
8.76252
8.76226
8.77369
8.77586
8.75079
8.75122
8.76993
8.77085
8.76515
8.75385
8.73294
8.72884
8.72401
8.73259
8.74957
8.7213
8.72907
8.73543
8.75803
8.77409
8.77507
8.74842
8.74684
8.73219
8.74951
8.74505
8.74374
8.72537
8.72073
8.73989
8.73857
8.7465
8.73307
8.74901
8.74562
8.75399
8.78225
8.7533
8.7672
8.78512
8.74942
8.74727
8.7597
8.74048
8.75277
8.75861
8.76942
8.73707
8.71507
8.70345
8.72124
8.72892
8.75791
8.75916
8.77678
8.78407
8.78956
8.80675
8.83127
8.85356
8.84767
8.82416
8.859
8.82823
8.82828
8.82765
8.79515
8.79002
8.78248
8.78043
8.78373
8.76907
8.77769
8.80476
8.81404
8.80299
8.81483
8.82249
8.82546
8.83363
8.86378
8.88277
8.90879
8.92125
8.93333
8.91372
8.92526
8.91137
8.8682
8.87795
8.88807
8.88378
8.88213
8.88449
8.89529
8.88867
8.90454
8.91874
8.94861
8.93604
8.94142
8.94803
8.95651
8.93413
8.93798
8.94343
8.94701
8.94005
8.94506
8.95734
8.96262
8.97042
8.95607
8.94966
8.9601
8.95271
8.94176
8.92993
8.917
8.92129
8.91563
8.92159
8.91516
8.9041
8.90117
8.9
8.9317
8.93051
8.94731
8.93015
8.95975
8.94224
8.89308
8.90336
8.89941
8.87782
8.87797
8.87642
8.8871
8.89594
8.87356
8.87296
8.87469
8.8649
8.8629
8.85034
8.83847
8.83149
8.8286
8.83822
8.84302
8.81812
8.80346
8.81741
8.82155
8.83777
8.84152
8.83317
8.82976
8.82661
8.81849
8.80376
8.82134
8.83797
8.84122
8.86138
8.8724
8.87465
8.87933
8.8622
8.83797
8.84198
8.82434
8.84212
8.83255
8.85539
8.82183
8.82225
8.83337
8.82941
8.84591
8.86616
8.85596
8.84817
8.81332
8.79022
8.78452
8.76352
8.75684
8.78894
8.78387
8.80273
8.81045
8.82922
8.83348
8.8393
8.81457
8.81818
8.81771
8.82211
8.81074
8.79932
8.82509
8.8307
8.81211
8.81539
8.79789
8.79148
8.78175
8.76767
8.77434
8.77139
8.77614
8.79819
8.77288
8.74306
8.74593
8.76241
8.79444
8.7918
8.75229
8.76075
8.76459
8.78243
8.75432
8.77052
8.78094
8.81199
8.81192
8.8161
8.82034
8.83246
8.83971
8.83503
8.8559
8.83703
8.82385
8.82692
8.82583
8.82021
8.81471
8.81645
8.81953
8.80154
8.79367
8.79325
8.8043
8.81508
8.79065
8.8034
8.79483
8.80439
8.79862
8.82146
8.82095
8.79634
8.79525
8.79193
8.80688
8.82457
8.81421
8.80812
8.81196
8.82334
8.81074
8.81359
8.79958
8.78578
8.79705
8.77652
8.77492
8.78262
8.78384
8.78221
8.7512
8.74879
8.75147
8.75698
8.76102
8.76359
8.76232
8.74893
8.69787
8.7041
8.69855
8.71643
8.71679
8.71055
8.70582
8.69963
8.72842
8.71769
8.70336
8.69264
8.67129
8.67385
8.64633
8.65574
8.65996
8.65199
8.66013
8.64744
8.65215
8.64376
8.65269
8.64754
8.65519
8.66129
8.67991
8.67662
8.69295
8.65102
8.66806
8.66543
8.66911
8.65642
8.64761
8.67246
8.66925
8.68323
8.68579
8.69553
8.70223
8.71065
8.70878
8.70725
8.71039
8.7223
8.71201
8.71526
8.72625
8.69462
8.6933
8.69455
8.69624
8.67628
8.66525
8.66922
8.69074
8.69774
8.67999
8.69167
8.70084
8.70959
8.72364
8.70991
8.70434
8.71398
8.71642
8.73694
8.74449
8.73346
8.72981
8.74718
8.7476
8.74717
8.74331
8.74709
8.74988
8.76875
8.76007
8.77666
8.79321
8.78429
8.77511
8.77975
8.7782
8.76807
8.7844
8.7625
8.76054
8.76976
8.77489
8.7914
8.80193
8.80379
8.77951
8.76498
8.77623
8.78712
8.77139
8.76188
8.77202
8.77982
8.78744
8.78997
8.79569
8.76045
8.77184
8.7657
8.78928
8.81924
8.83127
8.81247
8.84628
8.85852
8.85065
8.86805
8.86522
8.87014
8.85381
8.84995
8.87063
8.86189
8.85678
8.87241
8.89345
8.9221
8.91865
8.92317
8.90786
8.87912
8.90078
8.87218
8.88697
8.86977
8.86105
8.86587
8.85784
8.86532
8.88463
8.89785
8.89676
8.91204
8.91971
8.92065
8.91734
8.91871
8.90993
8.88749
8.8891
8.90062
8.91741
8.90555
8.89887
8.92016
8.91273
8.90846
8.91623
8.92731
8.92302
8.89156
8.90417
8.92622
8.93534
8.92299
8.9279
8.94564
8.90637
8.90661
8.9114
8.91283
8.92265
8.92931
8.96311
8.96137
8.96225
8.95906
8.95061
8.95652
8.96908
8.97011
8.99347
8.99526
8.99274
8.99165
9.00057
9.01337
9.02517
9.0032
9.02993
8.98125
8.97723
8.97237
8.96354
8.96677
8.97224
8.96153
8.97567
8.98063
8.99275
8.967
8.96768
8.97049
8.97046
8.96257
8.9502
8.96184
8.94756
8.95015
8.9625
8.94911
8.95422
8.91999
8.93014
8.91856
8.90906
8.89831
8.91144
8.87765
8.88133
8.87098
8.88603
8.90318
8.90049
8.87829
8.86694
8.88689
8.86325
8.8661
8.84184
8.84627
8.8511
8.84152
8.86418
8.87652
8.8773
8.8848
8.91847
8.89228
8.91382
8.92837
8.94267
8.94075
8.93153
8.96035
8.97772
8.98947
9.00167
8.98747
8.978
8.98268
8.9776
8.97143
8.99759
8.99132
8.96342
8.96095
8.98486
9.00101
8.9981
8.99576
9.011
9.00395
8.99589
9.00111
9.0056
9.0191
9.01917
8.99672
8.99611
8.95743
8.94404
8.92977
8.92094
8.91222
8.93121
8.93988
8.94241
8.9554
8.96846
9.00986
9.02012
9.01975
9.02959
9.04867
9.06591
9.05875
9.05806
9.05272
9.04957
9.05462
9.05092
9.02137
9.03312
9.01559
9.0051
9.00729
9.03248
9.03188
9.03332
9.04317
9.05237
9.06817
9.07881
9.09851
9.09731
9.08841
9.06195
9.0183
9.00804
9.03864
9.01198
8.98966
8.98517
8.99916
8.98032
8.98751
8.98505
8.99891
9.00201
9.00029
8.99155
9.00621
9.00707
8.9947
9.00054
8.99336
8.99799
8.97179
8.98686
8.95852
8.95653
8.96671
8.96961
8.98767
9.00442
9.00021
9.00867
9.02035
9.01708
9.03307
8.98925
9.0042
9.00615
8.97994
8.97691
9.00147
8.99571
9.00853
9.01548
9.02594
9.03229
9.01987
9.03212
9.04206
9.05491
9.08201
9.08168
9.09404
9.10361
9.07529
9.08132
9.07987
9.06363
9.0731
9.09133
9.0784
9.05669
9.07065
9.09592
9.11647
9.12371
9.10333
9.07248
9.05324
9.03154
9.03007
9.04484
9.0478
9.04911
9.04704
9.06799
9.05103
9.07753
9.07607
9.08108
9.08976
9.09261
9.08577
9.08844
9.0803
9.08364
9.07955
9.09864
9.10994
9.0941
9.09619
9.0613
9.05482
9.06468
9.08922
9.0655
9.04981
9.0647
9.04554
9.03472
9.04625
9.06433
9.09799
9.12148
9.14841
9.16182
9.17215
9.17401
9.1658
9.18199
9.17327
9.18476
9.19713
9.21329
9.17649
9.19096
9.19017
9.17304
9.19113
9.20587
9.19953
9.18066
9.15404
9.17601
9.1776
9.17564
9.17064
9.17341
9.15791
9.15717
9.16549
9.1499
9.16521
9.15411
9.16349
9.17984
9.19048
9.17874
9.1789
9.18405
9.17502
9.14534
9.13123
9.14233
9.14727
9.16494
9.17956
9.19692
9.18974
9.20309
9.21151
9.20737
9.19718
9.2063
9.1935
9.22525
9.24453
9.25566
9.23802
9.24936
9.26131
9.27019
9.2693
9.26807
9.26452
9.26443
9.23803
9.2189
9.2112
9.22796
9.19321
9.22875
9.21416
9.20466
9.21675
9.2061
9.20879
9.18101
9.18912
9.21532
9.22609
9.21636
9.22246
9.24334
9.25018
9.24285
9.23849
9.21364
9.18947
9.18547
9.19614
9.20899
9.20271
9.20741
9.213
9.1994
9.20433
9.2054
9.21381
9.21766
9.24253
9.25568
9.22375
9.23142
9.21719
9.23056
9.22581
9.23601
9.22519
9.2338
9.24021
9.26555
9.25381
9.24092
9.25812
9.27032
9.27604
9.2593
9.21841
9.21171
9.19541
9.19412
9.16852
9.17679
9.15916
9.15245
9.14199
9.15858
9.15257
9.1418
9.13762
9.14562
9.16357
9.1803
9.1963
9.19001
9.21612
9.21032
9.19416
9.20388
9.18719
9.1259
9.14729
9.16545
9.17755
9.1763
9.15832
9.17026
9.15332
9.12106
9.08366
9.08903
9.10503
9.09178
9.07047
9.07186
9.07751
9.07077
9.08233
9.08471
9.08526
9.07866
9.07245
9.06688
9.07997
9.0828
9.09074
9.10094
9.10668
9.1201
9.10609
9.09825
9.10021
9.10335
9.0909
9.08004
9.08053
9.08242
9.07424
9.09211
9.09672
9.0808
9.10451
9.11159
9.1054
9.10011
9.10478
9.10891
9.10274
9.0986
9.09371
9.08148
9.06757
9.05371
9.06013
9.06848
9.08292
9.0626
9.03381
9.03273
9.03619
9.01368
8.99216
8.98776
8.98551
9.00865
9.01449
8.98282
8.9676
8.95877
8.96476
8.96465
8.96862
8.94402
8.93945
8.94053
8.9366
8.93235
8.90358
8.91837
8.92152
8.94198
8.94748
8.90755
8.88679
8.86526
8.86202
8.8491
8.86162
8.84686
8.85581
8.8573
8.84812
8.8668
8.86366
8.86795
8.84104
8.84796
8.87291
8.87398
8.88009
8.88928
8.89431
8.89853
8.90829
8.89873
8.89267
8.91027
8.92458
8.90077
8.91145
8.91193
8.91692
8.91024
8.89639
8.92557
8.93207
8.95133
8.95091
8.94403
8.94187
8.93759
8.92067
8.92302
8.92502
8.91074
8.91109
8.92944
8.93902
8.93311
8.93333
8.94487
8.95162
8.95591
8.898
8.88301
8.90023
8.90865
8.91802
8.93182
8.93655
8.91718
8.92338
8.91435
8.91965
8.92538
8.92205
8.9378
8.94339
8.93982
8.92238
8.95442
8.91897
8.92496
8.90467
8.90102
8.91165
8.91297
8.90521
8.89464
8.88983
8.88239
8.87779
8.87458
8.88213
8.86785
8.85543
8.87207
8.87108
8.85002
8.82159
8.81813
8.8048
8.77844
8.77652
8.801
8.82631
8.84041
8.84029
8.84352
8.84233
8.81143
8.80997
8.814
8.79907
8.77252
8.78046
8.78705
8.76089
8.73945
8.71521
8.71538
8.71009
8.71981
8.7216
8.68064
8.70257
8.71311
8.71977
8.71461
8.734
8.73283
8.71572
8.7169
8.71048
8.72445
8.73407
8.70903
8.7124
8.71335
8.71449
8.72666
8.729
8.72263
8.74795
8.77578
8.80049
8.8023
8.80628
8.78538
8.7883
8.76687
8.77119
8.77055
8.77116
8.77535
8.78672
8.79313
8.78401
8.74194
8.73012
8.73691
8.74988
8.77103
8.7813
8.79214
8.78378
8.79822
8.77774
8.7285
8.73985
8.72272
8.70899
8.7026
8.68196
8.70154
8.72281
8.70391
8.68379
8.68502
8.67696
8.68878
8.70063
8.69386
8.67957
8.68997
8.69478
8.69785
8.70122
8.68196
8.69295
8.70324
8.70712
8.74065
8.75634
8.77335
8.78011
8.79761
8.81003
8.80329
8.81463
8.84241
8.84079
8.8721
8.87206
8.90025
8.90886
8.91576
8.8968
8.90928
8.92534
8.90728
8.91798
8.94024
8.93993
8.94936
8.94727
8.89014
8.8826
8.8818
8.86562
8.86788
8.84235
8.84767
8.83446
8.84061
8.82022
8.81763
8.82712
8.82594
8.84438
8.84639
8.86639
8.82119
8.84538
8.84835
8.82965
8.81411
8.81461
8.78972
8.79009
8.79994
8.79571
8.79404
8.81548
8.82913
8.8142
8.80226
8.79672
8.80295
8.82484
8.81239
8.81275
8.81514
8.83575
8.84687
8.87365
8.88884
8.90047
8.90225
8.90161
8.89573
8.91031
8.91344
8.89097
8.9142
8.90756
8.89114
8.89529
8.90584
8.91377
8.92539
8.89938
8.90592
8.88843
8.87604
8.86956
8.85457
8.87024
8.85414
8.84909
8.83646
8.81525
8.81439
8.81613
8.83741
8.85512
8.84484
8.85365
8.87465
8.8782
8.87674
8.86968
8.87011
8.86834
8.84998
8.85682
8.87549
8.8767
8.86175
8.86222
8.87398
8.8863
8.88941
8.88451
8.86486
8.86333
8.87292
8.87199
8.89487
8.91152
8.87137
8.87759
8.87085
8.86415
8.88447
8.88544
8.89024
8.88814
8.88921
8.89084
8.88761
8.8537
8.84097
8.86807
8.8821
8.91725
8.89583
8.88669
8.87913
8.83776
8.84081
8.82762
8.8329
8.83376
8.81578
8.79843
8.78751
8.80494
8.79263
8.80616
8.79254
8.81191
8.82106
8.80864
8.83831
8.85365
8.83118
8.82635
8.84962
8.83334
8.84429
8.82706
8.84158
8.82985
8.79455
8.80531
8.81257
8.8178
8.82892
8.81966
8.82018
8.85083
8.8374
8.83833
8.84584
8.85128
8.8231
8.80535
8.79153
8.77892
8.76535
8.78115
8.79926
8.78561
8.79341
8.79993
8.8001
8.80738
8.82238
8.82898
8.83845
8.82451
8.82536
8.78731
8.77101
8.76682
8.75654
8.76113
8.79023
8.75398
8.75996
8.7689
8.79091
8.80599
8.80595
8.81052
8.78993
8.7867
8.78467
8.76511
8.74067
8.76241
8.75681
8.75797
8.76364
8.77577
8.75411
8.73442
8.74131
8.74844
8.7546
8.75712
8.78352
8.79639
8.77629
8.79151
8.78088
8.80861
8.79016
8.7935
8.8109
8.81408
8.83454
8.80762
8.82753
8.80912
8.81709
8.83908
8.84846
8.8564
8.88563
8.88543
8.87104
8.87466
8.88531
8.89925
8.90251
8.9099
8.90694
8.91332
8.91729
8.91517
8.89653
8.83723
8.83705
8.81861
8.79361
8.78572
8.79771
8.8096
8.78629
8.77921
8.78985
8.80218
8.80951
8.82059
8.8119
8.7992
8.803
8.81065
8.82177
8.80414
8.79738
8.80646
8.81995
8.82074
8.84647
8.84375
8.85272
8.86684
8.87158
8.86188
8.83764
8.84449
8.83966
8.82368
8.8565
8.85123
8.8475
8.84493
8.85942
8.87493
8.86873
8.87386
8.8848
8.89986
8.84975
8.84332
8.83559
8.83731
8.83577
8.86157
8.86326
8.85052
8.83554
8.84351
8.84912
8.82892
8.82494
8.8071
8.7769
8.77196
8.76966
8.76045
8.75751
8.77784
8.76977
8.79615
8.80325
8.80738
8.77044
8.77002
8.79871
8.78721
8.77265
8.74851
8.74295
8.74041
8.74892
8.74409
8.74764
8.76427
8.77129
8.78476
8.80148
8.80395
8.78339
8.78503
8.79717
8.80005
8.77784
8.78538
8.79618
8.79666
8.77282
8.74031
8.74768
8.73261
8.72007
8.72332
8.73455
8.76603
8.75735
8.75409
8.73268
8.72009
8.70219
8.71123
8.7185
8.69796
8.70876
8.71995
8.7146
8.70707
8.72551
8.72043
8.7002
8.68787
8.68605
8.65673
8.6477
8.65817
8.66115
8.64577
8.63865
8.63984
8.63382
8.63905
8.61735
8.60462
8.57701
8.57245
8.55704
8.57267
8.56492
8.56368
8.55625
8.54795
8.52168
8.50816
8.51572
8.50621
8.49319
8.47949
8.47056
8.48849
8.45986
8.46628
8.45292
8.44955
8.4593
8.47357
8.499
8.49232
8.48614
8.50254
8.47096
8.47278
8.45692
8.46941
8.49466
8.49309
8.49399
8.47773
8.49261
8.50636
8.50892
8.51432
8.52182
8.51674
8.50104
8.48737
8.48927
8.47246
8.45789
8.4562
8.47945
8.49314
8.49194
8.48277
8.49353
8.47772
8.47727
8.45732
8.45503
8.43404
8.43612
8.42428
8.44154
8.43306
8.454
8.47315
8.44555
8.4513
8.4312
8.43212
8.43992
8.44626
8.43004
8.40926
8.41201
8.41736
8.42243
8.39285
8.37827
8.38089
8.35866
8.35792
8.3409
8.32493
8.31027
8.30994
8.31401
8.31271
8.307
8.31885
8.33036
8.32999
8.33994
8.35125
8.36512
8.36116
8.33313
8.3454
8.33435
8.35713
8.33531
8.3324
8.34115
8.32649
8.32732
8.35278
8.35805
8.37065
8.36139
8.37773
8.37077
8.40065
8.39962
8.40074
8.39897
8.38865
8.39564
8.38816
8.40541
8.41969
8.40225
8.40949
8.42644
8.4266
8.45065
8.4325
8.41634
8.41933
8.4032
8.42277
8.43556
8.41805
8.42244
8.44442
8.46683
8.46157
8.47648
8.46861
8.46817
8.47957
8.49666
8.51182
8.52766
8.54996
8.5539
8.5529
8.55464
8.54116
8.52424
8.53118
8.52001
8.52664
8.48132
8.49647
8.49079
8.48733
8.48414
8.46888
8.48447
8.49856
8.4919
8.47804
8.48802
8.50924
8.49683
8.51749
8.51526
8.50996
8.51771
8.52433
8.5295
8.53321
8.49993
8.48641
8.46673
8.45528
8.42725
8.42442
8.44693
8.44889
8.45125
8.41632
8.42712
8.41596
8.43985
8.44348
8.42928
8.42079
8.43395
8.41233
8.42162
8.40391
8.3989
8.41013
8.42949
8.45054
8.44043
8.43351
8.4507
8.45034
8.41922
8.42096
8.42147
8.40209
8.39632
8.40109
8.39526
8.38801
8.37891
8.37906
8.39407
8.39985
8.40653
8.38002
8.38379
8.40352
8.40881
8.42954
8.41481
8.4281
8.42797
8.44664
8.44793
8.41041
8.41154
8.4041
8.42386
8.44346
8.4015
8.3838
8.37284
8.3406
8.34061
8.30162
8.29363
8.28847
8.2766
8.26326
8.2752
8.25482
8.23889
8.2067
8.18366
8.17552
8.17649
8.13124
8.12178
8.13869
8.14006
8.14514
8.16098
8.18577
8.19507
8.18804
8.21305
8.22218
8.21776
8.21692
8.24188
8.26208
8.24658
8.22775
8.23549
8.24159
8.25388
8.25451
8.26638
8.26199
8.25289
8.26385
8.2766
8.28689
8.28973
8.2898
8.31558
8.34022
8.34016
8.31984
8.32395
8.3193
8.33471
8.33972
8.3473
8.36678
8.36637
8.38271
8.39123
8.41123
8.42183
8.43871
8.42221
8.43652
8.43331
8.44537
8.4593
8.46868
8.48143
8.48897
8.51739
8.49378
8.5138
8.50739
8.51613
8.49807
8.50047
8.48851
8.50445
8.49069
8.48004
8.4725
8.5029
8.4653
8.48525
8.50888
8.52348
8.51392
8.50781
8.49211
8.46381
8.47874
8.47585
8.47916
8.44135
8.46475
8.47885
8.47816
8.50383
8.52125
8.51285
8.50695
8.48892
8.44408
8.46457
8.45825
8.46807
8.48982
8.47498
8.47483
8.42962
8.41854
8.42379
8.42785
8.43683
8.44267
8.3945
8.40441
8.41122
8.43282
8.44996
8.45645
8.47359
8.4765
8.48866
8.48533
8.48421
8.50666
8.5003
8.50714
8.52244
8.51362
8.49839
8.52501
8.53685
8.53143
8.50079
8.51584
8.51166
8.51426
8.49103
8.47738
8.49735
8.51091
8.49682
8.48562
8.47724
8.48696
8.487
8.46615
8.46137
8.46767
8.45418
8.46566
8.48071
8.48414
8.43869
8.43353
8.43575
8.43901
8.43814
8.44083
8.44856
8.45307
8.45966
8.46867
8.46261
8.41791
8.36623
8.36583
8.38082
8.36574
8.3766
8.34623
8.36122
8.35721
8.3459
8.34385
8.34174
8.32132
8.32044
8.3152
8.30863
8.28871
8.28898
8.28866
8.32765
8.34543
8.3426
8.33585
8.33615
8.31249
8.31304
8.31953
8.32256
8.31833
8.31821
8.28502
8.29256
8.2975
8.28806
8.28996
8.29324
8.27225
8.27119
8.26814
8.26005
8.26705
8.27103
8.28165
8.29825
8.30066
8.30018
8.30357
8.30291
8.29377
8.26051
8.26777
8.27628
8.29418
8.28371
8.3063
8.30557
8.32683
8.3059
8.31869
8.30371
8.30367
8.31666
8.3208
8.34358
8.32778
8.3329
8.33419
8.35404
8.33515
8.33781
8.35215
8.36851
8.35817
8.36637
8.38243
8.39854
8.41783
8.43252
8.42445
8.43049
8.42954
8.43588
8.45737
8.45265
8.45099
8.45009
8.46638
8.48345
8.49087
8.488
8.50342
8.50966
8.53084
8.54698
8.56088
8.57937
8.58565
8.58283
8.58368
8.599
8.59541
8.58906
8.6072
8.62838
8.60914
8.58641
8.60247
8.60322
8.58941
8.58607
8.57271
8.57976
8.55808
8.52889
8.51462
8.48603
8.48159
8.47843
8.45298
8.43371
8.45594
8.47425
8.47826
8.47903
8.47042
8.46549
8.49516
8.50556
8.51928
8.47219
8.49027
8.50385
8.52713
8.54751
8.55033
8.58888
8.58707
8.59223
8.58904
8.57348
8.55326
8.56532
8.52597
8.51443
8.50963
8.52089
8.54025
8.52091
8.51163
8.53306
8.50876
8.49845
8.51079
8.51048
8.52847
8.54589
8.53283
8.50686
8.51295
8.50415
8.5157
8.50164
8.50809
8.51478
8.50399
8.5272
8.52849
8.52079
8.51747
8.5069
8.50633
8.51557
8.52888
8.54891
8.54317
8.53723
8.50676
8.49676
8.50127
8.50579
8.50271
8.50853
8.50322
8.50454
8.5241
8.49986
8.4995
8.52681
8.53248
8.54956
8.56635
8.58233
8.58987
8.59791
8.60877
8.62225
8.62262
8.63537
8.64578
8.66066
8.64348
8.60934
8.58783
8.61684
8.60208
8.59449
8.60503
8.60385
8.5893
8.58934
8.58428
8.58665
8.5896
8.58391
8.59363
8.5918
8.60753
8.60864
8.60409
8.60185
8.60726
8.59328
8.60094
8.60105
8.60696
8.61335
8.61296
8.61814
8.62836
8.61119
8.63914
8.65667
8.64999
8.639
8.65568
8.64213
8.62955
8.61089
8.597
8.60125
8.60836
8.62019
8.63368
8.66148
8.6567
8.67987
8.68418
8.67438
8.69027
8.65833
8.66745
8.66689
8.6767
8.69081
8.67241
8.64397
8.65986
8.64536
8.65154
8.63225
8.62626
8.62505
8.61692
8.61597
8.62034
8.61588
8.6456
8.64377
8.63173
8.63498
8.61438
8.63085
8.60578
8.59899
8.60709
8.60325
8.61727
8.63787
8.65743
8.66258
8.66288
8.63907
8.65294
8.62819
8.6291
8.64991
8.59676
8.61133
8.60051
8.59984
8.58635
8.59214
8.53302
8.50641
8.5094
8.51011
8.46879
8.46624
8.45584
8.46482
8.45135
8.45562
8.44908
8.45685
8.4426
8.41776
8.41808
8.44223
8.45301
8.44831
8.44128
8.44398
8.43251
8.46028
8.46731
8.47479
8.4984
8.50361
8.4912
8.51373
8.54419
8.52077
8.53558
8.5482
8.55834
8.54556
8.55658
8.57177
8.57274
8.58689
8.57091
8.56709
8.57823
8.58493
8.58369
8.59629
8.6211
8.59175
8.60291
8.60406
8.59179
8.55746
8.5787
8.58957
8.59615
8.54269
8.53408
8.54376
8.54685
8.56605
8.54598
8.56395
8.55221
8.55459
8.5044
8.50839
8.50594
8.51905
8.50565
8.50863
8.50273
8.5029
8.48937
8.49046
8.49008
8.49492
8.47108
8.4686
8.46135
8.44808
8.43202
8.45375
8.45519
8.46367
8.45204
8.46278
8.47507
8.47468
8.49293
8.50365
8.48265
8.45838
8.45459
8.48458
8.49183
8.50606
8.49137
8.48607
8.49644
8.50027
8.48827
8.4912
8.4939
8.50498
8.51373
8.53403
8.51779
8.49655
8.48986
8.49815
8.51737
8.51237
8.51066
8.49304
8.46821
8.45622
8.44513
8.47634
8.48838
8.48185
8.49493
8.5104
8.51848
8.51903
8.53137
8.5263
8.51301
8.50572
8.50353
8.52405
8.51552
8.50368
8.50778
8.50118
8.50217
8.51849
8.53394
8.55536
8.56788
8.58746
8.56426
8.5853
8.57821
8.5821
8.58666
8.61692
8.61348
8.61316
8.61365
8.61887
8.61306
8.6013
8.58997
8.605
8.61887
8.62429
8.60556
8.60768
8.61656
8.61208
8.61747
8.61522
8.60724
8.58222
8.56227
8.57337
8.54404
8.54807
8.53256
8.5224
8.512
8.53121
8.53985
8.55949
8.52972
8.53699
8.51562
8.51932
8.52204
8.50526
8.50992
8.52457
8.54407
8.54092
8.5364
8.5451
8.52877
8.52744
8.52856
8.54852
8.56267
8.57921
8.57889
8.56982
8.56776
8.57439
8.56108
8.55986
8.56867
8.56501
8.56424
8.58936
8.60991
8.60177
8.57941
8.59562
8.62332
8.62218
8.63367
8.61696
8.62272
8.63253
8.61346
8.63313
8.63455
8.62739
8.63263
8.64179
8.61324
8.60763
8.58051
8.57204
8.58368
8.55747
8.54524
8.57085
8.58183
8.56134
8.5686
8.56343
8.52638
8.51815
8.51716
8.53625
8.55841
8.57082
8.57361
8.58721
8.59535
8.58224
8.58018
8.58323
8.59627
8.59764
8.58639
8.61394
8.59385
8.59686
8.60697
8.61201
8.62661
8.62087
8.63023
8.60795
8.56645
8.55619
8.55006
8.56543
8.56154
8.56559
8.57713
8.60206
8.60736
8.6237
8.62373
8.64007
8.64891
8.64622
8.64595
8.65266
8.64784
8.65685
8.66812
8.68141
8.67508
8.67421
8.69619
8.68678
8.7164
8.72357
8.70763
8.71794
8.69429
8.69029
8.69755
8.70209
8.68373
8.69758
8.70079
8.67587
8.69063
8.67842
8.65581
8.61699
8.62214
8.61059
8.62714
8.64542
8.654
8.66158
8.65881
8.6817
8.66142
8.64922
8.63877
8.65513
8.66882
8.66928
8.65774
8.64652
8.66075
8.6614
8.65589
8.63459
8.63077
8.63243
8.62709
8.62779
8.63754
8.61275
8.62343
8.63838
8.63832
8.6214
8.62063
8.60681
8.62134
8.63161
8.61735
8.62677
8.6489
8.63184
8.65131
8.65984
8.66344
8.66648
8.67263
8.6819
8.69407
8.67576
8.66845
8.67146
8.67652
8.65387
8.65837
8.69129
8.6887
8.68487
8.67934
8.68078
8.68978
8.70056
8.68366
8.67937
8.68197
8.68316
8.68192
8.68897
8.69717
8.70092
8.70695
8.72603
8.70398
8.7161
8.73534
8.74306
8.74803
8.75262
8.73945
8.78033
8.78039
8.7782
8.74883
8.74518
8.75999
8.76102
8.73566
8.72382
8.72081
8.73538
8.73158
8.73735
8.74886
8.75608
8.75148
8.76091
8.75017
8.76188
8.7773
8.78186
8.7874
8.79299
8.79603
8.79116
8.79685
8.80071
8.78343
8.77594
8.76662
8.75188
8.76903
8.79333
8.79832
8.7691
8.76735
8.77734
8.78856
8.78705
8.81495
8.81187
8.81271
8.78393
8.78937
8.79849
8.82087
8.81054
8.83955
8.85176
8.82952
8.82733
8.79505
8.80851
8.76921
8.75405
8.76093
8.74787
8.76334
8.78269
8.78943
8.80269
8.80693
8.81007
8.79871
8.79301
8.78843
8.7748
8.78771
8.80207
8.73419
8.74172
8.68347
8.69857
8.67833
8.69347
8.69228
8.70104
8.70176
8.70472
8.7168
8.71502
8.69508
8.71005
8.71309
8.71563
8.74141
8.75556
8.78098
8.80471
8.79907
8.79995
8.82019
8.81548
8.83341
8.82124
8.80456
8.82635
8.82093
8.8385
8.84104
8.82459
8.82784
8.85008
8.863
8.88497
8.83286
8.81499
8.801
8.8256
8.81771
8.81227
8.79718
8.80233
8.78614
8.78446
8.75392
8.78892
8.77356
8.77038
8.79148
8.82158
8.80227
8.80692
8.77514
8.77751
8.76861
8.78226
8.77254
8.78404
8.73222
8.74496
8.74762
8.72546
8.71074
8.68762
8.68881
8.69746
8.68239
8.67178
8.67448
8.68264
8.66985
8.68216
8.70568
8.70827
8.69891
8.71535
8.7258
8.73743
8.75016
8.75431
8.7634
8.75908
8.761
8.7556
8.75917
8.75931
8.78892
8.79327
8.76081
8.77424
8.77963
8.79803
8.78408
8.77175
8.76681
8.74521
8.74058
8.76207
8.77493
8.77716
8.79125
8.77562
8.76685
8.73311
8.73873
8.71173
8.71024
8.69516
8.62329
8.63827
8.64875
8.63528
8.63711
8.64525
8.60296
8.61256
8.59427
8.60582
8.58651
8.61473
8.62294
8.61327
8.6233
8.62266
8.63732
8.65474
8.66636
8.66673
8.68379
8.70462
8.72131
8.72174
8.74106
8.74614
8.73655
8.73194
8.71036
8.71772
8.73009
8.73859
8.76169
8.76906
8.7844
8.76346
8.77117
8.77946
8.76327
8.7539
8.75725
8.75872
8.73306
8.7265
8.7369
8.72265
8.74908
8.75228
8.74383
8.75932
8.73883
8.72699
8.75609
8.78357
8.7635
8.75206
8.71122
8.74211
8.71903
8.7094
8.71549
8.70753
8.71304
8.73143
8.74328
8.73595
8.72203
8.73443
8.71353
8.69908
8.69581
8.68749
8.68347
8.68488
8.70137
8.68447
8.68307
8.68091
8.67772
8.69656
8.6977
8.70127
8.69734
8.69333
8.66653
8.70352
8.65138
8.62671
8.63406
8.6503
8.66104
8.66213
8.67877
8.67679
8.67472
8.63949
8.65078
8.65534
8.63576
8.63286
8.61808
8.62076
8.61868
8.6046
8.60844
8.63384
8.6256
8.6285
8.63095
8.64321
8.65703
8.61731
8.63624
8.66167
8.67805
8.67964
8.68716
8.67565
8.62169
8.60646
8.58536
8.58327
8.59401
8.57822
8.55894
8.54616
8.55485
8.52892
8.52147
8.53438
8.52977
8.51693
8.50917
8.51306
8.52601
8.499
8.509
8.50921
8.51882
8.5301
8.52118
8.51477
8.48955
8.50036
8.50357
8.50444
8.5062
8.52285
8.52094
8.52771
8.54276
8.55528
8.57157
8.58475
8.59118
8.59157
8.61958
8.61879
8.63146
8.61926
8.62606
8.6205
8.61777
8.63461
8.63967
8.66751
8.63223
8.62442
8.63047
8.61779
8.63079
8.63058
8.62259
8.64633
8.66258
8.6319
8.63209
8.60408
8.63145
8.63451
8.61908
8.62549
8.64282
8.63011
8.63691
8.64459
8.65145
8.64636
8.64584
8.60468
8.60777
8.59994
8.61233
8.61295
8.58277
8.57017
8.56064
8.56425
8.5874
8.59985
8.59315
8.6093
8.61863
8.63351
8.63081
8.63721
8.63876
8.65465
8.6551
8.65167
8.67215
8.67708
8.66319
8.63402
8.63088
8.62848
8.63453
8.62692
8.64968
8.6488
8.64285
8.63268
8.64894
8.62679
8.6353
8.59619
8.59146
8.59617
8.61136
8.58601
8.58249
8.58478
8.59779
8.5847
8.58776
8.5836
8.58792
8.59534
8.6107
8.60925
8.61462
8.61857
8.60576
8.60412
8.59028
8.59618
8.58326
8.60925
8.62273
8.59452
8.60343
8.57271
8.57741
8.61092
8.62534
8.6462
8.62744
8.64497
8.64089
8.63909
8.66534
8.68093
8.68923
8.69788
8.69435
8.66587
8.63922
8.60138
8.6067
8.62353
8.62312
8.59242
8.5917
8.58547
8.58393
8.57082
8.56203
8.58152
8.59364
8.5935
8.60623
8.62929
8.66243
8.64868
8.62875
8.64715
8.64437
8.65079
8.64194
8.63533
8.6319
8.63988
8.62882
8.6236
8.63351
8.63772
8.64601
8.64561
8.64383
8.64623
8.6645
8.6686
8.70266
8.70262
8.707
8.68368
8.67047
8.66309
8.67034
8.65388
8.66964
8.66195
8.66175
8.6647
8.65605
8.65653
8.6704
8.66969
8.68533
8.64498
8.65002
8.62959
8.63531
8.6212
8.59392
8.59763
8.60398
8.61601
8.59842
8.59255
8.57167
8.5822
8.56248
8.57846
8.56496
8.57556
8.5622
8.57422
8.57705
8.53586
8.53354
8.53331
8.50525
8.51171
8.50056
8.52294
8.53128
8.55938
8.52914
8.52954
8.51407
8.51771
8.50805
8.50912
8.51763
8.50771
8.50197
8.53257
8.54038
8.51368
8.49007
8.50247
8.49609
8.51198
8.51448
8.53902
8.55667
8.54202
8.55384
8.56502
8.57049
8.55869
8.55911
8.56572
8.58506
8.58711
8.58223
8.59385
8.61658
8.58477
8.56972
8.57244
8.58225
8.59091
8.58696
8.58522
8.61166
8.61443
8.61641
8.64048
8.65268
8.63376
8.61718
8.63944
8.6342
8.62463
8.61223
8.61684
8.63485
8.65807
8.65303
8.64197
8.64881
8.63028
8.63385
8.6333
8.63222
8.61875
8.62811
8.6449
8.65197
8.65167
8.65238
8.64096
8.63543
8.59744
8.60082
8.60242
8.59439
8.60353
8.60106
8.61209
8.59491
8.58226
8.60107
8.62278
8.61948
8.57609
8.58174
8.59074
8.58701
8.60329
8.62976
8.65894
8.65376
8.65342
8.661
8.64337
8.66244
8.64275
8.62244
8.63309
8.61874
8.61562
8.60456
8.6124
8.62549
8.61897
8.61013
8.5937
8.59776
8.61153
8.62752
8.61426
8.62513
8.62756
8.61219
8.58297
8.59394
8.59453
8.5912
8.6136
8.631
8.64028
8.63944
8.65321
8.65474
8.65862
8.66415
8.64495
8.64736
8.65088
8.66428
8.67584
8.69503
8.70685
8.71041
8.72455
8.74095
8.72635
8.73317
8.75468
8.74083
8.71822
8.72198
8.75738
8.74545
8.71322
8.7063
8.70802
8.71264
8.70296
8.70042
8.70332
8.70685
8.72277
8.72693
8.75809
8.73655
8.70973
8.70603
8.70837
8.69283
8.69848
8.6851
8.7109
8.71038
8.70462
8.71911
8.73729
8.76293
8.77576
8.75902
8.77344
8.79157
8.7977
8.80647
8.79751
8.78746
8.7873
8.78166
8.79248
8.78044
8.76928
8.76697
8.75874
8.77511
8.7615
8.74444
8.76076
8.76402
8.75669
8.74474
8.7708
8.7637
8.77511
8.78272
8.80539
8.78143
8.72688
8.7091
8.72447
8.71802
8.72132
8.72867
8.68817
8.66676
8.65399
8.64184
8.65965
8.67531
8.64674
8.6569
8.6596
8.66001
8.65969
8.68237
8.69532
8.6868
8.68045
8.64788
8.65882
8.66727
8.68088
8.6892
8.70241
8.69487
8.68755
8.70117
8.71801
8.73706
8.7508
8.75974
8.76015
8.75011
8.73677
8.76153
8.78141
8.80952
8.78731
8.76749
8.77715
8.76913
8.7626
8.76311
8.77579
8.76608
8.74236
8.75267
8.75407
8.77716
8.78859
8.79458
8.78972
8.81305
8.81873
8.82536
8.80179
8.80388
8.81525
8.84039
8.84855
8.85394
8.854
8.86563
8.88991
8.89919
8.88147
8.90171
8.91734
8.90299
8.89351
8.91838
8.93043
8.9277
8.92801
8.93957
8.93065
8.9246
8.93768
8.94534
8.9434
8.9607
8.95384
8.95212
8.97947
8.9583
8.94665
8.91918
8.93673
8.93116
8.92506
8.92379
8.94716
8.96255
8.97712
8.97466
8.98322
8.98986
8.99683
8.9879
8.9691
8.97772
8.97158
8.95647
8.947
8.95338
8.94764
8.94676
8.98579
8.97597
8.97617
8.97533
8.98741
8.96763
8.97136
8.96839
8.97236
8.97608
8.98598
8.98912
9.00466
9.01334
9.01152
9.02217
9.00129
9.00557
8.99794
8.99033
9.00108
8.98803
9.00314
8.9821
8.99354
9.0058
8.9723
8.95746
8.96242
8.97387
8.96252
8.9619
8.93739
8.9561
8.94412
8.93603
8.92585
8.93057
8.93311
8.92658
8.92636
8.91003
8.90892
8.8803
8.88283
8.91311
8.90615
8.92092
8.89147
8.89186
8.85918
8.84052
8.82704
8.84281
8.82562
8.82562
8.82876
8.8277
8.80296
8.80547
8.82188
8.83422
8.8386
8.83424
8.84116
8.80412
8.807
8.77613
8.76162
8.77397
8.78343
8.7598
8.77862
8.78016
8.78057
8.76602
8.78862
8.73392
8.72857
8.75238
8.76461
8.76124
8.72526
8.7331
8.72487
8.73481
8.74549
8.74469
8.71273
8.6764
8.65034
8.65026
8.63549
8.64639
8.65714
8.66994
8.66924
8.68467
8.69783
8.71671
8.73197
8.74617
8.74343
8.76743
8.75129
8.77502
8.77861
8.79005
8.7987
8.78924
8.79279
8.8189
8.81633
8.79924
8.78524
8.77422
8.79659
8.79978
8.80419
8.80333
8.80888
8.8338
8.82542
8.81999
8.83443
8.83982
8.8087
8.82104
8.80941
8.82044
8.82634
8.83409
8.85445
8.87322
8.87022
8.87602
8.88515
8.88968
8.89939
8.91885
8.89469
8.92065
8.91058
8.87763
8.89729
8.90941
8.8895
8.87014
8.89584
8.90898
8.93122
8.92558
8.91593
8.90167
8.89569
8.89182
8.84052
8.86043
8.86531
8.88235
8.88261
8.88065
8.88931
8.88234
8.85843
8.85075
8.82532
8.81415
8.78771
8.8008
8.76605
8.7651
8.78293
8.75868
8.73599
8.72991
8.73526
8.74355
8.75017
8.74453
8.76008
8.76565
8.7759
8.73994
8.7522
8.75178
8.76102
8.76128
8.73967
8.74047
8.72928
8.69468
8.71327
8.69258
8.68576
8.69386
8.69922
8.70332
8.69527
8.71574
8.71511
8.73376
8.72034
8.72636
8.74314
8.7292
8.70152
8.72155
8.66277
8.68252
8.68445
8.69831
8.66769
8.65704
8.67136
8.6692
8.64797
8.64347
8.65291
8.66008
8.64486
8.6241
8.61961
8.61296
8.61284
8.59137
8.58167
8.57982
8.58024
8.57109
8.55253
8.51246
8.50947
8.5095
8.52398
8.5211
8.544
8.57351
8.57555
8.58299
8.59105
8.56938
8.56331
8.56135
8.55472
8.54535
8.52018
8.5205
8.53226
8.54663
8.55638
8.56147
8.56718
8.58136
8.58275
8.57926
8.59737
8.59555
8.59842
8.59945
8.61029
8.61078
8.59373
8.62287
8.63018
8.6191
8.63125
8.61617
8.63626
8.62284
8.64556
8.65959
8.62782
8.63979
8.61182
8.61747
8.63945
8.63625
8.6228
8.61659
8.61963
8.64925
8.6579
8.66858
8.66917
8.68973
8.69684
8.68034
8.65611
8.64291
8.65364
8.64825
8.64028
8.63357
8.62353
8.60026
8.62534
8.63736
8.6454
8.66569
8.67153
8.65621
8.6395
8.65362
8.65118
8.66875
8.68029
8.65339
8.64911
8.64199
8.63672
8.62708
8.63009
8.60258
8.62225
8.62195
8.63156
8.64956
8.65774
8.66152
8.67371
8.6726
8.67891
8.69787
8.70566
8.67821
8.68263
8.69935
8.69484
8.67768
8.69262
8.69007
8.69749
8.70852
8.71731
8.72937
8.73686
8.75157
8.74402
8.74295
8.73686
8.74626
8.74934
8.7292
8.74113
8.75403
8.74758
8.75112
8.72198
8.72552
8.72967
8.73845
8.72793
8.75953
8.74152
8.7565
8.7696
8.75665
8.76859
8.73402
8.73241
8.74661
8.69525
8.67683
8.68717
8.68916
8.69338
8.69885
8.66968
8.68681
8.6953
8.69201
8.699
8.69559
8.72769
8.72448
8.71463
8.72374
8.68913
8.68071
8.68797
8.69697
8.69236
8.67224
8.66664
8.65313
8.65225
8.65178
8.63836
8.64024
8.63975
8.64636
8.63684
8.64626
8.64758
8.61594
8.59109
8.57142
8.55025
8.51714
8.53585
8.55048
8.52479
8.51265
8.53575
8.51894
8.5257
8.51572
8.52309
8.53367
8.52658
8.50698
8.51475
8.53223
8.52525
8.50855
8.52116
8.51713
8.49875
8.48309
8.47322
8.46364
8.467
8.47387
8.47892
8.49251
8.48445
8.51746
8.53356
8.54035
8.50649
8.49472
8.49513
8.48571
8.49182
8.51658
8.51253
8.54162
8.53934
8.53223
8.55533
8.56462
8.57955
8.57615
8.59143
8.59546
8.59052
8.59672
8.60776
8.62313
8.62593
8.60634
8.61692
8.62264
8.62275
8.61341
8.61546
8.61052
8.62216
8.62872
8.62686
8.62483
8.62066
8.61786
8.62787
8.64001
8.6427
8.62315
8.64983
8.66371
8.65866
8.6437
8.59562
8.60265
8.61002
8.60968
8.62185
8.63995
8.64026
8.6614
8.66827
8.66923
8.66238
8.65327
8.63272
8.64922
8.64441
8.63646
8.6389
8.63137
8.64477
8.63326
8.6568
8.67279
8.65254
8.64091
8.61646
8.62016
8.62951
8.63172
8.64837
8.64075
8.66584
8.64614
8.64407
8.63723
8.61595
8.61227
8.61075
8.59646
8.57089
8.56093
8.54426
8.54687
8.54922
8.53225
8.55579
8.53736
8.52323
8.51716
8.50692
8.49882
8.50067
8.49928
8.47426
8.46246
8.44041
8.45235
8.4406
8.45733
8.43489
8.42056
8.44929
8.42074
8.44048
8.43982
8.4534
8.45524
8.43608
8.43372
8.4198
8.43031
8.41681
8.42662
8.4339
8.41244
8.41672
8.436
8.42464
8.41074
8.37269
8.35308
8.35924
8.36036
8.33608
8.33675
8.33276
8.34829
8.33429
8.36558
8.36654
8.37891
8.3867
8.38029
8.35245
8.36766
8.36774
8.37408
8.39373
8.40899
8.39723
8.38696
8.40618
8.41185
8.43111
8.41092
8.41037
8.41925
8.42363
8.42226
8.43924
8.43539
8.41709
8.40534
8.42662
8.45048
8.46701
8.47296
8.50388
8.49302
8.4936
8.4847
8.49485
8.47927
8.49806
8.49949
8.51913
8.48944
8.48037
8.48723
8.49268
8.48748
8.46448
8.47689
8.48719
8.49999
8.51421
8.53348
8.556
8.55196
8.57624
8.58419
8.60802
8.62103
8.64235
8.64116
8.64418
8.62238
8.62736
8.65053
8.64577
8.64037
8.635
8.63904
8.64005
8.65042
8.61669
8.62639
8.64181
8.65022
8.65242
8.64668
8.61966
8.61155
8.60879
8.6085
8.61921
8.62785
8.62863
8.61092
8.62994
8.64394
8.64868
8.63383
8.62901
8.64205
8.6441
8.63658
8.62452
8.61419
8.61434
8.61751
8.6324
8.62943
8.60609
8.58777
8.58705
8.59126
8.59413
8.58648
8.58376
8.60512
8.60628
8.60803
8.62409
8.60498
8.59606
8.58526
8.59982
8.57395
8.58217
8.57322
8.55344
8.58412
8.61096
8.56537
8.57476
8.58644
8.60187
8.61312
8.63095
8.64269
8.6205
8.61566
8.60678
8.60866
8.5961
8.60863
8.60685
8.62751
8.62825
8.62052
8.63062
8.62278
8.5914
8.60454
8.58954
8.58479
8.58289
8.56585
8.56171
8.53876
8.52559
8.54309
8.5409
8.55885
8.56979
8.57215
8.57783
8.589
8.60923
8.60337
8.59714
8.5916
8.58088
8.60651
8.61762
8.62295
8.61285
8.59536
8.60915
8.60664
8.61861
8.6224
8.6337
8.64378
8.63747
8.63482
8.63612
8.66293
8.67066
8.66542
8.65137
8.64354
8.65367
8.64815
8.65089
8.635
8.65378
8.67028
8.68146
8.66782
8.63653
8.63664
8.64754
8.66812
8.66695
8.66097
8.66233
8.66188
8.66738
8.69231
8.70279
8.71047
8.69755
8.69061
8.69647
8.71884
8.73533
8.72272
8.73683
8.75556
8.75747
8.78248
8.77401
8.79133
8.80663
8.80257
8.80057
8.77611
8.76142
8.76707
8.76831
8.75616
8.75966
8.77754
8.79214
8.81217
8.8193
8.80422
8.83664
8.85011
8.85457
8.87277
8.87308
8.87472
8.83856
8.82328
8.83588
8.82938
8.82289
8.81247
8.82506
8.82578
8.82019
8.79319
8.81796
8.82801
8.8424
8.81936
8.78839
8.79096
8.7794
8.7698
8.73262
8.73176
8.74337
8.72955
8.72319
8.73002
8.72124
8.7517
8.75925
8.71696
8.73089
8.71889
8.73027
8.72959
8.72894
8.75389
8.7556
8.7707
8.78581
8.78719
8.81717
8.80618
8.79609
8.7731
8.78907
8.7827
8.75891
8.76108
8.7688
8.75724
8.76221
8.7605
8.76582
8.76953
8.74321
8.74472
8.76036
8.75871
8.74502
8.76175
8.76379
8.74403
8.71753
8.71129
8.70227
8.69156
8.68296
8.69965
8.71925
8.69701
8.70002
8.70447
8.72274
8.7065
8.70051
8.69075
8.67857
8.65928
8.64671
8.64219
8.62137
8.60383
8.61181
8.63524
8.63826
8.65098
8.65416
8.648
8.65825
8.65869
8.66677
8.65042
8.64324
8.61492
8.62853
8.62067
8.63625
8.64352
8.6331
8.62237
8.61589
8.63367
8.62767
8.62684
8.61095
8.60929
8.61471
8.61423
8.6332
8.65077
8.64798
8.63999
8.6578
8.66692
8.67135
8.65313
8.65107
8.62656
8.60203
8.6012
8.61221
8.60422
8.61451
8.62593
8.63785
8.64654
8.64426
8.66341
8.6657
8.68531
8.66814
8.65216
8.64847
8.63162
8.64426
8.66284
8.68197
8.67041
8.66346
8.64967
8.68346
8.69178
8.70031
8.68775
8.6823
8.66527
8.64991
8.65587
8.66161
8.63103
8.64104
8.64141
8.65131
8.67633
8.69522
8.68247
8.68532
8.67455
8.67392
8.66036
8.66661
8.66911
8.67127
8.68533
8.70922
8.71474
8.73906
8.74851
8.7512
8.76135
8.76257
8.76
8.76935
8.75577
8.74529
8.76019
8.74799
8.75325
8.74765
8.76713
8.75478
8.75538
8.7168
8.72574
8.70681
8.72308
8.73
8.71434
8.6998
8.70679
8.66983
8.66598
8.66928
8.65915
8.65909
8.6506
8.63846
8.60882
8.63683
8.62341
8.64643
8.65825
8.6335
8.63314
8.62388
8.6167
8.62172
8.62393
8.63546
8.63453
8.60875
8.58011
8.59034
8.6026
8.60424
8.59403
8.59092
8.59749
8.60641
8.60316
8.5899
8.5882
8.57458
8.56378
8.54685
8.56349
8.5648
8.5787
8.59499
8.59048
8.59352
8.59366
8.62463
8.62091
8.61391
8.6199
8.6291
8.61817
8.58897
8.60711
8.61412
8.63012
8.62981
8.63912
8.63741
8.6558
8.63712
8.63995
8.6561
8.66667
8.65831
8.65891
8.6713
8.6473
8.63542
8.63343
8.61728
8.62182
8.61796
8.61124
8.62257
8.62647
8.6309
8.62429
8.62992
8.6427
8.64684
8.64643
8.6466
8.63006
8.62431
8.64199
8.65295
8.65731
8.67306
8.67744
8.69039
8.68115
8.70135
8.72484
8.74574
8.75182
8.74054
8.72362
8.70991
8.72228
8.74332
8.74258
8.74162
8.75113
8.73481
8.71454
8.71749
8.72729
8.72143
8.74289
8.7281
8.72612
8.70901
8.70952
8.69901
8.71212
8.7223
8.73052
8.71852
8.72256
8.73249
8.74661
8.75072
8.73465
8.749
8.7369
8.74284
8.75151
8.75752
8.76034
8.74751
8.75262
8.76059
8.76655
8.75301
8.77694
8.73673
8.74135
8.77142
8.76964
8.79226
8.78427
8.77929
8.78437
8.78719
8.77702
8.78
8.78134
8.76741
8.75582
8.7734
8.78222
8.79203
8.79523
8.78319
8.80511
8.81549
8.82457
8.84427
8.80778
8.80192
8.80443
8.83335
8.82717
8.81482
8.80397
8.81105
8.81014
8.82339
8.82792
8.84683
8.85938
8.85484
8.86628
8.87147
8.8699
8.85146
8.86374
8.85365
8.84133
8.85155
8.85085
8.85625
8.87168
8.86313
8.8822
8.87934
8.88835
8.87498
8.88298
8.86615
8.87724
8.83553
8.83231
8.85193
8.84948
8.85866
8.88287
8.85704
8.84121
8.84687
8.85105
8.85789
8.88147
8.87792
8.87576
8.87872
8.87492
8.8869
8.87166
8.87913
8.89302
8.8892
8.89099
8.88201
8.8857
8.89742
8.89553
8.88735
8.86226
8.848
8.84613
8.86755
8.85578
8.83539
8.82884
8.79124
8.79776
8.78839
8.80828
8.7617
8.77957
8.79198
8.78141
8.78725
8.76919
8.79287
8.79767
8.82966
8.83395
8.82038
8.81511
8.82127
8.82632
8.82136
8.82847
8.82742
8.80371
8.77051
8.79461
8.78765
8.79653
8.79693
8.78884
8.78563
8.79512
8.8236
8.82453
8.82337
8.81045
8.81528
8.80119
8.7872
8.78415
8.73141
8.71484
8.73702
8.73829
8.74088
8.73321
8.73193
8.73071
8.72531
8.72753
8.73774
8.74148
8.7447
8.76126
8.78596
8.79843
8.81863
8.83082
8.83031
8.85031
8.85055
8.8645
8.84041
8.79088
8.796
8.80799
8.82408
8.80916
8.80618
8.80387
8.81712
8.83926
8.84869
8.8596
8.89087
8.90926
8.86508
8.86382
8.87542
8.88004
8.87829
8.86607
8.87082
8.87996
8.86576
8.84831
8.83991
8.85162
8.87422
8.87533
8.89462
8.86495
8.84704
8.83681
8.84508
8.82013
8.78874
8.79068
8.78062
8.77416
8.7394
8.74147
8.75328
8.73991
8.75616
8.726
8.70984
8.7089
8.68331
8.70556
8.70768
8.71672
8.70348
8.68849
8.71188
8.72186
8.73734
8.72169
8.70902
8.71925
8.7341
8.71403
8.74314
8.75422
8.75653
8.75242
8.72705
8.7549
8.73037
8.71118
8.71013
8.69156
8.67073
8.664
8.69482
8.67081
8.6784
8.66641
8.66477
8.67666
8.68336
8.69092
8.69104
8.66907
8.66661
8.68081
8.6889
8.70786
8.69072
8.66883
8.66606
8.66817
8.6669
8.66692
8.65363
8.67947
8.65806
8.66865
8.65477
8.64103
8.66469
8.64747
8.66521
8.69101
8.68328
8.68686
8.70616
8.709
8.70891
8.7134
8.72726
8.67177
8.68436
8.70422
8.69626
8.71156
8.69212
8.68691
8.70499
8.71824
8.7218
8.70203
8.7237
8.7237
8.69541
8.70772
8.69951
8.69276
8.70096
8.70325
8.71536
8.74001
8.73572
8.74672
8.7566
8.74741
8.74068
8.74258
8.71409
8.72934
8.71783
8.72379
8.7328
8.73667
8.74467
8.70441
8.72749
8.72188
8.70375
8.70768
8.72192
8.71733
8.70904
8.70549
8.68497
8.68232
8.68922
8.67648
8.66828
8.67716
8.64879
8.65204
8.6563
8.66269
8.67104
8.64591
8.65784
8.66265
8.67309
8.67133
8.67727
8.70711
8.69734
8.68795
8.67787
8.66381
8.62337
8.61434
8.62766
8.60816
8.61325
8.63179
8.62653
8.59919
8.60741
8.60394
8.61053
8.57925
8.57356
8.5672
8.53869
8.56143
8.53321
8.52898
8.55327
8.56929
8.56487
8.57749
8.59399
8.57566
8.57607
8.5914
8.59106
8.60277
8.61351
8.61901
8.6287
8.63825
8.63899
8.6618
8.64732
8.63181
8.61282
8.63326
8.64763
8.62973
8.6337
8.6484
8.6456
8.63639
8.62698
8.60387
8.62551
8.63245
8.63916
8.64316
8.65515
8.66074
8.65985
8.65638
8.65975
8.66684
8.65446
8.64955
8.64709
8.65401
8.64071
8.62739
8.61365
8.61842
8.61479
8.61718
8.62523
8.62476
8.59744
8.58617
8.57934
8.58487
8.58966
8.59474
8.60084
8.61723
8.60519
8.60335
8.57671
8.58798
8.58448
8.61014
8.60505
8.61723
8.61833
8.61157
8.6083
8.59336
8.61497
8.6282
8.63927
8.62525
8.59209
8.59897
8.60225
8.58566
8.58893
8.55757
8.5574
8.58586
8.58462
8.56
8.56158
8.53376
8.51849
8.52427
8.52926
8.53421
8.54359
8.53541
8.50256
8.53085
8.53386
8.5225
8.52268
8.53321
8.49844
8.52305
8.53886
8.55142
8.57715
8.5622
8.57858
8.58454
8.57691
8.55044
8.54839
8.55822
8.51833
8.54174
8.55066
8.55452
8.55267
8.56782
8.58437
8.5473
8.54602
8.53286
8.54348
8.52607
8.51405
8.53455
8.53688
8.54699
8.551
8.53414
8.55301
8.51383
8.49059
8.50447
8.49183
8.52659
8.52449
8.53538
8.51744
8.52372
8.53425
8.53546
8.53689
8.54912
8.542
8.54068
8.53444
8.55153
8.54776
8.55496
8.5731
8.58951
8.56755
8.58467
8.56558
8.57009
8.54941
8.53759
8.55037
8.54705
8.54486
8.50734
8.52354
8.53024
8.51803
8.51232
8.53216
8.50169
8.4818
8.49609
8.51978
8.49539
8.44882
8.43424
8.44396
8.42085
8.42751
8.40777
8.38369
8.37955
8.38126
8.3837
8.41239
8.40246
8.39752
8.40383
8.38928
8.39273
8.39173
8.40852
8.42133
8.42496
8.43063
8.43049
8.43505
8.43961
8.43794
8.39949
8.42856
8.43138
8.43804
8.45082
8.47485
8.44724
8.44957
8.42279
8.4129
8.42821
8.42044
8.41477
8.39404
8.4154
8.41479
8.42187
8.43365
8.42207
8.42542
8.42763
8.43695
8.40425
8.39274
8.40473
8.40007
8.3778
8.3845
8.38958
8.38468
8.37364
8.3791
8.37005
8.35465
8.38484
8.39291
8.37062
8.37618
8.38623
8.40854
8.39711
8.40644
8.39119
8.38037
8.38228
8.40246
8.41912
8.41401
8.40019
8.39967
8.40282
8.39414
8.39896
8.40621
8.40179
8.38744
8.38835
8.37516
8.35306
8.35677
8.33365
8.3315
8.33996
8.34756
8.34185
8.34777
8.34677
8.33219
8.33934
8.35673
8.35021
8.32963
8.33484
8.31876
8.33401
8.31335
8.33042
8.31515
8.33492
8.31907
8.31266
8.32464
8.33618
8.31173
8.32393
8.33814
8.34841
8.33094
8.35001
8.36592
8.36272
8.38116
8.38896
8.40234
8.4247
8.43403
8.43817
8.46904
8.45332
8.46919
8.44118
8.46529
8.45237
8.45503
8.44153
8.45339
8.42519
8.42558
8.42022
8.42899
8.43295
8.41725
8.42777
8.43785
8.44425
8.46501
8.44255
8.45812
8.44982
8.44116
8.46021
8.45959
8.45567
8.46589
8.48964
8.4911
8.4728
8.47543
8.47904
8.49147
8.47826
8.48036
8.48578
8.47466
8.50513
8.51296
8.53425
8.53289
8.53301
8.54956
8.54285
8.54118
8.52759
8.52875
8.52292
8.51986
8.50673
8.50123
8.49639
8.50835
8.50488
8.51862
8.53217
8.55409
8.56859
8.58123
8.58829
8.59404
8.58879
8.59963
8.59823
8.62739
8.65427
8.64771
8.66123
8.6871
8.68575
8.6951
8.68822
8.67617
8.69014
8.70839
8.7199
8.73138
8.69818
8.70101
8.70024
8.69455
8.64088
8.62507
8.59919
8.6037
8.62739
8.61813
8.61381
8.61714
8.59106
8.57918
8.55864
8.57325
8.57493
8.5717
8.58186
8.58613
8.58184
8.59777
8.6014
8.6267
8.63825
8.65109
8.63936
8.64068
8.65091
8.63609
8.64482
8.64174
8.6333
8.62372
8.63114
8.61751
8.6278
8.64263
8.65241
8.6401
8.66675
8.66675
8.65893
8.67932
8.69263
8.70649
8.7065
8.73488
8.73192
8.72857
8.74034
8.77144
8.78056
8.76076
8.7503
8.77395
8.75275
8.71646
8.71568
8.7408
8.71937
8.69511
8.70947
8.71984
8.71454
8.69227
8.70235
8.71544
8.69661
8.69538
8.70425
8.71386
8.71144
8.66478
8.65102
8.65808
8.63653
8.62699
8.62936
8.64771
8.67661
8.68318
8.685
8.69153
8.69274
8.67057
8.69844
8.71746
8.72265
8.68704
8.6912
8.69782
8.70844
8.69765
8.71591
8.69164
8.69633
8.7003
8.70417
8.71151
8.72617
8.70945
8.70059
8.72821
8.72653
8.71775
8.73964
8.75144
8.75661
8.74708
8.71587
8.74157
8.77462
8.75013
8.74798
8.75666
8.76665
8.75057
8.73872
8.76514
8.73735
8.74181
8.74016
8.73744
8.74494
8.74313
8.73171
8.75418
8.73563
8.76062
8.76391
8.79751
8.79694
8.81626
8.82364
8.8247
8.83285
8.82518
8.7931
8.8182
8.79457
8.7986
8.8095
8.82212
8.80372
8.80975
8.78244
8.78667
8.77513
8.74088
8.69875
8.69186
8.70075
8.70125
8.69787
8.67162
8.6641
8.66685
8.65566
8.64495
8.62146
8.62418
8.58269
8.59593
8.60709
8.58051
8.5367
8.56482
8.56596
8.56069
8.55343
8.57942
8.59468
8.60529
8.59751
8.58353
8.56859
8.57175
8.56368
8.54416
8.55512
8.5354
8.54304
8.52687
8.51034
8.49255
8.48207
8.45572
8.44721
8.4578
8.45669
8.4727
8.4876
8.46795
8.45388
8.47527
8.45458
8.43957
8.45022
8.45052
8.47138
8.46557
8.47736
8.49008
8.50679
8.51002
8.48307
8.47529
8.49641
8.48827
8.48479
8.4622
8.43784
8.42087
8.42427
8.43311
8.43045
8.44193
8.43896
8.43961
8.43065
8.41023
8.42606
8.42524
8.42577
8.43934
8.40712
8.41882
8.43206
8.44957
8.43771
8.45229
8.47312
8.49519
8.50731
8.52383
8.54547
8.55894
8.55057
8.54468
8.55724
8.55628
8.55481
8.56109
8.58788
8.5914
8.58392
8.5663
8.58968
8.58166
8.60346
8.61886
8.61321
8.59348
8.57391
8.59647
8.5974
8.5916
8.5978
8.59138
8.56976
8.55969
8.56934
8.57374
8.57846
8.59221
8.59523
8.60523
8.60392
8.58913
8.5988
8.59395
8.58633
8.6106
8.60555
8.58432
8.58569
8.59627
8.61815
8.63326
8.62678
8.63013
8.63921
8.63693
8.64731
8.64038
8.61672
8.6124
8.61984
8.62689
8.62646
8.65449
8.65049
8.66897
8.64323
8.65398
8.6524
8.66801
8.66058
8.65038
8.63926
8.60615
8.61947
8.64011
8.64063
8.63278
8.63986
8.61543
8.61379
8.63277
8.63507
8.63277
8.63138
8.63388
8.63126
8.65097
8.67232
8.66659
8.67264
8.69168
8.72436
8.71443
8.71649
8.72696
8.75908
8.76148
8.74544
8.75017
8.71813
8.69633
8.69091
8.69971
8.69242
8.68606
8.69277
8.69852
8.71221
8.69116
8.69991
8.71866
8.71171
8.7163
8.69951
8.69954
8.72088
8.72779
8.72691
8.73728
8.72566
8.72244
8.70314
8.69466
8.70832
8.68409
8.70632
8.6883
8.67667
8.6702
8.66448
8.69169
8.67385
8.65817
8.63885
8.63754
8.65449
8.63559
8.61751
8.63012
8.62559
8.61478
8.62309
8.6223
8.63769
8.65219
8.66085
8.66488
8.6773
8.67974
8.65339
8.63745
8.64185
8.66769
8.67829
8.69428
8.6819
8.67681
8.68051
8.69183
8.68316
8.69884
8.70731
8.70068
8.70578
8.6742
8.68459
8.69706
8.69806
8.69421
8.68349
8.70238
8.67418
8.67111
8.68705
8.68817
8.68607
8.67368
8.67267
8.67536
8.66465
8.62413
8.62053
8.61805
8.61982
8.60544
8.57937
8.59257
8.59682
8.56797
8.55111
8.56061
8.54491
8.53861
8.54006
8.55671
8.55186
8.56023
8.54887
8.53774
8.55135
8.535
8.50565
8.51194
8.50944
8.49963
8.53086
8.51208
8.5078
8.50786
8.50997
8.52701
8.54434
8.54478
8.56908
8.59928
8.60133
8.5949
8.60422
8.54064
8.55078
8.55319
8.53474
8.5294
8.53354
8.52549
8.51024
8.49583
8.50313
8.50696
8.49263
8.51801
8.52649
8.52691
8.51143
8.50258
8.52865
8.54909
8.55396
8.54489
8.54539
8.52481
8.54591
8.55751
8.57522
8.583
8.60495
8.58096
8.55651
8.55158
8.52646
8.51585
8.51173
8.51032
8.48952
8.49504
8.49351
8.49663
8.47726
8.4752
8.44663
8.44361
8.47952
8.47851
8.48911
8.50105
8.51648
8.52498
8.54751
8.54984
8.52057
8.54033
8.53796
8.53343
8.52853
8.53189
8.52279
8.54432
8.56297
8.58976
8.5798
8.56849
8.58808
8.60485
8.58089
8.57567
8.56802
8.5722
8.54945
8.52877
8.54409
8.56224
8.58716
8.59377
8.58887
8.61096
8.60389
8.60589
8.61557
8.62119
8.62146
8.58659
8.5855
8.61205
8.6299
8.63217
8.62033
8.63077
8.6462
8.63772
8.66222
8.664
8.68517
8.71021
8.70326
8.70065
8.70461
8.72
8.70926
8.7206
8.69777
8.69307
8.68442
8.68871
8.6947
8.70312
8.69604
8.68651
8.679
8.68546
8.67948
8.66062
8.6646
8.66669
8.66285
8.66477
8.6695
8.68077
8.66351
8.67087
8.64935
8.61251
8.62215
8.61403
8.62991
8.62673
8.61198
8.62404
8.62087
8.63249
8.6469
8.64357
8.64454
8.63152
8.65189
8.64435
8.63503
8.65151
8.65408
8.66504
8.64432
8.63528
8.63592
8.64897
8.64094
8.64661
8.6461
8.6562
8.64169
8.64458
8.61137
8.6171
8.63528
8.63151
8.61044
8.61853
8.61145
8.61611
8.61317
8.5861
8.57964
8.58788
8.57685
8.58896
8.57308
8.55868
8.53963
8.54752
8.56076
8.58181
8.60525
8.5925
8.57637
8.55483
8.547
8.55881
8.55419
8.56598
8.57229
8.58003
8.58939
8.58803
8.58725
8.59591
8.5918
8.57163
8.57783
8.56681
8.57773
8.58232
8.58082
8.59062
8.56459
8.55887
8.54814
8.54237
8.57139
8.57936
8.58434
8.60472
8.61295
8.62582
8.59591
8.61188
8.60187
8.60677
8.61782
8.63057
8.61872
8.63448
8.61995
8.62481
8.64049
8.6462
8.63675
8.66415
8.65613
8.67339
8.68064
8.70507
8.66249
8.61217
8.62533
8.62275
8.6226
8.59629
8.59682
8.60959
8.62944
8.61024
8.60794
8.61075
8.62656
8.61453
8.63157
8.64379
8.64627
8.6116
8.62235
8.63155
8.64186
8.6408
8.65411
8.66067
8.64981
8.66754
8.63522
8.63334
8.62491
8.58509
8.55001
8.54322
8.52318
8.52179
8.53482
8.55893
8.56462
8.57041
8.56446
8.54644
8.54629
8.55572
8.5705
8.58432
8.59874
8.57883
8.58088
8.58982
8.60042
8.61611
8.61697
8.62645
8.61978
8.61023
8.61916
8.62917
8.61192
8.62122
8.61289
8.63786
8.65029
8.6497
8.65348
8.6623
8.6799
8.65214
8.64743
8.65159
8.67876
8.69521
8.70747
8.71879
8.71651
8.72255
8.73408
8.75687
8.76362
8.74643
8.75708
8.76079
8.7597
8.74507
8.7682
8.78253
8.7617
8.70644
8.71552
8.72145
8.69508
8.68717
8.69481
8.68502
8.69239
8.70033
8.71181
8.71898
8.72122
8.70809
8.70105
8.71561
8.69713
8.66852
8.68801
8.67347
8.67757
8.67508
8.67972
8.67059
8.6576
8.62403
8.63813
8.66518
8.6647
8.65668
8.65301
8.64789
8.67185
8.70039
8.71247
8.71175
8.70463
8.70768
8.71163
8.73478
8.75204
8.76639
8.75129
8.7697
8.77465
8.7723
8.76669
8.78241
8.79778
8.7899
8.79261
8.78943
8.78335
8.7681
8.77411
8.78215
8.79337
8.75639
8.76967
8.76828
8.77501
8.7812
8.7701
8.7562
8.74296
8.70547
8.71263
8.69981
8.69413
8.68945
8.69508
8.71846
8.71387
8.73726
8.73605
8.7201
8.73129
8.74859
8.76129
8.75955
8.76929
8.7743
8.79291
8.76486
8.74635
8.72566
8.74425
8.76869
8.75147
8.75367
8.76453
8.7837
8.78925
8.78229
8.78828
8.76624
8.77124
8.77391
8.77045
8.79883
8.78384
8.79149
8.80803
8.82435
8.81433
8.81287
8.83985
8.85523
8.84681
8.86805
8.86413
8.88747
8.88972
8.89802
8.89376
8.89027
8.89739
8.91057
8.88412
8.85338
8.86468
8.85082
8.85712
8.88432
8.88627
8.87515
8.87776
8.87647
8.87418
8.85917
8.83056
8.81115
8.82596
8.82181
8.81683
8.7951
8.8209
8.82349
8.83651
8.84252
8.85429
8.85518
8.862
8.85305
8.85082
8.86954
8.87978
8.89936
8.91412
8.93005
8.92745
8.93555
8.93621
8.92912
8.94745
8.97431
8.95682
8.95741
8.95686
8.95988
8.98717
8.99827
8.99952
9.01798
8.99925
9.01963
9.01333
8.98863
8.99457
8.99423
9.00018
9.00964
9.00235
9.00445
9.00441
8.9849
8.98409
8.99994
8.99682
8.98762
8.97111
8.95019
8.96907
8.98221
8.98973
8.95518
8.94738
8.91204
8.92515
8.91937
8.93943
8.96228
8.94303
8.92747
8.91319
8.92575
8.91694
8.88931
8.87833
8.90208
8.92036
8.905
8.88741
8.90212
8.90485
8.90058
8.90519
8.91339
8.89436
8.90577
8.92447
8.93786
8.95685
8.96465
8.95717
8.96704
8.96708
8.95155
8.96183
8.96303
8.93535
8.95001
8.95798
8.97444
8.9765
8.98447
9.01413
9.02129
9.01343
9.02012
9.01903
9.042
9.04848
9.03162
9.05479
9.05923
9.03969
9.04326
9.06487
9.05793
9.08462
9.07912
9.07717
9.08129
9.09019
9.07243
9.09301
9.09895
9.09098
9.07879
9.06828
9.07954
9.08299
9.0795
9.08864
9.11812
9.1219
9.11771
9.10875
9.08791
9.09757
9.09302
9.09849
9.09393
9.05719
9.03986
9.04894
9.08269
9.07046
9.07257
9.08478
9.10337
9.07319
9.07389
9.03954
9.03695
9.05624
9.04437
9.05186
