0
0.316746
0.521721
0.711582
0.892933
1.06838
1.22387
1.36558
1.50727
1.64092
1.75647
1.85807
1.98565
2.0955
2.19372
2.29278
2.40812
2.50869
2.61458
2.70196
2.80221
2.91089
2.99898
3.09474
3.17448
3.24786
3.3345
3.41317
3.48522
3.57431
3.64906
3.72628
3.817
3.90219
3.97069
4.03088
4.11353
4.19973
4.26222
4.3522
4.4423
4.50698
4.59283
4.65966
4.73395
4.83404
4.90144
4.97682
5.05047
5.13559
5.23427
5.32138
5.41354
5.50725
5.6043
5.66898
5.75439
5.8622
5.92958
6.00262
6.07853
6.16499
6.2665
6.32138
6.38796
6.47394
6.51257
6.59616
6.64801
6.75289
6.79804
6.86005
6.93791
7.02208
7.10579
7.18394
7.25211
7.3324
7.39129
7.46383
7.51889
7.59144
7.66743
7.722
7.79367
7.87018
7.95503
8.03024
8.08416
8.17885
8.24588
8.28974
8.37081
8.44691
8.50844
8.57706
8.65044
8.74945
8.81098
8.89254
8.95295
9.02027
9.08128
9.09815
9.15378
9.22682
9.28925
9.32229
9.37626
9.41359
9.49075
9.52164
9.59093
9.65825
9.72518
9.74941
9.82401
9.88328
9.97166
10.0229
10.0751
10.1768
10.2378
10.2823
10.3582
10.419
10.4923
10.5422
10.5854
10.6376
10.6765
10.7477
10.7664
10.798
10.847
10.8946
10.9547
11.0113
11.0383
11.0635
11.1063
11.1791
11.2038
11.2384
11.3148
11.3828
11.4335
11.4815
11.5633
11.6223
11.6677
11.7229
11.7761
11.829
11.8462
11.8687
11.931
12.0044
12.1062
12.1732
12.2086
12.2532
12.2859
12.3392
12.3718
12.4554
12.5151
12.5658
12.5621
12.6262
12.6913
12.743
12.8379
12.8685
12.9258
12.9743
13.0005
13.0717
13.13
13.164
13.1807
13.221
13.2803
13.3274
13.3495
13.3872
13.4543
13.4571
13.4761
13.5432
13.5898
13.5598
13.6302
13.7063
13.7367
13.7408
13.7997
13.8301
13.8526
13.8638
13.9088
13.9721
13.9812
14.0336
14.0559
14.1021
14.161
14.2175
14.2741
14.3279
14.3459
14.3914
14.4344
14.4926
14.4957
14.5579
14.5699
14.6674
14.6884
14.7283
14.7051
14.7056
14.7106
14.7179
14.7521
14.8079
14.8106
14.8316
14.8878
14.9581
14.9593
15
15.061
15.0962
15.1276
15.1162
15.1091
15.1511
15.1739
15.2138
15.2448
15.301
15.3396
15.2677
15.3153
15.3594
15.4156
15.4363
15.4605
15.5407
15.5373
15.5759
15.6063
15.6154
15.6815
15.7314
15.7622
15.7853
15.8406
15.8417
15.8705
15.9137
15.9761
15.9746
16.0215
16.0959
16.1321
16.1498
16.161
16.2115
16.1982
16.1888
16.2492
16.2709
16.3514
16.4012
16.4592
16.5004
16.4749
16.4998
16.5306
16.5922
16.6577
16.7289
16.7769
16.8323
16.8902
16.8498
16.8529
16.8946
16.9192
16.9399
16.9555
16.9683
17.0475
17.0728
17.1081
17.1341
17.1046
17.1524
17.1489
17.1687
17.173
17.1917
17.1784
17.2546
17.2732
17.2408
17.2802
17.3188
17.3036
17.3112
17.3403
17.3663
17.3453
17.3484
17.3988
17.3135
17.3025
17.335
17.3902
17.4094
17.3894
17.3446
17.3876
17.4557
17.5079
17.5349
17.5814
17.5725
17.635
17.653
17.6701
17.735
17.7275
17.7764
17.8442
17.8747
17.9205
17.9457
17.9938
18.015
18.0548
18.0175
18.052
18.0901
18.1197
18.149
18.1277
18.1661
18.1566
18.1369
18.1561
18.1789
18.2213
18.2418
18.245
18.235
18.1804
18.1572
18.192
18.1641
18.1816
18.1649
18.1418
18.1533
18.1449
18.0911
18.1122
18.1815
18.2063
18.2351
18.2964
18.326
18.3391
18.3396
18.3136
18.3335
18.376
18.3986
18.4335
18.5133
18.509
18.5399
18.6343
18.6412
18.6463
18.5852
18.6172
18.6421
18.5873
18.5743
18.5894
18.6349
18.6269
18.5497
18.5383
18.5931
18.6444
18.6822
18.7466
18.7793
18.8131
18.7648
18.7573
18.7455
18.776
18.7895
18.8556
18.8762
18.8863
18.8902
18.9369
18.9751
19.0003
19.0151
19.0255
19.0354
19.1207
19.0921
19.108
19.1058
19.128
19.0514
19.0999
19.1034
19.1096
19.1266
19.0781
19.1431
19.1724
19.1651
19.218
19.2639
19.3382
19.3881
19.4224
19.4885
19.4968
19.5281
19.5184
19.5706
19.5021
19.4932
19.4932
19.5797
19.6128
19.6185
19.6921
19.7636
19.7464
19.7496
19.7263
19.6953
19.6971
19.7147
19.7248
19.7702
19.7885
19.8226
19.8783
19.8681
19.8154
19.8254
19.8543
19.9087
19.9476
19.9909
20.0729
20.0656
20.0413
20.0963
20.1352
20.1739
20.1764
20.1733
20.2207
20.2721
20.3064
20.2924
20.3308
20.3734
20.3698
20.3631
20.3884
20.4138
20.3931
20.3456
20.349
20.4155
20.4143
20.441
20.435
20.483
20.5135
20.4695
20.4738
20.4907
20.5103
20.5584
20.5465
20.4589
20.4469
20.4341
20.4884
20.4659
20.4862
20.4675
20.4194
20.4004
20.4006
20.4153
20.4861
20.4924
20.5161
20.4967
20.4981
20.5682
20.6385
20.6236
20.6722
20.6119
20.5942
20.5968
20.5202
20.5435
20.4796
20.4314
20.4601
20.4671
20.4386
20.498
20.5321
20.4949
20.4828
20.4763
20.5249
20.5822
20.6073
20.5538
20.5065
20.4919
20.4909
20.504
20.53
20.5153
20.5259
20.537
20.5556
20.5272
20.5649
20.5451
20.5644
20.5763
20.5484
20.5825
20.6149
20.6486
20.6872
20.653
20.7172
20.7489
20.7898
20.798
20.8118
20.8305
20.8433
20.886
20.8954
20.9016
20.9128
20.8776
20.8568
20.8734
20.8897
20.9587
21.005
20.9683
21.0165
21.0006
20.9445
21.0206
21.0123
21.0368
21.0437
21.0343
21.0935
21.0919
21.1501
21.2236
21.2398
21.286
21.3038
21.2818
21.2528
21.2865
21.2737
21.2938
21.3539
21.383
21.3295
21.348
21.3492
21.3549
21.3227
21.3454
21.3478
21.2987
21.2707
21.2632
21.3137
21.3334
21.383
21.3248
21.3423
21.2665
21.3243
21.3428
21.3885
21.3868
21.4175
21.4652
21.5353
21.5966
21.6329
21.6493
21.7017
21.704
21.7145
21.7672
21.7701
21.7128
21.7769
21.799
21.7479
21.7869
21.8094
21.8386
21.9064
21.8898
21.9113
21.9094
21.9126
21.9058
21.8852
21.9144
21.9504
21.9812
22.0276
22.0303
21.9943
22.0084
21.9962
22.02
22.0193
21.9938
21.9679
21.9761
22.0464
22.0134
22.0263
22.0266
22.1184
22.0963
22.03
22.052
22.0165
21.9818
21.9682
22.0246
22.0471
22.0142
21.9967
21.9928
21.9773
21.9813
21.9281
21.8844
21.8963
21.8882
21.8586
21.8886
21.9329
21.9439
21.9249
21.9499
21.9798
21.9673
21.9371
21.9191
21.9168
21.9178
21.9458
21.9799
22.0352
22.0362
22.0752
22.0835
22.073
22.0837
22.111
22.0658
22.0122
22.0093
21.9895
22.0252
22.1026
22.1245
22.1571
22.1611
22.2139
22.1859
22.2264
22.2679
22.2891
22.2782
22.2958
22.2418
22.2302
22.2616
22.2972
22.3351
22.2314
22.2425
22.2558
22.3204
22.3881
22.3304
22.3564
22.2338
22.2866
22.2745
22.286
22.3503
22.3717
22.3925
22.4355
22.4412
22.3657
22.376
22.3968
22.419
22.4524
22.4468
22.3373
22.3757
22.395
22.3854
22.4415
22.4186
22.4509
22.4553
22.522
22.4898
22.5432
22.59
22.6345
22.6291
22.6645
22.6518
22.558
22.5187
22.558
22.5263
22.6003
22.5804
22.649
22.705
22.6784
22.6422
22.6516
22.6493
22.6428
22.6752
22.6404
22.668
22.5982
22.5745
22.5878
22.6208
22.6444
22.6169
22.5791
22.5954
22.5601
22.6119
22.6521
22.6446
22.6734
22.6243
22.6601
22.6154
22.6313
22.5931
22.5729
22.5156
22.4506
22.4119
22.4461
22.4213
22.4251
22.4319
22.4101
22.4196
22.4043
22.3524
22.3573
22.3623
22.4263
22.4188
22.386
22.3728
22.3865
22.444
22.4209
22.3619
22.3605
22.3491
22.3103
22.2805
22.287
22.3117
22.3059
22.3255
22.3475
22.3981
22.4088
22.4322
22.4916
22.5067
22.5314
22.486
22.4828
22.4758
22.443
22.4945
22.47
22.4109
22.4298
22.4164
22.4635
22.507
22.5299
22.5131
22.5252
22.6252
22.6055
22.5547
22.5794
22.5463
22.5947
22.5701
22.5828
22.6154
22.5688
22.5939
22.5306
22.5695
22.5662
22.5723
22.6135
22.5209
22.5557
22.5882
22.5296
22.4831
22.5049
22.4995
22.5084
22.4685
22.4955
22.4775
22.4945
22.5061
22.5491
22.6202
22.6286
22.6691
22.583
22.5667
22.6253
22.6743
22.72
22.696
22.6535
22.5929
22.5808
22.5878
22.5553
22.5606
22.5778
22.5828
22.5969
22.5773
22.5951
22.6159
22.5409
22.5908
22.5876
22.5475
22.6031
22.6491
22.6647
22.6268
22.6392
22.6
22.5952
22.5511
22.5951
22.6444
22.6398
22.6923
22.6854
22.6954
22.6853
22.6842
22.6823
22.7423
22.78
22.8518
22.8468
22.8525
22.8869
22.877
22.8488
22.8275
22.8615
22.8339
22.8311
22.8117
22.8195
22.823
22.9104
22.9244
22.9599
22.9723
23.0163
23.0797
23.0598
22.9658
22.9323
23.0292
22.9715
22.9987
22.984
22.9909
22.9734
23.0026
23.0124
23.0174
23.0526
23.0975
23.1427
23.1164
23.0644
22.9843
23.0321
23.0842
23.0874
23.1313
23.1259
23.0751
23.095
23.1055
23.0877
23.0574
23.008
22.987
22.9662
23.0276
23.0367
23.0913
23.0807
23.1062
23.0866
23.0653
22.9602
22.9523
23.0062
23.0396
22.9637
22.996
22.9468
22.9221
22.9437
22.9458
22.9309
22.9507
22.9692
22.9232
22.9265
22.8503
22.8107
22.7792
22.8061
22.7552
22.7699
22.7981
22.8062
22.7378
22.6646
22.7154
22.789
22.7492
22.7775
22.7976
22.8121
22.7742
22.7629
22.7699
22.7656
22.8321
22.775
22.8378
22.7852
22.7899
22.8306
22.7664
22.793
22.8097
22.7566
22.7949
22.8412
22.9039
22.9511
22.8822
22.8532
22.8957
22.8856
22.8708
22.8765
22.8219
22.8317
22.8577
22.8441
22.876
22.9117
22.899
22.9283
22.9314
22.8698
22.8891
22.8753
22.925
22.946
22.8806
22.9184
22.952
22.9773
22.9609
22.8742
22.8117
22.8844
22.8678
22.9003
22.8671
22.8762
22.8487
22.8412
22.8557
22.8983
22.9561
22.9915
22.9819
22.9878
22.9862
22.9715
22.9216
22.9172
22.8933
22.8748
22.9157
22.9198
22.9669
22.9879
22.9458
22.9593
22.8702
22.8505
22.8796
22.8911
22.8988
22.9335
22.9294
22.9609
22.9538
22.9377
22.8681
22.8514
22.8418
22.8486
22.8454
22.8186
22.7958
22.7549
22.7831
22.8189
22.8265
22.7719
22.6771
22.7108
22.7639
22.8031
22.7397
22.6873
22.6999
22.7394
22.7565
22.791
22.7735
22.83
22.8064
22.8361
22.885
22.8621
22.8747
22.8781
22.8583
22.7847
22.7851
22.8361
22.8568
22.8198
22.8177
22.8388
22.8259
22.8725
22.8732
22.891
22.9435
22.914
22.9008
22.9544
23.0226
23.0064
22.9819
22.9978
23.0462
23.0131
23.0171
22.9895
23.0953
23.1261
23.0964
23.0986
23.1082
23.1812
23.1862
23.2022
23.2273
23.2224
23.2203
23.2136
23.2343
23.2317
23.2367
23.2253
23.2398
23.2378
23.1882
23.2153
23.1576
23.1571
23.1032
23.1294
23.1879
23.196
23.2046
23.1997
23.2233
23.2484
23.2903
23.254
23.2568
23.2349
23.2041
23.2118
23.1848
23.1304
23.1383
23.1187
23.1685
23.1957
23.155
23.1324
23.1735
23.1822
23.2324
23.0998
23.1453
23.1179
23.0334
23.0343
23.0929
23.1314
23.1037
23.0725
23.0873
22.9964
23.0325
22.9361
22.9393
22.9301
22.8992
22.8303
22.9111
22.958
22.9635
22.9685
23.0202
23.0521
22.9789
22.9988
23.0308
22.9343
22.9168
22.934
23.019
23.0818
23.0722
22.9972
23.086
23.0902
23.081
23.0857
23.1128
23.1276
23.117
23.1584
23.2145
23.2087
23.1917
23.1773
23.138
23.1439
23.1538
23.1687
23.1623
23.2399
23.2098
23.1992
23.2572
23.2902
23.2701
23.2588
23.2845
23.3201
23.2843
23.2708
23.2605
23.3046
23.3021
23.3067
23.3336
23.2224
23.2456
23.1912
23.1945
23.1786
23.1655
23.1812
23.1363
23.17
23.1514
23.1918
23.187
23.1881
23.2
23.2058
23.1832
23.1808
23.1346
23.0701
23.0478
23.0602
23.0808
23.0337
23.0589
23.1135
23.1152
23.1142
23.0773
23.1014
23.1074
23.0594
23.021
23.003
23.0055
22.967
22.9035
22.8931
22.8477
22.836
22.836
22.7484
22.7767
22.74
22.778
22.7225
22.7127
22.7349
22.7341
22.6614
22.6208
22.6544
22.6338
22.6168
22.6146
22.5948
22.6304
22.5281
22.4878
22.5507
22.53
22.4939
22.4984
22.4845
22.5696
22.5678
22.5638
22.5252
22.5708
22.5792
22.5582
22.539
22.4978
22.5197
22.5134
22.5562
22.5874
22.621
22.5177
22.5468
22.606
22.6584
22.668
22.5369
22.5998
22.5824
22.5688
22.6052
22.6119
22.6469
22.58
22.6181
22.5836
22.5967
22.6375
22.6188
22.6346
22.659
22.663
22.6626
22.7059
22.7328
22.6704
22.7139
22.7106
22.6546
22.6266
22.6481
22.5768
22.6023
22.615
22.6477
22.6742
22.7229
22.7087
22.716
22.7296
22.7802
22.8073
22.7413
22.7372
22.7403
22.7679
22.786
22.7764
22.7964
22.8084
22.8034
22.7889
22.8224
22.8203
22.7851
22.7408
22.759
22.7704
22.7455
22.7135
22.7443
22.7218
22.656
22.6877
22.6581
22.6452
22.6251
22.6738
22.6887
22.6955
22.6188
22.6549
22.6753
22.5392
22.4967
22.4658
22.4511
22.4995
22.4832
22.4447
22.5011
22.4874
22.4966
22.5291
22.5398
22.5261
22.578
22.5955
22.5791
22.5234
22.4546
22.4654
22.5192
22.4323
22.4588
22.4046
22.4162
22.4914
22.4456
22.4788
22.4821
22.4773
22.4637
22.4178
22.4489
22.4875
22.4531
22.5193
22.4925
22.3778
22.4582
22.4488
22.4572
22.4457
22.4371
22.4093
22.3899
22.318
22.3386
22.3444
22.2832
22.2646
22.2725
22.3378
22.3752
22.3914
22.4295
22.4066
22.4677
22.4947
22.5007
22.4283
22.4637
22.4768
22.4739
22.4867
22.4871
22.4953
22.5368
22.523
22.5319
22.5586
22.5802
22.6545
22.7202
22.749
22.7487
22.7583
22.7674
22.6878
22.7002
22.667
22.6202
22.5798
22.5882
22.6357
22.6493
22.6235
22.6667
22.6621
22.6383
22.5387
22.5761
22.5929
22.6286
22.629
22.6648
22.6778
22.7235
22.7176
22.7372
22.8122
22.7344
22.7689
22.7645
22.7325
22.7078
22.7189
22.7597
22.7525
22.8052
22.7855
22.7706
22.808
22.8387
22.8315
22.7887
22.8084
22.7868
22.8229
22.8016
22.8608
22.9105
22.9081
22.8882
22.9275
22.9353
22.8813
22.9124
22.9117
22.8292
22.8604
22.853
22.8497
22.8135
22.7453
22.7134
22.6788
22.6211
22.557
22.5915
22.6292
22.7178
22.7412
22.757
22.7814
22.8005
22.812
22.8426
22.8855
22.8914
22.8532
22.8546
22.9107
22.8902
22.9214
22.9449
23.011
22.9619
22.9599
22.9095
22.9351
22.9681
22.9275
22.9004
22.9247
22.9207
22.9124
22.9611
22.9698
23.0182
22.98
22.9836
22.9964
22.953
22.9492
22.9791
23.027
23.0027
23.0043
22.9684
23.0347
23.0325
23.0302
23.0567
23.1217
23.1222
23.1507
23.1686
23.1967
23.1769
23.1834
23.2013
23.2648
23.2611
23.1545
23.165
23.1779
23.2424
23.2203
23.2542
23.2854
23.3375
23.3138
23.2932
23.2173
23.2694
23.2667
23.2492
23.3111
23.2995
23.2483
23.258
23.1907
23.1628
23.1825
23.1842
23.1612
23.1435
23.1417
23.1557
23.1355
23.132
23.1062
23.1036
23.1137
23.1502
23.1069
23.0396
23.0969
23.0664
23.0377
22.9928
23.0186
22.955
22.9024
22.8965
22.895
22.9546
22.972
22.8896
22.8611
22.9092
22.9104
22.8291
22.7818
22.8235
22.7281
22.7145
22.7293
22.7064
22.7034
22.6796
22.7346
22.695
22.6726
22.6931
22.7493
22.7421
22.7081
22.679
22.6908
22.5945
22.6037
22.5848
22.56
22.6058
22.6278
22.5632
22.5615
22.4965
22.4371
22.3982
22.4085
22.3741
22.3076
22.2589
22.283
22.3533
22.4268
22.4263
22.454
22.4492
22.4856
22.5106
22.4871
22.5203
22.5229
22.4956
22.4826
22.5265
22.4394
22.5033
22.4197
22.3952
22.2974
22.3459
22.2968
22.2655
22.28
22.2731
22.3004
22.3465
22.255
22.2051
22.2339
22.2496
22.2784
22.2223
22.3036
22.304
22.2491
22.2851
22.3319
22.3898
22.4228
22.3994
22.3716
22.3762
22.3878
22.3954
22.377
22.4022
22.3993
22.4221
22.4695
22.5281
22.5219
22.5557
22.5083
22.5336
22.5353
22.5256
22.4691
22.5207
22.4616
22.458
22.4504
22.4387
22.3753
22.416
22.4513
22.4478
22.4298
22.439
22.4333
22.4023
22.3841
22.4429
22.3946
22.3457
22.3352
22.3012
22.4015
22.4344
22.4541
22.4637
22.4915
22.4707
22.4541
22.4249
22.4334
22.465
22.3889
22.3933
22.3794
22.39
22.3294
22.391
22.3841
22.3402
22.3375
22.3272
22.3151
22.3519
22.3213
22.3388
22.2916
22.2739
22.3184
22.3487
22.3444
22.3828
22.3777
22.3467
22.2351
22.2285
22.2397
22.3006
22.3117
22.3581
22.365
22.3636
22.4176
22.3291
22.2993
22.3283
22.2527
22.2961
22.3329
22.3283
22.346
22.3688
22.3637
22.3473
22.4209
22.3872
22.3536
22.372
22.369
22.3025
22.3234
22.3617
22.3682
22.367
22.3752
22.3831
22.4443
22.4677
22.4199
22.453
22.4559
22.4707
22.4782
22.4876
22.5213
22.5463
22.5787
22.457
22.5046
22.4472
22.4395
22.4147
22.4035
22.4338
22.4092
22.4106
22.363
22.3069
22.3257
22.3187
22.3262
22.3802
22.3957
22.4541
22.4608
22.48
22.5372
22.5526
22.631
22.5577
22.5645
22.4551
22.5202
22.5641
22.5523
22.5434
22.5978
22.6247
22.5847
22.4867
22.4088
22.3476
22.3386
22.3736
22.3942
22.3869
22.4043
22.4149
22.4875
22.3338
22.3129
22.312
22.4107
22.464
22.4179
22.4445
22.5351
22.5576
22.4925
22.5029
22.4821
22.4827
22.4549
22.4009
22.4263
22.4137
22.3491
22.3658
22.3299
22.3034
22.2485
22.2242
22.2667
22.31
22.2978
22.2867
22.3357
22.3625
22.2894
22.3264
22.3502
22.3648
22.2568
22.2217
22.236
22.275
22.3127
22.3195
22.269
22.3259
22.3185
22.3479
22.3099
22.3018
22.303
22.296
22.25
22.2386
22.2469
22.2149
22.1769
22.187
22.154
22.1542
22.1404
22.1065
22.0783
22.1213
22.114
22.1779
22.1751
22.2074
22.238
22.2453
22.2872
22.2506
22.2952
22.251
22.2868
22.3552
22.4163
22.4423
22.4488
22.435
22.4469
22.4902
22.4662
22.4818
22.5094
22.459
22.4485
22.4653
22.4969
22.5209
22.5489
22.5802
22.5452
22.5107
22.4907
22.5002
22.5441
22.593
22.6197
22.6615
22.6593
22.5949
22.5309
22.5919
22.5697
22.5492
22.5628
22.5222
22.4894
22.5552
22.5325
22.5113
22.5279
22.5561
22.5332
22.4944
22.5397
22.4941
22.4696
22.4102
22.4329
22.4683
22.4273
22.4274
22.4704
22.4025
22.3852
22.3566
22.3574
22.4356
22.4189
22.375
22.3777
22.3099
22.2916
22.3646
22.3539
22.3609
22.3121
22.3252
22.3489
22.297
22.2961
22.3674
22.3223
22.3111
22.3217
22.365
22.3476
22.3312
22.2652
22.3274
22.3545
22.3341
22.2228
22.153
22.2161
22.2591
22.1361
22.1713
22.1442
22.1088
22.0675
22.0838
22.1208
22.1021
22.0845
22.0887
22.1007
22.0962
22.04
22.0121
22.0016
22.0117
22.0003
22.0638
22.1193
22.0669
22.0538
22.0665
22.0847
22.0488
22.0282
22.0291
22.0428
22.0049
21.926
21.9979
22.0336
22.0421
22.0599
22.0477
22.1069
22.1353
22.1647
22.1886
22.1172
22.132
22.0592
22.0739
22.0714
22.0686
22.0519
22.004
22.0571
22.1013
22.0338
21.9948
21.959
21.9786
22.001
21.9694
21.9298
21.9993
21.9408
21.9021
21.9484
21.9753
21.9299
21.959
22.0564
22.103
22.0238
22.0425
22.0271
22.081
22.0389
21.9974
21.9684
22.0083
22.0258
21.9923
21.9666
21.9898
21.8775
21.8929
21.9268
21.9052
21.8828
21.8557
21.9065
21.8939
21.8561
21.8784
21.9107
21.9174
21.9325
21.9886
21.9904
21.9312
21.861
21.8678
21.8502
21.8233
21.8301
21.8562
21.8545
21.8828
21.8834
21.9126
21.8986
21.9528
21.9243
21.9185
22.0015
22.0063
21.9693
21.9885
21.9973
22.0282
22.0358
22.0181
21.9982
21.9571
21.9657
22.0048
22.0247
22.0846
22.0706
22.0241
22.1036
22.0958
22.1031
22.123
22.153
22.151
22.1665
22.1408
22.0477
21.9182
21.8978
21.9163
21.8988
21.8847
21.851
21.802
21.8222
21.8634
21.7015
21.725
21.7379
21.7748
21.7826
21.7242
21.7536
21.797
21.7748
21.7336
21.6851
21.6848
21.734
21.8073
21.8977
21.8686
21.9112
21.8909
21.8851
21.8036
21.8603
21.7779
21.6682
21.7284
21.6965
21.7653
21.7623
21.7707
21.7684
21.7705
21.7733
21.7579
21.7383
21.7451
21.704
21.7627
21.7476
21.7291
21.785
21.7884
21.8347
21.8742
21.8189
21.7814
21.8138
21.8433
21.8563
21.8677
21.8685
21.8799
21.8826
21.947
21.9071
21.8721
21.913
21.8873
21.8958
21.92
21.939
21.9818
21.9881
22.0089
22.0034
21.9478
21.9557
21.8993
21.8405
21.8598
21.7714
21.7744
21.8185
21.8108
21.6939
21.7036
21.7929
21.8038
21.7955
21.7913
21.7813
21.8185
21.8316
21.8071
21.8513
21.8867
21.8672
21.8342
21.9079
21.9471
21.9603
21.9727
22.006
22.0112
21.9784
21.9766
22.0037
22.0179
22.0377
22.0626
22.0449
22.0853
22.0664
22.0635
22.1034
22.1048
22.0414
22.066
22.1004
22.0999
22.1153
22.0686
22.0583
22.0204
21.975
21.9627
21.9522
21.9488
21.8944
21.9054
21.9354
21.9753
21.9328
21.8955
21.8202
21.8587
21.8448
21.7797
21.788
21.7581
21.8093
21.8278
21.8257
21.8128
21.8171
21.8221
21.8409
21.919
21.8771
21.8558
21.7537
21.757
21.8111
21.8535
21.8945
21.8783
21.8408
21.7533
21.7412
21.7848
21.7879
21.8496
21.8775
21.8992
21.9188
21.9366
21.9174
21.9508
21.9497
21.9096
21.9228
21.9405
21.9935
22.0072
22.0404
22.0854
22.0883
22.0841
22.0217
21.9852
21.9777
21.9852
22.0188
22.0422
22.0293
22.0687
22.0678
22.0773
22.0777
22.0963
22.1191
22.0779
22.0237
22.0365
22.0006
22.0467
21.9595
21.9981
22.021
22.0498
21.9617
21.9996
22.0035
22.0515
21.9851
21.9129
21.8804
21.8938
21.9005
21.9178
21.8972
21.8836
21.882
21.864
21.8821
21.87
21.9347
21.8956
21.9233
21.9546
21.9711
21.9688
22.0046
22.0238
21.9047
21.9346
22.0129
22.0537
22.0685
22.0452
22.1058
22.1064
22.0319
22.0505
22.0916
22.133
22.1284
22.1291
22.1897
22.1764
22.1985
22.2046
22.222
22.1629
22.1667
22.1748
22.2359
22.2708
22.2718
22.2223
22.2797
22.2999
22.2939
22.3407
22.3638
22.3661
22.3301
22.2989
22.2789
22.3119
22.3376
22.2399
22.2964
22.3229
22.3634
22.377
22.3667
22.369
22.2806
22.2976
22.2839
22.2448
22.1943
22.2563
22.264
22.2667
22.2697
22.2813
22.3315
22.3651
22.3433
22.3807
22.4025
22.3916
22.3874
22.3527
22.3214
22.3713
22.3778
22.3572
22.348
22.3423
22.3172
22.231
22.2301
22.226
22.2279
22.2405
22.1724
22.2088
22.1333
22.1132
22.1698
22.1232
22.1426
22.1447
22.1773
22.1465
22.1846
22.22
22.2426
22.2004
22.2133
22.1421
22.156
22.2012
22.2226
22.2348
22.18
22.1573
22.2052
22.2375
22.2533
22.2683
22.2017
22.2516
22.2547
22.2907
22.1687
22.1986
22.1778
22.2121
22.239
22.251
22.298
22.3161
22.3297
22.2904
22.3325
22.3691
22.3962
22.399
22.4151
22.3638
22.3313
22.3416
22.3252
22.3937
22.3865
22.411
22.4279
22.3817
22.3322
22.2983
22.3336
22.3206
22.2803
22.2968
22.3474
22.425
22.3817
22.4254
22.4381
22.4262
22.4391
22.3832
22.3896
22.3798
22.3777
22.3969
22.4265
22.3944
22.2968
22.3582
22.3561
22.4037
22.3812
22.408
22.4359
22.4885
22.5066
22.4973
22.4549
22.4443
22.444
22.4452
22.4631
22.4682
22.5213
22.5185
22.5375
22.5086
22.5175
22.5712
22.5534
22.5448
22.5583
22.5513
22.5317
22.5591
22.5903
22.5957
22.5698
22.6638
22.681
22.6773
22.6721
22.7201
22.7183
22.6871
22.751
22.7534
22.679
22.7048
22.708
22.6575
22.7114
22.7157
22.7148
22.7221
22.6872
22.6881
22.7702
22.8283
22.7497
22.691
22.7362
22.7481
22.7311
22.6824
22.7075
22.716
22.7342
22.743
22.8139
22.7695
22.7693
22.7336
22.7692
22.7975
22.8214
22.8016
22.8809
22.8696
22.8643
22.8668
22.8922
22.8907
22.8904
22.7879
22.666
22.6149
22.5851
22.6061
22.5708
22.5185
22.5095
22.5284
22.5251
22.5325
22.4576
22.4616
22.4939
22.5476
22.5449
22.602
22.6397
22.6545
22.6458
22.5813
22.5716
22.6326
22.6609
22.6726
22.7037
22.7485
22.7667
22.8035
22.8249
22.7693
22.7672
22.7888
22.7837
22.7855
22.681
22.6821
22.6747
22.6808
22.6927
22.6136
22.6106
22.6021
22.646
22.5462
22.6044
22.6111
22.5869
22.5995
22.5903
22.6349
22.6216
22.603
22.6185
22.6331
22.6187
22.6517
22.6739
22.6333
22.6744
22.7476
22.768
22.6526
22.6305
22.6456
22.7233
22.6891
22.7074
22.699
22.7498
22.7511
22.7314
22.6793
22.721
22.7491
22.7
22.6892
22.7437
22.7634
22.7478
22.7508
22.7992
22.7908
22.7751
22.8082
22.7915
22.7717
22.8051
22.7501
22.6953
22.6812
22.6891
22.7328
22.7515
22.8151
22.8303
22.7452
22.7844
22.7994
22.833
22.8623
22.9238
22.9698
22.955
22.9639
23.0068
22.9959
23.0345
22.9847
23.0413
23.0169
23.0813
23.0996
23.1479
23.1409
23.1746
23.1943
23.2136
23.2138
23.188
23.2219
23.2323
23.2436
23.2419
23.217
23.2345
23.2599
23.1777
23.1393
23.1615
23.1231
23.1658
23.1242
23.1851
23.2157
23.2545
23.2769
23.2387
23.1695
23.115
23.0229
23.0824
23.0654
23.0883
23.1106
23.146
23.1656
23.1552
23.184
23.1658
23.2008
23.1922
23.2399
23.2296
23.1859
23.1642
23.1381
23.17
23.2082
23.2111
23.1578
23.236
23.0929
23.086
23.1195
23.1404
23.0988
23.1615
23.2458
23.2778
23.2863
23.2494
23.1838
23.258
23.2123
23.1505
23.0741
23.0545
23.0573
22.9698
22.8695
22.9208
22.9646
22.9906
23.0067
23.0575
23.0277
23.0501
23.0597
23.0476
22.9675
23.0071
23.0342
23.0037
23.0023
23.0361
23.0465
22.9912
22.9299
22.9797
22.993
22.9924
22.9375
22.8819
22.8116
22.8387
22.8299
22.8369
22.7733
22.7404
22.7219
22.7209
22.6843
22.5935
22.6361
22.6084
22.6306
22.6233
22.5753
22.6067
22.6281
22.6008
22.6269
22.668
22.5933
22.6495
22.6911
22.7025
22.6572
22.7011
22.6409
22.6322
22.6354
22.702
22.7618
22.7208
22.717
22.7541
22.7821
22.7537
22.767
22.798
22.812
22.7972
22.7884
22.766
22.8466
22.7992
22.7984
22.7569
22.7884
22.7583
22.753
22.8221
22.8418
22.8711
22.7397
22.765
22.6985
22.7205
22.7805
22.7874
22.7888
22.8134
22.7925
22.811
22.8228
22.7974
22.8437
22.8837
22.8518
22.892
22.9918
23.0239
23.0552
23.0154
23.0379
23.0607
23.1248
23.0732
23.0288
23.0192
22.985
22.9597
22.9957
23.0299
23.0237
23.0589
23.0801
22.9873
23.0144
23.0604
23.1252
23.0248
23.029
23.0019
23.013
22.9514
22.9256
22.9122
22.9565
22.9469
23.0034
22.9758
23.0092
23.0846
23.1037
23.082
23.0319
23.0647
23.13
23.0288
23.0709
23.0868
23.0805
23.1376
23.1918
23.1671
23.2316
23.2103
23.1513
23.1435
23.1621
23.1863
23.1176
23.2064
23.2044
23.1969
23.1072
23.1161
23.1011
23.0103
23.0664
23.0434
23.0197
23.0046
22.9924
23.0424
23.0297
22.9899
22.921
22.9054
22.8938
22.9138
22.9449
22.9265
22.9126
22.9528
23.005
22.9245
22.9005
22.8754
22.7701
22.7979
22.7892
22.7435
22.7271
22.7276
22.7486
22.7274
22.7607
22.8346
22.8235
22.8043
22.8225
22.7782
22.768
22.7336
22.7054
22.7451
22.7296
22.7616
22.7555
22.7422
22.6591
22.6473
22.5915
22.5664
22.5167
22.5346
22.5461
22.6187
22.6354
22.5563
22.6053
22.5921
22.6283
22.5896
22.5543
22.6148
22.6191
22.6498
22.6556
22.6512
22.5981
22.5694
22.5485
22.6119
22.5075
22.4669
22.4688
22.5056
22.5297
22.474
22.491
22.4661
22.446
22.4655
22.5086
22.5654
22.6067
22.5468
22.5291
22.5728
22.5788
22.6256
22.6593
22.7128
22.7527
22.8091
22.8225
22.8741
22.8952
22.9488
22.9015
22.9085
22.9165
22.9361
22.9992
23.0217
22.9566
22.9983
22.9828
23.0519
23.0795
23.0743
23.0839
23.117
23.091
23.1188
23.1453
23.0514
23.0875
23.0604
23.1116
23.1682
23.0862
22.9931
23.0264
23.0641
23.0874
23.0194
23.0799
23.0847
23.0627
23.0252
23.0162
23.0117
23.0021
22.9704
23.0034
23.0001
22.9208
22.925
23.0234
23.0716
23.0405
22.9605
22.917
22.9101
22.9111
22.8742
22.9291
22.9229
22.888
22.8973
22.9632
23.0597
23.0907
23.0224
22.937
22.996
23.0016
22.9709
22.9571
22.9795
23.0085
23.045
23.0388
23.0419
22.9882
22.9517
22.9559
23.0003
22.984
22.9455
22.9489
23.0006
23.0429
23.0288
23.0597
23.0678
23.1214
23.0322
22.9335
22.882
22.9285
22.8848
22.8926
22.9465
22.9801
22.9806
22.9857
22.9442
22.9855
22.9655
22.9409
22.9863
23.0123
22.9856
23.0032
22.9968
22.8978
22.835
22.806
22.817
22.8545
22.8359
22.8836
22.9628
22.9568
22.988
23.0366
23.0909
23.0618
23.0281
22.9948
22.9773
22.942
22.9601
22.9326
22.9951
23.0189
22.9765
22.9538
22.9406
22.884
22.8622
22.8483
22.7779
22.7695
22.7484
22.7515
22.7786
22.7694
22.7828
22.7963
22.7469
22.6716
22.6714
22.7188
22.6431
22.6857
22.7094
22.6882
22.6605
22.6375
22.6187
22.6045
22.6211
22.6209
22.6311
22.5471
22.583
22.5489
22.5597
22.4695
22.4165
22.4644
22.4283
22.4039
22.4618
22.474
22.4128
22.3785
22.4197
22.451
22.4304
22.4191
22.3638
22.3232
22.3123
22.3179
22.2603
22.2772
22.2813
22.3398
22.363
22.371
22.2929
22.2149
22.2162
22.2136
22.1391
22.1386
22.1661
22.2502
22.2201
22.2035
22.1173
22.132
22.0889
22.1244
22.126
22.1376
22.1864
22.1535
22.2098
22.257
22.2892
22.3624
22.3698
22.3512
22.4325
22.4781
22.5038
22.5036
22.5314
22.5109
22.5601
22.5971
22.6206
22.5836
22.6486
22.6671
22.6622
22.6434
22.6857
22.682
22.6425
22.6564
22.6994
22.6728
22.7075
22.6881
22.685
22.5523
22.5525
22.5235
22.512
22.4541
22.4703
22.4925
22.5322
22.5636
22.5407
22.4472
22.4307
22.3895
22.3863
22.3144
22.3408
22.3641
22.3612
22.3961
22.4583
22.4381
22.4844
22.4457
22.3265
22.3094
22.227
22.2465
22.2769
22.3271
22.3765
22.4486
22.5098
22.5488
22.6125
22.6545
22.7203
22.7102
22.7473
22.7391
22.641
22.6511
22.5723
22.5752
22.6244
22.7236
22.7206
22.7875
22.8508
22.8091
22.8193
22.8397
22.8547
22.8779
22.8855
22.9006
22.8705
22.9265
22.9118
22.798
22.8206
22.6664
22.6952
22.6751
22.7134
22.6779
22.7256
22.7658
22.7045
22.7112
22.6181
22.612
22.607
22.662
22.6819
22.6057
22.6407
22.6434
22.5442
22.5136
22.5639
22.5599
22.5552
22.5456
22.4636
22.4356
22.4249
22.3946
22.4203
22.4838
22.4824
22.4575
22.4535
22.4594
22.4374
22.481
22.5367
22.5356
22.5523
22.5554
22.5753
22.5924
22.5186
22.517
22.5138
22.5118
22.5079
22.5427
22.5895
22.5481
22.5408
22.5686
22.6062
22.5755
22.4859
22.5033
22.5326
22.5882
22.4938
22.5439
22.5911
22.5441
22.5012
22.4737
22.5171
22.5194
22.5588
22.535
22.5749
22.5704
22.4567
22.5122
22.5129
22.539
22.5423
22.5034
22.4802
22.414
22.405
22.44
22.4063
22.4147
22.4121
22.4831
22.4509
22.4507
22.4162
22.2844
22.24
22.1778
22.1328
22.0922
22.087
22.0468
22.0864
22.0655
22.0492
21.9922
21.9615
21.9204
21.8718
21.8769
21.8992
21.8912
21.9115
21.9546
21.9422
22.0017
22.0595
22.0454
22.0389
22.0355
21.9846
22.0168
22.0378
22.0408
22.0467
22.0633
22.0901
22.0898
22.1308
22.1125
22.013
22.0061
22.0135
22.0458
22.0699
22.0626
22.0727
22.0877
22.1033
22.1171
22.1486
22.1538
22.1747
22.2184
22.1795
22.1722
22.162
22.1651
22.199
22.2402
22.251
22.1732
22.23
22.2263
22.2607
22.2838
22.3166
22.3495
22.3264
22.3465
22.3531
22.3138
22.3334
22.3421
22.4077
22.4011
22.4151
22.3413
22.4418
22.4416
22.3962
22.3263
22.2874
22.2984
22.2286
22.1487
22.1338
22.116
22.1239
22.0637
22.1015
22.116
22.0906
22.0414
22.0484
22.0442
22.0674
22.0618
22.036
22.0753
22.1067
22.1017
22.1045
22.0481
22.0383
22.0686
22.0838
22.0846
22.109
22.0647
22.0796
22.1344
22.1458
22.1827
22.1821
22.1118
22.0917
21.9886
22.0443
22.1173
22.108
22.0571
22.0208
21.953
21.9429
21.9059
21.9381
21.91
21.916
21.9209
21.9182
21.9197
21.9189
21.9235
21.8184
21.8229
21.7949
21.8465
21.8851
21.8864
21.9456
21.9058
21.9704
22.0243
22.0658
22.0973
22.08
22.0596
22.0349
22.0341
22.0364
22.0206
21.995
22.0199
22.0353
22.0492
22.0294
22.0756
22.1496
22.2229
22.289
22.3404
22.3349
22.3625
22.4021
22.3741
22.4071
22.4779
22.4338
22.4544
22.4106
22.463
22.448
22.3642
22.311
22.3252
22.3049
22.3424
22.3342
22.2587
22.2418
22.2226
22.1794
22.2223
22.2272
22.1814
22.2081
22.2762
22.26
22.2955
22.2914
22.3026
22.3207
22.34
22.3903
22.3494
22.3099
22.3362
22.3436
22.3951
22.3629
22.319
22.256
22.2267
22.1851
22.1665
22.2659
22.2507
22.2604
22.315
22.3693
22.3145
22.165
22.1876
22.1981
22.2141
22.2411
22.2553
22.2131
22.2
22.1631
22.1682
22.1663
22.2032
22.1883
22.2485
22.2196
22.2338
22.2182
22.2628
22.3235
22.3253
22.251
22.2034
22.1436
22.1691
22.193
22.205
22.2308
22.236
22.1724
22.0865
22.0971
22.1353
22.16
22.1226
22.1168
22.0417
21.9959
21.956
21.9529
21.9578
21.9305
21.9447
21.8966
21.9269
21.8827
21.96
22.022
22.0681
22.1176
22.0743
22.0725
22.0169
22.0189
22.0366
21.992
21.9683
21.9436
21.9177
21.8973
21.9107
21.8431
21.8403
21.8108
21.8178
21.8371
21.8535
21.9037
21.9657
22.0007
22.0131
22.0103
21.9469
21.9486
21.9937
22.0036
21.9982
22.0147
22.0285
22.0882
22.1227
22.1297
22.1199
22.1408
22.2033
22.2153
22.1762
22.2096
22.2362
22.222
22.2388
22.2728
22.2289
22.1982
22.2775
22.3298
22.3513
22.4173
22.4546
22.5177
22.5514
22.5241
22.5522
22.5587
22.5551
22.6044
22.6522
22.7294
22.7093
22.7257
22.7258
22.7439
22.7719
22.7657
22.7019
22.7352
22.7816
22.7991
22.7964
22.8979
22.9229
22.8721
22.888
22.8964
22.9664
22.9978
22.9813
23.0053
23.0102
22.9525
22.9371
23.0075
22.9913
22.9971
23.0184
22.9688
23.0035
22.954
22.918
22.8899
22.9157
22.8651
22.8975
22.9175
22.9286
22.9337
22.9148
22.9413
22.8719
22.9049
22.925
22.8688
22.8826
22.8802
22.8834
22.8658
22.8271
22.7962
22.7884
22.8358
22.8014
22.7675
22.7147
22.7329
22.7287
22.7652
22.7689
22.7888
22.8228
22.8142
22.8355
22.8878
22.877
22.8558
22.8247
22.8528
22.8411
22.872
22.797
22.7786
22.8078
22.7288
22.7758
22.7987
22.7855
22.7757
22.7783
22.8105
22.7247
22.7996
22.8304
22.8807
22.8949
22.8741
22.8795
22.8677
22.9303
22.8434
22.8765
22.9087
22.9264
22.9156
22.884
22.8942
22.9376
22.9288
22.9014
22.8492
22.8858
22.8212
22.7859
22.8107
22.8189
22.7558
22.7587
22.7497
22.7007
22.6263
22.6283
22.5539
22.5974
22.6219
22.652
22.6477
22.6632
22.6674
22.6705
22.6886
22.6633
22.6793
22.6922
22.7613
22.7867
22.7763
22.7647
22.8052
22.7098
22.729
22.8071
22.8968
22.9052
22.8483
22.8932
22.9279
22.941
22.9057
22.9618
22.973
22.9815
22.9912
23.0356
23.1021
23.0929
23.1521
23.1722
23.2223
23.1642
23.12
23.1739
23.2065
23.1539
23.182
23.1898
23.2082
23.1976
23.1007
23.1079
23.1467
23.043
23.0914
23.1214
23.0935
23.0453
23.0325
23.0109
23.0199
22.9798
23.0071
23.0285
23.0253
22.9792
22.9592
22.9352
22.9881
22.9998
22.957
22.9709
22.9572
22.9585
22.9722
22.9071
22.9679
22.9659
22.8635
22.8478
22.8516
22.8526
22.8512
22.8825
22.9445
23.0096
23.0461
23.1011
23.1082
23.0767
23.0592
23.0225
23.0589
23.064
22.997
22.9837
22.9845
23.0125
23.0548
23.0635
23.0818
23.0455
22.9966
23.0234
23.0483
23.0958
23.0201
23.0304
22.985
22.9773
22.9687
22.9237
23.0168
23.0655
23.1123
23.1042
23.1334
23.1846
23.1189
23.1573
23.1807
23.2012
23.2005
23.1372
23.089
23.0886
23.0281
23.0293
22.9771
22.9821
23.0212
23.0198
23.0276
22.9873
23.0104
23.0566
23.0362
23.059
23.1228
23.1664
23.1898
23.2236
23.248
23.2784
23.2719
23.2524
23.2273
23.2115
23.2799
23.2052
23.1861
23.1858
23.2629
23.2511
23.2267
23.1751
23.1131
23.1652
23.1741
23.136
23.1478
23.2081
23.2501
23.2645
23.2944
23.2425
23.2717
23.2628
23.3172
23.2407
23.145
23.1046
23.0293
22.9254
22.9571
22.9461
22.9438
22.8785
22.9236
22.972
23.0104
22.9474
22.8671
22.9285
22.9346
22.963
22.9338
22.9715
22.9139
22.928
22.9468
22.9964
23.0507
23.033
22.998
22.9709
22.9181
22.8857
22.906
22.9314
22.9378
22.9286
22.9228
22.9227
22.8679
22.8705
22.8901
22.8991
22.9465
22.9791
22.9215
22.9566
22.9976
23.0315
23.0697
23.0881
23.1023
23.0711
23.0471
23.1079
23.076
23.0552
23.0637
23.0858
23.069
23.143
23.1482
23.1143
23.1342
23.0027
23.0146
23.0559
23.037
23.0243
23.073
23.0669
23.0725
23.1239
23.0885
23.1176
23.1035
23.0553
23.0995
23.0285
22.9542
22.9485
23.0003
23.0536
22.987
22.9678
22.9954
22.9828
22.9556
22.964
22.9618
22.9646
22.9897
23.0561
23.0751
23.1198
23.1242
23.1476
23.1863
23.1547
23.1988
23.2187
23.215
23.1896
23.2653
23.2933
23.3119
23.3343
23.36
23.3271
23.3422
23.3823
23.4213
23.3689
23.4083
23.3974
23.4158
23.4572
23.4739
23.3799
23.3897
23.3781
23.4361
23.4122
23.4457
23.4768
23.5054
23.545
23.5664
23.5484
23.5619
23.6304
23.6704
23.6925
23.5678
23.5892
23.5809
23.4725
23.4768
23.4961
23.5747
23.4083
23.438
23.4894
23.4881
23.5093
23.3892
23.2839
23.2902
23.2714
23.2415
23.2233
23.2179
23.2631
23.2479
23.2324
23.2482
23.2831
23.2865
23.3398
23.2153
23.2342
23.152
23.2227
23.2218
23.2301
23.2383
23.2075
23.2203
23.1713
23.2047
23.1624
23.2345
23.2163
23.2488
23.2273
23.257
23.2503
23.2638
23.2328
23.2182
23.2414
23.2494
23.1273
23.1586
23.1196
23.074
22.9936
23.0263
23.0418
23.0321
23.0479
23.1159
23.1251
23.1197
23.1165
23.1218
23.1577
23.0863
23.0673
23.0574
22.9517
22.9485
22.9301
22.9524
22.9608
22.9917
23.0405
23.0351
23.0598
23.0428
23.0741
23.0978
23.11
23.0768
23.1321
23.1235
23.1471
23.142
23.1753
23.1328
23.1279
23.1555
23.1626
23.2223
23.2554
23.1751
23.1997
23.199
23.1587
23.166
23.1487
23.2074
23.166
23.0909
23.0436
23.0146
23.0413
23.0062
22.9478
22.966
23.0278
22.9419
22.9946
23.0551
23.0695
23.0235
23.0809
23.1092
23.1439
23.0925
23.0837
23.032
23.0701
23.081
23.1097
23.0892
23.1211
23.1719
23.2242
23.2588
23.2621
23.229
23.2674
23.291
23.2417
23.2162
23.2704
23.3396
23.2878
23.2431
23.2533
23.3229
23.3768
23.378
23.3869
23.367
23.3844
23.3694
23.3677
23.4044
23.4157
23.3699
23.3602
23.4094
23.4451
23.3941
23.3899
23.3117
23.2664
23.2613
23.2375
23.2943
23.2617
23.2247
23.2624
23.2034
23.2375
23.2322
23.176
23.2408
23.2586
23.2271
23.2717
23.1929
23.2054
23.2521
23.2911
23.296
23.2679
23.2468
23.2556
23.2422
23.2344
23.2346
23.2147
23.2415
23.2427
23.1757
23.1398
23.1478
23.1843
23.1878
23.1607
23.1351
23.1045
23.0778
23.0919
23.0872
23.0935
23.1021
23.1112
23.1208
23.1582
23.1734
23.1452
23.1637
23.1688
23.1189
23.1943
23.2269
23.1754
23.2131
23.1627
23.1941
23.2168
23.1636
23.1824
23.1449
23.1779
23.2254
23.2121
23.2239
23.2435
23.2624
23.2141
23.1501
23.1767
23.1364
23.0957
23.1043
23.0158
23.0038
23.0104
23.0382
23.112
23.0932
23.0709
23.0983
23.0708
23.0135
23.0437
22.954
22.9299
22.9818
22.9199
22.9112
22.9274
22.7583
22.7462
22.786
22.8591
22.8771
22.9019
22.8602
22.8152
22.7828
22.7413
22.7759
22.8067
22.8086
22.756
22.7707
22.7613
22.8017
22.8564
22.8623
22.88
22.8619
22.7805
22.7765
22.7501
22.7817
22.7278
22.7182
22.694
22.6839
22.7127
22.6827
22.6888
22.6732
22.7019
22.7358
22.7559
22.6558
22.6559
22.6471
22.6111
22.6043
22.5323
22.5336
22.5219
22.5018
22.552
22.5209
22.5182
22.4944
22.549
22.5857
22.5836
22.6008
22.6189
22.6261
22.6866
22.7131
22.6975
22.6755
22.7558
22.7595
22.8305
22.8853
22.8794
22.8504
22.8111
22.8308
22.8327
22.857
22.7693
22.7346
22.7025
22.6056
22.5788
22.5636
22.5393
22.5061
22.5223
22.5648
22.6014
22.5883
22.6583
22.67
22.6588
22.6687
22.6912
22.7009
22.7168
22.6977
22.725
22.7358
22.744
22.7711
22.8025
22.8778
22.8569
22.8192
22.8416
22.89
22.8917
22.8261
22.8069
22.8465
22.8461
22.8571
22.8342
22.843
22.8056
22.7992
22.8455
22.8386
22.8523
22.9149
22.9186
22.9183
22.8892
22.8797
22.9137
22.8923
22.9411
22.9522
22.9142
22.8456
22.8889
22.9111
22.9331
22.9218
22.9014
22.8291
22.8897
22.8863
22.8812
22.9013
22.9015
22.8617
22.7617
22.7729
22.8005
22.8293
22.835
22.8546
22.7293
22.6917
22.7163
22.7354
22.7814
22.8088
22.852
22.8269
22.7992
22.7919
22.8038
22.7722
22.7463
22.795
22.7659
22.6966
22.6018
22.643
22.6982
22.6888
22.6837
22.7302
22.6958
22.6732
22.6376
22.6454
22.6224
22.643
22.6885
22.678
22.7439
22.7407
22.7831
22.7774
22.7986
22.7999
22.8264
22.8483
22.8097
22.8805
22.8448
22.9004
22.9014
22.8692
22.8979
22.9283
22.9111
22.8906
22.8723
22.8507
22.8884
22.911
22.9407
22.9833
22.9854
23.0393
23.0561
23.0352
22.9888
22.9474
22.9905
22.9867
22.9371
22.8974
22.9094
22.9025
22.9591
22.9522
22.8779
22.8733
22.8723
22.8633
22.8643
22.9166
22.8498
22.8066
22.7725
22.7964
22.7156
22.687
22.699
22.7485
22.7149
22.701
22.6878
22.7441
22.7645
22.7354
22.7705
22.7713
22.7768
22.7334
22.7778
22.7666
22.7997
22.771
22.7451
22.6509
22.6213
22.6025
22.5794
22.6331
22.6661
22.6608
22.6339
22.6473
22.6377
22.6507
22.6626
22.693
22.7528
22.7176
22.664
22.6745
22.6763
22.7278
22.7024
22.7334
22.7222
22.7106
22.6536
22.6361
22.6471
22.6394
22.6911
22.7463
22.714
22.7756
22.8032
22.7245
22.7691
22.8045
22.8655
22.853
22.8984
22.9459
22.9431
22.8812
22.8897
22.8634
22.8603
22.8903
22.8928
22.936
22.8861
22.9712
22.9778
23.0162
22.9847
22.9721
22.898
22.8686
22.9393
22.8874
22.8574
22.785
22.7472
22.7944
22.85
22.8216
22.7865
22.8134
22.7858
22.7324
22.7384
22.7105
22.7412
22.7015
22.7186
22.7963
22.8617
22.7883
22.7676
22.7645
22.7837
22.7402
22.7681
22.7686
22.6826
22.6031
22.5991
22.6233
22.5546
22.5577
22.4311
22.4785
22.4891
22.523
22.4962
22.4782
22.49
22.5047
22.4366
22.4764
22.4048
22.382
22.3236
22.2538
22.212
22.2474
22.1904
22.2184
22.2289
22.2525
22.2804
22.34
22.3832
22.3901
22.3667
22.4051
22.3241
22.3324
22.3006
22.3069
22.2784
22.3017
22.2717
22.3014
22.3596
22.3464
22.3675
22.3278
22.3205
22.2255
22.2531
22.3269
22.3796
22.3454
22.2482
22.2842
22.2502
22.2516
22.2503
22.2242
22.2053
22.2048
22.172
22.1955
22.1438
22.1506
22.127
22.1649
22.1742
22.1379
22.1623
22.1131
22.1082
22.1026
22.0823
22.0726
22.0621
22.061
22.053
22.0585
22.0733
22.0203
22.0501
22.1166
22.0923
22.0692
22.0447
22.0848
22.0827
22.121
22.0971
22.1078
22.0709
22.0356
22.0805
22.0961
22.1436
22.1475
22.1306
22.1249
22.1544
21.9916
22.0353
22.0866
22.054
22.0145
22.0177
22.0729
22.0988
22.0822
22.0402
22.0769
22.0821
22.1444
22.1414
22.2025
22.2025
22.1948
22.1654
22.1668
22.1022
22.0628
22.1011
22.0828
22.0775
22.0615
22.068
22.117
22.0826
22.0862
22.1162
22.1342
22.1603
22.1681
22.2217
22.2509
22.2391
22.1877
22.1818
22.2257
22.1631
22.1192
22.1351
22.1299
22.1519
22.0657
22.0885
22.081
22.1187
22.0977
22.0583
22.047
22.0704
22.053
22.0313
22.0519
22.0605
22.0101
21.9828
22.0104
22.0356
21.9853
22.0396
21.9873
21.9759
21.9648
21.8647
21.9583
21.9745
21.9643
21.9845
21.9808
21.976
21.9518
21.9909
22.014
22.0162
21.936
22.0008
22.0131
21.9862
22.0338
22.0868
22.1552
22.1032
22.1332
22.1696
22.1924
22.2239
22.171
22.1687
22.1964
22.1634
22.1317
22.0966
22.0798
22.141
22.1273
22.1026
22.0928
22.0805
22.0432
22.0031
22.0482
21.9845
22.0101
22.015
22.0077
22.039
22.0845
22.0995
22.1396
22.1755
22.1247
22.1239
22.1823
22.1521
22.0993
22.1366
22.1624
22.1936
22.1105
22.1406
22.1831
22.2129
22.1293
22.1291
22.1304
22.1781
22.1246
22.061
22.1214
22.1208
22.1562
22.1836
22.2296
22.2404
22.306
22.2708
22.3103
22.281
22.2166
22.2076
22.1411
22.1603
22.0336
22.081
22.1495
22.1649
22.2081
22.2706
22.2599
22.2613
22.2844
22.2812
22.252
22.2598
22.2691
22.2991
22.343
22.3559
22.36
22.3178
22.2964
22.3043
22.2986
22.3338
22.4052
22.3469
22.3378
22.3108
22.3036
22.3139
22.2679
22.2951
22.3406
22.3463
22.2968
22.3225
22.3797
22.3819
22.3285
22.3347
22.3678
22.3619
22.2639
22.2578
22.295
22.3204
22.3004
22.2828
22.2873
22.2306
22.2451
22.2174
22.2225
22.1969
22.2595
22.3113
22.3863
22.3823
22.3654
22.3949
22.4991
22.5301
22.481
22.5413
22.5989
22.5596
22.4907
22.451
22.48
22.5195
22.4963
22.5318
22.5121
22.5038
22.4448
22.3838
22.3612
22.3688
22.3429
22.3523
22.3554
22.3403
22.3842
22.4056
22.4122
22.4803
22.4893
22.5395
22.5208
22.4364
22.3721
22.4324
22.4867
22.4427
22.4651
22.3921
22.417
22.4419
22.4316
22.4349
22.4582
22.5159
22.4677
22.4701
22.4903
22.4009
22.3001
22.2798
22.3352
22.3534
22.303
22.3164
22.3845
22.4451
22.3888
22.3902
22.3453
22.3453
22.3946
22.3789
22.3544
22.3588
22.3425
22.2902
22.3645
22.3749
22.3643
22.3544
22.4168
22.4124
22.3504
22.3697
22.4185
22.4507
22.4825
22.3226
22.382
22.2889
22.3006
22.3339
22.3788
22.4032
22.3671
22.3718
22.3884
22.3718
22.3671
22.4083
22.4028
22.3685
22.4385
22.4627
22.4994
22.4919
22.4379
22.4813
22.4966
22.5391
22.5467
22.5504
22.601
22.6264
22.6105
22.6441
22.5719
22.5395
22.5247
22.5432
22.5606
22.5083
22.4922
22.421
22.4155
22.406
22.3909
22.4033
22.4092
22.4331
22.4381
22.4201
22.3216
22.3354
22.2463
22.2319
22.2054
22.1801
22.1367
22.1425
22.1285
22.1378
21.9597
21.914
21.9456
21.8327
21.8248
21.8835
21.9116
21.9209
21.946
21.9422
21.9435
21.8529
21.8706
21.9145
21.9641
21.9777
21.9962
22.012
21.9449
21.9476
21.8558
21.8332
21.923
21.9709
21.9145
21.9458
22.0131
22.0255
22.0094
22.0576
22.0662
22.096
22.0232
22.0169
22.0467
21.9295
21.9798
21.9284
22.0002
22.0079
22.032
22.0796
22.0693
22.128
22.1418
22.1683
22.207
22.1144
22.1381
22.1602
22.1981
22.1809
22.1868
22.1313
22.1533
22.1384
22.2225
22.1128
22.1558
22.2105
22.2214
22.22
22.2464
22.2333
22.1894
22.2149
22.1209
22.1525
22.0625
22.0736
22.1061
22.1098
22.1088
22.1297
22.065
22.0015
21.9775
22.003
22.0241
22.0963
22.0389
22.006
22.0166
22.0278
22.0191
22.0457
21.988
22.0411
22.074
22.0228
22.1004
22.1152
22.0884
22.1186
22.0791
22.1027
22.1006
22.0679
22.0706
22.096
22.1534
22.1924
22.2376
22.2023
22.177
22.1534
22.1551
22.1331
22.1175
22.1374
22.1759
22.2162
22.1265
22.1815
22.1954
22.2235
22.2332
22.2709
22.2878
22.3381
22.2453
22.2215
22.2532
22.2189
22.2157
22.2232
22.2739
22.272
22.293
22.3292
22.3908
22.446
22.4754
22.5187
22.5581
22.5606
22.57
22.5707
22.584
22.6196
22.6369
22.6392
22.6428
22.6552
22.618
22.5448
22.6432
22.6298
22.6587
22.6858
22.7502
22.8064
22.8239
22.8209
22.8498
22.8262
22.8399
22.9034
22.9337
22.942
22.9861
22.9144
22.9995
23.0327
23.0879
23.0778
23.0005
22.9559
22.9233
22.964
22.9815
22.981
22.9284
22.9576
23.0012
22.9426
22.8423
22.7251
22.7424
22.7647
22.7792
22.7391
22.7501
22.8039
22.7927
22.8235
22.7896
22.833
22.8388
22.9262
22.9661
22.9667
22.9868
22.9925
22.988
23.0111
23.0264
23.0347
23.0426
23.0673
23.0528
23.0982
23.0628
23.0946
23.1207
23.0793
23.0948
23.0959
23.1677
23.1558
23.1862
23.2171
23.2598
23.2864
23.3456
23.3542
23.363
23.2591
23.2325
23.2435
23.2274
23.2489
23.2537
23.2563
23.3092
23.3019
23.3044
23.3381
23.2432
23.2054
23.2082
23.2363
23.2499
23.21
23.2261
23.1979
23.2034
23.1676
23.1304
23.1784
23.0304
22.9481
22.9094
22.8727
22.9095
22.8537
22.8376
22.8645
22.9118
22.9863
23.023
23.0256
23.0172
23.0491
23.0167
23.0722
23.0972
23.1151
23.1537
23.1204
23.0873
23.0367
23.0214
23.0695
23.0218
23.0246
22.9964
23.0067
22.9646
23.0015
23.0715
23.0559
22.9683
22.982
23.0603
23.0227
23.0048
23.0129
23.0089
22.9976
23.0004
22.9704
22.9678
22.933
22.8952
22.9327
22.9335
22.9155
22.8936
22.8673
22.88
22.9021
22.9007
22.8789
22.9008
22.8985
22.9463
22.9309
23.0144
23.0011
23.0015
23.0689
23.0962
23.1469
23.1424
23.1605
23.2269
23.2564
23.242
23.2583
23.2494
23.2874
23.2218
23.2521
23.2124
23.1639
23.2087
23.2249
23.2849
23.2906
23.2432
23.1233
23.1788
23.2235
23.2036
23.1791
23.2197
23.1681
23.0929
23.1087
23.1759
23.1624
23.2045
23.194
23.2019
23.2013
23.1805
23.1588
23.1722
23.2243
23.2426
23.2886
23.354
23.4247
23.4289
23.411
23.4114
23.3172
23.2893
23.2979
23.3724
23.3566
23.3744
23.4357
23.2905
23.3417
23.3542
23.3583
23.2727
23.242
23.259
23.2335
23.2437
23.2617
23.2751
23.2186
23.279
23.3113
23.318
23.3144
23.3161
23.268
23.2493
23.2406
23.2448
23.1324
23.1532
23.1516
23.1385
23.0684
23.0086
23.0043
23.0402
23.0262
23.0547
23.075
23.0925
23.0984
23.0719
23.1308
23.1268
23.0791
23.0714
23.0959
23.1322
23.0965
23.1077
23.1814
23.1647
23.2115
23.2089
23.2333
23.2926
23.3217
23.3487
23.3546
23.2482
23.0743
23.0818
23.0794
23.026
23.0869
23.0245
23.0061
22.9986
22.8818
22.8506
22.8225
22.8329
22.8438
22.8122
22.8203
22.8503
22.9025
22.9061
22.9128
22.9271
22.8481
22.7695
22.7906
22.7763
22.7823
22.7504
22.7968
22.719
22.608
22.5399
22.5514
22.5834
22.616
22.6311
22.6539
22.6573
22.6734
22.6197
22.6622
22.6628
22.6555
22.6531
22.6785
22.6967
22.7082
22.6196
22.6913
22.7036
22.7152
22.6947
22.5872
22.6127
22.5714
22.5927
22.5508
22.5374
22.5565
22.5833
22.5879
22.6591
22.687
22.6657
22.6667
22.6617
22.5467
22.5927
22.6608
22.6932
22.6983
22.6554
22.6815
22.7212
22.7066
22.7501
22.7813
22.8222
22.6841
22.6051
22.6328
22.6277
22.6219
22.6144
22.6878
22.6786
22.661
22.6618
22.6241
22.7241
22.7254
22.6997
22.7064
22.637
22.5932
22.605
22.5518
22.5471
22.6027
22.592
22.5513
22.5062
22.5606
22.5797
22.516
22.571
22.5849
22.5389
22.5878
22.6198
22.6095
22.6372
22.603
22.6152
22.6327
22.5998
22.592
22.6561
22.6589
22.6615
22.6292
22.6714
22.6773
22.6977
22.6401
22.6804
22.7515
22.7293
22.7005
22.7506
22.7857
22.7889
22.8135
22.8686
22.8641
22.8483
22.9032
22.9312
22.8706
22.8477
22.8783
22.9282
22.8911
22.8943
22.9064
22.8927
22.8684
22.8552
22.8853
22.8744
22.9429
22.9777
23.0014
22.9903
23.0017
22.9939
23.0034
23.0645
23.0354
23.0122
23.0051
22.9855
22.991
22.9913
23.0366
23.0249
22.9858
23.0364
23.0057
23.0638
23.0817
23.0647
23.016
23.0022
22.9866
23.0052
23.0769
23.1118
23.1266
22.9976
23.0186
23.0196
23.0201
23.0351
23.0233
23.1018
23.0309
22.9767
22.9483
22.9736
23.0406
23.0086
23.0056
23.0125
23.0529
23.0296
22.9923
23.0468
23.092
23.077
23.1128
23.1317
23.1028
23.0391
22.9826
22.9886
23.0552
23.0229
23.0429
22.9884
22.9406
22.8846
22.9174
23.0291
23.0558
22.9421
22.8921
22.8436
22.824
22.7946
22.8435
22.88
22.8818
22.938
23.0036
22.9581
23.0045
23.0226
23.0354
23.0203
23.031
22.9659
23.0229
23.0286
23.0072
23.0061
23.0185
23.0536
23.1079
23.0861
23.0645
23.1064
23.1294
23.1346
23.1771
23.0818
23.1208
23.103
23.1305
23.1178
23.1127
23.0837
23.1031
23.0891
23.0952
23.0253
23.018
23.0397
23.0442
23.0254
23.037
23.088
23.1515
23.1518
23.1215
23.1034
23.1092
23.0888
23.1374
23.1298
23.1371
23.103
23.1334
23.1359
23.0415
22.9591
22.9141
22.9457
22.9335
22.9382
22.928
22.9928
22.9102
22.9459
22.9241
22.8679
22.8445
22.8005
22.8647
22.823
22.7942
22.7724
22.7746
22.8129
22.7626
22.6951
22.6762
22.7001
22.6709
22.6756
22.6697
22.6248
22.6315
22.6614
22.6131
22.5783
22.565
22.539
22.5362
22.5142
22.5347
22.4959
22.5206
22.4906
22.4661
22.4551
22.4405
22.3972
22.384
22.3616
22.4097
22.4481
22.4481
22.4316
22.469
22.4455
22.4786
22.5409
22.5647
22.5787
22.5757
22.5804
22.5779
22.6447
22.7071
22.6202
22.5994
22.5411
22.405
22.3834
22.3412
22.3959
22.3961
22.3359
22.4148
22.4037
22.3834
22.3832
22.319
22.3245
22.3512
22.346
22.3063
22.3038
22.1728
22.1617
22.1944
22.2503
22.2974
22.2658
22.2515
22.2551
22.1785
22.1508
22.0854
22.1244
22.1048
22.1167
22.1283
22.1537
22.1205
22.048
22.0977
22.1547
22.1655
22.1025
22.119
22.17
22.1796
22.2099
22.2551
22.3107
22.354
22.3275
22.3677
22.3716
22.385
22.3801
22.3774
22.3408
22.3582
22.3446
22.3385
22.3302
22.3607
22.3475
22.3484
22.4042
22.4289
22.4671
22.3828
22.4785
22.4758
22.4801
22.4979
22.5563
22.5483
22.5358
22.478
22.5353
22.5123
22.4852
22.454
22.5314
22.4978
22.4785
22.4384
22.472
22.4927
22.4376
22.3754
22.3407
22.377
22.366
22.4164
22.4631
22.5142
22.4436
22.4629
22.5393
22.5261
22.5253
22.546
22.5213
22.5295
22.5752
22.5346
22.4847
22.4675
22.4588
22.4513
22.4763
22.504
22.4987
22.5329
22.6041
22.5828
22.5136
22.5958
22.6606
22.67
22.6598
22.6267
22.7015
22.6504
22.6192
22.6392
22.6425
22.6124
22.6003
22.5751
22.5423
22.5023
22.4474
22.4247
22.4634
22.4287
22.4629
22.4582
22.498
22.5108
22.4572
22.4994
22.4935
22.4565
22.4194
22.4038
22.4332
22.4764
22.5027
22.5165
22.5621
22.5584
22.5245
22.5887
22.6147
22.6023
22.5855
22.6411
22.6615
22.6539
22.681
22.7101
22.7159
22.6861
22.6398
22.5843
22.5969
22.5601
22.6188
22.5844
22.5847
22.5237
22.5229
22.6047
22.6568
22.6536
22.5861
22.5821
22.575
22.5637
22.6254
22.5781
22.6071
22.5333
22.4956
22.5416
22.5125
22.4735
22.4207
22.475
22.4737
22.4408
22.4673
22.4602
22.4858
22.5149
22.5161
22.563
22.5918
22.6295
22.6267
22.6147
22.6177
22.627
22.5414
22.515
22.551
22.5068
22.5473
22.5255
22.5818
22.6233
22.6136
22.6281
22.7069
22.7084
22.7311
22.7494
22.7495
22.6926
22.6268
22.6016
22.6021
22.6319
22.647
22.6942
22.7291
22.6222
22.627
22.6751
22.6692
22.6579
22.6937
22.6719
22.6991
22.666
22.5809
22.5018
22.5525
22.4913
22.4677
22.489
22.4878
22.474
22.4215
22.4006
22.4161
22.3814
22.344
22.3164
22.3504
22.3727
22.3944
22.4371
22.3998
22.3759
22.3806
22.4309
22.451
22.4644
22.4795
22.5494
22.597
22.6128
22.6207
22.6501
22.6355
22.638
22.6542
22.6544
22.7591
22.7292
22.7172
22.6607
22.6745
22.6789
22.6834
22.6821
22.7105
22.678
22.6824
22.6417
22.6663
22.6664
22.6923
22.6734
22.6912
22.6763
22.6603
22.6922
22.7403
22.6791
22.7067
22.6965
22.6515
22.6971
22.6773
22.6481
22.6474
22.6617
22.6282
22.6457
22.5809
22.5825
22.566
22.5552
22.5758
22.5347
22.435
22.4107
22.4415
22.2992
22.2475
22.2
22.1924
22.2173
22.2283
22.2222
22.2297
22.1996
22.2326
22.258
22.3012
22.3183
22.2168
22.1972
22.2356
22.2744
22.2182
22.2151
22.2244
22.2261
22.242
22.2656
22.279
22.2634
22.1611
22.1782
22.2283
22.1973
22.2409
22.2826
22.3269
22.3134
22.2716
22.2256
22.2849
22.2879
22.2917
22.28
22.3566
22.3279
22.2954
22.2869
22.3113
22.257
22.2456
22.3118
22.3404
22.3552
22.306
22.2608
22.2968
22.2882
22.292
22.2376
22.2872
22.2888
22.2509
22.2378
22.2296
22.2752
22.2844
22.3087
22.2906
22.3214
22.2868
22.3203
22.359
22.3595
22.324
22.2965
22.3355
22.3387
22.3193
22.3469
22.3147
22.3939
22.3535
22.386
22.3821
22.3582
22.3176
22.3288
22.3504
22.3327
22.3294
22.2977
22.3562
22.387
22.3612
22.3562
22.2879
22.241
22.2653
22.321
22.3732
22.3325
22.3344
22.3128
22.3325
22.3448
22.286
22.3455
22.3647
22.4143
22.3422
22.3558
22.3985
22.3732
22.2707
22.32
22.3449
22.311
22.4033
22.3446
22.3751
22.3159
22.2292
22.2484
22.2783
22.28
22.2564
22.3361
22.3896
22.3912
22.2668
22.2732
22.2686
22.2969
22.3082
22.2935
22.3321
22.2588
22.2636
22.26
22.2933
22.2576
22.2031
22.2032
22.2365
22.25
22.2645
22.2476
22.2644
22.3188
22.3764
22.3485
22.3664
22.3032
22.2953
22.3166
22.3486
22.4123
22.3526
22.376
22.4016
22.3713
22.3306
22.3336
22.3536
22.3813
22.3995
22.3881
22.4034
22.407
22.3313
22.3195
22.2461
22.2555
22.2269
22.3235
22.3487
22.3057
22.3081
22.3627
22.4042
22.4346
22.3869
22.383
22.3042
22.2891
22.2845
22.262
22.3116
22.2967
22.2831
22.3234
22.3589
22.3739
22.3647
22.3791
22.4204
22.4296
22.4471
22.5125
22.5423
22.5882
22.5142
22.5517
22.6203
22.6321
22.6096
22.5938
22.5804
22.6331
22.6358
22.6398
22.6373
22.646
22.6364
22.6414
22.6466
22.7005
22.7231
22.6658
22.7311
22.6685
22.6689
22.6305
22.6483
22.7062
22.7088
22.668
22.6484
22.6109
22.515
22.556
22.5149
22.5332
22.605
22.6541
22.7331
22.6952
22.6844
22.7224
22.7186
22.7148
22.7125
22.7459
22.7497
22.7833
22.7633
22.801
22.8267
22.912
22.8551
22.8572
22.8857
22.7949
22.8206
22.8459
22.8847
22.8309
22.862
22.8892
22.8986
22.8622
22.8168
22.833
22.8592
22.8408
22.8014
22.7975
22.7974
22.7324
22.6734
22.7158
22.7581
22.7526
22.7724
22.703
22.6985
22.726
22.7145
22.7183
22.763
22.8225
22.843
22.8408
22.8605
22.8401
22.8205
22.7988
22.7556
22.7375
22.6488
22.5985
22.5561
22.5429
22.3955
22.4641
22.5154
22.5258
22.5292
22.5868
22.5353
22.5564
22.5067
22.5192
22.4975
22.528
22.5002
22.5259
22.5705
22.5794
22.5991
22.5595
22.5354
22.4896
22.488
22.4861
22.4943
22.5307
22.6152
22.6207
22.6307
22.6058
22.6335
22.5976
22.5633
22.6219
22.5445
22.5162
22.5001
22.5231
22.506
22.4699
22.4947
22.5008
22.497
22.3768
22.3265
22.354
22.3478
22.3492
22.3177
22.2624
22.2332
22.2096
22.18
22.1757
22.1821
22.2054
22.2063
22.1841
22.1333
22.0602
22.0911
22.1053
22.1232
22.1947
22.1773
22.1289
22.0884
22.0889
22.1251
22.1347
22.1602
22.2274
22.2663
22.298
22.3031
22.3465
22.3749
22.3877
22.388
22.4244
22.4411
22.4591
22.4256
22.4095
22.5009
22.4532
22.469
22.468
22.3686
22.3628
22.3638
22.3512
22.3244
22.2733
22.2379
22.2603
22.265
22.1882
22.2271
22.2338
22.2146
22.2116
22.1025
22.097
22.048
22.0181
21.99
22.0099
21.9662
21.9899
21.9795
21.9992
21.993
21.999
21.9374
21.9259
21.9598
21.8928
21.8736
21.7938
21.7098
21.749
21.7259
21.7148
21.7424
21.712
21.7105
21.7637
21.7975
21.8348
21.8619
21.9315
21.9834
22.0303
22.0031
22.0531
22.0565
22.1139
22.106
22.0898
22.1184
22.1047
22.1441
22.1445
22.1536
22.1677
22.1765
22.1363
22.1469
22.1656
22.1739
22.2451
22.1953
22.1949
22.1551
22.0516
22.083
22.0885
22.0266
21.9673
22.0357
22.0952
22.0194
21.9936
22.0064
22.0221
22.0112
22.0063
22.0992
22.1198
22.0962
22.1246
22.1107
22.1428
22.1737
22.1612
22.2063
22.2348
22.2219
22.2676
22.3544
22.3529
22.2555
22.2185
22.157
22.2157
22.207
22.2696
22.2881
22.2879
22.2799
22.2526
22.2618
22.2546
22.2064
22.1424
22.1473
22.1686
22.1556
22.1886
22.1992
22.1835
22.1605
22.1474
22.1066
22.1103
22.0982
22.1238
22.106
22.1524
22.1877
22.1822
22.2423
22.3009
22.3304
22.3569
22.3576
22.377
22.3637
22.2738
22.3015
22.2752
22.2726
22.2991
22.3416
22.3359
22.3033
22.3784
22.3867
22.3413
22.3315
22.3034
22.2715
22.2659
22.2198
22.2936
22.3309
22.3462
22.3037
22.2759
22.3509
22.2867
22.3171
22.3502
22.3324
22.3672
22.3559
22.4159
22.3722
22.4238
22.4114
22.3908
22.4295
22.4575
22.4564
22.5055
22.5193
22.5754
22.529
22.4942
22.4168
22.4206
22.4557
22.4859
22.5038
22.4181
22.3777
22.4019
22.4518
22.4374
22.4363
22.4677
22.4706
22.4672
22.4162
22.3667
22.3922
22.3783
22.3158
22.3075
22.3443
22.3388
22.3714
22.4052
22.4608
22.4955
22.4861
22.5313
22.5446
22.5628
22.581
22.635
22.6556
22.6085
22.6135
22.5534
22.5734
22.5914
22.6345
22.6022
22.603
22.5161
22.5241
22.5429
22.5654
22.5512
22.5693
22.6299
22.7039
22.7118
22.7297
22.751
22.8017
22.8324
22.8247
22.8639
22.9332
22.9383
22.9172
22.9627
23.006
22.9666
22.9283
22.9302
22.8879
22.8971
22.9195
22.9561
22.9934
23.0237
23.0099
22.9732
22.9975
22.9652
22.8954
22.8637
22.924
22.881
22.828
22.8602
22.938
22.8685
22.861
22.8825
22.9049
22.9086
22.883
22.8076
22.8068
22.7615
22.7234
22.6586
22.6168
22.5688
22.6061
22.6844
22.7046
22.6371
22.5861
22.6107
22.697
22.6204
22.6457
22.6926
22.6167
22.6515
22.6813
22.7021
22.7139
22.6499
22.6471
22.6847
22.773
22.8066
22.8282
22.8264
22.7924
22.7315
22.7839
22.7896
22.8265
22.8001
22.8217
22.8056
22.8435
22.8404
22.8636
22.934
22.9906
23.0439
23.0569
23.061
23.1513
23.1364
23.1522
23.1897
23.2465
23.205
23.1762
23.1458
23.1943
23.2055
23.2099
23.2091
23.1484
23.0917
23.1402
23.1287
23.1995
23.2164
23.2137
23.2776
23.2362
23.3332
23.3138
23.2529
23.2202
23.2577
23.2951
23.2729
23.2777
23.2864
23.3047
23.2899
23.3385
23.2671
23.2161
23.223
23.1404
23.1399
23.1154
23.1238
23.1137
23.1359
23.1153
23.1022
22.998
23.0686
22.928
22.8668
22.8555
22.8429
22.8534
22.8771
22.9283
22.8923
22.8686
22.83
22.8566
22.8986
22.9188
22.8817
22.9031
22.934
22.9478
22.8872
22.8613
22.9023
22.9196
22.9206
22.9707
23.0127
23.0444
22.9991
23.0327
23.0361
23.0368
23.001
23.0752
23.1175
23.0844
23.0838
23.1313
23.1103
23.0854
23.094
23.0957
23.1432
23.1673
23.1359
23.049
23.0009
22.9903
23.0261
23.0159
23.0507
23.0693
23.1106
23.1222
23.1322
22.9954
22.9756
22.972
23.0222
22.9183
22.9278
22.9711
22.9947
22.9372
22.8884
22.9182
22.9991
23.0592
23.0616
22.957
22.8285
22.8665
22.8791
22.8902
22.8797
22.8837
22.8537
22.9118
22.9505
22.9345
22.9573
22.974
22.9615
22.9891
23.0341
23.0321
23.0082
23.0359
23.0471
23.0343
23.0693
23.0928
23.1063
23.1175
23.0882
23.0604
23.0485
23.1137
23.0587
23.1057
23.1365
23.1517
23.0896
23.0629
23.1105
23.1307
23.0944
22.9597
22.9664
22.9397
22.9353
22.9632
22.8782
22.9193
22.864
22.8615
22.8613
22.9107
22.9457
22.8288
22.8721
22.9004
22.8894
22.8927
22.8201
22.804
22.8565
22.8353
22.9231
23.0102
23.0126
22.9497
22.9627
22.9685
22.9536
22.9132
22.9648
22.9554
22.9273
22.9381
22.9537
22.96
23.0017
23.009
23.0645
23.1152
23.1237
23.0987
23.1049
23.1352
23.1492
23.152
23.1332
23.1597
23.2124
23.2257
23.2228
23.1827
23.2029
23.1562
23.1569
23.1207
23.1179
23.1199
23.1726
23.2093
23.2481
23.252
23.277
23.2747
23.2089
23.2132
23.2114
23.1191
23.1744
23.1085
23.0641
23.0195
23.0577
23.001
22.9352
22.9029
22.936
22.8839
22.8713
22.8311
22.8052
22.7785
22.7286
22.782
22.8023
22.8065
22.7943
22.7612
22.77
22.7809
22.7941
22.7403
22.8176
22.8317
22.8439
22.8015
22.861
22.8248
22.7996
22.8644
22.836
22.8436
22.8715
22.8543
22.8084
22.7804
22.8141
22.7866
22.7536
22.7756
22.8075
22.808
22.7937
22.7522
22.6839
22.7471
22.7267
22.7692
22.8163
22.8458
22.8547
22.7264
22.7122
22.7541
22.6904
22.7151
22.7475
22.7368
22.7333
22.7016
22.7059
22.6277
22.6146
22.5501
22.5292
22.5541
22.5771
22.6075
22.5672
22.6242
22.6461
22.6198
22.6536
22.7014
22.6986
22.7215
22.7684
22.8149
22.7816
22.7208
22.7502
22.7214
22.7193
22.7429
22.7421
22.6564
22.6722
22.6175
22.6766
22.6426
22.6617
22.631
22.6779
22.6574
22.649
22.6555
22.6405
22.6402
22.6873
22.53
22.591
22.6414
22.5287
22.5178
22.4405
22.4077
22.3991
22.3896
22.3373
22.3993
22.3857
22.4508
22.4166
22.4413
22.3567
22.3933
22.3388
22.3824
22.3884
22.4029
22.4323
22.4337
22.4351
22.4839
22.4647
22.4446
22.4675
22.4712
22.4768
22.4949
22.4909
22.4367
22.472
22.3434
22.2783
22.2365
22.2104
22.2605
22.2691
22.2567
22.2337
22.1446
22.1959
22.1847
22.1877
22.2149
22.2086
22.1839
22.1276
22.1369
22.1628
22.1105
22.1264
22.1323
22.155
22.129
22.1303
22.1879
22.1986
22.2168
22.2549
22.21
22.2185
22.1619
22.1759
22.1736
22.1437
22.1558
22.1333
22.1111
22.1111
22.0945
22.0804
22.1324
22.1416
22.1159
22.0986
22.0841
22.1274
22.061
22.0988
22.0384
22.0761
22.0873
22.0693
22.059
22.0754
22.1109
22.1058
22.1226
22.0945
22.1445
22.1543
22.117
22.1511
22.1244
22.0671
22.0485
22.1167
22.1543
22.0943
22.0774
22.1273
22.1417
22.1389
22.0879
22.0345
22.0742
22.0661
22.1144
22.1719
22.1816
22.1932
22.2113
22.2319
22.2177
22.2535
22.2717
22.2952
22.2631
22.2238
22.1734
22.1827
22.1203
22.0371
22.0901
22.0516
21.9583
22.0101
21.9808
21.951
21.9178
21.9515
21.9243
21.922
21.8949
21.8863
21.8593
21.8396
21.7754
21.7495
21.7255
21.7717
21.7765
21.7943
21.7632
21.7639
21.76
21.7263
21.778
21.7893
21.8325
21.797
21.8222
21.8026
21.8173
21.8975
21.9594
21.9749
21.9756
22.0289
21.9945
22.0324
22.0178
21.9988
22.0077
21.9653
21.9771
21.9303
21.9259
21.922
21.8703
21.8796
21.9571
21.9963
22.0281
22.0488
22.0037
22.0167
22.0258
22.0515
22.1036
22.1052
22.1161
22.0646
21.9108
21.9037
21.9274
21.9543
22.0023
21.9921
21.9083
21.8969
21.9138
21.9278
21.9038
21.9382
21.9846
21.9844
21.9754
22.0187
22.0285
22.0468
22.0468
22.0605
22.0782
22.0619
22.0713
22.0055
22.0937
22.1166
22.0756
22.0644
22.0543
22.1501
22.1977
22.1915
22.2088
22.2847
22.3428
22.3913
22.389
22.4332
22.4765
22.4309
22.2966
22.3715
22.4182
22.3627
22.315
22.357
22.3436
22.3832
22.3797
22.3357
22.2766
22.2588
22.274
22.3178
22.3454
22.3746
22.3473
22.3593
22.3962
22.3813
22.3922
22.4158
22.3877
22.3445
22.4079
22.4079
22.3996
22.4429
22.4424
22.5418
22.5076
22.5701
22.5279
22.5434
22.4254
22.3849
22.4288
22.4692
22.4423
22.422
22.496
22.5256
22.488
22.4714
22.4657
22.4413
22.4614
22.4115
22.466
22.5093
22.5231
22.5183
22.4963
22.4376
22.4054
22.4146
22.4367
22.36
22.3411
22.3256
22.3254
22.3158
22.3555
22.2983
22.2755
22.1385
22.1505
22.1412
22.1755
22.2081
22.1592
22.2406
22.2043
22.1573
22.1288
22.1571
22.1538
22.2322
22.2717
22.1784
22.2348
22.2269
22.2281
22.2802
22.2418
22.2877
22.3401
22.3626
22.413
22.4271
22.442
22.395
22.3941
22.409
22.3813
22.3367
22.3614
22.3928
22.4174
22.414
22.3516
22.2786
22.248
22.2922
22.3083
22.316
22.2593
22.3062
22.3342
22.3612
22.4085
22.4515
22.4727
22.5016
22.4651
22.4999
22.5241
22.4946
22.4489
22.5005
22.4671
22.486
22.4409
22.4282
22.4553
22.4535
22.4411
22.4413
22.5205
22.4247
22.4013
22.294
22.3156
22.3547
22.3451
22.3258
22.2754
22.2794
22.3132
22.3884
22.4443
22.4624
22.431
22.4087
22.3318
22.38
22.4188
22.4568
22.4734
22.556
22.4826
22.4867
22.5405
22.6161
22.6615
22.6628
22.7097
22.6386
22.6589
22.6744
22.7118
22.6827
22.6603
22.6404
22.6422
22.6327
22.6241
22.6003
22.6088
22.6894
22.7225
22.6893
22.744
22.7261
22.7037
22.696
22.7518
22.8099
22.8172
22.728
22.8123
22.8589
22.8076
22.8631
22.9224
22.8288
22.8741
22.8129
22.8694
22.8955
22.9237
22.9336
22.9347
22.961
22.923
22.9137
22.9052
22.9461
22.8835
22.8892
22.9219
22.9075
22.9307
22.9621
23.0014
23.0025
22.9493
22.9788
22.9125
22.9188
22.8533
22.879
22.9046
22.8718
22.822
22.7741
22.8245
22.7758
22.8212
22.7102
22.7381
22.6634
22.6746
22.6283
22.6238
22.6809
22.6891
22.7201
22.7228
22.6644
22.6839
22.6084
22.6064
22.5962
22.5897
22.6016
22.7065
22.7274
22.7268
22.7457
22.7785
22.8235
22.8491
22.8875
22.9613
23.0139
22.9911
23.0485
23.0686
23.0856
23.0487
23.0574
23.0242
22.9801
22.9598
22.9496
22.9812
22.9667
22.994
23.0299
23.049
23.0761
23.1262
23.1153
23.1295
23.187
23.2153
23.1905
23.1899
23.2
23.1677
23.149
23.1545
23.1605
23.0722
23.0657
23.0781
23.0571
23.0081
22.966
22.9921
23.0136
22.9013
22.9167
22.9694
22.9649
22.9379
22.9872
23.035
22.9979
23.0144
23.0383
23.0141
23.051
22.9864
23.0415
23.0056
23.0119
23.078
23.1227
23.0838
23.1009
23.1018
23.1227
23.1001
23.1001
23.1355
23.1915
23.2528
23.2517
23.3181
23.3151
23.3681
23.3827
23.3621
23.3956
23.3834
23.3429
23.3006
23.2493
23.2598
23.273
23.3053
23.372
23.3797
23.3181
23.3511
23.3667
23.3883
23.4307
23.3832
23.4458
23.4519
23.5008
23.4867
23.5537
23.5725
23.5717
23.5749
23.6603
23.6441
23.6578
23.6381
23.6452
23.6642
23.6947
23.6305
23.6305
23.6573
23.5565
23.5233
23.5659
23.6478
23.642
23.5021
23.4424
23.4126
23.3713
23.3801
23.3598
23.36
23.3786
23.3977
23.386
23.3713
23.3664
23.2917
23.3099
23.332
23.338
23.3061
23.2955
23.3296
23.3412
23.185
23.1801
23.2024
23.238
23.2076
23.1873
23.1826
23.1904
23.2002
23.1769
23.1561
23.1419
23.1456
23.1791
23.2333
23.2442
23.2214
23.2125
23.2638
23.2621
23.2633
23.2738
23.3162
23.2412
23.2151
23.1522
23.1682
23.2327
23.2106
23.2297
23.2522
23.2528
23.1875
23.1416
23.1565
23.2006
23.204
23.1976
23.2007
23.22
23.207
23.2507
23.1603
23.1205
23.1084
23.1408
23.2011
23.2343
23.1048
23.071
23.0874
23.054
22.9586
22.9366
22.9749
23.0028
23.0333
23.0292
22.9756
22.9926
22.9804
22.9815
22.9654
23.0663
23.1251
23.065
23.0969
23.0587
23.0308
23.0204
23.0745
23.0305
23.0012
23.0108
23.0032
23.0434
23.0082
23.0015
22.9331
22.9427
23.0157
23.0468
23.0764
23.0722
23.0841
23.1171
23.0892
23.0587
23.0606
23.0557
23.109
23.0964
23.0925
23.1266
23.179
23.1901
23.2064
23.1256
23.1341
23.107
23.0416
23.0344
23.0753
23.1178
23.0842
23.1042
23.1391
23.1709
23.1982
23.1688
23.2301
23.2137
23.2042
23.2429
23.3112
23.2959
23.303
23.3418
23.3884
23.3291
23.3586
23.2932
23.3246
23.3596
23.365
23.357
23.3314
23.3441
23.3842
23.4412
23.4564
23.4648
23.4832
23.5274
23.556
23.5538
23.4981
23.5147
23.5351
23.4904
23.4301
23.44
23.4501
23.4385
23.4377
23.4755
23.5228
23.5117
23.4664
23.4329
23.4474
23.5159
23.4895
23.3994
23.4723
23.4139
23.4099
23.3682
23.3989
23.3629
23.2941
23.2278
23.3099
23.3396
23.2184
23.1836
23.2073
23.2341
23.2506
23.2609
23.2279
23.1833
23.1054
23.1351
23.1851
23.1247
23.1697
23.1404
23.203
23.2158
23.1579
23.1017
23.1492
23.1472
23.1424
23.135
23.1797
23.1293
23.0718
23.0453
23.0482
23.016
22.9818
23.0208
23.041
23.0779
23.0954
23.1079
23.1729
23.167
23.1608
23.1643
23.1498
23.1551
23.1569
23.218
23.2177
23.1212
23.1472
23.1937
23.2701
23.3145
23.2824
23.3085
23.2845
23.3054
23.312
23.2708
23.2589
23.2614
23.2453
23.1746
23.1944
23.2277
23.2127
23.1625
23.1514
23.2216
23.1457
23.1173
23.1045
23.1383
23.1237
23.1073
23.0504
23.0769
23.0603
22.9858
22.9477
22.946
22.9633
23.0142
23.0026
23.0114
22.9891
23.0013
22.9436
22.9555
22.9204
22.9873
22.9994
23.0543
22.9813
22.9063
22.8938
22.9236
22.9141
22.8728
22.9209
22.8627
22.8496
22.791
22.7724
22.6222
22.6449
22.6909
22.7183
22.7694
22.7459
22.7653
22.7753
22.7987
22.7178
22.7282
22.7763
22.798
22.8235
22.765
22.7687
22.7427
22.719
22.6334
22.6162
22.5846
22.5989
22.6086
22.5291
22.4951
22.5316
22.5251
22.5211
22.5758
22.591
22.5389
22.5579
22.5387
22.5192
22.5435
22.5602
22.5308
22.5776
22.5808
22.5733
22.5013
22.5505
22.5059
22.504
22.5773
22.576
22.5913
22.594
22.5811
22.5745
22.5756
22.5527
22.5295
22.5449
22.4775
22.4135
22.4369
22.3862
22.419
22.4464
22.486
22.5239
22.4144
22.388
22.3845
22.3594
22.3007
22.3481
22.3884
22.377
22.3956
22.4087
22.4836
22.4903
22.4719
22.4946
22.4586
22.4489
22.4364
22.4221
22.3548
22.2979
22.2136
22.2704
22.2442
22.1721
22.1548
22.1458
22.1884
22.1373
22.1683
22.1739
22.133
22.067
22.073
22.0993
22.1361
22.0951
22.0872
22.15
22.1867
22.2134
22.2245
22.2819
22.2791
22.2457
22.2065
22.1662
22.126
22.0854
22.0445
22.1166
22.0076
21.9985
21.9825
21.9336
21.9657
21.963
21.9506
21.9231
21.9725
22.0079
22.05
22.0797
22.1137
22.116
22.1186
22.1186
22.0973
22.0474
22.0329
21.9446
21.9375
21.8943
21.9013
21.8988
21.9686
21.8896
21.8823
21.9219
21.8902
21.9613
21.9801
21.9803
21.9469
21.9454
21.9398
21.9858
21.9088
21.8652
21.8665
21.8043
21.8602
21.8702
21.889
21.9151
21.9276
21.9646
21.9495
21.993
22.0389
21.9819
21.9999
22.0045
21.9917
21.9386
21.9283
22.008
22.0001
21.9469
21.9442
21.9928
21.9975
21.932
21.8847
21.9045
21.9482
21.9175
21.9093
21.9282
21.9235
21.9463
21.9348
21.9741
21.9427
21.9684
21.9834
22.0002
21.9672
21.902
21.9269
21.9639
21.8945
21.8798
21.9131
21.954
21.9874
21.9859
21.9332
21.9084
21.916
21.8604
21.89
21.9813
21.9202
21.9307
21.9003
21.9335
21.9482
21.9656
21.9426
21.9136
21.9157
21.9274
21.9094
21.9112
21.8951
21.8894
21.9133
21.9125
21.905
21.8777
21.8273
21.84
21.8799
21.9288
21.906
21.9453
21.9649
21.9366
21.9764
22.0145
21.9657
21.9512
21.942
21.9848
22.0466
22.0157
22.0929
22.1466
22.1897
22.2282
22.2426
22.2697
22.2481
22.2691
22.25
22.2665
22.2725
22.2577
22.2058
22.2762
22.2618
22.3007
22.2959
22.3488
22.3193
22.3604
22.2446
22.2773
22.2703
22.2988
22.2853
22.2768
22.2368
22.2091
22.2171
22.311
22.3735
22.3128
22.3412
22.3646
22.2961
22.3459
22.3865
22.4407
22.474
22.5258
22.5854
22.654
22.6862
22.6947
22.7227
22.7192
22.7815
22.8193
22.7719
22.8441
22.8411
22.7941
22.8166
22.8641
22.8939
22.9425
23.0126
23.017
22.9329
22.9139
22.926
22.9147
22.8783
22.9133
22.8807
22.821
22.7595
22.737
22.7082
22.7477
22.7811
22.7919
22.7682
22.7544
22.7305
22.735
22.7476
22.7524
22.6511
22.6021
22.5682
22.6079
22.63
22.5782
22.6187
22.6615
22.651
22.6001
22.5597
22.5335
22.5344
22.5145
22.486
22.5538
22.4994
22.4666
22.5075
22.5553
22.5767
22.5847
22.5927
22.5358
22.5148
22.5292
22.5737
22.5374
22.6206
22.6595
22.6747
22.6479
22.7046
22.6487
22.653
22.6874
22.6882
22.556
22.5673
22.626
22.6072
22.5722
22.5779
22.6318
22.6289
22.6408
22.7188
22.7464
22.7846
22.7242
22.7365
22.7203
22.7348
22.733
22.7602
22.8366
22.8002
22.8501
22.8792
22.9259
22.9555
22.9329
22.9357
22.9638
22.9528
22.9526
22.8675
22.8644
22.9225
22.9422
22.9413
22.9869
22.9703
22.9593
23.041
23.0674
23.07
23.0712
23.1683
23.1718
23.0958
23.076
23.0981
23.1533
23.1747
23.1224
23.1355
23.146
23.1368
23.0601
23.0565
23.0506
23.0725
22.9776
22.993
22.9503
22.9185
22.9322
22.9309
22.9803
22.916
22.8845
22.9034
22.9722
22.9302
22.8651
22.7866
22.8712
22.8472
22.8629
22.8653
22.8937
22.9315
22.9465
22.9403
22.9661
22.9802
22.9447
22.8497
22.8602
22.8087
22.7818
22.8166
22.8932
22.8666
22.8393
22.8657
22.8921
22.8703
22.9028
22.8991
22.9255
22.9904
22.9664
22.9551
22.9959
23.042
23.0653
23.0016
22.972
22.9928
22.9673
22.9404
22.9695
23.0101
22.9773
22.9624
23.0065
22.985
22.9647
22.9547
22.9477
23.0285
23.0327
23.0123
23.0545
23.0899
23.0603
23.0759
23.0369
23.0885
23.0404
23.01
23.0062
22.9342
22.9471
22.9392
22.9643
22.9411
22.9285
22.9129
22.9078
22.9579
22.9285
22.9145
22.9415
22.9796
22.9179
22.9465
22.9295
22.8993
22.9207
22.787
22.7143
22.7532
22.7286
22.773
22.7906
22.7298
22.7537
22.7359
22.7521
22.7995
22.8198
22.7933
22.73
22.771
22.8097
22.804
22.7956
22.7879
22.8184
22.8426
22.8508
22.8371
22.8033
22.7816
22.7363
22.7804
22.7032
22.5963
22.6118
22.5846
22.5277
22.4994
22.4864
22.4035
22.2475
22.1735
22.1451
22.1248
22.0495
22.0515
22.0592
22.0092
22.0178
22
21.9758
21.9982
22.0238
21.984
22.0278
22.0446
22.0292
22.0532
22.0894
22.1194
22.1585
22.2013
22.1771
22.0621
22.0459
22.062
22.0497
22.0751
22.0582
22.0442
22.1289
21.9768
21.8433
21.8506
21.8834
21.9168
21.888
21.9136
21.9588
21.9799
21.9917
21.9933
22.0159
22.025
22.0269
22.0707
22.0796
22.1323
22.1247
22.1775
22.2473
22.2423
22.2477
22.2492
22.2716
22.2906
22.2385
22.2533
22.3348
22.3783
22.3525
22.2832
22.346
22.4139
22.3363
22.3304
22.3477
22.3415
22.2657
22.3001
22.328
22.3344
22.2974
22.2711
22.2823
22.2711
22.302
22.3003
22.3678
22.3112
22.3114
22.36
22.4081
22.4783
22.4881
22.4864
22.4641
22.4525
22.4679
22.4522
22.5001
22.5201
22.5478
22.5555
22.5498
22.4663
22.4625
22.5153
22.5728
22.6068
22.5938
22.5978
22.6084
22.6382
22.6083
22.6151
22.6191
22.6412
22.5968
22.6417
22.7051
22.7129
22.7197
22.7373
22.7961
22.7923
22.8274
22.8254
22.891
22.8746
22.8484
22.8061
22.7847
22.7954
22.7591
22.6829
22.6864
22.6784
22.7208
22.7278
22.6755
22.7329
22.7392
22.7914
22.8227
22.8779
22.8412
22.7573
22.7016
22.7491
22.7464
22.7418
22.7197
22.6632
22.6279
22.6797
22.6969
22.6495
22.6661
22.6896
22.7472
22.7475
22.7096
22.7146
22.7199
22.755
22.7717
22.7936
22.813
22.8629
22.8749
22.8403
22.873
22.8237
22.8595
22.7709
22.7688
22.7291
22.7369
22.7103
22.6864
22.672
22.6616
22.6132
22.6272
22.6497
22.6277
22.64
22.6607
22.6102
22.5886
22.5392
22.5307
22.5373
22.5657
22.507
22.4783
22.4491
22.3972
22.3934
22.4146
22.413
22.4107
22.4021
22.386
22.3048
22.332
22.371
22.3921
22.3846
22.3525
22.3472
22.3809
22.4108
22.3989
22.3244
22.3048
22.3024
22.3512
22.3564
22.3522
22.3203
22.2796
22.3518
22.396
22.4242
22.3787
22.3426
22.3363
22.3354
22.2895
22.2654
22.3052
22.304
22.2892
22.315
22.3673
22.3785
22.3221
22.3379
22.3874
22.3883
22.3225
22.3198
22.3659
22.3873
22.394
22.3712
22.4146
22.4142
22.3823
22.4245
22.4347
22.3998
22.3984
22.3957
22.4874
22.5401
22.5542
22.4489
22.4845
22.5334
22.5508
22.4706
22.4748
22.4417
22.4151
22.439
22.4573
22.3948
22.4324
22.4924
22.5076
22.5304
22.4843
22.484
22.5358
22.5372
22.4685
22.4753
22.4718
22.4911
22.4786
22.4623
22.4263
22.347
22.3597
22.3668
22.3341
22.3943
22.3777
22.3871
22.4409
22.4854
22.5032
22.4848
22.4535
22.471
22.4494
22.4318
22.4112
22.4361
22.3986
22.4021
22.3775
22.3495
22.3399
22.2712
22.2972
22.314
22.278
22.3231
22.366
22.4501
22.4349
22.3342
22.308
22.2875
22.2209
22.2485
22.2985
22.3668
22.3955
22.4098
22.4455
22.4784
22.4992
22.5072
22.5515
22.6012
22.5816
22.6092
22.6296
22.5776
22.6203
22.5866
22.5478
22.5291
22.4152
22.4117
22.4059
22.3782
22.3603
22.3418
22.3433
22.3255
22.3543
22.3837
22.3983
22.402
22.4153
22.4609
22.483
22.4605
22.5074
22.5176
22.5754
22.641
22.5677
22.5138
22.4694
22.4973
22.4643
22.4875
22.5272
22.5636
22.5961
22.6638
22.7029
22.7309
22.7244
22.6916
22.7229
22.7079
22.6981
22.6641
22.5974
22.5698
22.6065
22.6129
22.5441
22.5324
22.5394
22.5275
22.5713
22.603
22.5562
22.6001
22.6437
22.6236
22.5879
22.5582
22.6088
22.5648
22.5524
22.5502
22.5827
22.6018
22.5761
22.628
22.5843
22.6157
22.6071
22.549
22.5073
22.4848
22.4639
22.5114
22.5584
22.5328
22.5165
22.4974
22.5339
22.5316
22.5427
22.5655
22.5832
22.6165
22.5236
22.5064
22.5152
22.5807
22.542
22.508
22.4805
22.5098
22.43
22.4092
22.3827
22.431
22.3576
22.3207
22.3049
22.3113
22.253
22.2508
22.2822
22.2795
22.3193
22.2735
22.2444
22.2074
22.1954
22.1388
22.1425
22.0883
22.0926
22.1011
22.0661
22.0128
22.0304
22.0251
22.0102
22.0334
22.014
22.0779
22.1094
22.1308
22.1594
22.2261
22.186
22.1992
22.1784
22.138
22.0961
22.1442
22.1401
22.1556
22.2166
22.1883
22.2085
22.1867
22.2197
22.231
22.1557
22.164
22.1428
22.188
22.1439
22.1328
22.1204
22.1495
22.1756
22.1943
22.1777
22.2171
22.2262
22.2235
22.2622
22.2488
22.2319
22.2063
22.2485
22.2325
22.225
22.2328
22.2724
22.3188
22.3832
22.4038
22.3652
22.2899
22.2948
22.3434
22.417
22.4033
22.3264
22.2971
22.3422
22.4101
22.3978
22.4086
22.4534
22.5079
22.4828
22.4572
22.5459
22.5227
22.5219
22.5557
22.5975
22.5528
22.5862
22.631
22.6614
22.6738
22.6334
22.6659
22.5812
22.5364
22.5456
22.5611
22.6088
22.6479
22.5742
22.5672
22.4963
22.5702
22.5555
22.5188
22.4751
22.4995
22.5104
22.5669
22.6144
22.6498
22.6625
22.6755
22.6935
22.6866
22.6347
22.6894
22.6839
22.7101
22.6889
22.5897
22.6025
22.6228
22.6146
22.6465
22.7078
22.6603
22.6831
22.6065
22.6177
22.5876
22.5462
22.5586
22.5285
22.5585
22.532
22.5738
22.5921
22.5701
22.5279
22.5453
22.5621
22.5911
22.5688
22.6095
22.6056
22.5791
22.611
22.5908
22.5966
22.6253
22.6503
22.6534
22.6707
22.6419
22.6109
22.5867
22.6049
22.5366
22.4688
22.4776
22.4689
22.5175
22.5188
22.4988
22.5334
22.573
22.5457
22.4541
22.4823
22.4423
22.4352
22.3857
22.4313
22.438
22.4539
22.4593
22.4424
22.5041
22.4936
22.5474
22.5227
22.4617
22.4971
22.3586
22.4071
22.3855
22.3723
22.3885
22.4206
22.4061
22.3937
22.423
22.3907
22.3832
22.3359
22.3497
22.3199
22.3575
22.3548
22.445
22.4704
22.4337
22.4275
22.4159
22.4173
22.3248
22.3055
22.2966
22.2973
22.2852
22.245
22.231
22.2123
22.233
22.266
22.2519
22.0856
22.0557
22.0484
22.001
22.0284
22.0721
22.0837
22.1174
22.1714
22.1488
22.1737
22.1479
22.2487
22.283
22.2828
22.2616
22.2574
22.1906
22.1643
22.1209
22.1673
22.1202
22.1605
22.1741
22.1344
22.1743
22.2134
22.1967
22.1573
22.1591
22.1203
22.1082
22.1153
22.1497
22.1376
22.1284
22.1255
22.1324
22.1289
22.1199
22.1659
22.2135
22.2389
22.2418
22.2448
22.2485
22.2542
22.2296
22.238
22.3338
22.2764
22.1861
22.1604
22.1939
22.1815
22.1247
22.1892
22.2119
22.2335
22.2227
22.2152
22.2243
22.2135
22.1339
22.2426
22.216
22.1789
22.1281
22.2126
22.1987
22.1809
22.0854
22.1399
22.1359
22.1174
22.1092
22.1106
22.0746
22.0952
22.1255
22.1478
22.129
22.1244
22.1485
22.0755
22.1061
22.1362
22.1654
22.1538
22.1781
22.2189
22.2663
22.2629
22.2853
22.2447
22.1983
22.2366
22.2284
22.2302
22.2212
22.2398
22.3045
22.3213
22.3434
22.3634
22.3502
22.3408
22.3505
22.3754
22.4045
22.3682
22.3352
22.3394
22.3455
22.32
22.3258
22.389
22.4554
22.4345
22.4639
22.4913
22.494
22.5349
22.5584
22.5506
22.5701
22.5439
22.5425
22.5742
22.5927
22.5533
22.5534
22.57
22.5838
22.5744
22.5462
22.5417
22.4807
22.43
22.344
22.3591
22.4249
22.4147
22.4185
22.4945
22.4193
22.3531
22.322
22.3188
22.2428
22.2968
22.3706
22.3361
22.3803
22.3167
22.3137
22.3391
22.294
22.3253
22.361
22.3577
22.3701
22.3172
22.3104
22.3868
22.3901
22.3794
22.4137
22.4382
22.4057
22.3999
22.4624
22.4893
22.4327
22.4286
22.4306
22.4501
22.4755
22.4908
22.5431
22.5349
22.535
22.4893
22.4932
22.5232
22.532
22.5202
22.5317
22.537
22.5352
22.5383
22.553
22.546
22.6099
22.6225
22.6147
22.6268
22.6698
22.6165
22.6451
22.6072
22.6564
22.5018
22.5644
22.5792
22.6225
22.603
22.5912
22.5818
22.5829
22.5937
22.649
22.6735
22.637
22.5479
22.5797
22.5825
22.615
22.6686
22.648
22.7165
22.7093
22.6932
22.7244
22.7529
22.8026
22.8279
22.8511
22.8348
22.8779
22.8763
22.8441
22.835
22.8002
22.7536
22.7145
22.736
22.7674
22.7301
22.7549
22.6354
22.6494
22.5952
22.6148
22.6153
22.6358
22.6576
22.6422
22.6794
22.7166
22.7108
22.7093
22.7332
22.7527
22.7775
22.7649
22.7838
22.8255
22.7577
22.7998
22.8529
22.9049
22.9027
22.9176
22.9399
22.9966
22.997
23.0216
22.997
22.9795
22.9686
23.0011
22.9806
23.0313
23.005
23.0154
23.0961
23.1056
23.1488
23.1471
23.1312
23.0366
22.9638
22.8778
22.9125
22.9949
22.9665
22.9164
23.0037
22.9666
22.8553
22.896
22.905
22.9564
22.9384
22.989
23.0169
22.9009
22.8959
22.8512
22.8497
22.8183
22.8508
22.8489
22.8129
22.8288
22.8294
22.8718
22.9412
22.8963
22.8657
22.8369
22.8717
22.9074
22.9284
22.9914
23.0122
22.9214
22.9029
22.8126
22.8323
22.8171
22.8234
22.8114
22.8365
22.8463
22.7957
22.7798
22.7702
22.7239
22.6612
22.6697
22.6381
22.6765
22.5236
22.4882
22.5352
22.542
22.5551
22.6001
22.61
22.6715
22.6294
22.6304
22.6861
22.6586
22.6792
22.6955
22.7587
22.792
22.7497
22.7359
22.7315
22.7201
22.7276
22.7049
22.7872
22.7669
22.769
22.819
22.8676
22.906
22.9141
22.904
22.8232
22.842
22.8615
22.9149
22.9454
23.0076
23.0029
22.9953
23.0379
23.0905
23.098
23.1603
23.1266
23.1217
23.0687
23.0824
23.1042
23.1106
23.0946
23.1199
23.0849
23.0845
23.0626
22.995
22.9916
22.9909
22.9902
22.9901
23.0853
23.1254
23.0753
23.0766
23.1513
23.1225
23.1252
23.0881
23.015
23.0396
23.0288
23.0718
23.0243
23.0862
23.0272
23.0333
22.9414
22.9816
22.971
22.8993
22.9316
22.9149
22.9172
22.9849
22.9683
22.9663
22.9063
22.9338
22.9843
23.0184
23.0099
22.9561
22.9492
22.8516
22.8376
22.828
22.881
22.8836
22.7917
22.837
22.8372
22.89
22.8649
22.7998
22.8436
22.8067
22.794
22.8185
22.8687
22.8441
22.7881
22.8195
22.866
22.8301
22.8169
22.8302
22.8072
22.7824
22.7583
22.7507
22.7445
22.7944
22.7796
22.8014
22.7764
22.8283
22.7682
22.7247
22.7635
22.6929
22.6744
22.5941
22.5612
22.5474
22.4723
22.4514
22.4856
22.455
22.4274
22.3422
22.2815
22.1841
22.16
22.1609
22.1407
22.1102
22.1303
22.1452
22.052
22.0404
22.001
21.9898
22.0516
22.036
22.0431
22.0222
22.0693
22.0715
22.0719
22.143
22.1756
22.2163
22.2263
22.2371
22.1939
22.194
22.1043
22.0652
22.0574
22.0473
22.013
22.0256
22.0731
22.1212
22.1103
22.1435
22.2102
22.2212
22.214
22.1662
22.2036
22.2316
22.2342
22.2657
22.2941
22.3457
22.3128
22.2608
22.2788
22.2399
22.1894
22.203
22.2194
22.2314
22.2368
22.2389
22.2212
22.268
22.2253
22.2306
22.2757
22.3037
22.1834
22.1442
22.2105
22.2351
22.2821
22.2821
22.2863
22.2504
22.1824
22.1494
22.208
22.223
22.1936
22.2065
22.2225
22.2304
22.2501
22.2706
22.339
22.2886
22.2848
22.322
22.3428
22.3873
22.3854
22.3105
22.3553
22.386
22.3936
22.434
22.4805
22.4853
22.5161
22.543
22.5125
22.5234
22.5635
22.5462
22.5589
22.6001
22.634
22.6134
22.6381
22.6291
22.6125
22.5666
22.5453
22.5116
22.4331
22.4178
22.404
22.4168
22.4663
22.5083
22.5647
22.6061
22.5841
22.5573
22.5064
22.5363
22.5179
22.5274
22.5987
22.658
22.6473
22.7045
22.7142
22.7545
22.7638
22.7996
22.8401
22.875
22.9354
22.8894
22.9034
22.9014
22.9431
22.9344
22.9359
22.9006
22.9437
22.9699
22.9776
22.8838
22.8392
22.8233
22.6962
22.5794
22.5831
22.6612
22.6307
22.6083
22.5933
22.5065
22.5267
22.4369
22.4737
22.4542
22.5253
22.5075
22.5358
22.5814
22.5633
22.5972
22.5881
22.6117
22.6777
22.6556
22.6552
22.6436
22.6262
22.5582
22.4322
22.3581
22.3473
22.3679
22.3646
22.2656
22.2988
22.3337
22.3239
22.2751
22.2533
22.2539
22.2667
22.2882
22.3009
22.3353
22.2558
22.1674
22.2409
22.2817
22.2502
22.223
22.251
22.2566
22.281
22.3124
22.3269
22.3858
22.3884
22.3394
22.2907
22.2289
22.2454
22.2849
22.3455
22.4103
22.3106
22.3391
22.3774
22.3514
22.3366
22.3373
22.3228
22.331
22.2738
22.2332
22.2631
22.3294
22.3361
22.3644
22.3874
22.3947
22.3914
22.4245
22.3956
22.4187
22.3848
22.3611
22.4188
22.4265
22.3662
22.3863
22.3549
22.3347
22.3827
22.4049
22.4339
22.4931
22.451
22.4583
22.4347
22.4378
22.416
22.4561
22.3849
22.3801
22.4205
22.3957
22.4398
22.4279
22.424
22.4329
22.4434
22.4633
22.4903
22.4313
22.4246
22.4448
22.4235
22.4197
22.4273
22.4627
22.4853
22.5058
22.5406
22.5177
22.5496
22.5391
22.5743
22.6026
22.62
22.6498
22.6745
22.6746
22.6379
22.6383
22.6875
22.6133
22.6358
22.5921
22.5231
22.4952
22.4481
22.4733
22.482
22.4343
22.4392
22.4198
22.3465
22.2605
22.1344
22.1217
22.1342
22.1207
22.0323
21.9351
22.0023
21.9399
21.8572
21.895
21.8903
21.9265
21.9346
21.9248
21.8772
21.8925
21.9237
21.8988
21.9168
21.887
21.8486
21.8691
21.8684
21.888
21.7813
21.8346
21.8939
21.9533
22.023
21.9783
22.0002
22.0493
22.0437
22.0528
22.063
22.0004
21.9716
21.9445
21.8662
21.8647
21.8816
21.881
21.884
21.9123
21.8912
21.8411
21.8661
21.8817
21.8152
21.8356
