0
0.324236
0.296527
0.270328
0.280276
0.256856
0.232439
0.212125
0.228835
0.210407
0.190817
0.172146
0.195247
0.180488
0.163798
0.148149
0.174604
0.1622
0.146476
0.132598
0.162653
0.150856
0.136571
0.123521
0.156164
0.145223
0.131921
0.119028
0.153049
0.142146
0.129311
0.116243
0.15228
0.141223
0.127746
0.115256
0.153117
0.142435
0.128774
0.116186
0.154999
0.143877
0.130311
0.117065
0.15695
0.145706
0.131863
0.119412
0.160041
0.148846
0.134401
0.120872
0.162607
0.151234
0.136719
0.123239
0.165184
0.154087
0.138797
0.125255
0.167991
0.156117
0.140912
0.127161
0.170199
0.157817
0.142561
0.128487
0.172151
0.159986
0.14405
0.129595
0.173753
0.161242
0.145705
0.130773
0.17505
0.162733
0.146668
0.132085
0.176629
0.163915
0.14769
0.132793
0.177741
0.165664
0.149373
0.134331
0.180128
0.167624
0.151065
0.135686
0.181269
0.168621
0.151916
0.136403
0.182312
0.16966
0.152767
0.137539
0.183717
0.170885
0.154551
0.138778
0.185485
0.172175
0.154946
0.139347
0.186223
0.172677
0.155814
0.139845
0.187475
0.173705
0.156889
0.140555
0.188188
0.174767
0.157707
0.141372
0.189222
0.176176
0.15795
0.141855
0.189228
0.175765
0.158278
0.141957
0.189648
0.175711
0.158678
0.142702
0.190827
0.17727
0.159537
0.143365
0.191059
0.177409
0.159748
0.143597
0.191336
0.177397
0.159915
0.143432
0.19178
0.177919
0.160471
0.144154
0.191916
0.178576
0.160535
0.144125
0.192276
0.178439
0.161026
0.14483
0.192676
0.178722
0.160913
0.144925
0.192988
0.17883
0.16127
0.144842
0.193269
0.179208
0.161711
0.145086
0.192985
0.178986
0.161417
0.145346
0.193408
0.17882
0.161034
0.144417
0.192792
0.179374
0.161923
0.14539
0.194064
0.180396
0.162461
0.146056
0.194939
0.180985
0.163056
0.146379
0.194585
0.180545
0.162997
0.146539
0.195073
0.180969
0.163252
0.146826
0.195086
0.180913
0.163546
0.146608
0.194843
0.180682
0.162863
0.145567
0.194361
0.179964
0.162023
0.145552
0.194205
0.181165
0.162907
0.147013
0.195415
0.181929
0.163863
0.147501
0.195686
0.182033
0.164145
0.147651
0.196008
0.181758
0.163386
0.146886
0.195647
0.181611
0.163793
0.146975
0.195758
0.181872
0.163848
0.146676
0.195435
0.181644
0.163997
0.147381
0.196282
0.181155
0.163474
0.146852
0.19571
0.181723
0.163741
0.146695
0.195486
0.181115
0.163034
0.146731
0.195643
0.181745
0.163484
0.146644
0.195497
0.181171
0.163511
0.147043
0.195976
0.180949
0.162838
0.146381
0.195728
0.181377
0.163173
0.1463
0.195259
0.181669
0.163811
0.146926
0.19589
0.181186
0.163184
0.146527
0.195493
0.181254
0.163433
0.14663
0.195635
0.181759
0.163529
0.146827
0.1961
0.181747
0.164061
0.147603
0.196414
0.182163
0.163899
0.146866
0.195486
0.181525
0.163608
0.147389
0.196348
0.182158
0.163638
0.147274
0.196688
0.182627
0.164668
0.147785
0.196644
0.183062
0.164242
0.147312
0.196346
0.181682
0.16378
0.146824
0.195913
0.181378
0.163416
0.14712
0.196027
0.18171
0.163658
0.146424
0.195645
0.181646
0.163883
0.147188
0.196472
0.182421
0.164712
0.147726
0.196617
0.182405
0.164339
0.147447
0.196428
0.182293
0.164274
0.147466
0.196166
0.18226
0.164217
0.147448
0.196055
0.182355
0.164054
0.147268
0.196131
0.181666
0.163775
0.147023
0.196019
0.18193
0.164354
0.147696
0.196441
0.181945
0.163723
0.14704
0.195647
0.181308
0.163577
0.147008
0.195651
0.181227
0.163313
0.146804
0.195305
0.181309
0.163214
0.146645
0.195572
0.181099
0.163563
0.14711
0.195763
0.181548
0.163574
0.147098
0.196279
0.181751
0.16347
0.147229
0.195942
0.182246
0.164014
0.147464
0.196688
0.182417
0.164416
0.147221
0.196583
0.182008
0.164062
0.147117
0.196052
0.182171
0.164349
0.147661
0.196227
0.181777
0.163364
0.146838
0.195362
0.181361
0.163522
0.147097
0.196462
0.182296
0.163919
0.14711
0.196414
0.181904
0.163415
0.146862
0.195872
0.182013
0.164137
0.147263
0.196294
0.182418
0.164005
0.147685
0.19672
0.182563
0.164396
0.147196
0.196194
0.182042
0.163832
0.147164
0.195946
0.182131
0.164428
0.1478
0.196535
0.182045
0.164211
0.147418
0.196454
0.181927
0.164175
0.147266
0.196165
0.181634
0.163759
0.14736
0.196493
0.182109
0.163756
0.14728
0.196119
0.181648
0.163641
0.147212
0.196371
0.181673
0.16331
0.146904
0.195531
0.180526
0.162815
0.146207
0.195142
0.181092
0.16275
0.146482
0.195533
0.181139
0.163464
0.146921
0.195536
0.181269
0.162941
0.14601
0.194722
0.181087
0.163132
0.146831
0.195833
0.181691
0.163573
0.146543
0.195541
0.181411
0.163713
0.147397
0.196334
0.18239
0.164537
0.147796
0.196857
0.182577
0.164723
0.148108
0.196882
0.182425
0.164246
0.147233
0.196214
0.182443
0.164041
0.146997
0.196201
0.182219
0.164004
0.147434
0.196537
0.182074
0.163823
0.146933
0.195693
0.180684
0.163054
0.146423
0.19536
0.181249
0.162544
0.146062
0.195015
0.180897
0.163132
0.146784
0.19557
0.181985
0.163893
0.147264
0.196435
0.18247
0.164521
0.147839
0.197038
0.183021
0.165048
0.148204
0.197172
0.183188
0.165155
0.147944
0.196977
0.182807
0.16497
0.148494
0.197369
0.183017
0.16469
0.14772
0.196147
0.182384
0.164274
0.147268
0.195974
0.181834
0.163583
0.146999
0.195746
0.181444
0.163586
0.147077
0.195745
0.181509
0.163689
0.147082
0.196134
0.182712
0.164235
0.147148
0.195809
0.181806
0.163675
0.147027
0.195962
0.181799
0.163509
0.147036
0.196344
0.182366
0.164607
0.147668
0.196599
0.182862
0.164779
0.147928
0.196675
0.182509
0.164624
0.147687
0.196319
0.18206
0.164105
0.147557
0.196219
0.182041
0.16387
0.147326
0.196435
0.182035
0.164036
0.147354
0.196346
0.182279
0.164714
0.147702
0.196935
0.182551
0.164476
0.148262
0.19707
0.182907
0.164851
0.148174
0.196993
0.182
0.164328
0.147117
0.196143
0.181389
0.163334
0.147151
0.196122
0.181426
0.163531
0.146811
0.195821
0.180805
0.163331
0.147115
0.196397
0.182123
0.164035
0.1473
0.196191
0.18213
0.164001
0.147641
0.196775
0.182365
0.164368
0.147905
0.196429
0.1821
0.164208
0.147783
0.196783
0.182552
0.164402
0.147637
0.196535
0.182386
0.16442
0.147779
0.196745
0.182889
0.164785
0.147845
0.196877
0.18222
0.16411
0.147443
0.196515
0.182093
0.16392
0.146712
0.195805
0.1819
0.164069
0.147486
0.196502
0.182572
0.164823
0.147974
0.196843
0.182363
0.164278
0.147534
0.196735
0.182575
0.164946
0.148205
0.19689
0.182767
0.164932
0.148383
0.197405
0.183256
0.164537
0.147977
0.196761
0.181809
0.163617
0.146982
0.196015
0.182109
0.163764
0.14736
0.196337
0.181685
0.163526
0.146693
0.19569
0.181382
0.163373
0.14668
0.195589
0.181594
0.163333
0.146785
0.195893
0.18175
0.163231
0.146612
0.195812
0.181794
0.163674
0.146826
0.19584
0.182037
0.163432
0.146947
0.195877
0.181438
0.163443
0.146995
0.195789
0.181577
0.16374
0.146906
0.195564
0.181157
0.163303
0.146858
0.195656
0.181548
0.163186
0.146293
0.195173
0.180654
0.162197
0.145559
0.195037
0.180708
0.163101
0.146181
0.195585
0.181233
0.163265
0.146437
0.194969
0.180784
0.163365
0.146662
0.195591
0.181736
0.163516
0.146731
0.195853
0.18166
0.163812
0.147014
0.195712
0.181641
0.163479
0.146817
0.195892
0.182026
0.163724
0.146784
0.195786
0.181538
0.163549
0.146694
0.195184
0.180631
0.162954
0.146347
0.195594
0.18137
0.163585
0.147071
0.196423
0.18178
0.164132
0.14728
0.196438
0.18245
0.164413
0.14801
0.196427
0.182491
0.164486
0.14784
0.196533
0.182283
0.163955
0.147549
0.196414
0.182606
0.164736
0.148548
0.197139
0.182887
0.16463
0.148029
0.196847
0.181471
0.163429
0.146863
0.19615
0.182544
0.164401
0.147722
0.196868
0.182826
0.16479
0.14834
0.196861
0.182939
0.16505
0.148296
0.19719
0.182954
0.165384
0.148558
0.197466
0.1826
0.164998
0.147844
0.196838
0.181983
0.163524
0.147093
0.196403
0.182018
0.164018
0.147322
0.196203
0.182381
0.1642
0.147568
0.196286
0.181575
0.163797
0.146712
0.195661
0.182097
0.16404
0.147736
0.196686
0.182325
0.164251
0.147471
0.196373
0.182415
0.164468
0.147768
0.196171
0.182122
0.163603
0.146061
0.195069
0.180967
0.163057
0.146435
0.195495
0.181335
0.163359
0.146624
0.195318
0.18114
0.16353
0.147214
0.196112
0.181802
0.163835
0.147474
0.196442
0.182095
0.163906
0.147123
0.196233
0.181772
0.16384
0.146938
0.195902
0.181637
0.16386
0.147471
0.196262
0.181936
0.163752
0.1472
0.196406
0.182025
0.164025
0.147214
0.195769
0.181323
0.163408
0.146677
0.195923
0.181476
0.16334
0.146827
0.19583
0.181283
0.163298
0.146681
0.195891
0.181602
0.163683
0.146386
0.195252
0.180478
0.162277
0.145775
0.194662
0.18099
0.162917
0.145994
0.194954
0.180668
0.162462
0.145993
0.195408
0.181475
0.163719
0.147134
0.196099
0.182021
0.164307
0.148068
0.196656
0.182768
0.165029
0.148459
0.19732
0.182919
0.164941
0.14855
0.197179
0.182379
0.164078
0.147116
0.196006
0.182158
0.164531
0.147714
0.19647
0.182349
0.164036
0.147316
0.196418
0.182185
0.164164
0.147472
0.196348
0.181889
0.163719
0.147241
0.196114
0.181518
0.163663
0.14655
0.195316
0.1811
0.162943
0.146171
0.195408
0.181241
0.163253
0.146829
0.196229
0.181863
0.164277
0.147911
0.196507
0.182083
0.164103
0.147293
0.196522
0.182229
0.164568
0.14791
0.19629
0.182042
0.164024
0.147656
0.196889
0.182529
0.163929
0.147197
0.195388
0.181331
0.162866
0.14657
0.195729
0.181534
0.163594
0.147282
0.195957
0.181798
0.163735
0.147206
0.196472
0.182371
0.164487
0.147981
0.196676
0.18253
0.164145
0.14743
0.196461
0.182182
0.164379
0.148058
0.197136
0.183142
0.164703
0.147765
0.196612
0.182725
0.164984
0.148031
0.197088
0.182518
0.164495
0.147311
0.196161
0.181787
0.163796
0.147171
0.196165
0.181659
0.163745
0.147316
0.19614
0.181377
0.163785
0.146982
0.195951
0.182225
0.164105
0.146813
0.195729
0.181814
0.16351
0.147063
0.195487
0.181357
0.16282
0.146255
0.195417
0.181319
0.162787
0.146464
0.195132
0.18033
0.162748
0.146126
0.195179
0.180615
0.162587
0.146089
0.195135
0.181213
0.163542
0.14704
0.196065
0.18158
0.163687
0.147146
0.195862
0.181613
0.163727
0.147197
0.195872
0.181677
0.163448
0.147015
0.196086
0.181995
0.163807
0.146978
0.195436
0.18121
0.163468
0.14717
0.196175
0.181985
0.164071
0.147574
0.19634
0.18233
0.164648
0.148099
0.196858
0.182407
0.164134
0.147224
0.195913
0.182183
0.164012
0.147522
0.196347
0.182122
0.163946
0.14701
0.195719
0.181322
0.163184
0.146634
0.195628
0.181548
0.16292
0.146623
0.195777
0.181114
0.163574
0.147017
0.195582
0.181587
0.163194
0.146911
0.195869
0.18232
0.164146
0.147492
0.196295
0.181848
0.163788
0.14737
0.196144
0.181708
0.163797
0.1473
0.195847
0.181458
0.163305
0.146716
0.195672
0.181184
0.162403
0.145943
0.194753
0.180812
0.163413
0.146852
0.195916
0.181174
0.163192
0.146126
0.194922
0.181126
0.163335
0.146506
0.195056
0.180949
0.163178
0.146671
0.195917
0.181432
0.163897
0.147105
0.196216
0.181999
0.163354
0.147109
0.195818
0.181555
0.163879
0.147478
0.196634
0.182655
0.164601
0.147392
0.19639
0.181882
0.163641
0.146899
0.195757
0.18146
0.1636
0.146932
0.195686
0.181328
0.16266
0.146142
0.19509
0.180812
0.162999
0.146483
0.195792
0.181595
0.163318
0.14665
0.195614
0.181659
0.163483
0.14663
0.19546
0.181311
0.163639
0.147319
0.196456
0.181702
0.163759
0.146794
0.195731
0.181642
0.163272
0.146628
0.195453
0.181337
0.163593
0.147035
0.196233
0.182312
0.164012
0.147563
0.196939
0.18257
0.164487
0.14794
0.196691
0.182361
0.164522
0.147913
0.196837
0.18166
0.163704
0.14724
0.19629
0.18244
0.164292
0.147475
0.196007
0.181183
0.162627
0.146539
0.19516
0.181075
0.163231
0.146158
0.194896
0.180828
0.16299
0.146202
0.194868
0.180951
0.162977
0.146496
0.19578
0.181848
0.164204
0.147205
0.196449
0.18182
0.164233
0.14765
0.196558
0.18203
0.163992
0.147575
0.196338
0.182224
0.164001
0.146879
0.195887
0.181664
0.163033
0.14659
0.19551
0.181989
0.163814
0.147202
0.196404
0.182419
0.164158
0.147442
0.196359
0.181803
0.163677
0.146898
0.195897
0.181713
0.163512
0.146271
0.194945
0.180562
0.162335
0.146083
0.195146
0.181236
0.162481
0.145975
0.194865
0.181157
0.163519
0.146871
0.195577
0.181271
0.16299
0.146361
0.195454
0.181412
0.163641
0.146933
0.196096
0.182173
0.163934
0.147313
0.196198
0.181019
0.163119
0.146579
0.195255
0.181543
0.164015
0.147216
0.19604
0.181547
0.163799
0.14743
0.196328
0.182333
0.164336
0.147914
0.196699
0.182639
0.164728
0.147929
0.196847
0.182149
0.16387
0.147502
0.196744
0.182804
0.164872
0.148067
0.19677
0.182497
0.164568
0.148488
0.197237
0.182532
0.164546
0.147777
0.196717
0.182406
0.164251
0.147396
0.196383
0.182184
0.164227
0.147761
0.196591
0.18235
0.164322
0.147457
0.196625
0.182622
0.164914
0.148602
0.197432
0.182827
0.164581
0.147972
0.196799
0.182691
0.164776
0.147997
0.196767
0.182659
0.164637
0.148171
0.196978
0.183343
0.165426
0.148075
0.197147
0.18228
0.164324
0.14774
0.196553
0.182479
0.164499
0.147785
0.196893
0.182513
0.164524
0.148189
0.196962
0.182063
0.164484
0.147755
0.19628
0.181463
0.163165
0.146925
0.196034
0.181942
0.163554
0.147106
0.196031
0.181849
0.163647
0.146697
0.19581
0.181334
0.163551
0.147102
0.196062
0.181275
0.163508
0.147227
0.196227
0.181768
0.163732
0.147068
0.196015
0.181713
0.163707
0.146809
0.195714
0.18182
0.163606
0.146561
0.195542
0.18116
0.163456
0.147197
0.196053
0.18236
0.164266
0.147603
0.196568
0.18211
0.163768
0.146971
0.196148
0.181607
0.163905
0.147049
0.196335
0.182108
0.164023
0.147229
0.195788
0.181673
0.16371
0.14752
0.196439
0.182015
0.16384
0.147017
0.196257
0.182264
0.164394
0.147573
0.196582
0.181816
0.163439
0.147008
0.195325
0.181142
0.162903
0.146559
0.195832
0.181616
0.163686
0.146985
0.196032
0.181899
0.163972
0.147283
0.195886
0.181834
0.163641
0.1471
0.195932
0.181701
0.163031
0.146213
0.195451
0.18105
0.16286
0.145986
0.195027
0.180941
0.163131
0.146722
0.195556
0.181914
0.163994
0.147058
0.195888
0.180854
0.162892
0.146383
0.195691
0.181422
0.16308
0.146422
0.195258
0.18095
0.163007
0.146371
0.195348
0.181405
0.162859
0.145994
0.194865
0.181441
0.162804
0.146787
0.195567
0.181269
0.163316
0.146877
0.195645
0.181956
0.163783
0.147132
0.195867
0.181148
0.16313
0.146146
0.195444
0.181092
0.163071
0.146728
0.195353
0.181451
0.162739
0.146202
0.195015
0.180688
0.162377
0.145424
0.194417
0.180402
0.162539
0.145724
0.195221
0.180668
0.162401
0.146057
0.194835
0.181063
0.163035
0.146178
0.195281
0.181046
0.16313
0.146479
0.195382
0.181244
0.163266
0.146477
0.195178
0.181376
0.163134
0.146702
0.195868
0.18188
0.163965
0.14746
0.196514
0.182287
0.16414
0.147894
0.196292
0.18157
0.163461
0.146977
0.195927
0.182088
0.164241
0.147256
0.196014
0.182224
0.164395
0.14755
0.196759
0.181874
0.164041
0.147408
0.195972
0.181825
0.163679
0.147128
0.19533
0.181396
0.162799
0.146156
0.194646
0.180833
0.163068
0.146379
0.195349
0.181627
0.1636
0.147336
0.196148
0.182482
0.164245
0.147468
0.196419
0.182111
0.163998
0.147315
0.195993
0.181441
0.163049
0.146416
0.195468
0.181308
0.163777
0.146775
0.195709
0.181675
0.163571
0.146921
0.195428
0.18105
0.163396
0.146858
0.195343
0.180695
0.162487
0.145859
0.194832
0.180966
0.162579
0.146194
0.195169
0.180999
0.162947
0.14668
0.195705
0.181084
0.163511
0.146673
0.195484
0.180982
0.163346
0.146918
0.19601
0.1814
0.163666
0.147245
0.195665
0.181699
0.163724
0.146809
0.195923
0.182029
0.164126
0.147424
0.196696
0.182403
0.163847
0.14712
0.196216
0.182165
0.164263
0.147912
0.19683
0.182557
0.164578
0.147857
0.196677
0.182249
0.164074
0.147834
0.196657
0.182385
0.164383
0.147575
0.196146
0.181793
0.163499
0.146798
0.195514
0.180853
0.163065
0.146228
0.195056
0.18131
0.163536
0.146644
0.195706
0.181884
0.163698
0.146874
0.195839
0.181191
0.163331
0.147025
0.196086
0.182006
0.164024
0.147587
0.196464
0.182418
0.164623
0.14808
0.197107
0.183423
0.165045
0.148576
0.197317
0.18304
0.164934
0.148183
0.197406
0.182532
0.164119
0.147447
0.196197
0.182232
0.164151
0.147705
0.196472
0.182771
0.164362
0.147507
0.196472
0.182198
0.163967
0.146887
0.195593
0.181466
0.163503
0.146375
0.19506
0.181522
0.163816
0.146746
0.195725
0.18165
0.163648
0.14686
0.195551
0.181084
0.163215
0.146931
0.195917
0.181583
0.163641
0.146851
0.195704
0.181643
0.163831
0.14756
0.196668
0.182187
0.164185
0.147787
0.196695
0.182423
0.164308
0.147705
0.19653
0.181952
0.163879
0.147226
0.196026
0.181816
0.163604
0.146664
0.195358
0.181011
0.163065
0.146367
0.195431
0.180687
0.162387
0.145903
0.195085
0.180294
0.162383
0.145887
0.19517
0.181001
0.162984
0.146457
0.195583
0.181026
0.163289
0.146049
0.194852
0.18076
0.16311
0.146747
0.196044
0.181989
0.16448
0.147826
0.196646
0.182581
0.164985
0.148527
0.197259
0.182759
0.164689
0.147424
0.196082
0.181744
0.163609
0.147138
0.196327
0.181766
0.163889
0.147589
0.196661
0.182164
0.164115
0.146968
0.195605
0.181402
0.163417
0.146523
0.195538
0.18154
0.163612
0.147327
0.196031
0.181727
0.163897
0.147401
0.196048
0.18146
0.163025
0.146747
0.195614
0.180853
0.162898
0.146327
0.195739
0.181655
0.163625
0.146986
0.195907
0.181507
0.163722
0.147067
0.195468
0.181468
0.163384
0.146895
0.195947
0.181969
0.163267
0.146912
0.196161
0.182366
0.164406
0.147876
0.196499
0.182383
0.164724
0.147992
0.19705
0.182589
0.164705
0.147939
0.196803
0.182471
0.16457
0.147597
0.196268
0.181828
0.163994
0.147217
0.196069
0.181474
0.163283
0.146247
0.195348
0.181518
0.163378
0.14677
0.195949
0.181536
0.163861
0.147141
0.196192
0.181934
0.164007
0.147718
0.196238
0.182098
0.163941
0.14745
0.1964
0.182
0.163843
0.147226
0.195461
0.181035
0.163189
0.146525
0.1956
0.18178
0.163577
0.146883
0.195204
0.180647
0.16257
0.145859
0.194838
0.180707
0.162934
0.146321
0.195469
0.180978
0.163174
0.146194
0.195324
0.181355
0.163405
0.146152
0.195095
0.181101
0.163385
0.146415
0.195344
0.180607
0.162975
0.146865
0.195743
0.181579
0.163781
0.147041
0.196074
0.181548
0.163649
0.147054
0.195733
0.181568
0.163925
0.147328
0.196532
0.182741
0.164834
0.148328
0.197066
0.182892
0.164746
0.147797
0.19657
0.18248
0.164185
0.147797
0.196603
0.182428
0.164283
0.147672
0.196805
0.182084
0.164019
0.14701
0.195986
0.181588
0.163375
0.146771
0.195714
0.181307
0.163488
0.146792
0.195628
0.181218
0.163414
0.146803
0.195947
0.181971
0.163792
0.147092
0.195787
0.181232
0.163298
0.146366
0.194827
0.180991
0.163355
0.146209
0.195296
0.180653
0.162749
0.146309
0.195253
0.180784
0.162376
0.146173
0.195031
0.180437
0.162154
0.145876
0.195003
0.181033
0.162945
0.14627
0.195371
0.180944
0.163206
0.14688
0.195722
0.181488
0.162873
0.145972
0.195062
0.180836
0.162795
0.145844
0.194834
0.180523
0.162128
0.146237
0.19507
0.181277
0.163499
0.147174
0.196276
0.181975
0.163909
0.146906
0.196012
0.181607
0.163266
0.146694
0.195266
0.181124
0.163326
0.146752
0.195662
0.181444
0.163426
0.146457
0.195527
0.181696
0.163966
0.147208
0.196203
0.182289
0.164081
0.147899
0.196772
0.182054
0.163799
0.147573
0.19633
0.182166
0.164279
0.147829
0.196812
0.182411
0.164262
0.147502
0.196386
0.181537
0.163664
0.147157
0.196009
0.181426
0.163015
0.146351
0.195285
0.181173
0.162982
0.146471
0.195586
0.181464
0.163569
0.14703
0.195849
0.181581
0.163587
0.147453
0.196303
0.182276
0.164972
0.148023
0.196661
0.1821
0.163992
0.147302
0.195938
0.181221
0.163695
0.146847
0.195648
0.181455
0.16341
0.146872
0.195834
0.181696
0.163469
0.146629
0.195567
0.181287
0.163878
0.147663
0.196711
0.182356
0.164278
0.147442
0.196245
0.182032
0.164383
0.147771
0.196603
0.182594
0.164441
0.147695
0.196738
0.182165
0.164475
0.147692
0.196735
0.182805
0.164821
0.14841
0.197202
0.182897
0.164693
0.147869
0.19638
0.182086
0.164348
0.14736
0.195639
0.181573
0.163809
0.147078
0.195664
0.181712
0.163702
0.147324
0.19623
0.181929
0.163732
0.146752
0.195667
0.181954
0.16406
0.147431
0.196445
0.182515
0.164042
0.147133
0.195744
0.181701
0.163915
0.146973
0.195529
0.181061
0.163381
0.146502
0.195647
0.181953
0.163868
0.147048
0.195816
0.181315
0.162735
0.145994
0.194894
0.180512
0.162596
0.145484
0.194951
0.180052
0.162307
0.146006
0.195195
0.180439
0.162233
0.145647
0.194908
0.180651
0.162922
0.146361
0.195431
0.181631
0.163857
0.147259
0.196024
0.181833
0.164032
0.14698
0.195733
0.181367
0.163686
0.147129
0.195994
0.181689
0.163988
0.147264
0.196184
0.182159
0.164414
0.147723
0.196714
0.182621
0.164653
0.148383
0.196778
0.182747
0.164589
0.147637
0.196332
0.181777
0.164148
0.147562
0.196457
0.182688
0.164653
0.147524
0.196545
0.182435
0.16423
0.147864
0.196415
0.182235
0.163622
0.147044
0.195938
0.18162
0.163764
0.147233
0.195938
0.181996
0.163647
0.146946
0.195568
0.181687
0.163973
0.147408
0.196152
0.181498
0.163376
0.146985
0.195807
0.181527
0.163929
0.147587
0.196438
0.182168
0.164208
0.147262
0.196239
0.181739
0.163823
0.147505
0.196651
0.182851
0.164544
0.147935
0.196883
0.182577
0.1643
0.147789
0.196472
0.182199
0.164153
0.147565
0.196572
0.182131
0.163715
0.146904
0.195982
0.18099
0.163348
0.147102
0.196353
0.182157
0.164132
0.147772
0.196378
0.182388
0.16417
0.147024
0.1958
0.180931
0.162893
0.146263
0.195478
0.181226
0.163244
0.146599
0.195823
0.181869
0.164067
0.147202
0.196074
0.182135
0.164405
0.147652
0.196592
0.182138
0.163961
0.147053
0.196223
0.181306
0.163123
0.146723
0.1959
0.181531
0.163595
0.146988
0.196112
0.181382
0.163541
0.146798
0.195427
0.181414
0.163662
0.147527
0.196638
0.181998
0.16415
0.147674
0.196677
0.182325
0.16376
0.147332
0.196312
0.182015
0.164009
0.147497
0.196206
0.182171
0.164158
0.147255
0.196197
0.182258
0.163706
0.147113
0.196031
0.181496
0.163542
0.146714
0.196053
0.182135
0.163806
0.147262
0.195884
0.181724
0.163956
0.146984
0.196222
0.18246
0.164164
0.147332
0.196017
0.181983
0.163846
0.147403
0.195966
0.181694
0.163839
0.146809
0.195604
0.181743
0.163967
0.147367
0.1963
0.182099
0.16422
0.147613
0.195861
0.181307
0.163261
0.146261
0.195596
0.181497
0.163349
0.146601
0.195529
0.181275
0.163195
0.14656
0.195628
0.181292
0.163494
0.146613
0.195396
0.180931
0.162701
0.14612
0.19491
0.180952
0.163108
0.145935
0.194794
0.180767
0.162979
0.14602
0.194924
0.180903
0.163275
0.146852
0.195797
0.180745
0.162843
0.146283
0.194961
0.181016
0.162986
0.145676
0.194882
0.180788
0.162582
0.145632
0.194459
0.180356
0.162639
0.146365
0.195239
0.181677
0.164124
0.147336
0.196157
0.182162
0.164396
0.148125
0.197362
0.182908
0.16464
0.147609
0.19618
0.182063
0.163883
0.147184
0.195953
0.181962
0.164225
0.147697
0.197072
0.182827
0.164565
0.147902
0.19676
0.182584
0.164269
0.147484
0.195968
0.181676
0.164218
0.14763
0.196308
0.182618
0.164413
0.147786
0.196773
0.182726
0.164365
0.147496
0.196027
0.181737
0.163736
0.147168
0.196187
0.182058
0.163703
0.147444
0.195957
0.181397
0.163482
0.147015
0.196125
0.181823
0.163395
0.146786
0.195879
0.181332
0.163151
0.146806
0.195764
0.18136
0.163299
0.146687
0.195778
0.181487
0.163267
0.146352
0.195283
0.181078
0.162896
0.145964
0.195059
0.181223
0.163275
0.146427
0.195519
0.181293
0.163421
0.146369
0.195193
0.180935
0.16279
0.146261
0.195594
0.181225
0.163435
0.146866
0.195056
0.180892
0.162711
0.146301
0.195204
0.181244
0.163851
0.147078
0.196073
0.181546
0.163427
0.146804
0.195295
0.180714
0.162146
0.145669
0.19492
0.180788
0.162878
0.146758
0.195631
0.18095
0.163023
0.146697
0.19527
0.181266
0.163721
0.147042
0.196025
0.181756
0.164198
0.1477
0.196338
0.181939
0.163742
0.147462
0.196458
0.182341
0.16423
0.14733
0.19614
0.181786
0.16379
0.147603
0.196625
0.182339
0.164232
0.147652
0.195829
0.181672
0.163658
0.147237
0.196416
0.182497
0.164322
0.14736
0.196363
0.181696
0.163864
0.147132
0.195448
0.181346
0.163276
0.146731
0.195642
0.18163
0.163596
0.147183
0.196029
0.181859
0.163907
0.147643
0.196321
0.182495
0.164754
0.148232
0.197195
0.182131
0.164412
0.147503
0.19616
0.181596
0.163539
0.146864
0.195482
0.181605
0.163709
0.147297
0.195942
0.181195
0.162566
0.146198
0.195335
0.180788
0.163083
0.146776
0.195848
0.181357
0.163548
0.147222
0.195971
0.18217
0.163974
0.147126
0.195998
0.181427
0.163348
0.146294
0.195286
0.180614
0.16306
0.146426
0.195739
0.180832
0.163019
0.146714
0.195875
0.181618
0.163173
0.146227
0.195104
0.181117
0.163297
0.146651
0.195497
0.181338
0.163653
0.146849
0.19585
0.181679
0.163781
0.147625
0.196703
0.182206
0.163937
0.147127
0.195844
0.181087
0.162705
0.145951
0.194448
0.180444
0.161978
0.14561
0.194876
0.180209
0.162445
0.145526
0.194328
0.180024
0.162535
0.14608
0.195254
0.180939
0.162942
0.146654
0.195058
0.181121
0.162725
0.146182
0.195401
0.181185
0.163305
0.146964
0.19585
0.181438
0.163452
0.147222
0.195982
0.181874
0.163587
0.147158
0.196372
0.182253
0.164326
0.147331
0.196724
0.182519
0.164453
0.147568
0.196284
0.182071
0.164508
0.147492
0.19606
0.181504
0.163514
0.14627
0.195567
0.181716
0.163832
0.147248
0.196015
0.181959
0.163619
0.146614
0.195901
0.182044
0.163672
0.147341
0.196164
0.181638
0.163588
0.147001
0.195765
0.18148
0.16387
0.147149
0.196066
0.181985
0.163929
0.147361
0.196253
0.181919
0.163887
0.147161
0.196044
0.181899
0.163883
0.147226
0.195971
0.181345
0.163965
0.146861
0.195852
0.181583
0.163407
0.146735
0.195522
0.180865
0.162727
0.146323
0.195121
0.180913
0.163104
0.14606
0.195066
0.18071
0.162875
0.146029
0.195064
0.180812
0.162921
0.146394
0.195314
0.181063
0.16328
0.146386
0.19478
0.180799
0.162847
0.146377
0.195479
0.180748
0.161924
0.145056
0.193794
0.179805
0.162263
0.146031
0.195233
0.181026
0.162624
0.14621
0.195068
0.181012
0.16338
0.147153
0.19638
0.181958
0.163288
0.147078
0.196078
0.181436
0.163498
0.146378
0.195557
0.181616
0.163563
0.147446
0.196449
0.181796
0.163679
0.146735
0.195153
0.181165
0.163206
0.146385
0.195619
0.181887
0.163877
0.147337
0.196344
0.181896
0.163752
0.147447
0.196205
0.181372
0.163463
0.14676
0.195811
0.180996
0.16339
0.146922
0.196154
0.181953
0.164108
0.147704
0.19655
0.182147
0.163702
0.14701
0.19593
0.181222
0.163301
0.146789
0.195581
0.181586
0.163588
0.146426
0.195414
0.181635
0.163907
0.1469
0.195761
0.181773
0.16395
0.147716
0.1964
0.182602
0.164415
0.14741
0.196449
0.181822
0.163792
0.146995
0.195941
0.181802
0.163754
0.147199
0.196288
0.18191
0.163672
0.147159
0.196192
0.181816
0.163996
0.147049
0.19593
0.182207
0.164161
0.147595
0.196429
0.182082
0.164248
0.147348
0.196151
0.182455
0.164559
0.147705
0.196487
0.182727
0.164799
0.148133
0.196914
0.182569
0.164445
0.147717
0.196464
0.182151
0.164104
0.147758
0.196227
0.181764
0.163819
0.147178
0.196202
0.182234
0.164191
0.147488
0.196277
0.182228
0.163606
0.147355
0.196004
0.181836
0.164159
0.147365
0.196475
0.182168
0.164293
0.147289
0.196368
0.18184
0.16345
0.146841
0.195622
0.181362
0.163424
0.146879
0.195535
0.181524
0.163658
0.146715
0.195859
0.181836
0.163714
0.146916
0.195782
0.18177
0.163773
0.147263
0.196129
0.182082
0.164215
0.147286
0.196013
0.182119
0.164048
0.147196
0.196071
0.182016
0.164168
0.146759
0.195619
0.180879
0.163027
0.146403
0.19534
0.18078
0.162697
0.146567
0.195747
0.181396
0.163685
0.14716
0.196007
0.182257
0.16412
0.147392
0.196255
0.181807
0.164153
0.147542
0.19657
0.181871
0.163949
0.147481
0.196511
0.182283
0.164196
0.14746
0.196344
0.182406
0.164186
0.147344
0.196543
0.181731
0.163993
0.147153
0.196308
0.181841
0.163679
0.147506
0.196306
0.182224
0.164258
0.147547
0.196643
0.182265
0.164175
0.147361
0.196284
0.182129
0.16415
0.147479
0.196717
0.182102
0.164497
0.147558
0.196074
0.181498
0.163712
0.146976
0.196107
0.181955
0.163559
0.147293
0.196271
0.181992
0.164263
0.147526
0.196507
0.182291
0.164104
0.147162
0.195795
0.182025
0.1642
0.147813
0.196791
0.182816
0.164537
0.147737
0.196825
0.182616
0.163704
0.147505
0.195747
0.181487
0.16389
0.14756
0.19654
0.182126
0.164307
0.147421
0.196413
0.182226
0.164264
0.148005
0.196818
0.182829
0.164919
0.14849
0.197046
0.18264
0.164307
0.1478
0.196732
0.182546
0.163605
0.146974
0.195962
0.181776
0.163936
0.147287
0.196176
0.181585
0.163805
0.146542
0.195658
0.181666
0.16404
0.147528
0.196178
0.182127
0.164248
0.147498
0.196725
0.182402
0.164461
0.147442
0.196226
0.18098
0.162647
0.146573
0.195341
0.18128
0.163492
0.147098
0.195783
0.181536
0.164148
0.147308
0.196041
0.180671
0.162475
0.1458
0.194828
0.180278
0.162171
0.145356
0.194727
0.180845
0.1626
0.146179
0.19485
0.180773
0.162487
0.145851
0.194699
0.180799
0.163064
0.146254
0.195531
0.181282
0.163157
0.147022
0.196037
0.182065
0.163795
0.146926
0.196004
0.181877
0.164406
0.148159
0.19711
0.182748
0.164721
0.148383
0.197467
0.183172
0.165128
0.148164
0.196907
0.183196
0.164966
0.148363
0.197021
0.182543
0.164735
0.148278
0.197245
0.182448
0.164403
0.147752
0.196571
0.182031
0.163653
0.146299
0.194937
0.181164
0.163431
0.146595
0.195496
0.181592
0.163842
0.146995
0.196135
0.181476
0.162708
0.146436
0.195407
0.181619
0.163126
0.146335
0.195627
0.181458
0.163628
0.146915
0.195871
0.181159
0.162898
0.146124
0.195238
0.180729
0.162923
0.146387
0.195563
0.181043
0.163186
0.146624
0.195639
0.181217
0.163281
0.146886
0.1957
0.181308
0.163055
0.146556
0.195492
0.181071
0.162873
0.146334
0.195395
0.180707
0.162757
0.146174
0.195395
0.181704
0.162896
0.146436
0.195589
0.181553
0.163567
0.14754
0.196283
0.18226
0.164016
0.147414
0.196393
0.182056
0.16389
0.146988
0.195874
0.181836
0.16417
0.147483
0.196238
0.1818
0.164103
0.147196
0.19639
0.182559
0.163996
0.147322
0.196005
0.181646
0.163599
0.146873
0.196372
0.182026
0.164441
0.147525
0.196409
0.182086
0.163597
0.147051
0.19561
0.181211
0.16282
0.146534
0.195317
0.181433
0.163299
0.146819
0.195758
0.181504
0.163207
0.146896
0.19559
0.181274
0.163263
0.146344
0.19546
0.181269
0.163482
0.146575
0.19585
0.181355
0.163448
0.146878
0.196095
0.18175
0.163863
0.147505
0.19638
0.181887
0.16348
0.146995
0.196038
0.181563
0.163761
0.147066
0.195472
0.181595
0.163925
0.147468
0.196631
0.182557
0.163597
0.146847
0.195871
0.181242
0.163572
0.146936
0.195289
0.181145
0.162994
0.14652
0.195591
0.181698
0.163802
0.147535
0.196393
0.181887
0.164049
0.147468
0.196658
0.182241
0.164754
0.147965
0.196673
0.182706
0.164419
0.148122
0.196643
0.182717
0.164409
0.147067
0.195959
0.182077
0.163671
0.147307
0.19653
0.182218
0.163946
0.146845
0.195895
0.181654
0.16367
0.146772
0.195737
0.181249
0.163471
0.146378
0.195487
0.181896
0.163853
0.147562
0.196131
0.182141
0.164248
0.147278
0.196369
0.182093
0.164039
0.147485
0.1965
0.182098
0.164207
0.14738
0.196149
0.182188
0.164106
0.147321
0.196163
0.181605
0.1635
0.146842
0.196015
0.181358
0.163616
0.147335
0.196402
0.182719
0.164436
0.147565
0.196701
0.182613
0.164525
0.147897
0.196416
0.182884
0.164517
0.147805
0.196853
0.182518
0.164106
0.147461
0.196125
0.182316
0.164275
0.147517
0.19617
0.18208
0.163795
0.146859
0.196038
0.181907
0.163313
0.146657
0.195678
0.181456
0.163136
0.146195
0.195055
0.181428
0.163497
0.147049
0.196165
0.181709
0.163469
0.147453
0.196508
0.182852
0.16479
0.148134
0.196651
0.182383
0.164147
0.147668
0.196634
0.182472
0.164071
0.147584
0.19616
0.18167
0.164116
0.147744
0.196815
0.182765
0.164688
0.148264
0.197093
0.183133
0.165295
0.148237
0.196568
0.182356
0.164219
0.148057
0.19696
0.182391
0.163778
0.147243
0.196071
0.182075
0.163645
0.147089
0.196386
0.181951
0.164047
0.147505
0.196087
0.18198
0.16381
0.146935
0.195843
0.181785
0.164097
0.147474
0.196297
0.181807
0.163833
0.146995
0.195639
0.181217
0.163132
0.146645
0.195628
0.181243
0.16264
0.146231
0.195253
0.181197
0.163196
0.146717
0.195509
0.181201
0.162781
0.146131
0.195176
0.180891
0.162671
0.146153
0.195004
0.180692
0.16284
0.146502
0.195327
0.181154
0.163143
0.146538
0.195471
0.181781
0.16351
0.14627
0.195364
0.181457
0.163532
0.146774
0.196118
0.181893
0.163565
0.147161
0.196107
0.181629
0.164052
0.14768
0.196509
0.182052
0.163938
0.147231
0.195867
0.181125
0.162139
0.145709
0.194935
0.181013
0.163028
0.146523
0.195613
0.181301
0.163276
0.146755
0.195556
0.180821
0.162984
0.146433
0.195348
0.181976
0.163838
0.147233
0.196255
0.182099
0.164189
0.147836
0.196861
0.182475
0.164502
0.147999
0.19703
0.182606
0.164753
0.14737
0.196472
0.181794
0.163612
0.146984
0.195633
0.181296
0.162958
0.145929
0.194965
0.180463
0.16241
0.146103
0.19477
0.180187
0.161944
0.145606
0.194625
0.180887
0.163238
0.146497
0.195736
0.181658
0.163789
0.147242
0.195897
0.181866
0.164175
0.14761
0.19638
0.181904
0.16416
0.147788
0.196594
0.182167
0.164194
0.147415
0.196831
0.182267
0.16405
0.146744
0.195701
0.181526
0.163527
0.147241
0.196059
0.181864
0.164114
0.147144
0.196125
0.181455
0.163013
0.146266
0.195146
0.181213
0.163727
0.147012
0.196097
0.18203
0.163742
0.1473
0.196273
0.182002
0.164158
0.147593
0.196564
0.182359
0.16383
0.146881
0.195533
0.181383
0.163383
0.147051
0.195682
0.181614
0.163643
0.146436
0.195679
0.18164
0.16347
0.146275
0.195367
0.181192
0.163709
0.147132
0.196445
0.182007
0.163899
0.147283
0.19578
0.181327
0.163433
0.147266
0.196452
0.182553
0.164695
0.148254
0.197141
0.182241
0.164147
0.146906
0.195846
0.181597
0.163271
0.146561
0.195676
0.181504
0.163625
0.146857
0.195662
0.182033
0.164019
0.147272
0.195952
0.181475
0.163879
0.147028
0.196094
0.181674
0.163367
0.146776
0.195359
0.181011
0.163142
0.146999
0.195879
0.181612
0.164019
0.147106
0.196298
0.1822
0.164169
0.147536
0.196595
0.182352
0.164343
0.147768
0.196254
0.182335
0.16411
0.147719
0.196836
0.182628
0.164265
0.147681
0.19622
0.182222
0.164374
0.147395
0.196242
0.181785
0.164221
0.147636
0.196419
0.182126
0.163982
0.147066
0.19617
0.181565
0.16311
0.146713
0.195448
0.180449
0.162415
0.145914
0.195009
0.181004
0.163647
0.147026
0.19591
0.180978
0.163109
0.146828
0.195376
0.180776
0.16295
0.146299
0.195291
0.181287
0.163076
0.146366
0.195368
0.181033
0.16359
0.146656
0.19548
0.18102
0.162973
0.146018
0.194654
0.180255
0.162381
0.145825
0.195067
0.181462
0.16385
0.147395
0.195881
0.181877
0.163951
0.147021
0.196131
0.182384
0.164435
0.147806
0.196659
0.182459
0.164179
0.147366
0.196144
0.182243
0.164272
0.147532
0.196486
0.181555
0.163955
0.147492
0.19599
0.182168
0.164258
0.147691
0.196877
0.182735
0.164824
0.147637
0.196608
0.181666
0.163644
0.147387
0.196373
0.18217
0.164095
0.147636
0.196158
0.181684
0.163852
0.147582
0.196661
0.182537
0.164773
0.147873
0.196319
0.181275
0.163205
0.14664
0.195871
0.182178
0.164415
0.14766
0.196427
0.182442
0.163708
0.147086
0.195987
0.18177
0.163712
0.146804
0.195763
0.181415
0.163517
0.147156
0.196369
0.182612
0.164825
0.148007
0.197133
0.182837
0.164266
0.147836
0.196663
0.182581
0.16463
0.147601
0.19593
0.181506
0.163628
0.146488
0.195365
0.181302
0.163141
0.146622
0.195269
0.180828
0.163006
0.146683
0.195625
0.180753
0.162812
0.146221
0.195095
0.180645
0.161998
0.1452
0.194092
0.180002
0.162519
0.145609
0.194698
0.180564
0.1619
0.145096
0.194037
0.179507
0.162017
0.145741
0.195066
0.180881
0.162409
0.145832
0.195204
0.180849
0.163182
0.146965
0.19577
0.181337
0.163716
0.146966
0.195638
0.182051
0.164184
0.14768
0.196456
0.181656
0.1636
0.146711
0.1957
0.181171
0.163524
0.146365
0.195121
0.181319
0.162884
0.146494
0.195296
0.181773
0.163846
0.147091
0.195662
0.181589
0.163736
0.147166
0.196004
0.182004
0.164045
0.147011
0.196178
0.181653
0.163642
0.146973
0.196162
0.181802
0.163643
0.147116
0.195982
0.182056
0.164058
0.147171
0.196183
0.181895
0.163998
0.146946
0.195784
0.181642
0.163147
0.14669
0.195693
0.181902
0.16365
0.146973
0.196057
0.180935
0.162582
0.145976
0.195087
0.1809
0.162977
0.146103
0.195139
0.180671
0.163113
0.146858
0.195337
0.180978
0.162783
0.146176
0.195201
0.181103
0.163306
0.146247
0.19537
0.181276
0.162863
0.146402
0.195572
0.181361
0.163646
0.147027
0.195998
0.181556
0.163578
0.146633
0.195705
0.181152
0.163181
0.14688
0.195881
0.181384
0.163104
0.146561
0.19544
0.180928
0.163468
0.147207
0.196166
0.181945
0.163931
0.147212
0.19621
0.182044
0.163585
0.146634
0.195803
0.181385
0.163274
0.146473
0.195245
0.180698
0.162934
0.146482
0.195627
0.180921
0.163134
0.146294
0.195419
0.181036
0.163099
0.146284
0.195501
0.18171
0.163661
0.146777
0.19534
0.181526
0.163316
0.146887
0.195916
0.181687
0.163825
0.147326
0.196269
0.182205
0.164335
0.147868
0.196968
0.182023
0.16381
0.147222
0.195942
0.181583
0.163341
0.146768
0.195665
0.181587
0.164139
0.147364
0.196374
0.182487
0.164274
0.147763
0.196645
0.182106
0.164279
0.147599
0.196718
0.182074
0.163838
0.14745
0.196444
0.18185
0.163875
0.147152
0.196466
0.18184
0.163545
0.146748
0.195497
0.181434
0.163369
0.146756
0.195164
0.181044
0.163266
0.146686
0.195539
0.181737
0.164187
0.146967
0.196473
0.182739
0.164254
0.147119
0.195965
0.181892
0.163475
0.146973
0.195867
0.182265
0.164602
0.148196
0.197251
0.183247
0.164921
0.148294
0.196903
0.182724
0.164737
0.147909
0.196475
0.1819
0.163948
0.147035
0.195766
0.180945
0.163113
0.146637
0.195494
0.18121
0.163456
0.146901
0.195932
0.181309
0.163323
0.146675
0.195703
0.181528
0.163351
0.146388
0.195543
0.181425
0.163453
0.146763
0.195837
0.181357
0.163086
0.146609
0.195732
0.181854
0.163803
0.146914
0.195974
0.181863
0.164085
0.147338
0.196182
0.182006
0.163889
0.146958
0.195905
0.181306
0.163464
0.147156
0.196233
0.181917
0.163609
0.146617
0.195698
0.181921
0.164087
0.147456
0.19668
0.182576
0.164436
0.14762
0.196777
0.182081
0.163973
0.147825
0.196799
0.182893
0.165005
0.147869
0.197315
0.182847
0.164922
0.147996
0.196256
0.182098
0.16435
0.147728
0.196328
0.181797
0.164203
0.147624
0.196808
0.182578
0.164109
0.147242
0.196296
0.182217
0.163895
0.147662
0.196268
0.182419
0.164888
0.147897
0.196605
0.182135
0.163839
0.147285
0.196084
0.181945
0.163899
0.147136
0.19605
0.181508
0.16331
0.147092
0.195369
0.180973
0.162613
0.145821
0.194885
0.180986
0.162714
0.145605
0.194666
0.180866
0.1632
0.147027
0.195804
0.18161
0.163486
0.146689
0.195762
0.181529
0.163386
0.146737
0.195841
0.181545
0.163557
0.146716
0.195721
0.181601
0.16369
0.147384
0.196375
0.18168
0.16375
0.147225
0.196148
0.18196
0.164174
0.147309
0.196155
0.181339
0.163545
0.146713
0.195706
0.181933
0.163789
0.147383
0.196021
0.181919
0.164303
0.14706
0.196046
0.182091
0.164269
0.147575
0.196752
0.18216
0.164357
0.147882
0.196877
0.182208
0.164366
0.147729
0.196933
0.182428
0.164337
0.147656
0.196855
0.182894
0.164062
0.14741
0.196158
0.18188
0.163895
0.147108
0.196039
0.181761
0.163475
0.14706
0.196056
0.181861
0.164098
0.147611
0.196137
0.18207
0.163813
0.147332
0.196541
0.181804
0.163813
0.147102
0.195898
0.18156
0.163744
0.147119
0.196272
0.181675
0.163506
0.146914
0.196097
0.182129
0.163967
0.147177
0.196177
0.182225
0.16416
0.147534
0.196307
0.182148
0.164031
0.146646
0.195719
0.181319
0.163879
0.147067
0.195839
0.181735
0.164134
0.14761
0.196392
0.181756
0.163968
0.147528
0.196442
0.182028
0.163841
0.147534
0.196833
0.182123
0.164176
0.147308
0.196462
0.182283
0.164082
0.147577
0.196646
0.182226
0.164391
0.147926
0.196353
0.182211
0.163922
0.147302
0.196306
0.182202
0.164125
0.147115
0.196089
0.181761
0.163464
0.146857
0.195656
0.181655
0.163295
0.146596
0.195669
0.181012
0.162928
0.145948
0.194988
0.180954
0.163185
0.146849
0.195974
0.181606
0.163434
0.146831
0.195677
0.181662
0.163344
0.146618
0.195634
0.180872
0.162523
0.146089
0.194883
0.18084
0.162657
0.146389
0.195328
0.181283
0.163362
0.146402
0.195679
0.181359
0.163138
0.146779
0.195784
0.18127
0.163288
0.14674
0.195728
0.181829
0.163474
0.147066
0.196225
0.182174
0.164237
0.147508
0.196829
0.182641
0.164249
0.147408
0.196356
0.182417
0.164657
0.147276
0.196225
0.181774
0.164019
0.147214
0.195518
0.181162
0.162961
0.146485
0.195653
0.181527
0.16331
0.146671
0.195657
0.181421
0.163556
0.147422
0.196567
0.181856
0.16433
0.147096
0.196301
0.181491
0.163617
0.147431
0.196696
0.181957
0.164258
0.147382
0.195892
0.181397
0.163294
0.146677
0.195754
0.181389
0.163588
0.147206
0.196192
0.18135
0.163827
0.146922
0.195432
0.180818
0.162457
0.146028
0.195163
0.180896
0.163149
0.14656
0.195741
0.181574
0.164052
0.14751
0.196214
0.182113
0.164224
0.147535
0.196317
0.182235
0.164167
0.147239
0.19611
0.18179
0.163721
0.146992
0.196128
0.181398
0.16341
0.146527
0.19571
0.181385
0.163779
0.147278
0.196276
0.181566
0.163759
0.146949
0.195923
0.181285
0.162982
0.146712
0.195746
0.18171
0.163361
0.146957
0.195663
0.181593
0.163497
0.146457
0.195605
0.181671
0.164
0.147316
0.196228
0.181956
0.16366
0.147039
0.196052
0.18216
0.164162
0.147579
0.196243
0.18172
0.163781
0.146939
0.19605
0.181982
0.163506
0.147532
0.196479
0.182037
0.16329
0.146773
0.195693
0.181062
0.163127
0.146584
0.1955
0.181391
0.163396
0.146339
0.195308
0.18099
0.16324
0.146502
0.19575
0.181509
0.162892
0.146304
0.195088
0.181359
0.163261
0.146383
0.195253
0.181842
0.164072
0.147459
0.196282
0.181348
0.16361
0.14722
0.196275
0.181766
0.163365
0.146768
0.195969
0.181592
0.163352
0.146676
0.195769
0.181078
0.163296
0.146827
0.195998
0.181874
0.163601
0.146737
0.195202
0.181072
0.163252
0.1464
0.195235
0.180965
0.163265
0.146437
0.19525
0.181361
0.163854
0.146984
0.196096
0.181848
0.164289
0.147177
0.19601
0.182073
0.164409
0.147302
0.196204
0.182367
0.163877
0.147343
0.196361
0.182291
0.16407
0.147326
0.196138
0.181793
0.164484
0.147709
0.196682
0.182517
0.164257
0.147513
0.19578
0.181888
0.164515
0.147627
0.196728
0.182494
0.164785
0.148282
0.197146
0.182903
0.16509
0.148059
0.196894
0.182638
0.164232
0.147844
0.196637
0.182139
0.164117
0.147069
0.195814
0.181673
0.163564
0.146544
0.195479
0.181617
0.163711
0.147267
0.196395
0.181982
0.164005
0.147535
0.196426
0.182549
0.164554
0.147508
0.196617
0.18215
0.164205
0.147596
0.196103
0.181651
0.163966
0.147228
0.196052
0.181784
0.163714
0.147187
0.196203
0.182568
0.164296
0.147368
0.196517
0.182115
0.163494
0.146998
0.195727
0.181865
0.16399
0.146854
0.195417
0.181635
0.163794
0.14676
0.195873
0.181409
0.163627
0.147072
0.195966
0.181563
0.163697
0.147163
0.196232
0.181942
0.163848
0.147581
0.196595
0.182112
0.163711
0.147153
0.196415
0.181918
0.163653
0.147123
0.196063
0.181301
0.163322
0.146501
0.195693
0.18148
0.16365
0.146609
0.195553
0.181653
0.163419
0.14675
0.195729
0.181638
0.163715
0.147337
0.196443
0.181947
0.163752
0.147351
0.196139
0.181869
0.163776
0.147142
0.195845
0.181209
0.163408
0.146818
0.195876
0.181698
0.163782
0.146789
0.195636
0.181511
0.163833
0.147169
0.196213
0.182202
0.164014
0.147498
0.19672
0.182653
0.164581
0.148175
0.196931
0.18274
0.16414
0.147876
0.197043
0.182578
0.164595
0.147807
0.196722
0.182138
0.164009
0.14719
0.195841
0.181295
0.16358
0.146565
0.195751
0.181622
0.163956
0.147209
0.196294
0.182267
0.163874
0.147053
0.196174
0.182102
0.163791
0.147358
0.196249
0.182155
0.16392
0.147123
0.195705
0.181368
0.162933
0.146508
0.195621
0.181415
0.163261
0.146671
0.195134
0.180588
0.162705
0.14624
0.195013
0.18044
0.162416
0.146045
0.194859
0.180858
0.162995
0.146594
0.195109
0.181227
0.162507
0.145663
0.194637
0.180351
0.162495
0.146116
0.194785
0.180619
0.163036
0.146156
0.195488
0.181362
0.163597
0.146793
0.195681
0.181735
0.163345
0.146847
0.195973
0.18141
0.162962
0.146263
0.195261
0.180957
0.162965
0.14684
0.195994
0.182142
0.163714
0.14685
0.195656
0.181357
0.163567
0.146553
0.195659
0.181807
0.163908
0.147295
0.195996
0.18172
0.1635
0.147032
0.196048
0.181815
0.163792
0.146844
0.195823
0.181439
0.163298
0.146778
0.195666
0.181009
0.162858
0.146095
0.195028
0.180717
0.162424
0.145909
0.194858
0.180885
0.162741
0.146264
0.195176
0.180268
0.162705
0.145725
0.194614
0.180146
0.161936
0.145531
0.194359
0.18054
0.162697
0.146406
0.195673
0.181415
0.162891
0.146145
0.195034
0.181238
0.162899
0.146712
0.19615
0.181773
0.163916
0.147091
0.196204
0.181901
0.163909
0.146941
0.195935
0.181876
0.16347
0.147013
0.195829
0.181748
0.163791
0.147272
0.19606
0.181366
0.163159
0.146582
0.195332
0.181164
0.163658
0.147016
0.196168
0.181985
0.1639
0.147302
0.196166
0.181634
0.163668
0.146699
0.195623
0.182072
0.164429
0.147881
0.196915
0.182907
0.16471
0.148436
0.196955
0.182334
0.16421
0.147608
0.196275
0.182308
0.163987
0.147175
0.196187
0.182266
0.164302
0.147453
0.196316
0.181987
0.163925
0.14745
0.196625
0.182389
0.164252
0.147386
0.196214
0.18186
0.163588
0.147077
0.195858
0.181979
0.163628
0.147182
0.196166
0.182287
0.163999
0.147693
0.196738
0.182968
0.164546
0.147995
0.196794
0.182278
0.164336
0.14769
0.196824
0.182332
0.164533
0.148301
0.196822
0.182714
0.164604
0.146996
0.195988
0.18212
0.163657
0.146829
0.195983
0.182107
0.164032
0.147406
0.196037
0.181793
0.163762
0.147117
0.196318
0.181625
0.163528
0.146535
0.195511
0.18095
0.163028
0.146507
0.195478
0.181859
0.163996
0.147671
0.196634
0.183284
0.165053
0.148536
0.197403
0.182674
0.164463
0.147649
0.196763
0.182164
0.16373
0.147539
0.196838
0.182188
0.164151
0.147834
0.196964
0.181923
0.164226
0.147472
0.19633
0.181856
0.163987
0.147285
0.196424
0.18216
0.163938
0.147
0.195935
0.181774
0.163234
0.14656
0.195579
0.181475
0.163355
0.147085
0.196017
0.182323
0.164075
0.147342
0.196153
0.182033
0.163846
0.147614
0.196182
0.182158
0.164212
0.147691
0.196351
0.18201
0.163934
0.147383
0.19607
0.182289
0.163462
0.146286
0.195289
0.180688
0.162571
0.146192
0.195343
0.18087
0.162558
0.145954
0.195073
0.181296
0.163206
0.146892
0.196067
0.181829
0.164416
0.147455
0.196094
0.182075
0.163789
0.147133
0.196342
0.182187
0.163748
0.14703
0.196057
0.182006
0.163887
0.147406
0.196402
0.181969
0.163953
0.147531
0.196224
0.181905
0.163768
0.146999
0.196056
0.182041
0.16332
0.147132
0.195861
0.18189
0.16384
0.147521
0.196588
0.182134
0.163893
0.147258
0.196188
0.182265
0.163825
0.146613
0.195365
0.180991
0.16319
0.146878
0.19559
0.181192
0.163809
0.147376
0.196044
0.181735
0.163766
0.147172
0.196058
0.182105
0.163857
0.147261
0.196078
0.181756
0.16382
0.147094
0.196078
0.181761
0.163551
0.146519
0.195668
0.181304
0.163376
0.146604
0.195231
0.181064
0.163352
0.146816
0.195898
0.181731
0.163442
0.14689
0.195841
0.18136
0.163427
0.146876
0.195896
0.181766
0.163479
0.147055
0.19594
0.180808
0.162972
0.146234
0.195568
0.181092
0.163223
0.146957
0.196111
0.181756
0.16389
0.147414
0.196385
0.181751
0.163805
0.146826
0.195941
0.181221
0.163267
0.147033
0.196145
0.181937
0.163694
0.146924
0.195687
0.181416
0.163545
0.146684
0.195558
0.181446
0.163817
0.1471
0.195891
0.181623
0.163868
0.146991
0.195654
0.181404
0.163593
0.147124
0.195899
0.181769
0.163942
0.146886
0.195905
0.181731
0.16331
0.146637
0.195532
0.181339
0.163587
0.147032
0.195893
0.181465
0.163632
0.147121
0.195938
0.181814
0.163437
0.146874
0.196056
0.182111
0.164309
0.147384
0.19659
0.181933
0.163904
0.14763
0.19648
0.182446
0.164512
0.147287
0.195982
0.181257
0.163673
0.147409
0.196493
0.182257
0.164438
0.147894
0.196782
0.182703
0.165072
0.148585
0.197401
0.182855
0.164266
0.147607
0.196376
0.181577
0.163339
0.146581
0.195696
0.181139
0.163128
0.146281
0.194791
0.180794
0.163073
0.146693
0.195588
0.181591
0.163694
0.146916
0.196126
0.182201
0.163835
0.147154
0.195913
0.182037
0.164195
0.147489
0.196423
0.18226
0.164512
0.148245
0.196997
0.182475
0.164036
0.147472
0.196285
0.181623
0.163837
0.147493
0.196481
0.182619
0.164499
0.147617
0.196635
0.182009
0.164147
0.147217
0.196115
0.18136
0.163453
0.146204
0.195157
0.180767
0.162656
0.14578
0.194684
0.180787
0.16323
0.14663
0.195831
0.180882
0.163186
0.146697
0.195798
0.181963
0.163821
0.147097
0.195785
0.181896
0.163635
0.147303
0.196232
0.181836
0.163373
0.146681
0.195539
0.181171
0.163311
0.146728
0.195609
0.181617
0.164022
0.147038
0.196338
0.182279
0.16371
0.146876
0.195884
0.181553
0.163134
0.146393
0.19534
0.181011
0.162968
0.146589
0.195444
0.180917
0.162773
0.145752
0.194595
0.180368
0.161938
0.145289
0.194146
0.180169
0.161698
0.145099
0.193971
0.179894
0.162273
0.145757
0.195079
0.180795
0.163253
0.146686
0.195634
0.181161
0.163153
0.146075
0.19509
0.18071
0.162608
0.145836
0.195082
0.180918
0.162866
0.146333
0.195504
0.181574
0.163496
0.146809
0.19589
0.181162
0.163884
0.147097
0.196045
0.18147
0.164086
0.146987
0.195926
0.181079
0.16301
0.14613
0.195066
0.180596
0.16294
0.14663
0.195772
0.181389
0.163384
0.146723
0.195399
0.181338
0.163747
0.147161
0.196011
0.181807
0.163486
0.147333
0.196376
0.18248
0.164627
0.147434
0.19645
0.182111
0.164252
0.147671
0.19616
0.182209
0.163811
0.147168
0.196005
0.1821
0.163974
0.14751
0.19629
0.182238
0.164199
0.147799
0.197301
0.18327
0.164725
0.148403
0.197231
0.182732
0.164735
0.148271
0.197182
0.182846
0.164495
0.148267
0.196747
0.181963
0.163853
0.146926
0.19609
0.181471
0.163543
0.146615
0.195598
0.181645
0.163669
0.146867
0.195858
0.18104
0.163322
0.146781
0.195648
0.181668
0.163839
0.146832
0.195882
0.182143
0.163825
0.147164
0.196432
0.182239
0.164344
0.147805
0.196717
0.182392
0.163898
0.147145
0.196095
0.181302
0.163455
0.146802
0.195412
0.181174
0.163013
0.146571
0.195554
0.181238
0.162868
0.146488
0.195576
0.181412
0.163598
0.147003
0.196345
0.182249
0.163826
0.147084
0.195885
0.181949
0.163556
0.146674
0.19563
0.181598
0.163546
0.147166
0.196233
0.181481
0.1632
0.146558
0.195545
0.181701
0.163647
0.146831
0.196097
0.181848
0.163876
0.147421
0.19627
0.181569
0.163183
0.146407
0.19524
0.180685
0.162519
0.146132
0.195189
0.181174
0.162522
0.145835
0.195115
0.180908
0.163364
0.146925
0.195812
0.181325
0.163419
0.147395
0.196163
0.18185
0.163947
0.147592
0.196866
0.182712
0.164331
0.147832
0.19671
0.182312
0.164093
0.147182
0.196005
0.181353
0.163347
0.146819
0.196103
0.181913
0.163923
0.147053
0.195871
0.181516
0.163708
0.147421
0.196246
0.18199
0.163719
0.14678
0.195792
0.181885
0.163615
0.146844
0.195954
0.181316
0.163801
0.146937
0.195544
0.18111
0.163209
0.146937
0.196034
0.181731
0.163493
0.147085
0.195861
0.181282
0.163308
0.14647
0.195775
0.182002
0.164194
0.1472
0.196178
0.181985
0.163512
0.147152
0.196067
0.182191
0.164454
0.147724
0.196559
0.182307
0.163916
0.14731
0.19653
0.181767
0.163603
0.146885
0.195437
0.181325
0.16365
0.14694
0.195734
0.181818
0.163695
0.147168
0.195679
0.181089
0.163089
0.146461
0.195449
0.181235
0.163489
0.146831
0.195652
0.181609
0.163262
0.147035
0.196056
0.181631
0.163546
0.147145
0.196067
0.181808
0.163468
0.146905
0.195858
0.181875
0.163957
0.147369
0.196432
0.182046
0.163839
0.146797
0.195827
0.181574
0.163691
0.147361
0.196268
0.182008
0.16428
0.147347
0.196406
0.18212
0.163833
0.146991
0.196145
0.182014
0.163738
0.14682
0.195777
0.181395
0.163177
0.146706
0.19565
0.181213
0.162999
0.14639
0.195492
0.181479
0.163427
0.147153
0.196355
0.182428
0.164613
0.148035
0.196783
0.182356
0.164538
0.147572
0.19592
0.182022
0.163904
0.147314
0.195909
0.181414
0.163432
0.146916
0.195885
0.18195
0.163478
0.146687
0.195648
0.181137
0.163518
0.147053
0.196057
0.181552
0.162733
0.146465
0.195543
0.181684
0.163983
0.147782
0.196072
0.181605
0.163732
0.146875
0.19577
0.181456
0.163162
0.146595
0.195304
0.180545
0.162021
0.145595
0.194844
0.180449
0.162396
0.145752
0.195145
0.180317
0.16231
0.145436
0.194555
0.180463
0.162773
0.146638
0.195565
0.181596
0.163771
0.147211
0.196183
0.181977
0.163936
0.14673
0.195864
0.181539
0.163689
0.147438
0.196207
0.181663
0.163629
0.146754
0.195857
0.181802
0.163613
0.146647
0.19503
0.180851
0.163072
0.146582
0.195211
0.18143
0.163093
0.146495
0.195783
0.181503
0.163793
0.147113
0.196201
0.18191
0.163456
0.146513
0.195694
0.181333
0.163148
0.146207
0.195067
0.181253
0.163468
0.146821
0.195734
0.181521
0.163847
0.1473
0.196204
0.181998
0.164438
0.147634
0.196471
0.181934
0.163939
0.146975
0.196168
0.181876
0.164004
0.147086
0.196054
0.181027
0.162998
0.146538
0.194954
0.180553
0.162277
0.145583
0.194949
0.180871
0.163469
0.14659
0.195397
0.181293
0.16344
0.146863
0.195713
0.181972
0.16383
0.147448
0.196104
0.182322
0.164082
0.147498
0.196712
0.182442
0.164538
0.148375
0.197562
0.182776
0.164284
0.147909
0.196404
0.181743
0.16363
0.147445
0.196295
0.182194
0.164086
0.147125
0.196385
0.182001
0.163518
0.14711
0.196109
0.181354
0.163149
0.146569
0.195595
0.181562
0.163567
0.146729
0.195865
0.18155
0.163442
0.147157
0.195926
0.181646
0.163382
0.14693
0.195699
0.181852
0.163892
0.147268
0.196191
0.182031
0.16406
0.147846
0.196609
0.182709
0.164606
0.148
0.197054
0.182521
0.164522
0.147565
0.196281
0.182173
0.164091
0.14775
0.196513
0.182656
0.164843
0.14829
0.197025
0.182766
0.164577
0.14765
0.196297
0.182153
0.163405
0.146714
0.1953
0.181248
0.163896
0.14753
0.196454
0.182205
0.164345
0.147304
0.195943
0.181897
0.163976
0.147099
0.196498
0.182633
0.164582
0.147938
0.19677
0.182741
0.164677
0.147884
0.196804
0.18209
0.163991
0.147395
0.19639
0.182234
0.164291
0.147302
0.1962
0.181914
0.163692
0.146847
0.19606
0.182514
0.164359
0.147644
0.196476
0.181639
0.163495
0.146608
0.195058
0.180893
0.163319
0.146898
0.196236
0.182554
0.164645
0.1475
0.196465
0.182179
0.164301
0.147864
0.196684
0.182163
0.164099
0.147305
0.196472
0.182154
0.163854
0.147362
0.196448
0.182207
0.163833
0.147712
0.196838
0.182242
0.163978
0.14723
0.196244
0.181951
0.163717
0.147157
0.196067
0.181271
0.163084
0.146408
0.195532
0.181079
0.16358
0.146847
0.195598
0.181813
0.16283
0.14546
0.194616
0.180397
0.161942
0.145693
0.195174
0.180926
0.162867
0.146206
0.195313
0.180664
0.162656
0.146194
0.195248
0.181118
0.163418
0.146729
0.195823
0.181776
0.164016
0.147519
0.196544
0.182252
0.163866
0.147128
0.195764
0.180854
0.16272
0.146092
0.19527
0.18143
0.163223
0.146611
0.195979
0.181725
0.16357
0.147072
0.196078
0.182452
0.164505
0.14749
0.19651
0.182757
0.16459
0.147594
0.195949
0.181741
0.163136
0.146562
0.195217
0.181006
0.163307
0.146186
0.194989
0.180965
0.162945
0.146658
0.195294
0.180473
0.163
0.145739
0.195059
0.181523
0.16371
0.14707
0.195893
0.18208
0.163934
0.147368
0.196304
0.181904
0.164259
0.14759
0.196532
0.182408
0.163565
0.146827
0.19553
0.181418
0.16312
0.146081
0.195085
0.180989
0.16319
0.146605
0.195824
0.181139
0.163615
0.147386
0.196403
0.181662
0.163531
0.146743
0.196038
0.1813
0.163399
0.147008
0.195576
0.181344
0.163282
0.146811
0.196116
0.181383
0.163355
0.146612
0.195809
0.180839
0.16312
0.146516
0.195462
0.181446
0.163391
0.146657
0.194999
0.18052
0.162624
0.146545
0.195593
0.180885
0.16306
0.146421
0.19521
0.181072
0.16319
0.146441
0.195551
0.181573
0.163328
0.146724
0.195533
0.180795
0.162854
0.146252
0.195184
0.181121
0.163165
0.1467
0.19573
0.181618
0.163867
0.147036
0.196103
0.182119
0.164078
0.147418
0.196325
0.182507
0.164445
0.147518
0.196469
0.182603
0.164074
0.147168
0.195978
0.181694
0.163751
0.147357
0.196256
0.182011
0.163826
0.147133
0.196272
0.18213
0.163973
0.146915
0.195568
0.181663
0.1634
0.146933
0.195788
0.18173
0.16392
0.147484
0.196457
0.182241
0.163942
0.14713
0.196026
0.18144
0.163597
0.146675
0.195718
0.180933
0.162787
0.146258
0.195352
0.181145
0.163141
0.146683
0.195615
0.181203
0.163037
0.146196
0.195203
0.181249
0.163593
0.147205
0.196314
0.181925
0.163764
0.147118
0.195672
0.181464
0.163601
0.146895
0.19606
0.182078
0.163981
0.147411
0.196416
0.18196
0.163836
0.147668
0.196396
0.182376
0.164459
0.147789
0.196636
0.182178
0.163728
0.147268
0.196647
0.181739
0.163875
0.147533
0.196704
0.182185
0.164039
0.146812
0.195877
0.181463
0.163176
0.146751
0.195786
0.18201
0.164136
0.147485
0.196645
0.182089
0.16413
0.147548
0.196523
0.182491
0.164263
0.147807
0.196635
0.182111
0.163516
0.146851
0.196129
0.181853
0.164054
0.147794
0.196714
0.182625
0.164761
0.147805
0.19636
0.181966
0.164139
0.147066
0.196123
0.18174
0.163524
0.146557
0.1957
0.181493
0.16311
0.146799
0.19576
0.180976
0.163238
0.146678
0.195823
0.182444
0.164491
0.147569
0.196786
0.182537
0.164418
0.147604
0.196109
0.18126
0.16329
0.146351
0.195104
0.181172
0.163059
0.146775
0.19552
0.181376
0.163569
0.147146
0.195985
0.182556
0.164415
0.14754
0.196667
0.181896
0.164086
0.147499
0.196081
0.182098
0.163556
0.146989
0.19572
0.181782
0.163688
0.146988
0.195724
0.181642
0.163654
0.147311
0.196182
0.181861
0.163983
0.147372
0.196168
0.18195
0.163411
0.146878
0.195879
0.181911
0.163544
0.14666
0.195511
0.181229
0.163649
0.147263
0.195924
0.182085
0.163796
0.14684
0.195801
0.18127
0.162891
0.146393
0.195456
0.181479
0.16383
0.147255
0.195851
0.181692
0.164174
0.147851
0.196603
0.183021
0.164724
0.147697
0.196716
0.18303
0.164652
0.148352
0.197008
0.182609
0.164446
0.147993
0.196606
0.18203
0.164196
0.147761
0.196488
0.182228
0.164317
0.14759
0.196041
0.181149
0.163505
0.14726
0.196213
0.182132
0.164082
0.147469
0.196646
0.182072
0.16411
0.147447
0.196536
0.182354
0.164176
0.147827
0.196882
0.182537
0.16435
0.147599
0.196504
0.182223
0.164523
0.147858
0.196483
0.182242
0.164004
0.147092
0.195793
0.181253
0.163529
0.146841
0.195659
0.181358
0.16348
0.147166
0.195663
0.181094
0.163606
0.146889
0.19625
0.181939
0.163936
0.147597
0.196473
0.182409
0.164257
0.147827
0.196667
0.182066
0.163665
0.146601
0.195586
0.18159
0.163526
0.147053
0.195922
0.181627
0.163431
0.147053
0.196032
0.18128
0.163233
0.14658
0.195521
0.181529
0.163205
0.146412
0.195532
0.181357
0.163877
0.147081
0.196014
0.182026
0.164437
0.147473
0.196415
0.182155
0.164053
0.147109
0.196273
0.18225
0.164575
0.147841
0.196715
0.182538
0.164265
0.147735
0.196089
0.181628
0.163991
0.147309
0.196172
0.181783
0.163651
0.146916
0.195728
0.181456
0.163479
0.146551
0.195415
0.181206
0.163285
0.146676
0.196149
0.181748
0.163984
0.147628
0.196325
0.181443
0.163243
0.147022
0.196025
0.181492
0.163621
0.147161
0.196051
0.181369
0.163086
0.146299
0.195303
0.181148
0.163731
0.147129
0.196108
0.181975
0.163756
0.147633
0.196549
0.181912
0.163843
0.147363
0.196198
0.181833
0.16415
0.147643
0.196211
0.181968
0.163615
0.147064
0.196129
0.181829
0.164355
0.147438
0.196076
0.181788
0.16417
0.147839
0.196603
0.182328
0.164719
0.147524
0.196648
0.181995
0.163713
0.146925
0.19556
0.181458
0.163652
0.147272
0.196391
0.182172
0.164065
0.147534
0.196853
0.182474
0.16437
0.147566
0.19601
0.181975
0.164007
0.147591
0.196912
0.18248
0.164411
0.148123
0.197197
0.183085
0.164657
0.147813
0.196695
0.182219
0.164449
0.147952
0.197105
0.182503
0.164635
0.147906
0.196866
0.182797
0.164491
0.147347
0.196028
0.181715
0.163421
0.146836
0.195632
0.181249
0.163545
0.147403
0.196342
0.182118
0.163627
0.147065
0.1959
0.181709
0.163687
0.147102
0.196216
0.182301
0.164434
0.147394
0.196542
0.182548
0.164251
0.147551
0.19598
0.182205
0.164127
0.147032
0.195883
0.181713
0.16358
0.146372
0.195445
0.181081
0.163403
0.146847
0.195689
0.181262
0.163885
0.146687
0.19558
0.181345
0.163331
0.14616
0.194871
0.180716
0.162712
0.146099
0.195124
0.180712
0.162939
0.146265
0.195357
0.181105
0.163039
0.146464
0.195465
0.181351
0.163184
0.146615
0.195406
0.180916
0.162985
0.146414
0.195375
0.181256
0.163502
0.146973
0.196392
0.181987
0.164323
0.147548
0.196352
0.182125
0.163616
0.147022
0.195835
0.181438
0.163584
0.146552
0.195318
0.180968
0.163086
0.146433
0.195719
0.181518
0.163383
0.146419
0.195384
0.181449
0.163607
0.14691
0.195977
0.181957
0.1637
0.147106
0.196144
0.182556
0.164231
0.147307
0.196133
0.181579
0.164079
0.147552
0.196089
0.181689
0.16355
0.147199
0.195911
0.182001
0.163704
0.147134
0.195905
0.181802
0.163447
0.146875
0.196005
0.181551
0.163725
0.146735
0.195683
0.181902
0.164179
0.14735
0.195589
0.181841
0.163561
0.146985
0.196053
0.182094
0.164256
0.147608
0.196488
0.182434
0.164535
0.147923
0.196861
0.182926
0.164859
0.14822
0.196797
0.182537
0.164978
0.147951
0.196501
0.182305
0.164118
0.147617
0.196443
0.182007
0.163833
0.147453
0.196458
0.182093
0.164426
0.14733
0.196069
0.181182
0.163107
0.146288
0.195205
0.18108
0.162898
0.146553
0.19592
0.181685
0.164069
0.147459
0.196153
0.181786
0.163561
0.147177
0.195981
0.181674
0.163234
0.14607
0.195214
0.181155
0.162962
0.146268
0.195501
0.181285
0.163219
0.146424
0.195423
0.181275
0.163032
0.146578
0.195766
0.181801
0.163967
0.147836
0.196474
0.182165
0.164123
0.147773
0.196916
0.18257
0.164212
0.147574
0.195879
0.181845
0.163549
0.146697
0.195963
0.181567
0.163838
0.147586
0.196041
0.181854
0.163696
0.147333
0.196102
0.181599
0.163752
0.146808
0.195702
0.181798
0.164043
0.147335
0.196
0.181277
0.162918
0.146451
0.195628
0.181421
0.163533
0.146811
0.195589
0.181174
0.16346
0.146957
0.19598
0.181652
0.163119
0.146636
0.195826
0.181548
0.163843
0.147173
0.19614
0.181857
0.163752
0.147161
0.196105
0.182009
0.164043
0.147667
0.196624
0.182178
0.164137
0.147724
0.196823
0.182833
0.164849
0.148186
0.196893
0.182607
0.164865
0.14797
0.196655
0.181894
0.163519
0.146813
0.196074
0.182061
0.16386
0.147094
0.19589
0.181448
0.162609
0.146215
0.195245
0.180876
0.163134
0.146646
0.195948
0.182067
0.163577
0.147234
0.195997
0.182117
0.164253
0.14766
0.196483
0.182404
0.164225
0.147727
0.196045
0.18191
0.163992
0.147271
0.196446
0.182101
0.164404
0.147637
0.196564
0.181643
0.163537
0.146689
0.195826
0.181898
0.163765
0.147385
0.195824
0.18162
0.163855
0.147374
0.196016
0.182144
0.164207
0.147522
0.196483
0.181972
0.163679
0.147001
0.195986
0.181779
0.163124
0.146553
0.195445
0.181426
0.163032
0.146307
0.194781
0.180436
0.162304
0.145781
0.195206
0.181003
0.163438
0.146678
0.195614
0.181234
0.163515
0.146774
0.195528
0.181648
0.16372
0.146883
0.195512
0.181612
0.16317
0.145893
0.195148
0.181016
0.162754
0.146255
0.195493
0.181363
0.163235
0.146509
0.195771
0.181403
0.16294
0.146855
0.195767
0.181652
0.163555
0.146752
0.195905
0.181935
0.163832
0.147464
0.196203
0.181608
0.163497
0.146865
0.196003
0.181708
0.16369
0.146696
0.195852
0.181865
0.163335
0.14652
0.195585
0.181461
0.16379
0.146803
0.195613
0.180838
0.162742
0.146127
0.194971
0.181121
0.162865
0.145939
0.194908
0.180693
0.162842
0.146063
0.195094
0.180965
0.163127
0.146556
0.195517
0.180683
0.163164
0.146483
0.195119
0.181097
0.163003
0.146353
0.195353
0.180695
0.162949
0.146336
0.195549
0.181463
0.162967
0.146849
0.195954
0.181553
0.163639
0.146611
0.195755
0.181545
0.163698
0.146977
0.195682
0.181495
0.163665
0.146492
0.195729
0.1818
0.164123
0.147272
0.196083
0.182233
0.163952
0.147046
0.196112
0.182139
0.164195
0.14774
0.196481
0.182318
0.164371
0.147678
0.196676
0.182857
0.164196
0.147061
0.196528
0.182369
0.164518
0.147791
0.196415
0.182093
0.164088
0.147385
0.196283
0.182023
0.164124
0.147127
0.195828
0.181498
0.163486
0.147196
0.195902
0.181139
0.163192
0.146491
0.195338
0.181083
0.162861
0.146595
0.195478
0.181394
0.16263
0.146208
0.195348
0.181008
0.163388
0.146698
0.195611
0.181096
0.16282
0.146278
0.195
0.180874
0.162711
0.146103
0.195527
0.18161
0.163361
0.14652
0.19562
0.181847
0.163672
0.14678
0.196003
0.182015
0.16378
0.146975
0.195958
0.181793
0.163314
0.147033
0.195861
0.182283
0.164285
0.147537
0.19638
0.182364
0.163757
0.147667
0.196457
0.181912
0.164094
0.147357
0.196387
0.182458
0.164377
0.147743
0.196788
0.182281
0.1642
0.147533
0.196449
0.18203
0.164176
0.14762
0.196475
0.182207
0.164233
0.14748
0.196531
0.182361
0.164351
0.147452
0.196269
0.182391
0.164336
0.147587
0.196544
0.182038
0.163971
0.147479
0.19614
0.182012
0.163972
0.147363
0.196052
0.18104
0.163432
0.146575
0.195746
0.181396
0.163166
0.146503
0.195331
0.181708
0.163626
0.146721
0.195775
0.181444
0.163703
0.147128
0.19576
0.181774
0.163857
0.147415
0.196636
0.182151
0.164333
0.147483
0.195949
0.18165
0.163639
0.147073
0.19569
0.181676
0.163536
0.146435
0.195602
0.180829
0.163136
0.146389
0.195171
0.180882
0.162893
0.146358
0.195126
0.181238
0.163079
0.146498
0.195575
0.181411
0.163689
0.147222
0.196103
0.182202
0.164013
0.147355
0.196327
0.182332
0.164454
0.14758
0.196481
0.182164
0.163838
0.147338
0.196433
0.182024
0.163838
0.147539
0.195958
0.181614
0.163395
0.146681
0.195494
0.181424
0.163597
0.147214
0.196163
0.182249
0.163966
0.147618
0.196734
0.182412
0.164565
0.147662
0.196683
0.182169
0.164344
0.147744
0.1966
0.182666
0.164589
0.147643
0.196729
0.182501
0.16428
0.147481
0.196434
0.182179
0.163613
0.146546
0.195422
0.181231
0.163278
0.146597
0.195671
0.181517
0.1632
0.146663
0.195773
0.181831
0.163768
0.147393
0.196277
0.182193
0.164253
0.147554
0.1962
0.182242
0.164007
0.147329
0.196189
0.181252
0.163058
0.146559
0.195563
0.181385
0.163458
0.146138
0.195195
0.1806
0.162951
0.14619
0.195107
0.180666
0.162285
0.145942
0.194647
0.180304
0.162382
0.145598
0.194819
0.180804
0.162734
0.14575
0.194802
0.181324
0.163406
0.14689
0.19607
0.181986
0.163469
0.147035
0.196123
0.182117
0.164353
0.147531
0.196499
0.182017
0.163928
0.147026
0.195833
0.182067
0.164075
0.147432
0.196233
0.181762
0.164069
0.147427
0.196262
0.182106
0.164383
0.14766
0.196129
0.18181
0.16383
0.147319
0.19596
0.181777
0.164067
0.147373
0.196036
0.181456
0.163735
0.146673
0.195605
0.181368
0.163633
0.147192
0.196202
0.181911
0.163689
0.147124
0.195626
0.181342
0.16306
0.146751
0.195712
0.181392
0.163441
0.146793
0.195994
0.181715
0.163535
0.146751
0.195893
0.181765
0.163631
0.147213
0.196264
0.182282
0.164037
0.147584
0.196434
0.182256
0.164684
0.148036
0.196879
0.182297
0.163759
0.147454
0.196116
0.182008
0.163721
0.146981
0.195657
0.180711
0.162843
0.146044
0.195316
0.181245
0.163519
0.146896
0.195578
0.181503
0.163579
0.146996
0.19581
0.181486
0.162954
0.145914
0.195212
0.181095
0.163012
0.146845
0.195978
0.182193
0.163727
0.147421
0.196552
0.182243
0.164245
0.147772
0.196877
0.182507
0.164968
0.148335
0.197262
0.182653
0.164807
0.148676
0.197469
0.183127
0.164804
0.148213
0.197008
0.18269
0.164606
0.147836
0.196898
0.18296
0.164635
0.147986
0.197099
0.18261
0.163724
0.146877
0.195798
0.181104
0.163296
0.147156
0.195641
0.181163
0.163027
0.146643
0.195628
0.181381
0.163471
0.146868
0.196078
0.18192
0.164174
0.147658
0.19625
0.181721
0.163923
0.147319
0.196346
0.182211
0.164226
0.147592
0.196575
0.182287
0.164073
0.147555
0.196174
0.182208
0.163663
0.147156
0.196038
0.181264
0.163825
0.147201
0.196124
0.181839
0.164198
0.147731
0.196836
0.182582
0.164233
0.147368
0.196532
0.182356
0.164588
0.147743
0.196402
0.182059
0.164485
0.148058
0.197175
0.18297
0.164769
0.147936
0.196727
0.181989
0.16401
0.147081
0.196031
0.181623
0.163024
0.146457
0.19576
0.181696
0.163658
0.146733
0.195571
0.181412
0.163246
0.146634
0.195267
0.18148
0.163161
0.14681
0.195777
0.181529
0.163419
0.146784
0.195594
0.181902
0.164126
0.147341
0.196398
0.18231
0.164069
0.14768
0.196372
0.182077
0.164485
0.148077
0.196672
0.18193
0.163446
0.146357
0.195389
0.181299
0.163767
0.147115
0.196489
0.181908
0.163581
0.146985
0.196096
0.181579
0.163655
0.147417
0.196514
0.182618
0.164134
0.147359
0.196009
0.181751
0.163556
0.147075
0.196212
0.182119
0.164089
0.147508
0.196437
0.182446
0.163854
0.147235
0.196308
0.181951
0.163765
0.147068
0.196194
0.182248
0.163801
0.146918
0.195787
0.181873
0.164084
0.147617
0.196647
0.182226
0.164173
0.147726
0.196517
0.182203
0.164378
0.147438
0.196117
0.181917
0.163994
0.147244
0.195922
0.181809
0.163058
0.146327
0.195308
0.181521
0.163137
0.146618
0.195707
0.181185
0.162666
0.146059
0.195093
0.180965
0.162765
0.14667
0.195677
0.181718
0.163938
0.147575
0.196011
0.182267
0.16458
0.148065
0.196149
0.181857
0.163996
0.147428
0.196592
0.182423
0.16458
0.14759
0.196421
0.182339
0.164508
0.14775
0.196673
0.182226
0.164001
0.14757
0.19599
0.181773
0.163392
0.146898
0.195851
0.181924
0.163329
0.146484
0.195426
0.181425
0.163678
0.146826
0.195969
0.182114
0.163909
0.147058
0.195781
0.181486
0.16384
0.146833
0.195757
0.181529
0.164052
0.147207
0.196163
0.181965
0.164185
0.147109
0.196131
0.181853
0.163603
0.146754
0.195387
0.18127
0.163319
0.146642
0.195575
0.181599
0.163752
0.147176
0.196128
0.181421
0.162932
0.146381
0.195408
0.181482
0.16362
0.147102
0.195744
0.181716
0.16379
0.147088
0.195816
0.181392
0.163441
0.146788
0.195393
0.181723
0.163676
0.147111
0.196177
0.182447
0.164777
0.148302
0.197291
0.182726
0.164955
0.147989
0.196686
0.182411
0.164124
0.147004
0.19568
0.182004
0.164043
0.147295
0.196508
0.182154
0.163484
0.147054
0.19626
0.181879
0.163899
0.146946
0.19497
0.180421
0.162679
0.146189
0.195332
0.180749
0.162699
0.146162
0.194736
0.180271
0.161965
0.145168
0.194091
0.18021
0.162643
0.14653
0.196
0.181829
0.163699
0.147139
0.196064
0.181579
0.163199
0.146743
0.195949
0.181806
0.16348
0.146874
0.196053
0.181625
0.163718
0.147205
0.195881
0.181402
0.163486
0.146755
0.195681
0.181155
0.163202
0.146301
0.195588
0.181171
0.163215
0.146877
0.196047
0.181814
0.163386
0.146753
0.195867
0.181431
0.163011
0.146259
0.194958
0.18121
0.163325
0.146691
0.195808
0.18161
0.162833
0.146213
0.195285
0.181227
0.163133
0.146703
0.195736
0.181183
0.163046
0.146406
0.195286
0.181259
0.16326
0.146756
0.195701
0.181735
0.163763
0.14715
0.196127
0.18106
0.163207
0.146589
0.195715
0.181695
0.163805
0.147496
0.196257
0.182351
0.164115
0.147716
0.196687
0.182477
0.164254
0.147574
0.19667
0.182112
0.164086
0.147032
0.195591
0.1814
0.163352
0.146716
0.195653
0.180995
0.163112
0.146649
0.195795
0.181386
0.163103
0.146429
0.195295
0.181079
0.163253
0.146716
0.195895
0.182098
0.163988
0.146653
0.195322
0.181221
0.162826
0.146442
0.195812
0.182018
0.164022
0.146865
0.195917
0.181971
0.164352
0.147377
0.196208
0.181911
0.16435
0.147817
0.196609
0.182602
0.164488
0.147649
0.196505
0.182838
0.16496
0.147991
0.196975
0.18278
0.164816
0.147909
0.196574
0.182708
0.164807
0.148338
0.197185
0.182674
0.164388
0.147598
0.196708
0.182605
0.164491
0.148045
0.196405
0.182304
0.163702
0.14745
0.196367
0.181802
0.163927
0.147114
0.19625
0.181749
0.164042
0.147357
0.19606
0.181854
0.164113
0.147565
0.196323
0.181947
0.163292
0.146787
0.195708
0.18066
0.163013
0.146555
0.195367
0.180981
0.163253
0.146339
0.194997
0.180947
0.163252
0.146586
0.19537
0.181221
0.163252
0.146928
0.196091
0.181828
0.163741
0.147166
0.196202
0.182124
0.163451
0.146414
0.195719
0.181619
0.163501
0.146739
0.195448
0.181695
0.163695
0.146796
0.19549
0.181455
0.16374
0.146885
0.195459
0.181385
0.163409
0.146424
0.195562
0.181628
0.16322
0.146718
0.195546
0.181577
0.163844
0.147099
0.196211
0.182299
0.164731
0.148028
0.196684
0.182312
0.164098
0.147441
0.196055
0.182106
0.16389
0.146939
0.195689
0.181266
0.162958
0.145837
0.194982
0.180518
0.162715
0.145962
0.194781
0.180675
0.16248
0.145757
0.194706
0.180555
0.162356
0.145898
0.195057
0.180797
0.163005
0.146838
0.195417
0.18141
0.163381
0.146796
0.195635
0.181596
0.16359
0.146603
0.19557
0.181525
0.163463
0.146883
0.195765
0.181818
0.163978
0.147424
0.196333
0.182022
0.163983
0.147295
0.196002
0.18213
0.164376
0.147776
0.196659
0.182652
0.164798
0.148002
0.197109
0.182916
0.165146
0.148567
0.197129
0.183092
0.165045
0.148101
0.19712
0.182942
0.164657
0.147728
0.196579
0.182611
0.164918
0.147836
0.196619
0.182039
0.164268
0.147802
0.196747
0.181922
0.163945
0.147203
0.195815
0.181474
0.163494
0.146572
0.19521
0.181088
0.162967
0.146457
0.195369
0.18158
0.163521
0.147126
0.195934
0.181942
0.163962
0.14761
0.196391
0.182224
0.163886
0.147233
0.196074
0.182108
0.164129
0.147469
0.196184
0.182063
0.163851
0.147351
0.196246
0.182025
0.164187
0.147155
0.1965
0.181134
0.163031
0.146442
0.195498
0.181323
0.163452
0.146435
0.19546
0.181537
0.163802
0.147099
0.196018
0.182269
0.164068
0.147479
0.196232
0.181841
0.164061
0.147278
0.196424
0.182114
0.16409
0.14748
0.195685
0.181524
0.16306
0.146224
0.195389
0.181332
0.163165
0.146828
0.195565
0.181624
0.163366
0.146515
0.195533
0.181284
0.163155
0.146429
0.195478
0.181269
0.163542
0.146725
0.195976
0.181494
0.163559
0.146806
0.195871
0.181445
0.163534
0.146638
0.195672
0.181653
0.163509
0.147059
0.195968
0.181814
0.163956
0.146972
0.195534
0.181964
0.164213
0.147697
0.196445
0.182427
0.163972
0.147256
0.195745
0.1816
0.163498
0.147103
0.196043
0.181399
0.163358
0.14669
0.195873
0.181185
0.163633
0.146175
0.195303
0.181251
0.163449
0.147093
0.195965
0.180753
0.162718
0.146164
0.194912
0.180452
0.162954
0.146343
0.195353
0.181529
0.162995
0.146098
0.195203
0.181164
0.163569
0.147395
0.196034
0.181422
0.163108
0.146642
0.19526
0.180633
0.163101
0.146511
0.19523
0.181189
0.162768
0.145893
0.195093
0.180864
0.163534
0.146836
0.195712
0.181982
0.163944
0.147311
0.196552
0.182083
0.164074
0.147599
0.196515
0.18212
0.164428
0.147846
0.196558
0.181958
0.163996
0.147478
0.196495
0.182
0.163686
0.147381
0.196399
0.181606
0.163391
0.146521
0.195661
0.18178
0.163818
0.147081
0.196273
0.182285
0.16408
0.147659
0.196296
0.181699
0.163696
0.147126
0.195929
0.181754
0.163666
0.146693
0.196107
0.181689
0.163932
0.147508
0.196799
0.182332
0.163932
0.14768
0.196628
0.182101
0.164219
0.147118
0.19608
0.181796
0.163523
0.147097
0.195939
0.1818
0.164074
0.147627
0.196669
0.182447
0.1646
0.148095
0.19684
0.182486
0.164281
0.147591
0.196513
0.181767
0.163219
0.146606
0.195223
0.181152
0.163379
0.146298
0.195417
0.181213
0.163005
0.146588
0.195757
0.18193
0.163755
0.14707
0.196167
0.181955
0.163744
0.147603
0.196442
0.181997
0.164404
0.147819
0.196921
0.182196
0.164079
0.147429
0.196334
0.182047
0.163838
0.146918
0.195912
0.181694
0.164265
0.147955
0.196683
0.181893
0.164258
0.1474
0.196503
0.182034
0.163991
0.147439
0.196633
0.182352
0.163857
0.147008
0.196104
0.181519
0.163543
0.146964
0.195855
0.181864
0.163714
0.147183
0.196311
0.182267
0.163795
0.147372
0.196663
0.18235
0.163761
0.147199
0.195941
0.181914
0.164214
0.147438
0.196355
0.181953
0.163854
0.146911
0.195599
0.181082
0.163611
0.146393
0.195242
0.180661
0.162382
0.146255
0.195241
0.181141
0.16327
0.146533
0.195836
0.181743
0.163827
0.146818
0.19562
0.181366
0.163194
0.146791
0.195713
0.181394
0.163327
0.146913
0.195705
0.181513
0.16389
0.147186
0.196365
0.181543
0.164002
0.147353
0.19559
0.1817
0.164067
0.147193
0.19649
0.182181
0.163956
0.147354
0.19639
0.182825
0.164382
0.147615
0.196474
0.182074
0.164067
0.147438
0.196581
0.182247
0.16398
0.147317
0.196092
0.18109
0.163211
0.146951
0.195821
0.181242
0.163251
0.146846
0.195946
0.181712
0.164139
0.147279
0.195812
0.18168
0.163445
0.146891
0.196003
0.181585
0.163441
0.146869
0.196009
0.181664
0.163682
0.147249
0.196115
0.181471
0.163334
0.146599
0.195442
0.181348
0.163874
0.147067
0.196144
0.182185
0.164248
0.147525
0.196595
0.182705
0.164339
0.147614
0.196576
0.182668
0.16468
0.147823
0.196746
0.181739
0.163439
0.147168
0.196024
0.181485
0.163237
0.146774
0.195667
0.181325
0.163509
0.147024
0.195863
0.181762
0.163675
0.147091
0.196025
0.182221
0.164005
0.1475
0.196192
0.18176
0.163997
0.147393
0.196246
0.182188
0.164244
0.147909
0.196503
0.181724
0.164193
0.147444
0.196396
0.182037
0.163726
0.146815
0.195967
0.181605
0.163388
0.146495
0.195151
0.181573
0.163534
0.146813
0.195962
0.18186
0.163877
0.14721
0.196
0.181598
0.163323
0.146612
0.195799
0.181769
0.164115
0.147607
0.196586
0.181923
0.163935
0.147288
0.196159
0.18181
0.164035
0.147386
0.196221
0.181782
0.163828
0.147183
0.195811
0.181731
0.163865
0.146953
0.196114
0.181734
0.163553
0.14682
0.196188
0.181645
0.163582
0.146828
0.195531
0.181342
0.163067
0.146427
0.195453
0.182094
0.164425
0.147782
0.196487
0.182293
0.164485
0.14767
0.196512
0.182411
0.164436
0.147307
0.195955
0.181642
0.163526
0.146948
0.195855
0.181213
0.163632
0.146918
0.196027
0.181705
0.163798
0.146865
0.196277
0.182287
0.16422
0.147723
0.196525
0.182595
0.164709
0.147562
0.196585
0.181596
0.163826
0.147222
0.196335
0.181622
0.163339
0.146808
0.195721
0.181403
0.163286
0.146365
0.195231
0.180841
0.162603
0.146313
0.194952
0.180478
0.162788
0.146453
0.195391
0.181022
0.16323
0.146776
0.195851
0.181842
0.163772
0.146996
0.195918
0.181684
0.163309
0.146948
0.196172
0.182129
0.164153
0.147536
0.196589
0.182398
0.163604
0.146942
0.195772
0.181784
0.163797
0.14749
0.196283
0.182033
0.163374
0.146886
0.195859
0.180727
0.162747
0.145987
0.19469
0.17994
0.162121
0.145279
0.194569
0.18014
0.162354
0.145352
0.194433
0.180058
0.162338
0.146145
0.194941
0.180988
0.163263
0.14652
0.195585
0.181444
0.163347
0.147181
0.196158
0.182209
0.163972
0.146909
0.195761
0.181644
0.163698
0.146147
0.195406
0.180916
0.163238
0.146643
0.195703
0.181945
0.163839
0.1472
0.195968
0.181548
0.164065
0.147617
0.196556
0.182025
0.164358
0.147433
0.196172
0.181955
0.163802
0.14719
0.196118
0.181309
0.163455
0.1472
0.196058
0.181962
0.164216
0.146542
0.195712
0.180703
0.163026
0.146058
0.194961
0.180621
0.163027
0.146333
0.195178
0.180759
0.162985
0.146733
0.19541
0.181539
0.163975
0.147606
0.195825
0.181897
0.163836
0.147263
0.196163
0.181812
0.164257
0.147812
0.19669
0.182014
0.163919
0.146838
0.195523
0.18101
0.163025
0.146216
0.194796
0.180724
0.162558
0.145661
0.195087
0.180839
0.162959
0.146356
0.195662
0.181452
0.163321
0.146876
0.196027
0.18164
0.163621
0.146915
0.195827
0.181598
0.163041
0.146581
0.195347
0.181508
0.1634
0.147345
0.196274
0.181911
0.163805
0.147267
0.196573
0.182341
0.163929
0.147259
0.196011
0.181507
0.163744
0.147163
0.195503
0.181424
0.163051
0.146413
0.195611
0.181062
0.163021
0.145835
0.195118
0.181019
0.163004
0.146299
0.195469
0.181062
0.163376
0.146683
0.195722
0.181581
0.163777
0.147192
0.196373
0.181785
0.163735
0.146985
0.195684
0.181604
0.163667
0.147127
0.196405
0.182276
0.163927
0.147387
0.196412
0.181961
0.164502
0.147552
0.196572
0.181947
0.163721
0.14707
0.195961
0.182178
0.163661
0.147094
0.196216
0.182042
0.164039
0.147374
0.196472
0.182186
0.163762
0.146803
0.195963
0.181723
0.164056
0.147073
0.196137
0.181818
0.163945
0.147203
0.196042
0.181496
0.1637
0.147354
0.196258
0.182365
0.164249
0.147353
0.196174
0.181692
0.163784
0.146803
0.195846
0.181025
0.163138
0.146649
0.195651
0.18157
0.163358
0.146958
0.196146
0.182036
0.163832
0.147361
0.196352
0.182664
0.164354
0.147465
0.195964
0.181473
0.163196
0.146513
0.195455
0.181766
0.163925
0.147418
0.19617
0.182175
0.164201
0.147398
0.196557
0.182041
0.164272
0.14752
0.196385
0.182033
0.164079
0.146925
0.195802
0.182023
0.164246
0.147643
0.196329
0.181794
0.163652
0.146918
0.195441
0.180892
0.163083
0.1461
0.195257
0.180999
0.16314
0.146497
0.195454
0.181663
0.163414
0.146788
0.195571
0.181111
0.163187
0.146141
0.195159
0.181306
0.163535
0.147159
0.195971
0.18179
0.16313
0.146858
0.195931
0.181926
0.164092
0.147054
0.195959
0.181454
0.163337
0.146165
0.194853
0.18047
0.162748
0.146096
0.195199
0.181288
0.163471
0.146735
0.195643
0.180901
0.163408
0.146436
0.195116
0.180706
0.162726
0.146504
0.195342
0.181211
0.163613
0.146855
0.195825
0.181319
0.162978
0.146345
0.195319
0.180918
0.162554
0.146173
0.19557
0.180878
0.16273
0.146042
0.19517
0.181398
0.163806
0.147338
0.196142
0.181851
0.16335
0.146355
0.195055
0.181093
0.162934
0.146386
0.195667
0.181508
0.163633
0.147461
0.196608
0.182354
0.164391
0.147717
0.196969
0.183157
0.164823
0.147957
0.196716
0.182832
0.16479
0.148426
0.197191
0.182923
0.1651
0.148245
0.197154
0.182466
0.164301
0.147456
0.196403
0.18183
0.163822
0.146941
0.195961
0.181941
0.164139
0.147378
0.196065
0.181609
0.163782
0.14731
0.195929
0.181695
0.163755
0.147283
0.196196
0.182244
0.164159
0.147171
0.196582
0.182302
0.164216
0.147677
0.196435
0.18187
0.163927
0.147676
0.196563
0.182679
0.164233
0.147605
0.196476
0.182176
0.163932
0.146726
0.195597
0.181535
0.163755
0.147296
0.196485
0.181833
0.164056
0.147389
0.196059
0.181681
0.163703
0.146944
0.195705
0.181495
0.163731
0.14683
0.195796
0.181355
0.163846
0.147093
0.196352
0.18225
0.163925
0.147058
0.195903
0.181547
0.163488
0.146675
0.195733
0.1812
0.16328
0.146513
0.195993
0.182081
0.164083
0.147275
0.196203
0.182566
0.164026
0.147123
0.195719
0.181257
0.163436
0.146832
0.195812
0.181715
0.163577
0.147129
0.195677
0.181488
0.163795
0.146991
0.196022
0.181885
0.163496
0.147137
0.196032
0.181831
0.164275
0.147656
0.196366
0.181604
0.163745
0.147495
0.196163
0.18243
0.16439
0.147258
0.196277
0.181732
0.163643
0.146892
0.19572
0.181404
0.163128
0.1467
0.195444
0.181286
0.163009
0.146825
0.195723
0.181395
0.163113
0.146751
0.195531
0.181901
0.163931
0.147527
0.196299
0.182218
0.16421
0.147837
0.196606
0.182812
0.16479
0.147862
0.196903
0.182801
0.164474
0.147965
0.197203
0.182922
0.164352
0.148012
0.196668
0.182404
0.164372
0.147467
0.196475
0.182559
0.16439
0.147781
0.19649
0.181499
0.163511
0.146944
0.195652
0.18162
0.163715
0.146948
0.19574
0.181148
0.16372
0.146928
0.196218
0.18184
0.163879
0.147297
0.196219
0.181643
0.163605
0.14725
0.196514
0.182445
0.164572
0.147965
0.196558
0.182473
0.164136
0.147835
0.196522
0.182447
0.164126
0.146957
0.196132
0.182379
0.164061
0.146964
0.196166
0.18236
0.164229
0.147763
0.196236
0.181938
0.163674
0.146862
0.195651
0.180984
0.162717
0.146331
0.195594
0.181614
0.163993
0.147559
0.196642
0.182666
0.16416
0.147929
0.196823
0.182284
0.163637
0.147281
0.196252
0.1816
0.163139
0.146557
0.195197
0.180879
0.162539
0.146168
0.195376
0.181005
0.16314
0.146362
0.195101
0.181593
0.16333
0.146907
0.195636
0.181373
0.162939
0.146444
0.195456
0.181186
0.163311
0.146953
0.196085
0.181851
0.163465
0.146723
0.195385
0.181222
0.163405
0.147026
0.195674
0.181797
0.163884
0.147456
0.196497
0.182375
0.164652
0.147972
0.19673
0.182537
0.164544
0.148007
0.19689
0.182336
0.164385
0.147534
0.196115
0.181802
0.163847
0.146802
0.196133
0.181962
0.163369
0.146653
0.195429
0.180923
0.163025
0.146465
0.195479
0.181176
0.163156
0.146665
0.195756
0.181889
0.163999
0.147693
0.196373
0.181758
0.163694
0.14682
0.195799
0.181236
0.16303
0.14626
0.195507
0.181147
0.16301
0.146895
0.195876
0.180964
0.16294
0.145983
0.195091
0.181119
0.163542
0.147389
0.196304
0.182342
0.164123
0.147439
0.196487
0.182392
0.164272
0.147134
0.196423
0.182456
0.164113
0.147292
0.196391
0.182496
0.164501
0.147768
0.196833
0.182547
0.164423
0.148127
0.197002
0.182285
0.164454
0.147517
0.196325
0.181317
0.16349
0.147071
0.195842
0.182109
0.163868
0.146843
0.195607
0.180866
0.162901
0.14634
0.195144
0.180043
0.162135
0.145483
0.194687
0.180506
0.16285
0.146269
0.195199
0.180329
0.162326
0.145706
0.194986
0.180859
0.163045
0.146771
0.196134
0.181709
0.163992
0.146914
0.196066
0.181775
0.163192
0.146498
0.195268
0.18093
0.163274
0.146626
0.195316
0.181736
0.163558
0.146845
0.195631
0.181915
0.163763
0.147095
0.195833
0.181557
0.163124
0.146565
0.195622
0.180997
0.163115
0.146607
0.195063
0.181273
0.163546
0.146981
0.195656
0.181148
0.163132
0.14646
0.195333
0.180466
0.162443
0.145679
0.1945
0.180699
0.162926
0.146711
0.195452
0.181759
0.163674
0.147136
0.196202
0.182017
0.163884
0.14743
0.196419
0.182082
0.164173
0.14706
0.196089
0.18136
0.163585
0.147286
0.196271
0.181962
0.163937
0.147105
0.196106
0.182119
0.164105
0.147577
0.196421
0.182599
0.163989
0.147334
0.196145
0.181447
0.163136
0.146695
0.19556
0.181574
0.163451
0.146884
0.195848
0.181817
0.163657
0.146633
0.195799
0.181917
0.163624
0.146699
0.195633
0.180803
0.162926
0.146326
0.19537
0.181287
0.163221
0.146795
0.195445
0.18194
0.164035
0.147631
0.197077
0.182458
0.164467
0.147661
0.196021
0.181962
0.163282
0.14612
0.195238
0.181485
0.163453
0.146995
0.196088
0.181827
0.163847
0.147075
0.196494
0.182268
0.16471
0.14779
0.196925
0.182533
0.164513
0.148045
0.196845
0.182302
0.164825
0.14806
0.196707
0.182087
0.163562
0.146906
0.19588
0.181364
0.163584
0.146914
0.195986
0.180847
0.163367
0.146787
0.195629
0.18069
0.163272
0.146643
0.195472
0.181605
0.163982
0.146882
0.195899
0.18158
0.163529
0.147263
0.196518
0.182277
0.163977
0.147566
0.196229
0.181919
0.164008
0.147086
0.195955
0.181846
0.163915
0.147388
0.195959
0.181663
0.163184
0.146087
0.195275
0.181208
0.163042
0.146835
0.195748
0.181661
0.163541
0.146791
0.195403
0.181844
0.163868
0.146861
0.196127
0.182266
0.164648
0.148293
0.197063
0.182511
0.164019
0.147003
0.195732
0.182112
0.164181
0.147619
0.196405
0.181991
0.163978
0.147057
0.195814
0.181739
0.164167
0.14748
0.196596
0.182298
0.163925
0.147363
0.196203
0.182364
0.164321
0.147815
0.196732
0.18193
0.164114
0.147174
0.196043
0.181249
0.163248
0.146474
0.195628
0.181095
0.162954
0.14636
0.195609
0.181607
0.163638
0.147
0.196111
0.181635
0.163719
0.14746
0.196614
0.182572
0.164922
0.148381
0.197119
0.182575
0.164201
0.147463
0.196564
0.182216
0.164394
0.147653
0.196269
0.181754
0.164051
0.147005
0.195902
0.180974
0.163061
0.146528
0.19577
0.181789
0.163939
0.14727
0.195958
0.18174
0.163823
0.147142
0.195571
0.181837
0.163983
0.147607
0.195757
0.182239
0.163863
0.147463
0.196072
0.182362
0.164298
0.14734
0.196185
0.182017
0.163449
0.146899
0.195815
0.18174
0.163876
0.14704
0.196353
0.181873
0.163513
0.147118
0.196056
0.181645
0.16361
0.147114
0.195376
0.180969
0.163299
0.146563
0.195151
0.181079
0.163223
0.146225
0.195286
0.181301
0.163493
0.146662
0.195476
0.18063
0.162477
0.145898
0.195221
0.181049
0.163115
0.146763
0.196164
0.181912
0.164028
0.147213
0.196177
0.182183
0.164755
0.147587
0.196304
0.181855
0.163393
0.14686
0.195834
0.181414
0.163253
0.146725
0.195922
0.181421
0.16357
0.146629
0.195465
0.181503
0.163337
0.146609
0.195297
0.181092
0.163381
0.146286
0.195332
0.181121
0.163137
0.146578
0.195409
0.181477
0.163454
0.146697
0.195532
0.181498
0.163222
0.146715
0.195627
0.181092
0.163389
0.146637
0.19593
0.181498
0.163172
0.146523
0.195347
0.181493
0.163381
0.146979
0.195693
0.181033
0.1633
0.14675
0.195607
0.18175
0.163974
0.147086
0.195863
0.181782
0.163541
0.147064
0.196222
0.182395
0.164185
0.146987
0.196136
0.18199
0.163159
0.146893
0.195633
0.181859
0.16449
0.148168
0.19702
0.182739
0.164698
0.147664
0.196873
0.182731
0.165095
0.147871
0.196587
0.18203
0.164457
0.147493
0.196264
0.182111
0.164328
0.147796
0.196771
0.182707
0.164503
0.147783
0.196816
0.181964
0.164386
0.147914
0.19676
0.182754
0.164563
0.14765
0.196168
0.182028
0.163371
0.147156
0.19621
0.181858
0.164089
0.147007
0.19594
0.181321
0.163061
0.146047
0.195395
0.180994
0.162876
0.146143
0.194747
0.18077
0.162879
0.14654
0.195403
0.180962
0.163256
0.146624
0.195674
0.181535
0.163607
0.146822
0.19572
0.181702
0.163807
0.147378
0.196037
0.182231
0.164163
0.14728
0.196226
0.182062
0.164066
0.147439
0.195822
0.181349
0.163401
0.147136
0.195854
0.181867
0.164239
0.14741
0.196557
0.18253
0.164311
0.147106
0.19599
0.182072
0.163988
0.147593
0.196625
0.182304
0.164479
0.147721
0.196625
0.182725
0.164609
0.147885
0.196424
0.182163
0.163927
0.147624
0.196856
0.181911
0.164096
0.147169
0.196174
0.18227
0.164234
0.148066
0.197005
0.182867
0.164642
0.147842
0.196395
0.181564
0.163436
0.147291
0.196133
0.182181
0.164372
0.147564
0.195535
0.181289
0.163457
0.146888
0.195406
0.180697
0.162851
0.146424
0.195434
0.181423
0.163247
0.146759
0.19594
0.181698
0.163132
0.146617
0.195436
0.181553
0.163281
0.146741
0.195293
0.18126
0.163295
0.146502
0.195633
0.181699
0.163634
0.146994
0.195909
0.18172
0.163255
0.146829
0.195514
0.181295
0.16331
0.146756
0.195809
0.181083
0.163492
0.146865
0.196105
0.181739
0.164084
0.147555
0.196319
0.182355
0.164459
0.147247
0.195943
0.182109
0.164646
0.148028
0.196866
0.182782
0.164768
0.147851
0.196462
0.182209
0.164252
0.147377
0.196539
0.182942
0.164891
0.147788
0.196788
0.182871
0.164793
0.14755
0.196271
0.182185
0.164109
0.147328
0.196246
0.182105
0.164233
0.147781
0.197138
0.182698
0.164576
0.148341
0.197273
0.18287
0.164756
0.148011
0.196425
0.181444
0.163894
0.146948
0.195937
0.181461
0.163581
0.146979
0.196059
0.181883
0.163454
0.146982
0.196263
0.182238
0.164508
0.147284
0.196226
0.181687
0.163752
0.147304
0.19625
0.182527
0.165003
0.148608
0.19738
0.183149
0.164656
0.147511
0.196655
0.182489
0.164133
0.147071
0.196166
0.182143
0.164123
0.147077
0.196427
0.18239
0.1643
0.147082
0.195932
0.181414
0.163426
0.14717
0.195958
0.182072
0.164017
0.147341
0.195899
0.181715
0.163938
0.146946
0.195755
0.181281
0.163775
0.147022
0.195713
0.181265
0.163568
0.146782
0.195728
0.18201
0.163566
0.147181
0.196209
0.181828
0.16373
0.14678
0.195615
0.180715
0.163034
0.146561
0.19553
0.181502
0.163749
0.14698
0.195777
0.181826
0.163937
0.147321
0.196006
0.181755
0.162785
0.146432
0.195569
0.18139
0.163301
0.146703
0.195723
0.181819
0.163699
0.146828
0.195439
0.181039
0.163601
0.147199
0.196462
0.181978
0.163681
0.147099
0.196209
0.181741
0.164032
0.147522
0.196367
0.182089
0.163818
0.147043
0.195935
0.181784
0.16398
0.147764
0.196901
0.182639
0.164564
0.148123
0.197347
0.183413
0.16523
0.148156
0.196795
0.182525
0.164862
0.148484
0.197164
0.183124
0.165013
0.148055
0.19713
0.18322
0.1651
0.148436
0.197445
0.18248
0.164473
0.147611
0.196405
0.181953
0.163978
0.147068
0.196056
0.182057
0.163691
0.14687
0.195738
0.181709
0.16423
0.147545
0.195899
0.181756
0.16395
0.147181
0.195994
0.181799
0.16369
0.147205
0.196343
0.181928
0.163851
0.147325
0.196378
0.182106
0.164206
0.14784
0.196576
0.182414
0.164348
0.147464
0.196096
0.181938
0.164087
0.147022
0.196166
0.182283
0.164307
0.147358
0.195695
0.181062
0.163283
0.1466
0.195555
0.181669
0.163835
0.147303
0.196064
0.181486
0.163609
0.146889
0.195926
0.18167
0.163754
0.147431
0.19633
0.182076
0.164025
0.1476
0.196512
0.182171
0.164268
0.147439
0.196336
0.18195
0.164481
0.148048
0.196638
0.182807
0.164409
0.147913
0.196773
0.182101
0.164128
0.14721
0.196171
0.182372
0.164389
0.14754
0.196502
0.182395
0.164151
0.147381
0.196569
0.182763
0.164708
0.148395
0.19722
0.182726
0.164743
0.14823
0.197093
0.182074
0.163707
0.147331
0.196406
0.182022
0.164332
0.147543
0.196254
0.182059
0.164082
0.147501
0.196455
0.181725
0.16398
0.147656
0.196808
0.182587
0.164438
0.147265
0.195976
0.18181
0.163603
0.146882
0.196007
0.1817
0.163763
0.147015
0.195971
0.181812
0.16378
0.147538
0.196516
0.182365
0.164716
0.147997
0.196372
0.182361
0.163945
0.147646
0.196316
0.182352
0.164343
0.147734
0.196283
0.181803
0.163618
0.147048
0.195883
0.181102
0.163381
0.147109
0.196038
0.182085
0.163831
0.146841
0.195996
0.181886
0.164132
0.147407
0.196525
0.182004
0.164119
0.147436
0.196268
0.182201
0.16388
0.147466
0.196569
0.182141
0.164021
0.14753
0.196788
0.182529
0.164275
0.147534
0.196429
0.182126
0.164058
0.147397
0.196331
0.181586
0.163576
0.146597
0.195544
0.181894
0.163631
0.146968
0.196013
0.181191
0.163213
0.146156
0.19515
0.181463
0.163314
0.146659
0.195751
0.181725
0.163061
0.146212
0.195158
0.181117
0.163078
0.146232
0.195502
0.181266
0.163448
0.146918
0.195753
0.181586
0.163622
0.1472
0.196408
0.182035
0.164192
0.147353
0.196331
0.182118
0.163895
0.147485
0.196513
0.182532
0.165007
0.148018
0.196714
0.182509
0.164573
0.147529
0.196553
0.182063
0.163132
0.146775
0.195938
0.182087
0.164364
0.147022
0.195889
0.181673
0.163773
0.147117
0.19622
0.18211
0.163826
0.146882
0.195724
0.181527
0.163431
0.146629
0.195529
0.181921
0.164003
0.147436
0.196541
0.182548
0.164205
0.147593
0.196122
0.181439
0.163994
0.14689
0.195819
0.181156
0.163246
0.146742
0.195803
0.181771
0.163734
0.147433
0.196448
0.181723
0.163521
0.146875
0.196034
