0
0.136935
0.125254
0.114193
0.118577
0.108465
0.0979649
0.0887349
0.0956726
0.0881747
0.0796154
0.0722095
0.0813175
0.0752829
0.0678859
0.0617894
0.0728843
0.0674505
0.0611859
0.0551878
0.0674806
0.0625723
0.0566339
0.0511914
0.064883
0.0604376
0.0545196
0.0492971
0.0641219
0.0597326
0.0539526
0.0486112
0.0638553
0.059334
0.0537183
0.0484488
0.0642212
0.0594831
0.0537861
0.048542
0.064732
0.0600469
0.0543544
0.0491047
0.0657319
0.0614001
0.0555266
0.050217
0.0670891
0.0622748
0.0562286
0.0503692
0.0677373
0.0631351
0.0569999
0.0512716
0.0686307
0.0637638
0.0574646
0.0516232
0.0694277
0.0647746
0.0583039
0.0522507
0.0704625
0.0655069
0.0593642
0.0534181
0.0718601
0.0667744
0.0602085
0.054289
0.0731489
0.0679691
0.0612611
0.0549665
0.0737017
0.0684766
0.0615735
0.0553879
0.0745242
0.0691026
0.0624514
0.0560997
0.0754954
0.0701668
0.063262
0.0569868
0.076338
0.0706914
0.0640597
0.0575585
0.0769871
0.0715301
0.0645081
0.0578593
0.0773118
0.0719158
0.0649067
0.0581151
0.0779849
0.0723896
0.0652078
0.0584648
0.0783396
0.0726172
0.0655989
0.0589621
0.078783
0.0730414
0.0656954
0.0587805
0.0785927
0.0729556
0.0657225
0.0590736
0.0789278
0.0735123
0.0663
0.0595153
0.0797258
0.0738759
0.0666357
0.0599835
0.0799948
0.0743275
0.0671295
0.0602753
0.080297
0.0745131
0.0674918
0.0607095
0.0809525
0.074993
0.067524
0.060651
0.0809784
0.0752071
0.0677208
0.0609855
0.0812554
0.0755013
0.0680517
0.0612178
0.0815786
0.0753478
0.0678356
0.0609808
0.0813954
0.0758836
0.0683312
0.0614278
0.0818958
0.076008
0.0685759
0.0616287
0.0822182
0.07621
0.0688081
0.061792
0.0824065
0.0760348
0.0684766
0.0613763
0.082034
0.0762416
0.0686901
0.061868
0.0826001
0.0767045
0.0688323
0.0618215
0.0825033
0.076477
0.0689169
0.0619172
0.0825406
0.076432
0.0689149
0.0618887
0.0827934
0.0768237
0.0693461
0.0623708
0.0831145
0.076937
0.0693847
0.0622601
0.0830419
0.0768299
0.0691941
0.0620283
0.0827862
0.0768398
0.0693355
0.0622601
0.083128
0.0771393
0.0695484
0.0622872
0.0830271
0.0771094
0.0694322
0.0624181
0.0834416
0.0772982
0.0695003
0.0622665
0.0831345
0.0771444
0.0694156
0.0623183
0.0832101
0.0772221
0.0698603
0.0628269
0.08358
0.0774753
0.0699004
0.0627396
0.0835979
0.0774632
0.0697556
0.0626183
0.0834332
0.0771636
0.0691702
0.0621999
0.0831608
0.0771208
0.0693195
0.0623287
0.0831059
0.0769609
0.0691186
0.0620846
0.0830506
0.0771923
0.0694295
0.0623963
0.0832502
0.0770022
0.069393
0.0623544
0.0832633
0.0772481
0.0696522
0.0624211
0.0833819
0.0774031
0.0698353
0.0627455
0.0836566
0.077488
0.0695903
0.0623241
0.0832569
0.0774016
0.0698476
0.0628768
0.0837207
0.0776566
0.0699803
0.0630012
0.0838049
0.0777231
0.0699787
0.0628071
0.0838663
0.0779297
0.0701263
0.0630648
0.0839445
0.077959
0.0702886
0.0632084
0.0840818
0.0778236
0.0700921
0.0631245
0.0840484
0.0779068
0.0702041
0.0629933
0.0838643
0.0778937
0.0702206
0.0631747
0.0840464
0.0780099
0.0703672
0.0631594
0.0840928
0.0780893
0.0700797
0.0630538
0.0839846
0.077829
0.0700323
0.0630218
0.0839204
0.0777861
0.0699574
0.0629657
0.083826
0.0777812
0.0702093
0.0630312
0.0840714
0.0779054
0.0702585
0.0630347
0.0841092
0.0778712
0.0703455
0.0632108
0.0840477
0.0779474
0.0703394
0.0632884
0.0840359
0.0779511
0.0702761
0.0630851
0.0840071
0.0778507
0.070129
0.0630535
0.0839357
0.0777897
0.0700348
0.0629069
0.0840211
0.0776776
0.0697839
0.0627289
0.083771
0.0775183
0.0698922
0.06281
0.0837279
0.0775433
0.0699062
0.0626726
0.0833689
0.0773702
0.0696566
0.062497
0.0832189
0.0772634
0.0693617
0.0622689
0.083202
0.0771043
0.0694203
0.0621722
0.0831234
0.0770198
0.0696121
0.0624607
0.0835338
0.0776612
0.0699479
0.0628011
0.0837903
0.0776651
0.0699073
0.0627543
0.0836912
0.0777277
0.0698775
0.0626352
0.0836844
0.0776026
0.0698766
0.0625259
0.0834664
0.0776459
0.0700716
0.0630493
0.0838927
0.077917
0.0699658
0.0629402
0.083883
0.0778131
0.0700121
0.0629101
0.0836879
0.077456
0.0697273
0.0626432
0.083647
0.0775379
0.0699993
0.0630072
0.0840749
0.0779009
0.0702208
0.0631676
0.0841061
0.0781355
0.0704298
0.0633539
0.0843668
0.0782396
0.0702607
0.063134
0.0842206
0.0780946
0.0700995
0.062898
0.083841
0.0776412
0.0699324
0.0628502
0.083845
0.0777331
0.0700843
0.0629497
0.0840498
0.0776678
0.0700257
0.0628926
0.083851
0.0777621
0.0699784
0.0628906
0.0836517
0.0775881
0.0698139
0.062746
0.0836719
0.0776605
0.0700213
0.0629749
0.0838952
0.0777536
0.0700514
0.0631163
0.0840092
0.0779211
0.0704385
0.063348
0.0843808
0.0780798
0.0703494
0.0634022
0.0843201
0.0781029
0.0704404
0.0632951
0.0842487
0.0781042
0.0704291
0.0632496
0.0843033
0.0782111
0.0703587
0.0632403
0.0840668
0.0777042
0.0701782
0.062906
0.0838246
0.0775092
0.0698211
0.0626633
0.0838388
0.07791
0.0702612
0.0631949
0.0840144
0.0778896
0.0703912
0.0630801
0.0841159
0.0780755
0.0704255
0.0632568
0.0842406
0.0782218
0.0704561
0.0631452
0.084036
0.0778533
0.0699532
0.0628581
0.0840474
0.0779138
0.0702542
0.0630366
0.0839474
0.0777947
0.0702136
0.0630862
0.0841054
0.0779545
0.0703057
0.0631574
0.0839858
0.0778645
0.0701433
0.063113
0.083853
0.0778811
0.0702062
0.0630577
0.0839031
0.0777325
0.070049
0.062777
0.0837629
0.0777528
0.0701482
0.0631379
0.0841177
0.0778996
0.0703889
0.0632615
0.0844352
0.0782751
0.0704141
0.0632264
0.0840569
0.0778443
0.0699933
0.0629698
0.0837675
0.0775623
0.0699596
0.0628648
0.0837194
0.0777212
0.0702154
0.0630848
0.0839822
0.0780911
0.0702905
0.063349
0.0841117
0.0779597
0.0701489
0.0629705
0.0840287
0.0775222
0.0696856
0.0624266
0.0832473
0.0773319
0.0695586
0.0623785
0.0834028
0.0773596
0.069625
0.0626361
0.0836297
0.0775376
0.0698321
0.0628435
0.0838843
0.077911
0.0702368
0.0632098
0.0842694
0.0782106
0.0703296
0.0631866
0.0842113
0.0782594
0.0704801
0.0632493
0.0842791
0.0780239
0.0703368
0.0632403
0.0842758
0.0779841
0.0703856
0.0634265
0.0841929
0.0779502
0.0702948
0.0632469
0.0842952
0.0780699
0.0702671
0.0631872
0.084067
0.0779256
0.0701692
0.0630916
0.0840486
0.0780587
0.0702558
0.0630495
0.0840729
0.0777835
0.0701342
0.0630814
0.083894
0.0778496
0.0704097
0.0632124
0.0841801
0.0782209
0.0707092
0.0636687
0.0843887
0.0783821
0.0707292
0.0636003
0.0845501
0.0782104
0.0704229
0.0631582
0.084014
0.0780502
0.0704242
0.0632566
0.0842166
0.0777967
0.0699686
0.0627846
0.0838402
0.0776929
0.0698085
0.0627851
0.0838621
0.0777194
0.0699411
0.0627366
0.0837353
0.0776737
0.0699367
0.062822
0.0837845
0.0778906
0.0702311
0.0629913
0.0839914
0.077955
0.0702169
0.0631079
0.084099
0.0775987
0.0700507
0.0629126
0.0838058
0.077747
0.0701147
0.0629442
0.0839824
0.0779231
0.0702297
0.063187
0.0839583
0.07777
0.0700005
0.0628029
0.0836801
0.0776267
0.0697924
0.0628394
0.0839284
0.077884
0.0703688
0.0631131
0.0842176
0.0779196
0.0702242
0.0630808
0.0840526
0.0780536
0.0702106
0.0631935
0.0841617
0.0781656
0.0704182
0.06314
0.0840675
0.0779937
0.0700829
0.0629649
0.0840174
0.0777373
0.0698351
0.0626171
0.0835551
0.0774508
0.0696634
0.0625026
0.0835939
0.0775308
0.0697286
0.0627886
0.0839897
0.0780452
0.0702405
0.0630011
0.0839639
0.0779442
0.0701006
0.0629962
0.0839157
0.0777202
0.0699105
0.0628769
0.083946
0.0777687
0.0700684
0.0629222
0.0839459
0.077784
0.0700614
0.0628677
0.0839947
0.0780286
0.070428
0.0632278
0.0841822
0.0780956
0.0703716
0.0633025
0.0843936
0.0778473
0.0702547
0.0629359
0.083897
0.0775781
0.0700798
0.0630662
0.0840508
0.0779781
0.0701271
0.0630705
0.0840446
0.0780742
0.0704511
0.063229
0.0841566
0.0779343
0.0703922
0.0632048
0.0839247
0.0775389
0.0699229
0.0628892
0.0839531
0.0778822
0.0701903
0.0632511
0.0840217
0.0778449
0.0699457
0.0630485
0.0840537
0.0779933
0.0702954
0.062911
0.0839742
0.0777684
0.0699621
0.0627658
0.0837996
0.0778777
0.0702788
0.0632091
0.0841323
0.0777785
0.070138
0.0629815
0.084096
0.0782197
0.0704818
0.0633551
0.0843914
0.0784644
0.070582
0.0634178
0.0845282
0.0780964
0.0704328
0.0632599
0.0843233
0.0781937
0.0704206
0.0631256
0.0840343
0.0778199
0.0700513
0.0631842
0.0842175
0.0781514
0.070482
0.0632361
0.0840802
0.0778397
0.0701934
0.0631017
0.0841001
0.0778083
0.0699401
0.0627101
0.0837149
0.0776642
0.0697889
0.06262
0.0837259
0.0773068
0.0695128
0.0622362
0.0833387
0.0773427
0.0696871
0.0625383
0.0837707
0.0777586
0.0700473
0.0630458
0.084168
0.0781495
0.0702084
0.0629652
0.0839672
0.077872
0.0701695
0.0631772
0.0842108
0.0779735
0.0703938
0.0633354
0.0842619
0.0778494
0.0701771
0.0630928
0.0839533
0.0776381
0.0696948
0.0627742
0.0837667
0.07772
0.0700489
0.0630409
0.0840763
0.078138
0.0703661
0.0631751
0.0842232
0.0779199
0.0698807
0.0628826
0.0837374
0.077623
0.0697495
0.0628452
0.0839315
0.0779663
0.0702284
0.0631518
0.0841491
0.0782071
0.0704211
0.0632372
0.0841816
0.0780041
0.0701256
0.0631444
0.0840874
0.07799
0.0703191
0.0632813
0.0841796
0.0778283
0.070107
0.0629632
0.0840258
0.0780793
0.0703846
0.0633829
0.0842933
0.0780127
0.0702062
0.0630817
0.0841744
0.0782168
0.0704146
0.0632346
0.0841358
0.0779251
0.0701399
0.0628735
0.083887
0.0778349
0.0700302
0.063012
0.0839575
0.0779076
0.070358
0.0631763
0.0841336
0.0781434
0.0703606
0.0632335
0.0839787
0.0778658
0.0701783
0.0632191
0.0842084
0.0780729
0.070252
0.062934
0.0840179
0.0778333
0.0702049
0.062987
0.0839578
0.0778923
0.070178
0.0631304
0.0840399
0.0780162
0.0702158
0.0630945
0.0841047
0.0779152
0.0699834
0.0629356
0.0838437
0.0779366
0.0701821
0.0630112
0.0839176
0.077639
0.0699212
0.0628967
0.0840003
0.0778583
0.0699546
0.0627619
0.0838917
0.0777956
0.0701681
0.0630929
0.0838732
0.0776142
0.0700872
0.0629519
0.0838002
0.0778448
0.070196
0.0631502
0.083961
0.0777512
0.070132
0.0629781
0.0838954
0.0776916
0.0698017
0.0627162
0.0833925
0.0774873
0.0697921
0.0626001
0.0836696
0.0775774
0.0699398
0.0629915
0.0840255
0.0778295
0.0701872
0.063108
0.0841773
0.0781596
0.070266
0.0631176
0.084108
0.0779906
0.0703468
0.0632744
0.0842344
0.0781451
0.0702775
0.0630597
0.0840864
0.0779171
0.0700768
0.0628833
0.083929
0.0778006
0.0702051
0.0632353
0.0841404
0.0778908
0.0702596
0.063151
0.0842144
0.0781916
0.0705407
0.0631655
0.0842664
0.0783684
0.0705491
0.0634633
0.084439
0.0784358
0.070718
0.0632218
0.0842962
0.0781473
0.0704532
0.0632248
0.0843057
0.0783366
0.0704531
0.0634148
0.0842541
0.0779238
0.0702123
0.0632655
0.0842282
0.0782303
0.070625
0.0633169
0.0842532
0.07832
0.0705031
0.0634464
0.0844334
0.0785343
0.0705283
0.0633951
0.0843247
0.0780814
0.0705459
0.0633429
0.084478
0.0782654
0.0705618
0.0633203
0.0843038
0.0780358
0.0703351
0.0631758
0.08405
0.0776675
0.0700015
0.0629853
0.0839336
0.0777811
0.0701862
0.0630356
0.0838588
0.0777921
0.0700451
0.0629254
0.0838569
0.0777724
0.0698107
0.062876
0.0838053
0.0775431
0.0698673
0.0626794
0.0836075
0.0777069
0.0700379
0.062785
0.0837284
0.0776206
0.069909
0.0626488
0.0837636
0.0775573
0.0697484
0.0625355
0.0834768
0.0772845
0.0694752
0.062331
0.0834103
0.0774516
0.0699059
0.0625585
0.0835913
0.0772787
0.0695587
0.0625109
0.0836839
0.0777074
0.069899
0.0627428
0.0837786
0.0778886
0.0702648
0.0631319
0.0841034
0.0782639
0.0707221
0.063517
0.0843465
0.0780213
0.0704405
0.0633277
0.0841477
0.0779527
0.0702311
0.0630883
0.0839732
0.0781192
0.0703999
0.0628081
0.0837773
0.0777163
0.0699264
0.0629893
0.0839169
0.0778888
0.070286
0.0631594
0.084062
0.0778625
0.0702427
0.0630876
0.0843024
0.0782644
0.0704218
0.063375
0.0842706
0.078293
0.0703567
0.0631817
0.084254
0.0782479
0.0705383
0.0633441
0.0842535
0.0780037
0.0703743
0.0632205
0.0842626
0.0781299
0.0702864
0.0631948
0.0840726
0.0777416
0.0698022
0.0628047
0.0837712
0.0775604
0.0698189
0.0626686
0.083731
0.0774712
0.0692748
0.0624041
0.0834153
0.0773391
0.069641
0.0625451
0.0835607
0.0773569
0.0698721
0.0626561
0.0837241
0.0775765
0.0699768
0.0628512
0.0838139
0.0777327
0.0702762
0.0631415
0.0838497
0.0779318
0.0699409
0.0629698
0.0839398
0.0779483
0.0702009
0.0630954
0.0841324
0.0779928
0.0702023
0.0629008
0.0840277
0.0777838
0.0701184
0.0629364
0.0839101
0.0777172
0.0702099
0.063052
0.0841519
0.0779395
0.0701038
0.0629802
0.0840283
0.0780249
0.0703119
0.0630839
0.0840292
0.0780535
0.0702833
0.0631446
0.0841751
0.0779778
0.0703471
0.0630296
0.0839964
0.077948
0.0702896
0.0631668
0.0841246
0.0781416
0.0703632
0.0632966
0.0841509
0.0778955
0.0701477
0.0629924
0.083839
0.0778435
0.0701476
0.0630791
0.0839751
0.0778878
0.0702001
0.063036
0.0838198
0.0774311
0.0695934
0.062583
0.0837035
0.0777454
0.0701495
0.0630082
0.0839844
0.0779928
0.0701737
0.0630413
0.0840465
0.0779327
0.0703774
0.0633317
0.0843802
0.0783032
0.07047
0.0632159
0.0839839
0.0774926
0.0698063
0.0625951
0.0837008
0.0777341
0.0697858
0.0627283
0.0835439
0.0775403
0.0698656
0.0626325
0.0836541
0.0775092
0.069886
0.0627198
0.0836997
0.0777799
0.0699877
0.062997
0.0840017
0.0778198
0.0700929
0.0630179
0.0840074
0.0779812
0.0698971
0.0627829
0.0838657
0.077857
0.0702561
0.0630155
0.0841073
0.077983
0.0702521
0.0632092
0.0840569
0.078057
0.0702861
0.0630172
0.0839568
0.0780401
0.0699847
0.0629889
0.0839592
0.0778335
0.070039
0.0627588
0.0836231
0.0774682
0.0695285
0.0623689
0.0833254
0.077518
0.0698129
0.0626527
0.0836553
0.0775657
0.0697877
0.0626732
0.0836852
0.0776666
0.0698186
0.0627168
0.0836121
0.0775891
0.0698251
0.0626204
0.0835348
0.07764
0.0699909
0.0627512
0.083808
0.077718
0.0699994
0.0629397
0.0839635
0.0779358
0.069967
0.0627696
0.0837354
0.0777921
0.0699935
0.062928
0.083815
0.078022
0.0704353
0.0632251
0.0840378
0.0775485
0.0698176
0.0627939
0.0838
0.0777322
0.0701871
0.0628934
0.0840444
0.0779769
0.0701012
0.0629188
0.0839886
0.0778505
0.0701196
0.0628047
0.0837607
0.0777492
0.0701585
0.06302
0.083989
0.0778373
0.0702545
0.0630791
0.0841798
0.0781035
0.070455
0.0633057
0.0842687
0.0780953
0.070394
0.063092
0.0839763
0.0776066
0.0698622
0.0627515
0.0836914
0.0776771
0.0703036
0.0630906
0.0840629
0.0778404
0.069929
0.0627941
0.0836578
0.0775048
0.0695664
0.0624414
0.0834884
0.0772864
0.0696681
0.062649
0.0836253
0.0776417
0.0698481
0.0627979
0.0838209
0.077741
0.0700204
0.0630304
0.0840944
0.0781011
0.0703065
0.0633386
0.0842452
0.0780246
0.0705611
0.0633375
0.0842606
0.0780445
0.0700293
0.0627377
0.0837225
0.077746
0.0700608
0.062837
0.0838759
0.0776439
0.0697295
0.0625061
0.0835374
0.0777623
0.0700694
0.0629051
0.0839549
0.0779898
0.0703006
0.0631573
0.0840246
0.0778887
0.0700289
0.0629241
0.0838779
0.0775829
0.0699618
0.0628378
0.0837285
0.0775648
0.0699814
0.0628315
0.0838396
0.0776109
0.0700086
0.0629603
0.0838709
0.0776352
0.0698044
0.0626169
0.0835812
0.0775396
0.0699165
0.0629775
0.084094
0.0779548
0.0701706
0.0629716
0.0840303
0.0777699
0.070099
0.0629374
0.0838569
0.0777906
0.0701556
0.0629612
0.0839011
0.0776288
0.0696594
0.0625534
0.0834764
0.0775366
0.0700098
0.0628089
0.0838573
0.0779151
0.0702966
0.0631222
0.0840991
0.0780193
0.0702689
0.0630629
0.0839567
0.0778977
0.0699667
0.0629861
0.0841146
0.0780966
0.070414
0.0631413
0.0840982
0.078048
0.0702594
0.0631917
0.0841731
0.0780403
0.0703332
0.0630745
0.0841082
0.0779262
0.0701708
0.0630557
0.0841153
0.0779892
0.070383
0.0630552
0.0841091
0.0779057
0.0702863
0.0630716
0.0841105
0.0780782
0.0703395
0.0631941
0.0840494
0.0779626
0.0700748
0.0626964
0.0836614
0.0777613
0.0699075
0.0627612
0.0837473
0.0774833
0.0697347
0.0627319
0.0838748
0.0775471
0.06988
0.0627487
0.083755
0.0777457
0.0700921
0.0629354
0.0838161
0.0777918
0.0701937
0.0630244
0.0840266
0.0781036
0.0703256
0.0631445
0.0840858
0.0779947
0.0704455
0.0634306
0.0841574
0.077791
0.0701111
0.0630945
0.0841373
0.0782021
0.0704156
0.0631026
0.0840578
0.0778832
0.0699319
0.0629114
0.0840957
0.0779811
0.070452
0.0632769
0.0840938
0.0781308
0.0701041
0.0629175
0.0839
0.0777751
0.0695872
0.0624635
0.0835148
0.0773915
0.0696057
0.0626575
0.0836487
0.0775119
0.0699362
0.0628852
0.08394
0.0776529
0.0699434
0.0628236
0.083764
0.0778087
0.0699715
0.0628423
0.0838655
0.077867
0.0702846
0.0630743
0.0839208
0.0779812
0.0702072
0.0630789
0.0840032
0.0777119
0.0699182
0.0628908
0.0837959
0.0776715
0.0700799
0.063057
0.0839123
0.0777939
0.0698924
0.0629636
0.0840516
0.0779736
0.0704348
0.0632481
0.0841519
0.0778321
0.0701588
0.0630039
0.083931
0.0777485
0.0701456
0.0630457
0.0841038
0.0779537
0.0701376
0.0629563
0.0839984
0.077733
0.0701115
0.0629042
0.0837377
0.0777974
0.0701516
0.0629935
0.0838155
0.0778833
0.0701181
0.0629828
0.0839461
0.0777895
0.0700525
0.0627516
0.0837889
0.0777606
0.0701442
0.0629185
0.0838726
0.0775511
0.0697759
0.0626657
0.0835256
0.0771822
0.069639
0.0625266
0.0835157
0.0773261
0.0695853
0.062616
0.0837363
0.077664
0.0699792
0.0627888
0.0838789
0.0776144
0.0701113
0.0630396
0.0839471
0.0774841
0.0696994
0.0626994
0.0837295
0.0773622
0.0696243
0.0622977
0.083311
0.0772219
0.069324
0.0623781
0.0834323
0.0773723
0.0694209
0.0623101
0.0833813
0.0773055
0.0695225
0.0622512
0.0833213
0.0772242
0.0697274
0.0627934
0.0837959
0.0777399
0.0700681
0.0629532
0.0838485
0.0777475
0.0699852
0.0628957
0.0839361
0.0778821
0.0700879
0.0628783
0.0839465
0.0777225
0.0701203
0.0629473
0.0839424
0.077725
0.0700558
0.0629843
0.0838072
0.0778309
0.0697804
0.0626816
0.0838224
0.0776726
0.0700304
0.0629156
0.0839054
0.077888
0.0700555
0.0629465
0.0838627
0.0779407
0.0703696
0.0633202
0.084318
0.0783482
0.0706992
0.0635046
0.0844068
0.0783551
0.0707481
0.0636411
0.0843932
0.0780881
0.070365
0.0631507
0.0840933
0.0779925
0.0704229
0.0632918
0.0843142
0.078176
0.0703326
0.0630457
0.0839346
0.0778995
0.0703658
0.0632343
0.0842409
0.0781321
0.0704277
0.0632198
0.0841161
0.0778321
0.069989
0.0628304
0.0838465
0.0778931
0.0700165
0.0628386
0.0837492
0.0776004
0.0700134
0.0627074
0.0836288
0.0774837
0.0699
0.0628905
0.0839407
0.0778441
0.0701215
0.0629279
0.0837206
0.0774584
0.0698613
0.0627545
0.0838194
0.0777368
0.0700756
0.0630273
0.0838765
0.0776584
0.0701509
0.0629969
0.0840229
0.0778924
0.070147
0.063044
0.0841516
0.0779383
0.0701039
0.0629992
0.0838302
0.077624
0.0698254
0.0625646
0.0836476
0.0776205
0.0699125
0.0629144
0.0837814
0.0779018
0.0701032
0.0629848
0.083967
0.0778602
0.0700643
0.0628084
0.0837533
0.07762
0.070021
0.0629092
0.0838995
0.0778689
0.0703623
0.0631689
0.0840505
0.0777389
0.0699747
0.0628496
0.0838529
0.0778645
0.0701606
0.063079
0.0841064
0.0780141
0.07024
0.0631249
0.0839318
0.0776966
0.0701484
0.0629293
0.0840326
0.0777937
0.0702168
0.0631732
0.0840885
0.0777949
0.0701201
0.0627888
0.0838089
0.0776177
0.0697948
0.0626424
0.0836329
0.0776293
0.0700033
0.0629242
0.0840087
0.0778658
0.0699179
0.0627867
0.0837457
0.0775457
0.0700257
0.0628697
0.083894
0.0778842
0.070156
0.0630799
0.0838712
0.0778183
0.0701913
0.0631846
0.084165
0.0781524
0.0703991
0.0632477
0.084066
0.0780393
0.0702032
0.0629059
0.0838873
0.0777537
0.0699681
0.0627502
0.083605
0.0776835
0.0699972
0.0629238
0.0838056
0.0779212
0.0701264
0.0629684
0.0839666
0.0778653
0.0700667
0.0629975
0.08395
0.0778716
0.0701999
0.0631282
0.0840112
0.0778678
0.0699237
0.0628067
0.0839325
0.0773868
0.0697243
0.0627015
0.0836072
0.0773438
0.0696354
0.062654
0.0836674
0.0776023
0.0700214
0.0630222
0.0839811
0.0781468
0.0703927
0.0631581
0.0840248
0.0781086
0.0704179
0.0631612
0.0839916
0.0778905
0.0703911
0.0631761
0.0840889
0.0775526
0.0698548
0.0626899
0.0838084
0.0775413
0.069871
0.0627392
0.0836805
0.0777076
0.0701413
0.0629547
0.0838621
0.0777697
0.0701613
0.0630712
0.08403
0.0779354
0.0702536
0.0631763
0.0843121
0.0780754
0.0703602
0.0632585
0.0843226
0.0782983
0.0705972
0.0632752
0.0843065
0.0783478
0.0706891
0.0635653
0.0844659
0.0784017
0.070609
0.0633625
0.084149
0.0781347
0.0705317
0.0632755
0.0842838
0.0783803
0.0708398
0.0637781
0.0846644
0.0785273
0.0708491
0.0635713
0.0843974
0.078238
0.070629
0.0635617
0.0845855
0.0783572
0.0706055
0.0632947
0.0843346
0.0783298
0.0705536
0.0632797
0.0842406
0.0781421
0.0705958
0.0633516
0.0842478
0.0780847
0.0702858
0.0632369
0.0841386
0.0778278
0.0700831
0.0628969
0.0839832
0.0779959
0.0701356
0.0630533
0.0839233
0.0776957
0.0701491
0.063102
0.083941
0.0779596
0.0702696
0.0632572
0.0842255
0.0780378
0.070377
0.0631795
0.0842803
0.0781155
0.0703916
0.0633371
0.084109
0.0779836
0.0702887
0.0629059
0.0840442
0.0781373
0.0703557
0.0632122
0.0840723
0.0779055
0.0702169
0.0631905
0.0841122
0.0779247
0.0701973
0.0631007
0.0840959
0.077962
0.0703798
0.063362
0.0842219
0.0780363
0.0702229
0.0629817
0.084056
0.0778471
0.0701627
0.0630164
0.0841665
0.0780196
0.0702798
0.0631597
0.0841773
0.0779394
0.0701593
0.0630703
0.0840703
0.077929
0.0701643
0.0630778
0.0839904
0.0779612
0.070203
0.0630421
0.0840147
0.0779966
0.0704987
0.0633871
0.084353
0.0782653
0.0706197
0.0633784
0.0843029
0.0781374
0.0703808
0.0632178
0.0840148
0.077962
0.0703406
0.0631164
0.0839832
0.0779695
0.0704589
0.0633873
0.0843922
0.0784531
0.070646
0.0634288
0.0842604
0.0782676
0.0705089
0.0635079
0.0843392
0.0784035
0.0707091
0.0636229
0.0844895
0.0783394
0.0706029
0.0632913
0.0842745
0.0780772
0.0703509
0.0631884
0.0841235
0.0777379
0.0700591
0.0628633
0.0840355
0.0777151
0.0699314
0.0630176
0.0840467
0.0779613
0.0703896
0.0632167
0.0842466
0.0780018
0.0702378
0.0631512
0.0841765
0.0780976
0.0704041
0.0632989
0.0843777
0.0784008
0.0707088
0.0633291
0.0842882
0.0780866
0.0702606
0.0632385
0.0841146
0.0781109
0.0704611
0.0631829
0.0841648
0.0779873
0.0703725
0.0633321
0.0844252
0.0781613
0.0701026
0.0627938
0.083803
0.0774829
0.0696655
0.0626879
0.0837016
0.0773643
0.0697796
0.0628813
0.0839011
0.0779675
0.0703116
0.0631058
0.0839648
0.0778738
0.0702125
0.0633368
0.0843165
0.0782539
0.0704728
0.0632508
0.0841961
0.0780066
0.0703005
0.0630647
0.084108
0.0781088
0.0702361
0.0631706
0.0841536
0.0781684
0.0703768
0.0634889
0.0843767
0.0784386
0.0703942
0.063193
0.0838784
0.0776518
0.0701089
0.063031
0.0839873
0.0779651
0.0702681
0.062972
0.0838967
0.0777535
0.0701407
0.0627432
0.0838731
0.0775655
0.069886
0.062802
0.0838044
0.0777377
0.0700112
0.0628717
0.084042
0.0780791
0.0700327
0.0631018
0.084025
0.077904
0.0701598
0.0632231
0.0842526
0.0779509
0.0703226
0.0631253
0.0842928
0.0781896
0.0703537
0.0632386
0.0840997
0.0777667
0.0700363
0.0627491
0.0837257
0.0774941
0.0697898
0.0629379
0.084005
0.0779976
0.0701738
0.0629532
0.0840605
0.0779196
0.0702705
0.0630782
0.0841288
0.0779103
0.0702237
0.0632257
0.0842687
0.0781448
0.0701859
0.0629199
0.0837692
0.0774928
0.0698661
0.0628561
0.0838749
0.0779296
0.0702617
0.0632362
0.0841691
0.0779837
0.0702038
0.0629524
0.0838577
0.0777458
0.0702758
0.063063
0.0837616
0.077663
0.0701263
0.0628897
0.0837533
0.0776164
0.0698472
0.0625633
0.0836197
0.0776983
0.0700878
0.0629503
0.0839388
0.0777927
0.0702312
0.0632234
0.084255
0.0782146
0.0706254
0.063503
0.0844543
0.0783624
0.0704194
0.0633561
0.0842092
0.0779904
0.0702379
0.0632547
0.0841775
0.0780749
0.0701304
0.0630311
0.0839277
0.0780162
0.0704824
0.0632685
0.0841179
0.0778936
0.0702202
0.0631777
0.0840871
0.0779608
0.0699425
0.0629096
0.0837652
0.0778257
0.0699707
0.0629556
0.0837767
0.077473
0.0697469
0.0625906
0.0835391
0.0776177
0.0699236
0.0629537
0.0839522
0.0777282
0.0701546
0.0630461
0.0838763
0.0779148
0.070252
0.062849
0.083764
0.0777293
0.0700527
0.0626712
0.083659
0.077753
0.0699824
0.0628945
0.0838356
0.0777638
0.0700455
0.0630015
0.0839541
0.0776337
0.0701747
0.0631593
0.0839446
0.0778592
0.07007
0.0630285
0.0840188
0.077815
0.0699708
0.0628795
0.0838303
0.0778467
0.0702363
0.0630583
0.0841148
0.0780472
0.0702438
0.0631451
0.0839789
0.0780794
0.070379
0.0632816
0.0842954
0.078204
0.0704717
0.0631516
0.0840657
0.0778047
0.0698981
0.0627157
0.0836846
0.0776647
0.0698262
0.0627624
0.0836245
0.0776927
0.0700089
0.0629249
0.0838953
0.0777837
0.0701866
0.0631051
0.0840694
0.0777391
0.07028
0.062963
0.083912
0.0777396
0.0700178
0.0626255
0.0834492
0.0773157
0.069423
0.0621269
0.0831903
0.0773289
0.0695842
0.0624811
0.0833627
0.0773908
0.069538
0.0624969
0.0836646
0.0775209
0.0699591
0.0628055
0.0838026
0.0776021
0.0698876
0.0627595
0.0839262
0.0776548
0.070015
0.0629502
0.0838897
0.0776675
0.0699658
0.063016
0.0839917
0.0779117
0.0701375
0.0629904
0.0840251
0.0778077
0.0700461
0.0629431
0.0837777
0.0777092
0.0701415
0.0629953
0.083933
0.0780897
0.0704954
0.0634706
0.0844183
0.0784008
0.07047
0.0634035
0.0843067
0.078109
0.0704372
0.0632724
0.0842979
0.0783128
0.0706267
0.0635275
0.0844556
0.0783431
0.0706112
0.0633647
0.0842937
0.0778375
0.0701452
0.0631317
0.0841077
0.078191
0.0703279
0.0631962
0.0841016
0.0776946
0.0700887
0.063062
0.0840121
0.0781763
0.0703589
0.0630747
0.0838887
0.0776351
0.0699084
0.0625367
0.0835499
0.0774133
0.0699214
0.0629099
0.0840112
0.0777353
0.0700247
0.0628702
0.0839524
0.0779691
0.0701547
0.0629417
0.0841447
0.0778566
0.0700442
0.0629188
0.0838784
0.077637
0.0701444
0.063051
0.0840302
0.0780464
0.0705248
0.0634103
0.0841864
0.0781333
0.0703244
0.0630047
0.0839251
0.0777249
0.0698743
0.0626785
0.0836751
0.0776812
0.0700872
0.0627643
0.0836593
0.07764
0.0701029
0.0627468
0.0836869
0.0777627
0.0698602
0.0628725
0.0838874
0.0777634
0.0700908
0.0629205
0.0838474
0.0779155
0.0703319
0.0631911
0.0841824
0.0782491
0.0704694
0.0634853
0.084329
0.0779704
0.0704197
0.0632466
0.0842256
0.0778239
0.0700257
0.0630652
0.0840566
0.0779574
0.0703573
0.0632601
0.0841426
0.0779184
0.0701507
0.0630742
0.0841871
0.0779299
0.0701332
0.0632584
0.084089
0.0777452
0.0701738
0.0630088
0.0839168
0.0779166
0.0703288
0.0633304
0.08421
0.0780336
0.0701383
0.0629675
0.0839924
0.077809
0.0700622
0.0628327
0.0838882
0.0776949
0.0698629
0.06279
0.0835831
0.0775676
0.0696928
0.0625865
0.0836811
0.0776334
0.0699817
0.0630038
0.0841258
0.0780216
0.070239
0.0630656
0.0839331
0.0778736
0.0702618
0.0630924
0.0840292
0.0779773
0.0703908
0.0632598
0.0842044
0.0781393
0.0703354
0.0630453
0.0840235
0.077737
0.069861
0.0628292
0.0839529
0.078038
0.0704608
0.0630563
0.0839901
0.0778318
0.0699925
0.0627357
0.0837026
0.077666
0.0699909
0.0627008
0.0838235
0.0777632
0.0701656
0.0629273
0.0837827
0.0777614
0.0701869
0.0630497
0.0841741
0.0779758
0.070341
0.0631824
0.0840441
0.0777871
0.0702277
0.0631749
0.0841517
0.0781561
0.0700967
0.0630004
0.0839672
0.0775619
0.0700187
0.0629513
0.0841076
0.0779856
0.0702678
0.0630721
0.0838546
0.0776193
0.0698562
0.0627426
0.0837881
0.0776158
0.0698737
0.0627791
0.0837968
0.0777241
0.0698986
0.0626835
0.0837315
0.0776984
0.0700037
0.062856
0.0838258
0.0775782
0.0699301
0.0628141
0.083816
0.0777465
0.070144
0.0630857
0.0841453
0.0780667
0.0703161
0.0631672
0.0839691
0.0778113
0.0700644
0.0629414
0.0839806
0.0779039
0.0702964
0.0632578
0.084237
0.0782069
0.070611
0.0632239
0.0841797
0.0781504
0.0705326
0.0634865
0.0844288
0.0782878
0.0705767
0.0632632
0.0841984
0.0780074
0.0702011
0.0633289
0.0843659
0.0782636
0.0705321
0.0633087
0.0842097
0.0779688
0.0702842
0.0631257
0.0842038
0.0782487
0.0706309
0.0633661
0.0843841
0.0780801
0.0704223
0.0633946
0.0843071
0.0781763
0.0706258
0.0633548
0.0843938
0.0781559
0.0705087
0.0633499
0.0841322
0.0776037
0.0698596
0.0626815
0.0835158
0.0775078
0.0699553
0.0629831
0.0840015
0.078063
0.0703904
0.0630973
0.0840969
0.078066
0.0702936
0.0631395
0.0841226
0.0779087
0.0702606
0.0631982
0.0841138
0.0780479
0.0701997
0.0630163
0.0840196
0.0780688
0.0703119
0.0632626
0.0842043
0.078107
0.0703924
0.0633461
0.0843631
0.0781372
0.0702648
0.0631432
0.0841606
0.0779264
0.0704378
0.0632275
0.0842003
0.0777267
0.0702058
0.0630104
0.0838141
0.077804
0.0700416
0.0629744
0.0840989
0.0779513
0.0702309
0.0629787
0.0839971
0.0778578
0.0700627
0.062996
0.0840549
0.0778719
0.0701292
0.0630222
0.0840912
0.0779492
0.0702641
0.0630486
0.0840722
0.0780872
0.0704178
0.0633985
0.084344
0.0782387
0.0704122
0.0632459
0.0840654
0.0779445
0.0703031
0.063276
0.0841003
0.0781046
0.0704047
0.0633368
0.0840969
0.0780455
0.0701648
0.063122
0.0842062
0.0779475
0.0699347
0.0628262
0.0837661
0.0776318
0.0698128
0.0627401
0.083559
0.0774211
0.0697064
0.0626993
0.0836655
0.0775059
0.0698996
0.062533
0.0835771
0.0775876
0.0698425
0.062565
0.0834503
0.0772428
0.0695311
0.0623497
0.0834389
0.0773797
0.0697414
0.0626998
0.0836812
0.0777245
0.0700452
0.0630396
0.0839998
0.0779537
0.0701585
0.0631287
0.0841084
0.0780813
0.0705764
0.0633335
0.0841404
0.0781617
0.070427
0.0630772
0.0841399
0.0779125
0.0702898
0.0629936
0.0837784
0.0777509
0.0700742
0.0628317
0.0838825
0.0779588
0.0704116
0.0633247
0.0844164
0.0782484
0.0705845
0.0634095
0.0841965
0.077988
0.0702629
0.0631472
0.08419
0.0780797
0.0702916
0.0632708
0.0840781
0.0778605
0.0702093
0.0629878
0.0838467
0.0778086
0.0699766
0.0628836
0.083734
0.0777564
0.0699827
0.0629451
0.0837587
0.0777158
0.069942
0.0628417
0.0838186
0.077842
0.0701356
0.0630065
0.0840389
0.077987
0.0703047
0.0632718
0.084088
0.0779131
0.0702481
0.0632488
0.0841637
0.0781058
0.0702276
0.0630076
0.0840187
0.0781382
0.0704338
0.0632616
0.0842655
0.0780498
0.0703778
0.0631892
0.0841862
0.0780644
0.0703176
0.0629774
0.083944
0.0778799
0.0700912
0.0631399
0.0840331
0.0778317
0.0700025
0.0628381
0.0838922
0.0778459
0.0700634
0.0628481
0.0837802
0.0777038
0.0699562
0.0628721
0.0838682
0.0778031
0.0702406
0.0633213
0.0842981
0.0783379
0.0705857
0.0634067
0.0844418
0.0782304
0.0704879
0.0632331
0.0842273
0.0780292
0.070158
0.0629506
0.0837541
0.0777514
0.0702622
0.0631857
0.0840887
0.0779027
0.0702255
0.0631702
0.084165
0.0781931
0.0704103
0.0633456
0.0842819
0.0782633
0.0705408
0.0632013
0.0840344
0.0776835
0.0699738
0.0628562
0.0837913
0.0777062
0.0700194
0.0630166
0.0838945
0.0777667
0.0700021
0.0628455
0.083792
0.077765
0.0701603
0.0631414
0.0840313
0.0779789
0.0701504
0.063044
0.0840461
0.0780648
0.0703441
0.0629834
0.0840605
0.0778164
0.0702189
0.0630005
0.0839711
0.0780965
0.0703002
0.0631022
0.0841344
0.0781047
0.0703458
0.0631945
0.0839924
0.0778813
0.0704151
0.0633293
0.0842619
0.0780322
0.0701622
0.0630305
0.0841307
0.0779797
0.070116
0.0630683
0.084074
0.0779889
0.0705028
0.0631721
0.0841564
0.0779206
0.0699322
0.0628252
0.0837861
0.0777253
0.0699873
0.0628196
0.0837823
0.0776937
0.0700471
0.0629232
0.083932
0.0779823
0.0701688
0.0628389
0.0839036
0.077704
0.06993
0.0626844
0.0837183
0.077588
0.0700519
0.0629017
0.0838177
0.0776132
0.0698584
0.0626332
0.0834874
0.0777788
0.0700135
0.0629509
0.0839292
0.0780132
0.0703828
0.0632439
0.0841013
0.0778214
0.070103
0.0629701
0.0838172
0.0779714
0.0702058
0.0631657
0.0840043
0.0777709
0.0702191
0.0630157
0.0840585
0.0781795
0.0704595
0.0633591
0.0842249
0.0781469
0.0705295
0.0631956
0.0842518
0.0780791
0.0703858
0.0631816
0.084119
0.0781065
0.0703863
0.0632093
0.0842899
0.0781608
0.0703855
0.0630041
0.0838101
0.077757
0.0701061
0.0630957
0.0841193
0.0780362
0.0703077
0.0631213
0.0841003
0.0781318
0.0704129
0.0632651
0.0841179
0.078197
0.0703454
0.0631415
0.0840841
0.0782059
0.0702064
0.0629682
0.0839261
0.0778041
0.0698699
0.0627407
0.0836727
0.0777228
0.0699902
0.062845
0.0838137
0.0775592
0.0699952
0.0628763
0.0839343
0.0777522
0.0701233
0.0630609
0.084138
0.0779309
0.0702021
0.0631397
0.0839929
0.0779115
0.0703237
0.0633514
0.0843014
0.0783354
0.0704779
0.0631242
0.0841671
0.0780184
0.0701766
0.0631162
0.0840581
0.0779774
0.0702479
0.0631609
0.0840023
0.0778871
0.0702172
0.0630578
0.0839941
0.0776521
0.0700321
0.0627713
0.0837926
0.0778668
0.070158
0.0629182
0.0841122
0.0780845
0.0702977
0.0631084
0.0839253
0.0778177
0.0701233
0.0629454
0.0840477
0.0779437
0.07026
0.0632418
0.084122
0.0779823
0.0702561
0.0631133
0.0840473
0.0780753
0.070386
0.0632131
0.0840499
0.0779268
0.0700719
0.0629311
0.0837642
0.0776285
0.0697036
0.0625259
0.0836515
0.0773913
0.0695877
0.0625176
0.0835886
0.0776458
0.0698657
0.0627423
0.0837257
0.0773543
0.0697875
0.0626675
0.083545
0.0774362
0.0698676
0.0628284
0.0838674
0.0778061
0.070253
0.0629597
0.0838635
0.0775231
0.0697462
0.0626112
0.0834714
0.0775529
0.0700409
0.0626688
0.083723
0.0777782
0.0700679
0.0630249
0.0839822
0.0777496
0.0700551
0.062948
0.0840583
0.0778361
0.0700793
0.0629688
0.0838759
0.0777577
0.0697947
0.062749
0.0839138
0.0780156
0.0703708
0.0632473
0.0839048
0.0778238
0.0701416
0.0630694
0.0839745
0.0778567
0.0700564
0.062921
0.0838735
0.0775235
0.070042
0.0629737
0.0838172
0.0778524
0.070234
0.0629518
0.0840501
0.0779468
0.0702681
0.0631402
0.0840058
0.0779192
0.0699525
0.0628363
0.0838075
0.0777372
0.069959
0.0626724
0.0837172
0.0776428
0.0698158
0.0627224
0.0835782
0.0775666
0.0698368
0.0628339
0.083669
0.0776466
0.0696562
0.0628542
0.0839532
0.0779512
0.0701099
0.0630588
0.0839597
0.0779832
0.0702678
0.0632352
0.0842439
0.0781843
0.0703555
0.0632942
0.0842994
0.0782195
0.0703911
0.0632231
0.0841015
0.0779831
0.0702099
0.0629008
0.0837747
0.0777231
0.0700574
0.0631188
0.0839184
0.0779439
0.0701507
0.0630077
0.0839806
0.0777395
0.0701123
0.0630897
0.0841738
0.078115
0.0702928
0.0631509
0.0841783
0.0782047
0.0704639
0.0631414
0.083993
0.0776681
0.0702002
0.0629652
0.0838126
0.0778354
0.0699463
0.0629719
0.0839511
0.0775278
0.069968
0.0627502
0.0837065
0.077561
0.0696967
0.0626049
0.0837424
0.0778623
0.0701406
0.0631653
0.0840948
0.0781884
0.0703121
0.0631255
0.0838935
0.0778035
0.0699704
0.0627466
0.0835424
0.077481
0.0696046
0.0626514
0.0835743
0.0775768
0.0699348
0.0628768
0.0838477
0.0777427
0.0701006
0.0629209
0.0839526
0.0779275
0.0703109
0.0631582
0.0840418
0.0780127
0.0703528
0.0630985
0.0841475
0.077933
0.0702708
0.0631067
0.0841506
0.0777797
0.0701662
0.062973
0.0840296
0.0779531
0.0700766
0.0628
0.0835487
0.0776258
0.0699394
0.0628893
0.0838706
0.0778763
0.0700848
0.0629482
0.0839609
0.077906
0.0703665
0.0633305
0.0841883
0.0782048
0.0705515
0.0633601
0.084396
0.0783053
0.070354
0.0631193
0.0841627
0.0782284
0.0703054
0.0630591
0.0840621
0.0778845
0.0701063
0.0629317
0.0838476
0.0776735
0.0700683
0.0629615
0.0838724
0.0779442
0.0701821
0.0631325
0.0841015
0.0779508
0.070234
0.0631737
0.0841656
0.077937
0.0702368
0.063002
0.0841008
0.0779216
0.0701487
0.062777
0.0837178
0.0777061
0.0699377
0.062574
0.0836192
0.0774416
0.0696987
0.0625795
0.0834936
0.0774618
0.069871
0.0627136
0.083638
0.077345
0.0695325
0.0624408
0.0835191
0.0775649
0.0700366
0.0630228
0.0839186
0.077639
0.0698379
0.062783
0.0834783
0.0774203
0.0698365
0.0626974
0.083496
0.0774789
0.0697744
0.0626038
0.0836506
0.0776494
0.0697791
0.062739
0.0836229
0.0776187
0.0699376
0.0627695
0.0836002
0.0772514
0.0696276
0.0624959
0.0835598
0.0777184
0.0700881
0.0628533
0.083742
0.0776659
0.0700039
0.0631607
0.0841799
0.0781051
0.0702941
0.0632293
0.0841357
0.0777992
0.0701262
0.0629383
0.0837969
0.0777534
0.0697284
0.0626234
0.0836806
0.0775391
0.070172
0.063195
0.0840541
0.0780475
0.0704432
0.0633993
0.0843114
0.0781034
0.0704717
0.0632775
0.0841823
0.0781484
0.0705494
0.0635561
0.0844924
0.0784638
0.0705367
0.0634652
0.0842957
0.0781292
0.0704967
0.0632473
0.0842471
0.0778878
0.0703403
0.0632393
0.0841976
0.0781776
0.0705215
0.0634437
0.0842236
0.0778298
0.0700984
0.0628327
0.083841
0.0778361
0.0700397
0.0629345
0.0838394
0.0778865
0.0703603
0.0633539
0.0842766
0.0778941
0.0701807
0.0632207
0.0840179
0.077949
0.0702942
0.0631679
0.0842911
0.0781481
0.0700557
0.0628791
0.0838063
0.0778419
0.0700694
0.0630856
0.0840342
0.0778279
0.0699724
0.0626831
0.0837137
0.0778319
0.0701745
0.0632003
0.0840132
0.0779277
0.07014
0.0629697
0.0838717
0.0778227
0.0700976
0.062874
0.0839498
0.0779505
0.0702155
0.0630839
0.0840091
0.0777203
0.0702523
0.0631525
0.0840526
0.0780269
0.0703133
0.0630581
0.0840672
0.0779398
0.070108
0.0630586
0.0840131
0.0779317
0.0702593
0.0629017
0.0838232
0.077712
0.0699514
0.0628063
0.0837295
0.0777103
0.0699045
0.0626962
0.0837568
0.07773
0.0699705
0.0630197
0.0840452
0.0780316
0.0704618
0.063264
0.084219
0.0782384
0.0705281
0.0634105
0.0843453
0.0782629
0.0705581
0.0634992
0.0844054
0.0783543
0.0704182
0.0633038
0.0841033
0.0779212
0.070543
0.0632998
0.0842087
0.0779374
0.0700662
0.0629535
0.0837886
0.0777802
0.0698667
0.062897
0.083896
0.0780089
0.0703043
0.0630898
0.0840179
0.0779182
0.070057
0.0631194
0.0842112
0.0780682
0.0702846
0.0631108
0.0841
0.0778233
0.0701132
0.0627217
0.0836192
0.0777284
0.0699237
0.0625394
0.083579
0.0776226
0.0695163
0.0627089
0.0836011
0.0774662
0.0699031
0.0629363
0.0839109
0.077842
0.0701949
0.0630676
0.0840938
0.0780415
0.0703322
0.0632658
0.0841642
0.077949
0.0700297
0.0630074
0.0839309
0.0780617
0.0699539
0.0629611
0.0839718
0.077634
0.0698857
0.0628578
0.0839318
0.0779108
0.0700313
0.0630309
0.083906
0.077891
0.0703948
0.0631913
0.0841297
0.0779392
0.0703988
0.0632288
0.0842283
0.078129
0.0704895
0.0632937
0.0844149
0.0783716
0.0707068
0.0633373
0.0843823
0.0780036
0.0702638
0.0631281
0.0843237
0.0782307
0.0704413
0.0633781
0.0844916
0.0783502
0.0707202
0.0635669
0.0845705
0.0785438
0.0707824
0.0635848
0.0844437
0.0784498
0.0706631
0.06343
0.0844587
0.0781867
0.0704072
0.0630406
0.0840366
0.0778205
0.0700152
0.062864
0.0839578
0.0777961
0.0702973
0.0631522
0.0841942
0.0780915
0.0701343
0.0627217
0.0836955
0.077583
0.0698581
0.0626844
0.0834765
0.0775369
0.069936
0.0628026
0.083783
0.0775866
0.069792
0.0625892
0.0834981
0.0774299
0.0700498
0.0629765
0.0839572
0.0779496
0.0700416
0.0629275
0.0838364
0.077943
0.0701618
0.0629101
0.0838037
0.0778427
0.0700044
0.062788
0.0837498
0.0778609
0.0702316
0.0632496
0.0842936
0.0782054
0.0705645
0.0634343
0.0842643
0.0781975
0.0704329
0.0633963
0.0843195
0.078219
0.0705614
0.0633677
0.0842798
0.0781289
0.070389
0.0631504
0.0840865
0.0780978
0.0703253
0.0631244
0.0840978
0.0780372
0.0701729
0.0630581
0.0840863
0.0779536
0.0702881
0.0630585
0.0841591
0.0779219
0.0704753
0.0632141
0.0841383
0.0778824
0.0700359
0.0630135
0.0841506
0.0778002
0.0700369
0.0629229
0.0839907
0.0778196
0.0699666
0.0629151
0.0838291
0.0775998
0.0700076
0.062799
0.0837058
0.0773285
0.0698352
0.062913
0.0838705
0.0778463
0.0700283
0.0630308
0.0840053
0.0778055
0.0700117
0.0627778
0.0837144
0.0778807
0.070007
0.0628916
0.0840329
0.0781585
0.0701784
0.0631333
0.0842701
0.0780256
0.0703039
0.0628129
0.0837026
0.0772017
0.069766
0.0628171
0.0837439
0.0774355
0.0694655
0.0624741
0.0836568
0.0775197
0.0696279
0.0625901
0.0837462
0.0774212
0.0698445
0.0627662
0.0839073
0.0776208
0.0699492
0.0629064
0.0839114
0.0776743
0.0698571
0.0628617
0.0838904
0.0778826
0.0702346
0.0630516
0.0839517
0.0778846
0.0702245
0.0629511
0.0838074
0.0776525
0.0700771
0.0628484
0.0839542
0.0775832
0.0701376
0.0628763
0.0839178
0.0778923
0.0703022
0.0632346
0.0842378
0.077975
0.0701602
0.0632825
0.0841183
0.0780951
0.0704368
0.0630708
0.084117
0.0778421
0.0700773
0.0631035
0.083897
0.0775381
0.0699831
0.0629579
0.0837833
0.077721
0.0698878
0.0629819
0.0839695
0.07802
0.0703701
0.0631415
0.0840319
0.0781004
0.070217
0.0632184
0.0841189
0.0781244
0.0701812
0.0629918
0.0839318
0.0777529
0.0701834
0.0629045
0.0839584
0.0778406
0.070301
0.0630769
0.0840774
0.078004
0.0703041
0.0632863
0.0842755
0.0781802
0.0705434
0.0632682
0.0840664
0.0778028
0.0700715
0.0631671
0.0841286
0.0783057
0.0707938
0.063545
0.0843943
0.0780041
0.0703995
0.0633179
0.084105
0.0781754
0.0706036
0.0633175
0.0844516
0.0781395
0.0701668
0.0629522
0.0839712
0.0776985
0.0701243
0.0629944
0.0840049
0.0779715
0.0701346
0.0628905
0.0839169
0.0777114
0.0701145
0.0629489
0.0839251
0.0778326
0.0700032
0.0628759
0.083805
0.0778474
0.0699424
0.0626678
0.0836228
0.0777644
0.0701543
0.0629974
0.0840727
0.0780056
0.070323
0.0631413
0.084162
0.0781991
0.0704329
0.0632904
0.0843712
0.078279
0.0705747
0.0632997
0.0842243
0.0781478
0.0703447
0.063384
0.0842409
0.0781407
0.0701436
0.0631217
0.0840232
0.0779064
0.0701822
0.0631742
0.08403
0.0779375
0.0700235
0.0629557
0.0839024
0.0775787
0.0699123
0.0626931
0.0837749
0.0777073
0.0700012
0.0626898
0.0837009
0.0775867
0.0699127
0.0628946
0.0837766
0.0776946
0.0700478
0.0628215
0.0835489
0.0775827
0.0698765
0.0625912
0.0835399
0.0772202
0.0696836
0.0626635
0.0836434
0.0776878
0.0701423
0.06296
0.083895
0.0776976
0.0698528
0.0629206
0.0838987
0.0777004
0.0700952
0.0629537
0.0839245
0.0778635
0.0702136
0.0629007
0.0837941
0.0775466
0.0697574
0.0628139
0.0839597
0.0778177
0.0698903
0.0628497
0.0837375
0.0776015
0.06987
0.0628803
0.0838011
0.0778175
0.0698288
0.0626154
0.083652
0.0777905
0.070027
0.0631233
0.0841424
0.0780212
0.070154
0.0630477
0.0840676
0.0781247
0.0702784
0.0631829
0.084038
0.0781047
0.0704541
0.0634079
0.084177
0.0782478
0.0705058
0.0632276
0.0839556
0.0776956
0.0699622
0.0628062
0.0836522
0.0773763
0.0695496
0.0625498
0.0834935
0.0777321
0.069923
0.0629622
0.0839691
0.0776293
0.0699214
0.0628427
0.0838327
0.0778797
0.0703815
0.0630976
0.0841149
0.0782157
0.0704375
0.063213
0.0842021
0.0779562
0.0703858
0.0632028
0.0840964
0.0779871
0.0703762
0.0632775
0.0841493
0.0779083
0.0702442
0.0630698
0.0839512
0.077912
0.0702052
0.063183
0.0841433
0.0781536
0.0704619
0.0632077
0.0841906
0.0779556
0.0701732
0.0628761
0.0838501
0.077806
0.0700365
0.0629674
0.0838948
0.0776568
0.070081
0.0629013
0.0837799
0.0778902
0.0701464
0.0629919
0.0838244
0.0775819
0.0699321
0.0629067
0.0837549
0.077501
0.0695508
0.0624841
0.0835251
0.0775209
0.0697748
0.0627566
0.0836975
0.0777094
0.0699753
0.062915
0.0839676
0.0776468
0.0699425
0.0629754
0.0839603
0.0780588
0.0703265
0.0630114
0.0839218
0.0780366
0.0702676
0.0631248
0.0841192
0.0779907
0.0704704
0.063386
0.0843464
0.0782122
0.070396
0.0631485
0.084143
0.0782549
0.0703978
0.0632543
0.084273
0.0781069
0.0704652
0.0634495
0.0843984
0.078179
0.0704971
0.0633883
0.0843782
0.0782294
0.0705511
0.0634406
0.084094
0.0777752
0.0701
0.063087
0.0840556
0.0780197
0.0703109
0.0632209
0.0841982
0.0777604
0.0702152
0.0630877
0.084132
0.0777762
0.0700607
0.0629312
0.0838137
0.0776587
0.0698775
0.0628604
0.0839162
0.0776318
0.0700358
0.0630274
0.084144
0.0780558
0.0705263
0.0633329
0.0843004
0.078122
0.0703121
0.0632393
0.0842866
0.0781487
0.0707012
0.0635419
0.0845129
0.0782683
0.0705506
0.0633909
0.0841948
0.0779016
0.0699879
0.0628576
0.083929
0.0778965
0.070145
0.0628932
0.0840749
0.077945
0.0703045
0.0631435
0.0841837
0.0778879
0.070104
0.0629847
0.0840886
0.0779784
0.0702976
0.06314
0.0840572
0.0780696
0.070492
0.0633249
0.084225
0.0782151
0.0705519
0.063301
0.084207
0.0781214
0.0703049
0.0632388
0.084094
0.0781677
0.0703656
0.0632428
0.084018
0.0776511
0.0700116
0.0629655
0.0840495
0.0779052
0.0702733
0.0632354
0.0841983
0.077936
0.070316
0.063045
0.0839121
0.0776154
0.0696438
0.062524
0.0835661
0.0774711
0.0695989
0.0625514
0.0836335
0.0777624
0.0699297
0.062878
0.0839016
0.0777731
0.0701673
0.0629975
0.0838742
0.0776661
0.0698513
0.0626199
0.0835924
0.077742
0.0701031
0.0629327
0.0840126
0.0778058
0.0700928
0.0630058
0.0840095
0.0779251
0.0702512
0.0631246
0.0840828
0.0781825
0.0705773
0.0634067
0.0845002
0.0783252
0.070582
0.0635023
0.0844312
0.0779043
0.0704289
0.0632294
0.0842714
0.0782154
0.0702703
0.0632149
0.0842344
0.0778478
0.0701826
0.0630989
0.0839877
0.0777389
0.0700141
0.0630111
0.0839667
0.0777324
0.0699943
0.0628662
0.0837787
0.0777171
0.0700317
0.0629665
0.0838653
0.0778314
0.0698695
0.0630079
0.0840693
0.0779519
0.0700975
0.0629478
0.0838991
0.0779145
0.0702493
0.0629181
0.0839553
0.0779182
0.0703389
0.0632002
0.0841368
0.0779587
0.0700666
0.0629737
0.0840002
0.0778038
0.0699025
0.0628239
0.0838885
0.0779633
0.0702159
0.0630809
0.0839101
0.0780912
0.0700137
0.0627921
0.0837356
0.077666
0.0698823
0.062911
0.0837923
0.077716
0.0700172
0.0628837
0.0840314
0.0777698
0.0700871
0.0627957
0.0837105
0.0777178
0.0700506
0.0629094
0.0840934
0.0780038
0.0702387
0.0630211
0.083972
0.0777503
0.069966
0.0628769
0.0838725
0.0778375
0.0701522
0.06314
0.0840885
0.0780129
0.0701796
0.0631283
0.0841234
0.078042
0.070212
0.0632706
0.0842527
0.078304
0.0707245
0.0634289
0.0842324
0.0781732
0.0705302
0.0631216
0.084087
0.0778699
0.0699956
0.0628792
0.0838419
0.0776212
0.0699247
0.0626829
0.0837126
0.077738
0.0697398
0.0625314
0.0834767
0.0774831
0.0697065
0.0627031
0.0837259
0.0778265
0.0701268
0.062999
0.0839387
0.0778701
0.0701847
0.0631186
0.0839855
0.0779446
0.070346
0.0631443
0.083888
0.0776183
0.0699473
0.0629555
0.0837932
0.0776429
0.0697754
0.0627097
0.083724
0.077664
0.0696597
0.0624573
0.0835218
0.0774958
0.0698112
0.0627304
0.0837457
0.0776409
0.0701014
0.0627988
0.0837906
0.0775636
0.0697186
0.0626745
0.0837376
0.0775229
0.0698429
0.0628138
0.0838112
0.0775496
0.0699743
0.0628118
0.0837285
0.0776354
0.0698621
0.0627508
0.0835959
0.0774663
0.0697235
0.0627602
0.0837244
0.0778105
0.0700543
0.0629788
0.0838798
0.0779511
0.0703199
0.0632227
0.0842974
0.0780793
0.0701155
0.062985
0.0838057
0.0776504
0.0700925
0.0629974
0.0839686
0.0778994
0.0700959
0.0631356
0.0842635
0.0783486
0.0706686
0.0634573
0.0844879
0.0783514
0.0703695
0.0633161
0.0843752
0.0782426
0.0703997
0.0633916
0.0843949
0.0781553
0.0704015
0.0632223
0.0842592
0.0780359
0.0703402
0.0631688
0.0840309
0.0780462
0.0703342
0.063317
0.084276
0.0779241
0.0701799
0.0630547
0.0839473
0.0778854
0.0702945
0.0631904
0.0840388
0.0779036
0.0701001
0.0630534
0.0839321
0.0779226
0.070228
0.0630918
0.0840549
0.0781122
0.0706265
0.0633398
0.084124
0.0779167
0.0700908
0.0628976
0.0838744
0.0777311
0.0698719
0.0627138
0.0835779
0.0775242
0.0700292
0.0627386
0.0837444
0.0776837
0.0698058
0.0628374
0.0838816
0.0778668
0.0700959
0.0629465
0.0839265
0.077966
0.0701681
0.0629029
0.0838606
0.0778281
0.0702857
0.0631461
0.0840841
0.0778796
0.0701072
0.0631205
0.0839612
0.0780649
0.0702104
0.063037
0.0839239
0.0777682
0.0699088
0.0625488
0.08358
0.0776174
0.0699205
0.0626675
0.0838522
0.0777751
0.0699749
0.0628873
0.0839365
0.0778021
0.0701324
0.0631012
0.0839548
0.0779734
0.070138
0.0630759
0.0839888
0.0777202
0.0698833
0.0629161
0.0840479
0.0779866
0.0704245
0.0632634
0.0842513
0.0778916
0.0701556
0.0629802
0.08386
0.0777732
0.0701791
0.0628701
0.0839958
0.0781133
0.0703376
0.0632998
0.084292
0.0781522
0.070452
0.0632551
0.084102
0.0780257
0.0702585
0.0630525
0.083957
0.0777886
0.0701401
0.063025
0.0842439
0.0782632
0.0704851
0.0633239
0.0842406
0.0781465
0.0705047
0.0633784
0.0842993
0.0783042
0.0703897
0.0631602
0.0842589
0.0781031
0.0703004
0.0631497
0.0840388
0.0778554
0.0703354
0.0633356
0.0844015
0.078245
0.0705936
0.0634488
0.0844127
0.0780446
0.070403
0.0632689
0.0843371
0.0781661
0.0702842
0.0630538
0.0838727
0.0776678
0.0700178
0.0627591
0.0837315
0.0777721
0.0701819
0.0629859
0.0837997
0.0777503
0.0701325
0.0628241
0.0837849
0.0776655
0.0699282
0.0628608
0.0836971
0.0777215
0.0698987
0.0626584
0.0837218
0.0775011
0.0699752
0.0629884
0.0840119
0.0779519
0.0701792
0.0629781
0.0839596
0.0779629
0.0702972
0.0631295
0.0842138
0.0779371
0.0704583
0.0633389
0.0843193
0.0781814
0.0703568
0.0631128
0.0838576
0.077741
0.0701017
0.0630514
0.0839187
0.0775723
0.0699046
0.0626868
0.0836776
0.0776151
0.0699196
0.0627456
0.0837406
0.0777495
0.0698465
0.0627295
0.0837422
0.0776286
0.0699404
0.0628937
0.0840277
0.0780935
0.0700865
0.0628742
0.0837886
0.0776361
0.0697369
0.0627667
0.0837804
0.0778261
0.0701359
0.0630111
0.0841008
0.0778991
0.0702304
0.0629487
0.0838637
0.0778916
0.0701075
0.062929
0.0838727
0.0777541
0.0701235
0.0629742
0.0839237
0.0778874
0.0702533
0.0632785
0.084087
0.0781241
0.0703898
0.0631655
0.0841277
0.0779773
0.0702191
0.0630463
0.0840631
0.0778719
0.0701149
0.0629732
0.0839126
0.0777745
0.0699787
0.0628819
0.0839581
0.0779488
0.070291
0.0632052
0.0842788
0.0780756
0.0703062
0.0632446
0.0841214
0.077715
0.069747
0.0625853
0.0835016
0.0772755
0.0696802
0.0625323
0.083283
0.0773004
0.0695424
0.0625154
0.0836392
0.0774681
0.069576
0.0625635
0.0836125
0.0774859
0.0698015
0.0627681
0.0837019
0.0776907
0.0699179
0.0625722
0.0836641
0.0774929
0.069627
0.0625762
0.0836404
0.0775258
0.0700316
0.062851
0.0839141
0.0777321
0.0701992
0.0629795
0.0838745
0.0777156
0.0700755
0.0629269
0.0840125
0.0778686
0.070309
0.0631833
0.0841817
0.0779804
0.0699903
0.0628701
0.0837282
0.0778975
0.0700341
0.0627422
0.0838147
0.0779418
0.070134
0.0630091
0.0840758
0.0779523
0.0700569
0.0628026
0.0838157
0.0776581
0.0698405
0.0627183
0.0837843
0.0776
0.0697554
0.0627325
0.0838334
0.0778089
0.0700502
0.0629039
0.0839837
0.0781352
0.0705329
0.0632212
0.0840391
0.0778915
0.0700549
0.0630787
0.0840658
0.0778704
0.0701627
0.0628993
0.0839157
0.077918
0.0701594
0.0629339
0.0838759
0.0777162
0.0699349
0.062923
0.0839819
0.0778007
0.0700262
0.062911
0.0840131
0.0780078
0.0703051
0.0630367
0.0840563
0.0779133
0.0701715
0.0629783
0.0839537
0.0780594
0.0700705
0.0630325
0.083982
0.0779211
0.0703283
0.0633364
0.0841608
0.0781995
0.0704851
0.0634903
0.0844453
0.0781912
0.0703143
0.0630715
0.0839963
0.0778585
0.0700965
0.0628127
0.0839194
0.0776053
0.0700236
0.0627165
0.0837214
0.0774198
0.0697089
0.0625933
0.0835678
0.0776692
0.0700125
0.0627009
0.0836728
0.0775233
0.0697282
0.0626668
0.083576
0.0774678
0.0698374
0.0629203
0.0839114
0.0777286
0.069981
0.062858
0.0837718
0.0775828
0.070009
0.062763
0.0837358
0.0774627
0.0698481
0.0628822
0.0838241
0.0777843
0.0700279
0.0628506
0.0837344
0.0777154
0.0700056
0.0628142
0.0837325
0.0778447
0.0698847
0.0626826
0.08349
0.0773767
0.0696291
0.0625634
0.0834216
0.0773532
0.0694732
0.0621365
0.0832101
0.0769583
0.0694776
0.0624682
0.0836153
0.0771792
0.0693652
0.0623676
0.0835372
0.0775379
0.0697656
0.0627314
0.0837398
0.0776437
0.069733
0.0627407
0.0838515
0.0777462
0.0698094
0.0628286
0.083899
0.0779835
0.0704955
0.0633032
0.0843561
0.0782998
0.0705821
0.0633584
0.0841089
0.0779664
0.0701843
0.063112
0.0840217
0.0779569
0.0701875
0.0630095
0.0840094
0.0780854
0.0703161
0.0630033
0.0840482
0.0778352
0.0704127
0.0632329
0.0840772
0.0778171
0.0703121
0.0630893
0.0841306
0.0779724
0.070209
0.0630763
0.0839619
0.0778105
0.0702822
0.0629901
0.0840536
0.0778433
0.0701894
0.0631335
0.084028
0.0778361
0.070111
0.0629878
0.0839774
0.0779414
0.0704159
0.0633024
0.0843034
0.0782037
0.0703137
0.0631623
0.0839838
0.0778725
0.0701419
0.0630909
0.0841257
0.0781706
0.0704324
0.0633792
0.0841965
0.0781444
0.070289
0.063327
0.084225
0.0780555
0.0703739
0.0632136
0.0842312
0.078161
0.0703235
0.0632241
0.0841671
0.0782235
0.0704242
0.0631486
0.0840746
0.0779207
0.0701208
0.0630236
0.0840733
0.0781385
0.070314
0.0632787
0.0842115
0.0780251
0.0704333
0.062941
0.0839189
0.077902
0.0701109
0.0629079
0.0838491
0.0778564
0.0699151
0.0626116
0.0836258
0.07772
0.0699753
0.062831
0.0836321
0.0775235
0.0698469
0.0626093
0.0836557
0.077786
0.070083
0.0629003
0.0839923
0.0776777
0.0699686
0.063028
0.0839508
0.0778815
0.0699773
0.0628903
0.0839124
0.0780229
0.0703685
0.0631365
0.0842431
0.0783251
0.0706861
0.0634034
0.0843525
0.078195
0.0703008
0.0633639
0.0842828
0.0782231
0.0704554
0.063407
0.0844105
0.0783072
0.0706539
0.0636075
0.0845052
0.0780713
0.0702224
0.0632843
0.0843347
0.0782239
0.0703244
0.0631568
0.0841262
0.0780787
0.0704311
0.0631967
0.0842205
0.0782171
0.0705675
0.0634061
0.084415
0.0782597
0.0705409
0.063426
0.0842996
0.0779617
0.0702895
0.0631696
0.0840943
0.0779975
0.0701724
0.0630267
0.0838851
0.0778613
0.0702043
0.0630195
0.0838652
0.077674
0.0700913
0.0628795
0.0839122
0.0777652
0.0699524
0.0629184
0.0837739
0.0777603
0.0701445
0.0629516
0.0838218
0.0777307
0.0699686
0.0627732
0.083752
0.077823
0.0701472
0.0630779
0.0842061
0.0778841
0.070307
0.0630933
0.0840556
0.0776866
0.0700359
0.0629024
0.0840061
0.0778311
0.0701607
0.0633011
0.0842676
0.078067
0.0703844
0.0633022
0.0842369
0.0781287
0.0703203
0.0632429
0.084291
0.0783021
0.0705978
0.0635036
0.084512
0.0785077
0.070574
0.0631936
0.0841925
0.0780915
0.0703737
0.0630848
0.0841517
0.077969
0.0701377
0.0630212
0.0840362
0.0780195
0.0702926
0.0632824
0.0842566
0.0781494
0.0703919
0.0631715
0.084228
0.078083
0.070292
0.0630869
0.0841386
0.0780401
0.0704139
0.0631423
0.0842824
0.0782567
0.070712
0.0635969
0.0845555
0.0784334
0.0707216
0.0634182
0.0843792
0.078162
0.0702343
0.0631899
0.0840575
0.0778773
0.0701088
0.062916
0.0838013
0.0776837
0.0696743
0.0626371
0.0836478
0.0774729
0.0698571
0.0626622
0.0836507
0.0775239
0.0697297
0.0627663
0.0837655
0.0776101
0.0695998
0.0624817
0.0836618
0.0775068
0.0699148
0.0628952
0.083903
0.0779616
0.0702891
0.0629905
0.0839887
0.0779875
0.0703763
0.0631555
0.0841609
0.0781231
0.070359
0.0631619
0.0841792
0.0782415
0.0704551
0.0632991
0.0842445
0.0780941
0.0700692
0.0628921
0.0839101
0.0778083
0.0699198
0.0628134
0.08399
0.0779051
0.0703258
0.0631255
0.0841032
0.0776959
0.0700472
0.0631049
0.0840113
0.0780397
0.0704082
0.0632652
0.0841333
0.0778048
0.0703164
0.0631469
0.0841086
0.0780181
0.0704117
0.0633656
0.0843919
0.0781355
0.0701586
0.0628973
0.0838349
0.0777297
0.0699029
0.0626649
0.0836053
0.0776629
0.0698679
0.0627288
0.0836545
0.077688
0.0700762
0.0630594
0.0840134
0.078041
0.0701649
0.0629449
0.0840397
0.0779041
0.0702378
0.0631098
0.0840789
0.0779507
0.0701913
0.0630048
0.0840796
0.0779697
0.0701567
0.0629249
0.0839802
0.0780191
0.0704175
0.0632707
0.0839884
0.0780206
0.0700868
0.0630092
0.0839159
0.0777745
0.0698487
0.0628126
0.0838285
0.0776908
0.0700801
0.0628848
0.083845
0.0777342
0.0698846
0.0628414
0.083862
0.0776458
0.0699118
0.0628922
0.0838642
0.077783
0.070254
0.0632013
0.0840333
0.0778129
0.0700909
0.0629376
0.0838416
0.0776108
0.0700088
0.0626721
0.0837822
0.077735
0.0701743
0.0631219
0.0842407
0.0781077
0.0703931
0.0630911
0.0840082
0.0779599
0.0702091
0.0630293
0.0839209
0.0777818
0.0702334
0.0632773
0.0843342
0.0782583
0.070613
0.0633276
0.0841516
0.0779614
0.0701178
0.0630073
0.0838493
0.077679
0.0697864
0.0625462
0.0835726
0.0774247
0.0697814
0.0626185
0.0836295
0.0776554
0.0699393
0.0630133
0.0840653
0.0780211
0.0703175
0.0629972
0.0839911
0.0778312
0.0699641
0.062885
0.0837811
0.0777253
0.0700815
0.0628928
0.0839323
0.0779874
0.0699466
0.0627682
0.083777
0.077775
0.0700141
0.0629195
0.0839246
0.0777922
0.0700224
0.0629694
0.0839706
0.0777264
0.070163
0.0629194
0.0838362
0.0777571
0.0699279
0.0628077
0.0837693
0.0776355
0.0698872
0.0627328
0.0837239
0.077638
0.0699761
0.0629898
0.0838358
0.0778954
0.0703287
0.0632306
0.084248
0.0779457
0.0700067
0.062854
0.083903
0.0777645
0.0700532
0.0629744
0.0837865
0.0777937
0.0700811
0.0630028
0.0840307
0.0777974
0.070211
0.0629882
0.0839178
0.0778234
0.0702964
0.0631799
0.0842236
0.0782935
0.0705157
0.0633863
0.0842048
0.0779593
0.0702199
0.0630442
0.0841155
0.0779324
0.0702195
0.0630936
0.0838603
0.0777597
0.0702078
0.0630131
0.0841685
0.0780575
0.0704487
0.0629532
0.0838483
0.0777473
0.0699869
0.0630134
0.0839748
0.0778901
0.0701455
0.0630562
0.0840978
0.0782609
0.0704498
0.0629948
0.0840713
0.0781083
0.070446
0.0632232
0.0842195
0.0779754
0.0702695
0.0631105
0.0840126
0.0779193
0.0701367
0.0630171
0.0838929
0.0777779
0.0699916
0.062954
0.0838892
0.0779514
0.0702195
0.0631599
0.083999
0.0778793
0.0703164
0.063159
0.084161
0.0780296
0.0704903
0.0632087
0.0842534
0.0779929
0.0702317
0.0630658
0.0841255
0.0780225
0.0702962
0.0632126
0.0841588
0.0779794
0.0703266
0.0633449
0.0843453
0.0779721
0.0703565
0.0630338
0.0839326
0.0777665
0.0701382
0.06272
0.083611
0.0775726
0.0696202
0.0625396
0.0834283
0.0773344
0.0697
0.0625778
0.0837163
0.0775697
0.0698475
0.0626795
0.083586
0.0776017
0.0698739
0.0626943
0.0838284
0.0778381
0.0701275
0.0629335
0.0840131
0.0779179
0.0703219
0.0632975
0.0842168
0.0783669
0.0707093
0.0634146
0.0843552
0.0780261
0.070332
0.0630391
0.0839714
0.0776148
0.0699895
0.0629407
0.0839676
0.0776888
0.0701067
0.0627849
0.0837483
0.0776826
0.06992
0.0626437
0.083708
0.0777236
0.0698611
0.0626454
0.0836547
0.0775185
0.0698054
0.0627567
0.0837282
0.0775997
0.0697094
0.062686
0.0836819
0.0775852
0.0699095
0.0626327
0.0837902
0.0775491
0.0699256
0.0627665
0.0836577
0.0776897
0.0698522
0.0627569
0.0837917
0.0774987
0.0697156
0.062714
0.0837786
0.0773921
0.0697455
0.0629098
0.0840953
0.0778009
0.0700408
0.0629195
0.0838355
0.0778013
0.0699314
0.0629739
0.083948
0.0777043
0.0699471
0.0628187
0.0838318
0.0778718
0.0700212
0.0628674
0.0837508
0.0776338
0.0700459
0.0629721
0.0838271
0.0775885
0.0696746
0.0627287
0.0838083
0.0779523
0.0702482
0.0632596
0.0843474
0.0779611
0.0702845
0.0631497
0.0840474
0.0776338
0.0697415
0.0626229
0.0835794
0.0772536
0.0694303
0.0625505
0.0836766
0.0776281
0.0698088
0.0624886
0.0835295
0.0775524
0.0696049
0.0624846
0.0833298
0.0768587
0.0693797
0.0624434
0.0835196
0.077474
0.0696734
0.0625195
0.0835028
0.0773828
0.0698224
0.0627058
0.0836469
0.0775995
0.0699211
0.0627823
0.083568
0.077638
0.0698692
0.0628186
0.0837465
0.0776618
0.0698723
0.0626363
0.0835635
0.077653
0.0700466
0.0627191
0.0836774
0.0774869
0.0696943
0.0626916
0.0836954
0.0773139
0.0696212
0.0623996
0.0833708
0.0773541
0.0694697
0.0624436
0.0834883
0.0775455
0.0698205
0.0626078
0.0836946
0.0774654
0.0698114
0.0627206
0.083788
0.0777803
0.0702157
0.0631706
0.0840703
0.0779332
0.0703299
0.0632875
0.0842963
0.078186
0.0702886
0.0631127
0.0839083
0.0776952
0.0700989
0.0629501
0.0840534
0.0778564
0.07022
0.0631
0.084208
0.077847
0.0701887
0.0631394
0.0840034
0.0780558
0.0703386
0.0633317
0.0843798
0.078381
0.0705257
0.0633198
0.0842545
0.0782755
0.0704096
0.0633464
0.0844953
0.0783381
0.0707043
0.0634437
0.0843559
0.0783821
0.0705737
0.0634567
0.084164
0.0780795
0.0702554
0.0629906
0.0839577
0.077834
0.0701707
0.0630635
0.0840068
0.0776559
0.0698918
0.0628239
0.0836297
0.0775982
0.0697494
0.0625998
0.0836161
0.0774709
0.069874
0.0628202
0.083755
0.0774807
0.0698797
0.0626902
0.0835219
0.0775031
0.0698124
0.0627226
0.0838171
0.0777479
0.0700485
0.0628503
0.0840152
0.0779357
0.0702823
0.0631908
0.0839075
0.0779736
0.0702947
0.0632414
0.0841186
0.0779584
0.0703907
0.0631535
0.0841401
0.0778936
0.0700772
0.0629149
0.0838305
0.0777939
0.0702185
0.0631334
0.0840968
0.0780156
0.070177
0.063104
0.0839355
0.0780206
0.0703084
0.0631413
0.0839423
0.0780994
0.0705811
0.0633387
0.0843027
0.0780719
0.0703012
0.063105
0.0840802
0.078001
0.0704211
0.0631829
0.0841348
0.0780451
0.0702203
0.0627587
0.0836218
0.0776212
0.0698263
0.0627825
0.0838863
0.0778921
0.070109
0.0629887
0.0840146
0.0780744
0.0705037
0.0634606
0.0843516
0.0782461
0.0704617
0.0632782
0.0841062
0.077974
0.0703766
0.0631167
0.0840253
0.0780409
0.070506
0.0633382
0.0844164
0.0782277
0.0705167
0.0632433
0.0843064
0.0782323
0.0704718
0.0630786
0.0840548
0.0778396
0.0699244
0.0626914
0.0839055
0.0778429
0.0700956
0.0627957
0.0837857
0.0778462
0.0700809
0.0628751
0.083772
0.0776887
0.0701454
0.06299
0.0840377
0.0779539
0.0702397
0.0631952
0.0841217
0.0782342
0.0705088
0.0632719
0.0841498
0.0781135
0.0705639
0.0633844
0.0843154
0.0780791
0.07041
0.0632761
0.0841377
0.077856
0.0701071
0.0630127
0.0840189
0.0779349
0.0703656
0.0631002
0.0840733
0.0777728
0.0700067
0.0629435
0.0839251
0.0777797
0.0699609
0.0629116
0.0840504
0.0781185
0.0705227
0.0631489
0.0840921
0.0777995
0.0702064
0.0631086
0.0841166
0.0780364
0.0702812
0.0629807
0.0838139
0.0777054
0.0699785
0.0628893
0.0839683
0.0777531
0.0699997
0.0629954
0.0838644
0.0778364
0.0700133
0.0629476
0.0838843
0.0777935
0.0699895
0.0628164
0.0837007
0.0776965
0.070082
0.0629429
0.0839497
0.0777853
0.0701299
0.0629536
0.0839754
0.0778725
0.0702681
0.0631611
0.0839106
0.0776196
0.0699922
0.0627945
0.0838367
0.0778546
0.0702088
0.0631733
0.0840904
0.0780856
0.0703001
0.0632748
0.0842526
0.0780741
0.0706738
0.0634132
0.0842834
0.0780951
0.070395
0.0632193
0.0842222
0.0781348
0.070489
0.063396
0.0843508
0.0781247
0.0703118
0.0631486
0.084116
0.0781577
0.0703973
0.0631354
0.0841304
0.078047
0.0702831
0.0632375
0.0844293
0.078357
0.0706938
0.0635254
0.084328
0.0781273
0.0700537
0.0630052
0.0839826
0.0776099
0.0700193
0.0629892
0.0840632
0.0777787
0.0700798
0.0628898
0.0838355
0.0779745
0.0703109
0.0632386
0.0842745
0.078083
0.0703736
0.0632166
0.0841521
0.0782125
0.0703454
0.0631418
0.0841138
0.0778446
0.0702082
0.0629106
0.0838878
0.0778273
0.0701905
0.0629944
0.0839047
0.077974
0.0701126
0.06302
0.0841136
0.0781078
0.0702868
0.0631113
0.0841392
0.0780768
0.0701411
0.062823
0.0838172
0.0777441
0.0699318
0.0626116
0.0835972
0.0773442
0.0698817
0.0630213
0.0841362
0.0778355
0.070186
0.0628862
0.0839568
0.0778563
0.0702494
0.0632158
0.0841619
0.0780091
0.0704776
0.0631497
0.0839326
0.0777848
0.0700919
0.0630001
0.0839886
0.0778123
0.0700772
0.0627965
0.0835914
0.0774746
0.0699858
0.0627017
0.0835308
0.0774483
0.0696188
0.0626276
0.083578
0.0776895
0.0699217
0.0629308
0.0841198
0.0781421
0.0703508
0.0628983
0.0839618
0.0779491
0.0699733
0.062901
0.0840091
0.0779248
0.0702601
0.0632281
0.0842717
0.0780189
0.0702721
0.0629233
0.0839932
0.0779251
0.0702686
0.0629524
0.0839417
0.0780004
0.0698935
0.0626692
0.0836295
0.0774233
0.0697979
0.06265
0.0835012
0.0775089
0.0698595
0.062669
0.0837096
0.0776656
0.070072
0.0629671
0.0839995
0.0779891
0.070179
0.0631833
0.0842804
0.0782662
0.0704709
0.0632416
0.0842695
0.0780291
0.070234
0.0631329
0.0840648
0.0779714
0.0700943
0.0629183
0.0839045
0.0777792
0.0700401
0.0630863
0.0840544
0.0780548
0.0703046
0.0631911
0.083998
0.0778985
0.0703612
0.0630845
0.0841242
0.0781011
0.0703706
0.0632662
0.083992
0.0778065
0.070165
0.062981
0.0840304
0.0778994
0.0701098
0.063071
0.0839664
0.0780017
0.0702689
0.0631356
0.0841613
0.0779775
0.0702045
0.0629844
0.0839966
0.0779845
0.0702873
0.0631025
0.084101
0.0778528
0.0701528
0.0628561
0.083871
0.0778264
0.0701369
0.062863
0.0839672
0.0778887
0.0702213
0.0629235
0.0838382
0.0777077
0.0701697
0.0629486
0.08389
0.0779214
0.0701089
0.0628692
0.0838111
0.0778868
0.070056
0.0629358
0.0838407
0.0778315
0.0700336
0.0629355
0.0839431
0.0776899
0.0702584
0.063066
0.0837875
0.077615
0.0697989
0.0628569
0.0839127
0.0777212
0.070024
0.0628101
0.0838273
0.077934
0.0699964
0.062951
0.0838835
0.0776415
0.0700355
0.0629296
0.0839461
0.0778879
0.0702554
0.0631218
0.0841144
0.0779877
0.0704426
0.0633355
0.0841739
0.0779936
0.070083
0.0629832
0.0840131
0.077976
0.0703548
0.0632574
0.0842156
0.0783645
0.0707137
0.0636184
0.0845257
0.0781819
0.070344
0.0632754
0.0842705
0.0782185
0.070287
0.063151
0.0841624
0.0777033
0.0699445
0.0627655
0.0837317
0.0775998
0.0698108
0.0627301
0.0837272
0.0777177
0.0700819
0.0627682
0.083877
0.0777125
0.0700491
0.0628157
0.0838704
0.0779467
0.0702984
0.0631444
0.0840986
0.0781307
0.0700361
0.0629815
0.0839801
0.0777894
0.0699116
0.0627779
0.0837889
0.0779541
0.0702492
0.0629683
0.0838506
0.0776854
0.0699337
0.0628806
0.0838988
0.0777715
0.0698703
0.0627585
0.083779
0.0777249
0.0700079
0.0629808
0.0840362
0.0779791
0.0703621
0.0632502
0.0842648
0.0781319
0.0704777
0.0630963
0.08409
0.0782343
0.0705417
0.0633864
0.084339
0.0780984
0.0701933
0.0630388
0.0838824
0.0776201
0.0700208
0.0629709
0.0840596
0.0780335
0.0702675
0.0632987
0.0842751
0.0779645
0.0702786
0.0631584
0.084106
0.0781417
0.0703981
0.0632616
0.0844038
0.078064
0.0702085
0.0630486
0.0840619
0.0779451
0.0704117
0.0634019
0.0843159
0.0781949
0.070426
0.0633777
0.0843669
0.0780306
0.0703282
0.0632886
0.0842521
0.0779459
0.0702595
0.0631758
0.0842236
0.078311
0.0704873
0.0632126
0.0841973
0.0779993
0.0700161
0.0628381
0.0837975
0.0775696
0.0699949
0.0628765
0.0836898
0.0777555
0.0700271
0.0627697
0.0837794
0.0775101
0.0697787
0.0628073
0.0839088
0.0779597
0.0702377
0.0630711
0.0840217
0.0778524
0.0701542
0.0628425
0.0837397
0.0777832
0.0698998
0.0627835
0.0838932
0.0776507
0.0699889
0.0627343
0.0836488
0.0775084
0.0695983
0.062477
0.083462
0.0774069
0.0696839
0.0626653
0.0837619
0.0777235
0.0699146
0.0625844
0.083753
0.0773025
0.0694864
0.0624533
0.0834533
0.0775474
0.0698761
0.0627999
0.0837947
0.077609
0.0699892
0.0629242
0.0838249
0.0776745
0.0699009
0.0626476
0.0836253
0.0773851
0.0698163
0.0626739
0.0836931
0.0776812
0.0699217
0.0628836
0.0839009
0.0776919
0.0699156
0.0627228
0.0837217
0.0775043
0.0698467
0.0626464
0.0837312
0.0776901
0.0700695
0.0630039
0.0840398
0.0778361
0.070163
0.0626881
0.0837486
0.0774775
0.0698323
0.0626815
0.0835225
0.0775423
0.0699264
0.0629706
0.0840469
0.0782106
0.0704377
0.0631461
0.0841084
0.0776868
0.0700524
0.0628888
0.0838932
0.0779475
0.0703015
0.0630219
0.084169
0.0779887
0.0701549
0.0630735
0.0839518
0.0773937
0.0698251
0.0626527
0.0836632
0.0773442
0.0696785
0.0624635
0.083258
0.0772257
0.0696162
0.0626469
0.0837642
0.077571
0.0699208
0.0628266
0.0838065
0.0776164
0.0697675
0.0627613
0.0837207
0.0776959
0.0700146
0.0629139
0.0838287
0.0778182
0.0700303
0.0628609
0.0837495
0.0775178
0.0697822
0.0627926
0.0838125
0.0778937
0.0702653
0.0632759
0.0842297
0.0779315
0.0701585
0.0630981
0.0838928
0.0777579
0.0702635
0.0631488
0.0843105
0.0782085
0.0702998
0.0631301
0.0839354
0.0777274
0.0700263
0.062651
0.0835502
0.0772537
0.0697927
0.0627097
0.0838149
0.0778692
0.0700053
0.0628333
0.0838119
0.0777757
0.0699744
0.0629007
0.0839707
0.0780728
0.0703134
0.0631523
0.0842033
0.0781064
0.0702783
0.0630585
0.0839601
0.0779296
0.0700965
0.063038
0.0840038
0.0777813
0.070023
0.0628521
0.0837691
0.0777314
0.0700631
0.0628224
0.0838438
0.077739
0.0701545
0.0631005
0.083996
0.0780822
0.0702026
0.0632217
0.0843035
0.0782771
0.0706045
0.0634355
0.0843594
0.078054
0.0703505
0.0632806
0.0842734
0.0780507
0.0704038
0.063088
0.0840409
0.0776685
0.0699441
0.0629425
0.0840085
0.0780083
0.0702447
0.0632412
0.084254
0.0781231
0.0704122
0.0630899
0.0840969
0.0779301
0.0702913
0.0630696
0.083997
0.0777099
0.0701887
0.0630308
0.0840367
0.0779228
0.070232
0.06308
0.0840968
0.0779496
0.0700481
0.0630866
0.0839431
0.0778421
0.070059
0.0629832
0.0840489
0.0778268
0.0700308
0.0627739
0.083716
0.077797
0.0702034
0.0631982
0.0840747
0.0779419
0.0702307
0.0631177
0.0840322
0.0779247
0.0702641
0.063086
0.084064
0.0778845
0.0703938
0.0630347
0.0841857
0.07794
0.0701046
0.0629513
0.0839368
0.0777311
0.0700439
0.0627627
0.0835019
0.077477
0.0696791
0.062581
0.0836957
0.0774004
0.0695976
0.0627
0.0837692
0.0777251
0.0701276
0.062853
0.0839263
0.0776189
0.0699013
0.0627912
0.0838882
0.0775717
0.0697357
0.0628315
0.0835957
0.0774634
0.0698083
0.0626606
0.0836603
0.0775159
0.069889
0.062828
0.0837341
0.0772776
0.0694455
0.0623781
0.0835097
0.0772735
0.069593
0.0627636
0.0836765
0.0777016
0.0699573
0.0630952
0.0841328
0.0779675
0.070376
0.0630812
0.0841432
0.0780924
0.0701729
0.0629949
0.0838009
0.0777737
0.0701001
0.0630595
0.0839891
0.0776428
0.0699839
0.0629147
0.084136
0.0778443
0.0701713
0.0630623
0.0840773
0.0779962
0.0703205
0.0630769
0.0840844
0.0780414
0.0701125
0.0629744
0.0838293
0.0778235
0.0701942
0.0631343
0.0841362
0.078084
0.0703961
0.0632155
0.0843333
0.0782988
0.0704106
0.0630128
0.0839244
0.07784
0.0701227
0.0631384
0.0840824
0.0779433
0.0703185
0.0632467
0.0840493
0.0779824
0.0701551
0.0629563
0.0839889
0.0779142
0.0703165
0.0631888
0.0840636
0.0778446
0.0700334
0.0628816
0.0838708
0.0777493
0.0702888
0.0631477
0.0839326
0.0776563
0.0698835
0.0626592
0.083734
0.0775822
0.0699861
0.0628054
0.0837627
0.0777101
0.0699501
0.0628627
0.0839714
0.0778885
0.069999
0.0628262
0.0837403
0.077649
0.0700602
0.062859
0.0838943
0.0777341
0.0700078
0.0628755
0.0837556
0.077832
0.0700767
0.06303
0.0839303
0.0774776
0.0697943
0.0627414
0.0838539
0.0775325
0.0700832
0.0631168
0.0839466
0.0779099
0.0702048
0.063065
0.0839905
0.0778238
0.070104
0.0629094
0.0838512
0.0778438
0.0700593
0.0629669
0.0840651
0.0777683
0.0702494
0.0632715
0.0843409
0.0779516
0.0701168
0.0628023
0.0837845
0.0777276
0.0700996
0.0629177
0.0837993
0.0775398
0.0699447
0.0628972
0.0839393
0.0778366
0.0698414
0.0627506
0.0837334
0.077629
0.0700118
0.0626465
0.0839009
0.0778809
0.070181
0.0630457
0.0841096
0.0781125
0.0703924
0.0632125
0.0843536
0.0782628
0.070576
0.0632643
0.0842867
0.0782013
0.0705971
0.0635665
0.0844982
0.0784444
0.0707103
0.063587
0.0845377
0.0785081
0.0707575
0.063489
0.0843614
0.0783712
0.0706845
0.063575
0.0845056
0.0785807
0.0707496
0.0635061
0.0844434
0.0782018
0.070492
0.0635229
0.0843732
0.0785017
0.0707351
0.063554
0.0845278
0.0783266
0.0705552
0.0632442
0.0841986
0.077892
0.0701513
0.0630382
0.0839812
0.0777657
0.0700134
0.0628709
0.0839019
0.0776642
0.0698837
0.0628024
0.0837924
0.0777625
0.0700415
0.062776
0.0837248
0.0776584
0.0699138
0.0626168
0.0838054
0.0779437
0.0703055
0.0630262
0.0840637
0.0779028
0.0702027
0.0631834
0.0841837
0.0778455
0.070124
0.0630132
0.0839358
0.0777945
0.0700748
0.0630441
0.0840596
0.0779659
0.0701395
0.0630008
0.0839465
0.077857
0.0702101
0.0629429
0.083774
0.0776554
0.0699289
0.0629031
0.0839345
0.0778468
0.0698633
0.0629613
0.083926
0.0776879
0.0697444
0.0627295
0.0838397
0.0779362
0.0703984
0.0634021
0.0842625
0.0781878
0.0705064
0.0633791
0.0842392
0.0782042
0.0705414
0.0633308
0.084253
0.0781399
0.0705149
0.0633983
0.0844634
0.078199
0.0703769
0.0630411
0.0840159
0.0780573
0.070253
0.0630855
0.0840803
0.0780708
0.0703071
0.0632228
0.0840957
0.0779058
0.0700117
0.0629128
0.0837768
0.077661
0.0700696
0.0629184
0.0839278
0.0778599
0.0702375
0.0631784
0.0841868
0.0782093
0.0704272
0.0633549
0.0842427
0.078175
0.0704475
0.0634331
0.0843764
0.0782189
0.0704513
0.0632012
0.083865
0.0777502
0.0699869
0.0627571
0.0837679
0.0775408
0.0697543
0.0625702
0.0835499
0.077167
0.0694697
0.0623107
0.0832241
0.0771634
0.0695318
0.0623285
0.0834192
0.0772156
0.0696779
0.0625883
0.0836506
0.0773757
0.0697753
0.0627352
0.0835715
0.0774047
0.069416
0.0624186
0.0835298
0.0774028
0.0696462
0.0626609
0.0836507
0.0777212
0.0698389
0.0626718
0.0837788
0.0777798
0.0702338
0.063229
0.0840826
0.0777367
0.0699979
0.06286
0.0838132
0.0775406
0.0700275
0.0628447
0.0839349
0.077767
0.0700753
0.0629923
0.0841463
0.078253
0.0703431
0.0632472
0.0842179
0.0779804
0.0703508
0.0631809
0.0840292
0.0779645
0.0703579
0.0633744
0.0844217
0.0781664
0.0704712
0.0632254
0.0843554
0.078093
0.0702421
0.0630306
0.0838974
0.0780276
0.0703972
0.0631666
0.0840685
0.0780346
0.0702998
0.0632291
0.0841525
0.0780681
0.0702246
0.0630088
0.083962
0.0778915
0.0702253
0.063074
0.0842414
0.0781801
0.070566
0.0633104
0.0842626
0.0780111
0.0701087
0.0631315
0.0840827
0.0780711
0.0704114
0.0633029
0.0841749
0.0779683
0.0702104
0.0630996
0.0841647
0.0779655
0.07026
0.0630614
0.0838658
0.0778487
0.070297
0.06317
0.0841188
0.0781029
0.0705652
0.0634258
0.0842951
0.0782125
0.0704159
0.0633631
0.0844093
0.0784096
0.0705811
0.0633675
0.0844319
0.0784064
0.0708138
0.0634454
0.0843044
0.078031
0.0701589
0.0628763
0.0838868
0.0777685
0.0699183
0.0628257
0.0838647
0.0778591
0.0702879
0.0630334
0.0840161
0.0779444
0.0701923
0.0631449
0.084279
0.077941
0.0701509
0.0629883
0.0839317
0.0778502
0.070083
0.062857
0.083894
0.0778234
0.070109
0.0629723
0.0838244
0.0777637
0.0700333
0.0629572
0.0840702
0.0780517
0.0703357
0.0633725
0.0843606
0.0781979
0.0703506
0.0632194
0.0841485
0.0781527
0.0704781
0.0630509
0.0841511
0.0778532
0.0700896
0.0629671
0.0838874
0.0777466
0.0700762
0.0629316
0.0841111
0.0778468
0.0702056
0.0630572
0.0841333
0.0781238
0.0702837
0.0630768
0.0842059
0.0781291
0.0704188
0.0631902
0.0842299
0.0780447
0.0703011
0.0632836
0.084293
0.07813
0.0702088
0.0630383
0.0840674
0.0781475
0.0704691
0.063245
0.0842403
0.0779757
0.0701825
0.0631723
0.0841927
0.0781357
0.0702536
0.0629905
0.083988
0.0780991
0.0704555
0.0634713
0.0844572
0.0779655
0.0701555
0.0630698
0.0840889
0.0779725
0.0700318
0.0628336
0.0838577
0.0778974
0.0700069
0.0628277
0.083776
0.0775731
0.0699265
0.0627338
0.0836628
0.077807
0.070115
0.0629931
0.0839631
0.0778112
0.0699426
0.0628092
0.0838185
0.0778482
0.0702287
0.0630835
0.0840242
0.0777557
0.0703245
0.0630784
0.0840433
0.0779543
0.0703862
0.0631713
0.0841372
0.0778506
0.0700073
0.0629127
0.0837551
0.0775936
0.0698541
0.0628354
0.0839099
0.0779673
0.0702352
0.0630518
0.0838548
0.0778237
0.0700295
0.0629253
0.0837723
0.0775853
0.0700146
0.0627268
0.0837788
0.077584
0.0698369
0.0627308
0.0838029
0.0778929
0.070269
0.0630777
0.0840632
0.0779671
0.0703619
0.0632093
0.084111
0.0781895
0.0702896
0.0632676
0.0842127
0.0780374
0.0702577
0.0631853
0.0840447
0.0777761
0.0699373
0.062885
0.0839076
0.0777046
0.0700108
0.0628563
0.0840042
0.0777
0.0698524
0.062705
0.0836781
0.0775048
0.0700313
0.0627745
0.0839157
0.0777736
0.0700903
0.0629613
0.0838657
0.0774708
0.0697086
0.0625726
0.0836391
0.0776296
0.0699702
0.0627568
0.0837445
0.0778747
0.0701686
0.0629895
0.0840309
0.0777976
0.0699486
0.0628401
0.0838427
0.0777637
0.0699995
0.0627854
0.0836512
0.0776737
0.0700653
0.0628904
0.0838697
0.0776928
0.070026
0.062812
0.0838515
0.0778772
0.0701108
0.0630273
0.0839465
0.0777887
0.0698329
0.0626424
0.0836178
0.077776
0.0698596
0.0628563
0.0840008
0.0776314
0.0699283
0.0627718
0.083666
0.0774959
0.0698645
0.0625504
0.0836369
0.0773943
0.0696829
0.0625601
0.0835799
0.0776229
0.0700254
0.0629312
0.0838745
0.0778031
0.0700929
0.0628102
0.0837104
0.0775985
0.069899
0.0628208
0.0838484
0.0779845
0.0702227
0.0629249
0.0840889
0.0779568
0.0702317
0.0630159
0.0838233
0.0776176
0.069693
0.0625925
0.083721
0.0776012
0.0698883
0.0627549
0.0837372
0.0775045
0.0699889
0.0627248
0.0835338
0.0776172
0.0700713
0.0626609
0.0837773
0.077453
0.0697559
0.0626276
0.0835661
0.0774923
0.069794
0.0627652
0.0837914
0.0777453
0.0701247
0.0629376
0.0839631
0.0778533
0.0700452
0.0629384
0.0839196
0.0779068
0.0702427
0.0631134
0.084137
0.0780218
0.0704146
0.062943
0.0839056
0.0778538
0.0702506
0.0630446
0.083983
0.0778925
0.0699849
0.0629354
0.0838395
0.0777142
0.0702582
0.0629489
0.0838863
0.0779738
0.0704004
0.0629995
0.0840929
0.077948
0.0701979
0.0629034
0.0839968
0.077795
0.0699726
0.063014
0.0839713
0.0778496
0.0700717
0.0629582
0.0838373
0.0775658
0.0698199
0.0628476
0.0839588
0.0781772
0.0705316
0.0633604
0.0844618
0.0784546
0.0705914
0.0633485
0.0844691
0.0782851
0.0706394
0.0635542
0.0845423
0.0783346
0.0704396
0.0633389
0.0841362
0.0781169
0.0701651
0.0630712
0.0840076
0.0779657
0.0702532
0.0631854
0.0840825
0.0779137
0.0700772
0.0628325
0.0837555
0.0776793
0.0700268
0.062845
0.0839055
0.0778465
0.0702735
0.0632417
0.0840497
0.0777964
0.0700728
0.0629506
0.0839141
0.07768
0.0699612
0.0629351
0.0839512
0.0776377
0.0700114
0.0628395
0.0838862
0.0777662
0.069862
0.0626137
0.0835346
0.0775631
0.0700591
0.0629735
0.0839661
0.0780984
0.0703403
0.06316
0.0842438
0.0780764
0.0702808
0.0631912
0.0841407
0.0777698
0.0701438
0.0629042
0.0839432
0.0777206
0.069931
0.0627474
0.0836992
0.077798
0.0700874
0.0628235
0.0838963
0.0777412
0.0701617
0.0631105
0.0840045
0.0778155
0.0699127
0.0627797
0.083879
0.077902
0.0699771
0.0627819
0.0838392
0.0778284
0.0701168
0.0630558
0.0841583
0.0781425
0.070552
0.0634091
0.0843853
0.0784243
0.0706572
0.0635565
0.084619
0.0783813
0.0706805
0.0633598
0.0843059
0.078253
0.0705118
0.0633628
0.0841629
0.0782338
0.0706273
0.0634167
0.0844728
0.0783411
0.070828
0.0634083
0.0842969
0.0782387
0.0705674
0.063408
0.0843103
0.078194
0.0702453
0.063238
0.0840203
0.0778877
0.0701761
0.0631113
0.0841248
0.0781035
0.0702955
0.0632943
0.0842171
0.0780992
0.0703349
0.0631138
0.0840442
0.078017
0.0703816
0.0632087
0.0840789
0.0782418
0.0705111
0.0635036
0.084466
0.0782769
0.070624
0.063496
0.0845602
0.0784106
0.0705624
0.0635132
0.0845466
0.0783007
0.0705094
0.0634482
0.0842522
0.0781017
0.0702734
0.0632663
0.084267
0.0782651
0.070442
0.063123
0.0839797
0.078041
0.0702845
0.0631271
0.0841375
0.0779811
0.0701615
0.0630724
0.0840476
0.0779871
0.0702285
0.0632452
0.0842301
0.0781727
0.0704136
0.0632003
0.0842247
0.0781016
0.0704772
0.063418
0.0841746
0.0778264
0.0700341
0.0627783
0.0837102
0.0776116
0.0700923
0.0630966
0.0841688
0.0782264
0.070602
0.0635508
0.0842255
0.078082
0.0704163
0.063246
0.0841885
0.0781137
0.070091
0.0629495
0.0839329
0.0776988
0.0700504
0.0628293
0.0838193
0.0776839
0.0699264
0.0628131
0.0838546
0.077674
0.0699856
0.0626569
0.0835496
0.0774619
0.0697398
0.0625886
0.0836035
0.0774808
0.0698702
0.0627481
0.0836776
0.0775209
0.0698127
0.0627474
0.0838212
0.0776748
0.0696305
0.0626633
0.0837536
0.0775148
0.0700032
0.0629657
0.083813
0.0776863
0.0699259
0.0629192
0.0838385
0.0776973
0.0700999
0.0628121
0.0838087
0.0777859
0.07016
0.0629856
0.0837139
0.0776773
0.0697785
0.0624437
0.0834982
0.0774267
0.0697381
0.0626349
0.0837089
0.0776607
0.069983
0.0627977
0.0839985
0.0777449
0.069957
0.0628321
0.0838105
0.0778488
0.0699794
0.0628558
0.0836642
0.077672
0.0698179
0.0628726
0.0838515
0.0777869
0.0700121
0.062726
0.0837336
0.0776253
0.0698411
0.0628401
0.0838627
0.0774521
0.0695713
0.0625379
0.0835994
0.0774243
0.0698154
0.0627578
0.0838216
0.0777156
0.0700678
0.0629183
0.0839185
0.0778094
0.0700859
0.0628407
0.0836426
0.0776734
0.0699575
0.0628551
0.083689
0.0774555
0.0696737
0.0627091
0.0837138
0.0778015
0.0700899
0.0629514
0.0839216
0.0778224
0.0700055
0.0627487
0.0837413
0.0777589
0.0699738
0.0628629
0.0837298
0.0776841
0.0699844
0.0628719
0.0839313
0.0775702
0.0698068
0.0628006
0.0838742
0.0778046
0.0703358
0.0631574
0.084016
0.0777917
0.070142
0.0629605
0.0839564
0.0780168
0.0703346
0.0630989
0.0841476
0.0775556
0.0698515
0.0626201
0.0836078
0.0775551
0.0697977
0.062531
0.0835707
0.0776016
0.0697794
0.0627402
0.0837557
0.0777694
0.0699337
0.0626085
0.0836818
0.0775079
0.0696929
0.062721
0.0836717
0.0777791
0.0700215
0.0629426
0.0838471
0.077837
0.0700713
0.0627219
0.0837362
0.0776805
0.0699826
0.0628428
0.0838632
0.0776615
0.0699978
0.0628854
0.083682
0.0776705
0.0700874
0.0630261
0.0836701
0.0775221
0.0696858
0.062743
0.0836329
0.0776047
0.0698506
0.0627015
0.0836223
0.0775969
0.069929
0.0629038
0.0839171
0.0780502
0.0703216
0.0631851
0.0842633
0.0782452
0.0704645
0.0632553
0.0841883
0.0779885
0.0703747
0.0633232
0.0843625
0.0781043
0.0702891
0.0631417
0.0840738
0.0780502
0.0701867
0.0630418
0.0838792
0.0775208
0.0697067
0.0626563
0.0837823
0.0778708
0.0700374
0.0629222
0.0839198
0.0779125
0.0702057
0.0630784
0.084064
0.0778977
0.0701576
0.0630447
0.0841355
0.0779317
0.0701974
0.0630117
0.0840787
0.0780146
0.0702212
0.0629934
0.0840192
0.0778719
0.070141
0.0629545
0.0840472
0.0779566
0.0702604
0.0631026
0.0839011
0.0778166
0.0699375
0.0629528
0.083801
0.0778071
0.07022
0.0630945
0.084061
0.0779668
0.0702795
0.0632414
0.0842185
0.0781579
0.0702925
0.0631229
0.0840242
0.077794
0.0699525
0.0627911
0.083841
0.0777388
0.0700107
0.062807
0.0838229
0.0777539
0.0700354
0.0628652
0.0838911
0.0777676
0.0699708
0.0627999
0.0838769
0.077467
0.0699382
0.0627983
0.0837723
0.0776954
0.0700572
0.0627401
0.0837962
0.0776063
0.0700311
0.0628144
0.083858
0.0779174
0.0701354
0.0628733
0.0838433
0.077751
0.0702611
0.063198
0.0841274
0.0782113
0.0706438
0.0634407
0.0844359
0.0782745
0.0705343
0.0633957
0.0843276
0.0780767
0.0701344
0.0629899
0.0839777
0.0778614
0.0702103
0.0632091
0.084236
0.077973
0.0702031
0.0630948
0.0840987
0.0781403
0.0704758
0.0631285
0.0839352
0.0780631
0.0703836
0.0631085
0.0841391
0.0780941
0.070415
0.0630622
0.0841954
0.0777103
0.0701867
0.0629879
0.0840325
0.078031
0.0703743
0.0633843
0.0843021
0.0781382
0.0703441
0.0631246
0.0841783
0.0781093
0.0704442
0.0633289
0.0842877
0.0783605
0.07052
0.0632728
0.0841439
0.0779166
0.070282
0.0631997
0.0843937
0.0783047
0.0703737
0.0631488
0.0840615
0.0776346
0.06972
0.0625349
0.0836166
0.0775548
0.0698394
0.0628668
0.0838883
0.0776325
0.0700976
0.0630605
0.0839891
0.0780563
0.070279
0.0631768
0.0840827
0.077798
0.0701594
0.0628741
0.0837747
0.0777858
0.0701368
0.0628691
0.083929
0.0777635
0.070074
0.0629848
0.0839377
0.077736
0.0699939
0.0629262
0.0838789
0.077963
0.0703771
0.0630538
0.0841679
0.0780958
0.0703561
0.0631048
0.0840503
0.0778088
0.0700594
0.0631067
0.0840304
0.0777393
0.0699084
0.0629581
0.0840144
0.077627
0.0700541
0.0627342
0.0836571
0.0775263
0.0699595
0.0626883
0.0836567
0.0775973
0.0698983
0.0628055
0.0837809
0.0777539
0.0698182
0.0627291
0.0836006
0.0774672
0.0697529
0.0627246
0.0837936
0.0777977
0.069999
0.0630367
0.0839642
0.07782
0.0700238
0.0628982
0.0839962
0.0779179
0.0702663
0.0632514
0.0841463
0.0779292
0.070172
0.0630702
0.0840219
0.0779638
0.0701757
0.0628599
0.0839178
0.0777098
0.0699817
0.0628796
0.0839011
0.0776164
0.069894
0.0628443
0.0837577
0.0774151
0.0697718
0.0626592
0.0838399
0.0776696
0.0701137
0.0630348
0.084073
0.0779978
0.0702557
0.0629826
0.0840251
0.0779646
0.070258
0.0629253
0.0840759
0.0780804
0.0701969
0.0631232
0.0841061
0.0778996
0.0702081
0.0630457
0.0840878
0.0778738
0.0701315
0.0629638
0.0840102
0.0779742
0.0700825
0.0630274
0.0840178
0.077828
0.070147
0.0630535
0.083914
0.0777637
0.0698987
0.0629533
0.0840213
0.0777492
0.0702254
0.0630309
0.0839522
0.0777454
0.0702367
0.0631603
0.0840934
0.0778833
0.0700435
0.0627947
0.0838335
0.0780008
0.0703019
0.0631127
0.0841329
0.077839
0.0701108
0.0631891
0.0842896
0.0782201
0.0706034
0.0633038
0.0842399
0.0780519
0.070337
0.0631655
0.0840665
0.0780387
0.0701878
0.0629372
0.0839315
0.0779792
0.0702977
0.0632779
0.0842618
0.0781384
0.0706875
0.0635099
0.0843251
0.0781638
0.0704383
0.0633133
0.0841231
0.0779032
0.0702381
0.0632068
0.0841019
0.0782553
0.0704543
0.0634228
0.0845434
0.0783959
0.0706955
0.063497
0.0843864
0.0780406
0.0702567
0.0632117
0.0841918
0.0781606
0.0703178
0.063142
0.0840645
0.0781921
0.0704178
0.0631678
0.0841518
0.0778052
0.0701434
0.0631383
0.0842329
0.0781402
0.0705746
0.063288
0.0841414
0.0781466
0.0704605
0.063283
0.0841059
0.0778485
0.0700241
0.0627425
0.083768
0.0778503
0.0701277
0.0629544
0.0838726
0.0777396
0.0701434
0.062972
0.0840261
0.0777723
0.0702504
0.0629948
0.0840572
0.0779241
0.0703561
0.0633478
0.0843293
0.0781594
0.0702162
0.0631485
0.0841485
0.0779399
0.0702701
0.0630505
0.0840015
0.0775681
0.0696796
0.0627314
0.0837707
0.0778201
0.0698542
0.0627873
0.0838275
0.0777085
0.0701703
0.0629691
0.0840019
0.077834
0.0702087
0.0630561
0.0839501
0.0778814
0.0701845
0.0630529
0.0840406
0.0779217
0.0703636
0.0631736
0.0842091
0.0779271
0.0700936
0.0630043
0.0839663
0.0777782
0.0701911
0.0632552
0.0842454
0.0780088
0.0703697
0.0632257
0.0841956
0.0782456
0.070503
0.063342
0.0844118
0.0783937
0.0707014
0.0635406
0.0844855
0.0783054
0.0703871
0.0633424
0.0842394
0.0779816
0.070283
0.0630673
0.0839128
0.077821
0.070102
0.0629464
0.0839435
0.0778324
0.0698904
0.0626679
0.0835423
0.0776757
0.0697855
0.0627995
0.0838287
0.0775522
0.070008
0.0629678
0.083989
0.0777856
0.0700456
0.0627923
0.0838683
0.0778056
0.0702392
0.0632538
0.0842237
0.0782793
0.0704399
0.0633922
0.0844243
0.078436
0.0706631
0.0634709
0.0843798
0.0780231
0.0703309
0.0630315
0.083861
0.0775657
0.0698743
0.0626497
0.0835766
0.0774799
0.069581
0.0624714
0.0835583
0.0775148
0.069686
0.0624982
0.083602
0.0775899
0.0698175
0.0627544
0.0839248
0.0777611
0.0700881
0.0629671
0.0840554
0.0779838
0.0703757
0.0632217
0.0842379
0.0780782
0.0702626
0.0631655
0.0841517
0.0781769
0.0703133
0.0631581
0.0840401
0.0779264
0.0701888
0.0629646
0.0838958
0.0775962
0.0698466
0.0627012
0.0837914
0.0777747
0.0702126
0.0629529
0.0841268
0.0779143
0.0701756
0.0628464
0.0839575
0.0779264
0.0702578
0.0633173
0.0844114
0.0783164
0.0707786
0.0636337
0.0846734
0.0782216
0.0704747
0.0632805
0.0842972
0.0782158
0.0705955
0.0634288
0.0843768
0.0782517
0.0706042
0.0634282
0.0843036
0.0782475
0.0703111
0.0631045
0.0840073
0.0778716
0.0702277
0.0628453
0.083817
0.0775865
0.0698676
0.062854
0.0839404
0.077739
0.0700075
0.0628254
0.083716
0.0776521
0.0700768
0.0628263
0.0837725
0.0777834
0.0699668
0.0630193
0.0841432
0.0781662
0.0702496
0.0631536
0.0839988
0.0779024
0.0702842
0.0630563
0.0839787
0.0778567
0.0702797
0.063123
0.0838425
0.077773
0.0698102
0.062697
0.083724
0.0777245
0.0700443
0.0627552
0.0837461
0.0774523
0.069782
0.0626668
0.083585
0.0776027
0.0701035
0.0630968
0.0840841
0.0781354
0.070324
0.0631042
0.0840036
0.0777977
0.0701408
0.0628791
0.0839808
0.0779504
0.0702345
0.063007
0.0839039
0.0777562
0.0701745
0.0629961
0.0839298
0.0778348
0.0700146
0.0629585
0.0840691
0.0779953
0.070279
0.063166
0.0839046
0.0778094
0.0701129
0.0630487
0.0841132
0.0779565
0.0703152
0.0632172
0.0842395
0.0781451
0.0703192
0.0632663
0.0841425
0.0780992
0.0703888
0.0632992
0.0842799
0.0783486
0.0706436
0.063512
0.0842604
0.078056
0.0704594
0.0631391
0.0840151
0.0780679
0.0702836
0.0631461
0.0839648
0.0779252
0.0701428
0.0630433
0.0840277
0.0778063
0.0699472
0.0629005
0.0839722
0.0780875
0.0705071
0.063221
0.0843196
0.0781259
0.0703535
0.063186
0.0840075
0.0780428
0.0703469
0.0631018
0.0840495
0.0780845
0.0701957
0.0630645
0.0839345
0.0779932
0.0704379
0.0634392
0.0843433
0.0780328
0.0703778
0.0632343
0.0842859
0.0781791
0.0702078
0.0630851
0.0841129
0.0779787
0.0703195
0.0630461
0.0841291
0.0780413
0.0703731
0.0632416
0.0841137
0.0779935
0.0702216
0.0630023
0.0839758
0.0779007
0.0702824
0.0631429
0.084129
0.0776431
0.0699247
0.0627785
0.0837635
0.0778146
0.0701392
0.0629136
0.0839938
0.07807
0.0703584
0.0631653
0.0840452
0.0779059
0.0701847
0.0630308
0.0839897
0.077932
0.0702179
0.063132
0.0841057
0.0780418
0.070172
0.0628701
0.0838387
0.0776856
0.0701396
0.063118
0.0840889
0.0778151
0.0699426
0.0627675
0.0837419
0.0775073
0.0698692
0.0627254
0.0836583
0.0776006
0.0699506
0.0627391
0.0837685
0.0777465
0.0701417
0.062893
0.0840047
0.0778659
0.0699769
0.0629568
0.0839375
0.0778786
0.0702153
0.0629935
0.0839585
0.0779339
0.0702671
0.0631392
0.0841484
0.0781885
0.0704489
0.0632614
0.0840842
0.0780303
0.0703346
0.0632101
0.0841156
0.0780808
0.0705319
0.0634082
0.0843022
0.0779761
0.0704525
0.0632316
0.084039
0.0779537
0.0703037
0.0633003
0.0841728
0.0782039
0.0705576
0.0635008
0.0843523
0.0782674
0.0705841
0.0634344
0.0842674
0.0780859
0.0701555
0.0630655
0.0839868
0.0778503
0.070166
0.0629719
0.083937
0.0778919
0.0700494
0.0629066
0.0838676
0.0777472
0.0700714
0.0629272
0.083761
0.0777669
0.0700792
0.0629159
0.0837953
0.0776459
0.069842
0.0628562
0.0839607
0.0777827
0.0701073
0.0630442
0.0840461
0.0780365
0.0703703
0.0632019
0.0842236
0.0782879
0.0704916
0.0634498
0.0844122
0.0778757
0.0702098
0.063194
0.0840998
0.0779226
0.0702684
0.0632644
0.0839896
0.0780255
0.0706478
0.0635392
0.084324
0.078193
0.0705078
0.0633575
0.0843092
0.077889
0.0700725
0.0628752
0.0839711
0.0778315
0.0701859
0.0631078
0.0840736
0.078106
0.0703392
0.0628635
0.083826
0.0779398
0.0699151
0.0627087
0.0837207
0.0776059
0.0699092
0.0627802
0.0837638
0.0776881
0.0698826
0.062652
0.0836464
0.0775972
0.0700371
0.0629697
0.0839191
0.0778496
0.0701391
0.0628194
0.083884
0.0778496
0.0701699
0.0632379
0.0842085
0.0779966
0.0703082
0.0630598
0.0840257
0.0778074
0.0701681
0.0630691
0.0841367
0.0779476
0.070187
0.0630446
0.0839148
0.0778311
0.0701281
0.0631227
0.0841394
0.0777962
0.0700914
0.0627414
0.0838221
0.0776725
0.0697364
0.0626359
0.0835552
0.0774124
0.0697583
0.0624937
0.0836372
0.0776533
0.0699682
0.0629331
0.0840067
0.0780341
0.0704325
0.0631722
0.0840585
0.0780967
0.0702518
0.0629372
0.0840263
0.0779092
0.0702022
0.0631392
0.0840637
0.0777921
0.0702149
0.0629483
0.083932
0.0777537
0.0701216
0.0630871
0.0841193
0.077969
0.0703034
0.0631761
0.0840031
0.0780686
0.0699859
0.0629048
0.0837899
0.0779173
0.0702242
0.0631783
0.084196
0.0779735
0.0704679
0.0633664
0.0843628
0.0783743
0.0706368
0.0631209
0.0839511
0.0780992
0.0704653
0.0632541
0.0841136
0.0780621
0.0704128
0.0632358
0.0841175
0.07778
0.0700528
0.0630051
0.0838476
0.0779028
0.0702235
0.0630705
0.0841771
0.0780259
0.0704118
0.0632812
0.0842197
0.0779065
0.0702256
0.0630959
0.0840122
0.0777081
0.0700681
0.063007
0.0839426
0.0779077
0.0703373
0.063186
0.0841168
0.0780255
0.0703231
0.0631041
0.0841096
0.0779506
0.0703332
0.0632318
0.0842091
0.0782654
0.0704392
0.063361
0.0841869
0.0779942
0.0701368
0.0630126
0.0840345
0.0777166
0.0699715
0.0627211
0.083625
0.0776911
0.0699866
0.0629601
0.0838526
0.077594
0.0699822
0.0628728
0.0839471
0.0778888
0.0701661
0.0629901
0.0838974
0.0777918
0.0699691
0.0629448
0.0839921
0.0779573
0.0701699
0.0632142
0.0840863
0.078096
0.0703679
0.0631073
0.0840892
0.0782072
0.0703725
0.063217
0.0840251
0.0777734
0.0701722
0.0629847
0.0840334
0.0781507
0.0702441
0.0631879
0.0841997
0.0782114
0.0702747
0.0628959
0.0838687
0.0778379
0.070064
0.0628538
0.0838219
0.0778537
0.0702467
0.0630514
0.0840937
0.0780521
0.0704502
0.0633733
0.0842322
0.0779165
0.0701002
0.0628552
0.08396
0.0779979
0.0704937
0.0633909
0.0844645
0.0782931
0.0704585
0.0633481
0.0842824
0.078173
0.0703196
0.0631814
0.0841363
0.0778382
0.0701234
0.0630598
0.0839488
0.0777365
0.070115
0.0630573
0.0840747
0.077966
0.0701845
0.0628784
0.0837291
0.0777
0.0699665
0.0628728
0.0839666
0.0777359
0.0698343
0.0625428
0.0834725
0.0770664
0.069334
0.0622946
0.0832154
0.077241
0.0694578
0.0624623
0.0835142
0.0773422
0.0698457
0.0627227
0.0835139
0.0773763
0.0698467
0.0628397
0.0838302
0.0777308
0.0699742
0.0627722
0.0838125
0.0777931
0.0699735
0.0626956
0.0837682
0.0773486
0.0697513
0.0627794
0.0838353
0.077957
0.0701073
0.0628666
0.0839244
0.0775745
0.0697417
0.0626189
0.0837961
0.0778897
0.0702732
0.0629741
0.0839903
0.0778073
0.0700551
0.0628418
0.0838217
0.077738
0.0700712
0.0629674
0.0838228
0.0776471
0.0699381
0.06288
0.0838236
0.0778244
0.0700359
0.0629781
0.0837966
0.0774854
0.0699097
0.0627126
0.0837873
0.0773327
0.0697878
0.062648
0.083682
0.0774114
0.0695979
0.0623395
0.0832409
0.0772349
0.0695209
0.0625592
0.083349
0.0772613
0.0696704
0.06268
0.0836826
0.0779501
0.0701717
0.0629426
0.0838783
0.0778014
0.0700998
0.0630803
0.0841092
0.0778066
0.0699846
0.0627228
0.0837987
0.0778114
0.0700541
0.0629813
0.0840757
0.0780498
0.0703765
0.0632843
0.0843316
0.0781793
0.0703882
0.0631221
0.0840705
0.0780783
0.070075
0.0630839
0.0840227
0.0779681
0.070407
0.0632178
0.0839645
0.0778522
0.0701302
0.0630442
0.0841106
0.0778255
0.0700264
0.0629466
0.0840438
0.0778964
0.0700439
0.0629534
0.0839051
0.0778814
0.0700667
0.0629812
0.0839737
0.0778035
0.0701013
0.0630603
0.0839325
0.0778193
0.0702286
0.0631625
0.0840452
0.0778615
0.0701209
0.0629847
0.0839285
0.0778239
0.0701374
0.0628715
0.0837867
0.077666
0.0698773
0.0627818
0.0837186
0.0774636
0.0695811
0.0623232
0.0835404
0.0775389
0.0698467
0.0627693
0.0837542
0.0774754
0.0699519
0.0629088
0.0839955
0.0779273
0.0700372
0.0626676
0.0838762
0.077611
0.0699648
0.062935
0.083871
0.0776303
0.0699815
0.0628136
0.0838388
0.0777712
0.0699087
0.0628168
0.0837057
0.0775262
0.0698758
0.0626983
0.0837064
0.0775279
0.0697811
0.0627365
0.0837138
0.07734
0.0695975
0.0627187
0.0837945
0.0776445
0.0698957
0.0627804
0.0837897
0.0777824
0.0701798
0.0630334
0.0842411
0.0780005
0.070136
0.0628749
0.0839289
0.0779267
0.0701683
0.0631961
0.0841616
0.0781695
0.0703694
0.0632883
0.0842903
0.0782169
0.0703236
0.0632382
0.0839361
0.0778211
0.0703543
0.0632205
0.0844148
0.0782662
0.0704558
0.0633293
0.0842798
0.0780889
0.0704602
0.0631893
0.0842394
0.0780888
0.0702803
0.0632043
0.0841331
0.0778069
0.0700793
0.0629842
0.0839913
0.0778565
0.0699781
0.062674
0.0836297
0.0776585
0.0700108
0.0629487
0.0839654
0.0779033
0.0703462
0.0630993
0.084056
0.0780654
0.0703782
0.0633725
0.0842545
0.0781845
0.070259
0.0630282
0.0839212
0.0778745
0.0703029
0.063231
0.0841728
0.0779473
0.0701968
0.0630708
0.0839745
0.0779156
0.0703449
0.0631299
0.084094
0.077992
0.0701286
0.0629855
0.0839137
0.0779452
0.0702031
0.0629818
0.0839768
0.0779521
0.0701242
0.0628994
0.083848
0.0776873
0.0700079
0.0627936
0.0837834
0.0775776
0.069747
0.0626895
0.0836415
0.0777244
0.0700022
0.0629892
0.0840571
0.077893
0.0701842
0.0627759
0.0837865
0.0778349
0.0700362
0.0629697
0.0840552
0.0778983
0.0699541
0.0628689
0.0838893
0.0775717
0.0699362
0.0628577
0.0837764
0.078023
0.0703846
0.0633556
0.0842867
0.0781716
0.0704528
0.0634157
0.0843148
0.0781264
0.0699982
0.0628853
0.0840209
0.0780307
0.0701821
0.0631263
0.0840683
0.0779708
0.0700963
0.063025
0.083984
0.0779227
0.0702648
0.0629357
0.0838864
0.0778936
0.0701205
0.0630393
0.083974
0.0779688
0.0702723
0.0631068
0.0841049
0.0780015
0.0701063
0.0630207
0.0839587
0.0779665
0.0701043
0.0629541
0.0839727
0.0778863
0.0701282
0.0629939
0.0839732
0.0776923
0.0698741
0.0627859
0.083854
0.077838
0.0700792
0.0630001
0.0840341
0.077809
0.0701867
0.0629907
0.0840731
0.0780122
0.0704832
0.0634291
0.0843489
0.07818
0.0704028
0.0630711
0.0840726
0.0779463
0.0703801
0.063283
0.0842653
0.0782677
0.0705824
0.0633181
0.0841402
0.0779532
0.0702575
0.0632714
0.0842209
0.0781514
0.0704227
0.0633153
0.0843492
0.0781298
0.0702598
0.0631315
0.0841443
0.0781659
0.0702677
0.0630429
0.0839492
0.0778268
0.070197
0.0630935
0.0838994
0.0779267
0.0701659
0.0630641
0.0839361
0.0779945
0.0702523
0.0631613
0.0842492
0.0779597
0.070269
0.0630998
0.0840822
0.0781039
0.0700995
0.063126
0.0839726
0.0779625
0.0702917
0.0629852
0.0840473
0.0780564
0.0703563
0.063115
0.0840877
0.077853
0.0701277
0.0630946
0.0840624
0.0780175
0.0703226
0.0628434
0.0838543
0.0778022
0.0700254
0.0628916
0.0837226
0.0777711
0.0698988
0.062714
0.0838543
0.0776562
0.0700336
0.0629412
0.0838771
0.077825
0.0701857
0.0630053
0.0839806
0.0778913
0.0701915
0.0631856
0.0842076
0.0779898
0.0703257
0.0631865
0.0839122
0.0780455
0.0703415
0.06322
0.0840774
0.0778175
0.0699105
0.0628429
0.0838642
0.0777006
0.0699163
0.0627545
0.0837991
0.0775899
0.0698538
0.0625825
0.0834173
0.0774466
0.0696307
0.0625405
0.0835829
0.0774314
0.0697534
0.0626913
0.0836778
0.0775031
0.0699808
0.0628583
0.0836991
0.0772983
0.0695798
0.0623164
0.0834236
0.0774381
0.0697853
0.0628322
0.0838611
0.0776772
0.0700074
0.0628433
0.0838808
0.0777204
0.0699339
0.0627188
0.0837957
0.0777512
0.0698229
0.062768
0.0837523
0.0778773
0.07037
0.0634657
0.0844072
0.0781051
0.0704965
0.0633457
0.084319
0.0781213
0.0702991
0.0631267
0.0841636
0.0780983
0.0703088
0.0630454
0.0839661
0.0780076
0.0702482
0.06298
0.0840425
0.0775756
0.0698078
0.0627485
0.0837842
0.0777486
0.0700816
0.0627063
0.0837781
0.0776659
0.0700793
0.0630397
0.0840857
0.0779811
0.0702606
0.0630851
0.0841304
0.0780323
0.0700554
0.0629178
0.0838311
0.0777878
0.0700929
0.0629513
0.0839478
0.0779408
0.0701211
0.062985
0.0838443
0.0777334
0.0700358
0.0628413
0.0837988
0.0776967
0.0700497
0.062995
0.0840136
0.0779346
0.0702443
0.063033
0.0839634
0.0777714
0.0699615
0.0627498
0.0837812
0.077571
0.0699724
0.0627688
0.0836598
0.0776448
0.0700199
0.0629971
0.0838887
0.0778971
0.0701851
0.0630343
0.08418
0.0781573
0.0704145
0.0633427
0.0844459
0.078421
0.0706259
0.0634453
0.0843699
0.0780403
0.0701665
0.0631713
0.0841843
0.0778379
0.0700314
0.0626164
0.0835603
0.0776046
0.0699055
0.0627232
0.0835388
0.0774642
0.0698518
0.0627751
0.0838187
0.0777645
0.070082
0.0630103
0.0838604
0.077896
0.0703879
0.0632766
0.084126
0.0781608
0.070424
0.0633037
0.0843552
0.0781048
0.0703106
0.0631043
0.0840292
0.0780106
0.0701076
0.0629148
0.0837863
0.0779458
0.0700539
0.062793
0.0837856
0.0779675
0.0700971
0.0631652
0.0839899
0.0775742
0.0699321
0.0629167
0.0838842
0.077965
0.0703946
0.0632361
0.084156
0.0781415
0.0703975
0.0634266
0.0842156
0.0784009
0.070421
0.0632821
0.0841172
0.0781608
0.070338
0.0630207
0.0840698
0.0780011
0.0703205
0.0632443
0.0842428
0.0781677
0.0700974
0.0628586
0.0839289
0.0778275
0.070019
0.0629414
0.0838507
0.0776613
0.0699147
0.0626477
0.0837231
0.0775145
0.0699337
0.062784
0.0837437
0.0776219
0.0699235
0.0629132
0.0840077
0.0780701
0.0703941
0.0632132
0.084049
0.0780432
0.0703066
0.0631033
0.084081
0.0780618
0.0702741
0.0631814
0.084158
0.0780561
0.0704503
0.0633846
0.0843001
0.0782193
0.07037
0.063127
0.0841969
0.0779993
0.0704679
0.0633582
0.0842711
0.0777344
0.0700456
0.0628959
0.0838898
0.0777032
0.069799
0.0627025
0.0836979
0.077607
0.0700437
0.0628128
0.0838703
0.0777762
0.0699388
0.0627693
0.0837207
0.0777953
0.0702397
0.0632157
0.0842348
0.0780314
0.0700308
0.0630065
0.0839721
0.0779134
0.070214
0.0631518
0.0841093
0.0780318
0.0702832
0.06311
0.0839919
0.0781281
0.0704316
0.0632635
0.0841489
0.077959
0.0701826
0.0629662
0.0837478
0.0776762
0.0699489
0.0628402
0.0837729
0.0777432
0.0699178
0.0627861
0.0838827
0.0776246
0.0699881
0.0627604
0.0838308
0.0778361
0.0702382
0.0630938
0.0839717
0.0781743
0.0704027
0.0632409
0.0841387
0.0780831
0.0704805
0.0634009
0.084243
0.0780647
0.0705274
0.0632493
0.0841758
0.0777388
0.07026
0.0631272
0.0841723
0.0778654
0.0700425
0.0630163
0.0840575
0.0780453
0.0702734
0.0631287
0.0839606
0.0777195
0.0701343
0.0630473
0.0840185
0.0780048
0.0702968
0.0630962
0.0841155
0.0778488
0.0699967
0.0630199
0.084009
0.077947
0.0703628
0.0632078
0.0842075
0.0780854
0.0703839
0.063207
0.0840928
0.0778083
0.0702296
0.0630587
0.0839341
0.0777508
0.0699952
0.0628524
0.0838037
0.0775539
0.0697476
0.0625056
0.0836541
0.0773489
0.0697748
0.0626526
0.0837065
0.0777208
0.0698542
0.0626761
0.0836585
0.0776823
0.0698673
0.0628086
0.0836981
0.0778549
0.0701641
0.0631118
0.0840422
0.0780112
0.0702897
0.0631024
0.0840909
0.0778438
0.0701109
0.0630008
0.083927
0.0778028
0.0700215
0.0630391
0.0840997
0.0781381
0.0702964
0.0632139
0.084122
0.078068
0.0703074
0.0629336
0.0839182
0.0777206
0.070106
0.062891
0.0837701
0.0776972
0.070049
0.0631123
0.084146
0.0779753
0.0701714
0.0630513
0.084143
0.0781253
0.0705447
0.0633052
0.0842341
0.0782446
0.070529
0.0634234
0.0844725
0.0783953
0.0707052
0.0633633
0.084152
0.0781992
0.0704427
0.0632194
0.0840134
0.0778858
0.0702666
0.0632014
0.0840379
0.0781277
0.0705155
0.063396
0.0844276
0.0781497
0.0705194
0.0632731
0.0842573
0.0781123
0.0702323
0.063144
0.0840275
0.077784
0.0699251
0.0629696
0.0840621
0.0780156
0.0702158
0.0631312
0.0840715
0.0780794
0.0701229
0.062794
0.0837687
0.0778106
0.0701901
0.062966
0.0840429
0.0779252
0.0699578
0.0628005
0.0837604
0.0777076
0.0699446
0.0629313
0.0839968
0.0779884
0.0701734
0.0627962
0.0839273
0.0779399
0.0701281
0.0627918
0.0836942
0.0776963
0.069842
0.0625335
0.0836209
0.0777294
0.0700262
0.0628575
0.0838961
0.0777823
0.0699821
0.0628396
0.0839358
0.0779662
0.0702802
0.0630981
0.0842094
0.0781003
0.070462
0.0632329
0.0841897
0.0779118
0.0700411
0.0628805
0.0839619
0.077966
0.0703509
0.0632616
0.0841643
0.0782915
0.070441
0.063137
0.0841028
0.0779722
0.0701695
0.062957
0.0839385
0.077795
0.0701967
0.0630991
0.0840763
0.0780141
0.0703256
0.0632045
0.0840082
0.0778794
0.0700769
0.0629704
0.0840585
0.0779488
0.0703356
0.0631711
0.0841148
0.0780319
0.0702197
0.0631757
0.0839087
0.0777605
0.0701203
0.0631656
0.0841449
0.0779198
0.0701505
0.0630736
0.0839645
0.0779891
0.0699325
0.0628772
0.0839388
0.077861
0.0703383
0.0631732
0.0842076
0.0778451
0.0702708
0.0629866
0.0839021
0.0778893
0.0702033
0.0630584
0.0839962
0.0780398
0.0703168
0.0630876
0.0841595
0.0779312
0.0701686
0.0630242
0.0838489
0.0774603
0.0698452
0.0627081
0.0836705
0.0777162
0.0701254
0.0630185
0.0839768
0.0778936
0.0700439
0.0629705
0.0837956
0.077501
0.0698117
0.0628899
0.0837602
0.0775781
0.0696397
0.0624563
0.0833545
0.0773017
0.069666
0.0626932
0.0835365
0.0773949
0.0697009
0.0625325
0.0836237
0.0776319
0.0699257
0.0629549
0.0838995
0.0779718
0.0703871
0.0631878
0.0841619
0.0780669
0.0703548
0.0631618
0.0839801
0.0778443
0.0701586
0.0629561
0.0840755
0.0780186
0.0704284
0.0632096
0.0840783
0.078001
0.0701581
0.0630913
0.0839501
0.0778945
0.0702706
0.0630539
0.0840866
0.0780597
0.0703156
0.063125
0.0841834
0.0780493
0.0705017
0.0632592
0.0840765
0.077763
0.0701128
0.0627811
0.0836672
0.0776853
0.0702435
0.0630897
0.0841652
0.0780343
0.0701822
0.0628047
0.0838349
0.0777868
0.0700319
0.0628326
0.0836493
0.0777041
0.0698808
0.0629822
0.0840727
0.077963
0.0701627
0.062966
0.0839959
0.0780275
0.0702325
0.0632046
0.0841024
0.0780433
0.0703462
0.0632245
0.084201
0.0781623
0.0705209
0.0633207
0.0843185
0.0782708
0.0702761
0.0632871
0.0841634
0.0778312
0.0702454
0.0631055
0.0841045
0.0778394
0.0701714
0.0629717
0.0840712
0.0779891
0.0700874
0.0629918
0.0839628
0.0778019
0.0697995
0.0629071
0.0839465
0.0778298
0.069768
0.0627621
0.0837773
0.07789
0.070257
0.0631106
0.0840541
0.0780699
0.0703353
0.0630976
0.0841142
0.0780055
0.0702866
0.0630683
0.0839369
0.0778961
0.0701605
0.0630004
0.0839559
0.0779238
0.0701796
0.0630676
0.0840613
0.078021
0.0703458
0.0629686
0.0839207
